var hq_str_sh603259="药明康德,81.600,81.410,81.600,81.600,81.600,81.500,81.600,5100,416160.000,200,81.500,100,81.200,200,81.170,300,81.110,2000,81.100,4600,81.600,100,81.670,100,81.800,100,81.870,400,81.880,2018-11-23,09:29:20,00";
var hq_str_sh603259="药明康德,81.600,81.410,81.190,81.600,81.190,81.170,81.190,22700,1848055.000,200,81.170,100,81.150,200,81.120,2200,81.110,5400,81.100,600,81.190,200,81.290,100,81.300,1600,81.340,500,81.360,2018-11-23,09:30:59,00";
var hq_str_sh603259="药明康德,81.600,81.410,81.190,81.600,81.150,81.190,81.200,37100,3017108.000,700,81.190,200,81.180,400,81.160,100,81.150,700,81.130,200,81.200,500,81.210,1000,81.220,5600,81.290,1000,81.340,2018-11-23,09:31:59,00";
var hq_str_sh603259="药明康德,81.600,81.410,81.190,81.600,81.150,81.180,81.190,79400,6451608.000,4500,81.180,500,81.160,1400,81.150,1000,81.130,700,81.120,6800,81.190,1500,81.200,1500,81.220,300,81.290,1000,81.340,2018-11-23,09:32:59,00";
var hq_str_sh603259="药明康德,81.600,81.410,80.810,81.600,80.810,80.820,80.880,109500,8891933.000,300,80.820,1300,80.800,6100,80.780,6100,80.770,300,80.700,10300,80.880,600,80.890,6300,80.900,100,80.910,200,80.970,2018-11-23,09:33:59,00";
var hq_str_sh603259="药明康德,81.600,81.410,80.700,81.600,80.690,80.700,80.740,153300,12430264.000,100,80.700,200,80.690,400,80.680,700,80.640,100,80.630,300,80.740,100,80.790,400,80.800,100,80.810,3900,80.820,2018-11-23,09:34:59,00";
var hq_str_sh603259="药明康德,81.600,81.410,80.810,81.600,80.690,80.770,80.800,173400,14053746.000,500,80.770,600,80.760,9600,80.750,300,80.740,1900,80.730,8424,80.800,300,80.980,1942,81.000,14300,81.050,100,81.080,2018-11-23,09:35:59,00";
var hq_str_sh603259="药明康德,81.600,81.410,80.800,81.600,80.690,80.780,80.800,191800,15540151.000,100,80.780,300,80.770,2900,80.760,5100,80.750,100,80.740,6324,80.800,300,80.980,18642,81.000,14300,81.050,100,81.080,2018-11-23,09:36:59,00";
var hq_str_sh603259="药明康德,81.600,81.410,80.780,81.600,80.690,80.780,80.790,220700,17874812.000,100,80.780,200,80.770,5100,80.750,800,80.740,2000,80.730,14700,80.790,324,80.800,400,80.810,1000,80.970,2700,80.980,2018-11-23,09:38:00,00";
var hq_str_sh603259="药明康德,81.600,81.410,80.670,81.600,80.670,80.670,80.690,252200,20418018.000,100,80.670,1200,80.660,700,80.650,700,80.640,200,80.630,1500,80.690,10900,80.700,3000,80.710,4700,80.720,100,80.740,2018-11-23,09:38:59,00";
var hq_str_sh603259="药明康德,81.600,81.410,80.200,81.600,80.200,80.200,80.250,290400,23491567.000,3700,80.200,700,80.180,400,80.130,400,80.110,2700,80.100,1200,80.250,4900,80.280,1000,80.300,1000,80.310,1600,80.330,2018-11-23,09:39:59,00";
var hq_str_sh603259="药明康德,81.600,81.410,80.200,81.600,80.160,80.190,80.200,335800,27132855.000,300,80.190,1300,80.180,500,80.160,100,80.150,100,80.140,600,80.200,1100,80.220,1000,80.250,1600,80.300,100,80.310,2018-11-23,09:40:59,00";
var hq_str_sh603259="药明康德,81.600,81.410,80.480,81.600,80.160,80.480,80.500,360300,29100985.000,400,80.480,2600,80.470,100,80.450,200,80.430,100,80.420,1051,80.500,600,80.600,100,80.610,100,80.660,100,80.670,2018-11-23,09:42:00,00";
var hq_str_sh603259="药明康德,81.600,81.410,80.500,81.600,80.160,80.500,80.530,373851,30192194.000,1649,80.500,500,80.490,1000,80.480,1200,80.470,400,80.420,300,80.530,1000,80.540,15700,80.560,16900,80.570,100,80.580,2018-11-23,09:42:59,00";
var hq_str_sh603259="药明康德,81.600,81.410,80.550,81.600,80.160,80.530,80.550,382351,30876719.000,2100,80.530,1100,80.520,1200,80.510,3249,80.500,500,80.490,7500,80.550,15000,80.560,17300,80.570,300,80.580,8616,80.600,2018-11-23,09:43:59,00";
var hq_str_sh603259="药明康德,81.600,81.410,80.500,81.600,80.160,80.480,80.490,399800,32281494.000,700,80.480,1300,80.470,300,80.420,1100,80.410,4200,80.400,1000,80.490,2600,80.500,1000,80.520,4451,80.530,400,80.550,2018-11-23,09:44:59,00";
var hq_str_sh603259="药明康德,81.600,81.410,80.400,81.600,80.160,80.400,80.430,411500,33222489.000,1000,80.400,400,80.390,300,80.380,100,80.360,200,80.350,1100,80.430,5000,80.440,100,80.460,600,80.470,4100,80.490,2018-11-23,09:45:59,00";
var hq_str_sh603259="药明康德,81.600,81.410,80.300,81.600,80.160,80.310,80.340,420300,33929454.000,100,80.310,5200,80.300,1000,80.290,1300,80.280,1000,80.270,5700,80.340,4500,80.350,300,80.370,200,80.380,22800,80.400,2018-11-23,09:46:59,00";
var hq_str_sh603259="药明康德,81.600,81.410,80.280,81.600,80.160,80.280,80.290,440900,35583662.000,800,80.280,1000,80.270,300,80.260,100,80.250,200,80.240,7100,80.290,800,80.300,5200,80.310,20000,80.320,300,80.360,2018-11-23,09:48:00,00";
var hq_str_sh603259="药明康德,81.600,81.410,80.250,81.600,80.160,80.230,80.250,457500,36916107.000,1100,80.230,1000,80.220,1000,80.210,12200,80.200,1100,80.190,300,80.250,1300,80.260,17700,80.270,100,80.280,400,80.290,2018-11-23,09:48:59,00";
var hq_str_sh603259="药明康德,81.600,81.410,80.210,81.600,80.160,80.200,80.210,479600,38689002.000,13100,80.200,1100,80.190,2700,80.180,500,80.170,2500,80.160,1600,80.210,13100,80.220,100,80.230,1700,80.250,200,80.260,2018-11-23,09:49:57,00";
var hq_str_sh603259="药明康德,81.600,81.410,80.170,81.600,80.160,80.160,80.170,503800,40629685.000,800,80.160,1900,80.150,200,80.140,1100,80.130,1000,80.120,7100,80.170,4050,80.180,400,80.190,8100,80.200,300,80.210,2018-11-23,09:51:00,00";
var hq_str_sh603259="药明康德,81.600,81.410,80.110,81.600,80.090,80.090,80.100,527300,42512579.000,200,80.090,4200,80.080,600,80.070,800,80.060,2900,80.050,3000,80.100,1500,80.110,8100,80.120,1300,80.130,1200,80.150,2018-11-23,09:51:59,00";
var hq_str_sh603259="药明康德,81.600,81.410,80.050,81.600,80.020,80.020,80.050,569600,45899579.000,4100,80.020,8000,80.010,50800,80.000,600,79.990,1000,79.980,8600,80.050,900,80.070,300,80.080,18250,80.090,2000,80.100,2018-11-23,09:52:59,00";
var hq_str_sh603259="药明康德,81.600,81.410,80.010,81.600,79.960,80.010,80.070,689125,55463465.000,1300,80.010,3200,80.000,1000,79.990,300,79.980,1700,79.970,15143,80.070,2000,80.100,400,80.110,300,80.120,400,80.130,2018-11-23,09:54:00,00";
var hq_str_sh603259="药明康德,81.600,81.410,80.120,81.600,79.960,80.130,80.150,705625,56784868.000,100,80.130,1100,80.120,1300,80.110,1600,80.100,100,80.090,1000,80.150,400,80.160,3400,80.170,400,80.180,7000,80.200,2018-11-23,09:54:59,00";
var hq_str_sh603259="药明康德,81.600,81.410,80.200,81.600,79.960,80.190,80.200,719425,57891120.000,100,80.190,200,80.180,1100,80.170,700,80.160,1800,80.150,5900,80.200,200,80.220,100,80.230,100,80.250,500,80.270,2018-11-23,09:55:59,00";
var hq_str_sh603259="药明康德,81.600,81.410,80.200,81.600,79.960,80.180,80.200,729525,58700888.000,4200,80.180,1800,80.170,300,80.160,2800,80.150,300,80.130,6500,80.200,200,80.220,100,80.230,100,80.250,500,80.270,2018-11-23,09:56:59,00";
var hq_str_sh603259="药明康德,81.600,81.410,80.180,81.600,79.960,80.200,80.250,743825,59847636.000,400,80.200,1200,80.180,600,80.170,1000,80.160,2300,80.150,300,80.250,500,80.270,100,80.280,200,80.290,100,80.300,2018-11-23,09:57:59,00";
var hq_str_sh603259="药明康德,81.600,81.410,80.250,81.600,79.960,80.170,80.200,757125,60914616.000,600,80.170,900,80.160,3100,80.150,200,80.130,400,80.120,2000,80.200,600,80.230,200,80.260,200,80.270,100,80.280,2018-11-23,09:58:59,00";
var hq_str_sh603259="药明康德,81.600,81.410,80.050,81.600,79.960,80.030,80.050,772025,62108451.000,3700,80.030,1100,80.020,1100,80.010,22100,80.000,1700,79.990,1700,80.050,700,80.080,6300,80.090,4000,80.100,600,80.110,2018-11-23,10:00:00,00";
var hq_str_sh603259="药明康德,81.600,81.410,79.990,81.600,79.960,79.980,79.990,816725,65684726.000,3500,79.980,7675,79.960,5300,79.950,2100,79.930,400,79.920,3393,79.990,8350,80.000,7300,80.020,3700,80.030,600,80.050,2018-11-23,10:01:00,00";
var hq_str_sh603259="药明康德,81.600,81.410,80.000,81.600,79.960,80.000,80.030,852725,68564339.000,4400,80.000,1800,79.990,800,79.980,1000,79.970,5475,79.960,3643,80.030,600,80.050,600,80.080,1900,80.200,400,80.260,2018-11-23,10:01:56,00";
var hq_str_sh603259="药明康德,81.600,81.410,80.080,81.600,79.960,80.080,80.200,869468,69904764.000,800,80.080,3500,80.070,300,80.060,800,80.050,400,80.040,1500,80.200,300,80.210,400,80.260,200,80.290,200,80.300,2018-11-23,10:02:59,00";
var hq_str_sh603259="药明康德,81.600,81.410,80.260,81.600,79.960,80.240,80.260,875468,70386062.000,100,80.240,800,80.230,300,80.210,1200,80.200,100,80.110,400,80.260,200,80.290,1800,80.300,800,80.310,100,80.320,2018-11-23,10:03:56,00";
var hq_str_sh603259="药明康德,81.600,81.410,80.200,81.600,79.960,80.110,80.200,889568,71517481.000,100,80.110,100,80.100,300,80.090,5000,80.080,2800,80.070,600,80.200,800,80.260,1000,80.270,3400,80.280,500,80.290,2018-11-23,10:04:59,00";
var hq_str_sh603259="药明康德,81.600,81.410,80.200,81.600,79.960,80.200,80.250,897568,72158993.000,400,80.200,200,80.160,700,80.130,900,80.120,7400,80.100,100,80.250,2500,80.270,200,80.280,500,80.290,5700,80.300,2018-11-23,10:05:56,00";
var hq_str_sh603259="药明康德,81.600,81.410,80.240,81.600,79.960,80.240,80.250,903368,72624261.000,200,80.240,200,80.220,2200,80.200,100,80.180,200,80.160,2600,80.250,1000,80.260,300,80.280,600,80.290,5700,80.300,2018-11-23,10:06:59,00";
var hq_str_sh603259="药明康德,81.600,81.410,80.170,81.600,79.960,80.160,80.170,908768,73057403.000,200,80.160,500,80.150,700,80.130,800,80.120,100,80.110,700,80.170,100,80.180,1000,80.190,3700,80.200,700,80.220,2018-11-23,10:07:59,00";
var hq_str_sh603259="药明康德,81.600,81.410,80.080,81.600,79.960,80.000,80.050,946468,76075126.000,4800,80.000,4500,79.990,1900,79.980,600,79.970,17275,79.960,900,80.050,3500,80.100,400,80.120,300,80.140,2500,80.150,2018-11-23,10:09:03,00";
var hq_str_sh603259="药明康德,81.600,81.410,79.960,81.600,79.960,79.950,79.960,987543,79360165.000,5500,79.950,100,79.940,400,79.930,1800,79.920,800,79.910,125,79.960,200,79.970,1900,79.980,1400,79.990,5000,80.000,2018-11-23,10:09:59,00";
var hq_str_sh603259="药明康德,81.600,81.410,79.920,81.600,79.920,79.920,79.930,1007343,80943257.000,400,79.920,1300,79.910,18600,79.900,300,79.890,2500,79.880,200,79.930,4425,79.940,1100,79.950,900,79.960,6400,79.970,2018-11-23,10:10:56,00";
var hq_str_sh603259="药明康德,81.600,81.410,79.850,81.600,79.800,79.820,79.850,1054343,84697808.000,200,79.820,2200,79.810,28800,79.800,2800,79.790,1500,79.780,100,79.850,17489,79.880,931,79.900,1200,79.910,200,79.930,2018-11-23,10:11:59,00";
var hq_str_sh603259="药明康德,81.600,81.410,79.830,81.600,79.800,79.830,79.840,1092543,87747162.000,1300,79.830,900,79.820,5800,79.810,29900,79.800,3400,79.790,16300,79.840,6300,79.850,3100,79.870,16989,79.880,931,79.900,2018-11-23,10:13:06,00";
var hq_str_sh603259="药明康德,81.600,81.410,79.850,81.600,79.800,79.840,79.850,1132443,90932568.000,2100,79.840,400,79.830,10900,79.820,6000,79.810,33100,79.800,5700,79.850,3100,79.870,16989,79.880,931,79.900,1200,79.910,2018-11-23,10:13:59,00";
var hq_str_sh603259="药明康德,81.600,81.410,79.880,81.600,79.800,79.870,79.880,1150767,92395918.000,600,79.870,100,79.860,1500,79.850,3876,79.840,3100,79.830,13589,79.880,931,79.900,200,79.930,100,79.960,100,79.970,2018-11-23,10:14:56,00";
var hq_str_sh603259="药明康德,81.600,81.410,79.960,81.600,79.800,79.920,79.960,1168087,93779550.000,500,79.920,1269,79.900,4000,79.880,11711,79.870,300,79.860,200,79.960,3900,79.970,100,79.980,100,79.990,7000,80.000,2018-11-23,10:15:59,00";
var hq_str_sh603259="药明康德,81.600,81.410,79.900,81.600,79.800,79.900,79.960,1180387,94762654.000,1669,79.900,1000,79.890,4100,79.880,1611,79.870,100,79.860,1400,79.960,900,79.990,7000,80.000,100,80.020,100,80.050,2018-11-23,10:16:59,00";
var hq_str_sh603259="药明康德,81.600,81.410,79.930,81.600,79.800,79.930,79.960,1192087,95697505.000,100,79.930,200,79.920,300,79.910,800,79.900,1669,79.890,1400,79.960,1100,79.990,7000,80.000,100,80.020,100,80.050,2018-11-23,10:17:59,00";
var hq_str_sh603259="药明康德,81.600,81.410,79.940,81.600,79.800,79.930,79.940,1221587,98055426.000,100,79.930,1000,79.920,200,79.910,1200,79.900,1369,79.890,600,79.940,100,79.980,1100,79.990,8000,80.000,100,80.020,2018-11-23,10:18:59,00";
var hq_str_sh603259="药明康德,81.600,81.410,79.910,81.600,79.800,79.880,79.910,1231156,98820084.000,4400,79.880,1000,79.870,100,79.860,1100,79.850,1476,79.840,4031,79.910,300,79.920,2500,79.930,400,79.940,100,79.980,2018-11-23,10:19:59,00";
var hq_str_sh603259="药明康德,81.600,81.410,79.810,81.600,79.800,79.810,79.820,1251632,100455350.000,3600,79.810,34700,79.800,6200,79.790,2600,79.780,100,79.770,1800,79.820,7924,79.830,2200,79.850,300,79.860,900,79.870,2018-11-23,10:20:59,00";
var hq_str_sh603259="药明康德,81.600,81.410,79.810,81.600,79.800,79.800,79.810,1275432,102354799.000,31200,79.800,4600,79.790,2600,79.780,1000,79.760,2300,79.750,1400,79.810,3100,79.820,3524,79.830,2200,79.850,300,79.860,2018-11-23,10:22:00,00";
var hq_str_sh603259="药明康德,81.600,81.410,79.830,81.600,79.800,79.820,79.830,1294732,103895152.000,700,79.820,8000,79.810,25000,79.800,5300,79.790,2800,79.780,824,79.830,2200,79.850,300,79.860,100,79.900,200,79.940,2018-11-23,10:23:00,00";
var hq_str_sh603259="药明康德,81.600,81.410,79.860,81.600,79.800,79.940,79.990,1309656,105087149.000,300,79.940,700,79.870,21300,79.860,2300,79.850,300,79.840,4200,79.990,5000,80.000,100,80.020,200,80.120,200,80.150,2018-11-23,10:23:59,00";
var hq_str_sh603259="药明康德,81.600,81.410,80.180,81.600,79.800,80.180,80.200,1322156,106087528.000,700,80.180,500,80.120,100,80.080,200,80.030,100,80.010,600,80.200,300,80.210,8100,80.220,100,80.230,200,80.240,2018-11-23,10:24:56,00";
var hq_str_sh603259="药明康德,81.600,81.410,80.200,81.600,79.800,80.150,80.200,1340256,107539182.000,500,80.150,500,80.120,1100,80.080,200,80.030,700,80.010,900,80.200,2300,80.210,2100,80.220,200,80.230,100,80.240,2018-11-23,10:26:00,00";
var hq_str_sh603259="药明康德,81.600,81.410,80.180,81.600,79.800,80.150,80.180,1343556,107803743.000,5600,80.150,400,80.120,100,80.090,1100,80.080,200,80.030,1700,80.180,400,80.190,2100,80.200,2200,80.210,200,80.220,2018-11-23,10:26:56,00";
var hq_str_sh603259="药明康德,81.600,81.410,80.140,81.600,79.800,80.120,80.140,1353456,108597323.000,100,80.120,100,80.090,1300,80.080,200,80.030,1300,80.010,700,80.140,3700,80.150,100,80.160,300,80.190,3800,80.200,2018-11-23,10:27:56,00";
var hq_str_sh603259="药明康德,81.600,81.410,80.150,81.600,79.800,80.150,80.160,1365456,109558944.000,1300,80.150,200,80.140,100,80.130,3500,80.120,100,80.090,100,80.160,900,80.190,3700,80.200,2100,80.210,200,80.220,2018-11-23,10:28:59,00";
var hq_str_sh603259="药明康德,81.600,81.410,80.140,81.600,79.800,80.130,80.140,1368256,109783354.000,400,80.130,2700,80.120,100,80.110,200,80.090,1300,80.080,300,80.140,3300,80.150,800,80.190,1700,80.200,2100,80.210,2018-11-23,10:29:59,00";
var hq_str_sh603259="药明康德,81.600,81.410,80.120,81.600,79.800,80.120,80.130,1374856,110312152.000,100,80.120,300,80.090,1300,80.080,100,80.060,100,80.040,5000,80.130,5600,80.140,2700,80.150,800,80.190,600,80.200,2018-11-23,10:30:59,00";
var hq_str_sh603259="药明康德,81.600,81.410,80.100,81.600,79.800,80.100,80.110,1378156,110576507.000,500,80.100,200,80.090,1800,80.080,100,80.060,100,80.040,4500,80.110,500,80.120,700,80.130,5300,80.140,2700,80.150,2018-11-23,10:31:57,00";
var hq_str_sh603259="药明康德,81.600,81.410,80.140,81.600,79.800,80.100,80.140,1393056,111770179.000,3400,80.100,500,80.090,1300,80.080,100,80.060,100,80.040,1300,80.140,2700,80.150,100,80.160,900,80.190,600,80.200,2018-11-23,10:32:59,00";
var hq_str_sh603259="药明康德,81.600,81.410,80.170,81.600,79.800,80.160,80.190,1410687,113183182.000,600,80.160,200,80.150,300,80.140,100,80.120,800,80.110,900,80.190,600,80.200,600,80.210,200,80.220,200,80.230,2018-11-23,10:33:59,00";
var hq_str_sh603259="药明康德,81.600,81.410,80.280,81.600,79.800,80.260,80.280,1414587,113495977.000,300,80.260,300,80.250,300,80.230,800,80.220,600,80.210,100,80.280,200,80.300,200,80.310,100,80.320,200,80.330,2018-11-23,10:34:56,00";
var hq_str_sh603259="药明康德,81.600,81.410,80.400,81.600,79.800,80.380,80.400,1425787,114395069.000,100,80.380,300,80.370,500,80.200,1000,80.130,200,80.110,800,80.400,500,80.420,1100,80.430,500,80.440,1100,80.450,2018-11-23,10:35:57,00";
var hq_str_sh603259="药明康德,81.600,81.410,80.320,81.600,79.800,80.230,80.320,1430987,114812965.000,500,80.230,300,80.210,5700,80.200,100,80.180,100,80.150,300,80.320,5900,80.330,300,80.360,1200,80.370,100,80.390,2018-11-23,10:36:59,00";
var hq_str_sh603259="药明康德,81.600,81.410,80.200,81.600,79.800,80.200,80.210,1440987,115615031.000,200,80.200,100,80.180,100,80.150,200,80.140,1500,80.130,100,80.210,4200,80.290,2300,80.300,700,80.320,100,80.330,2018-11-23,10:37:59,00";
var hq_str_sh603259="药明康德,81.600,81.410,80.210,81.600,79.800,80.200,80.210,1444187,115871694.000,100,80.200,2400,80.180,200,80.150,100,80.140,1500,80.130,1700,80.210,100,80.230,400,80.240,200,80.250,600,80.280,2018-11-23,10:38:57,00";
var hq_str_sh603259="药明康德,81.600,81.410,80.140,81.600,79.800,80.140,80.150,1450287,116360793.000,100,80.140,1500,80.130,2000,80.120,1900,80.110,3269,80.100,5100,80.150,900,80.160,5200,80.180,2300,80.200,500,80.240,2018-11-23,10:39:56,00";
var hq_str_sh603259="药明康德,81.600,81.410,80.120,81.600,79.800,80.120,80.130,1452987,116577151.000,2000,80.120,1600,80.110,3269,80.100,1300,80.080,200,80.060,7300,80.130,1300,80.140,5100,80.150,5200,80.180,200,80.190,2018-11-23,10:40:59,00";
var hq_str_sh603259="药明康德,81.600,81.410,80.080,81.600,79.800,80.060,80.080,1462656,117351692.000,200,80.060,500,80.040,200,80.030,500,80.020,1000,80.010,1800,80.080,231,80.100,3000,80.110,1200,80.120,100,80.150,2018-11-23,10:41:59,00";
var hq_str_sh603259="药明康德,81.600,81.410,80.020,81.600,79.800,80.010,80.020,1464956,117535789.000,1700,80.010,10500,80.000,100,79.990,800,79.980,300,79.970,400,80.020,5000,80.030,3900,80.040,11100,80.060,100,80.080,2018-11-23,10:42:59,00";
var hq_str_sh603259="药明康德,81.600,81.410,80.000,81.600,79.800,79.990,80.000,1480956,118815847.000,100,79.990,900,79.980,400,79.970,1100,79.950,100,79.910,900,80.000,4100,80.010,200,80.020,100,80.030,900,80.040,2018-11-23,10:44:00,00";
var hq_str_sh603259="药明康德,81.600,81.410,79.990,81.600,79.800,79.980,79.990,1486356,119247786.000,4500,79.980,400,79.970,1100,79.950,200,79.910,6300,79.900,3400,79.990,1500,80.000,100,80.010,200,80.020,100,80.080,2018-11-23,10:44:57,00";
var hq_str_sh603259="药明康德,81.600,81.410,79.970,81.600,79.800,79.960,79.970,1501456,120455537.000,1800,79.960,1600,79.950,800,79.910,7300,79.900,900,79.880,2300,79.970,7200,79.980,1500,80.000,100,80.010,100,80.080,2018-11-23,10:46:00,00";
var hq_str_sh603259="药明康德,81.600,81.410,79.980,81.600,79.800,79.970,79.980,1507656,120951352.000,700,79.970,700,79.960,1700,79.950,1600,79.910,7100,79.900,6000,79.980,2000,80.000,100,80.010,100,80.080,231,80.100,2018-11-23,10:46:59,00";
var hq_str_sh603259="药明康德,81.600,81.410,79.980,81.600,79.800,79.990,80.190,1522587,122145610.000,4500,79.990,2100,79.980,200,79.970,1500,79.950,1900,79.910,200,80.190,500,80.200,300,80.220,400,80.240,200,80.250,2018-11-23,10:47:57,00";
var hq_str_sh603259="药明康德,81.600,81.410,80.080,81.600,79.800,80.100,80.190,1523587,122225721.000,100,80.100,100,80.070,100,80.050,200,80.010,1300,80.000,4300,80.190,500,80.200,500,80.220,400,80.240,200,80.250,2018-11-23,10:48:51,00";
var hq_str_sh603259="药明康德,81.600,81.410,79.960,81.600,79.800,79.960,80.000,1546787,124081433.000,9500,79.960,2000,79.950,1800,79.910,7000,79.900,2100,79.880,2500,80.000,300,80.070,4800,80.080,600,80.130,100,80.180,2018-11-23,10:49:57,00";
var hq_str_sh603259="药明康德,81.600,81.410,79.980,81.600,79.800,79.960,79.980,1556787,124881215.000,12400,79.960,2000,79.950,1400,79.910,7200,79.900,2300,79.880,100,79.980,4000,79.990,2100,80.000,200,80.070,1000,80.080,2018-11-23,10:51:00,00";
var hq_str_sh603259="药明康德,81.600,81.410,79.980,81.600,79.800,79.970,79.980,1565087,125545028.000,2500,79.970,11700,79.960,2000,79.950,800,79.910,11200,79.900,4700,79.980,700,79.990,2100,80.000,100,80.070,1000,80.080,2018-11-23,10:52:00,00";
var hq_str_sh603259="药明康德,81.600,81.410,79.990,81.600,79.800,79.990,80.050,1573987,126256909.000,2100,79.990,6200,79.980,3600,79.970,11800,79.960,2000,79.950,100,80.050,100,80.070,1000,80.080,600,80.130,100,80.180,2018-11-23,10:53:00,00";
var hq_str_sh603259="药明康德,81.600,81.410,80.130,81.600,79.800,80.130,80.180,1576787,126481163.000,100,80.130,1300,80.080,1100,80.070,500,80.050,200,80.020,100,80.180,300,80.190,600,80.200,400,80.220,200,80.250,2018-11-23,10:53:57,00";
var hq_str_sh603259="药明康德,81.600,81.410,80.180,81.600,79.800,80.180,80.190,1579987,126737714.000,100,80.180,500,80.160,100,80.130,700,80.110,200,80.100,2500,80.190,700,80.200,400,80.220,200,80.250,200,80.310,2018-11-23,10:55:00,00";
var hq_str_sh603259="药明康德,81.600,81.410,80.100,81.600,79.800,80.090,80.100,1590687,127595010.000,100,80.090,900,80.080,100,80.070,500,80.050,200,80.020,500,80.100,100,80.160,700,80.200,500,80.220,200,80.250,2018-11-23,10:55:57,00";
var hq_str_sh603259="药明康德,81.600,81.410,80.190,81.600,79.800,80.120,80.190,1592087,127707151.000,300,80.120,1200,80.110,100,80.090,700,80.080,100,80.070,400,80.190,5800,80.200,400,80.220,200,80.250,100,80.310,2018-11-23,10:57:00,00";
var hq_str_sh603259="药明康德,81.600,81.410,80.080,81.600,79.800,80.070,80.080,1600487,128380250.000,600,80.070,1100,80.050,1300,80.020,500,80.010,2300,80.000,1600,80.080,4100,80.090,5100,80.100,100,80.180,100,80.190,2018-11-23,10:57:57,00";
var hq_str_sh603259="药明康德,81.600,81.410,80.200,81.600,79.800,80.150,80.200,1630387,130776513.000,100,80.150,100,80.080,100,80.070,500,80.060,1500,80.050,4599,80.200,400,80.220,200,80.250,100,80.310,300,80.320,2018-11-23,10:59:00,00";
var hq_str_sh603259="药明康德,81.600,81.410,80.180,81.600,79.800,80.120,80.180,1632687,130960945.000,200,80.120,300,80.080,100,80.070,500,80.060,2500,80.050,800,80.180,300,80.190,9799,80.200,400,80.220,200,80.250,2018-11-23,11:00:00,00";
var hq_str_sh603259="药明康德,81.600,81.410,80.120,81.600,79.800,80.120,80.170,1634187,131081132.000,400,80.120,200,80.110,100,80.080,100,80.070,500,80.060,4700,80.170,900,80.180,5499,80.200,800,80.220,200,80.250,2018-11-23,11:00:57,00";
var hq_str_sh603259="药明康德,81.600,81.410,80.110,81.600,79.800,80.080,80.110,1636987,131305462.000,300,80.080,100,80.070,500,80.060,2400,80.050,1500,80.020,500,80.110,9500,80.120,200,80.170,900,80.180,5999,80.200,2018-11-23,11:01:57,00";
var hq_str_sh603259="药明康德,81.600,81.410,80.060,81.600,79.800,80.060,80.100,1642587,131753823.000,9100,80.060,7400,80.050,1500,80.020,500,80.010,7000,80.000,200,80.100,4600,80.110,5100,80.120,200,80.170,900,80.180,2018-11-23,11:03:00,00";
var hq_str_sh603259="药明康德,81.600,81.410,80.090,81.600,79.800,80.080,80.100,1644787,131930037.000,100,80.080,400,80.070,9000,80.060,6800,80.050,1400,80.020,5000,80.100,500,80.110,5100,80.120,100,80.170,900,80.180,2018-11-23,11:04:00,00";
var hq_str_sh603259="药明康德,81.600,81.410,80.080,81.600,79.800,80.070,80.090,1646487,132066190.000,400,80.070,500,80.060,2200,80.050,1400,80.020,500,80.010,4000,80.090,1200,80.100,500,80.110,5100,80.120,100,80.170,2018-11-23,11:04:51,00";
var hq_str_sh603259="药明康德,81.600,81.410,80.050,81.600,79.800,80.020,80.030,1651987,132506515.000,1400,80.020,900,80.010,8200,80.000,300,79.990,13400,79.980,100,80.030,2000,80.050,4100,80.060,100,80.070,100,80.080,2018-11-23,11:05:57,00";
var hq_str_sh603259="药明康德,81.600,81.410,80.000,81.600,79.800,80.000,80.010,1663587,133434788.000,6800,80.000,500,79.990,13400,79.980,300,79.970,10600,79.960,700,80.010,500,80.050,100,80.080,700,80.100,500,80.110,2018-11-23,11:07:00,00";
var hq_str_sh603259="药明康德,81.600,81.410,79.990,81.600,79.800,79.990,80.010,1673687,134242804.000,2000,79.990,13400,79.980,300,79.970,10600,79.960,2200,79.950,4500,80.010,200,80.020,100,80.080,800,80.100,500,80.110,2018-11-23,11:07:57,00";
var hq_str_sh603259="药明康德,81.600,81.410,80.000,81.600,79.800,79.990,80.000,1685887,135218653.000,5700,79.990,10500,79.980,700,79.970,10600,79.960,2000,79.950,600,80.000,700,80.010,200,80.020,100,80.080,100,80.090,2018-11-23,11:09:09,00";
var hq_str_sh603259="药明康德,81.600,81.410,79.990,81.600,79.800,79.990,80.000,1696087,136034586.000,300,79.990,11500,79.980,700,79.970,10900,79.960,2500,79.950,4100,80.000,1000,80.010,200,80.020,100,80.080,100,80.090,2018-11-23,11:09:57,00";
var hq_str_sh603259="药明康德,81.600,81.410,80.000,81.600,79.800,79.990,80.000,1707687,136962574.000,1500,79.990,12200,79.980,1800,79.970,10900,79.960,2500,79.950,400,80.000,1000,80.010,200,80.020,100,80.080,100,80.090,2018-11-23,11:11:00,00";
var hq_str_sh603259="药明康德,81.600,81.410,80.080,81.600,79.800,80.080,80.100,1710987,137226673.000,1500,80.080,200,80.050,200,80.030,300,80.020,400,80.010,700,80.100,500,80.110,100,80.170,800,80.180,5099,80.200,2018-11-23,11:11:54,00";
var hq_str_sh603259="药明康德,81.600,81.410,80.080,81.600,79.800,80.050,80.080,1716587,137675187.000,300,80.050,500,80.030,400,80.020,300,80.010,3200,80.000,100,80.080,1000,80.100,4800,80.110,100,80.150,800,80.180,2018-11-23,11:13:00,00";
var hq_str_sh603259="药明康德,81.600,81.410,80.110,81.600,79.800,80.100,80.110,1720187,137963539.000,500,80.100,1300,80.080,300,80.060,300,80.050,500,80.030,4100,80.110,800,80.180,5099,80.200,300,80.220,300,80.250,2018-11-23,11:14:00,00";
var hq_str_sh603259="药明康德,81.600,81.410,80.100,81.600,79.800,80.060,80.100,1724187,138283919.000,200,80.060,200,80.050,500,80.030,2100,80.020,1600,80.010,1000,80.100,2900,80.110,800,80.180,5099,80.200,300,80.220,2018-11-23,11:15:00,00";
var hq_str_sh603259="药明康德,81.600,81.410,80.080,81.600,79.800,80.060,80.080,1726487,138468123.000,300,80.060,200,80.050,600,80.030,2100,80.020,1600,80.010,400,80.080,3200,80.100,200,80.110,100,80.170,800,80.180,2018-11-23,11:15:57,00";
var hq_str_sh603259="药明康德,81.600,81.410,80.030,81.600,79.800,80.020,80.030,1729587,138716276.000,2100,80.020,1500,80.010,4400,80.000,2200,79.990,11300,79.980,1500,80.030,6600,80.040,1200,80.100,200,80.110,100,80.170,2018-11-23,11:16:57,00";
var hq_str_sh603259="药明康德,81.600,81.410,80.040,81.600,79.800,80.020,80.030,1732487,138948361.000,1900,80.020,1500,80.010,10100,80.000,2200,79.990,11300,79.980,6000,80.030,900,80.100,200,80.110,100,80.170,800,80.180,2018-11-23,11:17:57,00";
var hq_str_sh603259="药明康德,81.600,81.410,80.020,81.600,79.800,80.020,80.030,1737087,139316471.000,1100,80.020,4000,80.010,12400,80.000,2700,79.990,11300,79.980,4800,80.030,800,80.100,200,80.110,100,80.170,800,80.180,2018-11-23,11:19:00,00";
var hq_str_sh603259="药明康德,81.600,81.410,80.000,81.600,79.800,79.990,80.000,1757487,140948593.000,2700,79.990,11300,79.980,800,79.970,11300,79.960,2900,79.950,1900,80.000,1400,80.010,18700,80.020,100,80.030,100,80.100,2018-11-23,11:19:57,00";
var hq_str_sh603259="药明康德,81.600,81.410,79.990,81.600,79.800,79.980,79.990,1765387,141580531.000,11500,79.980,900,79.970,11400,79.960,2900,79.950,300,79.920,4600,79.990,8800,80.000,1400,80.010,15000,80.020,100,80.030,2018-11-23,11:20:57,00";
var hq_str_sh603259="药明康德,81.600,81.410,79.960,81.600,79.800,79.960,79.970,1783987,143068061.000,7600,79.960,2700,79.950,300,79.920,900,79.910,13500,79.900,4700,79.970,1600,79.980,5700,79.990,2300,80.000,15000,80.020,2018-11-23,11:21:57,00";
var hq_str_sh603259="药明康德,81.600,81.410,79.910,81.600,79.800,79.900,79.910,1798187,144203335.000,13100,79.900,300,79.890,7900,79.880,600,79.870,21100,79.860,700,79.910,1400,79.920,2700,79.950,4900,79.960,4500,79.970,2018-11-23,11:23:00,00";
var hq_str_sh603259="药明康德,81.600,81.410,79.950,81.600,79.800,79.920,79.950,1810787,145210342.000,7400,79.920,1500,79.910,13000,79.900,300,79.890,8100,79.880,200,79.950,3500,79.960,800,79.970,1000,79.980,5900,79.990,2018-11-23,11:24:00,00";
var hq_str_sh603259="药明康德,81.600,81.410,79.960,81.600,79.800,79.940,79.960,1820687,146001683.000,100,79.940,2400,79.920,4200,79.910,14900,79.900,300,79.890,5800,79.960,900,79.970,13000,79.980,7000,79.990,2800,80.000,2018-11-23,11:25:00,00";
var hq_str_sh603259="药明康德,81.600,81.410,79.940,81.600,79.800,79.940,79.950,1823087,146193556.000,1100,79.940,1000,79.930,2400,79.920,4800,79.910,15700,79.900,4300,79.950,1100,79.960,900,79.970,13000,79.980,7000,79.990,2018-11-23,11:25:57,00";
var hq_str_sh603259="药明康德,81.600,81.410,79.930,81.600,79.800,79.920,79.930,1829587,146713112.000,900,79.920,5300,79.910,15600,79.900,400,79.890,8100,79.880,7200,79.930,4400,79.940,100,79.950,900,79.960,900,79.970,2018-11-23,11:26:57,00";
var hq_str_sh603259="药明康德,81.600,81.410,79.900,81.600,79.800,79.890,79.900,1859987,149142298.000,100,79.890,8000,79.880,500,79.870,21200,79.860,3300,79.850,4600,79.900,16500,79.910,200,79.920,4700,79.930,200,79.940,2018-11-23,11:27:57,00";
var hq_str_sh603259="药明康德,81.600,81.410,79.830,81.600,79.800,79.820,79.830,1899887,152328771.000,100,79.820,4400,79.810,38700,79.800,7100,79.790,3100,79.780,11512,79.830,25100,79.850,100,79.860,1000,79.870,4300,79.880,2018-11-23,11:29:00,00";
var hq_str_sh603259="药明康德,81.600,81.410,79.790,81.600,79.780,79.780,79.790,1954987,156725787.000,2600,79.780,300,79.770,1400,79.760,2900,79.750,1100,79.740,3400,79.790,14667,79.800,5500,79.810,1700,79.820,100,79.860,2018-11-23,11:29:59,00";
var hq_str_sh603259="药明康德,81.600,81.410,79.790,81.600,79.780,79.780,79.790,1954987,156725787.000,2600,79.780,300,79.770,1400,79.760,2900,79.750,1100,79.740,3400,79.790,14667,79.800,5500,79.810,1700,79.820,100,79.860,2018-11-23,11:30:00,00";
var hq_str_sh603259="药明康德,81.600,81.410,79.710,81.600,79.700,79.700,79.710,1982487,158919025.000,4200,79.700,600,79.690,16000,79.680,1900,79.670,1300,79.660,200,79.710,500,79.720,200,79.730,12600,79.780,1000,79.790,2018-11-23,13:00:58,00";
var hq_str_sh603259="药明康德,81.600,81.410,79.700,81.600,79.680,79.680,79.700,1998787,160218002.000,8000,79.680,1900,79.670,1900,79.660,1300,79.650,700,79.610,100,79.700,8800,79.710,400,79.720,200,79.730,10400,79.780,2018-11-23,13:01:58,00";
var hq_str_sh603259="药明康德,81.600,81.410,79.710,81.600,79.680,79.710,79.770,2016487,161628959.000,800,79.710,1200,79.700,1800,79.690,8300,79.680,1900,79.670,2000,79.770,7500,79.780,500,79.790,14667,79.800,1700,79.820,2018-11-23,13:02:58,00";
var hq_str_sh603259="药明康德,81.600,81.410,79.720,81.600,79.680,79.710,79.720,2024687,162282731.000,500,79.710,1900,79.700,2200,79.690,8300,79.680,1900,79.670,1300,79.720,4400,79.740,700,79.770,7500,79.780,500,79.790,2018-11-23,13:03:58,00";
var hq_str_sh603259="药明康德,81.600,81.410,79.700,81.600,79.680,79.690,79.700,2034787,163087760.000,400,79.690,6400,79.680,1900,79.670,2800,79.660,1300,79.650,6700,79.700,800,79.710,4200,79.720,700,79.770,1600,79.780,2018-11-23,13:04:58,00";
var hq_str_sh603259="药明康德,81.600,81.410,79.750,81.600,79.680,79.720,79.750,2048687,164195670.000,1200,79.720,2000,79.700,1400,79.690,6600,79.680,1900,79.670,5900,79.750,700,79.770,1600,79.780,500,79.790,14667,79.800,2018-11-23,13:05:58,00";
var hq_str_sh603259="药明康德,81.600,81.410,79.730,81.600,79.680,79.720,79.730,2058487,164977191.000,1500,79.720,1700,79.700,2300,79.690,7300,79.680,1900,79.670,2100,79.730,700,79.770,1800,79.780,800,79.790,14667,79.800,2018-11-23,13:06:57,00";
var hq_str_sh603259="药明康德,81.600,81.410,79.750,81.600,79.680,79.740,79.750,2063287,165359926.000,400,79.740,2000,79.730,2000,79.720,2700,79.700,3600,79.690,300,79.750,600,79.770,1800,79.780,600,79.790,14667,79.800,2018-11-23,13:07:58,00";
var hq_str_sh603259="药明康德,81.600,81.410,79.740,81.600,79.680,79.730,79.740,2072687,166109734.000,1800,79.730,800,79.720,3400,79.700,2000,79.690,7400,79.680,100,79.740,800,79.750,300,79.770,3100,79.780,600,79.790,2018-11-23,13:08:58,00";
var hq_str_sh603259="药明康德,81.600,81.410,79.790,81.600,79.680,79.790,79.800,2091487,167609212.000,400,79.790,200,79.770,1900,79.760,2200,79.730,900,79.720,14667,79.800,300,79.820,7400,79.860,100,79.900,100,79.910,2018-11-23,13:09:58,00";
var hq_str_sh603259="药明康德,81.600,81.410,79.800,81.600,79.680,79.790,79.800,2097587,168095974.000,700,79.790,3500,79.770,1900,79.760,200,79.750,3100,79.730,10367,79.800,300,79.820,7400,79.860,100,79.900,100,79.910,2018-11-23,13:10:54,00";
var hq_str_sh603259="药明康德,81.600,81.410,79.820,81.600,79.680,79.800,79.820,2115054,169489772.000,2733,79.800,900,79.780,3600,79.770,2200,79.760,1100,79.750,100,79.820,7400,79.860,300,79.900,100,79.910,8300,79.960,2018-11-23,13:12:00,00";
var hq_str_sh603259="药明康德,81.600,81.410,79.860,81.600,79.680,79.840,79.860,2120354,169912763.000,100,79.840,700,79.830,533,79.800,1200,79.780,3600,79.770,6900,79.860,400,79.900,200,79.910,8300,79.960,3300,79.970,2018-11-23,13:12:58,00";
var hq_str_sh603259="药明康德,81.600,81.410,79.860,81.600,79.680,79.840,79.860,2133854,170990491.000,3700,79.840,300,79.830,1200,79.810,1000,79.800,200,79.780,3500,79.860,400,79.900,200,79.910,100,79.950,8300,79.960,2018-11-23,13:13:58,00";
var hq_str_sh603259="药明康德,81.600,81.410,79.900,81.600,79.680,79.890,79.900,2137854,171310036.000,3100,79.890,1900,79.860,300,79.850,1000,79.840,800,79.830,100,79.900,200,79.910,100,79.950,8300,79.960,3300,79.970,2018-11-23,13:15:00,00";
var hq_str_sh603259="药明康德,81.600,81.410,79.960,81.600,79.680,79.940,79.960,2140454,171517837.000,200,79.940,300,79.910,1300,79.900,4600,79.890,1200,79.860,7500,79.960,3300,79.970,1800,79.980,2700,79.990,5000,80.000,2018-11-23,13:15:57,00";
var hq_str_sh603259="药明康德,81.600,81.410,79.940,81.600,79.680,79.910,79.940,2146054,171965517.000,4300,79.910,4400,79.900,3700,79.890,1200,79.860,100,79.850,4900,79.940,8200,79.950,5400,79.960,3300,79.970,1800,79.980,2018-11-23,13:16:58,00";
var hq_str_sh603259="药明康德,81.600,81.410,79.920,81.600,79.680,79.920,79.940,2152454,172477051.000,200,79.920,1800,79.910,4400,79.900,2300,79.890,1200,79.870,1700,79.940,8100,79.950,5400,79.960,3800,79.970,1800,79.980,2018-11-23,13:17:49,00";
var hq_str_sh603259="药明康德,81.600,81.410,79.940,81.600,79.680,79.910,79.940,2155654,172732847.000,2200,79.910,5200,79.900,300,79.890,1200,79.870,500,79.860,100,79.940,5900,79.950,5400,79.960,3800,79.970,1800,79.980,2018-11-23,13:18:57,00";
var hq_str_sh603259="药明康德,81.600,81.410,79.940,81.600,79.680,79.930,79.940,2157854,172908688.000,1300,79.930,1700,79.910,5400,79.900,300,79.890,1200,79.870,1600,79.940,11900,79.950,5400,79.960,3800,79.970,1800,79.980,2018-11-23,13:19:58,00";
var hq_str_sh603259="药明康德,81.600,81.410,79.900,81.600,79.680,79.900,79.910,2170154,173891627.000,600,79.900,300,79.890,1200,79.870,300,79.860,600,79.850,600,79.910,1600,79.930,4100,79.940,6400,79.950,5400,79.960,2018-11-23,13:20:55,00";
var hq_str_sh603259="药明康德,81.600,81.410,79.810,81.600,79.680,79.810,79.850,2176654,174410696.000,700,79.810,700,79.800,100,79.780,1400,79.770,2900,79.760,200,79.850,4800,79.860,100,79.880,300,79.890,2100,79.900,2018-11-23,13:21:57,00";
var hq_str_sh603259="药明康德,81.600,81.410,79.770,81.600,79.680,79.760,79.770,2180554,174721888.000,2900,79.760,2100,79.750,2000,79.740,1700,79.730,2100,79.720,2200,79.770,5300,79.780,2700,79.790,400,79.800,400,79.810,2018-11-23,13:22:54,00";
var hq_str_sh603259="药明康德,81.600,81.410,79.780,81.600,79.680,79.780,79.800,2193154,175726890.000,500,79.780,100,79.770,7500,79.760,1300,79.750,2000,79.740,100,79.800,300,79.850,1200,79.860,100,79.880,1300,79.900,2018-11-23,13:23:58,00";
var hq_str_sh603259="药明康德,81.600,81.410,79.750,81.600,79.680,79.750,79.760,2205554,176715979.000,1900,79.750,2000,79.740,1500,79.730,2400,79.720,500,79.710,9600,79.760,3900,79.770,100,79.780,1700,79.800,100,79.850,2018-11-23,13:24:58,00";
var hq_str_sh603259="药明康德,81.600,81.410,79.700,81.600,79.680,79.690,79.700,2227154,178437770.000,200,79.690,5100,79.680,1900,79.670,1400,79.660,6400,79.650,2600,79.700,8300,79.720,2000,79.730,300,79.740,700,79.760,2018-11-23,13:25:57,00";
var hq_str_sh603259="药明康德,81.600,81.410,79.650,81.600,79.650,79.650,79.660,2246954,180015139.000,600,79.650,1000,79.640,2000,79.610,17400,79.600,100,79.590,1100,79.660,5800,79.670,4200,79.680,1300,79.690,400,79.700,2018-11-23,13:26:54,00";
var hq_str_sh603259="药明康德,81.600,81.410,79.640,81.600,79.620,79.640,79.650,2275254,182269134.000,300,79.640,100,79.630,800,79.620,3800,79.610,17600,79.600,3700,79.650,1200,79.670,400,79.680,500,79.690,400,79.700,2018-11-23,13:27:58,00";
var hq_str_sh603259="药明康德,81.600,81.410,79.640,81.600,79.610,79.630,79.640,2304254,184578472.000,1500,79.630,400,79.620,1700,79.610,18100,79.600,100,79.590,900,79.640,700,79.650,200,79.660,1000,79.670,400,79.680,2018-11-23,13:28:58,00";
var hq_str_sh603259="药明康德,81.600,81.410,79.630,81.600,79.600,79.630,79.650,2323954,186146922.000,400,79.630,600,79.620,500,79.610,11500,79.600,300,79.590,200,79.650,500,79.660,2200,79.670,1000,79.680,500,79.690,2018-11-23,13:29:58,00";
var hq_str_sh603259="药明康德,81.600,81.410,79.580,81.600,79.570,79.570,79.580,2355854,188686148.000,800,79.570,100,79.560,2700,79.550,100,79.530,500,79.520,200,79.580,600,79.590,900,79.600,200,79.610,700,79.620,2018-11-23,13:30:58,00";
var hq_str_sh603259="药明康德,81.600,81.410,79.500,81.600,79.470,79.450,79.500,2397154,191970035.000,800,79.450,1100,79.430,300,79.420,1100,79.410,1900,79.400,7673,79.500,4400,79.510,1800,79.520,1800,79.570,1400,79.600,2018-11-23,13:31:55,00";
var hq_str_sh603259="药明康德,81.600,81.410,79.350,81.600,79.340,79.340,79.350,2419754,193764725.000,300,79.340,1700,79.330,500,79.310,300,79.300,700,79.280,400,79.350,400,79.360,900,79.370,2200,79.380,2378,79.400,2018-11-23,13:32:58,00";
var hq_str_sh603259="药明康德,81.600,81.410,79.200,81.600,79.200,79.190,79.200,2437954,195207211.000,6800,79.190,15000,79.180,1600,79.160,200,79.150,400,79.120,900,79.200,1200,79.220,600,79.240,6100,79.250,600,79.270,2018-11-23,13:33:55,00";
var hq_str_sh603259="药明康德,81.600,81.410,79.090,81.600,79.090,79.080,79.100,2488054,199173299.000,1200,79.080,200,79.070,400,79.060,100,79.050,300,79.040,4100,79.100,300,79.110,300,79.120,300,79.140,200,79.150,2018-11-23,13:34:57,00";
var hq_str_sh603259="药明康德,81.600,81.410,78.980,81.600,78.980,78.980,79.010,2565854,205320201.000,500,78.980,500,78.960,400,78.920,700,78.910,3600,78.900,1100,79.010,3300,79.030,900,79.050,1900,79.060,4000,79.070,2018-11-23,13:35:58,00";
var hq_str_sh603259="药明康德,81.600,81.410,79.030,81.600,78.980,79.050,79.060,2597454,207816693.000,200,79.050,1000,79.030,400,79.010,7700,79.000,1600,78.990,1500,79.060,500,79.070,800,79.080,5200,79.100,500,79.150,2018-11-23,13:36:57,00";
var hq_str_sh603259="药明康德,81.600,81.410,79.100,81.600,78.980,79.090,79.100,2619483,209558494.000,100,79.090,200,79.070,500,79.050,300,79.040,871,79.030,5878,79.100,500,79.150,100,79.160,700,79.180,100,79.190,2018-11-23,13:38:07,00";
var hq_str_sh603259="药明康德,81.600,81.410,79.060,81.600,78.980,79.050,79.060,2627883,210222474.000,300,79.050,2900,79.020,1771,79.010,14200,79.000,1200,78.990,3600,79.060,800,79.070,100,79.080,1300,79.090,2078,79.100,2018-11-23,13:38:57,00";
var hq_str_sh603259="药明康德,81.600,81.410,79.090,81.600,78.980,79.090,79.100,2637583,210989426.000,1600,79.090,3400,79.080,1600,79.070,1600,79.050,1400,79.040,5678,79.100,200,79.120,200,79.160,200,79.180,100,79.190,2018-11-23,13:39:57,00";
var hq_str_sh603259="药明康德,81.600,81.410,79.290,81.600,78.980,79.220,79.290,2653061,212214604.000,400,79.220,200,79.210,4000,79.200,600,79.190,200,79.180,1100,79.290,700,79.340,100,79.350,200,79.370,100,79.380,2018-11-23,13:40:58,00";
var hq_str_sh603259="药明康德,81.600,81.410,79.410,81.600,78.980,79.410,79.430,2658661,212659041.000,2600,79.410,6300,79.400,2300,79.390,200,79.380,300,79.370,100,79.430,300,79.450,1500,79.460,800,79.490,1300,79.500,2018-11-23,13:41:57,00";
var hq_str_sh603259="药明康德,81.600,81.410,79.390,81.600,78.980,79.390,79.400,2678761,214255397.000,500,79.390,200,79.380,100,79.370,100,79.360,1100,79.350,300,79.400,4300,79.410,200,79.420,10200,79.430,1400,79.450,2018-11-23,13:42:58,00";
var hq_str_sh603259="药明康德,81.600,81.410,79.350,81.600,78.980,79.300,79.350,2685661,214802919.000,2300,79.300,4500,79.290,100,79.280,100,79.270,300,79.250,600,79.350,4200,79.360,200,79.370,300,79.390,5800,79.400,2018-11-23,13:43:57,00";
var hq_str_sh603259="药明康德,81.600,81.410,79.340,81.600,78.980,79.380,79.390,2692861,215374184.000,200,79.380,400,79.350,200,79.320,500,79.310,2500,79.300,500,79.390,5600,79.400,600,79.410,100,79.430,1000,79.440,2018-11-23,13:45:00,00";
var hq_str_sh603259="药明康德,81.600,81.410,79.320,81.600,78.980,79.300,79.320,2707461,216532360.000,1100,79.300,4500,79.290,100,79.280,100,79.270,300,79.250,5700,79.320,600,79.390,5300,79.400,600,79.410,100,79.430,2018-11-23,13:46:00,00";
var hq_str_sh603259="药明康德,81.600,81.410,79.300,81.600,78.980,79.290,79.300,2717361,217317443.000,2600,79.290,100,79.280,100,79.270,300,79.250,200,79.230,2200,79.300,800,79.320,600,79.390,6300,79.400,600,79.410,2018-11-23,13:46:58,00";
var hq_str_sh603259="药明康德,81.600,81.410,79.250,81.600,78.980,79.250,79.270,2725461,217959700.000,400,79.250,200,79.230,400,79.210,2000,79.200,700,79.190,200,79.270,3200,79.280,4300,79.290,100,79.300,400,79.320,2018-11-23,13:47:55,00";
var hq_str_sh603259="药明康德,81.600,81.410,79.230,81.600,78.980,79.210,79.230,2730761,218379653.000,100,79.210,3000,79.200,700,79.190,700,79.170,100,79.160,5300,79.230,1600,79.250,100,79.260,200,79.280,100,79.300,2018-11-23,13:48:57,00";
var hq_str_sh603259="药明康德,81.600,81.410,79.200,81.600,78.980,79.200,79.210,2737261,218894551.000,1500,79.200,1200,79.190,700,79.170,100,79.160,400,79.150,1800,79.210,3200,79.230,1600,79.250,200,79.280,700,79.300,2018-11-23,13:49:57,00";
var hq_str_sh603259="药明康德,81.600,81.410,79.180,81.600,78.980,79.180,79.200,2750361,219931853.000,600,79.180,400,79.110,9222,79.100,300,79.090,400,79.080,4200,79.200,300,79.210,1500,79.230,1600,79.250,300,79.280,2018-11-23,13:50:57,00";
var hq_str_sh603259="药明康德,81.600,81.410,79.140,81.600,78.980,79.130,79.140,2754061,220224750.000,100,79.130,200,79.120,900,79.110,3122,79.100,300,79.090,4500,79.140,300,79.170,1700,79.180,100,79.210,1500,79.230,2018-11-23,13:51:55,00";
var hq_str_sh603259="药明康德,81.600,81.410,79.070,81.600,78.980,79.060,79.070,2765883,221159948.000,100,79.060,1300,79.050,900,79.040,700,79.030,3100,79.020,178,79.070,300,79.080,9900,79.100,1700,79.110,1100,79.140,2018-11-23,13:52:58,00";
var hq_str_sh603259="药明康德,81.600,81.410,79.000,81.600,78.980,79.000,79.010,2783583,222558534.000,36500,79.000,7400,78.990,3500,78.980,700,78.970,2300,78.960,7400,79.010,2900,79.020,9900,79.030,700,79.050,200,79.060,2018-11-23,13:53:58,00";
var hq_str_sh603259="药明康德,81.600,81.410,79.000,81.600,78.980,79.000,79.010,2830683,226279548.000,2000,79.000,7700,78.990,3600,78.980,700,78.970,2300,78.960,600,79.010,2800,79.020,200,79.030,200,79.060,1100,79.070,2018-11-23,13:54:57,00";
var hq_str_sh603259="药明康德,81.600,81.410,78.980,81.600,78.980,78.980,78.990,2844283,227353867.000,1400,78.980,700,78.970,2300,78.960,1100,78.950,1500,78.910,1800,78.990,3600,79.000,1000,79.010,1000,79.020,200,79.030,2018-11-23,13:55:58,00";
var hq_str_sh603259="药明康德,81.600,81.410,79.000,81.600,78.980,78.990,79.000,2865183,229004746.000,200,78.990,2400,78.980,2000,78.970,2400,78.960,1100,78.950,1400,79.000,200,79.030,400,79.060,1100,79.070,1978,79.080,2018-11-23,13:56:57,00";
var hq_str_sh603259="药明康德,81.600,81.410,79.020,81.600,78.980,79.030,79.060,2877483,229976433.000,200,79.030,400,79.010,4900,79.000,4100,78.990,6000,78.980,400,79.060,1100,79.070,78,79.080,100,79.100,100,79.140,2018-11-23,13:57:54,00";
var hq_str_sh603259="药明康德,81.600,81.410,79.140,81.600,78.980,79.120,79.140,2882661,230385906.000,200,79.120,400,79.110,800,79.100,422,79.080,400,79.060,3500,79.140,700,79.170,1700,79.180,300,79.230,2000,79.250,2018-11-23,13:58:57,00";
var hq_str_sh603259="药明康德,81.600,81.410,79.160,81.600,78.980,79.160,79.170,2889361,230916131.000,100,79.160,300,79.140,700,79.130,400,79.110,2300,79.100,3100,79.170,1700,79.180,200,79.200,2000,79.250,200,79.280,2018-11-23,13:59:57,00";
var hq_str_sh603259="药明康德,81.600,81.410,79.170,81.600,78.980,79.150,79.170,2894561,231327752.000,300,79.150,500,79.130,1000,79.110,3500,79.100,200,79.090,700,79.170,1700,79.180,300,79.200,2000,79.250,300,79.280,2018-11-23,14:01:00,00";
var hq_str_sh603259="药明康德,81.600,81.410,79.150,81.600,78.980,79.140,79.150,2901061,231842278.000,600,79.140,1100,79.130,1100,79.110,3000,79.100,200,79.090,2600,79.150,3500,79.160,100,79.170,1300,79.180,1200,79.200,2018-11-23,14:01:57,00";
var hq_str_sh603259="药明康德,81.600,81.410,79.180,81.600,78.980,79.150,79.180,2917661,233155675.000,100,79.150,900,79.130,400,79.110,2400,79.100,600,79.090,400,79.180,300,79.200,2100,79.250,300,79.280,500,79.300,2018-11-23,14:02:58,00";
var hq_str_sh603259="药明康德,81.600,81.410,79.340,81.600,78.980,79.310,79.340,2929161,234067600.000,200,79.310,200,79.300,500,79.290,500,79.280,100,79.250,2400,79.340,500,79.380,1200,79.390,5600,79.400,100,79.430,2018-11-23,14:03:58,00";
var hq_str_sh603259="药明康德,81.600,81.410,79.390,81.600,78.980,79.370,79.390,2938561,234813568.000,100,79.370,100,79.360,1700,79.350,1800,79.340,900,79.330,900,79.390,6300,79.400,100,79.430,300,79.450,1500,79.460,2018-11-23,14:05:01,00";
var hq_str_sh603259="药明康德,81.600,81.410,79.350,81.600,78.980,79.350,79.360,2958161,236369052.000,600,79.350,1500,79.340,900,79.330,2200,79.300,400,79.280,7800,79.360,1600,79.370,900,79.380,200,79.390,6300,79.400,2018-11-23,14:06:00,00";
var hq_str_sh603259="药明康德,81.600,81.410,79.330,81.600,78.980,79.300,79.330,2962661,236726081.000,3600,79.300,100,79.290,400,79.280,800,79.270,300,79.210,700,79.330,5600,79.340,10600,79.350,7600,79.360,1600,79.370,2018-11-23,14:06:58,00";
var hq_str_sh603259="药明康德,81.600,81.410,79.310,81.600,78.980,79.300,79.310,2965761,236971943.000,3500,79.300,100,79.290,400,79.280,800,79.270,300,79.210,400,79.310,4400,79.320,1200,79.330,1200,79.340,10700,79.350,2018-11-23,14:08:01,00";
var hq_str_sh603259="药明康德,81.600,81.410,79.330,81.600,78.980,79.320,79.330,2976561,237828620.000,4000,79.320,3600,79.300,100,79.290,400,79.280,800,79.270,2600,79.330,1800,79.340,10200,79.350,8700,79.360,100,79.380,2018-11-23,14:08:55,00";
var hq_str_sh603259="药明康德,81.600,81.410,79.340,81.600,78.980,79.330,79.340,2980661,238153871.000,600,79.330,3500,79.320,3700,79.300,300,79.290,1400,79.280,1400,79.340,10200,79.350,8700,79.360,100,79.380,100,79.390,2018-11-23,14:09:58,00";
var hq_str_sh603259="药明康德,81.600,81.410,79.300,81.600,78.980,79.330,79.340,2996661,239422818.000,100,79.330,100,79.280,600,79.270,300,79.210,6100,79.200,1600,79.340,10200,79.350,8500,79.360,100,79.380,100,79.390,2018-11-23,14:10:58,00";
var hq_str_sh603259="药明康德,81.600,81.410,79.340,81.600,78.980,79.310,79.330,3003861,239993991.000,200,79.310,100,79.300,700,79.280,1000,79.270,1600,79.220,2300,79.330,10200,79.350,8500,79.360,100,79.380,200,79.390,2018-11-23,14:11:58,00";
var hq_str_sh603259="药明康德,81.600,81.410,79.350,81.600,78.980,79.340,79.350,3016561,241001666.000,1000,79.340,100,79.330,200,79.320,600,79.310,3000,79.300,4100,79.350,8400,79.360,100,79.380,200,79.390,7400,79.400,2018-11-23,14:12:58,00";
var hq_str_sh603259="药明康德,81.600,81.410,79.330,81.600,78.980,79.320,79.330,3023761,241572930.000,200,79.320,700,79.310,4300,79.300,2400,79.280,3200,79.270,1100,79.330,5100,79.340,1100,79.350,8400,79.360,100,79.380,2018-11-23,14:13:58,00";
var hq_str_sh603259="药明康德,81.600,81.410,79.310,81.600,78.980,79.310,79.320,3027261,241850548.000,1100,79.310,3400,79.300,2700,79.280,3600,79.270,2100,79.220,800,79.320,4200,79.330,500,79.350,8400,79.360,100,79.380,2018-11-23,14:14:52,00";
var hq_str_sh603259="药明康德,81.600,81.410,79.320,81.600,78.980,79.310,79.330,3036861,242611962.000,200,79.310,2100,79.300,2700,79.280,3500,79.270,2200,79.220,100,79.330,1500,79.350,7400,79.360,100,79.380,200,79.390,2018-11-23,14:16:01,00";
var hq_str_sh603259="药明康德,81.600,81.410,79.320,81.600,78.980,79.290,79.330,3054761,244030945.000,100,79.290,100,79.280,500,79.210,6500,79.200,100,79.190,3700,79.330,3000,79.340,1500,79.350,7400,79.360,100,79.380,2018-11-23,14:16:55,00";
var hq_str_sh603259="药明康德,81.600,81.410,79.300,81.600,78.980,79.210,79.310,3061161,244538016.000,400,79.210,3400,79.200,100,79.190,1000,79.180,200,79.160,500,79.310,3500,79.320,3000,79.330,1500,79.350,7400,79.360,2018-11-23,14:17:55,00";
var hq_str_sh603259="药明康德,81.600,81.410,79.180,81.600,78.980,79.170,79.180,3071461,245353736.000,200,79.170,200,79.160,1500,79.140,2800,79.130,700,79.120,1700,79.180,1000,79.300,500,79.310,1000,79.320,3000,79.330,2018-11-23,14:18:58,00";
var hq_str_sh603259="药明康德,81.600,81.410,79.250,81.600,78.980,79.150,79.250,3075761,245694138.000,4600,79.150,1100,79.140,2300,79.130,800,79.120,2600,79.110,200,79.250,1200,79.280,1000,79.300,500,79.310,1000,79.320,2018-11-23,14:19:58,00";
var hq_str_sh603259="药明康德,81.600,81.410,79.260,81.600,78.980,79.250,79.260,3080861,246098437.000,500,79.250,200,79.240,300,79.230,200,79.220,200,79.210,5500,79.260,400,79.320,800,79.330,1500,79.350,2400,79.360,2018-11-23,14:20:58,00";
var hq_str_sh603259="药明康德,81.600,81.410,79.240,81.600,78.980,79.230,79.240,3088961,246740382.000,300,79.230,200,79.220,200,79.210,1000,79.200,900,79.180,700,79.240,7599,79.250,2000,79.260,400,79.320,800,79.330,2018-11-23,14:21:58,00";
var hq_str_sh603259="药明康德,81.600,81.410,79.230,81.600,78.980,79.220,79.230,3093561,247104853.000,300,79.220,700,79.210,3100,79.200,200,79.180,2200,79.170,4600,79.230,100,79.240,2299,79.250,2100,79.260,400,79.320,2018-11-23,14:22:58,00";
var hq_str_sh603259="药明康德,81.600,81.410,79.220,81.600,78.980,79.200,79.220,3109661,248380256.000,100,79.200,100,79.190,400,79.180,2500,79.170,200,79.160,1000,79.220,300,79.230,100,79.240,2299,79.250,2100,79.260,2018-11-23,14:23:58,00";
var hq_str_sh603259="药明康德,81.600,81.410,79.260,81.600,78.980,79.280,79.300,3116460,248919021.000,100,79.280,2800,79.260,1301,79.250,200,79.240,1000,79.230,100,79.300,300,79.320,800,79.330,1300,79.350,2400,79.360,2018-11-23,14:25:01,00";
var hq_str_sh603259="药明康德,81.600,81.410,79.350,81.600,78.980,79.340,79.350,3128960,249910790.000,100,79.340,900,79.330,1300,79.320,200,79.310,200,79.300,5900,79.350,100,79.380,7400,79.400,200,79.430,300,79.450,2018-11-23,14:25:58,00";
var hq_str_sh603259="药明康德,81.600,81.410,79.400,81.600,78.980,79.380,79.400,3160260,252394861.000,100,79.380,200,79.370,200,79.350,200,79.330,1800,79.320,5800,79.400,100,79.430,300,79.450,1500,79.460,900,79.490,2018-11-23,14:27:01,00";
var hq_str_sh603259="药明康德,81.600,81.410,79.390,81.600,78.980,79.390,79.440,3177060,253728695.000,5400,79.390,900,79.380,100,79.370,300,79.360,800,79.350,100,79.440,4200,79.450,1500,79.460,1900,79.490,1400,79.500,2018-11-23,14:27:55,00";
var hq_str_sh603259="药明康德,81.600,81.410,79.390,81.600,78.980,79.350,79.390,3203860,255856344.000,100,79.350,200,79.330,600,79.320,200,79.310,600,79.300,5600,79.390,5100,79.450,1500,79.460,900,79.490,1400,79.500,2018-11-23,14:28:52,00";
var hq_str_sh603259="药明康德,81.600,81.410,79.240,81.600,78.980,79.220,79.240,3216660,256871177.000,1300,79.220,7700,79.210,4300,79.200,700,79.190,600,79.180,500,79.240,600,79.300,2000,79.310,600,79.320,1000,79.330,2018-11-23,14:29:55,00";
var hq_str_sh603259="药明康德,81.600,81.410,79.210,81.600,78.980,79.200,79.210,3231560,258051457.000,1300,79.200,900,79.190,600,79.180,1800,79.170,200,79.160,1100,79.210,2300,79.220,100,79.280,700,79.290,600,79.300,2018-11-23,14:30:55,00";
var hq_str_sh603259="药明康德,81.600,81.410,79.170,81.600,78.980,79.170,79.250,3249760,259492665.000,1400,79.170,300,79.160,1500,79.150,400,79.140,3800,79.130,5500,79.250,100,79.280,700,79.290,900,79.300,100,79.320,2018-11-23,14:31:55,00";
var hq_str_sh603259="药明康德,81.600,81.410,79.180,81.600,78.980,79.180,79.250,3259860,260292356.000,7100,79.180,1300,79.170,10100,79.160,4500,79.150,600,79.140,5100,79.250,100,79.280,700,79.290,900,79.300,100,79.320,2018-11-23,14:32:58,00";
var hq_str_sh603259="药明康德,81.600,81.410,79.250,81.600,78.980,79.250,79.280,3277660,261702204.000,700,79.250,100,79.210,1200,79.200,600,79.190,2800,79.180,100,79.280,1000,79.300,100,79.320,500,79.370,1100,79.390,2018-11-23,14:33:55,00";
var hq_str_sh603259="药明康德,81.600,81.410,79.170,81.600,78.980,79.170,79.180,3297060,263238492.000,400,79.170,9600,79.160,5800,79.150,13300,79.140,3900,79.130,1000,79.180,3700,79.250,100,79.280,1000,79.300,100,79.320,2018-11-23,14:34:55,00";
var hq_str_sh603259="药明康德,81.600,81.410,79.190,81.600,78.980,79.170,79.200,3309260,264204478.000,1700,79.170,9900,79.160,4500,79.150,13300,79.140,3900,79.130,1900,79.200,3700,79.270,100,79.280,1000,79.300,100,79.320,2018-11-23,14:35:58,00";
var hq_str_sh603259="药明康德,81.600,81.410,79.180,81.600,78.980,79.170,79.200,3327160,265621775.000,3300,79.170,8100,79.160,4300,79.150,13300,79.140,3900,79.130,5000,79.200,100,79.280,1000,79.300,100,79.320,500,79.370,2018-11-23,14:36:58,00";
var hq_str_sh603259="药明康德,81.600,81.410,79.300,81.600,78.980,79.300,79.320,3344060,266960168.000,2900,79.300,600,79.170,8300,79.160,11500,79.150,13300,79.140,100,79.320,500,79.370,1100,79.390,500,79.400,100,79.420,2018-11-23,14:37:55,00";
var hq_str_sh603259="药明康德,81.600,81.410,79.280,81.600,78.980,79.280,79.290,3359660,268196447.000,1000,79.280,2400,79.190,1400,79.180,2400,79.170,8300,79.160,11300,79.290,4200,79.300,100,79.320,500,79.370,1600,79.390,2018-11-23,14:38:55,00";
var hq_str_sh603259="药明康德,81.600,81.410,79.180,81.600,78.980,79.160,79.180,3384460,270161191.000,20300,79.160,11100,79.150,13400,79.140,3900,79.130,13500,79.120,4100,79.180,200,79.220,5400,79.290,4700,79.300,200,79.320,2018-11-23,14:39:58,00";
var hq_str_sh603259="药明康德,81.600,81.410,79.180,81.600,78.980,79.180,79.290,3409760,272164646.000,2700,79.180,1100,79.170,20300,79.160,11100,79.150,13200,79.140,3200,79.290,4100,79.300,100,79.310,200,79.320,500,79.370,2018-11-23,14:40:55,00";
var hq_str_sh603259="药明康德,81.600,81.410,79.150,81.600,78.980,79.150,79.160,3461160,276233632.000,4700,79.150,13200,79.140,3900,79.130,13500,79.120,2800,79.110,700,79.160,4000,79.170,5100,79.180,800,79.280,3200,79.290,2018-11-23,14:41:58,00";
var hq_str_sh603259="药明康德,81.600,81.410,79.150,81.600,78.980,79.140,79.150,3476860,277476252.000,7400,79.140,3900,79.130,13600,79.120,2600,79.110,9200,79.100,2000,79.150,1300,79.160,100,79.170,5100,79.180,1200,79.280,2018-11-23,14:42:55,00";
var hq_str_sh603259="药明康德,81.600,81.410,79.150,81.600,78.980,79.130,79.150,3498460,279185533.000,100,79.130,8000,79.120,2700,79.110,20500,79.100,1400,79.090,4100,79.150,1300,79.160,100,79.170,5100,79.180,200,79.200,2018-11-23,14:43:55,00";
var hq_str_sh603259="药明康德,81.600,81.410,79.100,81.600,78.980,79.100,79.110,3538160,282326175.000,5400,79.100,1300,79.090,1222,79.080,300,79.070,700,79.060,600,79.110,2100,79.120,3400,79.130,200,79.150,1000,79.160,2018-11-23,14:44:58,00";
var hq_str_sh603259="药明康德,81.600,81.410,79.020,81.600,78.980,79.010,79.020,3561682,284185824.000,5400,79.010,39600,79.000,4000,78.990,12000,78.980,700,78.970,2800,79.020,1400,79.030,200,79.040,700,79.050,1100,79.070,2018-11-23,14:45:58,00";
var hq_str_sh603259="药明康德,81.600,81.410,79.010,81.600,78.980,79.000,79.010,3583660,285922271.000,38322,79.000,3900,78.990,16800,78.980,700,78.970,8300,78.960,2000,79.010,800,79.030,200,79.040,400,79.090,100,79.100,2018-11-23,14:46:55,00";
var hq_str_sh603259="药明康德,81.600,81.410,79.070,81.600,78.980,79.020,79.070,3623060,289035278.000,2000,79.020,2400,79.010,27922,79.000,4000,78.990,16400,78.980,200,79.070,700,79.080,600,79.090,400,79.100,300,79.110,2018-11-23,14:47:59,00";
var hq_str_sh603259="药明康德,81.600,81.410,79.080,81.600,78.980,79.080,79.090,3639160,290307694.000,100,79.080,1200,79.030,1400,79.020,13400,79.010,28122,79.000,500,79.090,500,79.100,300,79.110,1000,79.130,300,79.150,2018-11-23,14:48:58,00";
var hq_str_sh603259="药明康德,81.600,81.410,79.090,81.600,78.980,79.020,79.090,3658360,291825191.000,6100,79.020,12900,79.010,30922,79.000,4100,78.990,17200,78.980,4970,79.090,2300,79.100,300,79.110,100,79.120,200,79.150,2018-11-23,14:49:58,00";
var hq_str_sh603259="药明康德,81.600,81.410,79.020,81.600,78.980,79.010,79.020,3692960,294559255.000,2800,79.010,31022,79.000,4300,78.990,17000,78.980,900,78.970,800,79.020,300,79.030,1000,79.040,1600,79.050,100,79.080,2018-11-23,14:50:58,00";
var hq_str_sh603259="药明康德,81.600,81.410,79.000,81.600,78.980,79.000,79.010,3754160,299394336.000,8522,79.000,6200,78.990,17200,78.980,900,78.970,8400,78.960,100,79.010,100,79.030,300,79.040,1000,79.050,700,79.080,2018-11-23,14:51:55,00";
var hq_str_sh603259="药明康德,81.600,81.410,78.980,81.600,78.980,78.980,78.990,3799082,302942756.000,2100,78.980,1700,78.970,9100,78.960,2300,78.950,200,78.930,400,78.990,5578,79.000,700,79.010,900,79.020,100,79.030,2018-11-23,14:52:58,00";
var hq_str_sh603259="药明康德,81.600,81.410,78.980,81.600,78.960,78.970,78.980,3843682,306465237.000,1800,78.970,5700,78.960,2000,78.950,200,78.930,300,78.920,200,78.980,10300,78.990,11678,79.000,700,79.010,900,79.020,2018-11-23,14:53:58,00";
var hq_str_sh603259="药明康德,81.600,81.410,78.980,81.600,78.960,78.980,78.990,3869252,308484603.000,100,78.980,100,78.970,6330,78.960,2400,78.950,200,78.930,6200,78.990,11678,79.000,700,79.010,900,79.020,1400,79.030,2018-11-23,14:54:58,00";
var hq_str_sh603259="药明康德,81.600,81.410,78.980,81.600,78.960,78.980,78.990,3898072,310760676.000,2100,78.980,3900,78.970,3910,78.960,3200,78.950,300,78.930,800,78.990,11878,79.000,700,79.010,1100,79.020,1400,79.030,2018-11-23,14:56:01,00";
var hq_str_sh603259="药明康德,81.600,81.410,78.980,81.600,78.960,78.990,79.000,3926072,312972507.000,300,78.990,1900,78.980,2500,78.970,3210,78.960,2700,78.950,800,79.000,100,79.010,1000,79.020,1600,79.030,300,79.040,2018-11-23,14:56:58,00";
var hq_str_sh603259="药明康德,81.600,81.410,78.980,81.600,78.960,79.000,79.000,3927472,313083082.000,11100,79.000,0,0.000,0,0.000,0,0.000,0,0.000,11100,79.000,6600,0.000,0,0.000,0,0.000,0,0.000,2018-11-23,14:57:58,00";
var hq_str_sh603259="药明康德,81.600,81.410,78.980,81.600,78.960,79.000,79.000,3927472,313083082.000,30600,79.000,0,0.000,0,0.000,0,0.000,0,0.000,30600,79.000,4478,0.000,0,0.000,0,0.000,0,0.000,2018-11-23,14:58:58,00";
