var hq_str_sh603259="药明康德,98.000,98.280,98.000,98.000,98.000,97.850,98.000,31800,3116400.000,2400,97.850,1000,97.820,200,97.800,100,97.710,100,97.670,3800,98.000,200,98.010,1800,98.020,2100,98.030,300,98.040,2019-03-07,09:29:46,00";
var hq_str_sh603259="药明康德,98.000,98.280,97.400,98.000,97.300,97.350,97.400,114900,11242841.000,100,97.350,200,97.340,100,97.300,8200,97.290,21100,97.280,100,97.400,6000,97.500,2900,97.600,100,97.630,100,97.700,2019-03-07,09:30:57,00";
var hq_str_sh603259="药明康德,98.000,98.280,97.070,98.000,97.070,97.100,97.110,173900,16983912.000,1200,97.100,200,97.070,1000,97.050,1000,97.030,500,97.020,3400,97.110,100,97.260,200,97.270,500,97.280,5300,97.290,2019-03-07,09:32:00,00";
var hq_str_sh603259="药明康德,98.000,98.280,96.980,98.000,96.930,96.930,96.980,218200,21281560.000,200,96.930,300,96.920,200,96.910,700,96.880,200,96.820,3200,96.980,2400,97.000,13000,97.020,8000,97.030,100,97.050,2019-03-07,09:32:57,00";
var hq_str_sh603259="药明康德,98.000,98.280,96.850,98.000,96.800,96.810,96.830,259800,25310306.000,1000,96.810,2500,96.800,100,96.780,100,96.750,100,96.720,100,96.830,100,96.840,10100,96.870,1100,96.880,200,96.890,2019-03-07,09:33:57,00";
var hq_str_sh603259="药明康德,98.000,98.280,96.890,98.000,96.700,96.880,96.890,298300,29038633.000,6400,96.880,500,96.870,2700,96.850,600,96.840,200,96.810,1200,96.890,2200,96.980,8900,97.000,4000,97.020,1800,97.030,2019-03-07,09:34:57,00";
var hq_str_sh603259="药明康德,98.000,98.280,96.980,98.000,96.700,96.960,97.000,360500,35064728.000,100,96.960,4000,96.920,1200,96.900,500,96.890,500,96.880,9100,97.000,3900,97.020,1700,97.030,100,97.080,100,97.100,2019-03-07,09:36:00,00";
var hq_str_sh603259="药明康德,98.000,98.280,96.680,98.000,96.650,96.650,96.660,407800,39646021.000,5100,96.650,900,96.630,100,96.610,2300,96.600,800,96.580,100,96.660,200,96.690,5200,96.700,200,96.720,100,96.750,2019-03-07,09:36:57,00";
var hq_str_sh603259="药明康德,98.000,98.280,96.560,98.000,96.500,96.550,96.560,450500,43770549.000,200,96.550,700,96.530,3100,96.520,1900,96.510,6600,96.500,500,96.560,1000,96.580,400,96.590,100,96.610,700,96.630,2019-03-07,09:37:57,00";
var hq_str_sh603259="药明康德,98.000,98.280,96.660,98.000,96.500,96.650,96.660,499800,48532105.000,300,96.650,1400,96.630,200,96.620,10200,96.610,1300,96.600,1400,96.660,400,96.690,3300,96.700,200,96.720,3000,96.770,2019-03-07,09:38:57,00";
var hq_str_sh603259="药明康德,98.000,98.280,96.690,98.000,96.500,96.660,96.690,531100,51558205.000,700,96.660,100,96.650,100,96.640,2100,96.630,4700,96.620,2000,96.690,400,96.700,100,96.720,4500,96.800,1800,96.870,2019-03-07,09:39:57,00";
var hq_str_sh603259="药明康德,98.000,98.280,96.710,98.000,96.500,96.710,96.780,578300,56123242.000,200,96.710,35100,96.700,1100,96.690,1000,96.680,1200,96.660,100,96.780,3500,96.790,1000,96.800,5000,96.870,2900,96.900,2019-03-07,09:40:57,00";
var hq_str_sh603259="药明康德,98.000,98.280,96.700,98.000,96.500,96.700,96.730,637200,61820187.000,6500,96.700,1300,96.690,400,96.680,1000,96.660,100,96.650,100,96.730,2200,96.750,5800,96.780,500,96.790,2000,96.800,2019-03-07,09:41:57,00";
var hq_str_sh603259="药明康德,98.000,98.280,96.550,98.000,96.500,96.540,96.550,689912,66913712.000,4100,96.540,1300,96.530,600,96.520,5100,96.510,11200,96.500,4200,96.550,12500,96.560,1700,96.580,1800,96.600,4800,96.700,2019-03-07,09:43:00,00";
var hq_str_sh603259="药明康德,98.000,98.280,96.510,98.000,96.300,96.510,96.540,760712,73743810.000,500,96.510,600,96.500,100,96.450,900,96.440,1400,96.430,200,96.540,6800,96.550,12700,96.560,1700,96.580,1700,96.600,2019-03-07,09:44:00,00";
var hq_str_sh603259="药明康德,98.000,98.280,96.380,98.000,96.300,96.380,96.400,830812,80504833.000,1600,96.380,100,96.370,200,96.350,1500,96.310,11000,96.300,4400,96.400,400,96.420,600,96.480,100,96.500,300,96.510,2019-03-07,09:45:00,00";
var hq_str_sh603259="药明康德,98.000,98.280,96.240,98.000,96.230,96.230,96.240,873612,84626963.000,300,96.230,1100,96.220,10700,96.210,4600,96.200,200,96.190,300,96.240,6500,96.250,700,96.260,1800,96.280,4000,96.290,2019-03-07,09:46:00,00";
var hq_str_sh603259="药明康德,98.000,98.280,96.210,98.000,96.180,96.230,96.300,964412,93364406.000,5000,96.230,1100,96.210,800,96.200,600,96.180,100,96.170,4200,96.300,3000,96.310,1000,96.370,800,96.380,400,96.390,2019-03-07,09:46:57,00";
var hq_str_sh603259="药明康德,98.000,98.280,96.340,98.000,96.180,96.340,96.370,1026268,99317644.000,744,96.340,100,96.310,1900,96.240,1800,96.230,3400,96.220,1000,96.370,700,96.380,400,96.390,1000,96.400,400,96.420,2019-03-07,09:48:00,00";
var hq_str_sh603259="药明康德,98.000,98.280,96.550,98.000,96.180,96.530,96.550,1068668,103409447.000,200,96.530,100,96.500,300,96.460,1000,96.450,100,96.440,2000,96.550,1700,96.560,1500,96.580,5000,96.650,500,96.660,2019-03-07,09:48:57,00";
var hq_str_sh603259="药明康德,98.000,98.280,96.580,98.000,96.180,96.580,96.680,1109768,107379699.000,6600,96.580,500,96.570,13600,96.560,6300,96.550,100,96.540,4700,96.680,400,96.690,3600,96.700,200,96.730,200,96.750,2019-03-07,09:49:57,00";
var hq_str_sh603259="药明康德,98.000,98.280,96.990,98.000,96.180,96.880,96.990,1163068,112536258.000,3300,96.880,100,96.830,5400,96.780,800,96.750,200,96.740,100,96.990,9900,97.000,1700,97.030,200,97.070,2300,97.080,2019-03-07,09:50:57,00";
var hq_str_sh603259="药明康德,98.000,98.280,96.820,98.000,96.180,96.820,96.850,1202368,116344098.000,100,96.820,100,96.800,100,96.700,600,96.680,2000,96.650,200,96.850,200,96.870,200,96.880,100,96.930,3000,96.960,2019-03-07,09:51:57,00";
var hq_str_sh603259="药明康德,98.000,98.280,96.900,98.000,96.180,96.900,96.980,1234468,119453076.000,2400,96.900,100,96.830,1300,96.820,300,96.800,100,96.710,500,96.980,400,96.990,12700,97.000,1800,97.030,1100,97.070,2019-03-07,09:53:00,00";
var hq_str_sh603259="药明康德,98.000,98.280,96.830,98.000,96.180,96.830,96.880,1250268,120983450.000,1600,96.830,100,96.800,200,96.710,900,96.700,800,96.690,100,96.880,700,96.900,1100,96.930,6000,96.950,500,96.980,2019-03-07,09:53:57,00";
var hq_str_sh603259="药明康德,98.000,98.280,96.900,98.000,96.180,96.890,96.900,1269168,122814412.000,200,96.890,500,96.880,2300,96.830,1000,96.800,400,96.750,1000,96.900,1200,96.930,500,96.980,600,96.990,6100,97.000,2019-03-07,09:55:00,00";
var hq_str_sh603259="药明康德,98.000,98.280,97.030,98.000,96.180,96.990,97.030,1291368,124966537.000,700,96.990,10200,96.950,200,96.900,2400,96.860,200,96.850,700,97.030,1100,97.070,2300,97.080,200,97.110,600,97.130,2019-03-07,09:56:00,00";
var hq_str_sh603259="药明康德,98.000,98.280,96.960,98.000,96.180,96.950,96.960,1305268,126315226.000,6800,96.950,2400,96.860,200,96.850,1100,96.840,1400,96.830,1800,96.960,300,97.000,100,97.030,100,97.070,3900,97.100,2019-03-07,09:56:57,00";
var hq_str_sh603259="药明康德,98.000,98.280,96.700,98.000,96.180,96.690,96.710,1327268,128445932.000,600,96.690,200,96.680,300,96.660,1900,96.650,600,96.630,300,96.710,100,96.790,500,96.800,1000,96.840,200,96.940,2019-03-07,09:57:54,00";
var hq_str_sh603259="药明康德,98.000,98.280,96.500,98.000,96.180,96.480,96.500,1358468,131459137.000,200,96.480,100,96.460,200,96.450,400,96.430,2300,96.420,7100,96.500,1600,96.510,100,96.550,200,96.560,100,96.580,2019-03-07,09:58:57,00";
var hq_str_sh603259="药明康德,98.000,98.280,96.300,98.000,96.180,96.280,96.300,1434848,138814084.000,2000,96.280,8700,96.250,600,96.220,600,96.210,3920,96.200,6300,96.300,1500,96.350,2400,96.370,400,96.420,7200,96.500,2019-03-07,10:00:00,00";
var hq_str_sh603259="药明康德,98.000,98.280,96.300,98.000,96.170,96.250,96.300,1476748,142846067.000,2900,96.250,1000,96.220,2500,96.210,1900,96.200,1300,96.190,2300,96.300,1500,96.350,2400,96.370,3200,96.420,2000,96.500,2019-03-07,10:01:00,00";
var hq_str_sh603259="药明康德,98.000,98.280,96.420,98.000,96.170,96.370,96.420,1498848,144975110.000,5100,96.370,1800,96.350,100,96.330,300,96.320,4300,96.300,1200,96.420,2000,96.500,1000,96.510,200,96.560,100,96.580,2019-03-07,10:01:57,00";
var hq_str_sh603259="药明康德,98.000,98.280,96.560,98.000,96.170,96.500,96.560,1518548,146875034.000,3000,96.500,600,96.450,100,96.420,100,96.400,600,96.390,100,96.560,100,96.580,900,96.650,2000,96.680,2400,96.800,2019-03-07,10:02:57,00";
var hq_str_sh603259="药明康德,98.000,98.280,96.640,98.000,96.170,96.520,96.550,1555048,150398863.000,300,96.520,1600,96.500,300,96.480,400,96.450,500,96.430,300,96.550,500,96.640,1700,96.800,800,96.810,100,96.880,2019-03-07,10:03:57,00";
var hq_str_sh603259="药明康德,98.000,98.280,96.500,98.000,96.170,96.500,96.510,1578048,152618491.000,100,96.500,200,96.430,300,96.420,1000,96.410,1800,96.400,2800,96.510,10000,96.520,1000,96.550,100,96.640,1700,96.800,2019-03-07,10:04:57,00";
var hq_str_sh603259="药明康德,98.000,98.280,96.550,98.000,96.170,96.550,96.640,1609348,155639092.000,2100,96.550,800,96.520,1000,96.420,2200,96.410,4100,96.400,100,96.640,3800,96.800,800,96.810,100,96.880,400,96.890,2019-03-07,10:06:00,00";
var hq_str_sh603259="药明康德,98.000,98.280,96.560,98.000,96.170,96.560,96.790,1622048,156865514.000,300,96.560,1200,96.550,100,96.540,1300,96.520,300,96.510,800,96.790,1800,96.800,800,96.810,100,96.820,100,96.840,2019-03-07,10:07:00,00";
var hq_str_sh603259="药明康德,98.000,98.280,96.640,98.000,96.170,96.640,96.680,1640848,158680941.000,200,96.640,1100,96.570,3000,96.560,100,96.530,400,96.520,700,96.680,100,96.760,300,96.770,1000,96.790,1900,96.800,2019-03-07,10:08:00,00";
var hq_str_sh603259="药明康德,98.000,98.280,96.680,98.000,96.170,96.650,96.730,1649548,159521640.000,200,96.650,600,96.640,500,96.600,500,96.570,2100,96.560,200,96.730,2100,96.750,100,96.760,100,96.780,1000,96.790,2019-03-07,10:08:57,00";
var hq_str_sh603259="药明康德,98.000,98.280,96.520,98.000,96.170,96.510,96.520,1670648,161559764.000,1300,96.510,4100,96.500,1100,96.420,2600,96.410,4400,96.400,300,96.520,200,96.550,300,96.560,400,96.580,800,96.590,2019-03-07,10:10:00,00";
var hq_str_sh603259="药明康德,98.000,98.280,96.470,98.000,96.170,96.420,96.470,1688948,163325728.000,700,96.420,3000,96.410,4500,96.400,700,96.390,500,96.380,400,96.470,800,96.480,400,96.500,300,96.530,1300,96.640,2019-03-07,10:11:00,00";
var hq_str_sh603259="药明康德,98.000,98.280,96.370,98.000,96.170,96.370,96.390,1703248,164704401.000,1800,96.370,800,96.360,900,96.350,100,96.330,400,96.320,900,96.390,800,96.400,3900,96.420,1700,96.440,2000,96.450,2019-03-07,10:11:57,00";
var hq_str_sh603259="药明康德,98.000,98.280,96.330,98.000,96.170,96.330,96.350,1719948,166313563.000,100,96.330,400,96.320,3400,96.310,6300,96.300,400,96.290,800,96.350,7200,96.370,1200,96.380,900,96.390,100,96.400,2019-03-07,10:12:57,00";
var hq_str_sh603259="药明康德,98.000,98.280,96.310,98.000,96.170,96.310,96.320,1740948,168336293.000,1600,96.310,2900,96.300,400,96.290,1500,96.280,300,96.260,100,96.320,1600,96.340,700,96.350,4800,96.370,900,96.390,2019-03-07,10:14:00,00";
var hq_str_sh603259="药明康德,98.000,98.280,96.350,98.000,96.170,96.340,96.350,1759348,170108865.000,8600,96.340,600,96.330,1500,96.320,1200,96.310,6000,96.300,500,96.350,400,96.370,700,96.390,100,96.400,3900,96.420,2019-03-07,10:15:00,00";
var hq_str_sh603259="药明康德,98.000,98.280,96.270,98.000,96.170,96.200,96.270,1803948,174403209.000,5800,96.200,2100,96.190,5500,96.180,700,96.170,2200,96.160,3200,96.270,5300,96.280,2200,96.290,2000,96.300,2700,96.340,2019-03-07,10:16:00,00";
var hq_str_sh603259="药明康德,98.000,98.280,96.170,98.000,96.100,96.150,96.170,1849848,178817765.000,1500,96.150,1300,96.100,200,96.090,2800,96.080,1200,96.060,800,96.170,18600,96.180,23640,96.190,2100,96.200,3700,96.280,2019-03-07,10:16:57,00";
var hq_str_sh603259="药明康德,98.000,98.280,96.010,98.000,96.010,96.010,96.020,1903650,183985897.000,7998,96.010,76600,96.000,500,95.990,800,95.980,2100,95.970,1000,96.020,6600,96.030,700,96.100,200,96.140,4200,96.150,2019-03-07,10:18:00,00";
var hq_str_sh603259="药明康德,98.000,98.280,96.000,98.000,95.990,95.980,95.990,2017048,194872510.000,900,95.980,2100,95.970,700,95.950,4000,95.940,700,95.900,500,95.990,6402,96.000,3900,96.010,200,96.020,2000,96.030,2019-03-07,10:18:57,00";
var hq_str_sh603259="药明康德,98.000,98.280,96.040,98.000,95.990,96.030,96.040,2056400,198650912.000,100,96.030,7848,96.000,1100,95.990,1100,95.980,2600,95.970,200,96.040,4800,96.050,500,96.100,700,96.150,100,96.160,2019-03-07,10:19:57,00";
var hq_str_sh603259="药明康德,98.000,98.280,95.970,98.000,95.950,95.950,95.970,2114348,204213657.000,700,95.950,4000,95.940,300,95.910,1300,95.900,1300,95.890,11152,95.970,2300,96.010,100,96.020,800,96.040,700,96.100,2019-03-07,10:21:00,00";
var hq_str_sh603259="药明康德,98.000,98.280,95.940,98.000,95.930,95.910,95.940,2151248,207754311.000,800,95.910,3300,95.900,1200,95.890,5400,95.880,500,95.870,3300,95.940,1800,95.950,9100,95.960,6652,95.970,400,96.000,2019-03-07,10:21:57,00";
var hq_str_sh603259="药明康德,98.000,98.280,95.880,98.000,95.880,95.880,95.890,2179548,210468201.000,600,95.880,1300,95.870,1900,95.860,1300,95.850,100,95.830,300,95.890,2200,95.900,5100,95.910,300,95.920,1400,95.930,2019-03-07,10:22:57,00";
var hq_str_sh603259="药明康德,98.000,98.280,95.860,98.000,95.820,95.850,95.860,2217048,214063503.000,200,95.850,200,95.820,2600,95.810,9200,95.800,100,95.790,4300,95.860,500,95.870,13200,95.880,4200,95.910,300,95.920,2019-03-07,10:23:57,00";
var hq_str_sh603259="药明康德,98.000,98.280,95.600,98.000,95.590,95.590,95.600,2268848,219021686.000,700,95.590,3300,95.580,100,95.570,300,95.560,1200,95.550,3834,95.600,1800,95.610,200,95.620,100,95.650,6500,95.700,2019-03-07,10:24:57,00";
var hq_str_sh603259="药明康德,98.000,98.280,95.510,98.000,95.480,95.510,95.530,2338448,225670715.000,800,95.510,400,95.500,1000,95.480,300,95.470,500,95.450,8900,95.530,600,95.550,5234,95.600,1800,95.610,200,95.620,2019-03-07,10:25:57,00";
var hq_str_sh603259="药明康德,98.000,98.280,95.530,98.000,95.470,95.490,95.530,2374948,229156663.000,1700,95.490,3100,95.480,1500,95.470,1000,95.450,5500,95.440,400,95.530,100,95.550,4734,95.600,1800,95.610,200,95.620,2019-03-07,10:26:57,00";
var hq_str_sh603259="药明康德,98.000,98.280,95.530,98.000,95.470,95.530,95.540,2426148,234046609.000,100,95.530,200,95.510,4100,95.500,100,95.490,100,95.480,1000,95.540,6734,95.600,1800,95.610,200,95.620,500,95.750,2019-03-07,10:27:57,00";
var hq_str_sh603259="药明康德,98.000,98.280,95.580,98.000,95.470,95.520,95.580,2455948,236893504.000,300,95.520,1900,95.500,200,95.490,1400,95.480,2500,95.470,1200,95.580,200,95.590,5000,95.600,1800,95.610,200,95.620,2019-03-07,10:28:57,00";
var hq_str_sh603259="药明康德,98.000,98.280,95.550,98.000,95.470,95.530,95.550,2471048,238336544.000,200,95.530,6400,95.520,2900,95.510,4500,95.500,2600,95.490,600,95.550,5500,95.580,600,95.590,10300,95.600,1800,95.610,2019-03-07,10:29:57,00";
var hq_str_sh603259="药明康德,98.000,98.280,95.490,98.000,95.470,95.480,95.490,2504248,241507672.000,1500,95.480,2500,95.470,500,95.460,2800,95.450,6000,95.440,1800,95.490,2200,95.500,1600,95.510,1000,95.530,4700,95.550,2019-03-07,10:31:00,00";
var hq_str_sh603259="药明康德,98.000,98.280,95.400,98.000,95.400,95.380,95.400,2553648,246222353.000,1800,95.380,600,95.370,100,95.360,600,95.350,11200,95.330,7200,95.400,3100,95.430,500,95.440,6900,95.460,4200,95.490,2019-03-07,10:31:57,00";
var hq_str_sh603259="药明康德,98.000,98.280,95.160,98.000,95.160,95.150,95.160,2633148,253797178.000,1400,95.150,3000,95.120,6100,95.110,10200,95.100,1200,95.090,700,95.160,2400,95.180,500,95.190,19030,95.200,1200,95.220,2019-03-07,10:33:00,00";
var hq_str_sh603259="药明康德,98.000,98.280,94.990,98.000,94.920,94.970,95.000,2780848,267830282.000,20000,94.970,100,94.960,300,94.900,1000,94.880,900,94.870,6500,95.000,1500,95.010,3700,95.030,900,95.040,3130,95.050,2019-03-07,10:33:57,00";
var hq_str_sh603259="药明康德,98.000,98.280,94.750,98.000,94.720,94.720,94.750,2845148,273932024.000,600,94.720,100,94.710,1500,94.700,2300,94.680,300,94.670,4200,94.750,700,94.760,2630,94.780,600,94.800,1900,94.810,2019-03-07,10:34:57,00";
var hq_str_sh603259="药明康德,98.000,98.280,94.250,98.000,94.120,94.250,94.300,2926448,281621810.000,400,94.250,200,94.200,200,94.160,2300,94.150,1600,94.140,100,94.300,600,94.330,200,94.380,400,94.400,2499,94.500,2019-03-07,10:36:00,00";
var hq_str_sh603259="药明康德,98.000,98.280,94.460,98.000,94.120,94.600,94.660,2992147,287826656.000,300,94.600,200,94.550,100,94.500,100,94.460,500,94.450,2200,94.660,300,94.670,4100,94.680,600,94.700,100,94.710,2019-03-07,10:36:57,00";
var hq_str_sh603259="药明康德,98.000,98.280,94.800,98.000,94.120,94.720,94.800,3039847,292343118.000,5300,94.720,400,94.710,400,94.700,200,94.670,2300,94.660,108,94.800,500,94.820,2000,94.840,5300,94.850,100,94.900,2019-03-07,10:37:57,00";
var hq_str_sh603259="药明康德,98.000,98.280,94.750,98.000,94.120,94.750,94.780,3088355,296939150.000,300,94.750,200,94.720,200,94.710,100,94.700,500,94.680,600,94.780,500,94.790,4900,94.800,600,94.820,2000,94.840,2019-03-07,10:38:57,00";
var hq_str_sh603259="药明康德,98.000,98.280,94.580,98.000,94.120,94.580,94.600,3113055,299278021.000,300,94.580,100,94.550,200,94.530,200,94.510,2000,94.500,7600,94.600,2300,94.660,400,94.690,4500,94.700,3200,94.710,2019-03-07,10:39:57,00";
var hq_str_sh603259="药明康德,98.000,98.280,94.340,98.000,94.120,94.310,94.340,3150955,302857760.000,700,94.310,5000,94.300,300,94.270,6800,94.250,500,94.230,300,94.340,1800,94.350,400,94.400,3300,94.430,1300,94.440,2019-03-07,10:41:00,00";
var hq_str_sh603259="药明康德,98.000,98.280,94.230,98.000,94.120,94.220,94.230,3203555,307817889.000,1000,94.220,300,94.210,3000,94.200,400,94.190,3300,94.180,1000,94.230,100,94.270,300,94.300,1200,94.320,4100,94.330,2019-03-07,10:41:57,00";
var hq_str_sh603259="药明康德,98.000,98.280,94.150,98.000,94.100,94.080,94.120,3262555,313375104.000,3300,94.080,500,94.070,600,94.060,400,94.050,1300,94.040,100,94.120,100,94.130,12500,94.150,6600,94.160,600,94.180,2019-03-07,10:43:00,00";
var hq_str_sh603259="药明康德,98.000,98.280,93.800,98.000,93.800,93.800,93.860,3347255,321335786.000,3600,93.800,500,93.780,100,93.710,600,93.700,200,93.690,100,93.860,100,93.870,3400,93.880,2700,93.890,400,93.900,2019-03-07,10:43:57,00";
var hq_str_sh603259="药明康德,98.000,98.280,93.600,98.000,93.600,93.580,93.600,3428155,328916427.000,600,93.580,500,93.560,100,93.550,300,93.520,2700,93.510,7700,93.600,200,93.660,1400,93.670,700,93.700,400,93.710,2019-03-07,10:44:57,00";
var hq_str_sh603259="药明康德,98.000,98.280,93.450,98.000,93.440,93.430,93.450,3528855,338335976.000,500,93.430,200,93.410,500,93.400,1600,93.390,3800,93.380,2800,93.450,3957,93.500,1400,93.550,2200,93.600,2100,93.610,2019-03-07,10:45:57,00";
var hq_str_sh603259="药明康德,98.000,98.280,93.630,98.000,93.420,93.610,93.630,3640912,348812235.000,200,93.610,700,93.590,100,93.530,3100,93.520,2700,93.510,400,93.630,100,93.650,1000,93.660,1400,93.670,100,93.710,2019-03-07,10:46:57,00";
var hq_str_sh603259="药明康德,98.000,98.280,93.830,98.000,93.410,93.820,93.830,3702912,354612371.000,1600,93.820,200,93.810,200,93.800,700,93.780,400,93.760,100,93.830,100,93.840,1100,93.850,2000,93.880,1700,93.890,2019-03-07,10:47:57,00";
var hq_str_sh603259="药明康德,98.000,98.280,94.010,98.000,93.410,94.000,94.010,3747812,358825545.000,300,94.000,1500,93.990,100,93.910,2600,93.900,3700,93.890,400,94.010,800,94.020,100,94.030,2300,94.040,2000,94.070,2019-03-07,10:48:57,00";
var hq_str_sh603259="药明康德,98.000,98.280,94.170,98.000,93.410,94.060,94.170,3809812,364656393.000,100,94.060,1200,94.040,200,94.030,600,94.020,3300,94.010,2200,94.170,600,94.190,2900,94.200,100,94.210,2200,94.220,2019-03-07,10:49:57,00";
var hq_str_sh603259="药明康德,98.000,98.280,94.050,98.000,93.410,94.050,94.100,3850712,368504047.000,1800,94.050,600,94.030,100,94.020,900,94.010,18200,94.000,1600,94.100,1900,94.120,700,94.190,3600,94.200,400,94.220,2019-03-07,10:50:57,00";
var hq_str_sh603259="药明康德,98.000,98.280,94.030,98.000,93.410,94.050,94.090,3872812,370582273.000,3500,94.050,1000,94.030,600,94.020,800,94.010,2000,94.000,1400,94.090,400,94.100,2000,94.120,100,94.180,700,94.190,2019-03-07,10:51:57,00";
var hq_str_sh603259="药明康德,98.000,98.280,94.050,98.000,93.410,94.050,94.180,3911812,374250774.000,11100,94.050,100,94.040,200,94.030,100,94.020,300,94.010,1000,94.180,700,94.190,3600,94.200,400,94.220,1500,94.240,2019-03-07,10:52:57,00";
var hq_str_sh603259="药明康德,98.000,98.280,94.100,98.000,93.410,94.100,94.170,3928712,375840643.000,4000,94.100,1300,94.080,200,94.070,2900,94.060,7500,94.050,500,94.170,1000,94.180,700,94.190,3600,94.200,400,94.220,2019-03-07,10:53:57,00";
var hq_str_sh603259="药明康德,98.000,98.280,94.240,98.000,93.410,94.250,94.340,3938912,376801476.000,300,94.250,3200,94.240,3000,94.220,100,94.210,3900,94.200,900,94.340,6100,94.350,200,94.430,3400,94.470,1000,94.480,2019-03-07,10:54:57,00";
var hq_str_sh603259="药明康德,98.000,98.280,94.380,98.000,93.410,94.360,94.370,3987812,381413874.000,500,94.360,4100,94.350,1700,94.340,800,94.300,100,94.270,300,94.370,100,94.420,200,94.430,3400,94.470,1100,94.480,2019-03-07,10:56:00,00";
var hq_str_sh603259="药明康德,98.000,98.280,94.390,98.000,93.410,94.380,94.390,4007612,383281468.000,900,94.380,100,94.310,1100,94.300,1100,94.270,200,94.260,300,94.390,200,94.460,3400,94.470,1100,94.480,400,94.490,2019-03-07,10:56:57,00";
var hq_str_sh603259="药明康德,98.000,98.280,94.480,98.000,93.410,94.460,94.480,4028912,385293618.000,100,94.460,1800,94.450,3000,94.430,600,94.420,2800,94.410,1100,94.480,200,94.500,200,94.550,200,94.590,200,94.660,2019-03-07,10:57:57,00";
var hq_str_sh603259="药明康德,98.000,98.280,94.870,98.000,93.410,94.870,94.900,4087612,390854554.000,500,94.870,200,94.860,21800,94.850,200,94.750,100,94.740,200,94.900,2100,94.990,11784,95.000,100,95.010,1000,95.030,2019-03-07,10:58:57,00";
var hq_str_sh603259="药明康德,98.000,98.280,95.000,98.000,93.410,95.000,95.010,4124012,394311728.000,22000,95.000,100,94.980,1100,94.970,100,94.960,100,94.920,100,95.010,1000,95.030,700,95.050,200,95.070,800,95.080,2019-03-07,10:59:57,00";
var hq_str_sh603259="药明康德,98.000,98.280,95.110,98.000,93.410,95.100,95.150,4134912,395347870.000,17000,95.100,100,95.080,2500,95.050,300,95.030,1800,95.010,200,95.150,200,95.190,100,95.200,100,95.250,300,95.270,2019-03-07,11:00:57,00";
var hq_str_sh603259="药明康德,98.000,98.280,95.110,98.000,93.410,95.110,95.140,4170512,398734879.000,1300,95.110,300,95.090,1200,95.050,300,95.030,1600,95.010,900,95.140,2600,95.190,400,95.200,500,95.280,100,95.290,2019-03-07,11:02:00,00";
var hq_str_sh603259="药明康德,98.000,98.280,94.970,98.000,93.410,94.960,94.980,4189212,400512296.000,200,94.960,400,94.950,200,94.900,500,94.880,300,94.870,400,94.980,2100,95.000,2100,95.010,600,95.030,700,95.050,2019-03-07,11:02:57,00";
var hq_str_sh603259="药明康德,98.000,98.280,94.580,98.000,93.410,94.580,94.670,4195412,401100130.000,500,94.580,100,94.560,200,94.530,200,94.510,1800,94.500,100,94.670,1000,94.680,4100,94.700,12900,94.710,500,94.850,2019-03-07,11:03:57,00";
var hq_str_sh603259="药明康德,98.000,98.280,94.710,98.000,93.410,94.750,94.850,4222212,403637231.000,500,94.750,15000,94.670,500,94.590,500,94.580,500,94.560,500,94.850,100,94.880,500,94.920,1000,94.930,100,94.960,2019-03-07,11:04:57,00";
var hq_str_sh603259="药明康德,98.000,98.280,95.000,98.000,93.410,94.760,94.990,4249112,406189189.000,1400,94.760,1000,94.660,1500,94.600,600,94.580,500,94.560,300,94.990,3200,95.000,1100,95.050,200,95.090,1000,95.100,2019-03-07,11:06:00,00";
var hq_str_sh603259="药明康德,98.000,98.280,94.670,98.000,93.410,94.670,94.900,4273712,408516078.000,1300,94.670,500,94.460,1400,94.450,2900,94.430,500,94.420,100,94.900,200,94.920,600,94.930,1400,94.950,100,94.980,2019-03-07,11:06:57,00";
var hq_str_sh603259="药明康德,98.000,98.280,94.590,98.000,93.410,94.500,94.670,4279912,409102500.000,1900,94.500,200,94.490,200,94.480,400,94.460,700,94.450,2300,94.670,100,94.720,200,94.800,100,94.880,100,94.900,2019-03-07,11:07:57,00";
var hq_str_sh603259="药明康德,98.000,98.280,94.580,98.000,93.410,94.550,94.580,4291112,410161718.000,100,94.550,2100,94.500,300,94.490,200,94.480,900,94.460,6300,94.580,2800,94.600,500,94.610,100,94.620,1200,94.670,2019-03-07,11:08:57,00";
var hq_str_sh603259="药明康德,98.000,98.280,94.670,98.000,93.410,94.720,94.900,4319412,412836275.000,100,94.720,400,94.670,400,94.610,2700,94.600,3400,94.580,100,94.900,200,94.920,200,94.940,1300,94.950,5100,94.980,2019-03-07,11:10:00,00";
var hq_str_sh603259="药明康德,98.000,98.280,94.900,98.000,93.410,94.900,94.970,4326312,413490837.000,1000,94.900,200,94.800,2100,94.770,100,94.730,700,94.700,2800,94.970,4100,94.980,500,94.990,4000,95.000,1000,95.050,2019-03-07,11:10:57,00";
var hq_str_sh603259="药明康德,98.000,98.280,94.980,98.000,93.410,94.980,94.990,4338312,414630478.000,5500,94.980,6900,94.970,100,94.960,300,94.900,200,94.790,300,94.990,3600,95.000,1000,95.050,200,95.090,1100,95.100,2019-03-07,11:11:57,00";
var hq_str_sh603259="药明康德,98.000,98.280,95.200,98.000,93.410,95.200,95.270,4352312,415961860.000,3000,95.200,6200,95.090,5000,95.060,3100,95.050,300,95.010,200,95.270,1300,95.380,5200,95.400,200,95.430,200,95.460,2019-03-07,11:12:57,00";
var hq_str_sh603259="药明康德,98.000,98.280,95.400,98.000,93.410,95.390,95.400,4366412,417306566.000,700,95.390,800,95.380,1300,95.370,200,95.350,2100,95.300,700,95.400,200,95.430,200,95.460,200,95.480,900,95.490,2019-03-07,11:13:57,00";
var hq_str_sh603259="药明康德,98.000,98.280,95.350,98.000,93.410,95.300,95.350,4382312,418823286.000,1700,95.300,100,95.270,500,95.100,6100,95.090,5000,95.060,700,95.350,100,95.390,1100,95.400,100,95.470,1500,95.480,2019-03-07,11:14:57,00";
var hq_str_sh603259="药明康德,98.000,98.280,95.300,98.000,93.410,95.300,95.390,4394312,419967076.000,1400,95.300,400,95.100,5000,95.060,3000,95.050,600,95.010,700,95.390,1500,95.450,200,95.470,700,95.480,1900,95.490,2019-03-07,11:15:57,00";
var hq_str_sh603259="药明康德,98.000,98.280,95.060,98.000,93.410,95.060,95.390,4404512,420938555.000,3100,95.060,3000,95.050,800,95.010,2700,95.000,100,94.990,500,95.390,2100,95.440,200,95.470,500,95.480,1900,95.490,2019-03-07,11:16:57,00";
var hq_str_sh603259="药明康德,98.000,98.280,95.100,98.000,93.410,95.070,95.100,4414612,421899286.000,300,95.070,500,95.050,1100,95.010,2700,95.000,100,94.990,600,95.100,300,95.290,500,95.300,2000,95.310,300,95.320,2019-03-07,11:17:57,00";
var hq_str_sh603259="药明康德,98.000,98.280,95.070,98.000,93.410,95.070,95.090,4419512,422365230.000,400,95.070,500,95.050,600,95.020,1100,95.010,5200,95.000,900,95.090,300,95.250,2200,95.280,100,95.290,1500,95.300,2019-03-07,11:18:57,00";
var hq_str_sh603259="药明康德,98.000,98.280,94.980,98.000,93.410,94.980,95.000,4434312,423771877.000,4800,94.980,100,94.960,100,94.880,100,94.800,200,94.790,500,95.000,41000,95.050,3600,95.280,100,95.290,1300,95.300,2019-03-07,11:20:00,00";
var hq_str_sh603259="药明康德,98.000,98.280,94.980,98.000,93.410,94.980,95.000,4454012,425643559.000,900,94.980,100,94.960,200,94.880,500,94.800,200,94.790,3500,95.000,1800,95.040,36400,95.050,900,95.070,3400,95.280,2019-03-07,11:20:57,00";
var hq_str_sh603259="药明康德,98.000,98.280,94.980,98.000,93.410,94.960,94.980,4461112,426318012.000,100,94.960,400,94.880,300,94.820,100,94.810,800,94.800,3500,94.980,1100,94.990,6200,95.000,1800,95.040,36400,95.050,2019-03-07,11:21:57,00";
var hq_str_sh603259="药明康德,98.000,98.280,94.990,98.000,93.410,94.980,95.000,4470912,427248594.000,200,94.980,100,94.950,200,94.900,300,94.890,12900,94.880,6300,95.000,100,95.010,1800,95.040,36400,95.050,900,95.070,2019-03-07,11:22:57,00";
var hq_str_sh603259="药明康德,98.000,98.280,94.960,98.000,93.410,94.920,94.950,4483812,428474040.000,900,94.920,1700,94.910,2400,94.890,100,94.880,3600,94.820,1900,94.950,35900,95.050,700,95.070,100,95.200,1400,95.280,2019-03-07,11:23:57,00";
var hq_str_sh603259="药明康德,98.000,98.280,95.010,98.000,93.410,95.010,95.040,4491012,429157874.000,200,95.010,200,95.000,300,94.960,2300,94.950,1000,94.930,600,95.040,36400,95.050,700,95.070,100,95.200,1400,95.280,2019-03-07,11:24:57,00";
var hq_str_sh603259="药明康德,98.000,98.280,95.070,98.000,93.410,95.050,95.070,4540112,433825004.000,3300,95.050,100,95.040,400,95.010,1900,95.000,1300,94.960,5300,95.070,100,95.110,100,95.200,1400,95.280,500,95.300,2019-03-07,11:25:57,00";
var hq_str_sh603259="药明康德,98.000,98.280,95.080,98.000,93.410,95.070,95.080,4548912,434661652.000,5700,95.070,100,95.060,3300,95.050,100,95.040,1500,95.000,8500,95.080,4000,95.190,100,95.200,500,95.300,100,95.310,2019-03-07,11:26:57,00";
var hq_str_sh603259="药明康德,98.000,98.280,95.100,98.000,93.410,95.100,95.190,4573712,437020289.000,500,95.100,600,95.080,3200,95.070,100,95.060,3500,95.050,400,95.190,100,95.200,600,95.300,100,95.310,100,95.350,2019-03-07,11:27:57,00";
var hq_str_sh603259="药明康德,98.000,98.280,95.130,98.000,93.410,95.110,95.130,4579812,437600559.000,300,95.110,600,95.100,100,95.090,800,95.080,2800,95.070,1600,95.130,100,95.180,600,95.190,100,95.200,600,95.300,2019-03-07,11:28:57,00";
var hq_str_sh603259="药明康德,98.000,98.280,95.300,98.000,93.410,95.200,95.300,4585012,438095474.000,400,95.200,200,95.180,200,95.140,500,95.130,100,95.120,600,95.300,100,95.310,100,95.350,500,95.370,400,95.390,2019-03-07,11:29:57,00";
var hq_str_sh603259="药明康德,98.000,98.280,95.300,98.000,93.410,95.200,95.300,4585012,438095474.000,400,95.200,200,95.180,200,95.140,500,95.130,100,95.120,600,95.300,100,95.310,100,95.350,500,95.370,400,95.390,2019-03-07,11:30:00,00";
var hq_str_sh603259="药明康德,98.000,98.280,95.310,98.000,93.410,95.310,95.390,4600912,439611023.000,900,95.310,1400,95.300,100,95.230,1900,95.220,1300,95.210,200,95.390,1500,95.400,500,95.410,1400,95.420,400,95.430,2019-03-07,13:00:58,00";
var hq_str_sh603259="药明康德,98.000,98.280,95.300,98.000,93.410,95.230,95.300,4608212,440306848.000,100,95.230,1900,95.220,1300,95.210,500,95.200,1700,95.190,1000,95.300,1000,95.310,300,95.350,1100,95.360,100,95.370,2019-03-07,13:01:58,00";
var hq_str_sh603259="药明康德,98.000,98.280,95.190,98.000,93.410,95.180,95.190,4619112,441344732.000,300,95.180,300,95.170,100,95.130,400,95.120,200,95.100,500,95.190,800,95.200,1000,95.220,1000,95.230,1100,95.300,2019-03-07,13:02:56,00";
var hq_str_sh603259="药明康德,98.000,98.280,95.120,98.000,93.410,95.110,95.120,4621712,441592103.000,200,95.110,300,95.100,200,95.090,100,95.080,1400,95.070,3000,95.120,100,95.130,600,95.150,6700,95.180,200,95.220,2019-03-07,13:03:56,00";
var hq_str_sh603259="药明康德,98.000,98.280,95.060,98.000,93.410,95.060,95.070,4628412,442229227.000,200,95.060,9700,95.050,300,95.010,54300,95.000,1300,94.960,1300,95.070,800,95.080,1200,95.110,9600,95.120,5600,95.180,2019-03-07,13:04:58,00";
var hq_str_sh603259="药明康德,98.000,98.280,95.000,98.000,93.410,94.930,94.960,4702112,449231613.000,1400,94.930,1500,94.920,4200,94.900,2300,94.890,200,94.880,700,94.960,1000,95.000,1300,95.100,1900,95.120,600,95.180,2019-03-07,13:05:58,00";
var hq_str_sh603259="药明康德,98.000,98.280,94.850,98.000,93.410,94.850,94.890,4717212,450664585.000,700,94.850,3600,94.820,100,94.810,800,94.800,200,94.790,2800,94.890,100,94.920,3200,94.930,1900,95.000,600,95.100,2019-03-07,13:06:58,00";
var hq_str_sh603259="药明康德,98.000,98.280,94.770,98.000,93.410,94.710,94.770,4732312,452096186.000,200,94.710,900,94.700,8600,94.680,1900,94.670,500,94.610,1400,94.770,1500,94.800,1600,94.820,2100,94.850,1800,94.890,2019-03-07,13:07:56,00";
var hq_str_sh603259="药明康德,98.000,98.280,94.560,98.000,93.410,94.500,94.580,4754612,454206739.000,3900,94.500,500,94.460,1100,94.440,1600,94.400,800,94.390,200,94.580,200,94.590,9400,94.600,700,94.670,13900,94.680,2019-03-07,13:08:56,00";
var hq_str_sh603259="药明康德,98.000,98.280,94.600,98.000,93.410,94.590,94.600,4765512,455237563.000,2200,94.590,300,94.560,100,94.520,100,94.510,4400,94.500,5800,94.600,13100,94.680,6300,94.700,900,94.710,800,94.770,2019-03-07,13:09:55,00";
var hq_str_sh603259="药明康德,98.000,98.280,94.680,98.000,93.410,94.600,94.680,4785212,457101077.000,300,94.600,1600,94.590,100,94.580,600,94.570,500,94.560,12600,94.680,6300,94.700,900,94.710,800,94.770,1200,94.780,2019-03-07,13:10:56,00";
var hq_str_sh603259="药明康德,98.000,98.280,94.590,98.000,93.410,94.580,94.590,4805312,459002820.000,200,94.580,600,94.570,600,94.560,1400,94.550,100,94.520,300,94.590,200,94.600,9000,94.680,6300,94.700,900,94.710,2019-03-07,13:11:58,00";
var hq_str_sh603259="药明康德,98.000,98.280,94.510,98.000,93.410,94.510,94.550,4817212,460128298.000,2600,94.510,5100,94.500,500,94.460,1300,94.440,1600,94.400,1300,94.550,100,94.560,100,94.580,100,94.600,8800,94.680,2019-03-07,13:12:58,00";
var hq_str_sh603259="药明康德,98.000,98.280,94.490,98.000,93.410,94.490,94.500,4835512,461858123.000,600,94.490,500,94.470,500,94.460,2400,94.450,1400,94.440,300,94.500,200,94.660,7400,94.680,6300,94.700,900,94.710,2019-03-07,13:13:58,00";
var hq_str_sh603259="药明康德,98.000,98.280,94.490,98.000,93.410,94.470,94.490,4847612,463001177.000,1100,94.470,2600,94.460,1600,94.450,2800,94.440,1300,94.420,35300,94.490,800,94.520,800,94.530,200,94.660,7400,94.680,2019-03-07,13:14:58,00";
var hq_str_sh603259="药明康德,98.000,98.280,94.490,98.000,93.410,94.480,94.490,4864112,464560179.000,2300,94.480,200,94.470,3000,94.460,1100,94.450,2900,94.440,25200,94.490,200,94.660,7400,94.680,6000,94.700,900,94.710,2019-03-07,13:16:01,00";
var hq_str_sh603259="药明康德,98.000,98.280,94.490,98.000,93.410,94.400,94.490,4945212,472212739.000,500,94.400,100,94.250,100,94.110,1800,94.100,100,94.090,600,94.490,2800,94.640,200,94.660,7400,94.680,6000,94.700,2019-03-07,13:16:58,00";
var hq_str_sh603259="药明康德,98.000,98.280,94.310,98.000,93.410,94.300,94.490,4965612,474136041.000,600,94.300,700,94.240,300,94.220,3100,94.210,700,94.200,700,94.490,2400,94.500,100,94.590,200,94.660,7400,94.680,2019-03-07,13:17:58,00";
var hq_str_sh603259="药明康德,98.000,98.280,94.250,98.000,93.410,94.240,94.250,4997412,477131460.000,1000,94.240,6000,94.220,200,94.210,500,94.150,200,94.120,300,94.250,1000,94.300,900,94.320,600,94.490,2400,94.500,2019-03-07,13:18:58,00";
var hq_str_sh603259="药明康德,98.000,98.280,94.500,98.000,93.410,94.470,94.500,5025512,479782062.000,600,94.470,100,94.400,300,94.380,100,94.230,4800,94.220,1900,94.500,200,94.660,800,94.670,7400,94.680,6000,94.700,2019-03-07,13:19:56,00";
var hq_str_sh603259="药明康德,98.000,98.280,94.400,98.000,93.410,94.250,94.380,5032412,480433814.000,3000,94.250,1000,94.240,700,94.230,5000,94.220,200,94.210,400,94.380,500,94.400,800,94.470,3900,94.490,2500,94.500,2019-03-07,13:20:58,00";
var hq_str_sh603259="药明康德,98.000,98.280,94.250,98.000,93.410,94.240,94.250,5055412,482601944.000,300,94.240,800,94.230,5000,94.220,300,94.210,100,94.200,18900,94.250,100,94.280,1100,94.400,400,94.470,100,94.490,2019-03-07,13:21:58,00";
var hq_str_sh603259="药明康德,98.000,98.280,94.150,98.000,93.410,94.120,94.150,5095212,486352108.000,100,94.120,400,94.110,4000,94.100,900,94.090,3400,94.080,4900,94.150,1500,94.200,100,94.210,700,94.220,2700,94.250,2019-03-07,13:22:58,00";
var hq_str_sh603259="药明康德,98.000,98.280,94.050,98.000,93.410,94.050,94.060,5116312,488336940.000,2800,94.050,1200,94.040,1600,94.020,9200,94.010,35200,94.000,1000,94.060,2200,94.100,100,94.110,1900,94.150,7000,94.160,2019-03-07,13:23:58,00";
var hq_str_sh603259="药明康德,98.000,98.280,94.160,98.000,93.410,94.120,94.160,5127212,489362721.000,2300,94.120,900,94.110,1700,94.100,2000,94.080,300,94.060,6700,94.160,1800,94.200,100,94.210,700,94.220,100,94.400,2019-03-07,13:24:58,00";
var hq_str_sh603259="药明康德,98.000,98.280,94.220,98.000,93.410,94.220,94.400,5166019,493014604.000,3300,94.220,2000,94.200,300,94.160,200,94.100,100,94.010,100,94.400,2600,94.500,200,94.660,800,94.670,7400,94.680,2019-03-07,13:25:58,00";
var hq_str_sh603259="药明康德,98.000,98.280,94.100,98.000,93.410,94.100,94.400,5221819,498264954.000,1100,94.100,300,94.050,100,94.020,1200,94.010,7493,94.000,100,94.400,100,94.620,300,94.640,800,94.670,600,94.680,2019-03-07,13:26:58,00";
var hq_str_sh603259="药明康德,98.000,98.280,94.120,98.000,93.410,94.120,94.410,5238319,499817997.000,600,94.120,200,94.110,3100,94.100,100,94.080,600,94.050,700,94.410,1900,94.500,300,94.620,100,94.630,300,94.640,2019-03-07,13:27:58,00";
var hq_str_sh603259="药明康德,98.000,98.280,94.150,98.000,93.410,94.140,94.150,5261819,502034568.000,1100,94.140,3500,94.130,400,94.120,600,94.110,3700,94.100,5900,94.150,100,94.390,700,94.400,3300,94.480,1200,94.490,2019-03-07,13:28:58,00";
var hq_str_sh603259="药明康德,98.000,98.280,94.490,98.000,93.410,94.400,94.490,5280419,503787671.000,10300,94.400,2200,94.390,500,94.360,400,94.200,100,94.190,600,94.490,700,94.500,200,94.620,100,94.630,300,94.640,2019-03-07,13:29:58,00";
var hq_str_sh603259="药明康德,98.000,98.280,94.610,98.000,93.410,94.610,94.620,5290019,504694542.000,100,94.610,6500,94.500,900,94.450,100,94.420,1800,94.410,200,94.620,200,94.640,1000,94.650,800,94.670,600,94.680,2019-03-07,13:30:58,00";
var hq_str_sh603259="药明康德,98.000,98.280,94.490,98.000,93.410,94.490,94.500,5310119,506594686.000,1100,94.490,300,94.420,1600,94.410,5800,94.400,900,94.390,1000,94.500,11000,94.520,900,94.650,800,94.670,600,94.680,2019-03-07,13:31:58,00";
var hq_str_sh603259="药明康德,98.000,98.280,94.420,98.000,93.410,94.420,94.500,5334119,508862920.000,300,94.420,3100,94.410,5800,94.400,900,94.390,600,94.380,500,94.500,800,94.650,800,94.670,600,94.680,900,94.710,2019-03-07,13:32:58,00";
var hq_str_sh603259="药明康德,98.000,98.280,94.500,98.000,93.410,94.500,94.600,5343619,509760407.000,7400,94.500,1100,94.420,3600,94.410,5800,94.400,800,94.390,100,94.600,800,94.650,800,94.670,600,94.680,1500,94.710,2019-03-07,13:33:58,00";
var hq_str_sh603259="药明康德,98.000,98.280,94.670,98.000,93.410,94.600,94.650,5350319,510393902.000,300,94.600,300,94.520,500,94.510,3800,94.500,100,94.480,100,94.650,700,94.670,2000,94.700,900,94.710,100,94.750,2019-03-07,13:34:58,00";
var hq_str_sh603259="药明康德,98.000,98.280,94.520,98.000,93.410,94.520,94.550,5366719,511944650.000,100,94.520,1300,94.510,3800,94.500,200,94.480,100,94.460,8400,94.550,1800,94.600,100,94.650,200,94.660,700,94.670,2019-03-07,13:35:58,00";
var hq_str_sh603259="药明康德,98.000,98.280,94.510,98.000,93.410,94.460,94.510,5378019,513012698.000,200,94.460,300,94.430,900,94.420,3600,94.410,5700,94.400,200,94.510,6300,94.550,1800,94.600,1000,94.650,700,94.670,2019-03-07,13:36:58,00";
var hq_str_sh603259="药明康德,98.000,98.280,94.460,98.000,93.410,94.460,94.470,5384319,513608023.000,100,94.460,3900,94.450,300,94.430,900,94.420,3800,94.410,14200,94.470,400,94.490,2200,94.500,200,94.540,5400,94.550,2019-03-07,13:37:58,00";
var hq_str_sh603259="药明康德,98.000,98.280,94.210,98.000,93.410,94.210,94.370,5416619,516655294.000,3200,94.210,200,94.200,1300,94.180,2100,94.170,59000,94.160,100,94.370,100,94.380,800,94.390,7300,94.400,300,94.430,2019-03-07,13:38:58,00";
var hq_str_sh603259="药明康德,98.000,98.280,94.180,98.000,93.410,94.170,94.180,5428319,517758478.000,2400,94.170,1500,94.160,800,94.150,700,94.140,1100,94.130,4700,94.180,608,94.300,1500,94.340,500,94.350,7300,94.400,2019-03-07,13:39:58,00";
var hq_str_sh603259="药明康德,98.000,98.280,94.080,98.000,93.410,94.080,94.100,5474519,522110896.000,100,94.080,300,94.060,200,94.050,1200,94.030,1100,94.020,4800,94.100,300,94.200,100,94.280,11708,94.470,400,94.490,2019-03-07,13:40:58,00";
var hq_str_sh603259="药明康德,98.000,98.280,94.120,98.000,93.410,94.120,94.450,5505419,525017585.000,600,94.120,3800,94.100,1600,94.080,300,94.010,16793,94.000,5700,94.450,400,94.460,11208,94.470,400,94.490,600,94.500,2019-03-07,13:41:58,00";
var hq_str_sh603259="药明康德,98.000,98.280,94.010,98.000,93.410,94.100,94.120,5543079,528560106.000,2000,94.100,100,94.080,3300,94.010,3233,94.000,1700,93.990,100,94.120,1500,94.130,2400,94.440,6100,94.450,300,94.460,2019-03-07,13:42:58,00";
var hq_str_sh603259="药明康德,98.000,98.280,94.320,98.000,93.410,94.120,94.320,5579179,531956612.000,200,94.120,4000,94.100,6200,94.080,200,94.040,200,94.030,800,94.320,400,94.360,1007,94.400,100,94.420,2000,94.450,2019-03-07,13:43:58,00";
var hq_str_sh603259="药明康德,98.000,98.280,94.160,98.000,93.410,94.160,94.300,5584379,532446184.000,100,94.160,300,94.140,800,94.130,1500,94.120,2600,94.110,500,94.300,1400,94.320,6007,94.400,100,94.420,200,94.440,2019-03-07,13:44:58,00";
var hq_str_sh603259="药明康德,98.000,98.280,94.400,98.000,93.410,94.260,94.400,5595779,533521223.000,800,94.260,100,94.250,100,94.180,200,94.160,4100,94.150,1307,94.400,100,94.420,200,94.440,2000,94.450,6600,94.460,2019-03-07,13:45:58,00";
var hq_str_sh603259="药明康德,98.000,98.280,94.310,98.000,93.410,94.300,94.310,5604379,534332591.000,600,94.300,300,94.290,400,94.260,300,94.250,200,94.180,707,94.310,200,94.440,7900,94.450,6300,94.460,12337,94.470,2019-03-07,13:46:58,00";
var hq_str_sh603259="药明康德,98.000,98.280,94.400,98.000,93.410,94.310,94.400,5611186,534974784.000,500,94.310,893,94.300,300,94.270,400,94.260,200,94.250,100,94.400,15200,94.420,200,94.430,6900,94.440,11300,94.450,2019-03-07,13:47:58,00";
var hq_str_sh603259="药明康德,98.000,98.280,94.270,98.000,93.410,94.260,94.270,5624879,536266930.000,400,94.260,500,94.250,200,94.210,300,94.200,500,94.180,300,94.270,107,94.300,300,94.310,100,94.400,200,94.410,2019-03-07,13:48:58,00";
var hq_str_sh603259="药明康德,98.000,98.280,94.260,98.000,93.410,94.260,94.270,5628186,536578740.000,393,94.260,3300,94.250,400,94.210,300,94.200,600,94.180,1000,94.270,900,94.400,500,94.410,9100,94.420,6900,94.440,2019-03-07,13:49:58,00";
var hq_str_sh603259="药明康德,98.000,98.280,94.230,98.000,93.410,94.210,94.250,5640779,537765428.000,1200,94.210,200,94.200,6700,94.180,500,94.170,300,94.160,2900,94.250,107,94.270,300,94.300,1200,94.400,500,94.410,2019-03-07,13:50:58,00";
var hq_str_sh603259="药明康德,98.000,98.280,94.170,98.000,93.410,94.160,94.170,5658379,539423217.000,700,94.160,4100,94.150,900,94.140,500,94.130,1500,94.120,600,94.170,1000,94.200,1400,94.210,1700,94.250,300,94.300,2019-03-07,13:51:58,00";
var hq_str_sh603259="药明康德,98.000,98.280,94.180,98.000,93.410,94.160,94.190,5681679,541616755.000,600,94.160,2600,94.100,100,94.080,100,94.050,500,94.040,400,94.190,500,94.200,1700,94.250,300,94.300,500,94.370,2019-03-07,13:52:58,00";
var hq_str_sh603259="药明康德,98.000,98.280,94.100,98.000,93.410,94.100,94.130,5710079,544289507.000,700,94.100,800,94.080,100,94.060,1300,94.050,600,94.040,400,94.130,100,94.200,1700,94.250,300,94.300,500,94.370,2019-03-07,13:53:58,00";
var hq_str_sh603259="药明康德,98.000,98.280,94.100,98.000,93.410,94.050,94.100,5744490,547527581.000,200,94.050,989,94.040,600,94.030,1000,94.020,2600,94.010,3000,94.100,100,94.110,2900,94.130,900,94.150,100,94.200,2019-03-07,13:54:58,00";
var hq_str_sh603259="药明康德,98.000,98.280,94.370,98.000,93.410,94.260,94.370,5784690,551312726.000,100,94.260,300,94.110,1200,94.090,400,94.080,200,94.060,400,94.370,300,94.400,200,94.410,4200,94.440,9600,94.450,2019-03-07,13:55:58,00";
var hq_str_sh603259="药明康德,98.000,98.280,94.390,98.000,93.410,94.390,94.430,5794590,552247161.000,700,94.390,5300,94.380,500,94.360,400,94.250,1400,94.230,3000,94.430,2700,94.440,9500,94.450,5000,94.460,12337,94.470,2019-03-07,13:56:58,00";
var hq_str_sh603259="药明康德,98.000,98.280,94.380,98.000,93.410,94.250,94.380,5821090,554748918.000,1000,94.250,1400,94.230,600,94.220,4700,94.200,2800,94.180,38000,94.380,1100,94.430,300,94.440,10000,94.450,5000,94.460,2019-03-07,13:57:58,00";
var hq_str_sh603259="药明康德,98.000,98.280,94.380,98.000,93.410,94.380,94.460,5883390,560628676.000,500,94.380,100,94.310,100,94.290,100,94.280,1100,94.260,2100,94.460,12337,94.470,400,94.490,5600,94.500,5400,94.550,2019-03-07,13:58:58,00";
var hq_str_sh603259="药明康德,98.000,98.280,94.380,98.000,93.410,94.380,94.460,5902490,562432610.000,100,94.380,100,94.320,300,94.310,5100,94.300,900,94.290,1000,94.460,337,94.470,600,94.480,400,94.490,5800,94.500,2019-03-07,13:59:58,00";
var hq_str_sh603259="药明康德,98.000,98.280,94.430,98.000,93.410,94.420,94.430,5909290,563074376.000,100,94.420,100,94.360,1700,94.350,100,94.340,1000,94.330,100,94.430,100,94.450,1137,94.470,1100,94.480,400,94.490,2019-03-07,14:00:58,00";
var hq_str_sh603259="药明康德,98.000,98.280,94.500,98.000,93.410,94.480,94.500,5920527,564136124.000,200,94.480,3563,94.470,200,94.450,500,94.430,100,94.420,200,94.500,100,94.530,4000,94.540,5400,94.550,1000,94.600,2019-03-07,14:01:58,00";
var hq_str_sh603259="药明康德,98.000,98.280,94.700,98.000,93.410,94.700,94.750,5942227,566188500.000,1000,94.700,200,94.610,200,94.600,200,94.580,2000,94.560,100,94.750,800,94.770,500,94.780,200,94.800,100,94.820,2019-03-07,14:02:58,00";
var hq_str_sh603259="药明康德,98.000,98.280,95.100,98.000,93.410,95.090,95.100,5954927,567394302.000,300,95.090,100,95.020,6400,95.010,1000,95.000,200,94.980,500,95.100,100,95.140,100,95.150,600,95.180,200,95.190,2019-03-07,14:03:58,00";
var hq_str_sh603259="药明康德,98.000,98.280,95.230,98.000,93.410,95.200,95.230,5963127,568174753.000,100,95.200,400,95.190,100,95.160,2700,95.140,100,95.120,800,95.230,2700,95.300,200,95.310,100,95.340,1600,95.360,2019-03-07,14:04:58,00";
var hq_str_sh603259="药明康德,98.000,98.280,95.550,98.000,93.410,95.500,95.550,6003627,572040386.000,1100,95.500,500,95.490,1700,95.480,100,95.370,700,95.360,100,95.550,200,95.560,3900,95.570,1884,95.590,2700,95.600,2019-03-07,14:05:58,00";
var hq_str_sh603259="药明康德,98.000,98.280,95.560,98.000,93.410,95.550,95.570,6018927,573501985.000,1100,95.550,1200,95.500,300,95.490,200,95.480,200,95.450,3200,95.570,1784,95.590,2700,95.600,600,95.660,600,95.680,2019-03-07,14:06:58,00";
var hq_str_sh603259="药明康德,98.000,98.280,95.940,98.000,93.410,95.930,95.940,6063111,577730841.000,100,95.930,400,95.900,500,95.800,400,95.790,800,95.770,500,95.940,700,95.950,600,95.970,1900,95.980,800,95.990,2019-03-07,14:07:58,00";
var hq_str_sh603259="药明康德,98.000,98.280,96.500,98.000,93.410,96.500,96.520,6111211,582358365.000,4800,96.500,1500,96.180,200,96.050,3900,96.000,3500,95.990,700,96.520,100,96.530,200,96.570,800,96.580,500,96.590,2019-03-07,14:08:58,00";
var hq_str_sh603259="药明康德,98.000,98.280,96.500,98.000,93.410,96.500,96.510,6154011,586482033.000,1400,96.500,400,96.430,100,96.420,100,96.400,100,96.390,600,96.510,1000,96.520,100,96.530,1000,96.560,100,96.570,2019-03-07,14:09:58,00";
var hq_str_sh603259="药明康德,98.000,98.280,96.400,98.000,93.410,96.310,96.400,6181611,589144116.000,100,96.310,5500,96.300,1800,96.200,100,96.190,200,96.060,100,96.400,700,96.410,2100,96.480,100,96.490,1000,96.510,2019-03-07,14:10:58,00";
var hq_str_sh603259="药明康德,98.000,98.280,96.160,98.000,93.410,96.160,96.200,6203511,591251993.000,400,96.160,100,96.080,100,96.010,8400,96.000,100,95.990,7900,96.200,11600,96.300,3400,96.400,700,96.410,2100,96.480,2019-03-07,14:11:58,00";
var hq_str_sh603259="药明康德,98.000,98.280,95.980,98.000,93.410,95.950,95.980,6228711,593671406.000,100,95.950,200,95.940,300,95.930,200,95.910,7500,95.900,4600,95.980,100,95.990,2700,96.000,200,96.070,2500,96.100,2019-03-07,14:12:58,00";
var hq_str_sh603259="药明康德,98.000,98.280,96.100,98.000,93.410,96.040,96.090,6263011,596962130.000,100,96.040,500,96.000,5100,95.900,3000,95.850,1000,95.800,100,96.090,800,96.100,800,96.180,600,96.190,8100,96.200,2019-03-07,14:13:58,00";
var hq_str_sh603259="药明康德,98.000,98.280,95.990,98.000,93.410,95.980,95.990,6274711,598085446.000,300,95.980,100,95.960,5400,95.900,300,95.880,100,95.860,1300,95.990,14100,96.000,200,96.040,200,96.070,100,96.080,2019-03-07,14:14:58,00";
var hq_str_sh603259="药明康德,98.000,98.280,95.970,98.000,93.410,95.920,95.980,6287411,599303866.000,700,95.920,300,95.880,300,95.860,3000,95.850,1100,95.800,200,95.980,100,95.990,9200,96.000,100,96.040,400,96.070,2019-03-07,14:15:58,00";
var hq_str_sh603259="药明康德,98.000,98.280,95.920,98.000,93.410,95.920,95.980,6295911,600118921.000,300,95.920,500,95.850,400,95.810,600,95.800,800,95.790,100,95.980,11100,95.990,9500,96.000,100,96.040,400,96.070,2019-03-07,14:16:58,00";
var hq_str_sh603259="药明康德,98.000,98.280,96.100,98.000,93.410,96.100,96.180,6328111,603210129.000,2100,96.100,600,96.050,100,96.040,17700,96.000,500,95.950,200,96.180,700,96.190,8200,96.200,10600,96.300,600,96.330,2019-03-07,14:17:58,00";
var hq_str_sh603259="药明康德,98.000,98.280,96.000,98.000,93.410,96.000,96.060,6353011,605601011.000,300,96.000,1100,95.950,500,95.940,100,95.820,400,95.810,500,96.060,1200,96.090,11600,96.100,100,96.110,200,96.180,2019-03-07,14:18:58,00";
var hq_str_sh603259="药明康德,98.000,98.280,96.000,98.000,93.410,95.960,95.980,6380311,608222151.000,300,95.960,1300,95.950,9200,95.940,1000,95.900,100,95.820,500,95.980,6500,96.000,9100,96.100,100,96.110,200,96.180,2019-03-07,14:19:58,00";
var hq_str_sh603259="药明康德,98.000,98.280,96.040,98.000,93.410,96.040,96.090,6391211,609268528.000,100,96.040,1400,96.000,100,95.980,100,95.960,1300,95.950,400,96.090,10600,96.100,100,96.110,700,96.180,600,96.190,2019-03-07,14:20:58,00";
var hq_str_sh603259="药明康德,98.000,98.280,96.100,98.000,93.410,96.080,96.090,6404611,610556143.000,700,96.080,200,96.010,7500,96.000,100,95.960,1300,95.950,100,96.090,1200,96.100,100,96.110,1200,96.180,900,96.190,2019-03-07,14:21:58,00";
var hq_str_sh603259="药明康德,98.000,98.280,96.000,98.000,93.410,96.110,96.150,6417911,611833432.000,100,96.110,200,96.010,5700,96.000,100,95.960,1300,95.950,700,96.150,100,96.170,1300,96.180,1000,96.190,9100,96.200,2019-03-07,14:22:56,00";
var hq_str_sh603259="药明康德,98.000,98.280,96.050,98.000,93.410,96.050,96.100,6423611,612381089.000,400,96.050,200,96.010,7400,96.000,100,95.960,1400,95.950,1300,96.100,200,96.160,700,96.170,1300,96.180,1000,96.190,2019-03-07,14:23:58,00";
var hq_str_sh603259="药明康德,98.000,98.280,96.100,98.000,93.410,96.110,96.160,6432811,613265110.000,100,96.110,700,96.100,1000,96.090,900,96.050,300,96.010,800,96.160,400,96.170,1300,96.180,1000,96.190,8700,96.200,2019-03-07,14:24:58,00";
var hq_str_sh603259="药明康德,98.000,98.280,96.180,98.000,93.410,96.190,96.200,6442311,614178714.000,300,96.190,100,96.180,700,96.160,200,96.130,700,96.110,7800,96.200,100,96.280,8500,96.300,600,96.330,500,96.380,2019-03-07,14:25:58,00";
var hq_str_sh603259="药明康德,98.000,98.280,96.000,98.000,93.410,96.000,96.050,6479711,617774501.000,2400,96.000,100,95.960,1700,95.950,8800,95.940,1600,95.900,200,96.050,5400,96.110,1000,96.180,1500,96.290,800,96.300,2019-03-07,14:26:58,00";
var hq_str_sh603259="药明康德,98.000,98.280,96.010,98.000,93.410,96.000,96.070,6498711,619598730.000,300,96.000,1300,95.950,8800,95.940,1600,95.900,600,95.880,200,96.070,3500,96.100,5400,96.110,100,96.120,1500,96.160,2019-03-07,14:27:58,00";
var hq_str_sh603259="药明康德,98.000,98.280,95.900,98.000,93.410,95.900,95.910,6524611,622084359.000,500,95.900,100,95.890,600,95.880,700,95.810,1000,95.800,100,95.910,2400,95.920,1900,95.930,300,95.940,200,95.960,2019-03-07,14:28:58,00";
var hq_str_sh603259="药明康德,98.000,98.280,95.800,98.000,93.410,95.800,95.810,6535911,623167653.000,1000,95.800,800,95.790,200,95.780,100,95.710,500,95.660,1200,95.810,100,95.820,16700,95.880,200,95.890,3500,95.900,2019-03-07,14:29:56,00";
var hq_str_sh603259="药明康德,98.000,98.280,95.760,98.000,93.410,95.760,95.780,6544311,623972312.000,100,95.760,400,95.710,1500,95.700,500,95.660,400,95.610,1000,95.780,1800,95.790,200,95.800,1000,95.870,16700,95.880,2019-03-07,14:30:58,00";
var hq_str_sh603259="药明康德,98.000,98.280,95.740,98.000,93.410,95.740,95.760,6551711,624680659.000,1700,95.740,3900,95.720,4600,95.700,500,95.660,500,95.610,700,95.760,1000,95.770,800,95.780,100,95.800,200,95.850,2019-03-07,14:31:58,00";
var hq_str_sh603259="药明康德,98.000,98.280,95.880,98.000,93.410,95.870,95.880,6564811,625936112.000,20300,95.870,300,95.830,100,95.810,7100,95.800,100,95.770,11200,95.880,2800,95.900,300,95.940,100,95.970,1300,95.980,2019-03-07,14:32:58,00";
var hq_str_sh603259="药明康德,98.000,98.280,95.880,98.000,93.410,95.880,95.900,6581111,627498944.000,7200,95.880,19100,95.870,600,95.830,100,95.810,8100,95.800,200,95.900,300,95.940,100,95.970,1300,95.980,1000,95.990,2019-03-07,14:33:58,00";
var hq_str_sh603259="药明康德,98.000,98.280,96.000,98.000,93.410,95.960,96.000,6604511,629745088.000,100,95.960,300,95.910,1900,95.900,100,95.890,7400,95.880,1900,96.000,100,96.010,1500,96.020,100,96.070,1000,96.090,2019-03-07,14:34:58,00";
var hq_str_sh603259="药明康德,98.000,98.280,96.020,98.000,93.410,96.020,96.070,6618811,631117849.000,500,96.020,3300,96.000,900,95.990,200,95.980,300,95.960,100,96.070,1000,96.090,4300,96.100,100,96.110,100,96.120,2019-03-07,14:35:58,00";
var hq_str_sh603259="药明康德,98.000,98.280,96.000,98.000,93.410,96.000,96.070,6635911,632759729.000,200,96.000,1100,95.960,2400,95.930,1400,95.910,2500,95.900,5300,96.070,1000,96.080,4300,96.100,100,96.110,100,96.120,2019-03-07,14:36:58,00";
var hq_str_sh603259="药明康德,98.000,98.280,96.100,98.000,93.410,96.080,96.100,6649011,634018265.000,5800,96.080,9500,96.070,100,96.010,18300,96.000,700,95.980,900,96.100,100,96.110,100,96.120,200,96.140,100,96.160,2019-03-07,14:37:58,00";
var hq_str_sh603259="药明康德,98.000,98.280,96.080,98.000,93.410,96.080,96.100,6678911,636891164.000,700,96.080,1800,96.070,500,96.010,19700,96.000,700,95.980,1000,96.100,200,96.190,300,96.200,500,96.280,1000,96.290,2019-03-07,14:38:58,00";
var hq_str_sh603259="药明康德,98.000,98.280,95.880,98.000,93.410,95.870,95.880,6716511,640500179.000,200,95.870,500,95.840,400,95.830,3800,95.800,100,95.750,9800,95.880,100,95.930,100,95.950,800,95.960,200,95.980,2019-03-07,14:39:58,00";
var hq_str_sh603259="药明康德,98.000,98.280,95.870,98.000,93.410,95.870,95.880,6735611,642330847.000,8500,95.870,400,95.860,900,95.850,2700,95.840,100,95.830,9100,95.880,5100,95.910,100,95.930,800,95.960,200,95.980,2019-03-07,14:40:58,00";
var hq_str_sh603259="药明康德,98.000,98.280,95.860,98.000,93.410,95.850,95.860,6765211,645168929.000,1200,95.850,2800,95.840,100,95.830,100,95.820,1700,95.810,200,95.860,200,95.870,200,95.880,1000,95.960,300,95.970,2019-03-07,14:41:58,00";
var hq_str_sh603259="药明康德,98.000,98.280,95.970,98.000,93.410,95.960,95.970,6775511,646157014.000,6600,95.960,2600,95.950,100,95.910,1100,95.900,200,95.880,100,95.970,800,95.980,3200,95.990,20700,96.000,100,96.020,2019-03-07,14:42:56,00";
var hq_str_sh603259="药明康德,98.000,98.280,95.980,98.000,93.410,95.980,95.990,6800311,648537265.000,4400,95.980,2100,95.970,3900,95.960,2600,95.950,100,95.910,4000,95.990,21700,96.000,100,96.010,100,96.020,400,96.030,2019-03-07,14:43:58,00";
var hq_str_sh603259="药明康德,98.000,98.280,96.000,98.000,93.410,95.900,95.990,6860911,654354359.000,1000,95.900,1200,95.880,2800,95.870,300,95.860,400,95.850,100,95.990,1200,96.000,100,96.020,400,96.030,100,96.060,2019-03-07,14:44:58,00";
var hq_str_sh603259="药明康德,98.000,98.280,95.830,98.000,93.410,95.830,95.840,6877311,655926602.000,1200,95.830,1700,95.810,2700,95.800,100,95.750,100,95.740,100,95.840,800,95.850,400,95.860,10100,95.870,800,95.880,2019-03-07,14:45:58,00";
var hq_str_sh603259="药明康德,98.000,98.280,95.460,98.000,93.410,95.460,95.510,6910011,659055890.000,1000,95.460,500,95.440,100,95.420,100,95.400,600,95.360,107,95.510,9000,95.660,600,95.700,200,95.720,3300,95.790,2019-03-07,14:46:58,00";
var hq_str_sh603259="药明康德,98.000,98.280,95.510,98.000,93.410,95.510,95.570,6925118,660498329.000,293,95.510,600,95.450,200,95.440,100,95.420,1500,95.410,500,95.570,600,95.580,200,95.640,1000,95.650,8400,95.660,2019-03-07,14:47:58,00";
var hq_str_sh603259="药明康德,98.000,98.280,95.480,98.000,93.410,95.490,95.500,6938118,661739684.000,500,95.490,1800,95.480,500,95.470,2793,95.460,3700,95.450,400,95.500,1500,95.510,700,95.570,800,95.580,400,95.640,2019-03-07,14:48:56,00";
var hq_str_sh603259="药明康德,98.000,98.280,95.570,98.000,93.410,95.570,95.630,6950718,662943809.000,600,95.570,200,95.560,18000,95.550,9100,95.500,600,95.490,2800,95.630,2700,95.640,2100,95.650,8400,95.660,300,95.700,2019-03-07,14:49:58,00";
var hq_str_sh603259="药明康德,98.000,98.280,95.590,98.000,93.410,95.590,95.600,6960618,663890137.000,3800,95.590,600,95.570,7200,95.560,18100,95.550,400,95.530,4000,95.600,700,95.610,4500,95.620,10100,95.630,2700,95.640,2019-03-07,14:50:58,00";
var hq_str_sh603259="药明康德,98.000,98.280,95.590,98.000,93.410,95.590,95.600,6991618,666852771.000,500,95.590,9200,95.550,400,95.530,28400,95.500,1800,95.490,2700,95.600,8000,95.610,3300,95.620,3400,95.630,2700,95.640,2019-03-07,14:51:58,00";
var hq_str_sh603259="药明康德,98.000,98.280,95.510,98.000,93.410,95.500,95.510,7021518,669708822.000,14700,95.500,1800,95.490,2900,95.480,2393,95.460,3600,95.450,5700,95.510,1000,95.540,5200,95.550,2600,95.580,2700,95.590,2019-03-07,14:52:58,00";
var hq_str_sh603259="药明康德,98.000,98.280,95.480,98.000,93.410,95.460,95.480,7056418,673041668.000,2293,95.460,3600,95.450,400,95.440,100,95.420,200,95.410,100,95.480,8500,95.490,6800,95.500,5000,95.510,200,95.520,2019-03-07,14:53:58,00";
var hq_str_sh603259="药明康德,98.000,98.280,95.430,98.000,93.410,95.410,95.420,7078911,675188969.000,700,95.410,14100,95.400,1000,95.380,1500,95.360,100,95.350,1000,95.420,600,95.430,300,95.440,6700,95.450,11800,95.460,2019-03-07,14:54:58,00";
var hq_str_sh603259="药明康德,98.000,98.280,95.360,98.000,93.410,95.360,95.380,7112011,678346817.000,1300,95.360,500,95.350,100,95.320,3700,95.300,200,95.290,400,95.380,400,95.390,500,95.400,400,95.410,200,95.420,2019-03-07,14:55:58,00";
var hq_str_sh603259="药明康德,98.000,98.280,95.380,98.000,93.410,95.380,95.390,7131911,680244559.000,4100,95.380,2000,95.360,5500,95.350,100,95.330,6800,95.320,300,95.390,600,95.400,200,95.420,1000,95.430,4000,95.450,2019-03-07,14:56:58,00";
var hq_str_sh603259="药明康德,98.000,98.280,95.380,98.000,93.410,95.380,95.380,7131911,680244559.000,22400,95.380,4500,0.000,0,0.000,0,0.000,0,0.000,22400,95.380,0,0.000,0,0.000,0,0.000,0,0.000,2019-03-07,14:57:58,00";
var hq_str_sh603259="药明康德,98.000,98.280,95.380,98.000,93.410,95.380,95.380,7131911,680244559.000,37300,95.380,6100,0.000,0,0.000,0,0.000,0,0.000,37300,95.380,0,0.000,0,0.000,0,0.000,0,0.000,2019-03-07,14:58:58,00";
