var hq_str_sh603259="药明康德,65.500,65.920,65.500,65.500,65.500,65.500,65.560,64040,4194620.000,21660,65.500,100,65.450,1300,65.410,7000,65.370,800,65.320,1000,65.560,1200,65.580,4040,65.590,4820,65.600,4900,65.700,2019-07-08,09:29:51,00";
var hq_str_sh603259="药明康德,65.500,65.920,65.200,65.700,65.200,65.200,65.570,192800,12622997.000,1200,65.200,200,65.180,100,65.160,100,65.130,400,65.120,340,65.570,420,65.580,1500,65.640,1500,65.650,1500,65.690,2019-07-08,09:30:58,00";
var hq_str_sh603259="药明康德,65.500,65.920,65.710,65.800,65.100,65.380,65.700,308140,20191905.000,400,65.380,1900,65.370,700,65.300,500,65.240,4500,65.230,600,65.700,100,65.710,2000,65.750,1000,65.760,200,65.770,2019-07-08,09:31:58,00";
var hq_str_sh603259="药明康德,65.500,65.920,65.380,65.800,65.100,65.380,65.400,331680,21736098.000,300,65.380,200,65.370,700,65.310,2800,65.300,2000,65.270,540,65.400,2400,65.480,400,65.500,1000,65.590,2600,65.600,2019-07-08,09:32:58,00";
var hq_str_sh603259="药明康德,65.500,65.920,65.410,65.800,65.100,65.330,65.410,362560,23757045.000,300,65.330,700,65.310,2820,65.300,200,65.280,2200,65.270,100,65.410,140,65.500,480,65.580,400,65.590,5760,65.600,2019-07-08,09:33:58,00";
var hq_str_sh603259="药明康德,65.500,65.920,65.360,65.800,65.100,65.360,65.400,385240,25240528.000,300,65.360,2820,65.350,300,65.330,400,65.320,700,65.310,200,65.400,400,65.410,15640,65.470,700,65.580,380,65.590,2019-07-08,09:34:58,00";
var hq_str_sh603259="药明康德,65.500,65.920,65.930,65.960,65.100,65.880,65.930,474660,31115762.000,100,65.880,3100,65.860,100,65.810,12420,65.800,100,65.760,100,65.930,500,65.950,1240,65.960,3000,65.970,4000,65.980,2019-07-08,09:35:58,00";
var hq_str_sh603259="药明康德,65.500,65.920,65.910,65.960,65.100,65.820,65.860,508560,33349060.000,700,65.820,400,65.810,7820,65.800,1500,65.750,20000,65.700,10000,65.860,600,65.910,700,65.930,900,65.940,2500,65.950,2019-07-08,09:36:58,00";
var hq_str_sh603259="药明康德,65.500,65.920,65.670,65.960,65.100,65.520,65.670,566300,37140500.000,6500,65.520,6380,65.510,159960,65.500,500,65.420,6800,65.400,1300,65.670,600,65.700,400,65.750,33500,65.760,27600,65.770,2019-07-08,09:37:58,00";
var hq_str_sh603259="药明康德,65.500,65.920,65.750,65.960,65.100,65.700,65.760,637040,41784986.000,2300,65.700,1900,65.690,1200,65.630,1000,65.610,3000,65.600,14500,65.760,27600,65.770,2780,65.800,100,65.820,2450,65.900,2019-07-08,09:38:58,00";
var hq_str_sh603259="药明康德,65.500,65.920,65.500,65.960,65.100,65.500,65.510,829160,54371855.000,12140,65.500,600,65.460,1900,65.400,700,65.390,1900,65.380,3700,65.510,3200,65.520,2820,65.670,3320,65.690,23320,65.700,2019-07-08,09:39:59,00";
var hq_str_sh603259="药明康德,65.500,65.920,65.260,65.960,65.100,65.260,65.300,875640,57410283.000,1560,65.260,2100,65.250,600,65.230,8960,65.220,1000,65.210,300,65.300,500,65.310,1500,65.380,120,65.390,5200,65.400,2019-07-08,09:40:59,00";
var hq_str_sh603259="药明康德,65.500,65.920,65.400,65.960,65.100,65.360,65.400,910820,59709637.000,200,65.360,1100,65.340,1100,65.330,2440,65.310,18240,65.300,3420,65.400,6700,65.500,100,65.510,2900,65.520,1260,65.650,2019-07-08,09:41:58,00";
var hq_str_sh603259="药明康德,65.500,65.920,65.300,65.960,65.100,65.290,65.300,941760,61732814.000,6600,65.290,1900,65.280,1100,65.270,600,65.260,3700,65.250,16160,65.300,1120,65.350,200,65.360,100,65.400,1400,65.490,2019-07-08,09:42:59,00";
var hq_str_sh603259="药明康德,65.500,65.920,65.260,65.960,65.100,65.250,65.260,986160,64631539.000,3200,65.250,100,65.240,1100,65.230,8960,65.220,1100,65.210,6940,65.260,320,65.280,100,65.290,440,65.300,2020,65.350,2019-07-08,09:43:55,00";
var hq_str_sh603259="药明康德,65.500,65.920,65.290,65.960,65.100,65.300,65.360,1011300,66272606.000,800,65.300,340,65.290,6020,65.280,2100,65.270,4540,65.260,200,65.360,200,65.480,1800,65.490,2190,65.500,2100,65.510,2019-07-08,09:44:59,00";
var hq_str_sh603259="药明康德,65.500,65.920,65.480,65.960,65.100,65.350,65.400,1019840,66830778.000,1300,65.350,1800,65.340,1660,65.330,100,65.320,600,65.310,300,65.400,1000,65.480,1800,65.490,2990,65.500,2100,65.510,2019-07-08,09:45:59,00";
var hq_str_sh603259="药明康德,65.500,65.920,65.330,65.960,65.100,65.330,65.350,1034920,67816124.000,380,65.330,1600,65.310,7740,65.300,500,65.290,4500,65.280,460,65.350,40,65.400,1000,65.450,1000,65.470,480,65.480,2019-07-08,09:46:59,00";
var hq_str_sh603259="药明康德,65.500,65.920,65.500,65.960,65.100,65.500,65.510,1055830,69183662.000,1150,65.500,200,65.330,7500,65.320,1500,65.310,7940,65.300,2100,65.510,4900,65.520,3500,65.670,18820,65.690,23020,65.700,2019-07-08,09:47:59,00";
var hq_str_sh603259="药明康德,65.500,65.920,65.660,65.960,65.100,65.650,65.660,1078530,70672492.000,1900,65.650,1000,65.550,800,65.540,1900,65.530,1500,65.520,1440,65.660,2400,65.670,18820,65.690,23160,65.700,400,65.750,2019-07-08,09:48:59,00";
var hq_str_sh603259="药明康德,65.500,65.920,65.570,65.960,65.100,65.570,65.580,1107870,72598735.000,800,65.570,1600,65.560,11100,65.550,1000,65.530,1500,65.520,800,65.580,200,65.600,200,65.650,1560,65.660,7000,65.670,2019-07-08,09:49:59,00";
var hq_str_sh603259="药明康德,65.500,65.920,65.590,65.960,65.100,65.590,65.610,1130070,74055470.000,200,65.590,5400,65.570,900,65.560,13600,65.550,1000,65.530,4500,65.610,100,65.620,1480,65.640,11140,65.650,2560,65.660,2019-07-08,09:50:59,00";
var hq_str_sh603259="药明康德,65.500,65.920,65.700,65.960,65.100,65.660,65.700,1211830,79423054.000,1340,65.660,540,65.650,500,65.600,1260,65.580,5900,65.570,13780,65.700,400,65.750,27500,65.770,2380,65.800,600,65.820,2019-07-08,09:52:01,00";
var hq_str_sh603259="药明康德,65.500,65.920,65.730,65.960,65.100,65.700,65.720,1282430,84064988.000,900,65.700,100,65.690,400,65.680,1300,65.660,340,65.650,400,65.720,1380,65.730,560,65.770,100,65.800,100,65.850,2019-07-08,09:52:59,00";
var hq_str_sh603259="药明康德,65.500,65.920,65.580,65.960,65.100,65.570,65.580,1292670,84737599.000,6000,65.570,300,65.560,10600,65.550,700,65.530,1750,65.500,1600,65.580,260,65.650,2120,65.680,1100,65.700,2560,65.770,2019-07-08,09:53:59,00";
var hq_str_sh603259="药明康德,65.500,65.920,65.550,65.960,65.100,65.550,65.570,1322257,86677438.000,2613,65.550,700,65.530,300,65.510,2950,65.500,1000,65.480,4340,65.570,200,65.580,260,65.650,2120,65.680,1100,65.700,2019-07-08,09:54:59,00";
var hq_str_sh603259="药明康德,65.500,65.920,65.430,65.960,65.100,65.430,65.480,1335720,87559437.000,100,65.430,2500,65.400,2100,65.380,7600,65.330,1000,65.320,100,65.480,100,65.490,141150,65.500,500,65.510,700,65.530,2019-07-08,09:55:59,00";
var hq_str_sh603259="药明康德,65.500,65.920,65.330,65.960,65.100,65.330,65.360,1355120,88827926.000,700,65.330,1600,65.320,2600,65.310,8540,65.300,700,65.290,1500,65.360,1180,65.380,300,65.390,500,65.400,18000,65.410,2019-07-08,09:56:58,00";
var hq_str_sh603259="药明康德,65.500,65.920,65.410,65.960,65.100,65.360,65.410,1368100,89676257.000,100,65.360,2700,65.350,700,65.340,900,65.330,2700,65.320,17600,65.410,2600,65.430,100,65.460,100,65.500,500,65.510,2019-07-08,09:57:59,00";
var hq_str_sh603259="药明康德,65.500,65.920,65.460,65.960,65.100,65.460,65.490,1400400,91789156.000,800,65.460,560,65.450,1100,65.440,3000,65.430,900,65.420,600,65.490,1000,65.500,500,65.510,740,65.530,3500,65.570,2019-07-08,09:58:59,00";
var hq_str_sh603259="药明康德,65.500,65.920,65.490,65.960,65.100,65.490,65.560,1414140,92689348.000,240,65.490,1800,65.460,5560,65.450,2800,65.430,1200,65.380,2220,65.560,3500,65.570,500,65.580,2240,65.600,300,65.660,2019-07-08,09:59:59,00";
var hq_str_sh603259="药明康德,65.500,65.920,65.450,65.960,65.100,65.450,65.560,1431520,93828173.000,5360,65.450,2800,65.430,1200,65.380,2000,65.350,300,65.340,400,65.560,600,65.570,500,65.580,5240,65.600,2400,65.660,2019-07-08,10:00:55,00";
var hq_str_sh603259="药明康德,65.500,65.920,65.460,65.960,65.100,65.450,65.460,1451420,95131217.000,900,65.450,2100,65.430,1200,65.380,1800,65.350,500,65.340,500,65.460,3060,65.500,800,65.510,1400,65.550,21800,65.560,2019-07-08,10:01:55,00";
var hq_str_sh603259="药明康德,65.500,65.920,65.360,65.960,65.100,65.360,65.370,1471620,96452778.000,700,65.360,1900,65.350,300,65.340,7000,65.330,2400,65.320,15300,65.370,300,65.440,2680,65.450,3260,65.500,900,65.510,2019-07-08,10:02:58,00";
var hq_str_sh603259="药明康德,65.500,65.920,65.380,65.960,65.100,65.370,65.380,1507440,98794569.000,6860,65.370,800,65.360,820,65.350,300,65.340,600,65.330,29100,65.380,300,65.390,800,65.450,1260,65.500,900,65.510,2019-07-08,10:03:55,00";
var hq_str_sh603259="药明康德,65.500,65.920,65.490,65.960,65.100,65.400,65.480,1552540,101743440.000,1300,65.400,200,65.390,1300,65.380,3360,65.370,1000,65.360,380,65.480,400,65.490,22760,65.500,900,65.510,3040,65.550,2019-07-08,10:04:59,00";
var hq_str_sh603259="药明康德,65.500,65.920,65.400,65.960,65.100,65.390,65.400,1568440,102783430.000,1000,65.390,3300,65.380,3160,65.370,900,65.360,1020,65.350,3100,65.400,300,65.480,400,65.490,21380,65.500,1200,65.510,2019-07-08,10:05:59,00";
var hq_str_sh603259="药明康德,65.500,65.920,65.330,65.960,65.100,65.330,65.340,1586520,103965266.000,900,65.330,2400,65.320,1000,65.310,2900,65.300,200,65.290,880,65.340,580,65.350,740,65.360,13640,65.370,8400,65.390,2019-07-08,10:06:58,00";
var hq_str_sh603259="药明康德,65.500,65.920,65.340,65.960,65.100,65.330,65.340,1620060,106157335.000,500,65.330,1160,65.320,1000,65.310,4800,65.300,200,65.290,3120,65.340,100,65.350,11380,65.360,6700,65.390,2400,65.400,2019-07-08,10:07:59,00";
var hq_str_sh603259="药明康德,65.500,65.920,65.290,65.960,65.100,65.290,65.300,1639120,107402287.000,100,65.290,1800,65.280,100,65.270,2840,65.260,2500,65.250,200,65.300,5100,65.310,12800,65.330,280,65.340,10000,65.350,2019-07-08,10:08:58,00";
var hq_str_sh603259="药明康德,65.500,65.920,65.260,65.960,65.100,65.260,65.280,1657060,108573173.000,600,65.260,1700,65.230,300,65.220,800,65.210,5800,65.200,11040,65.280,22300,65.290,6100,65.300,200,65.310,8000,65.330,2019-07-08,10:09:58,00";
var hq_str_sh603259="药明康德,65.500,65.920,65.100,65.960,65.100,65.110,65.120,1698060,111244917.000,500,65.110,100,65.100,200,65.080,400,65.070,6600,65.060,720,65.120,1000,65.140,5400,65.150,200,65.170,1320,65.180,2019-07-08,10:10:59,00";
var hq_str_sh603259="药明康德,65.500,65.920,65.100,65.960,65.050,65.060,65.100,1737500,113811671.000,80,65.060,1480,65.050,400,65.040,1100,65.030,2000,65.020,200,65.100,7800,65.120,1320,65.140,200,65.170,15820,65.180,2019-07-08,10:11:58,00";
var hq_str_sh603259="药明康德,65.500,65.920,64.880,65.960,64.880,64.880,64.890,1835860,120205041.000,500,64.880,200,64.870,300,64.860,3300,64.830,700,64.820,320,64.890,7960,64.900,6000,64.950,1620,64.970,6300,64.980,2019-07-08,10:12:59,00";
var hq_str_sh603259="药明康德,65.500,65.920,64.850,65.960,64.810,64.830,64.850,1885600,123430548.000,100,64.830,1960,64.810,6300,64.800,300,64.780,200,64.750,9620,64.850,600,64.890,200,64.900,8000,64.930,15000,64.940,2019-07-08,10:13:59,00";
var hq_str_sh603259="药明康德,65.500,65.920,64.750,65.960,64.710,64.710,64.750,1943520,127182145.000,940,64.710,6300,64.700,6200,64.690,4300,64.680,600,64.660,22880,64.750,1740,64.770,10740,64.780,2340,64.800,1600,64.810,2019-07-08,10:14:59,00";
var hq_str_sh603259="药明康德,65.500,65.920,64.690,65.960,64.690,64.690,64.700,1987180,130007800.000,1480,64.690,4500,64.680,200,64.670,600,64.660,5400,64.650,27400,64.700,1500,64.730,20740,64.750,2240,64.770,10740,64.780,2019-07-08,10:15:59,00";
var hq_str_sh603259="药明康德,65.500,65.920,64.680,65.960,64.670,64.670,64.680,2030760,132826931.000,3200,64.670,2400,64.660,6300,64.650,2500,64.640,200,64.630,5520,64.680,100,64.690,23420,64.700,1700,64.730,12440,64.750,2019-07-08,10:16:58,00";
var hq_str_sh603259="药明康德,65.500,65.920,64.650,65.960,64.640,64.640,64.650,2076400,135778064.000,1100,64.640,1200,64.630,3400,64.620,1900,64.610,11000,64.600,10600,64.650,8480,64.660,500,64.670,10700,64.690,22620,64.700,2019-07-08,10:17:59,00";
var hq_str_sh603259="药明康德,65.500,65.920,64.570,65.960,64.560,64.560,64.570,2135000,139563948.000,14700,64.560,100,64.550,5700,64.530,10700,64.520,2400,64.510,5460,64.570,720,64.590,18140,64.600,1840,64.620,5700,64.630,2019-07-08,10:18:59,00";
var hq_str_sh603259="药明康德,65.500,65.920,64.360,65.960,64.330,64.320,64.350,2235400,146038901.000,200,64.320,2400,64.310,1200,64.300,3400,64.280,100,64.270,400,64.350,12420,64.360,100,64.370,200,64.380,2120,64.390,2019-07-08,10:19:55,00";
var hq_str_sh603259="药明康德,65.500,65.920,64.240,65.960,64.200,64.230,64.250,2278280,148794173.000,600,64.230,2100,64.220,2100,64.210,3660,64.200,500,64.180,1660,64.250,800,64.260,4300,64.270,10040,64.290,100,64.300,2019-07-08,10:20:59,00";
var hq_str_sh603259="药明康德,65.500,65.920,64.080,65.960,64.050,64.060,64.080,2361600,154140282.000,2100,64.060,2400,64.050,500,64.040,6400,64.030,1300,64.020,40,64.080,11840,64.100,400,64.120,4100,64.130,5400,64.140,2019-07-08,10:21:58,00";
var hq_str_sh603259="药明康德,65.500,65.920,64.350,65.960,64.030,64.280,64.350,2441780,159282865.000,400,64.280,600,64.270,700,64.250,2500,64.220,6200,64.200,3900,64.350,1500,64.390,300,64.460,100,64.480,26700,64.500,2019-07-08,10:22:59,00";
var hq_str_sh603259="药明康德,65.500,65.920,64.390,65.960,64.030,64.380,64.390,2473560,161328615.000,320,64.380,800,64.370,300,64.360,700,64.330,1400,64.320,3680,64.390,5000,64.450,500,64.460,3900,64.480,300,64.490,2019-07-08,10:23:58,00";
var hq_str_sh603259="药明康德,65.500,65.920,64.400,65.960,64.030,64.380,64.400,2516680,164106290.000,200,64.380,4600,64.370,900,64.360,1300,64.350,1200,64.330,24460,64.400,400,64.410,2700,64.420,300,64.430,160,64.450,2019-07-08,10:24:59,00";
var hq_str_sh603259="药明康德,65.500,65.920,64.220,65.960,64.030,64.220,64.300,2558320,166785119.000,3560,64.220,700,64.210,11800,64.200,300,64.190,8200,64.180,1180,64.300,8900,64.310,400,64.320,240,64.340,9600,64.350,2019-07-08,10:25:59,00";
var hq_str_sh603259="药明康德,65.500,65.920,64.280,65.960,64.030,64.280,64.290,2578620,168089810.000,2600,64.280,1660,64.270,700,64.260,500,64.250,3340,64.230,7880,64.290,4620,64.300,6800,64.310,400,64.320,140,64.340,2019-07-08,10:26:59,00";
var hq_str_sh603259="药明康德,65.500,65.920,64.290,65.960,64.030,64.280,64.290,2612280,170253305.000,500,64.280,5620,64.270,5180,64.260,1500,64.250,1000,64.240,2100,64.290,3120,64.300,5400,64.310,500,64.320,140,64.340,2019-07-08,10:27:59,00";
var hq_str_sh603259="药明康德,65.500,65.920,64.280,65.960,64.030,64.280,64.290,2641060,172103351.000,3720,64.280,4320,64.270,5480,64.260,2100,64.250,300,64.240,9800,64.290,10540,64.300,500,64.320,140,64.340,9800,64.350,2019-07-08,10:28:58,00";
var hq_str_sh603259="药明康德,65.500,65.920,64.290,65.960,64.030,64.290,64.300,2677340,174435536.000,4260,64.290,100,64.280,4320,64.270,5880,64.260,1900,64.250,8320,64.300,500,64.320,140,64.340,9600,64.350,300,64.370,2019-07-08,10:29:58,00";
var hq_str_sh603259="药明康德,65.500,65.920,64.230,65.960,64.030,64.230,64.240,2748600,179015911.000,1140,64.230,2500,64.220,400,64.210,12000,64.200,200,64.190,100,64.240,2100,64.250,800,64.260,340,64.270,800,64.280,2019-07-08,10:30:58,00";
var hq_str_sh603259="药明康德,65.500,65.920,64.060,65.960,64.010,64.010,64.160,2814980,183274299.000,8105,64.010,27900,64.000,400,63.990,3800,63.980,300,63.970,2380,64.160,16000,64.170,3200,64.180,7900,64.200,1960,64.230,2019-07-08,10:31:59,00";
var hq_str_sh603259="药明康德,65.500,65.920,64.000,65.960,64.000,63.990,64.000,2883585,187666132.000,1000,63.990,3700,63.980,300,63.970,1400,63.960,20100,63.930,4275,64.000,840,64.020,25950,64.150,6300,64.160,4980,64.170,2019-07-08,10:32:58,00";
var hq_str_sh603259="药明康德,65.500,65.920,63.970,65.960,63.950,63.970,63.990,2923565,190223814.000,3860,63.970,600,63.960,1440,63.950,1300,63.940,20600,63.930,3940,63.990,720,64.000,840,64.020,600,64.100,200,64.130,2019-07-08,10:33:58,00";
var hq_str_sh603259="药明康德,65.500,65.920,64.190,65.960,63.890,64.030,64.190,3019005,196327886.000,1300,64.030,500,64.010,29480,64.000,500,63.990,800,63.980,5300,64.190,26450,64.200,3240,64.220,1360,64.230,140,64.240,2019-07-08,10:34:58,00";
var hq_str_sh603259="药明康德,65.500,65.920,64.070,65.960,63.890,64.070,64.130,3055625,198674447.000,20,64.070,700,64.060,500,64.050,400,64.040,400,64.030,13800,64.130,23174,64.150,14600,64.190,1700,64.200,40,64.220,2019-07-08,10:35:58,00";
var hq_str_sh603259="药明康德,65.500,65.920,64.150,65.960,63.890,64.140,64.150,3077405,200071245.000,2300,64.140,1560,64.130,100,64.110,700,64.100,300,64.090,15974,64.150,13700,64.190,1400,64.200,40,64.220,1360,64.230,2019-07-08,10:37:01,00";
var hq_str_sh603259="药明康德,65.500,65.920,64.190,65.960,63.890,64.180,64.190,3132045,203578064.000,600,64.180,600,64.170,400,64.160,6500,64.150,600,64.140,9900,64.190,3994,64.210,80,64.220,540,64.240,1300,64.250,2019-07-08,10:37:58,00";
var hq_str_sh603259="药明康德,65.500,65.920,64.260,65.960,63.890,64.260,64.280,3171059,206083575.000,1300,64.260,500,64.240,100,64.230,1300,64.200,6,64.190,100,64.280,500,64.320,600,64.330,300,64.360,11900,64.370,2019-07-08,10:38:58,00";
var hq_str_sh603259="药明康德,65.500,65.920,64.350,65.960,63.890,64.330,64.350,3199799,207933030.000,100,64.330,300,64.320,200,64.310,1500,64.300,11400,64.280,3800,64.350,500,64.400,200,64.450,100,64.480,33900,64.490,2019-07-08,10:39:59,00";
var hq_str_sh603259="药明康德,65.500,65.920,64.380,65.960,63.890,64.340,64.380,3222099,209368569.000,1300,64.340,1300,64.330,300,64.320,100,64.310,1600,64.300,2160,64.380,2720,64.390,33460,64.400,600,64.420,5400,64.430,2019-07-08,10:40:58,00";
var hq_str_sh603259="药明康德,65.500,65.920,64.270,65.960,63.890,64.260,64.280,3259399,211766477.000,4000,64.260,200,64.250,300,64.240,100,64.230,200,64.210,1620,64.280,30200,64.300,320,64.350,2200,64.380,720,64.390,2019-07-08,10:42:01,00";
var hq_str_sh603259="药明康德,65.500,65.920,64.180,65.960,63.890,64.180,64.200,3278825,213014167.000,700,64.180,1680,64.160,5800,64.150,300,64.130,700,64.110,794,64.200,6280,64.210,6700,64.230,5400,64.250,1240,64.260,2019-07-08,10:42:58,00";
var hq_str_sh603259="药明康德,65.500,65.920,64.140,65.960,63.890,64.130,64.140,3316925,215459238.000,1000,64.130,300,64.120,600,64.110,700,64.100,500,64.080,18000,64.140,8200,64.150,1100,64.160,5094,64.170,2900,64.190,2019-07-08,10:43:58,00";
var hq_str_sh603259="药明康德,65.500,65.920,64.080,65.960,63.890,64.080,64.090,3332285,216444083.000,1000,64.080,1080,64.060,600,64.050,2200,64.030,1800,64.020,3060,64.090,7194,64.100,140,64.130,15000,64.140,300,64.150,2019-07-08,10:44:58,00";
var hq_str_sh603259="药明康德,65.500,65.920,64.090,65.960,63.890,64.070,64.090,3361845,218338683.000,1880,64.070,2200,64.030,1800,64.020,4800,64.010,20200,64.000,2534,64.090,12400,64.140,300,64.150,700,64.160,2900,64.190,2019-07-08,10:45:59,00";
var hq_str_sh603259="药明康德,65.500,65.920,64.160,65.960,63.890,64.090,64.110,3380779,219552229.000,200,64.090,2100,64.080,780,64.070,100,64.060,600,64.040,100,64.110,1780,64.160,2900,64.190,1440,64.260,2000,64.300,2019-07-08,10:46:59,00";
var hq_str_sh603259="药明康德,65.500,65.920,64.090,65.960,63.890,64.100,64.110,3393519,220369020.000,800,64.100,3060,64.090,700,64.080,1580,64.070,100,64.060,1080,64.110,80,64.160,1640,64.180,3400,64.190,320,64.200,2019-07-08,10:47:58,00";
var hq_str_sh603259="药明康德,65.500,65.920,64.160,65.960,63.890,64.110,64.160,3405099,221111952.000,1300,64.110,1500,64.100,3860,64.090,700,64.080,880,64.070,800,64.160,100,64.170,12900,64.180,3000,64.190,320,64.200,2019-07-08,10:48:59,00";
var hq_str_sh603259="药明康德,65.500,65.920,64.090,65.960,63.890,64.080,64.090,3425059,222391612.000,3100,64.080,500,64.070,100,64.060,600,64.040,2200,64.030,1678,64.090,1426,64.110,5240,64.140,11100,64.150,600,64.160,2019-07-08,10:49:58,00";
var hq_str_sh603259="药明康德,65.500,65.920,64.070,65.960,63.890,64.070,64.080,3435359,223051661.000,2300,64.070,400,64.060,600,64.040,2200,64.030,1900,64.020,3984,64.080,200,64.090,300,64.100,1380,64.110,5240,64.140,2019-07-08,10:50:59,00";
var hq_str_sh603259="药明康德,65.500,65.920,64.060,65.960,63.890,64.040,64.060,3458959,224563962.000,700,64.040,2200,64.030,1900,64.020,4900,64.010,21500,64.000,20,64.060,5904,64.070,5349,64.080,5240,64.140,300,64.160,2019-07-08,10:51:58,00";
var hq_str_sh603259="药明康德,65.500,65.920,63.930,65.960,63.890,63.910,63.920,3516859,228269212.000,2500,63.910,2400,63.900,1300,63.890,11000,63.880,800,63.870,100,63.920,240,63.930,100,63.950,21840,63.960,300,63.970,2019-07-08,10:52:58,00";
var hq_str_sh603259="药明康德,65.500,65.920,63.830,65.960,63.820,63.810,63.830,3568559,231571856.000,100,63.810,8700,63.800,3900,63.780,100,63.770,300,63.760,800,63.830,200,63.840,2640,63.850,19420,63.880,2100,63.890,2019-07-08,10:54:01,00";
var hq_str_sh603259="药明康德,65.500,65.920,63.680,65.960,63.680,63.680,63.760,3634459,235776045.000,100,63.680,100,63.670,2800,63.660,100,63.620,100,63.610,700,63.760,15500,63.780,1000,63.790,14500,63.800,980,63.830,2019-07-08,10:54:55,00";
var hq_str_sh603259="药明康德,65.500,65.920,63.550,65.960,63.520,63.530,63.550,3669959,238033911.000,100,63.530,1900,63.520,2200,63.510,7400,63.500,200,63.480,49340,63.550,1100,63.560,3780,63.600,1540,63.610,320,63.620,2019-07-08,10:55:59,00";
var hq_str_sh603259="药明康德,65.500,65.920,63.500,65.960,63.400,63.470,63.500,3739679,242461348.000,100,63.470,300,63.450,800,63.420,1200,63.410,3500,63.400,2000,63.500,2620,63.510,1120,63.550,2580,63.600,1440,63.610,2019-07-08,10:56:58,00";
var hq_str_sh603259="药明康德,65.500,65.920,63.520,65.960,63.400,63.520,63.550,3809439,246890789.000,300,63.520,400,63.500,2780,63.450,1060,63.440,900,63.430,2320,63.550,2680,63.600,1440,63.610,320,63.620,100,63.670,2019-07-08,10:57:58,00";
var hq_str_sh603259="药明康德,65.500,65.920,63.820,65.960,63.400,63.830,63.850,3843399,249053346.000,500,63.830,300,63.820,1500,63.810,1000,63.800,1700,63.790,840,63.850,280,63.860,400,63.880,200,63.900,500,63.910,2019-07-08,10:58:58,00";
var hq_str_sh603259="药明康德,65.500,65.920,63.820,65.960,63.400,63.810,63.820,3877399,251224407.000,1900,63.810,2340,63.800,800,63.780,300,63.750,1400,63.730,700,63.820,900,63.910,2300,63.920,1000,63.930,2000,63.940,2019-07-08,10:59:55,00";
var hq_str_sh603259="药明康德,65.500,65.920,63.900,65.960,63.400,63.890,63.900,3888359,251924371.000,1500,63.890,2320,63.880,200,63.860,600,63.850,1000,63.830,3400,63.900,100,63.910,1900,63.920,1000,63.930,1000,63.940,2019-07-08,11:00:58,00";
var hq_str_sh603259="药明康德,65.500,65.920,63.850,65.960,63.400,63.860,63.870,3912188,253446491.000,500,63.860,9200,63.850,200,63.830,1100,63.820,4300,63.810,140,63.870,700,63.880,1100,63.890,1600,63.900,100,63.910,2019-07-08,11:01:58,00";
var hq_str_sh603259="药明康德,65.500,65.920,63.990,65.960,63.400,63.960,63.990,3946428,255635299.000,400,63.960,600,63.950,1000,63.920,1100,63.910,1900,63.900,4180,63.990,9400,64.000,300,64.010,40,64.030,600,64.040,2019-07-08,11:02:58,00";
var hq_str_sh603259="药明康德,65.500,65.920,64.000,65.960,63.400,63.990,64.000,3980628,257823399.000,1300,63.990,1000,63.970,300,63.960,1000,63.950,700,63.920,2180,64.000,200,64.010,40,64.030,600,64.040,20,64.060,2019-07-08,11:03:58,00";
var hq_str_sh603259="药明康德,65.500,65.920,64.100,65.960,63.400,63.990,64.100,4017788,260203180.000,2100,63.990,900,63.980,1300,63.970,200,63.960,1100,63.950,1700,64.100,1200,64.110,10200,64.150,10400,64.160,3300,64.190,2019-07-08,11:04:58,00";
var hq_str_sh603259="药明康德,65.500,65.920,64.040,65.960,63.400,64.030,64.040,4034388,261266687.000,800,64.030,3000,64.010,12400,64.000,500,63.990,200,63.980,9900,64.040,7240,64.060,3000,64.070,300,64.080,1440,64.090,2019-07-08,11:05:59,00";
var hq_str_sh603259="药明康德,65.500,65.920,64.040,65.960,63.400,64.030,64.040,4064268,263179134.000,800,64.030,1600,64.010,3720,64.000,300,63.920,800,63.910,100,64.040,200,64.060,5000,64.070,380,64.080,900,64.090,2019-07-08,11:06:58,00";
var hq_str_sh603259="药明康德,65.500,65.920,64.010,65.960,63.400,63.910,64.010,4089488,264791843.000,500,63.910,100,63.900,400,63.880,100,63.860,5600,63.850,3500,64.010,100,64.030,100,64.040,3800,64.060,5000,64.070,2019-07-08,11:07:55,00";
var hq_str_sh603259="药明康德,65.500,65.920,63.840,65.960,63.400,63.830,63.840,4122788,266919149.000,2100,63.830,2800,63.820,4600,63.810,12400,63.800,300,63.770,2000,63.840,9400,63.890,240,64.000,400,64.010,300,64.040,2019-07-08,11:08:58,00";
var hq_str_sh603259="药明康德,65.500,65.920,64.050,65.960,63.400,64.050,64.060,4156928,269101913.000,560,64.050,400,64.000,100,63.900,5600,63.850,100,63.830,500,64.060,2800,64.070,2680,64.080,900,64.090,3500,64.100,2019-07-08,11:09:58,00";
var hq_str_sh603259="药明康德,65.500,65.920,64.120,65.960,63.400,64.110,64.120,4174588,270233825.000,1000,64.110,1500,64.100,2620,64.090,920,64.080,3800,64.070,5200,64.120,2000,64.130,4200,64.140,12000,64.150,12000,64.160,2019-07-08,11:10:58,00";
var hq_str_sh603259="药明康德,65.500,65.920,64.130,65.960,63.400,64.100,64.130,4196988,271669841.000,600,64.100,3920,64.090,320,64.080,3800,64.070,600,64.060,2700,64.130,4700,64.140,12000,64.150,12000,64.160,2000,64.170,2019-07-08,11:11:58,00";
var hq_str_sh603259="药明康德,65.500,65.920,64.100,65.960,63.400,64.090,64.100,4212588,272670096.000,3520,64.090,320,64.080,3800,64.070,600,64.060,500,64.050,1000,64.100,3600,64.140,12100,64.150,12200,64.160,2000,64.170,2019-07-08,11:12:58,00";
var hq_str_sh603259="药明康德,65.500,65.920,64.160,65.960,63.400,64.150,64.160,4233988,274042787.000,1880,64.150,920,64.140,200,64.130,800,64.110,1400,64.100,10800,64.160,2000,64.170,3300,64.190,10680,64.200,2000,64.220,2019-07-08,11:13:58,00";
var hq_str_sh603259="药明康德,65.500,65.920,64.150,65.960,63.400,64.110,64.150,4253568,275298952.000,800,64.110,500,64.100,3820,64.090,320,64.080,3800,64.070,1180,64.150,600,64.160,2000,64.170,4000,64.190,10680,64.200,2019-07-08,11:14:58,00";
var hq_str_sh603259="药明康德,65.500,65.920,64.100,65.960,63.400,64.090,64.100,4274568,276645206.000,5620,64.090,820,64.080,4000,64.070,600,64.060,500,64.050,8600,64.100,2100,64.140,440,64.150,100,64.160,2000,64.170,2019-07-08,11:15:58,00";
var hq_str_sh603259="药明康德,65.500,65.920,64.120,65.960,63.400,64.100,64.140,4287608,277481146.000,2700,64.100,6300,64.090,1320,64.080,4000,64.070,600,64.060,580,64.140,100,64.150,2000,64.170,4600,64.190,10680,64.200,2019-07-08,11:16:58,00";
var hq_str_sh603259="药明康德,65.500,65.920,64.160,65.960,63.400,64.160,64.170,4294588,277928859.000,400,64.160,3600,64.110,3800,64.100,5000,64.090,520,64.080,1600,64.170,4100,64.190,12680,64.200,2000,64.220,2840,64.260,2019-07-08,11:17:55,00";
var hq_str_sh603259="药明康德,65.500,65.920,64.190,65.960,63.400,64.170,64.190,4306288,278679459.000,900,64.170,100,64.140,1300,64.120,3200,64.110,4600,64.100,2000,64.190,6680,64.200,2000,64.220,2840,64.260,2100,64.270,2019-07-08,11:18:58,00";
var hq_str_sh603259="药明康德,65.500,65.920,64.220,65.960,63.400,64.250,64.260,4318303,279450825.000,300,64.250,700,64.220,4120,64.200,880,64.190,300,64.180,2340,64.260,2100,64.270,100,64.280,4100,64.300,2600,64.400,2019-07-08,11:19:58,00";
var hq_str_sh603259="药明康德,65.500,65.920,64.250,65.960,63.400,64.240,64.250,4338228,280731170.000,3400,64.240,6300,64.230,500,64.220,500,64.210,3620,64.200,6100,64.250,100,64.270,200,64.290,3140,64.300,500,64.380,2019-07-08,11:20:58,00";
var hq_str_sh603259="药明康德,65.500,65.920,64.360,65.960,63.400,64.300,64.380,4352068,281620719.000,3660,64.300,200,64.290,400,64.270,1200,64.260,14800,64.250,11500,64.380,2000,64.400,500,64.430,300,64.440,12400,64.450,2019-07-08,11:21:58,00";
var hq_str_sh603259="药明康德,65.500,65.920,64.300,65.960,63.400,64.350,64.360,4371068,282843543.000,60,64.350,600,64.290,700,64.270,1200,64.260,9200,64.250,800,64.360,200,64.370,9160,64.380,2300,64.400,500,64.430,2019-07-08,11:22:58,00";
var hq_str_sh603259="药明康德,65.500,65.920,64.390,65.960,63.400,64.360,64.390,4392828,284244528.000,600,64.360,1000,64.310,400,64.290,700,64.270,1100,64.260,600,64.390,1160,64.400,100,64.430,400,64.440,10560,64.450,2019-07-08,11:23:58,00";
var hq_str_sh603259="药明康德,65.500,65.920,64.370,65.960,63.400,64.370,64.400,4402828,284888139.000,1300,64.370,400,64.350,100,64.320,300,64.310,5900,64.300,3760,64.400,700,64.430,11280,64.440,10560,64.450,3000,64.480,2019-07-08,11:24:59,00";
var hq_str_sh603259="药明康德,65.500,65.920,64.430,65.960,63.400,64.400,64.410,4422568,286158798.000,100,64.400,500,64.390,500,64.380,6440,64.370,500,64.360,300,64.410,620,64.430,11280,64.440,10060,64.450,3000,64.480,2019-07-08,11:25:55,00";
var hq_str_sh603259="药明康德,65.500,65.920,64.350,65.960,63.400,64.300,64.350,4450808,287976230.000,1600,64.300,400,64.290,100,64.280,700,64.270,1100,64.260,24,64.350,13100,64.360,4160,64.400,1420,64.430,11280,64.440,2019-07-08,11:26:58,00";
var hq_str_sh603259="药明康德,65.500,65.920,64.280,65.960,63.400,64.260,64.300,4467488,289048470.000,500,64.260,7220,64.250,3300,64.240,500,64.210,3220,64.200,18600,64.300,12124,64.360,1420,64.430,11280,64.440,10060,64.450,2019-07-08,11:27:55,00";
var hq_str_sh603259="药明康德,65.500,65.920,64.300,65.960,63.400,64.280,64.300,4476688,289639973.000,300,64.280,7820,64.250,3300,64.240,500,64.210,3220,64.200,13000,64.300,11824,64.360,1320,64.430,11280,64.440,10060,64.450,2019-07-08,11:28:58,00";
var hq_str_sh603259="药明康德,65.500,65.920,64.280,65.960,63.400,64.260,64.280,4481988,289980675.000,1400,64.260,6520,64.250,100,64.240,500,64.210,3820,64.200,7900,64.280,12100,64.300,11824,64.360,4820,64.430,11280,64.440,2019-07-08,11:29:55,00";
var hq_str_sh603259="药明康德,65.500,65.920,64.260,65.960,63.400,64.260,64.280,4482128,289989671.000,1260,64.260,6520,64.250,100,64.240,500,64.210,3820,64.200,7900,64.280,12100,64.300,11824,64.360,4820,64.430,11280,64.440,2019-07-08,11:30:00,00";
var hq_str_sh603259="药明康德,65.500,65.920,64.300,65.960,63.400,64.220,64.300,4524548,292715174.000,300,64.220,800,64.210,685,64.170,900,64.120,2000,64.110,8600,64.300,11824,64.360,7520,64.430,11280,64.440,10060,64.450,2019-07-08,13:00:59,00";
var hq_str_sh603259="药明康德,65.500,65.920,64.300,65.960,63.400,64.250,64.300,4532828,293247401.000,520,64.250,100,64.230,1400,64.210,685,64.170,900,64.120,4520,64.300,11824,64.360,7520,64.430,11280,64.440,10060,64.450,2019-07-08,13:01:59,00";
var hq_str_sh603259="药明康德,65.500,65.920,64.230,65.960,63.400,64.230,64.290,4538128,293588046.000,600,64.230,1100,64.210,685,64.170,900,64.120,2000,64.110,600,64.290,2720,64.300,12124,64.360,7520,64.430,11280,64.440,2019-07-08,13:02:56,00";
var hq_str_sh603259="药明康德,65.500,65.920,64.230,65.960,63.400,64.100,64.250,4551413,294440604.000,2000,64.100,200,64.090,520,64.080,400,64.070,100,64.040,200,64.250,600,64.290,2720,64.300,2000,64.340,12124,64.360,2019-07-08,13:03:56,00";
var hq_str_sh603259="药明康德,65.500,65.920,64.050,65.960,63.400,64.040,64.050,4561333,295076991.000,100,64.040,2000,64.030,100,64.020,2000,64.010,6800,64.000,680,64.050,280,64.100,200,64.120,100,64.220,300,64.230,2019-07-08,13:04:59,00";
var hq_str_sh603259="药明康德,65.500,65.920,64.230,65.960,63.400,64.230,64.250,4566760,295425459.000,1300,64.230,400,64.140,400,64.090,400,64.070,593,64.040,1000,64.250,2700,64.300,2000,64.340,2124,64.360,1000,64.380,2019-07-08,13:05:56,00";
var hq_str_sh603259="药明康德,65.500,65.920,64.180,65.960,63.400,64.180,64.300,4575547,295989596.000,613,64.180,100,64.150,300,64.090,400,64.070,593,64.040,2880,64.300,2000,64.340,2124,64.360,1000,64.380,140,64.400,2019-07-08,13:06:59,00";
var hq_str_sh603259="药明康德,65.500,65.920,64.220,65.960,63.400,64.200,64.220,4582334,296425290.000,113,64.200,500,64.150,100,64.090,793,64.040,2000,64.030,1200,64.220,1080,64.250,2180,64.300,2000,64.340,2124,64.360,2019-07-08,13:07:56,00";
var hq_str_sh603259="药明康德,65.500,65.920,64.150,65.960,63.400,64.110,64.150,4590221,296931554.000,1000,64.110,1000,64.100,993,64.090,2700,64.050,693,64.040,1400,64.150,940,64.200,100,64.220,880,64.250,300,64.290,2019-07-08,13:08:59,00";
var hq_str_sh603259="药明康德,65.500,65.920,64.150,65.960,63.400,64.170,64.250,4602183,297699237.000,500,64.170,438,64.150,900,64.140,300,64.130,200,64.110,1000,64.250,5200,64.290,2680,64.300,2000,64.340,500,64.350,2019-07-08,13:09:59,00";
var hq_str_sh603259="药明康德,65.500,65.920,64.160,65.960,63.400,64.160,64.280,4608014,298073704.000,1100,64.160,4100,64.150,6200,64.140,600,64.110,2100,64.100,1900,64.280,4700,64.290,2280,64.300,4000,64.340,5800,64.350,2019-07-08,13:10:56,00";
var hq_str_sh603259="药明康德,65.500,65.920,64.200,65.960,63.400,64.200,64.280,4615421,298549632.000,500,64.200,400,64.190,2700,64.180,8600,64.170,2800,64.160,980,64.280,3100,64.290,2280,64.300,4000,64.340,5800,64.350,2019-07-08,13:11:59,00";
var hq_str_sh603259="药明康德,65.500,65.920,64.350,65.960,63.400,64.350,64.360,4636508,299905956.000,1800,64.350,3113,64.290,100,64.210,1000,64.200,1100,64.190,1924,64.360,3000,64.380,2140,64.400,7520,64.430,11280,64.440,2019-07-08,13:12:59,00";
var hq_str_sh603259="药明康德,65.500,65.920,64.500,65.960,63.400,64.400,64.480,4685179,303042256.000,1800,64.400,100,64.370,500,64.360,1400,64.350,600,64.310,300,64.480,78360,64.500,39000,64.560,1000,64.570,4380,64.590,2019-07-08,13:13:59,00";
var hq_str_sh603259="药明康德,65.500,65.920,64.370,65.960,63.400,64.370,64.450,4742479,306737605.000,200,64.370,800,64.360,1400,64.350,1100,64.310,2300,64.300,500,64.450,2467,64.480,100,64.490,28760,64.500,200,64.550,2019-07-08,13:14:56,00";
var hq_str_sh603259="药明康德,65.500,65.920,64.500,65.960,63.400,64.370,64.500,4751779,307337038.000,200,64.370,1300,64.360,1500,64.350,1100,64.310,2300,64.300,28814,64.500,200,64.550,39000,64.560,1000,64.570,500,64.580,2019-07-08,13:15:59,00";
var hq_str_sh603259="药明康德,65.500,65.920,64.420,65.960,63.400,64.410,64.480,4757479,307704562.000,800,64.410,21600,64.400,200,64.370,200,64.360,1500,64.350,100,64.480,527,64.490,30314,64.500,400,64.550,39000,64.560,2019-07-08,13:16:59,00";
var hq_str_sh603259="药明康德,65.500,65.920,64.560,65.960,63.400,64.490,64.560,4804186,310717280.000,693,64.490,1200,64.480,5000,64.430,20800,64.400,200,64.370,39441,64.560,1000,64.570,2500,64.580,6380,64.590,920,64.600,2019-07-08,13:17:59,00";
var hq_str_sh603259="药明康德,65.500,65.920,64.480,65.960,63.400,64.480,64.530,4830575,312419478.000,1500,64.480,5100,64.430,20400,64.400,1500,64.360,1500,64.350,600,64.530,1400,64.540,500,64.550,38941,64.560,1000,64.570,2019-07-08,13:18:59,00";
var hq_str_sh603259="药明康德,65.500,65.920,64.480,65.960,63.400,64.480,64.490,4837475,312864510.000,1500,64.480,5600,64.430,20400,64.400,1500,64.360,1500,64.350,280,64.490,2400,64.520,300,64.530,1440,64.540,1600,64.550,2019-07-08,13:19:59,00";
var hq_str_sh603259="药明康德,65.500,65.920,64.400,65.960,63.400,64.400,64.430,4850075,313676653.000,20600,64.400,1500,64.360,1500,64.350,500,64.310,2300,64.300,160,64.430,1300,64.490,16600,64.500,1180,64.520,300,64.530,2019-07-08,13:20:59,00";
var hq_str_sh603259="药明康德,65.500,65.920,64.410,65.960,63.400,64.410,64.520,4908535,317444557.000,2240,64.410,400,64.380,200,64.360,1300,64.350,100,64.320,280,64.520,500,64.530,1600,64.550,38741,64.560,1000,64.570,2019-07-08,13:21:59,00";
var hq_str_sh603259="药明康德,65.500,65.920,64.460,65.960,63.400,64.460,64.560,4934635,319129108.000,1300,64.460,19700,64.450,940,64.410,400,64.380,200,64.360,21321,64.560,1000,64.570,2000,64.580,6380,64.590,920,64.600,2019-07-08,13:22:59,00";
var hq_str_sh603259="药明康德,65.500,65.920,64.530,65.960,63.400,64.530,64.560,4941755,319588452.000,900,64.530,500,64.490,2080,64.480,500,64.470,4300,64.460,19621,64.560,1000,64.570,2000,64.580,6380,64.590,13120,64.600,2019-07-08,13:23:59,00";
var hq_str_sh603259="药明康德,65.500,65.920,64.480,65.960,63.400,64.500,64.550,4971495,321506841.000,20000,64.500,760,64.480,2100,64.470,7600,64.460,19400,64.450,300,64.550,18221,64.560,1000,64.570,2000,64.580,6380,64.590,2019-07-08,13:24:59,00";
var hq_str_sh603259="药明康德,65.500,65.920,64.560,65.960,63.400,64.480,64.560,5019435,324599280.000,1300,64.480,2000,64.470,8000,64.460,19500,64.450,940,64.410,13521,64.560,1000,64.570,2000,64.580,6380,64.590,13400,64.600,2019-07-08,13:25:59,00";
var hq_str_sh603259="药明康德,65.500,65.920,64.490,65.960,63.400,64.490,64.500,5027835,325141440.000,400,64.490,900,64.480,2400,64.470,12900,64.460,19500,64.450,100,64.500,5600,64.550,8021,64.560,1000,64.570,2000,64.580,2019-07-08,13:26:59,00";
var hq_str_sh603259="药明康德,65.500,65.920,64.500,65.960,63.400,64.500,64.520,5042975,326117970.000,10240,64.500,600,64.480,1420,64.470,13300,64.460,19500,64.450,20,64.520,4100,64.550,7921,64.560,1000,64.570,4000,64.580,2019-07-08,13:27:59,00";
var hq_str_sh603259="药明康德,65.500,65.920,64.530,65.960,63.400,64.480,64.530,5061775,327330577.000,2000,64.480,1620,64.470,13600,64.460,19500,64.450,700,64.410,20,64.530,440,64.540,3600,64.550,7781,64.560,1000,64.570,2019-07-08,13:28:59,00";
var hq_str_sh603259="药明康德,65.500,65.920,64.540,65.960,63.400,64.460,64.480,5083975,328762300.000,10700,64.460,19500,64.450,700,64.410,200,64.400,400,64.380,300,64.480,1120,64.540,4840,64.550,7781,64.560,1000,64.570,2019-07-08,13:29:59,00";
var hq_str_sh603259="药明康德,65.500,65.920,64.410,65.960,63.400,64.410,64.450,5115675,330806445.000,100,64.410,900,64.400,400,64.380,600,64.350,100,64.320,400,64.450,2040,64.460,4300,64.550,7781,64.560,1000,64.570,2019-07-08,13:30:59,00";
var hq_str_sh603259="药明康德,65.500,65.920,64.400,65.960,63.400,64.400,64.430,5122555,331249818.000,9420,64.400,400,64.380,600,64.350,100,64.320,500,64.310,300,64.430,2400,64.530,800,64.540,3900,64.550,7781,64.560,2019-07-08,13:31:59,00";
var hq_str_sh603259="药明康德,65.500,65.920,64.440,65.960,63.400,64.410,64.490,5140055,332377503.000,600,64.410,300,64.400,400,64.380,600,64.350,100,64.320,3300,64.490,800,64.540,1900,64.550,7781,64.560,3000,64.570,2019-07-08,13:32:53,00";
var hq_str_sh603259="药明康德,65.500,65.920,64.370,65.960,63.400,64.370,64.480,5149755,333002477.000,200,64.370,300,64.360,500,64.350,100,64.320,500,64.310,500,64.480,2300,64.530,600,64.540,1200,64.550,7781,64.560,2019-07-08,13:33:59,00";
var hq_str_sh603259="药明康德,65.500,65.920,64.350,65.960,63.400,64.350,64.430,5155195,333352851.000,1660,64.350,100,64.320,500,64.310,3000,64.300,13,64.290,700,64.430,300,64.500,200,64.510,700,64.520,4640,64.530,2019-07-08,13:35:02,00";
var hq_str_sh603259="药明康德,65.500,65.920,64.410,65.960,63.400,64.410,64.520,5161052,333730346.000,100,64.410,2100,64.400,1400,64.380,1400,64.360,960,64.350,1100,64.520,4640,64.530,100,64.540,1300,64.550,7741,64.560,2019-07-08,13:35:59,00";
var hq_str_sh603259="药明康德,65.500,65.920,64.410,65.960,63.400,64.410,64.430,5177432,334786720.000,100,64.410,3100,64.400,1500,64.380,400,64.360,960,64.350,300,64.430,100,64.470,500,64.480,1580,64.500,780,64.530,2019-07-08,13:36:59,00";
var hq_str_sh603259="药明康德,65.500,65.920,64.420,65.960,63.400,64.440,64.450,5190832,335650113.000,200,64.440,4700,64.420,700,64.410,3100,64.400,1500,64.380,2500,64.450,180,64.470,700,64.490,680,64.500,80,64.510,2019-07-08,13:37:59,00";
var hq_str_sh603259="药明康德,65.500,65.920,64.440,65.960,63.400,64.400,64.480,5210332,336906515.000,1700,64.400,1400,64.380,400,64.360,1260,64.350,300,64.330,200,64.480,480,64.490,680,64.500,480,64.510,780,64.530,2019-07-08,13:38:59,00";
var hq_str_sh603259="药明康德,65.500,65.920,64.420,65.960,63.400,64.350,64.370,5226632,337955909.000,2000,64.350,2360,64.330,13,64.290,200,64.230,400,64.210,3000,64.370,600,64.420,1000,64.460,300,64.470,1100,64.480,2019-07-08,13:39:59,00";
var hq_str_sh603259="药明康德,65.500,65.920,64.380,65.960,63.400,64.370,64.380,5252972,339653083.000,60,64.370,2000,64.350,200,64.330,500,64.320,400,64.300,7300,64.380,100,64.480,1000,64.520,700,64.530,600,64.540,2019-07-08,13:40:59,00";
var hq_str_sh603259="药明康德,65.500,65.920,64.280,65.960,63.400,64.230,64.290,5262545,340269009.000,200,64.230,1800,64.200,1100,64.190,1100,64.150,400,64.120,2000,64.290,3727,64.330,1000,64.350,700,64.380,600,64.400,2019-07-08,13:41:59,00";
var hq_str_sh603259="药明康德,65.500,65.920,64.200,65.960,63.400,64.190,64.200,5276345,341155310.000,6100,64.190,100,64.160,1000,64.150,500,64.130,400,64.120,1060,64.200,700,64.290,100,64.330,600,64.400,100,64.480,2019-07-08,13:42:59,00";
var hq_str_sh603259="药明康德,65.500,65.920,64.250,65.960,63.400,64.250,64.280,5285865,341766756.000,4280,64.250,200,64.210,9740,64.200,4960,64.190,200,64.180,300,64.280,700,64.400,100,64.480,1860,64.500,1000,64.520,2019-07-08,13:43:59,00";
var hq_str_sh603259="药明康德,65.500,65.920,64.210,65.960,63.400,64.200,64.210,5305345,343018305.000,9340,64.200,4260,64.190,300,64.180,100,64.160,700,64.150,40,64.210,900,64.260,6000,64.280,7200,64.290,10720,64.300,2019-07-08,13:44:59,00";
var hq_str_sh603259="药明康德,65.500,65.920,64.190,65.960,63.400,64.180,64.190,5326105,344351168.000,300,64.180,100,64.160,700,64.150,100,64.120,1300,64.100,9640,64.190,3600,64.200,5800,64.250,8300,64.260,6000,64.280,2019-07-08,13:45:59,00";
var hq_str_sh603259="药明康德,65.500,65.920,63.990,65.960,63.400,63.930,63.990,5372798,347341583.000,3200,63.930,400,63.910,1800,63.900,800,63.890,2700,63.880,5400,63.990,1400,64.000,1300,64.030,600,64.050,47,64.120,2019-07-08,13:46:56,00";
var hq_str_sh603259="药明康德,65.500,65.920,63.950,65.960,63.400,63.910,64.000,5405538,349435937.000,720,63.910,5640,63.900,1000,63.890,2200,63.880,400,63.860,28300,64.000,140,64.160,800,64.180,300,64.190,200,64.300,2019-07-08,13:47:59,00";
var hq_str_sh603259="药明康德,65.500,65.920,64.350,65.960,63.400,64.060,64.340,5450518,352318089.000,700,64.060,1100,64.050,100,64.040,300,64.030,1400,64.000,1500,64.340,5100,64.350,1000,64.380,4260,64.400,500,64.460,2019-07-08,13:48:59,00";
var hq_str_sh603259="药明康德,65.500,65.920,64.050,65.960,63.400,64.030,64.050,5461418,353016577.000,1400,64.030,100,64.020,1800,64.010,1900,64.000,100,63.950,300,64.050,100,64.060,200,64.070,800,64.220,500,64.320,2019-07-08,13:49:59,00";
var hq_str_sh603259="药明康德,65.500,65.920,64.170,65.960,63.400,64.170,64.220,5471618,353670101.000,1000,64.170,400,64.050,100,64.040,900,64.030,100,64.020,640,64.220,500,64.320,200,64.330,200,64.340,1000,64.350,2019-07-08,13:50:59,00";
var hq_str_sh603259="药明康德,65.500,65.920,64.010,65.960,63.400,64.010,64.020,5479858,354198163.000,1600,64.010,2400,64.000,100,63.950,400,63.920,300,63.910,200,64.020,1700,64.050,300,64.060,1940,64.150,2300,64.170,2019-07-08,13:51:59,00";
var hq_str_sh603259="药明康德,65.500,65.920,64.050,65.960,63.400,64.030,64.050,5493158,355049713.000,700,64.030,4700,64.020,2900,64.000,300,63.950,1400,63.910,500,64.050,240,64.150,2200,64.170,40,64.220,500,64.320,2019-07-08,13:52:56,00";
var hq_str_sh603259="药明康德,65.500,65.920,63.860,65.960,63.400,63.850,63.860,5537918,357911309.000,6200,63.850,100,63.840,10100,63.830,100,63.820,2900,63.810,2140,63.860,1640,63.900,700,63.930,1600,64.000,140,64.050,2019-07-08,13:53:59,00";
var hq_str_sh603259="药明康德,65.500,65.920,63.920,65.960,63.400,63.910,64.050,5565678,359685452.000,300,63.910,7860,63.900,1300,63.880,200,63.870,1900,63.860,40,64.050,140,64.150,2000,64.170,40,64.200,40,64.220,2019-07-08,13:54:56,00";
var hq_str_sh603259="药明康德,65.500,65.920,63.950,65.960,63.400,64.050,64.070,5585658,360963529.000,100,64.050,1000,63.920,4600,63.910,13880,63.900,1400,63.880,400,64.070,1680,64.170,40,64.200,40,64.220,600,64.320,2019-07-08,13:56:02,00";
var hq_str_sh603259="药明康德,65.500,65.920,64.000,65.960,63.400,63.950,64.000,5598958,361816641.000,1100,63.950,900,63.920,4300,63.910,13880,63.900,1000,63.880,4400,64.000,1200,64.080,500,64.120,4000,64.220,100,64.270,2019-07-08,13:56:56,00";
var hq_str_sh603259="药明康德,65.500,65.920,64.150,65.960,63.400,64.150,64.210,5612398,362676911.000,400,64.150,2300,64.020,1460,64.010,98300,64.000,100,63.980,900,64.210,3000,64.220,1000,64.280,600,64.320,200,64.330,2019-07-08,13:57:59,00";
var hq_str_sh603259="药明康德,65.500,65.920,64.030,65.960,63.400,64.030,64.120,5623338,363378165.000,60,64.030,2800,64.020,2060,64.010,98500,64.000,100,63.980,4500,64.120,1900,64.150,2480,64.210,1900,64.220,1000,64.280,2019-07-08,13:58:56,00";
var hq_str_sh603259="药明康德,65.500,65.920,64.020,65.960,63.400,64.010,64.050,5636038,364191653.000,2860,64.010,98100,64.000,100,63.980,900,63.950,500,63.920,680,64.050,800,64.120,1500,64.150,2480,64.210,1900,64.220,2019-07-08,13:59:59,00";
var hq_str_sh603259="药明康德,65.500,65.920,64.150,65.960,63.400,64.050,64.080,5646678,364873169.000,100,64.050,600,64.020,2320,64.010,100100,64.000,100,63.980,500,64.080,700,64.090,1400,64.100,1400,64.150,2200,64.210,2019-07-08,14:00:59,00";
var hq_str_sh603259="药明康德,65.500,65.920,64.100,65.960,63.400,64.100,64.120,5659778,365712634.000,100,64.100,400,64.090,600,64.050,900,64.040,7300,64.020,1500,64.120,400,64.150,280,64.180,2200,64.210,1000,64.280,2019-07-08,14:01:56,00";
var hq_str_sh603259="药明康德,65.500,65.920,64.040,65.960,63.400,64.040,64.050,5665178,366058559.000,1300,64.040,600,64.030,7000,64.020,1620,64.010,100500,64.000,1300,64.050,540,64.060,900,64.090,1400,64.100,700,64.120,2019-07-08,14:02:59,00";
var hq_str_sh603259="药明康德,65.500,65.920,64.050,65.960,63.400,64.030,64.050,5680078,367012772.000,1600,64.030,7000,64.020,2220,64.010,102500,64.000,100,63.980,640,64.050,340,64.060,900,64.090,1000,64.100,700,64.120,2019-07-08,14:03:56,00";
var hq_str_sh603259="药明康德,65.500,65.920,64.180,65.960,63.400,64.050,64.180,5691078,367717455.000,4600,64.050,6000,64.040,300,64.030,8200,64.020,1620,64.010,720,64.180,3300,64.210,1000,64.280,300,64.300,400,64.320,2019-07-08,14:04:59,00";
var hq_str_sh603259="药明康德,65.500,65.920,64.110,65.960,63.400,64.100,64.230,5707818,368791019.000,600,64.100,2600,64.060,6000,64.050,25500,64.040,300,64.030,1300,64.230,660,64.280,300,64.300,400,64.320,600,64.330,2019-07-08,14:05:56,00";
var hq_str_sh603259="药明康德,65.500,65.920,64.070,65.960,63.400,64.070,64.170,5720418,369598900.000,1500,64.070,2400,64.060,8200,64.050,25000,64.040,100,64.030,200,64.170,100,64.220,100,64.230,1060,64.280,300,64.300,2019-07-08,14:07:02,00";
var hq_str_sh603259="药明康德,65.500,65.920,64.280,65.960,63.400,64.190,64.280,5728318,370105978.000,100,64.190,600,64.180,600,64.100,1900,64.070,1300,64.060,1000,64.280,300,64.300,400,64.320,500,64.330,1400,64.350,2019-07-08,14:07:59,00";
var hq_str_sh603259="药明康德,65.500,65.920,64.300,65.960,63.400,64.200,64.300,5744292,371132881.000,5100,64.200,300,64.190,500,64.100,2100,64.070,2800,64.060,1100,64.300,3,64.330,1400,64.350,300,64.390,1000,64.400,2019-07-08,14:08:59,00";
var hq_str_sh603259="药明康德,65.500,65.920,64.300,65.960,63.400,64.200,64.300,5756595,371924045.000,6497,64.200,300,64.190,500,64.100,2100,64.070,2800,64.060,200,64.300,500,64.340,3500,64.350,1000,64.380,300,64.390,2019-07-08,14:09:59,00";
var hq_str_sh603259="药明康德,65.500,65.920,64.300,65.960,63.400,64.300,64.350,5765295,372483235.000,200,64.300,400,64.210,10397,64.200,300,64.190,300,64.150,1800,64.350,1000,64.380,300,64.390,1100,64.400,1000,64.420,2019-07-08,14:10:59,00";
var hq_str_sh603259="药明康德,65.500,65.920,64.300,65.960,63.400,64.210,64.340,5772435,372942348.000,5460,64.210,9397,64.200,300,64.150,600,64.080,2100,64.070,840,64.340,3800,64.350,600,64.370,1000,64.380,300,64.390,2019-07-08,14:11:59,00";
var hq_str_sh603259="药明康德,65.500,65.920,64.220,65.960,63.400,64.230,64.350,5780435,373456539.000,1200,64.230,700,64.220,4360,64.210,7397,64.200,400,64.150,1240,64.350,600,64.370,1000,64.380,300,64.390,1000,64.400,2019-07-08,14:12:59,00";
var hq_str_sh603259="药明康德,65.500,65.920,64.230,65.960,63.400,64.230,64.350,5788335,373964304.000,1200,64.230,1400,64.220,3100,64.210,5897,64.200,500,64.180,140,64.350,700,64.370,1000,64.380,2300,64.390,1000,64.400,2019-07-08,14:13:56,00";
var hq_str_sh603259="药明康德,65.500,65.920,64.370,65.960,63.400,64.240,64.370,5796935,374517063.000,700,64.240,24200,64.230,1400,64.220,3000,64.210,4600,64.200,700,64.370,1200,64.380,2300,64.390,1000,64.400,100,64.450,2019-07-08,14:14:59,00";
var hq_str_sh603259="药明康德,65.500,65.920,64.250,65.960,63.400,64.250,64.300,5804215,374984967.000,620,64.250,1000,64.240,24200,64.230,200,64.220,3000,64.210,1000,64.300,700,64.330,100,64.370,3600,64.380,2300,64.390,2019-07-08,14:15:59,00";
var hq_str_sh603259="药明康德,65.500,65.920,64.230,65.960,63.400,64.230,64.240,5812435,375513189.000,22600,64.230,200,64.220,3000,64.210,6900,64.200,500,64.180,940,64.240,19880,64.250,800,64.370,3600,64.380,2300,64.390,2019-07-08,14:16:59,00";
var hq_str_sh603259="药明康德,65.500,65.920,64.260,65.960,63.400,64.260,64.370,5840255,377300634.000,4500,64.260,14980,64.250,200,64.240,19800,64.230,200,64.220,800,64.370,4200,64.380,2300,64.390,1000,64.400,100,64.450,2019-07-08,14:17:59,00";
var hq_str_sh603259="药明康德,65.500,65.920,64.270,65.960,63.400,64.260,64.270,5847355,377757222.000,2400,64.260,600,64.250,100,64.240,19800,64.230,200,64.220,400,64.270,3700,64.380,2100,64.390,1000,64.400,100,64.450,2019-07-08,14:18:59,00";
var hq_str_sh603259="药明康德,65.500,65.920,64.230,65.960,63.400,64.240,64.250,5877675,379705115.000,100,64.240,12480,64.230,3000,64.210,7000,64.200,500,64.180,10000,64.250,1600,64.260,200,64.270,1140,64.370,4100,64.380,2019-07-08,14:19:53,00";
var hq_str_sh603259="药明康德,65.500,65.920,64.240,65.960,63.400,64.250,64.260,5898795,381061988.000,700,64.250,13380,64.240,12580,64.230,3000,64.210,7100,64.200,1600,64.260,100,64.270,1000,64.370,1700,64.380,2800,64.390,2019-07-08,14:20:59,00";
var hq_str_sh603259="药明康德,65.500,65.920,64.250,65.960,63.400,64.240,64.250,5918775,382345546.000,1000,64.240,12180,64.230,3000,64.210,7100,64.200,500,64.180,1320,64.250,200,64.260,100,64.270,100,64.310,1060,64.370,2019-07-08,14:21:59,00";
var hq_str_sh603259="药明康德,65.500,65.920,64.240,65.960,63.400,64.230,64.240,5932655,383237146.000,5100,64.230,3000,64.210,7100,64.200,500,64.180,100,64.150,18120,64.240,200,64.260,100,64.270,100,64.310,1560,64.370,2019-07-08,14:22:59,00";
var hq_str_sh603259="药明康德,65.500,65.920,64.260,65.960,63.400,64.260,64.360,5958375,384889489.000,1300,64.260,1800,64.240,2700,64.230,3000,64.210,7100,64.200,400,64.360,1560,64.370,1700,64.380,2100,64.390,1500,64.400,2019-07-08,14:23:59,00";
var hq_str_sh603259="药明康德,65.500,65.920,64.300,65.960,63.400,64.240,64.300,5975075,385963168.000,1800,64.240,2300,64.230,3000,64.210,7100,64.200,500,64.180,400,64.300,1260,64.370,1700,64.380,2100,64.390,1000,64.400,2019-07-08,14:24:56,00";
var hq_str_sh603259="药明康德,65.500,65.920,64.350,65.960,63.400,64.230,64.350,5985715,386647175.000,900,64.230,3000,64.210,7300,64.200,500,64.180,100,64.150,900,64.350,1660,64.380,2200,64.390,1500,64.400,100,64.450,2019-07-08,14:25:59,00";
var hq_str_sh603259="药明康德,65.500,65.920,64.200,65.960,63.400,64.200,64.220,6017495,388688310.000,4520,64.200,500,64.180,100,64.150,300,64.100,1600,64.070,700,64.220,200,64.230,200,64.250,3600,64.340,480,64.350,2019-07-08,14:26:53,00";
var hq_str_sh603259="药明康德,65.500,65.920,64.070,65.960,63.400,64.070,64.310,6049515,390743072.000,700,64.070,1000,64.060,500,64.050,5100,64.040,7200,64.020,1720,64.310,3040,64.330,3000,64.340,480,64.350,1560,64.380,2019-07-08,14:27:59,00";
var hq_str_sh603259="药明康德,65.500,65.920,64.300,65.960,63.400,64.180,64.300,6059315,391372597.000,3600,64.180,300,64.150,500,64.100,100,64.090,100,64.080,140,64.300,1800,64.320,3040,64.330,3000,64.340,480,64.350,2019-07-08,14:28:56,00";
var hq_str_sh603259="药明康德,65.500,65.920,64.200,65.960,63.400,64.180,64.280,6066915,391861030.000,3000,64.180,100,64.170,200,64.090,100,64.080,1000,64.070,200,64.280,400,64.310,1900,64.320,3567,64.330,3000,64.340,2019-07-08,14:29:59,00";
var hq_str_sh603259="药明康德,65.500,65.920,64.250,65.960,63.400,64.180,64.250,6083315,392914347.000,1400,64.180,100,64.170,300,64.130,2600,64.100,200,64.090,20400,64.250,100,64.280,140,64.300,1500,64.310,2967,64.330,2019-07-08,14:30:59,00";
var hq_str_sh603259="药明康德,65.500,65.920,64.210,65.960,63.400,64.170,64.210,6094235,393615660.000,700,64.170,300,64.130,200,64.110,2600,64.100,200,64.090,200,64.210,14400,64.250,300,64.280,1500,64.310,200,64.320,2019-07-08,14:31:56,00";
var hq_str_sh603259="药明康德,65.500,65.920,64.400,65.960,63.400,64.390,64.400,6164462,398134301.000,8860,64.390,773,64.340,1740,64.310,100,64.250,700,64.170,2600,64.400,2320,64.480,420,64.530,2500,64.540,3740,64.550,2019-07-08,14:32:59,00";
var hq_str_sh603259="药明康德,65.500,65.920,64.420,65.960,63.400,64.420,64.500,6186782,399573455.000,600,64.420,12700,64.400,9860,64.390,773,64.340,1240,64.310,500,64.500,300,64.520,1520,64.530,3200,64.540,3740,64.550,2019-07-08,14:33:59,00";
var hq_str_sh603259="药明康德,65.500,65.920,64.500,65.960,63.400,64.400,64.500,6193082,399979454.000,14100,64.400,9860,64.390,773,64.340,100,64.320,1040,64.310,720,64.500,600,64.510,1320,64.520,1320,64.530,2500,64.540,2019-07-08,14:34:56,00";
var hq_str_sh603259="药明康德,65.500,65.920,64.530,65.960,63.400,64.530,64.540,6207482,400908568.000,200,64.530,1300,64.460,600,64.430,5100,64.420,100,64.410,400,64.540,5000,64.550,2900,64.560,5000,64.570,4780,64.580,2019-07-08,14:35:59,00";
var hq_str_sh603259="药明康德,65.500,65.920,64.490,65.960,63.400,64.490,64.520,6217382,401547303.000,3400,64.490,1000,64.470,1500,64.460,600,64.430,5100,64.420,500,64.520,300,64.530,1140,64.540,1700,64.550,3100,64.560,2019-07-08,14:36:56,00";
var hq_str_sh603259="药明康德,65.500,65.920,64.500,65.960,63.400,64.490,64.500,6229562,402332907.000,1620,64.490,2000,64.470,700,64.460,600,64.430,5100,64.420,1000,64.500,120,64.540,1700,64.550,3100,64.560,5000,64.570,2019-07-08,14:37:59,00";
var hq_str_sh603259="药明康德,65.500,65.920,64.490,65.960,63.400,64.470,64.490,6240882,403063180.000,1600,64.470,500,64.460,600,64.430,5100,64.420,100,64.410,480,64.490,6800,64.500,100,64.510,40,64.540,2120,64.550,2019-07-08,14:38:59,00";
var hq_str_sh603259="药明康德,65.500,65.920,64.460,65.960,63.400,64.460,64.470,6257182,404114424.000,800,64.460,600,64.430,5700,64.420,100,64.410,12600,64.400,4520,64.470,4060,64.550,11640,64.560,5000,64.570,4780,64.580,2019-07-08,14:39:59,00";
var hq_str_sh603259="药明康德,65.500,65.920,64.520,65.960,63.400,64.460,64.520,6270082,404946449.000,500,64.460,600,64.430,5100,64.420,100,64.410,10100,64.400,100,64.520,8980,64.550,11640,64.560,5000,64.570,4780,64.580,2019-07-08,14:40:56,00";
var hq_str_sh603259="药明康德,65.500,65.920,64.540,65.960,63.400,64.460,64.540,6289382,406191474.000,1900,64.460,6100,64.430,5100,64.420,700,64.410,9900,64.400,2600,64.540,8880,64.550,11640,64.560,5400,64.570,4980,64.580,2019-07-08,14:41:59,00";
var hq_str_sh603259="药明康德,65.500,65.920,64.470,65.960,63.400,64.470,64.530,6298682,406791353.000,5700,64.470,6200,64.460,11100,64.430,5100,64.420,1000,64.410,1000,64.530,1000,64.540,8980,64.550,11640,64.560,5000,64.570,2019-07-08,14:42:56,00";
var hq_str_sh603259="药明康德,65.500,65.920,64.560,65.960,63.400,64.470,64.500,6359682,410727341.000,4900,64.470,4700,64.460,1300,64.430,5100,64.420,700,64.410,200,64.500,11180,64.560,5000,64.570,4980,64.580,4880,64.590,2019-07-08,14:43:59,00";
var hq_str_sh603259="药明康德,65.500,65.920,64.500,65.960,63.400,64.490,64.500,6391782,412799830.000,7400,64.490,10800,64.480,7200,64.470,4500,64.460,1000,64.450,2720,64.500,640,64.580,5880,64.590,10300,64.600,4000,64.620,2019-07-08,14:44:59,00";
var hq_str_sh603259="药明康德,65.500,65.920,64.560,65.960,63.400,64.520,64.560,6416922,414423049.000,100,64.520,7700,64.500,7780,64.490,7800,64.480,7200,64.470,500,64.560,200,64.590,4300,64.600,4000,64.620,2700,64.640,2019-07-08,14:45:59,00";
var hq_str_sh603259="药明康德,65.500,65.920,64.500,65.960,63.400,64.500,64.550,6437922,415777820.000,100,64.500,7400,64.490,7800,64.480,7200,64.470,4600,64.460,100,64.550,100,64.560,300,64.570,500,64.580,2220,64.590,2019-07-08,14:46:59,00";
var hq_str_sh603259="药明康德,65.500,65.920,64.500,65.960,63.400,64.490,64.500,6467022,417656167.000,7200,64.490,7000,64.480,7200,64.470,4600,64.460,1200,64.450,9980,64.500,1000,64.600,4000,64.620,4600,64.640,8700,64.650,2019-07-08,14:47:59,00";
var hq_str_sh603259="药明康德,65.500,65.920,64.500,65.960,63.400,64.500,64.560,6500302,419803819.000,200,64.500,6200,64.490,1800,64.480,7200,64.470,4600,64.460,13700,64.560,1000,64.610,3400,64.620,4600,64.640,7800,64.650,2019-07-08,14:48:56,00";
var hq_str_sh603259="药明康德,65.500,65.920,64.500,65.960,63.400,64.500,64.530,6543502,422590132.000,100,64.500,4500,64.480,6900,64.470,5100,64.460,1200,64.450,1000,64.530,100,64.550,7500,64.560,120,64.600,1100,64.610,2019-07-08,14:49:59,00";
var hq_str_sh603259="药明康德,65.500,65.920,64.480,65.960,63.400,64.480,64.490,6564442,423940798.000,1300,64.480,7700,64.470,5100,64.460,1200,64.450,1300,64.430,1000,64.490,4800,64.500,600,64.520,16300,64.530,100,64.550,2019-07-08,14:50:56,00";
var hq_str_sh603259="药明康德,65.500,65.920,64.480,65.960,63.400,64.480,64.500,6597922,426100464.000,1820,64.480,7700,64.470,5200,64.460,1200,64.450,1300,64.430,7620,64.500,100,64.510,6700,64.530,7400,64.560,700,64.570,2019-07-08,14:51:59,00";
var hq_str_sh603259="药明康德,65.500,65.920,64.470,65.960,63.400,64.470,64.480,6616282,427284484.000,3180,64.470,5200,64.460,1200,64.450,1300,64.430,5100,64.420,2500,64.480,500,64.490,380,64.500,600,64.510,6700,64.530,2019-07-08,14:52:59,00";
var hq_str_sh603259="药明康德,65.500,65.920,64.490,65.960,63.400,64.490,64.500,6632002,428298013.000,760,64.490,11520,64.480,1800,64.470,3480,64.460,400,64.450,6820,64.500,400,64.510,300,64.520,6500,64.530,7400,64.560,2019-07-08,14:53:59,00";
var hq_str_sh603259="药明康德,65.500,65.920,64.490,65.960,63.400,64.490,64.500,6655502,429813751.000,6760,64.490,8920,64.480,100,64.470,3480,64.460,500,64.450,1020,64.500,6800,64.530,5000,64.550,7400,64.560,700,64.570,2019-07-08,14:54:59,00";
var hq_str_sh603259="药明康德,65.500,65.920,64.480,65.960,63.400,64.480,64.490,6679102,431335759.000,7520,64.480,100,64.470,3580,64.460,500,64.450,1300,64.430,4400,64.490,2000,64.500,1500,64.520,7800,64.530,5000,64.550,2019-07-08,14:55:56,00";
var hq_str_sh603259="药明康德,65.500,65.920,64.510,65.960,63.400,64.510,64.520,6716442,433743651.000,5800,64.510,600,64.500,300,64.490,400,64.480,600,64.470,1600,64.520,1800,64.530,5000,64.550,7400,64.560,800,64.570,2019-07-08,14:56:59,00";
var hq_str_sh603259="药明康德,65.500,65.920,64.510,65.960,63.400,64.680,64.680,6716442,433743651.000,49100,64.680,0,0.000,0,0.000,0,0.000,0,0.000,49100,64.680,6467,0.000,0,0.000,0,0.000,0,0.000,2019-07-08,14:57:58,00";
var hq_str_sh603259="药明康德,65.500,65.920,64.510,65.960,63.400,64.610,64.610,6716442,433743651.000,58000,64.610,0,0.000,0,0.000,0,0.000,0,0.000,58000,64.610,227,0.000,0,0.000,0,0.000,0,0.000,2019-07-08,14:58:58,00";
