var hq_str_sh603259="药明康德,91.000,90.400,91.000,91.000,91.000,91.000,91.060,9600,873600.000,5800,91.000,100,90.910,100,90.880,100,90.720,1000,90.680,100,91.060,200,91.300,100,91.430,800,91.480,500,91.500,2019-03-29,09:29:49,00";
var hq_str_sh603259="药明康德,91.000,90.400,91.480,91.500,91.000,91.470,91.480,31700,2893909.000,200,91.470,300,91.400,2900,91.390,100,91.300,100,91.250,4200,91.480,200,91.490,3900,91.500,100,91.520,100,91.530,2019-03-29,09:30:58,00";
var hq_str_sh603259="药明康德,91.000,90.400,91.110,91.520,91.000,91.130,91.200,66100,6039318.000,200,91.130,600,91.120,7000,91.110,6100,91.100,1000,91.080,4000,91.200,6100,91.250,100,91.300,300,91.400,100,91.450,2019-03-29,09:31:58,00";
var hq_str_sh603259="药明康德,91.000,90.400,91.450,91.520,91.000,91.350,91.450,89500,8174767.000,100,91.350,1100,91.310,200,91.290,200,91.280,700,91.270,300,91.450,5200,91.460,1000,91.470,6900,91.480,300,91.490,2019-03-29,09:32:58,00";
var hq_str_sh603259="药明康德,91.000,90.400,91.600,91.690,91.000,91.580,91.600,143900,13152894.000,900,91.580,5300,91.510,3700,91.500,300,91.480,1900,91.400,11700,91.600,500,91.630,200,91.650,500,91.680,1700,91.690,2019-03-29,09:33:58,00";
var hq_str_sh603259="药明康德,91.000,90.400,91.540,91.690,91.000,91.510,91.540,185200,16933320.000,2000,91.510,500,91.500,400,91.400,300,91.310,100,91.300,300,91.540,800,91.590,14500,91.600,200,91.610,1200,91.620,2019-03-29,09:34:58,00";
var hq_str_sh603259="药明康德,91.000,90.400,91.310,91.690,91.000,91.310,91.470,221100,20219983.000,100,91.310,100,91.300,200,91.290,200,91.280,300,91.270,500,91.470,3600,91.480,1400,91.490,1200,91.500,100,91.510,2019-03-29,09:35:58,00";
var hq_str_sh603259="药明康德,91.000,90.400,91.090,91.690,91.000,91.060,91.090,242400,22161945.000,3200,91.060,200,91.050,100,91.040,6600,91.030,900,91.010,1300,91.090,100,91.120,500,91.130,400,91.190,3800,91.200,2019-03-29,09:36:58,00";
var hq_str_sh603259="药明康德,91.000,90.400,91.190,91.690,91.000,91.100,91.180,263800,24111185.000,3400,91.100,100,91.080,200,91.070,200,91.050,4400,91.030,400,91.180,900,91.190,2500,91.200,500,91.250,2400,91.280,2019-03-29,09:37:58,00";
var hq_str_sh603259="药明康德,91.000,90.400,90.600,91.690,90.600,90.560,90.600,303700,27740590.000,900,90.560,200,90.540,300,90.500,100,90.450,100,90.440,2700,90.600,200,90.680,15600,90.720,100,90.930,1100,91.000,2019-03-29,09:38:58,00";
var hq_str_sh603259="药明康德,91.000,90.400,90.800,91.690,90.400,90.620,90.800,341600,31170459.000,200,90.620,800,90.600,100,90.550,700,90.540,100,90.500,300,90.800,100,90.880,100,90.890,3300,90.900,100,90.970,2019-03-29,09:39:58,00";
var hq_str_sh603259="药明康德,91.000,90.400,90.770,91.690,90.400,90.730,90.770,360200,32858706.000,1300,90.730,200,90.690,300,90.670,500,90.660,100,90.630,100,90.770,8100,90.800,600,90.880,900,90.890,2000,90.900,2019-03-29,09:40:58,00";
var hq_str_sh603259="药明康德,91.000,90.400,90.660,91.690,90.400,90.670,90.730,386200,35217836.000,200,90.670,2100,90.660,400,90.620,200,90.610,1000,90.600,100,90.730,100,90.790,2900,90.800,100,90.880,900,90.890,2019-03-29,09:41:58,00";
var hq_str_sh603259="药明康德,91.000,90.400,90.600,91.690,90.400,90.600,90.620,410300,37403438.000,900,90.600,900,90.590,2400,90.580,100,90.550,8000,90.530,1700,90.620,2200,90.700,25,90.710,100,90.780,3100,90.790,2019-03-29,09:42:58,00";
var hq_str_sh603259="药明康德,91.000,90.400,90.580,91.690,90.400,90.550,90.580,439700,40067596.000,100,90.550,400,90.540,8000,90.530,300,90.520,200,90.510,1300,90.580,3100,90.600,500,90.640,400,90.700,25,90.710,2019-03-29,09:43:58,00";
var hq_str_sh603259="药明康德,91.000,90.400,90.760,91.690,90.400,90.760,90.790,461825,42072193.000,275,90.760,100,90.650,400,90.620,200,90.610,1100,90.600,100,90.790,4100,90.800,100,90.880,1700,90.900,100,90.960,2019-03-29,09:44:58,00";
var hq_str_sh603259="药明康德,91.000,90.400,90.790,91.690,90.400,90.740,90.760,470700,42877820.000,100,90.740,1100,90.620,1400,90.610,1400,90.600,1000,90.590,100,90.760,1525,90.790,4000,90.800,100,90.880,1700,90.900,2019-03-29,09:45:58,00";
var hq_str_sh603259="药明康德,91.000,90.400,90.630,91.690,90.400,90.660,90.750,484800,44157783.000,400,90.660,1000,90.620,1200,90.610,2300,90.600,1000,90.590,1100,90.750,200,90.780,2964,90.790,22400,90.800,100,90.870,2019-03-29,09:46:58,00";
var hq_str_sh603259="药明康德,91.000,90.400,90.440,91.690,90.400,90.440,90.500,515000,46892888.000,400,90.440,200,90.420,1100,90.410,5000,90.400,300,90.390,2000,90.500,2964,90.530,400,90.580,600,90.590,1000,90.600,2019-03-29,09:47:58,00";
var hq_str_sh603259="药明康德,91.000,90.400,90.530,91.690,90.400,90.500,90.530,531300,48367297.000,600,90.500,600,90.450,300,90.440,100,90.430,300,90.420,2164,90.530,500,90.560,5000,90.600,4600,90.610,300,90.630,2019-03-29,09:48:58,00";
var hq_str_sh603259="药明康德,91.000,90.400,90.440,91.690,90.400,90.420,90.440,544500,49560943.000,200,90.420,400,90.400,1300,90.390,2000,90.380,1500,90.360,400,90.440,1400,90.450,20000,90.470,23200,90.500,2164,90.530,2019-03-29,09:49:58,00";
var hq_str_sh603259="药明康德,91.000,90.400,90.430,91.690,90.400,90.430,90.450,571400,51994294.000,1900,90.430,1200,90.420,700,90.400,1300,90.390,2200,90.380,2900,90.450,200,90.460,7600,90.470,23300,90.500,2164,90.530,2019-03-29,09:50:58,00";
var hq_str_sh603259="药明康德,91.000,90.400,90.430,91.690,90.400,90.420,90.430,587200,53422961.000,200,90.420,300,90.400,1500,90.390,2300,90.380,1500,90.360,3400,90.430,2700,90.450,7500,90.470,23200,90.500,2164,90.530,2019-03-29,09:51:58,00";
var hq_str_sh603259="药明康德,91.000,90.400,90.470,91.690,90.400,90.460,90.470,603700,54915441.000,2000,90.460,700,90.450,500,90.440,3700,90.430,1200,90.420,1100,90.470,23200,90.500,2164,90.530,500,90.560,6772,90.600,2019-03-29,09:52:58,00";
var hq_str_sh603259="药明康德,91.000,90.400,90.590,91.690,90.400,90.570,90.590,636164,57853367.000,100,90.570,1400,90.560,100,90.540,500,90.530,500,90.510,200,90.590,6772,90.600,4600,90.610,100,90.630,400,90.740,2019-03-29,09:53:58,00";
var hq_str_sh603259="药明康德,91.000,90.400,90.610,91.690,90.400,90.610,90.630,661036,60106743.000,300,90.610,4428,90.600,400,90.590,600,90.570,600,90.560,100,90.630,400,90.740,1000,90.770,200,90.780,200,90.790,2019-03-29,09:54:58,00";
var hq_str_sh603259="药明康德,91.000,90.400,90.800,91.690,90.400,90.730,90.800,693736,63074433.000,1100,90.730,300,90.720,200,90.660,500,90.650,2700,90.640,5000,90.800,100,90.870,900,90.880,1700,90.900,100,90.960,2019-03-29,09:55:58,00";
var hq_str_sh603259="药明康德,91.000,90.400,91.010,91.690,90.400,91.000,91.010,725136,65930715.000,6300,91.000,500,90.900,300,90.800,500,90.730,700,90.700,100,91.010,900,91.160,1100,91.170,600,91.180,700,91.250,2019-03-29,09:56:58,00";
var hq_str_sh603259="药明康德,91.000,90.400,90.820,91.690,90.400,90.800,90.990,740436,67322240.000,100,90.800,100,90.740,700,90.730,800,90.700,100,90.680,600,90.990,1800,91.000,100,91.060,400,91.080,300,91.090,2019-03-29,09:57:58,00";
var hq_str_sh603259="药明康德,91.000,90.400,90.980,91.690,90.400,90.870,90.980,749536,68149855.000,100,90.870,100,90.860,300,90.840,100,90.820,200,90.800,200,90.980,2300,90.990,15077,91.000,100,91.010,100,91.060,2019-03-29,09:58:58,00";
var hq_str_sh603259="药明康德,91.000,90.400,90.860,91.690,90.400,90.860,90.910,753836,68540641.000,800,90.860,500,90.840,200,90.830,300,90.800,1300,90.730,4500,90.910,100,90.920,100,90.970,400,90.980,2300,90.990,2019-03-29,09:59:58,00";
var hq_str_sh603259="药明康德,91.000,90.400,90.810,91.690,90.400,90.810,90.860,765436,69594143.000,600,90.810,200,90.800,500,90.730,100,90.710,1300,90.700,200,90.860,600,90.900,900,90.910,100,90.920,200,90.980,2019-03-29,10:00:55,00";
var hq_str_sh603259="药明康德,91.000,90.400,90.630,91.690,90.400,90.630,90.860,783313,71215038.000,500,90.630,1451,90.600,200,90.590,600,90.560,1200,90.530,400,90.860,300,90.870,700,90.880,1100,90.890,400,90.900,2019-03-29,10:01:49,00";
var hq_str_sh603259="药明康德,91.000,90.400,90.860,91.690,90.400,90.860,90.880,788113,71650928.000,1700,90.860,1000,90.720,800,90.670,300,90.660,1100,90.650,700,90.880,1100,90.890,500,90.900,900,90.910,200,90.980,2019-03-29,10:02:43,00";
var hq_str_sh603259="药明康德,91.000,90.400,90.850,91.690,90.400,90.810,90.870,802713,72977510.000,200,90.810,300,90.770,100,90.760,900,90.750,2200,90.740,1100,90.870,24500,90.880,700,90.890,300,90.900,900,90.910,2019-03-29,10:03:58,00";
var hq_str_sh603259="药明康德,91.000,90.400,90.800,91.690,90.400,90.760,90.800,824813,74985207.000,500,90.760,900,90.750,2200,90.740,1000,90.720,1000,90.710,6300,90.800,200,90.810,1000,90.860,200,90.870,24500,90.880,2019-03-29,10:04:58,00";
var hq_str_sh603259="药明康德,91.000,90.400,90.800,91.690,90.400,90.790,90.800,845013,76819144.000,300,90.790,500,90.780,1600,90.770,1100,90.760,1400,90.750,1100,90.800,200,90.810,1100,90.860,200,90.870,24500,90.880,2019-03-29,10:05:58,00";
var hq_str_sh603259="药明康德,91.000,90.400,91.200,91.690,90.400,91.190,91.200,894213,81293622.000,300,91.190,900,91.180,100,91.170,200,91.160,100,91.140,3200,91.200,600,91.250,100,91.370,1800,91.380,1200,91.390,2019-03-29,10:06:58,00";
var hq_str_sh603259="药明康德,91.000,90.400,91.690,91.690,90.400,91.690,91.700,984713,89575314.000,300,91.690,100,91.660,7400,91.650,200,91.630,2500,91.620,3800,91.700,600,91.720,100,91.740,200,91.750,800,91.780,2019-03-29,10:07:58,00";
var hq_str_sh603259="药明康德,91.000,90.400,91.620,91.700,90.400,91.620,91.680,1042413,94865059.000,900,91.620,100,91.610,400,91.590,800,91.550,24200,91.500,4700,91.680,2980,91.690,3100,91.700,100,91.710,600,91.720,2019-03-29,10:08:58,00";
var hq_str_sh603259="药明康德,91.000,90.400,91.870,91.870,90.400,91.870,91.880,1096495,99827023.000,1700,91.870,1000,91.850,2600,91.830,2100,91.810,10218,91.800,1600,91.880,900,91.890,1700,91.900,1600,91.910,300,91.940,2019-03-29,10:09:58,00";
var hq_str_sh603259="药明康德,91.000,90.400,92.300,92.500,90.400,92.300,92.500,1188295,108284409.000,900,92.300,200,92.290,800,92.260,1600,92.250,100,92.220,1500,92.500,300,92.510,100,92.550,100,92.560,600,92.580,2019-03-29,10:10:58,00";
var hq_str_sh603259="药明康德,91.000,90.400,92.050,92.500,90.400,92.030,92.050,1248095,113802437.000,5800,92.030,500,92.020,3800,92.010,5800,92.000,2300,91.990,1500,92.050,100,92.230,4600,92.240,500,92.250,800,92.260,2019-03-29,10:11:58,00";
var hq_str_sh603259="药明康德,91.000,90.400,92.180,92.500,90.400,92.180,92.200,1272095,116013499.000,600,92.180,100,92.170,200,92.160,2000,92.150,500,92.110,2000,92.200,2000,92.220,3200,92.230,3500,92.240,500,92.250,2019-03-29,10:12:58,00";
var hq_str_sh603259="药明康德,91.000,90.400,92.200,92.500,90.400,92.190,92.200,1304695,119018121.000,300,92.190,3400,92.180,8000,92.170,2000,92.160,1800,92.150,2139,92.200,2200,92.220,2800,92.230,500,92.240,200,92.250,2019-03-29,10:13:58,00";
var hq_str_sh603259="药明康德,91.000,90.400,92.260,92.500,90.400,92.260,92.280,1357037,123845612.000,600,92.260,100,92.250,700,92.240,800,92.230,100,92.220,500,92.280,300,92.290,3800,92.300,200,92.320,500,92.330,2019-03-29,10:14:58,00";
var hq_str_sh603259="药明康德,91.000,90.400,92.330,92.500,90.400,92.320,92.330,1377437,125728779.000,2000,92.320,1000,92.310,4400,92.300,300,92.290,1100,92.280,1700,92.330,1500,92.340,800,92.350,2400,92.360,200,92.370,2019-03-29,10:15:58,00";
var hq_str_sh603259="药明康德,91.000,90.400,92.050,92.500,90.400,92.010,92.050,1416195,129303044.000,500,92.010,5500,92.000,2100,91.990,1600,91.980,100,91.950,4800,92.050,400,92.160,542,92.200,700,92.280,1200,92.290,2019-03-29,10:16:58,00";
var hq_str_sh603259="药明康德,91.000,90.400,92.200,92.500,90.400,92.220,92.250,1448037,132233305.000,100,92.220,200,92.200,558,92.050,600,92.010,500,92.000,200,92.250,500,92.260,200,92.280,1700,92.290,300,92.320,2019-03-29,10:17:58,00";
var hq_str_sh603259="药明康德,91.000,90.400,92.160,92.500,90.400,92.090,92.160,1470037,134261926.000,700,92.090,100,92.080,500,92.060,558,92.050,900,92.010,1400,92.160,300,92.190,2000,92.200,1100,92.220,1400,92.240,2019-03-29,10:18:58,00";
var hq_str_sh603259="药明康德,91.000,90.400,92.250,92.500,90.400,92.280,92.290,1495637,136622088.000,100,92.280,1000,92.140,100,92.090,400,92.080,200,92.060,1000,92.290,4400,92.300,100,92.310,500,92.320,1600,92.330,2019-03-29,10:19:58,00";
var hq_str_sh603259="药明康德,91.000,90.400,92.210,92.500,90.400,92.210,92.250,1518337,138717003.000,400,92.210,100,92.200,1000,92.160,300,92.130,100,92.090,10600,92.250,600,92.290,800,92.300,300,92.310,500,92.320,2019-03-29,10:20:55,00";
var hq_str_sh603259="药明康德,91.000,90.400,92.200,92.500,90.400,92.200,92.210,1526637,139482292.000,500,92.200,1400,92.190,600,92.170,1000,92.160,800,92.130,100,92.210,100,92.230,1100,92.240,5600,92.250,1600,92.290,2019-03-29,10:21:58,00";
var hq_str_sh603259="药明康德,91.000,90.400,92.220,92.500,90.400,92.190,92.220,1552837,141897785.000,400,92.190,4300,92.180,100,92.170,300,92.130,100,92.090,100,92.220,5600,92.250,1000,92.290,3100,92.300,100,92.310,2019-03-29,10:22:55,00";
var hq_str_sh603259="药明康德,91.000,90.400,92.200,92.500,90.400,92.200,92.280,1566337,143143214.000,100,92.200,200,92.190,5300,92.180,100,92.170,300,92.130,1400,92.280,800,92.290,8100,92.300,100,92.310,500,92.320,2019-03-29,10:23:58,00";
var hq_str_sh603259="药明康德,91.000,90.400,92.170,92.500,90.400,92.130,92.180,1583937,144766068.000,300,92.130,100,92.090,100,92.080,200,92.070,200,92.060,9800,92.180,4500,92.190,2700,92.200,200,92.220,500,92.230,2019-03-29,10:24:58,00";
var hq_str_sh603259="药明康德,91.000,90.400,92.100,92.500,90.400,92.090,92.100,1595637,145844243.000,1000,92.090,100,92.080,200,92.070,1100,92.010,2500,92.000,1100,92.100,200,92.120,1400,92.180,4400,92.190,3500,92.200,2019-03-29,10:25:55,00";
var hq_str_sh603259="药明康德,91.000,90.400,92.280,92.500,90.400,92.270,92.280,1621437,148223797.000,600,92.270,400,92.260,200,92.250,1100,92.240,200,92.220,200,92.280,4400,92.290,14500,92.300,100,92.310,500,92.320,2019-03-29,10:26:58,00";
var hq_str_sh603259="药明康德,91.000,90.400,92.460,92.500,90.400,92.450,92.460,1674437,153117632.000,900,92.450,200,92.410,1500,92.400,300,92.350,400,92.340,1900,92.460,600,92.470,2900,92.480,3200,92.490,24600,92.500,2019-03-29,10:27:55,00";
var hq_str_sh603259="药明康德,91.000,90.400,92.380,92.500,90.400,92.380,92.390,1706037,156039274.000,100,92.380,6100,92.300,200,92.290,400,92.280,300,92.250,100,92.390,100,92.400,700,92.470,4800,92.480,3800,92.490,2019-03-29,10:28:55,00";
var hq_str_sh603259="药明康德,91.000,90.400,92.470,92.500,90.400,92.470,92.480,1722937,157601591.000,2100,92.470,6900,92.460,100,92.450,3600,92.440,300,92.400,3300,92.480,3700,92.490,22000,92.500,500,92.510,400,92.520,2019-03-29,10:29:55,00";
var hq_str_sh603259="药明康德,91.000,90.400,92.550,92.550,90.400,92.550,92.560,1767837,161754951.000,600,92.550,1100,92.540,500,92.520,400,92.510,10700,92.500,900,92.560,4300,92.580,600,92.590,7400,92.600,200,92.610,2019-03-29,10:30:55,00";
var hq_str_sh603259="药明康德,91.000,90.400,92.660,92.660,90.400,92.630,92.650,1800737,164801543.000,500,92.630,100,92.600,1600,92.580,1800,92.570,500,92.560,600,92.650,3000,92.660,100,92.670,900,92.680,500,92.690,2019-03-29,10:31:55,00";
var hq_str_sh603259="药明康德,91.000,90.400,92.480,92.660,90.400,92.480,92.500,1835037,167975094.000,1100,92.480,100,92.470,400,92.440,300,92.430,600,92.410,1300,92.500,11400,92.510,100,92.530,500,92.550,100,92.560,2019-03-29,10:32:55,00";
var hq_str_sh603259="药明康德,91.000,90.400,92.170,92.660,90.400,92.020,92.170,1853737,169701515.000,400,92.020,1100,92.010,2900,92.000,300,91.990,1100,91.980,500,92.170,100,92.180,4500,92.200,400,92.250,300,92.260,2019-03-29,10:33:58,00";
var hq_str_sh603259="药明康德,91.000,90.400,92.060,92.660,90.400,92.060,92.070,1865937,170824834.000,1000,92.060,300,92.050,700,92.030,400,92.020,2400,92.010,600,92.070,100,92.100,100,92.150,300,92.170,100,92.190,2019-03-29,10:34:59,00";
var hq_str_sh603259="药明康德,91.000,90.400,92.100,92.660,90.400,92.080,92.100,1879837,172104832.000,500,92.080,1600,92.070,500,92.060,200,92.050,4300,92.030,1371,92.100,100,92.150,200,92.160,200,92.170,100,92.190,2019-03-29,10:35:55,00";
var hq_str_sh603259="药明康德,91.000,90.400,92.250,92.660,90.400,92.250,92.260,1887108,172774940.000,300,92.250,1600,92.210,1000,92.200,1000,92.160,100,92.150,700,92.260,1000,92.270,1700,92.280,5200,92.300,300,92.400,2019-03-29,10:36:58,00";
var hq_str_sh603259="药明康德,91.000,90.400,92.040,92.660,90.400,92.030,92.040,1904637,174390317.000,3300,92.030,400,92.020,6400,92.010,7600,92.000,300,91.990,71,92.040,100,92.110,2000,92.150,100,92.180,200,92.200,2019-03-29,10:37:55,00";
var hq_str_sh603259="药明康德,91.000,90.400,92.060,92.660,90.400,92.080,92.140,1910908,174967619.000,3000,92.080,1600,92.070,3200,92.060,7500,92.050,1500,92.040,200,92.140,2100,92.150,800,92.200,400,92.240,5000,92.250,2019-03-29,10:38:59,00";
var hq_str_sh603259="药明康德,91.000,90.400,92.100,92.660,90.400,92.110,92.140,1950408,178604390.000,400,92.110,100,92.100,2800,92.090,400,92.080,100,92.070,100,92.140,1700,92.150,900,92.200,400,92.240,5000,92.250,2019-03-29,10:39:58,00";
var hq_str_sh603259="药明康德,91.000,90.400,92.200,92.660,90.400,92.200,92.230,1976808,181034842.000,500,92.200,1400,92.150,300,92.080,500,92.070,5600,92.060,500,92.230,400,92.240,5000,92.250,100,92.260,500,92.270,2019-03-29,10:40:58,00";
var hq_str_sh603259="药明康德,91.000,90.400,92.060,92.660,90.400,92.060,92.120,1998908,183070601.000,500,92.060,1300,92.030,1729,92.010,9000,92.000,400,91.990,300,92.120,300,92.170,2800,92.190,200,92.200,500,92.210,2019-03-29,10:41:58,00";
var hq_str_sh603259="药明康德,91.000,90.400,92.070,92.660,90.400,92.070,92.200,2013808,184443248.000,400,92.070,200,92.060,2500,92.050,3100,92.040,700,92.030,1200,92.200,600,92.210,700,92.230,1100,92.240,5100,92.250,2019-03-29,10:42:59,00";
var hq_str_sh603259="药明康德,91.000,90.400,92.130,92.660,90.400,92.130,92.170,2015808,184627592.000,1800,92.130,4200,92.120,1300,92.110,2000,92.090,500,92.080,400,92.170,2600,92.180,5600,92.200,600,92.210,700,92.230,2019-03-29,10:43:55,00";
var hq_str_sh603259="药明康德,91.000,90.400,92.270,92.660,90.400,92.260,92.270,2048208,187614696.000,700,92.260,2300,92.240,100,92.230,1700,92.210,2200,92.200,400,92.270,3400,92.280,5300,92.300,300,92.400,300,92.430,2019-03-29,10:44:58,00";
var hq_str_sh603259="药明康德,91.000,90.400,92.300,92.660,90.400,92.300,92.320,2063908,189063659.000,6400,92.300,100,92.290,3100,92.280,5800,92.270,100,92.260,100,92.320,300,92.400,800,92.430,300,92.470,500,92.480,2019-03-29,10:45:59,00";
var hq_str_sh603259="药明康德,91.000,90.400,92.480,92.660,90.400,92.350,92.480,2073008,189904550.000,300,92.350,5300,92.340,1200,92.330,2100,92.320,1400,92.310,900,92.480,1100,92.490,16500,92.500,800,92.510,100,92.530,2019-03-29,10:46:58,00";
var hq_str_sh603259="药明康德,91.000,90.400,92.470,92.660,90.400,92.470,92.480,2088808,191365405.000,500,92.470,1300,92.440,400,92.430,2900,92.420,300,92.350,200,92.480,5000,92.490,16400,92.500,800,92.510,1100,92.550,2019-03-29,10:47:59,00";
var hq_str_sh603259="药明康德,91.000,90.400,92.400,92.660,90.400,92.350,92.400,2123908,194611197.000,300,92.350,1100,92.330,1800,92.320,3000,92.300,4600,92.280,8300,92.400,400,92.490,8600,92.500,700,92.510,1200,92.550,2019-03-29,10:48:58,00";
var hq_str_sh603259="药明康德,91.000,90.400,92.280,92.660,90.400,92.120,92.200,2147508,196789467.000,1800,92.120,300,92.090,500,92.080,400,92.070,10000,92.060,100,92.200,2400,92.280,200,92.340,100,92.350,200,92.380,2019-03-29,10:49:55,00";
var hq_str_sh603259="药明康德,91.000,90.400,92.250,92.660,90.400,92.210,92.250,2160008,197941679.000,900,92.210,1000,92.180,800,92.170,500,92.160,2200,92.150,300,92.250,300,92.260,1600,92.270,2400,92.280,5100,92.300,2019-03-29,10:50:58,00";
var hq_str_sh603259="药明康德,91.000,90.400,92.220,92.660,90.400,92.220,92.250,2166108,198504339.000,200,92.220,1000,92.210,100,92.200,1000,92.180,800,92.170,2000,92.250,300,92.260,2000,92.270,2400,92.280,100,92.290,2019-03-29,10:51:59,00";
var hq_str_sh603259="药明康德,91.000,90.400,92.100,92.660,90.400,92.090,92.100,2187308,200457693.000,300,92.090,900,92.080,400,92.070,10000,92.060,1200,92.050,700,92.100,1300,92.120,1100,92.160,300,92.190,9600,92.200,2019-03-29,10:52:58,00";
var hq_str_sh603259="药明康德,91.000,90.400,92.030,92.660,90.400,92.010,92.030,2217508,203238128.000,1829,92.010,8500,92.000,300,91.990,1000,91.980,200,91.950,5200,92.030,200,92.070,11000,92.100,10000,92.110,23400,92.120,2019-03-29,10:53:59,00";
var hq_str_sh603259="药明康德,91.000,90.400,91.980,92.660,90.400,91.980,91.990,2238337,205154368.000,500,91.980,100,91.950,600,91.910,300,91.900,800,91.880,1300,91.990,5871,92.000,3000,92.010,200,92.070,10500,92.100,2019-03-29,10:54:58,00";
var hq_str_sh603259="药明康德,91.000,90.400,91.990,92.660,90.400,91.960,91.980,2245837,205844206.000,100,91.960,4100,91.950,1100,91.910,700,91.900,200,91.890,900,91.980,7700,91.990,5971,92.000,3000,92.010,10600,92.100,2019-03-29,10:55:55,00";
var hq_str_sh603259="药明康德,91.000,90.400,91.910,92.660,90.400,91.910,91.980,2276537,208666510.000,200,91.910,1800,91.900,1100,91.890,800,91.880,800,91.870,200,91.980,5500,91.990,5971,92.000,800,92.010,100,92.090,2019-03-29,10:56:58,00";
var hq_str_sh603259="药明康德,91.000,90.400,91.970,92.660,90.400,91.970,91.990,2282116,209179501.000,2200,91.970,100,91.960,100,91.950,2900,91.930,5121,91.920,4600,91.990,5971,92.000,800,92.010,100,92.090,10800,92.100,2019-03-29,10:57:58,00";
var hq_str_sh603259="药明康德,91.000,90.400,92.000,92.660,90.400,91.930,91.990,2304716,211258285.000,500,91.930,3300,91.920,900,91.910,1400,91.900,100,91.890,600,91.990,700,92.000,300,92.010,300,92.080,500,92.090,2019-03-29,10:58:58,00";
var hq_str_sh603259="药明康德,91.000,90.400,91.850,92.660,90.400,91.820,91.850,2319516,212618678.000,1100,91.820,2200,91.810,12118,91.800,100,91.780,400,91.770,2900,91.850,500,91.880,1700,91.890,2700,91.900,100,91.960,2019-03-29,10:59:58,00";
var hq_str_sh603259="药明康德,91.000,90.400,91.990,92.660,90.400,91.990,92.000,2342516,214731531.000,600,91.990,400,91.960,1100,91.910,13600,91.900,100,91.840,9800,92.000,200,92.010,300,92.080,500,92.090,10700,92.100,2019-03-29,11:00:58,00";
var hq_str_sh603259="药明康德,91.000,90.400,92.100,92.660,90.400,92.090,92.100,2355716,215946153.000,2400,92.090,6900,92.000,500,91.990,100,91.960,1500,91.930,9400,92.100,200,92.120,200,92.160,500,92.190,200,92.200,2019-03-29,11:01:55,00";
var hq_str_sh603259="药明康德,91.000,90.400,92.090,92.660,90.400,92.010,92.090,2365316,216830271.000,7400,92.010,500,92.000,500,91.990,100,91.960,1500,91.930,300,92.090,3700,92.100,200,92.120,200,92.130,200,92.160,2019-03-29,11:02:55,00";
var hq_str_sh603259="药明康德,91.000,90.400,92.180,92.660,90.400,92.180,92.190,2376716,217880835.000,1700,92.180,1700,92.160,9100,92.150,1000,92.090,100,92.070,100,92.190,8200,92.200,100,92.210,400,92.250,1400,92.270,2019-03-29,11:03:58,00";
var hq_str_sh603259="药明康德,91.000,90.400,92.250,92.660,90.400,92.210,92.260,2390216,219125537.000,1400,92.210,3200,92.200,1300,92.190,1500,92.180,500,92.170,3100,92.260,400,92.270,1600,92.280,1000,92.290,10300,92.300,2019-03-29,11:04:58,00";
var hq_str_sh603259="药明康德,91.000,90.400,92.260,92.660,90.400,92.260,92.270,2397516,219799000.000,4300,92.260,100,92.240,500,92.230,900,92.220,1400,92.210,500,92.270,1600,92.280,3800,92.290,12300,92.300,200,92.340,2019-03-29,11:05:58,00";
var hq_str_sh603259="药明康德,91.000,90.400,92.250,92.660,90.400,92.220,92.250,2409616,220915199.000,700,92.220,3200,92.200,800,92.180,500,92.170,700,92.160,200,92.250,3200,92.260,5600,92.270,1000,92.280,3800,92.290,2019-03-29,11:06:58,00";
var hq_str_sh603259="药明康德,91.000,90.400,92.180,92.660,90.400,92.170,92.180,2421316,221994051.000,500,92.170,500,92.160,1000,92.090,2100,92.030,6600,92.010,2000,92.180,2200,92.200,300,92.210,500,92.220,500,92.230,2019-03-29,11:07:58,00";
var hq_str_sh603259="药明康德,91.000,90.400,92.170,92.660,90.400,92.150,92.170,2430616,222851086.000,400,92.150,200,92.130,300,92.120,700,92.090,200,92.040,900,92.170,200,92.180,100,92.190,6400,92.200,300,92.210,2019-03-29,11:08:58,00";
var hq_str_sh603259="药明康德,91.000,90.400,92.230,92.660,90.400,92.220,92.230,2444416,224123367.000,1400,92.220,1500,92.210,2500,92.200,800,92.170,200,92.130,300,92.230,400,92.240,5800,92.250,400,92.260,5600,92.270,2019-03-29,11:09:55,00";
var hq_str_sh603259="药明康德,91.000,90.400,92.300,92.660,90.400,92.290,92.300,2466416,226153282.000,900,92.290,100,92.280,500,92.270,400,92.260,1000,92.250,13000,92.300,200,92.340,2100,92.350,1000,92.380,300,92.390,2019-03-29,11:10:55,00";
var hq_str_sh603259="药明康德,91.000,90.400,92.260,92.660,90.400,92.240,92.260,2486916,228045253.000,100,92.240,500,92.230,800,92.220,1100,92.210,100,92.170,1500,92.260,3200,92.300,200,92.340,2100,92.350,1000,92.380,2019-03-29,11:11:59,00";
var hq_str_sh603259="药明康德,91.000,90.400,92.130,92.660,90.400,92.150,92.220,2506416,229843874.000,100,92.150,400,92.140,1000,92.130,300,92.120,600,92.100,500,92.220,300,92.240,1500,92.250,1800,92.270,3700,92.300,2019-03-29,11:12:58,00";
var hq_str_sh603259="药明康德,91.000,90.400,92.000,92.660,90.400,92.010,92.160,2547916,233664939.000,400,92.010,10000,92.000,1400,91.930,1500,91.900,100,91.880,400,92.160,100,92.190,1700,92.240,900,92.290,8800,92.300,2019-03-29,11:13:58,00";
var hq_str_sh603259="药明康德,91.000,90.400,92.300,92.660,90.400,92.240,92.300,2560616,234834956.000,800,92.240,1400,92.190,1500,92.050,200,92.030,3200,92.020,8700,92.300,600,92.340,2100,92.350,1600,92.380,300,92.390,2019-03-29,11:14:59,00";
var hq_str_sh603259="药明康德,91.000,90.400,92.290,92.660,90.400,92.230,92.280,2576916,236339260.000,700,92.230,100,92.220,300,92.190,1000,92.100,500,92.090,1000,92.280,1400,92.300,1100,92.340,2100,92.350,1500,92.380,2019-03-29,11:16:01,00";
var hq_str_sh603259="药明康德,91.000,90.400,92.110,92.660,90.400,92.110,92.170,2584516,237039981.000,100,92.110,300,92.100,500,92.090,100,92.080,100,92.060,100,92.170,100,92.200,100,92.220,2500,92.260,900,92.280,2019-03-29,11:16:55,00";
var hq_str_sh603259="药明康德,91.000,90.400,92.200,92.660,90.400,92.200,92.210,2596816,238173053.000,3300,92.200,800,92.170,1200,92.100,500,92.090,300,92.070,301,92.210,100,92.220,900,92.280,400,92.290,6100,92.300,2019-03-29,11:18:01,00";
var hq_str_sh603259="药明康德,91.000,90.400,92.230,92.660,90.400,92.230,92.260,2604617,238892485.000,400,92.230,4099,92.200,800,92.170,100,92.150,1400,92.100,300,92.260,2100,92.270,900,92.280,1200,92.290,6100,92.300,2019-03-29,11:18:59,00";
var hq_str_sh603259="药明康德,91.000,90.400,92.100,92.660,90.400,92.090,92.100,2619116,240229013.000,600,92.090,300,92.070,200,92.060,700,92.050,200,92.030,3000,92.100,300,92.190,1700,92.200,1201,92.210,100,92.220,2019-03-29,11:19:58,00";
var hq_str_sh603259="药明康德,91.000,90.400,92.180,92.660,90.400,92.130,92.180,2632616,241472526.000,100,92.130,100,92.120,400,92.100,500,92.090,300,92.070,300,92.180,800,92.190,5900,92.200,1201,92.210,100,92.220,2019-03-29,11:20:59,00";
var hq_str_sh603259="药明康德,91.000,90.400,92.100,92.660,90.400,92.100,92.180,2641816,242319709.000,4200,92.100,100,92.090,1000,92.050,700,92.030,2300,92.020,200,92.180,1000,92.190,6000,92.200,901,92.210,100,92.220,2019-03-29,11:21:58,00";
var hq_str_sh603259="药明康德,91.000,90.400,92.050,92.660,90.400,92.030,92.050,2654516,243489384.000,700,92.030,2300,92.020,6700,92.010,12400,92.000,2400,91.930,100,92.050,500,92.190,6400,92.200,901,92.210,100,92.220,2019-03-29,11:22:58,00";
var hq_str_sh603259="药明康德,91.000,90.400,92.190,92.660,90.400,92.190,92.200,2660016,243996407.000,100,92.190,100,92.120,2000,92.110,900,92.100,1000,92.090,6000,92.200,901,92.210,100,92.220,200,92.230,5600,92.250,2019-03-29,11:23:58,00";
var hq_str_sh603259="药明康德,91.000,90.400,92.160,92.660,90.400,92.130,92.160,2668316,244761204.000,100,92.130,3000,92.120,1100,92.110,1200,92.100,800,92.090,200,92.160,400,92.190,4100,92.200,901,92.210,100,92.220,2019-03-29,11:24:55,00";
var hq_str_sh603259="药明康德,91.000,90.400,92.270,92.660,90.400,92.270,92.280,2688917,246661200.000,200,92.270,3699,92.210,800,92.200,600,92.190,200,92.160,100,92.280,1800,92.290,7700,92.300,200,92.320,300,92.330,2019-03-29,11:25:58,00";
var hq_str_sh603259="药明康德,91.000,90.400,92.300,92.660,90.400,92.210,92.280,2709517,248562179.000,999,92.210,200,92.200,600,92.190,1000,92.160,200,92.100,100,92.280,2600,92.300,200,92.320,300,92.330,700,92.340,2019-03-29,11:26:58,00";
var hq_str_sh603259="药明康德,91.000,90.400,92.250,92.660,90.400,92.200,92.250,2745516,251883251.000,900,92.200,1400,92.190,1000,92.160,100,92.150,200,92.100,200,92.250,101,92.260,100,92.290,400,92.320,300,92.330,2019-03-29,11:27:55,00";
var hq_str_sh603259="药明康德,91.000,90.400,92.220,92.660,90.400,92.210,92.220,2756016,252851687.000,2000,92.210,100,92.200,600,92.190,1000,92.160,800,92.150,300,92.220,1900,92.250,401,92.260,200,92.290,5100,92.300,2019-03-29,11:28:58,00";
var hq_str_sh603259="药明康德,91.000,90.400,92.300,92.660,90.400,92.290,92.300,2761717,253377637.000,100,92.290,100,92.270,1499,92.260,1000,92.250,1500,92.230,5100,92.300,200,92.320,300,92.330,700,92.340,2200,92.350,2019-03-29,11:29:49,00";
var hq_str_sh603259="药明康德,91.000,90.400,92.290,92.660,90.400,92.270,92.300,2761817,253386866.000,100,92.270,1499,92.260,100,92.250,1500,92.230,1200,92.220,5100,92.300,200,92.320,300,92.330,700,92.340,2200,92.350,2019-03-29,11:30:00,00";
var hq_str_sh603259="药明康德,91.000,90.400,92.480,92.660,90.400,92.480,92.490,2786217,255640356.000,1900,92.480,100,92.470,2900,92.450,800,92.410,5500,92.400,900,92.490,12400,92.500,1100,92.510,400,92.520,1400,92.550,2019-03-29,13:00:52,00";
var hq_str_sh603259="药明康德,91.000,90.400,92.450,92.660,90.400,92.410,92.450,2806317,257499221.000,1300,92.410,5500,92.400,1500,92.390,100,92.380,2100,92.350,4100,92.450,2200,92.480,1000,92.490,10100,92.500,800,92.510,2019-03-29,13:01:55,00";
var hq_str_sh603259="药明康德,91.000,90.400,92.520,92.660,90.400,92.520,92.530,2835317,260181082.000,800,92.520,500,92.510,5100,92.500,3100,92.480,1500,92.470,900,92.530,1900,92.550,100,92.560,300,92.570,2100,92.580,2019-03-29,13:02:55,00";
var hq_str_sh603259="药明康德,91.000,90.400,92.590,92.660,90.400,92.590,92.600,2851317,261662126.000,300,92.590,1700,92.570,1400,92.560,4200,92.550,2000,92.530,5100,92.600,500,92.620,1000,92.630,7700,92.650,5500,92.660,2019-03-29,13:03:52,00";
var hq_str_sh603259="药明康德,91.000,90.400,92.560,92.660,90.400,92.560,92.570,2866917,263106644.000,300,92.560,4100,92.550,100,92.520,5500,92.500,100,92.480,3000,92.570,1800,92.580,1100,92.590,5900,92.600,2800,92.630,2019-03-29,13:04:58,00";
var hq_str_sh603259="药明康德,91.000,90.400,92.570,92.660,90.400,92.570,92.580,2881117,264421098.000,2700,92.570,1200,92.560,4100,92.550,100,92.520,300,92.510,1800,92.580,1900,92.590,5800,92.600,2900,92.630,200,92.640,2019-03-29,13:05:58,00";
var hq_str_sh603259="药明康德,91.000,90.400,92.590,92.660,90.400,92.580,92.590,2891117,265346877.000,2900,92.580,1000,92.570,10300,92.560,500,92.550,100,92.520,200,92.590,11900,92.600,2900,92.630,200,92.640,7900,92.650,2019-03-29,13:06:55,00";
var hq_str_sh603259="药明康德,91.000,90.400,92.660,92.660,90.400,92.650,92.660,2922817,268283163.000,2700,92.650,1400,92.640,900,92.630,1000,92.620,500,92.610,600,92.660,200,92.670,1200,92.680,1000,92.690,14400,92.700,2019-03-29,13:07:58,00";
var hq_str_sh603259="药明康德,91.000,90.400,92.800,92.800,90.400,92.780,92.800,2953517,271129500.000,100,92.780,3200,92.770,100,92.750,3500,92.730,1300,92.710,600,92.800,100,92.810,400,92.820,200,92.840,3900,92.850,2019-03-29,13:08:58,00";
var hq_str_sh603259="药明康德,91.000,90.400,92.770,92.800,90.400,92.730,92.770,2971117,272762535.000,3500,92.730,700,92.710,5900,92.700,500,92.690,500,92.670,1100,92.770,1100,92.780,9000,92.790,2700,92.800,100,92.810,2019-03-29,13:09:55,00";
var hq_str_sh603259="药明康德,91.000,90.400,92.770,92.800,90.400,92.760,92.770,2984017,273959281.000,500,92.760,6200,92.750,3200,92.730,1200,92.710,5400,92.700,1600,92.770,8200,92.780,2200,92.790,9300,92.800,100,92.810,2019-03-29,13:10:58,00";
var hq_str_sh603259="药明康德,91.000,90.400,92.830,92.830,90.400,92.830,92.840,3014117,276752150.000,100,92.830,1100,92.820,100,92.810,600,92.800,3800,92.780,300,92.840,9100,92.850,100,92.860,2000,92.870,15500,92.880,2019-03-29,13:11:58,00";
var hq_str_sh603259="药明康德,91.000,90.400,92.860,92.860,90.400,92.860,92.870,3034317,278627539.000,100,92.860,1900,92.850,300,92.840,2600,92.820,400,92.810,3700,92.870,15400,92.880,1500,92.890,1200,92.900,5400,92.920,2019-03-29,13:12:55,00";
var hq_str_sh603259="药明康德,91.000,90.400,93.000,93.000,90.400,92.990,93.000,3125917,287142404.000,4900,92.990,8300,92.980,2800,92.970,2000,92.960,8300,92.950,16000,93.000,600,93.010,100,93.020,100,93.030,100,93.050,2019-03-29,13:13:58,00";
var hq_str_sh603259="药明康德,91.000,90.400,93.160,93.180,90.400,93.150,93.160,3154917,289840251.000,2500,93.150,1900,93.130,300,93.110,5800,93.100,5000,93.090,700,93.160,1500,93.180,500,93.190,3779,93.200,1100,93.220,2019-03-29,13:14:58,00";
var hq_str_sh603259="药明康德,91.000,90.400,92.960,93.200,90.400,92.950,92.980,3210217,294988060.000,2300,92.950,1300,92.930,9600,92.900,500,92.850,300,92.840,500,92.980,200,92.990,5100,93.000,100,93.010,1900,93.020,2019-03-29,13:15:58,00";
var hq_str_sh603259="药明康德,91.000,90.400,92.930,93.200,90.400,92.930,92.940,3231617,296977400.000,600,92.930,100,92.920,500,92.910,9600,92.900,2500,92.850,1279,92.940,500,92.970,5200,92.980,200,92.990,7000,93.000,2019-03-29,13:16:55,00";
var hq_str_sh603259="药明康德,91.000,90.400,92.940,93.200,90.400,92.930,92.940,3252517,298919456.000,7100,92.930,4000,92.920,100,92.910,3900,92.900,2800,92.850,5800,92.940,400,92.960,1179,92.970,5000,92.980,300,92.990,2019-03-29,13:17:55,00";
var hq_str_sh603259="药明康德,91.000,90.400,92.830,93.200,90.400,92.820,92.830,3275417,301046842.000,200,92.820,200,92.810,500,92.800,200,92.780,3400,92.770,3600,92.830,2900,92.840,3100,92.900,600,92.910,400,92.920,2019-03-29,13:18:58,00";
var hq_str_sh603259="药明康德,91.000,90.400,92.790,93.200,90.400,92.780,92.790,3287917,302206894.000,600,92.780,6700,92.770,600,92.760,3400,92.730,500,92.720,1300,92.790,2200,92.810,600,92.820,100,92.830,2600,92.840,2019-03-29,13:19:58,00";
var hq_str_sh603259="药明康德,91.000,90.400,92.940,93.200,90.400,92.840,92.940,3300817,303404432.000,4100,92.840,500,92.830,1400,92.820,100,92.810,2900,92.800,100,92.940,100,92.950,100,92.960,1279,92.970,5100,92.980,2019-03-29,13:20:58,00";
var hq_str_sh603259="药明康德,91.000,90.400,92.970,93.200,90.400,92.970,92.980,3311517,304399067.000,400,92.970,10400,92.880,900,92.870,300,92.850,4100,92.840,879,92.980,6100,92.990,15000,93.000,500,93.030,100,93.080,2019-03-29,13:21:58,00";
var hq_str_sh603259="药明康德,91.000,90.400,92.900,93.200,90.400,92.880,92.900,3329217,306044006.000,8000,92.880,800,92.840,700,92.830,1400,92.820,2200,92.800,1300,92.900,100,92.960,600,92.970,5000,92.980,2779,92.990,2019-03-29,13:22:58,00";
var hq_str_sh603259="药明康德,91.000,90.400,92.990,93.200,90.400,92.940,92.960,3343817,307401236.000,6100,92.940,200,92.930,9500,92.900,1300,92.890,8000,92.880,400,92.960,979,92.990,17700,93.000,500,93.010,300,93.030,2019-03-29,13:23:58,00";
var hq_str_sh603259="药明康德,91.000,90.400,93.060,93.200,90.400,93.050,93.080,3367996,309649965.000,400,93.050,200,93.040,600,93.030,2200,93.010,1821,93.000,1100,93.080,200,93.090,5000,93.100,300,93.110,2000,93.130,2019-03-29,13:24:58,00";
var hq_str_sh603259="药明康德,91.000,90.400,93.130,93.200,90.400,93.130,93.140,3384996,311232751.000,3500,93.130,900,93.110,2900,93.100,100,93.090,1700,93.080,100,93.140,700,93.150,400,93.170,200,93.180,2500,93.190,2019-03-29,13:25:58,00";
var hq_str_sh603259="药明康德,91.000,90.400,93.140,93.200,90.400,93.120,93.140,3395096,312173375.000,3400,93.120,2900,93.100,800,93.080,200,93.060,2200,93.010,600,93.140,600,93.150,200,93.160,400,93.170,600,93.180,2019-03-29,13:26:58,00";
var hq_str_sh603259="药明康德,91.000,90.400,93.100,93.200,90.400,93.100,93.120,3411696,313719305.000,600,93.100,200,93.060,2200,93.010,10321,93.000,5000,92.960,2203,93.120,3800,93.130,500,93.140,1700,93.150,1300,93.160,2019-03-29,13:27:58,00";
var hq_str_sh603259="药明康德,91.000,90.400,93.030,93.200,90.400,93.030,93.040,3434396,315832586.000,3500,93.030,100,93.020,2400,93.010,10821,93.000,5000,92.960,400,93.040,300,93.050,1203,93.060,1100,93.100,300,93.120,2019-03-29,13:28:58,00";
var hq_str_sh603259="药明康德,91.000,90.400,93.000,93.200,90.400,93.000,93.010,3443496,316679088.000,12821,93.000,5000,92.960,6000,92.940,100,92.930,700,92.890,400,93.010,900,93.020,1700,93.030,500,93.040,300,93.050,2019-03-29,13:29:55,00";
var hq_str_sh603259="药明康德,91.000,90.400,93.010,93.200,90.400,93.020,93.030,3460796,318288196.000,600,93.020,10900,93.010,15621,93.000,5000,92.960,6000,92.940,1200,93.030,300,93.040,300,93.050,1303,93.060,2000,93.090,2019-03-29,13:30:58,00";
var hq_str_sh603259="药明康德,91.000,90.400,93.040,93.200,90.400,93.030,93.040,3473096,319432449.000,1500,93.030,5000,93.020,11700,93.010,15021,93.000,5000,92.960,400,93.040,800,93.050,1203,93.060,100,93.080,1600,93.090,2019-03-29,13:31:58,00";
var hq_str_sh603259="药明康德,91.000,90.400,93.010,93.200,90.400,93.010,93.020,3495396,321506754.000,600,93.010,15121,93.000,5000,92.960,6000,92.940,100,92.930,5000,93.020,2500,93.030,500,93.040,2100,93.050,1203,93.060,2019-03-29,13:32:55,00";
var hq_str_sh603259="药明康德,91.000,90.400,92.940,93.200,90.400,92.940,92.960,3521617,323944941.000,3600,92.940,100,92.930,200,92.890,8500,92.880,800,92.840,2500,92.960,500,92.970,800,92.980,900,92.990,1379,93.000,2019-03-29,13:33:55,00";
var hq_str_sh603259="药明康德,91.000,90.400,92.880,93.200,90.400,92.880,92.890,3534817,325171267.000,800,92.880,900,92.840,800,92.830,1400,92.820,1600,92.800,1300,92.890,100,92.900,1200,92.930,2500,92.940,2700,92.960,2019-03-29,13:34:52,00";
var hq_str_sh603259="药明康德,91.000,90.400,92.890,93.200,90.400,92.890,92.900,3549618,326545635.000,100,92.890,800,92.880,2300,92.860,9200,92.850,2599,92.840,400,92.900,600,92.930,2500,92.940,2700,92.960,300,92.970,2019-03-29,13:35:58,00";
var hq_str_sh603259="药明康德,91.000,90.400,92.960,93.200,90.400,92.940,92.960,3558121,327335868.000,100,92.940,2197,92.930,300,92.900,500,92.890,200,92.880,1500,92.960,300,92.970,200,92.980,2579,93.000,1200,93.010,2019-03-29,13:36:52,00";
var hq_str_sh603259="药明康德,91.000,90.400,92.990,93.200,90.400,92.990,93.000,3562021,327698448.000,2800,92.990,1800,92.980,1700,92.960,700,92.940,400,92.930,2679,93.000,1200,93.010,4200,93.020,900,93.030,200,93.040,2019-03-29,13:37:55,00";
var hq_str_sh603259="药明康德,91.000,90.400,93.020,93.200,90.400,93.020,93.030,3572800,328701013.000,100,93.020,5300,93.010,3121,93.000,1400,92.980,700,92.960,900,93.030,200,93.040,900,93.050,800,93.060,100,93.080,2019-03-29,13:38:58,00";
var hq_str_sh603259="药明康德,91.000,90.400,93.060,93.200,90.400,93.060,93.090,3579800,329352391.000,1600,93.060,1600,93.050,1500,93.030,400,93.020,1900,93.010,1600,93.090,3000,93.100,1100,93.110,300,93.120,700,93.130,2019-03-29,13:39:58,00";
var hq_str_sh603259="药明康德,91.000,90.400,93.060,93.200,90.400,93.030,93.060,3589300,330236561.000,1500,93.030,400,93.020,600,93.010,700,93.000,500,92.980,700,93.060,8000,93.070,1100,93.080,1400,93.090,3100,93.100,2019-03-29,13:40:58,00";
var hq_str_sh603259="药明康德,91.000,90.400,93.040,93.200,90.400,93.020,93.040,3602500,331464928.000,300,93.020,600,93.010,1100,93.000,500,92.980,500,92.960,1000,93.040,6500,93.050,4200,93.060,500,93.070,1800,93.080,2019-03-29,13:41:52,00";
var hq_str_sh603259="药明康德,91.000,90.400,92.960,93.200,90.400,92.960,92.990,3610600,332218262.000,600,92.960,100,92.950,600,92.940,300,92.930,200,92.900,100,92.990,4900,93.000,1600,93.020,800,93.040,2700,93.050,2019-03-29,13:42:58,00";
var hq_str_sh603259="药明康德,91.000,90.400,92.960,93.200,90.400,92.950,92.960,3619100,333008481.000,2800,92.950,900,92.930,3000,92.900,4500,92.890,400,92.880,100,92.960,100,92.990,6100,93.000,900,93.020,600,93.040,2019-03-29,13:43:58,00";
var hq_str_sh603259="药明康德,91.000,90.400,92.980,93.200,90.400,92.980,93.000,3627400,333780322.000,7500,92.980,1800,92.970,2400,92.960,3400,92.950,300,92.930,3000,93.000,800,93.020,1100,93.040,5800,93.050,3600,93.060,2019-03-29,13:44:55,00";
var hq_str_sh603259="药明康德,91.000,90.400,92.980,93.200,90.400,92.980,93.030,3644300,335352080.000,3700,92.980,1600,92.970,1600,92.960,3400,92.950,100,92.940,700,93.030,1200,93.040,5900,93.050,3600,93.060,300,93.070,2019-03-29,13:45:52,00";
var hq_str_sh603259="药明康德,91.000,90.400,92.980,93.200,90.400,92.970,92.980,3652900,336151745.000,2100,92.970,1600,92.960,3400,92.950,300,92.930,800,92.900,2700,92.980,600,93.000,700,93.030,1300,93.040,2900,93.050,2019-03-29,13:46:52,00";
var hq_str_sh603259="药明康德,91.000,90.400,92.960,93.200,90.400,92.960,92.970,3663800,337165064.000,400,92.960,3400,92.950,300,92.930,500,92.900,4500,92.890,500,92.970,300,92.980,900,92.990,2100,93.000,100,93.010,2019-03-29,13:47:55,00";
var hq_str_sh603259="药明康德,91.000,90.400,92.950,93.200,90.400,92.930,92.950,3671300,337862222.000,300,92.930,500,92.900,4500,92.890,300,92.880,100,92.870,1500,92.950,800,92.960,800,92.970,1500,92.980,900,92.990,2019-03-29,13:48:52,00";
var hq_str_sh603259="药明康德,91.000,90.400,92.970,93.200,90.400,92.970,92.980,3680500,338717410.000,400,92.970,700,92.960,3300,92.950,1700,92.930,700,92.910,1500,92.980,1500,92.990,4200,93.000,100,93.010,600,93.020,2019-03-29,13:49:58,00";
var hq_str_sh603259="药明康德,91.000,90.400,93.020,93.200,90.400,93.020,93.030,3698100,340353854.000,1300,93.020,500,93.000,100,92.990,1100,92.960,400,92.950,200,93.030,1900,93.040,2900,93.050,3500,93.060,300,93.070,2019-03-29,13:50:58,00";
var hq_str_sh603259="药明康德,91.000,90.400,93.060,93.200,90.400,93.050,93.060,3707100,341191295.000,2900,93.050,2100,93.040,500,93.030,1300,93.020,300,93.000,600,93.060,300,93.070,2400,93.080,1400,93.090,2400,93.100,2019-03-29,13:51:58,00";
var hq_str_sh603259="药明康德,91.000,90.400,93.130,93.200,90.400,93.110,93.130,3719400,342336365.000,400,93.110,4700,93.100,1300,93.090,1700,93.070,6700,93.050,300,93.130,2000,93.140,2600,93.150,1100,93.160,1100,93.170,2019-03-29,13:52:58,00";
var hq_str_sh603259="药明康德,91.000,90.400,93.150,93.200,90.400,93.130,93.140,3731600,343472689.000,1600,93.130,500,93.110,500,93.100,1300,93.090,900,93.070,400,93.140,2800,93.150,1100,93.160,1100,93.170,3000,93.180,2019-03-29,13:53:55,00";
var hq_str_sh603259="药明康德,91.000,90.400,93.120,93.200,90.400,93.120,93.130,3745500,344767309.000,300,93.120,500,93.110,600,93.100,1200,93.090,900,93.070,4000,93.130,800,93.140,1000,93.150,1100,93.160,1000,93.170,2019-03-29,13:54:52,00";
var hq_str_sh603259="药明康德,91.000,90.400,93.120,93.200,90.400,93.110,93.120,3759600,346080309.000,600,93.110,1700,93.100,1400,93.090,900,93.070,100,93.060,300,93.120,200,93.130,1400,93.140,4500,93.150,6600,93.160,2019-03-29,13:55:55,00";
var hq_str_sh603259="药明康德,91.000,90.400,93.130,93.200,90.400,93.090,93.120,3767300,346797261.000,1100,93.090,900,93.070,100,93.060,900,93.050,1900,93.040,700,93.120,400,93.130,2200,93.140,6200,93.150,6600,93.160,2019-03-29,13:56:55,00";
var hq_str_sh603259="药明康德,91.000,90.400,93.070,93.200,90.400,93.070,93.110,3773300,347355817.000,100,93.070,200,93.060,900,93.050,1900,93.040,500,93.030,1800,93.110,10000,93.120,1000,93.130,1600,93.140,6400,93.150,2019-03-29,13:57:55,00";
var hq_str_sh603259="药明康德,91.000,90.400,93.060,93.200,90.400,93.040,93.060,3785500,348491071.000,1900,93.040,500,93.030,800,93.020,1500,93.000,500,92.990,1900,93.060,700,93.080,2400,93.110,10000,93.120,1100,93.130,2019-03-29,13:58:55,00";
var hq_str_sh603259="药明康德,91.000,90.400,93.080,93.200,90.400,93.050,93.080,3793300,349216895.000,200,93.050,1700,93.040,200,93.030,800,93.020,1000,93.010,700,93.080,400,93.100,2400,93.110,10300,93.120,1300,93.130,2019-03-29,13:59:55,00";
var hq_str_sh603259="药明康德,91.000,90.400,92.960,93.200,90.400,92.950,92.960,3802900,350109906.000,400,92.950,4800,92.920,1400,92.910,6600,92.900,1000,92.890,1100,92.960,2100,92.990,2300,93.000,600,93.040,600,93.050,2019-03-29,14:00:55,00";
var hq_str_sh603259="药明康德,91.000,90.400,92.960,93.200,90.400,92.960,92.980,3807200,350509625.000,3400,92.960,200,92.950,1200,92.930,4800,92.920,1500,92.910,1100,92.980,2000,92.990,1100,93.000,1100,93.040,700,93.050,2019-03-29,14:01:49,00";
var hq_str_sh603259="药明康德,91.000,90.400,92.940,93.200,90.400,92.920,92.940,3822200,351903853.000,4700,92.920,1400,92.910,6700,92.900,1000,92.890,300,92.880,1300,92.940,400,92.950,1500,92.960,3100,92.980,2000,92.990,2019-03-29,14:02:49,00";
var hq_str_sh603259="药明康德,91.000,90.400,92.990,93.200,90.400,92.980,92.990,3836900,353270431.000,3700,92.980,300,92.960,500,92.950,300,92.930,4900,92.920,900,92.990,4300,93.000,1100,93.040,1200,93.050,2700,93.070,2019-03-29,14:03:55,00";
var hq_str_sh603259="药明康德,91.000,90.400,93.000,93.200,90.400,92.980,93.000,3846400,354153827.000,2400,92.980,100,92.960,600,92.950,700,92.930,800,92.920,4200,93.000,300,93.020,1100,93.040,900,93.050,1000,93.080,2019-03-29,14:04:55,00";
var hq_str_sh603259="药明康德,91.000,90.400,92.930,93.200,90.400,92.920,92.930,3852900,354758126.000,200,92.920,1400,92.910,6900,92.900,500,92.890,300,92.880,200,92.930,2400,92.950,5700,92.960,2800,92.970,1700,92.980,2019-03-29,14:05:55,00";
var hq_str_sh603259="药明康德,91.000,90.400,92.880,93.200,90.400,92.860,92.870,3864800,355863648.000,300,92.860,6600,92.850,1000,92.830,1500,92.820,3300,92.800,2200,92.870,12800,92.880,2700,92.890,300,92.900,100,92.910,2019-03-29,14:06:55,00";
var hq_str_sh603259="药明康德,91.000,90.400,92.800,93.200,90.400,92.790,92.800,3884200,357664411.000,200,92.790,1900,92.770,100,92.760,200,92.750,3000,92.730,12500,92.800,2300,92.830,1400,92.850,3000,92.860,300,92.880,2019-03-29,14:07:55,00";
var hq_str_sh603259="药明康德,91.000,90.400,92.680,93.200,90.400,92.670,92.680,3893400,358517601.000,200,92.670,800,92.640,4300,92.610,2800,92.600,100,92.580,9900,92.680,1900,92.710,100,92.720,5000,92.730,500,92.740,2019-03-29,14:08:55,00";
var hq_str_sh603259="药明康德,91.000,90.400,92.700,93.200,90.400,92.680,92.690,3916300,360640165.000,600,92.680,500,92.670,700,92.650,1000,92.640,2900,92.630,100,92.690,4900,92.700,1700,92.730,500,92.740,1200,92.750,2019-03-29,14:09:55,00";
var hq_str_sh603259="药明康德,91.000,90.400,92.740,93.200,90.400,92.740,92.800,3935000,362373977.000,3000,92.740,2400,92.730,300,92.710,2500,92.700,100,92.680,600,92.800,200,92.830,100,92.850,800,92.860,200,92.880,2019-03-29,14:10:55,00";
var hq_str_sh603259="药明康德,91.000,90.400,92.830,93.200,90.400,92.830,92.860,3939400,362782535.000,2200,92.830,400,92.810,1900,92.800,2500,92.770,1500,92.760,1500,92.860,300,92.900,100,92.910,500,92.940,2200,92.950,2019-03-29,14:11:55,00";
var hq_str_sh603259="药明康德,91.000,90.400,92.840,93.200,90.400,92.840,92.850,3945600,363358203.000,300,92.840,2000,92.830,1300,92.810,1600,92.800,2500,92.770,29200,92.850,1900,92.860,100,92.880,300,92.900,100,92.910,2019-03-29,14:12:55,00";
var hq_str_sh603259="药明康德,91.000,90.400,92.840,93.200,90.400,92.810,92.840,3958700,364574384.000,1300,92.810,3600,92.800,200,92.780,4000,92.770,2000,92.760,1000,92.840,28800,92.850,1900,92.860,100,92.880,300,92.900,2019-03-29,14:13:52,00";
var hq_str_sh603259="药明康德,91.000,90.400,92.840,93.200,90.400,92.840,92.850,3977400,366310430.000,100,92.840,4900,92.810,5500,92.800,300,92.790,300,92.780,21800,92.850,2200,92.860,300,92.880,500,92.900,100,92.910,2019-03-29,14:14:55,00";
var hq_str_sh603259="药明康德,91.000,90.400,92.830,93.200,90.400,92.830,92.840,3980400,366588894.000,1000,92.830,1700,92.820,4300,92.810,5500,92.800,300,92.790,2600,92.840,21800,92.850,2200,92.860,300,92.880,1100,92.900,2019-03-29,14:15:55,00";
var hq_str_sh603259="药明康德,91.000,90.400,92.830,93.200,90.400,92.840,92.850,3989200,367405835.000,200,92.840,3500,92.830,3200,92.820,4300,92.810,5600,92.800,24600,92.850,2200,92.860,300,92.880,1100,92.900,100,92.910,2019-03-29,14:16:56,00";
var hq_str_sh603259="药明康德,91.000,90.400,92.900,93.200,90.400,92.880,92.900,4017200,370005654.000,200,92.880,1000,92.860,3400,92.850,4100,92.840,9700,92.830,1100,92.900,100,92.910,1700,92.950,2000,92.970,1700,92.980,2019-03-29,14:17:55,00";
var hq_str_sh603259="药明康德,91.000,90.400,93.000,93.200,90.400,92.990,93.000,4051700,373212162.000,6100,92.990,3900,92.980,5900,92.970,100,92.960,5000,92.900,4600,93.000,700,93.010,100,93.030,1100,93.040,600,93.050,2019-03-29,14:18:56,00";
var hq_str_sh603259="药明康德,91.000,90.400,93.100,93.200,90.400,93.090,93.100,4067300,374663820.000,800,93.090,600,93.060,1000,93.050,800,93.030,500,93.020,19800,93.100,2000,93.110,11100,93.120,7300,93.130,900,93.140,2019-03-29,14:19:56,00";
var hq_str_sh603259="药明康德,91.000,90.400,93.090,93.200,90.400,93.080,93.090,4074400,375324656.000,100,93.080,700,93.060,1000,93.050,1000,93.040,1000,93.030,2900,93.090,20700,93.100,3000,93.110,11000,93.120,7300,93.130,2019-03-29,14:20:56,00";
var hq_str_sh603259="药明康德,91.000,90.400,93.090,93.200,90.400,93.070,93.090,4092900,377046588.000,100,93.070,600,93.040,500,93.020,100,93.010,7300,93.000,3200,93.090,46239,93.100,1100,93.110,11000,93.120,7300,93.130,2019-03-29,14:21:56,00";
var hq_str_sh603259="药明康德,91.000,90.400,93.000,93.200,90.400,92.990,93.000,4121700,379725455.000,4900,92.990,1100,92.980,5700,92.970,400,92.960,5400,92.900,17700,93.000,1000,93.070,5800,93.090,27639,93.100,1100,93.110,2019-03-29,14:22:56,00";
var hq_str_sh603259="药明康德,91.000,90.400,92.990,93.200,90.400,92.980,92.990,4133400,380813458.000,2200,92.980,5700,92.970,400,92.960,2800,92.900,300,92.880,6600,92.990,18600,93.000,200,93.060,600,93.070,5900,93.090,2019-03-29,14:23:56,00";
var hq_str_sh603259="药明康德,91.000,90.400,93.000,93.200,90.400,92.990,93.000,4147500,382124568.000,400,92.990,600,92.980,5900,92.970,200,92.960,100,92.930,18300,93.000,200,93.060,500,93.070,5900,93.090,28339,93.100,2019-03-29,14:24:56,00";
var hq_str_sh603259="药明康德,91.000,90.400,92.990,93.200,90.400,92.990,93.000,4158800,383175357.000,4100,92.990,2400,92.980,5900,92.970,200,92.960,100,92.930,18500,93.000,200,93.050,200,93.060,500,93.070,5900,93.090,2019-03-29,14:25:56,00";
var hq_str_sh603259="药明康德,91.000,90.400,93.070,93.200,90.400,93.060,93.070,4181100,385249365.000,800,93.060,200,93.020,2800,93.010,5700,93.000,2800,92.990,100,93.070,300,93.080,5900,93.090,29139,93.100,1100,93.110,2019-03-29,14:26:56,00";
var hq_str_sh603259="药明康德,91.000,90.400,93.110,93.200,90.400,93.100,93.110,4225139,389349174.000,15861,93.100,100,93.070,700,93.020,2700,93.010,6800,93.000,200,93.110,11000,93.120,6900,93.130,900,93.140,8700,93.150,2019-03-29,14:27:56,00";
var hq_str_sh603259="药明康德,91.000,90.400,93.130,93.200,90.400,93.110,93.120,4243739,391081221.000,1400,93.110,15861,93.100,100,93.070,500,93.020,2700,93.010,200,93.120,7100,93.130,900,93.140,8200,93.150,2700,93.160,2019-03-29,14:28:59,00";
var hq_str_sh603259="药明康德,91.000,90.400,93.170,93.200,90.400,93.160,93.170,4270339,393558739.000,400,93.160,8900,93.150,800,93.140,3100,93.130,300,93.100,1300,93.170,4500,93.180,3794,93.190,33100,93.200,1300,93.210,2019-03-29,14:29:56,00";
var hq_str_sh603259="药明康德,91.000,90.400,93.450,93.450,90.400,93.450,93.460,4348733,400868564.000,700,93.450,2000,93.410,4700,93.400,1800,93.390,1000,93.380,600,93.460,100,93.470,4200,93.480,2800,93.490,35200,93.500,2019-03-29,14:30:56,00";
var hq_str_sh603259="药明康德,91.000,90.400,93.500,93.500,90.400,93.470,93.500,4398933,405561663.000,500,93.470,900,93.460,1600,93.450,2000,93.410,2200,93.400,15000,93.500,700,93.520,400,93.530,500,93.550,800,93.560,2019-03-29,14:31:56,00";
var hq_str_sh603259="药明康德,91.000,90.400,93.300,93.500,90.400,93.300,93.310,4436733,409093930.000,4700,93.300,600,93.270,1100,93.250,400,93.200,4700,93.170,200,93.310,1100,93.360,600,93.370,500,93.400,3700,93.440,2019-03-29,14:32:56,00";
var hq_str_sh603259="药明康德,91.000,90.400,93.330,93.500,90.400,93.330,93.350,4456533,410941893.000,300,93.330,1400,93.320,3500,93.310,5100,93.300,600,93.270,800,93.350,1000,93.360,1100,93.370,700,93.390,1500,93.400,2019-03-29,14:33:56,00";
var hq_str_sh603259="药明康德,91.000,90.400,93.350,93.500,90.400,93.330,93.360,4471933,412379453.000,2300,93.330,7100,93.320,3400,93.310,4800,93.300,600,93.270,9300,93.360,1000,93.370,100,93.380,700,93.390,2500,93.400,2019-03-29,14:34:56,00";
var hq_str_sh603259="药明康德,91.000,90.400,93.360,93.500,90.400,93.350,93.360,4492033,414255701.000,3300,93.350,300,93.340,2200,93.330,7300,93.320,3500,93.310,5100,93.360,1400,93.370,100,93.380,700,93.390,2500,93.400,2019-03-29,14:35:56,00";
var hq_str_sh603259="药明康德,91.000,90.400,93.360,93.500,90.400,93.360,93.370,4526245,417449373.000,2300,93.360,300,93.350,14688,93.340,2200,93.330,7300,93.320,1000,93.370,200,93.380,800,93.390,2700,93.400,200,93.410,2019-03-29,14:36:56,00";
var hq_str_sh603259="药明康德,91.000,90.400,93.500,93.500,90.400,93.440,93.500,4557445,420365566.000,3300,93.440,200,93.430,3700,93.420,5100,93.410,4300,93.400,200,93.500,400,93.510,800,93.520,400,93.530,100,93.540,2019-03-29,14:37:59,00";
var hq_str_sh603259="药明康德,91.000,90.400,93.590,93.600,90.400,93.590,93.600,4587645,423191268.000,1300,93.590,1100,93.580,500,93.550,500,93.540,2100,93.530,2900,93.600,300,93.610,900,93.620,300,93.630,1700,93.640,2019-03-29,14:38:56,00";
var hq_str_sh603259="药明康德,91.000,90.400,93.610,93.620,90.400,93.610,93.620,4604945,424810617.000,3500,93.610,2900,93.600,2200,93.590,200,93.580,500,93.550,4300,93.620,4200,93.630,1900,93.640,3900,93.650,3700,93.660,2019-03-29,14:39:56,00";
var hq_str_sh603259="药明康德,91.000,90.400,93.600,93.650,90.400,93.560,93.590,4655245,429519568.000,900,93.560,1800,93.550,200,93.540,2000,93.530,8800,93.510,500,93.590,200,93.610,800,93.630,1700,93.640,14900,93.650,2019-03-29,14:40:56,00";
var hq_str_sh603259="药明康德,91.000,90.400,93.570,93.650,90.400,93.570,93.590,4683745,432185996.000,200,93.570,7600,93.530,8600,93.510,700,93.500,200,93.440,2300,93.590,1200,93.600,200,93.610,800,93.620,1100,93.630,2019-03-29,14:41:56,00";
var hq_str_sh603259="药明康德,91.000,90.400,93.510,93.650,90.400,93.500,93.510,4706645,434327742.000,2000,93.500,1300,93.440,7800,93.430,4700,93.420,200,93.410,500,93.510,400,93.530,800,93.540,500,93.550,400,93.560,2019-03-29,14:42:59,00";
var hq_str_sh603259="药明康德,91.000,90.400,93.560,93.650,90.400,93.560,93.570,4722445,435805320.000,9500,93.560,500,93.500,100,93.490,100,93.460,800,93.450,6600,93.570,2300,93.580,2200,93.590,2300,93.600,800,93.610,2019-03-29,14:43:56,00";
var hq_str_sh603259="药明康德,91.000,90.400,93.500,93.650,90.400,93.490,93.500,4741745,437610921.000,400,93.490,600,93.460,8000,93.450,6100,93.440,7800,93.430,7600,93.500,100,93.550,1100,93.560,3300,93.570,2500,93.580,2019-03-29,14:44:56,00";
var hq_str_sh603259="药明康德,91.000,90.400,93.500,93.650,90.400,93.480,93.490,4751545,438526983.000,100,93.480,300,93.470,9700,93.460,8000,93.450,6100,93.440,200,93.490,10400,93.500,500,93.510,200,93.520,500,93.530,2019-03-29,14:45:56,00";
var hq_str_sh603259="药明康德,91.000,90.400,93.550,93.650,90.400,93.510,93.550,4784645,441621885.000,3700,93.510,12000,93.500,700,93.470,9400,93.460,4200,93.450,800,93.550,1800,93.560,900,93.570,2700,93.580,3400,93.590,2019-03-29,14:46:56,00";
var hq_str_sh603259="药明康德,91.000,90.400,93.550,93.650,90.400,93.540,93.550,4799845,443043605.000,100,93.540,3000,93.530,3500,93.510,12500,93.500,100,93.490,15500,93.550,900,93.560,1100,93.570,3700,93.580,16400,93.590,2019-03-29,14:47:50,00";
var hq_str_sh603259="药明康德,91.000,90.400,93.580,93.650,90.400,93.580,93.590,4839486,446752301.000,1700,93.580,7300,93.570,1600,93.560,17800,93.550,100,93.540,15300,93.590,3400,93.600,800,93.610,1700,93.620,2500,93.630,2019-03-29,14:48:56,00";
var hq_str_sh603259="药明康德,91.000,90.400,93.620,93.650,90.400,93.600,93.620,4879086,450458511.000,5800,93.600,100,93.580,3400,93.570,1500,93.560,18000,93.550,3300,93.620,2200,93.630,2200,93.640,22200,93.650,7100,93.660,2019-03-29,14:49:56,00";
var hq_str_sh603259="药明康德,91.000,90.400,93.800,93.800,90.400,93.720,93.800,5025386,464156990.000,9700,93.720,16300,93.700,100,93.690,8900,93.680,500,93.670,2400,93.800,300,93.830,200,93.840,2200,93.850,500,93.860,2019-03-29,14:50:59,00";
var hq_str_sh603259="药明康德,91.000,90.400,93.890,93.890,90.400,93.880,93.890,5080986,469372495.000,4700,93.880,200,93.870,4200,93.860,1900,93.850,400,93.840,1000,93.890,4900,93.900,200,93.910,2200,93.930,200,93.940,2019-03-29,14:51:53,00";
var hq_str_sh603259="药明康德,91.000,90.400,93.800,93.900,90.400,93.800,93.820,5126886,473680140.000,100,93.800,20900,93.760,9600,93.750,9900,93.720,7000,93.700,100,93.820,2200,93.830,2300,93.840,21600,93.850,3200,93.870,2019-03-29,14:52:50,00";
var hq_str_sh603259="药明康德,91.000,90.400,93.750,93.900,90.400,93.750,93.770,5178186,478490333.000,500,93.750,2800,93.730,10000,93.720,7200,93.700,200,93.690,14900,93.770,200,93.780,3500,93.790,2900,93.800,2000,93.820,2019-03-29,14:53:56,00";
var hq_str_sh603259="药明康德,91.000,90.400,93.740,93.900,90.400,93.730,93.740,5220686,482474566.000,500,93.730,4800,93.720,8400,93.700,200,93.690,500,93.660,5200,93.740,6800,93.750,3300,93.760,9400,93.770,200,93.780,2019-03-29,14:54:56,00";
var hq_str_sh603259="药明康德,91.000,90.400,93.750,93.900,90.400,93.720,93.760,5259486,486111218.000,300,93.720,300,93.710,1800,93.700,200,93.690,300,93.660,2700,93.760,1400,93.770,200,93.780,3600,93.790,2400,93.800,2019-03-29,14:55:53,00";
var hq_str_sh603259="药明康德,91.000,90.400,93.790,93.900,90.400,93.740,93.800,5288086,488792889.000,600,93.740,8100,93.730,1400,93.720,400,93.710,1600,93.700,2800,93.800,400,93.810,2200,93.820,1600,93.830,14500,93.840,2019-03-29,14:56:53,00";
var hq_str_sh603259="药明康德,91.000,90.400,93.800,93.900,90.400,93.800,93.800,5288786,488858538.000,26300,93.800,0,0.000,0,0.000,0,0.000,0,0.000,26300,93.800,300,0.000,0,0.000,0,0.000,0,0.000,2019-03-29,14:57:58,00";
var hq_str_sh603259="药明康德,91.000,90.400,93.800,93.900,90.400,93.800,93.800,5288786,488858538.000,45300,93.800,13400,0.000,0,0.000,0,0.000,0,0.000,45300,93.800,0,0.000,0,0.000,0,0.000,0,0.000,2019-03-29,14:58:55,00";
