var hq_str_sh603259="药明康德,88.100,87.880,88.100,88.100,88.100,88.100,88.130,40520,3569812.000,680,88.100,800,88.010,4900,87.880,100,87.500,100,87.370,100,88.130,600,88.140,100,88.150,1900,88.200,100,88.220,2019-12-03,09:29:51,00,";
var hq_str_sh603259="药明康德,88.100,87.880,87.720,88.100,87.520,87.690,87.720,90900,8001073.000,200,87.690,100,87.560,100,87.520,1400,87.510,200,87.500,1000,87.720,200,87.790,1300,87.800,300,87.890,1300,87.900,2019-12-03,09:30:58,00,";
var hq_str_sh603259="药明康德,88.100,87.880,87.020,88.100,87.000,87.050,87.200,143000,12547498.000,200,87.050,500,87.040,200,87.030,400,87.010,1100,87.000,300,87.200,1000,87.300,100,87.390,300,87.500,1000,87.510,2019-12-03,09:31:58,00,";
var hq_str_sh603259="药明康德,88.100,87.880,87.250,88.100,87.000,87.240,87.250,165700,14530602.000,800,87.240,200,87.230,100,87.220,200,87.210,600,87.200,1200,87.250,200,87.280,700,87.300,700,87.350,800,87.400,2019-12-03,09:32:58,00,";
var hq_str_sh603259="药明康德,88.100,87.880,87.070,88.100,87.000,87.060,87.070,192500,16868467.000,1200,87.060,200,87.050,2400,87.010,3500,87.000,100,86.980,10500,87.070,1700,87.080,1000,87.190,500,87.200,500,87.250,2019-12-03,09:33:58,00,";
var hq_str_sh603259="药明康德,88.100,87.880,86.890,88.100,86.890,86.880,86.890,238600,20877452.000,700,86.880,500,86.870,6100,86.860,1300,86.820,100,86.810,2900,86.890,1500,86.900,400,86.910,1400,86.950,100,86.960,2019-12-03,09:34:58,00,";
var hq_str_sh603259="药明康德,88.100,87.880,86.750,88.100,86.630,86.710,86.750,317700,27745833.000,100,86.710,100,86.700,400,86.680,100,86.660,100,86.640,1000,86.750,100,86.870,1800,86.880,400,86.890,19600,86.900,2019-12-03,09:35:58,00,";
var hq_str_sh603259="药明康德,88.100,87.880,86.740,88.100,86.630,86.730,86.740,358200,31258225.000,1200,86.730,400,86.720,500,86.710,5400,86.700,400,86.680,1100,86.740,1100,86.750,600,86.760,400,86.800,200,86.830,2019-12-03,09:36:58,00,";
var hq_str_sh603259="药明康德,88.100,87.880,86.890,88.100,86.630,86.800,86.890,403700,35210063.000,1200,86.800,1700,86.790,1600,86.780,100,86.770,100,86.760,900,86.890,4000,86.900,500,86.910,200,86.920,900,86.960,2019-12-03,09:37:58,00,";
var hq_str_sh603259="药明康德,88.100,87.880,86.710,88.100,86.630,86.710,86.760,435800,37996024.000,1300,86.710,5300,86.700,500,86.690,200,86.680,3000,86.670,500,86.760,100,86.770,3200,86.790,2000,86.800,5800,86.900,2019-12-03,09:38:58,00,";
var hq_str_sh603259="药明康德,88.100,87.880,86.660,88.100,86.600,86.650,86.660,480100,41834327.000,1200,86.650,1100,86.620,5300,86.610,2900,86.600,100,86.590,1700,86.660,100,86.700,100,86.770,2100,86.790,1600,86.800,2019-12-03,09:39:58,00,";
var hq_str_sh603259="药明康德,88.100,87.880,86.500,88.100,86.460,86.480,86.500,553700,48203963.000,200,86.480,4900,86.460,500,86.450,100,86.440,300,86.430,4200,86.500,8600,86.510,14400,86.540,1400,86.550,400,86.560,2019-12-03,09:40:58,00,";
var hq_str_sh603259="药明康德,88.100,87.880,86.600,88.100,86.380,86.570,86.600,660640,57448634.000,300,86.570,100,86.560,1200,86.550,11600,86.540,600,86.510,3800,86.600,1000,86.610,1100,86.620,800,86.630,1800,86.650,2019-12-03,09:41:58,00,";
var hq_str_sh603259="药明康德,88.100,87.880,86.600,88.100,86.380,86.600,86.610,697180,60611950.000,100,86.600,2500,86.580,1300,86.570,2260,86.560,700,86.550,200,86.610,3700,86.630,1800,86.650,100,86.700,2100,86.790,2019-12-03,09:42:58,00,";
var hq_str_sh603259="药明康德,88.100,87.880,86.610,88.100,86.380,86.620,86.700,761120,66152187.000,700,86.620,560,86.610,9100,86.600,200,86.590,2000,86.580,3000,86.700,100,86.770,1200,86.780,2000,86.790,3300,86.800,2019-12-03,09:43:58,00,";
var hq_str_sh603259="药明康德,88.100,87.880,86.690,88.100,86.380,86.650,86.690,781920,67954720.000,900,86.650,1400,86.640,1200,86.630,1100,86.620,1060,86.610,200,86.690,1100,86.750,100,86.770,1200,86.780,2000,86.790,2019-12-03,09:44:58,00,";
var hq_str_sh603259="药明康德,88.100,87.880,86.550,88.100,86.380,86.550,86.590,906740,78753154.000,800,86.550,600,86.510,38240,86.500,3100,86.410,7160,86.400,600,86.590,6100,86.600,200,86.610,200,86.620,4800,86.630,2019-12-03,09:45:58,00,";
var hq_str_sh603259="药明康德,88.100,87.880,86.520,88.100,86.380,86.550,86.590,976440,84784343.000,100,86.550,600,86.520,3200,86.510,7640,86.500,200,86.480,5300,86.590,5500,86.600,100,86.610,200,86.620,100,86.630,2019-12-03,09:46:58,00,";
var hq_str_sh603259="药明康德,88.100,87.880,86.400,88.100,86.380,86.390,86.400,1056940,91747522.000,1800,86.390,3500,86.380,1000,86.370,1100,86.360,4400,86.350,940,86.400,2000,86.480,4660,86.500,1000,86.520,2300,86.550,2019-12-03,09:47:58,00,";
var hq_str_sh603259="药明康德,88.100,87.880,86.160,88.100,86.160,86.160,86.180,1132600,98278359.000,2140,86.160,100,86.150,100,86.130,300,86.120,2100,86.110,1000,86.180,400,86.190,500,86.200,800,86.210,900,86.250,2019-12-03,09:48:59,00,";
var hq_str_sh603259="药明康德,88.100,87.880,86.010,88.100,85.920,86.010,86.090,1368400,118566129.000,400,86.010,1940,86.000,700,85.990,800,85.980,100,85.970,1100,86.090,17100,86.100,1300,86.110,60,86.160,100,86.170,2019-12-03,09:49:59,00,";
var hq_str_sh603259="药明康德,88.100,87.880,85.950,88.100,85.890,85.930,85.950,1457160,126199816.000,3100,85.930,1000,85.920,700,85.910,2900,85.900,8480,85.890,1300,85.950,21500,86.000,700,86.060,500,86.070,5200,86.080,2019-12-03,09:50:59,00,";
var hq_str_sh603259="药明康德,88.100,87.880,86.030,88.100,85.890,86.020,86.030,1535560,132943704.000,4600,86.020,2100,86.010,6100,86.000,600,85.990,100,85.980,3600,86.030,17160,86.060,400,86.070,700,86.080,200,86.090,2019-12-03,09:51:59,00,";
var hq_str_sh603259="药明康德,88.100,87.880,85.860,88.100,85.800,85.830,85.850,1763040,152489123.000,100,85.830,700,85.820,700,85.810,1000,85.800,300,85.780,30400,85.850,1000,85.870,19261,85.910,100,85.990,500,86.000,2019-12-03,09:52:59,00,";
var hq_str_sh603259="药明康德,88.100,87.880,86.010,88.100,85.800,86.010,86.020,1861515,160943681.000,800,86.010,4800,86.000,400,85.990,100,85.960,2139,85.920,200,86.020,9460,86.060,400,86.070,600,86.080,100,86.090,2019-12-03,09:53:59,00,";
var hq_str_sh603259="药明康德,88.100,87.880,86.400,88.100,85.800,86.390,86.400,1913195,165399025.000,5500,86.390,600,86.300,5560,86.210,20000,86.110,13500,86.100,3700,86.400,2600,86.440,800,86.470,1900,86.480,700,86.500,2019-12-03,09:54:59,00,";
var hq_str_sh603259="药明康德,88.100,87.880,86.240,88.100,85.800,86.230,86.240,1941695,167859504.000,4100,86.230,300,86.220,5300,86.210,20100,86.160,30100,86.120,200,86.240,1300,86.320,5600,86.360,1000,86.380,1840,86.390,2019-12-03,09:55:59,00,";
var hq_str_sh603259="药明康德,88.100,87.880,86.480,88.100,85.800,86.480,86.490,1990964,172112454.000,6100,86.480,300,86.410,3500,86.400,3260,86.390,1500,86.380,800,86.490,2900,86.500,1100,86.580,2900,86.590,700,86.600,2019-12-03,09:56:59,00,";
var hq_str_sh603259="药明康德,88.100,87.880,86.710,88.100,85.800,86.710,86.720,2023264,174909287.000,300,86.710,9500,86.700,200,86.690,400,86.670,100,86.660,100,86.720,3300,86.730,2400,86.750,100,86.770,1000,86.780,2019-12-03,09:57:59,00,";
var hq_str_sh603259="药明康德,88.100,87.880,86.670,88.100,85.800,86.650,86.690,2067164,178716059.000,500,86.650,400,86.610,1300,86.600,100,86.580,100,86.530,1500,86.690,1100,86.700,100,86.740,1000,86.750,1100,86.760,2019-12-03,09:58:59,00,";
var hq_str_sh603259="药明康德,88.100,87.880,86.750,88.100,85.800,86.750,86.770,2081264,179938767.000,8500,86.750,600,86.740,1300,86.730,1100,86.720,900,86.710,900,86.770,1000,86.780,9900,86.800,1000,86.850,1500,86.880,2019-12-03,09:59:59,00,";
var hq_str_sh603259="药明康德,88.100,87.880,86.840,88.100,85.800,86.830,86.840,2113664,182751842.000,5500,86.830,600,86.820,2200,86.810,1000,86.800,800,86.780,200,86.840,800,86.870,500,86.880,1039,86.890,12100,86.900,2019-12-03,10:00:59,00,";
var hq_str_sh603259="药明康德,88.100,87.880,86.770,88.100,85.800,86.780,86.800,2163164,187050504.000,100,86.780,600,86.770,7400,86.750,1400,86.700,10500,86.690,4000,86.800,14600,86.810,300,86.820,1600,86.830,1000,86.860,2019-12-03,10:01:59,00,";
var hq_str_sh603259="药明康德,88.100,87.880,86.860,88.100,85.800,86.860,86.870,2202764,190487607.000,100,86.860,300,86.810,400,86.740,200,86.730,1600,86.700,1000,86.870,3000,86.880,13200,86.890,10039,86.900,500,86.920,2019-12-03,10:02:59,00,";
var hq_str_sh603259="药明康德,88.100,87.880,86.870,88.100,85.800,86.870,86.880,2226964,192589886.000,3100,86.870,1300,86.860,200,86.850,900,86.800,100,86.740,600,86.880,11600,86.890,9539,86.900,500,86.920,1600,86.950,2019-12-03,10:03:59,00,";
var hq_str_sh603259="药明康德,88.100,87.880,86.870,88.100,85.800,86.860,86.870,2240064,193727869.000,1300,86.860,300,86.850,1000,86.800,100,86.740,600,86.720,1600,86.870,700,86.880,11700,86.890,9539,86.900,500,86.920,2019-12-03,10:04:59,00,";
var hq_str_sh603259="药明康德,88.100,87.880,86.830,88.100,85.800,86.830,86.860,2268064,196158597.000,100,86.830,200,86.800,500,86.780,2500,86.750,800,86.740,200,86.860,700,86.880,11700,86.890,9739,86.900,600,86.920,2019-12-03,10:05:59,00,";
var hq_str_sh603259="药明康德,88.100,87.880,86.980,88.100,85.800,86.970,86.980,2307343,199572294.000,2300,86.970,1700,86.960,1800,86.950,500,86.940,900,86.920,2700,86.980,2800,86.990,7620,87.000,500,87.030,4800,87.050,2019-12-03,10:06:59,00,";
var hq_str_sh603259="药明康德,88.100,87.880,87.000,88.100,85.800,86.990,87.000,2330243,201564295.000,1600,86.990,1000,86.970,11400,86.960,1600,86.950,500,86.940,1420,87.000,800,87.030,100,87.040,4800,87.050,300,87.060,2019-12-03,10:07:59,00,";
var hq_str_sh603259="药明康德,88.100,87.880,87.010,88.100,85.800,87.000,87.010,2344663,202818872.000,5780,87.000,1600,86.990,100,86.980,1000,86.970,1400,86.960,1900,87.010,4800,87.020,2000,87.030,2200,87.040,300,87.060,2019-12-03,10:08:59,00,";
var hq_str_sh603259="药明康德,88.100,87.880,87.000,88.100,85.800,86.980,86.990,2379543,205853602.000,600,86.980,200,86.970,900,86.960,300,86.890,500,86.860,500,86.990,25400,87.000,400,87.010,4400,87.020,1600,87.030,2019-12-03,10:09:59,00,";
var hq_str_sh603259="药明康德,88.100,87.880,86.860,88.100,85.800,86.850,86.860,2420643,209428745.000,100,86.850,500,86.800,100,86.750,400,86.720,1400,86.700,100,86.860,100,86.880,1700,86.890,500,86.960,800,86.990,2019-12-03,10:10:59,00,";
var hq_str_sh603259="药明康德,88.100,87.880,86.800,88.100,85.800,86.780,86.800,2427943,210062534.000,900,86.780,1200,86.760,100,86.750,400,86.720,1400,86.700,500,86.800,1500,86.850,700,86.860,900,86.890,300,86.920,2019-12-03,10:11:59,00,";
var hq_str_sh603259="药明康德,88.100,87.880,86.810,88.100,85.800,86.800,86.810,2462043,213022922.000,400,86.800,100,86.790,500,86.780,1200,86.760,100,86.750,5100,86.810,200,86.820,1100,86.850,700,86.860,900,86.890,2019-12-03,10:12:59,00,";
var hq_str_sh603259="药明康德,88.100,87.880,86.800,88.100,85.800,86.760,86.800,2473243,213994781.000,1300,86.760,9900,86.750,800,86.740,800,86.720,1600,86.700,2300,86.800,4100,86.810,200,86.820,1100,86.850,300,86.890,2019-12-03,10:13:59,00,";
var hq_str_sh603259="药明康德,88.100,87.880,86.890,88.100,85.800,86.840,86.890,2488443,215314455.000,100,86.840,1100,86.830,4000,86.810,3100,86.800,300,86.790,1100,86.890,300,86.990,900,87.000,1500,87.010,8100,87.020,2019-12-03,10:14:59,00,";
var hq_str_sh603259="药明康德,88.100,87.880,86.850,88.100,85.800,86.840,86.850,2507943,217008050.000,100,86.840,3900,86.810,3100,86.800,1000,86.780,400,86.770,2400,86.850,100,86.860,2000,86.870,100,86.880,4000,86.900,2019-12-03,10:15:59,00,";
var hq_str_sh603259="药明康德,88.100,87.880,86.720,88.100,85.800,86.700,86.720,2534443,219307698.000,1700,86.700,500,86.690,400,86.680,100,86.670,1000,86.650,400,86.720,100,86.730,9000,86.750,1200,86.780,1700,86.790,2019-12-03,10:16:59,00,";
var hq_str_sh603259="药明康德,88.100,87.880,86.800,88.100,85.800,86.800,86.810,2616143,226397168.000,21100,86.800,5100,86.700,5200,86.680,100,86.670,200,86.660,3500,86.810,800,86.820,23000,86.830,200,86.840,4000,86.850,2019-12-03,10:17:59,00,";
var hq_str_sh603259="药明康德,88.100,87.880,86.930,88.100,85.800,86.930,87.000,2666043,230730581.000,200,86.930,2300,86.870,31700,86.830,31600,86.820,100,86.810,200,87.000,1600,87.010,8100,87.020,400,87.030,2500,87.040,2019-12-03,10:18:59,00,";
var hq_str_sh603259="药明康德,88.100,87.880,87.000,88.100,85.800,87.000,87.020,2720943,235506278.000,6600,87.000,200,86.980,1000,86.870,30400,86.830,28300,86.820,8300,87.020,700,87.030,2500,87.040,500,87.050,100,87.060,2019-12-03,10:19:59,00,";
var hq_str_sh603259="药明康德,88.100,87.880,87.040,88.100,85.800,87.030,87.040,2741043,237255442.000,1700,87.030,8100,87.020,700,87.010,6800,87.000,1200,86.870,1100,87.040,500,87.050,300,87.060,1400,87.070,200,87.090,2019-12-03,10:20:59,00,";
var hq_str_sh603259="药明康德,88.100,87.880,87.130,88.100,85.800,87.130,87.140,2756208,238576298.000,835,87.130,2100,87.120,3300,87.110,1700,87.100,6400,87.020,500,87.140,200,87.160,600,87.180,1100,87.200,500,87.250,2019-12-03,10:21:59,00,";
var hq_str_sh603259="药明康德,88.100,87.880,87.100,88.100,85.800,87.020,87.100,2784443,241036688.000,6400,87.020,100,87.000,100,86.870,29900,86.830,1300,86.810,800,87.100,2600,87.110,1800,87.120,27465,87.130,900,87.150,2019-12-03,10:22:59,00,";
var hq_str_sh603259="药明康德,88.100,87.880,87.100,88.100,85.800,87.050,87.100,2814043,243614498.000,1500,87.050,11200,87.020,100,87.000,100,86.870,1100,86.840,1000,87.100,16865,87.130,900,87.150,4400,87.160,300,87.170,2019-12-03,10:23:59,00,";
var hq_str_sh603259="药明康德,88.100,87.880,87.120,88.100,85.800,87.120,87.130,2824723,244544883.000,3500,87.120,700,87.110,500,87.050,11200,87.020,400,87.000,13665,87.130,100,87.150,4400,87.160,300,87.170,700,87.180,2019-12-03,10:24:59,00,";
var hq_str_sh603259="药明康德,88.100,87.880,87.140,88.100,85.800,87.140,87.150,2854388,247129638.000,235,87.140,700,87.110,500,87.050,700,87.030,11200,87.020,400,87.150,2800,87.160,300,87.170,700,87.180,100,87.190,2019-12-03,10:25:59,00,";
var hq_str_sh603259="药明康德,88.100,87.880,86.910,88.100,85.800,86.900,86.910,2905123,251541284.000,400,86.900,500,86.840,13700,86.830,1300,86.810,18300,86.800,2200,86.910,670,86.920,17600,87.020,100,87.150,2465,87.160,2019-12-03,10:26:59,00,";
var hq_str_sh603259="药明康德,88.100,87.880,86.940,88.100,85.800,86.930,86.940,2914023,252314906.000,1500,86.930,1100,86.920,700,86.910,200,86.870,13700,86.830,300,86.940,500,87.010,15400,87.020,300,87.150,2465,87.160,2019-12-03,10:27:59,00,";
var hq_str_sh603259="药明康德,88.100,87.880,87.150,88.100,85.800,87.080,87.150,2937615,254368218.000,600,87.080,300,87.020,300,87.000,900,86.940,100,86.920,12500,87.150,1765,87.160,800,87.180,100,87.190,800,87.200,2019-12-03,10:28:59,00,";
var hq_str_sh603259="药明康德,88.100,87.880,87.040,88.100,85.800,87.150,87.180,2966815,256913354.000,200,87.150,200,87.020,900,86.940,1200,86.900,13700,86.830,9400,87.180,700,87.190,10100,87.200,100,87.220,600,87.230,2019-12-03,10:29:59,00,";
var hq_str_sh603259="药明康德,88.100,87.880,87.180,88.100,85.800,87.180,87.190,2991215,259040210.000,100,87.180,700,87.110,500,87.080,600,87.040,100,87.020,1800,87.190,9700,87.200,1000,87.210,300,87.220,600,87.230,2019-12-03,10:30:59,00,";
var hq_str_sh603259="药明康德,88.100,87.880,87.080,88.100,85.800,87.080,87.090,3002915,260060109.000,1000,87.080,600,87.040,100,87.000,1200,86.900,100,86.880,1000,87.090,100,87.170,2100,87.180,400,87.190,23100,87.200,2019-12-03,10:31:59,00,";
var hq_str_sh603259="药明康德,88.100,87.880,87.190,88.100,85.800,87.180,87.190,3007915,260495795.000,1500,87.180,100,87.170,700,87.120,700,87.100,8200,87.090,2300,87.190,23100,87.200,1000,87.210,200,87.220,600,87.230,2019-12-03,10:32:59,00,";
var hq_str_sh603259="药明康德,88.100,87.880,87.170,88.100,85.800,87.170,87.180,3016515,261245564.000,300,87.170,1700,87.120,8200,87.090,100,87.060,2200,87.000,5800,87.180,1500,87.190,23200,87.200,1000,87.210,200,87.220,2019-12-03,10:33:59,00,";
var hq_str_sh603259="药明康德,88.100,87.880,87.140,88.100,85.800,87.090,87.130,3024015,261899105.000,8000,87.090,200,87.060,200,87.050,3000,87.000,1200,86.900,10800,87.130,5000,87.140,5500,87.150,6600,87.170,5600,87.180,2019-12-03,10:34:59,00,";
var hq_str_sh603259="药明康德,88.100,87.880,87.130,88.100,85.800,87.090,87.100,3037115,263040235.000,3200,87.090,200,87.060,200,87.050,3000,87.000,1200,86.900,2000,87.100,500,87.120,7400,87.130,5000,87.140,5500,87.150,2019-12-03,10:35:59,00,";
var hq_str_sh603259="药明康德,88.100,87.880,87.110,88.100,85.800,87.100,87.110,3056015,264686479.000,100,87.100,1300,87.090,200,87.060,200,87.050,3000,87.000,1200,87.110,1300,87.120,2100,87.130,5000,87.150,4700,87.170,2019-12-03,10:36:59,00,";
var hq_str_sh603259="药明康德,88.100,87.880,87.000,88.100,85.800,86.900,87.000,3067315,265670051.000,1200,86.900,100,86.880,200,86.860,1200,86.850,700,86.840,500,87.000,1100,87.020,200,87.060,500,87.070,100,87.080,2019-12-03,10:37:59,00,";
var hq_str_sh603259="药明康德,88.100,87.880,86.930,88.100,85.800,86.920,86.930,3071215,266009147.000,1200,86.920,1800,86.900,100,86.880,1200,86.850,700,86.840,1800,86.930,1000,86.980,300,86.990,16200,87.000,900,87.020,2019-12-03,10:38:59,00,";
var hq_str_sh603259="药明康德,88.100,87.880,86.910,88.100,85.800,86.910,86.920,3077315,266539265.000,2700,86.910,1900,86.870,1400,86.860,1700,86.850,900,86.840,4200,86.920,1100,86.930,300,86.990,16100,87.000,900,87.020,2019-12-03,10:39:59,00,";
var hq_str_sh603259="药明康德,88.100,87.880,87.000,88.100,85.800,86.930,87.000,3093315,267930097.000,7700,86.930,800,86.900,1200,86.870,500,86.860,1300,86.850,14100,87.000,900,87.020,500,87.070,100,87.080,900,87.090,2019-12-03,10:40:59,00,";
var hq_str_sh603259="药明康德,88.100,87.880,86.990,88.100,85.800,86.930,87.020,3102315,268712546.000,1200,86.930,700,86.900,100,86.870,200,86.860,1300,86.850,5900,87.020,100,87.050,500,87.070,100,87.080,900,87.090,2019-12-03,10:41:59,00,";
var hq_str_sh603259="药明康德,88.100,87.880,86.900,88.100,85.800,86.920,87.010,3108215,269225700.000,6000,86.920,900,86.900,3600,86.880,100,86.870,400,86.860,6800,87.010,4200,87.020,100,87.050,2000,87.060,500,87.070,2019-12-03,10:42:59,00,";
var hq_str_sh603259="药明康德,88.100,87.880,86.930,88.100,85.800,86.930,86.980,3116415,269938597.000,700,86.930,2900,86.920,100,86.910,900,86.900,100,86.870,200,86.980,100,86.990,5500,87.000,6700,87.010,3200,87.020,2019-12-03,10:43:59,00,";
var hq_str_sh603259="药明康德,88.100,87.880,86.980,88.100,85.800,86.940,86.980,3129555,271080709.000,1460,86.940,800,86.920,100,86.910,900,86.900,100,86.870,400,86.980,100,86.990,5000,87.000,6700,87.010,2600,87.020,2019-12-03,10:44:59,00,";
var hq_str_sh603259="药明康德,88.100,87.880,86.940,88.100,85.800,86.940,86.980,3145455,272463122.000,3560,86.940,100,86.930,2000,86.920,300,86.910,2300,86.900,6900,86.980,100,86.990,9500,87.000,900,87.010,2600,87.020,2019-12-03,10:45:59,00,";
var hq_str_sh603259="药明康德,88.100,87.880,87.000,88.100,85.800,86.990,87.000,3158455,273593806.000,1000,86.990,9300,86.980,2200,86.960,500,86.950,3960,86.940,5400,87.000,900,87.010,2600,87.020,2000,87.060,100,87.080,2019-12-03,10:46:59,00,";
var hq_str_sh603259="药明康德,88.100,87.880,87.030,88.100,85.800,87.030,87.060,3172855,274846797.000,800,87.030,2700,87.020,1300,87.010,3100,87.000,1000,86.990,1800,87.060,100,87.080,800,87.090,100,87.100,2000,87.110,2019-12-03,10:47:59,00,";
var hq_str_sh603259="药明康德,88.100,87.880,87.050,88.100,85.800,87.030,87.050,3177855,275281955.000,900,87.030,1400,87.020,2000,87.010,3000,87.000,700,86.990,100,87.050,2500,87.060,100,87.080,800,87.090,100,87.100,2019-12-03,10:49:00,00,";
var hq_str_sh603259="药明康德,88.100,87.880,87.010,88.100,85.800,87.000,87.010,3191755,276491746.000,2300,87.000,1200,86.980,100,86.910,100,86.900,100,86.870,300,87.010,11000,87.020,22700,87.030,1000,87.060,1200,87.080,2019-12-03,10:50:00,00,";
var hq_str_sh603259="药明康德,88.100,87.880,87.000,88.100,85.800,86.860,87.000,3208655,277961966.000,1800,86.860,1300,86.850,1200,86.840,13700,86.830,100,86.820,2700,87.000,500,87.010,10700,87.020,22700,87.030,1000,87.060,2019-12-03,10:51:00,00,";
var hq_str_sh603259="药明康德,88.100,87.880,87.000,88.100,85.800,86.890,87.000,3221695,279096356.000,700,86.890,1600,86.880,1660,86.860,1300,86.850,1200,86.840,3400,87.000,1800,87.010,8500,87.020,23800,87.030,1000,87.060,2019-12-03,10:52:00,00,";
var hq_str_sh603259="药明康德,88.100,87.880,87.000,88.100,85.800,86.990,87.000,3225595,279435612.000,8600,86.990,800,86.930,200,86.880,1360,86.860,1300,86.850,7100,87.000,1800,87.010,8500,87.020,22700,87.030,1000,87.060,2019-12-03,10:53:00,00,";
var hq_str_sh603259="药明康德,88.100,87.880,87.000,88.100,85.800,87.000,87.010,3248195,281401260.000,3100,87.000,500,86.990,1260,86.840,500,86.830,100,86.820,2400,87.010,8500,87.020,22700,87.030,1000,87.060,100,87.080,2019-12-03,10:54:00,00,";
var hq_str_sh603259="药明康德,88.100,87.880,86.990,88.100,85.800,86.860,86.990,3269095,283219458.000,100,86.860,460,86.840,1200,86.830,300,86.820,100,86.810,1100,86.990,1300,87.000,8500,87.020,22700,87.030,1000,87.060,2019-12-03,10:55:00,00,";
var hq_str_sh603259="药明康德,88.100,87.880,87.020,88.100,85.800,87.000,87.020,3276495,283863282.000,1500,87.000,13200,86.990,300,86.860,500,86.830,300,86.820,7000,87.020,22700,87.030,1000,87.060,400,87.080,1000,87.090,2019-12-03,10:56:00,00,";
var hq_str_sh603259="药明康德,88.100,87.880,87.010,88.100,85.800,87.000,87.010,3284695,284576809.000,1400,87.000,13200,86.990,300,86.860,500,86.830,300,86.820,500,87.010,3600,87.020,22700,87.030,1000,87.060,1400,87.080,2019-12-03,10:57:00,00,";
var hq_str_sh603259="药明康德,88.100,87.880,87.030,88.100,85.800,87.020,87.030,3290395,285072816.000,1500,87.020,500,87.010,2900,87.000,13200,86.990,300,86.860,23700,87.030,1000,87.060,1500,87.080,1000,87.090,100,87.100,2019-12-03,10:58:00,00,";
var hq_str_sh603259="药明康德,88.100,87.880,87.060,88.100,85.800,87.040,87.060,3318995,287561875.000,1200,87.040,1500,87.030,2100,87.020,500,87.010,2900,87.000,1400,87.060,1500,87.080,1000,87.090,100,87.100,2000,87.110,2019-12-03,10:59:00,00,";
var hq_str_sh603259="药明康德,88.100,87.880,87.080,88.100,85.800,87.070,87.080,3322095,287831774.000,1200,87.070,2800,87.060,700,87.050,1200,87.040,1300,87.030,2200,87.080,1000,87.090,100,87.100,2000,87.110,100,87.120,2019-12-03,10:59:56,00,";
var hq_str_sh603259="药明康德,88.100,87.880,86.980,88.100,85.800,86.870,86.980,3352895,290511703.000,100,86.870,600,86.850,500,86.830,100,86.820,300,86.810,4300,86.980,1000,87.010,1200,87.060,500,87.070,800,87.080,2019-12-03,11:00:59,00,";
var hq_str_sh603259="药明康德,88.100,87.880,86.980,88.100,85.800,86.980,87.000,3382095,293051230.000,8300,86.980,300,86.840,500,86.830,100,86.820,300,86.810,7700,87.000,1800,87.010,100,87.070,500,87.080,1000,87.090,2019-12-03,11:01:59,00,";
var hq_str_sh603259="药明康德,88.100,87.880,86.980,88.100,85.800,86.980,87.000,3408495,295346956.000,5500,86.980,400,86.930,1700,86.920,500,86.830,5000,86.820,5400,87.000,800,87.010,100,87.070,500,87.080,1100,87.090,2019-12-03,11:02:59,00,";
var hq_str_sh603259="药明康德,88.100,87.880,87.010,88.100,85.800,87.000,87.010,3442295,298286998.000,11300,87.000,1900,86.990,2400,86.980,500,86.830,5000,86.820,700,87.010,100,87.070,500,87.080,1100,87.090,100,87.100,2019-12-03,11:04:00,00,";
var hq_str_sh603259="药明康德,88.100,87.880,87.070,88.100,85.800,87.070,87.080,3457295,299592299.000,2600,87.070,100,87.010,1900,86.980,1500,86.830,5000,86.820,1400,87.080,1100,87.090,200,87.100,2000,87.110,100,87.120,2019-12-03,11:05:00,00,";
var hq_str_sh603259="药明康德,88.100,87.880,87.080,88.100,85.800,87.080,87.100,3474055,301051494.000,800,87.080,200,87.010,100,87.000,1000,86.990,400,86.980,600,87.100,2000,87.110,100,87.120,100,87.150,1000,87.160,2019-12-03,11:05:56,00,";
var hq_str_sh603259="药明康德,88.100,87.880,87.160,88.100,85.800,87.010,87.160,3496355,302993604.000,100,87.010,2600,87.000,100,86.910,100,86.850,400,86.840,100,87.160,800,87.170,6500,87.180,1600,87.190,29100,87.200,2019-12-03,11:06:59,00,";
var hq_str_sh603259="药明康德,88.100,87.880,87.090,88.100,85.800,87.030,87.090,3513255,304466244.000,200,87.030,1900,87.010,21800,87.000,100,86.850,400,86.840,600,87.090,200,87.100,1600,87.170,6800,87.180,1800,87.190,2019-12-03,11:07:59,00,";
var hq_str_sh603259="药明康德,88.100,87.880,87.170,88.100,85.800,87.180,87.190,3527355,305695337.000,200,87.180,100,87.170,600,87.090,100,87.080,100,87.050,2600,87.190,29100,87.200,1100,87.210,200,87.220,600,87.230,2019-12-03,11:09:00,00,";
var hq_str_sh603259="药明康德,88.100,87.880,87.260,88.100,85.800,87.250,87.260,3572755,309654365.000,1400,87.250,900,87.230,600,87.220,700,87.210,20000,87.200,2100,87.260,200,87.280,500,87.290,2500,87.300,1000,87.320,2019-12-03,11:09:56,00,";
var hq_str_sh603259="药明康德,88.100,87.880,87.300,88.100,85.800,87.290,87.300,3595155,311609640.000,1000,87.290,1400,87.270,1400,87.260,1500,87.250,100,87.220,3000,87.300,1000,87.320,200,87.330,100,87.340,200,87.350,2019-12-03,11:10:59,00,";
var hq_str_sh603259="药明康德,88.100,87.880,87.330,88.100,85.800,87.330,87.340,3613855,313242274.000,5400,87.330,1100,87.300,1900,87.290,1700,87.260,100,87.220,100,87.340,1200,87.350,3100,87.360,2500,87.380,700,87.390,2019-12-03,11:11:59,00,";
var hq_str_sh603259="药明康德,88.100,87.880,87.310,88.100,85.800,87.300,87.310,3639555,315486817.000,1000,87.300,1900,87.290,300,87.260,100,87.220,5300,87.200,600,87.310,800,87.330,4300,87.350,2600,87.360,2500,87.380,2019-12-03,11:13:00,00,";
var hq_str_sh603259="药明康德,88.100,87.880,87.220,88.100,85.800,87.220,87.280,3658355,317127811.000,300,87.220,400,87.210,5300,87.200,700,87.190,20000,87.180,5640,87.280,100,87.300,100,87.310,1600,87.330,100,87.340,2019-12-03,11:13:56,00,";
var hq_str_sh603259="药明康德,88.100,87.880,87.330,88.100,85.800,87.330,87.340,3675495,318624106.000,1000,87.330,100,87.300,600,87.280,600,87.220,5300,87.200,1700,87.340,900,87.350,2000,87.360,2500,87.380,500,87.390,2019-12-03,11:15:00,00,";
var hq_str_sh603259="药明康德,88.100,87.880,87.380,88.100,85.800,87.360,87.380,3687495,319672267.000,1700,87.360,12800,87.350,1200,87.330,100,87.300,5300,87.200,600,87.380,500,87.390,400,87.400,600,87.430,500,87.440,2019-12-03,11:15:59,00,";
var hq_str_sh603259="药明康德,88.100,87.880,87.470,88.100,85.800,87.450,87.470,3696095,320424168.000,4400,87.450,3800,87.440,2200,87.430,1100,87.410,800,87.400,200,87.470,500,87.480,1600,87.490,7900,87.500,100,87.550,2019-12-03,11:16:59,00,";
var hq_str_sh603259="药明康德,88.100,87.880,87.470,88.100,85.800,87.440,87.470,3727595,323179750.000,4400,87.440,2100,87.430,800,87.400,1500,87.380,1000,87.360,800,87.470,1000,87.480,100,87.490,37400,87.500,200,87.550,2019-12-03,11:17:59,00,";
var hq_str_sh603259="药明康德,88.100,87.880,87.560,88.100,85.800,87.550,87.560,3790995,328726173.000,1200,87.550,4800,87.500,2500,87.480,2100,87.470,600,87.440,400,87.560,700,87.580,700,87.590,200,87.600,100,87.610,2019-12-03,11:19:00,00,";
var hq_str_sh603259="药明康德,88.100,87.880,87.560,88.100,85.800,87.560,87.570,3808875,330291888.000,320,87.560,4800,87.500,2500,87.480,2100,87.470,500,87.440,1400,87.570,34900,87.580,200,87.590,500,87.600,100,87.610,2019-12-03,11:19:59,00,";
var hq_str_sh603259="药明康德,88.100,87.880,87.550,88.100,85.800,87.470,87.550,3937775,341580312.000,1420,87.470,500,87.440,600,87.400,1500,87.380,1100,87.360,600,87.550,300,87.580,200,87.590,25600,87.600,100,87.610,2019-12-03,11:20:59,00,";
var hq_str_sh603259="药明康德,88.100,87.880,87.470,88.100,85.800,87.470,87.580,4005075,347475500.000,720,87.470,500,87.440,3500,87.400,1500,87.380,1100,87.360,500,87.580,300,87.590,10900,87.600,1000,87.610,200,87.620,2019-12-03,11:21:59,00,";
var hq_str_sh603259="药明康德,88.100,87.880,87.570,88.100,85.800,87.510,87.580,4014275,348281149.000,6100,87.510,820,87.470,5000,87.460,1600,87.440,5000,87.410,800,87.580,1300,87.590,11000,87.600,1000,87.610,200,87.620,2019-12-03,11:22:59,00,";
var hq_str_sh603259="药明康德,88.100,87.880,87.630,88.100,85.800,87.620,87.630,4031475,349787845.000,100,87.620,2500,87.610,6400,87.600,900,87.590,500,87.520,800,87.630,600,87.640,45800,87.650,3200,87.660,500,87.680,2019-12-03,11:23:59,00,";
var hq_str_sh603259="药明康德,88.100,87.880,87.700,88.100,85.800,87.610,87.700,4113975,357019483.000,1000,87.610,9800,87.600,500,87.580,600,87.520,4900,87.510,28700,87.700,8300,87.740,1900,87.750,800,87.760,200,87.770,2019-12-03,11:24:59,00,";
var hq_str_sh603259="药明康德,88.100,87.880,87.670,88.100,85.800,87.670,87.690,4134375,358807511.000,1400,87.670,300,87.610,3500,87.600,500,87.580,300,87.520,100,87.690,24100,87.700,8300,87.740,1900,87.750,800,87.760,2019-12-03,11:26:00,00,";
var hq_str_sh603259="药明康德,88.100,87.880,87.700,88.100,85.800,87.690,87.700,4185875,363324167.000,500,87.690,100,87.670,400,87.610,3500,87.600,500,87.580,29800,87.700,2900,87.740,1800,87.750,800,87.760,6900,87.770,2019-12-03,11:26:59,00,";
var hq_str_sh603259="药明康德,88.100,87.880,87.700,88.100,85.800,87.680,87.700,4206775,365157011.000,200,87.680,100,87.670,100,87.620,3300,87.610,3700,87.600,16300,87.700,2000,87.740,1800,87.750,800,87.760,6900,87.770,2019-12-03,11:27:59,00,";
var hq_str_sh603259="药明康德,88.100,87.880,87.740,88.100,85.800,87.740,87.750,4278375,371436794.000,400,87.740,3200,87.730,400,87.710,40000,87.700,300,87.690,34400,87.750,800,87.760,6700,87.770,100,87.780,3500,87.800,2019-12-03,11:28:59,00,";
var hq_str_sh603259="药明康德,88.100,87.880,87.780,88.100,85.800,87.780,87.800,4323075,375359372.000,1900,87.780,600,87.760,17000,87.750,2500,87.730,500,87.710,3500,87.800,400,87.810,500,87.830,200,87.840,200,87.850,2019-12-03,11:29:59,00,";
var hq_str_sh603259="药明康德,88.100,87.880,87.780,88.100,85.800,87.780,87.800,4323075,375359372.000,1900,87.780,600,87.760,17000,87.750,2500,87.730,500,87.710,3500,87.800,400,87.810,500,87.830,200,87.840,200,87.850,2019-12-03,11:30:00,00,";
var hq_str_sh603259="药明康德,88.100,87.880,87.850,88.100,85.800,87.840,87.850,4369575,379444229.000,1200,87.840,18700,87.800,100,87.790,1500,87.780,100,87.770,1100,87.850,5000,87.870,3100,87.880,4000,87.890,1500,87.900,2019-12-03,13:00:56,00,";
var hq_str_sh603259="药明康德,88.100,87.880,87.770,88.100,85.800,87.760,87.800,4401975,382289029.000,1100,87.760,16000,87.750,2200,87.730,500,87.710,40300,87.700,9900,87.800,600,87.820,100,87.830,8300,87.840,2000,87.850,2019-12-03,13:01:56,00,";
var hq_str_sh603259="药明康德,88.100,87.880,87.790,88.100,85.800,87.770,87.800,4423975,384219679.000,1700,87.770,100,87.760,6300,87.750,2200,87.730,1000,87.720,300,87.800,200,87.820,100,87.830,8300,87.840,2000,87.850,2019-12-03,13:02:59,00,";
var hq_str_sh603259="药明康德,88.100,87.880,87.710,88.100,85.800,87.700,87.710,4458675,387263949.000,30400,87.700,100,87.690,100,87.610,3700,87.600,500,87.580,400,87.710,12300,87.750,1400,87.760,2700,87.770,500,87.790,2019-12-03,13:03:56,00,";
var hq_str_sh603259="药明康德,88.100,87.880,87.690,88.100,85.800,87.690,87.700,4505275,391349994.000,3600,87.690,2100,87.660,1000,87.620,1300,87.600,500,87.580,400,87.700,100,87.730,500,87.750,800,87.760,2700,87.770,2019-12-03,13:04:56,00,";
var hq_str_sh603259="药明康德,88.100,87.880,87.540,88.100,85.800,87.540,87.580,4520875,392716883.000,100,87.540,500,87.530,2700,87.520,4700,87.510,5000,87.460,900,87.580,200,87.610,200,87.620,300,87.640,200,87.650,2019-12-03,13:05:59,00,";
var hq_str_sh603259="药明康德,88.100,87.880,87.620,88.100,85.800,87.600,87.620,4530275,393539786.000,15600,87.600,1200,87.590,5300,87.580,7700,87.540,1100,87.520,2100,87.620,300,87.640,200,87.650,100,87.670,1600,87.680,2019-12-03,13:06:59,00,";
var hq_str_sh603259="药明康德,88.100,87.880,87.690,88.100,85.800,87.700,87.730,4549375,395213824.000,200,87.700,300,87.680,2300,87.660,5200,87.650,1000,87.640,100,87.730,500,87.750,800,87.760,2600,87.770,200,87.800,2019-12-03,13:07:56,00,";
var hq_str_sh603259="药明康德,88.100,87.880,87.770,88.100,85.800,87.760,87.770,4568875,396924554.000,200,87.760,1200,87.750,500,87.730,1500,87.710,20500,87.700,2800,87.770,100,87.820,100,87.830,7700,87.840,1300,87.850,2019-12-03,13:08:59,00,";
var hq_str_sh603259="药明康德,88.100,87.880,87.960,88.100,85.800,87.960,87.980,4618675,401301912.000,300,87.960,900,87.950,5000,87.820,800,87.810,600,87.800,1500,87.980,8400,87.990,13800,88.000,1000,88.010,100,88.020,2019-12-03,13:09:56,00,";
var hq_str_sh603259="药明康德,88.100,87.880,87.830,88.100,85.800,87.830,87.950,4668275,405662917.000,3600,87.830,400,87.810,5000,87.790,1100,87.760,1000,87.750,3900,87.950,500,87.960,100,87.970,400,87.980,8400,87.990,2019-12-03,13:10:56,00,";
var hq_str_sh603259="药明康德,88.100,87.880,87.980,88.100,85.800,87.970,87.980,4693375,407869087.000,1500,87.970,4800,87.960,100,87.840,1000,87.830,6300,87.820,18000,87.980,8500,87.990,19800,88.000,1000,88.010,100,88.020,2019-12-03,13:11:56,00,";
var hq_str_sh603259="药明康德,88.100,87.880,87.960,88.100,85.800,87.830,87.960,4717775,410015514.000,500,87.830,800,87.820,200,87.800,1100,87.760,1000,87.750,1500,87.960,1500,87.970,12600,87.980,8500,87.990,19700,88.000,2019-12-03,13:12:59,00,";
var hq_str_sh603259="药明康德,88.100,87.880,87.820,88.100,85.800,87.820,87.870,4733175,411367983.000,2200,87.820,100,87.800,200,87.770,600,87.730,300,87.720,500,87.870,7100,87.940,2500,87.950,1300,87.960,1600,87.970,2019-12-03,13:13:56,00,";
var hq_str_sh603259="药明康德,88.100,87.880,87.900,88.100,85.800,87.880,87.900,4761475,413854625.000,1600,87.880,5100,87.830,2200,87.820,600,87.730,300,87.720,200,87.900,2100,87.910,2000,87.920,1000,87.930,6200,87.940,2019-12-03,13:14:56,00,";
var hq_str_sh603259="药明康德,88.100,87.880,87.910,88.100,85.800,87.900,87.910,4781175,415585988.000,7200,87.900,3400,87.890,3900,87.880,1100,87.870,5000,87.830,1500,87.910,6200,87.940,1300,87.960,1400,87.970,1400,87.980,2019-12-03,13:16:00,00,";
var hq_str_sh603259="药明康德,88.100,87.880,87.940,88.100,85.800,87.950,87.960,4806575,417819227.000,200,87.950,1500,87.940,200,87.930,2800,87.910,1000,87.900,1200,87.960,1400,87.970,1400,87.980,8800,87.990,13900,88.000,2019-12-03,13:16:59,00,";
var hq_str_sh603259="药明康德,88.100,87.880,87.890,88.100,85.800,87.880,87.890,4834175,420245427.000,100,87.880,2200,87.820,600,87.730,300,87.720,1500,87.710,100,87.890,1400,87.900,1400,87.910,100,87.930,2000,87.940,2019-12-03,13:17:59,00,";
var hq_str_sh603259="药明康德,88.100,87.880,87.830,88.100,85.800,87.820,87.830,4845875,421273427.000,2100,87.820,600,87.730,300,87.720,1500,87.710,20400,87.700,800,87.830,200,87.840,1700,87.850,1500,87.860,1600,87.870,2019-12-03,13:19:00,00,";
var hq_str_sh603259="药明康德,88.100,87.880,87.880,88.100,85.800,87.880,87.900,4867775,423196982.000,100,87.880,18300,87.870,800,87.820,200,87.810,600,87.730,800,87.900,1400,87.910,100,87.930,2000,87.940,2700,87.950,2019-12-03,13:20:00,00,";
var hq_str_sh603259="药明康德,88.100,87.880,87.820,88.100,85.800,87.740,87.820,4900675,426087876.000,100,87.740,600,87.730,300,87.720,1500,87.710,20400,87.700,2300,87.820,600,87.870,900,87.880,200,87.900,1500,87.910,2019-12-03,13:20:57,00,";
var hq_str_sh603259="药明康德,88.100,87.880,87.800,88.100,85.800,87.750,87.790,4913675,427228598.000,100,87.750,1300,87.740,800,87.730,1500,87.710,20400,87.700,1800,87.790,500,87.800,1200,87.810,2100,87.820,500,87.870,2019-12-03,13:21:54,00,";
var hq_str_sh603259="药明康德,88.100,87.880,87.800,88.100,85.800,87.780,87.800,4926075,428317030.000,1100,87.780,1200,87.740,800,87.730,100,87.720,2000,87.710,500,87.800,600,87.810,1900,87.820,300,87.860,500,87.870,2019-12-03,13:22:57,00,";
var hq_str_sh603259="药明康德,88.100,87.880,87.860,88.100,85.800,87.860,87.870,4939775,429520016.000,200,87.860,10300,87.820,11500,87.800,200,87.780,900,87.740,500,87.870,1000,87.880,600,87.900,1500,87.910,100,87.930,2019-12-03,13:24:00,00,";
var hq_str_sh603259="药明康德,88.100,87.880,87.880,88.100,85.800,87.850,87.880,4952575,430644857.000,900,87.850,9100,87.820,10000,87.800,200,87.780,900,87.740,500,87.880,200,87.900,1500,87.910,100,87.930,2100,87.940,2019-12-03,13:25:00,00,";
var hq_str_sh603259="药明康德,88.100,87.880,87.870,88.100,85.800,87.830,87.870,4965375,431769799.000,1500,87.830,9100,87.820,10000,87.800,100,87.780,900,87.740,1400,87.870,100,87.890,3900,87.900,1500,87.910,200,87.930,2019-12-03,13:25:57,00,";
var hq_str_sh603259="药明康德,88.100,87.880,87.900,88.100,85.800,87.900,87.910,4983275,433342842.000,42200,87.900,500,87.880,200,87.840,1100,87.830,9700,87.820,1500,87.910,200,87.930,1900,87.940,2500,87.950,600,87.960,2019-12-03,13:27:00,00,";
var hq_str_sh603259="药明康德,88.100,87.880,87.990,88.100,85.800,87.990,88.000,5007875,435506685.000,2500,87.990,4400,87.980,600,87.970,1600,87.950,1700,87.940,17500,88.000,300,88.020,100,88.040,900,88.050,1100,88.060,2019-12-03,13:27:57,00,";
var hq_str_sh603259="药明康德,88.100,87.880,88.050,88.100,85.800,88.040,88.050,5048675,439096907.000,2800,88.040,200,88.020,7000,88.000,15700,87.990,200,87.980,1700,88.050,1100,88.060,100,88.070,300,88.080,4500,88.090,2019-12-03,13:28:57,00,";
var hq_str_sh603259="药明康德,88.100,87.880,88.130,88.130,85.800,88.100,88.140,5086785,442453357.000,17790,88.100,5500,88.080,1900,88.050,3100,88.040,200,88.020,400,88.140,200,88.150,100,88.160,200,88.180,200,88.190,2019-12-03,13:29:59,00,";
var hq_str_sh603259="药明康德,88.100,87.880,88.350,88.350,85.800,88.300,88.350,5127885,446079298.000,300,88.300,200,88.280,200,88.260,2700,88.250,600,88.220,300,88.350,1200,88.380,900,88.390,1300,88.400,100,88.420,2019-12-03,13:30:57,00,";
var hq_str_sh603259="药明康德,88.100,87.880,88.440,88.440,85.800,88.440,88.450,5158485,448783193.000,4000,88.440,6800,88.400,500,88.300,2400,88.250,100,88.220,400,88.450,200,88.460,600,88.470,900,88.480,5200,88.490,2019-12-03,13:31:57,00,";
var hq_str_sh603259="药明康德,88.100,87.880,88.420,88.500,85.800,88.310,88.390,5197985,452276551.000,1000,88.310,1300,88.300,3100,88.250,700,88.220,700,88.210,400,88.390,500,88.420,400,88.430,1800,88.440,100,88.450,2019-12-03,13:32:57,00,";
var hq_str_sh603259="药明康德,88.100,87.880,88.450,88.500,85.800,88.450,88.470,5246985,456607802.000,1000,88.450,500,88.440,100,88.430,3900,88.420,200,88.400,600,88.470,600,88.480,3000,88.490,3900,88.500,1200,88.550,2019-12-03,13:34:00,00,";
var hq_str_sh603259="药明康德,88.100,87.880,88.500,88.600,85.800,88.590,88.600,5298585,461174987.000,200,88.590,1400,88.500,200,88.440,2800,88.420,25900,88.390,9400,88.600,500,88.630,500,88.660,800,88.680,100,88.690,2019-12-03,13:35:00,00,";
var hq_str_sh603259="药明康德,88.100,87.880,88.580,88.600,85.800,88.580,88.600,5346885,465452288.000,1900,88.580,4300,88.570,6200,88.550,3700,88.500,2400,88.440,7400,88.600,800,88.620,500,88.630,500,88.660,1400,88.680,2019-12-03,13:36:00,00,";
var hq_str_sh603259="药明康德,88.100,87.880,88.590,88.600,85.800,88.480,88.580,5419685,471900428.000,100,88.480,400,88.460,2500,88.440,100,88.430,2800,88.420,100,88.580,8300,88.590,3500,88.600,800,88.620,500,88.630,2019-12-03,13:37:00,00,";
var hq_str_sh603259="药明康德,88.100,87.880,88.470,88.600,85.800,88.440,88.470,5472085,476537918.000,400,88.440,400,88.430,2800,88.420,500,88.400,100,88.360,200,88.470,700,88.580,5400,88.590,4700,88.600,100,88.610,2019-12-03,13:37:57,00,";
var hq_str_sh603259="药明康德,88.100,87.880,88.550,88.600,85.800,88.510,88.550,5491285,478236165.000,1100,88.510,200,88.480,8300,88.470,4900,88.440,800,88.420,4300,88.550,1200,88.580,4700,88.590,4700,88.600,100,88.610,2019-12-03,13:39:00,00,";
var hq_str_sh603259="药明康德,88.100,87.880,88.500,88.600,85.800,88.470,88.500,5508745,479781375.000,640,88.470,4900,88.440,800,88.420,1200,88.400,100,88.360,100,88.500,1500,88.510,1100,88.520,4700,88.530,100,88.540,2019-12-03,13:40:00,00,";
var hq_str_sh603259="药明康德,88.100,87.880,88.320,88.600,85.800,88.310,88.440,5525185,481234534.000,3900,88.310,2900,88.290,300,88.280,300,88.270,1000,88.260,900,88.440,3500,88.470,1900,88.500,1400,88.510,500,88.520,2019-12-03,13:40:57,00,";
var hq_str_sh603259="药明康德,88.100,87.880,88.370,88.600,85.800,88.370,88.380,5532485,481879498.000,1800,88.370,5300,88.360,100,88.330,1000,88.300,2900,88.290,3800,88.380,300,88.440,3500,88.470,1100,88.500,1400,88.510,2019-12-03,13:42:00,00,";
var hq_str_sh603259="药明康德,88.100,87.880,88.380,88.600,85.800,88.370,88.380,5550185,483443559.000,400,88.370,2100,88.360,1600,88.300,2900,88.290,100,88.280,2420,88.380,3500,88.470,1200,88.500,1000,88.510,4300,88.530,2019-12-03,13:42:57,00,";
var hq_str_sh603259="药明康德,88.100,87.880,88.250,88.600,85.800,88.220,88.250,5584585,486481362.000,100,88.220,800,88.210,1200,88.200,1000,88.110,17500,88.100,2400,88.250,700,88.260,1400,88.270,600,88.280,700,88.290,2019-12-03,13:44:00,00,";
var hq_str_sh603259="药明康德,88.100,87.880,88.090,88.600,85.800,88.060,88.090,5617385,489374212.000,3300,88.060,600,88.050,1200,88.040,500,88.010,1500,88.000,600,88.090,8100,88.100,300,88.170,900,88.200,9200,88.210,2019-12-03,13:45:00,00,";
var hq_str_sh603259="药明康德,88.100,87.880,88.100,88.600,85.800,88.100,88.170,5645185,491823288.000,900,88.100,600,88.090,2000,88.060,700,88.050,1200,88.040,300,88.170,1000,88.200,9200,88.210,100,88.250,23500,88.300,2019-12-03,13:45:57,00,";
var hq_str_sh603259="药明康德,88.100,87.880,88.300,88.600,85.800,88.300,88.360,5697985,496484437.000,1400,88.300,300,88.100,700,88.090,100,88.070,1700,88.060,300,88.360,100,88.380,300,88.400,100,88.410,200,88.430,2019-12-03,13:46:57,00,";
var hq_str_sh603259="药明康德,88.100,87.880,88.300,88.600,85.800,88.120,88.290,5710585,497596899.000,2500,88.120,500,88.100,400,88.090,1700,88.060,800,88.050,300,88.290,2100,88.300,7600,88.310,200,88.360,200,88.380,2019-12-03,13:48:00,00,";
var hq_str_sh603259="药明康德,88.100,87.880,88.250,88.600,85.800,88.250,88.260,5725785,498938545.000,600,88.250,400,88.130,2300,88.120,700,88.100,400,88.090,10900,88.260,3700,88.280,200,88.290,1600,88.300,6700,88.310,2019-12-03,13:49:00,00,";
var hq_str_sh603259="药明康德,88.100,87.880,88.120,88.600,85.800,88.120,88.240,5748185,500914966.000,2900,88.120,700,88.100,400,88.090,200,88.070,1700,88.060,100,88.240,2600,88.250,3700,88.280,200,88.290,1200,88.300,2019-12-03,13:50:00,00,";
var hq_str_sh603259="药明康德,88.100,87.880,88.130,88.600,85.800,88.130,88.230,5766085,502493480.000,1100,88.130,200,88.120,500,88.090,200,88.070,1700,88.060,1800,88.230,400,88.240,2000,88.250,3700,88.280,200,88.290,2019-12-03,13:50:57,00,";
var hq_str_sh603259="药明康德,88.100,87.880,88.300,88.600,85.800,88.300,88.310,5787285,504364127.000,1700,88.300,1100,88.290,1000,88.280,3900,88.240,800,88.230,5300,88.310,100,88.350,200,88.360,200,88.380,4500,88.400,2019-12-03,13:52:00,00,";
var hq_str_sh603259="药明康德,88.100,87.880,88.310,88.600,85.800,88.300,88.310,5805585,505979999.000,25500,88.300,200,88.240,800,88.230,100,88.140,1000,88.130,4700,88.310,500,88.330,100,88.350,200,88.360,100,88.380,2019-12-03,13:53:00,00,";
var hq_str_sh603259="药明康德,88.100,87.880,88.390,88.600,85.800,88.320,88.350,5847085,509644565.000,300,88.320,1300,88.310,30800,88.300,400,88.240,800,88.230,1400,88.350,200,88.390,4400,88.400,100,88.410,200,88.430,2019-12-03,13:53:57,00,";
var hq_str_sh603259="药明康德,88.100,87.880,88.350,88.600,85.800,88.350,88.390,5870085,511676345.000,100,88.350,400,88.330,2800,88.320,200,88.310,30100,88.300,1500,88.390,2100,88.400,100,88.410,200,88.430,100,88.450,2019-12-03,13:54:57,00,";
var hq_str_sh603259="药明康德,88.100,87.880,88.380,88.600,85.800,88.330,88.380,5885585,513046051.000,700,88.330,2400,88.320,200,88.310,30200,88.300,400,88.240,500,88.380,500,88.390,2100,88.400,100,88.410,500,88.420,2019-12-03,13:55:57,00,";
var hq_str_sh603259="药明康德,88.100,87.880,88.360,88.600,85.800,88.330,88.360,5900585,514371406.000,700,88.330,1700,88.320,1200,88.310,29700,88.300,400,88.240,900,88.360,1500,88.370,1200,88.380,2400,88.400,100,88.410,2019-12-03,13:56:57,00,";
var hq_str_sh603259="药明康德,88.100,87.880,88.370,88.600,85.800,88.330,88.370,5923785,516420619.000,600,88.330,700,88.320,100,88.310,29700,88.300,100,88.280,900,88.370,1300,88.380,200,88.390,2200,88.400,100,88.410,2019-12-03,13:57:57,00,";
var hq_str_sh603259="药明康德,88.100,87.880,88.420,88.600,85.800,88.410,88.420,5946085,518391972.000,900,88.410,4900,88.400,200,88.330,29700,88.300,400,88.240,1100,88.420,1300,88.430,1900,88.440,200,88.450,3500,88.470,2019-12-03,13:59:00,00,";
var hq_str_sh603259="药明康德,88.100,87.880,88.520,88.600,85.800,88.520,88.530,5977585,521178750.000,4000,88.520,200,88.510,1300,88.500,500,88.470,3200,88.450,3900,88.530,7300,88.540,15300,88.550,4500,88.580,5100,88.590,2019-12-03,13:59:57,00,";
var hq_str_sh603259="药明康德,88.100,87.880,88.510,88.600,85.800,88.510,88.520,6000685,523222857.000,200,88.510,4800,88.500,5500,88.470,100,88.450,100,88.440,7000,88.520,2900,88.530,7600,88.540,15200,88.550,4500,88.580,2019-12-03,14:01:00,00,";
var hq_str_sh603259="药明康德,88.100,87.880,88.500,88.600,85.800,88.460,88.490,6033285,526107672.000,1000,88.460,500,88.450,700,88.430,2400,88.400,400,88.330,2000,88.490,2100,88.500,3100,88.510,7500,88.520,3400,88.530,2019-12-03,14:01:57,00,";
var hq_str_sh603259="药明康德,88.100,87.880,88.500,88.600,85.800,88.450,88.500,6072685,529593730.000,6000,88.450,3200,88.400,400,88.330,100,88.310,29700,88.300,12400,88.500,800,88.510,2000,88.520,3600,88.530,7400,88.540,2019-12-03,14:03:00,00,";
var hq_str_sh603259="药明康德,88.100,87.880,88.410,88.600,85.800,88.410,88.420,6111585,533035533.000,500,88.410,3200,88.400,400,88.330,7700,88.310,29700,88.300,100,88.420,300,88.480,200,88.490,17600,88.500,700,88.510,2019-12-03,14:03:57,00,";
var hq_str_sh603259="药明康德,88.100,87.880,88.380,88.600,85.800,88.380,88.400,6144185,535917566.000,3200,88.380,100,88.370,7600,88.310,29700,88.300,500,88.280,7100,88.400,400,88.480,1800,88.490,7600,88.500,100,88.510,2019-12-03,14:05:00,00,";
var hq_str_sh603259="药明康德,88.100,87.880,88.400,88.600,85.800,88.400,88.420,6163085,537587112.000,2000,88.400,5200,88.380,100,88.330,400,88.320,5400,88.310,200,88.420,200,88.450,500,88.480,1800,88.490,7800,88.500,2019-12-03,14:05:57,00,";
var hq_str_sh603259="药明康德,88.100,87.880,88.330,88.600,85.800,88.370,88.420,6184185,539452026.000,500,88.370,200,88.330,1300,88.320,5600,88.310,26900,88.300,300,88.420,200,88.450,500,88.480,1400,88.490,8000,88.500,2019-12-03,14:07:00,00,";
var hq_str_sh603259="药明康德,88.100,87.880,88.480,88.600,85.800,88.480,88.490,6205985,541379457.000,1500,88.480,100,88.420,300,88.390,2000,88.320,5100,88.310,100,88.490,4300,88.500,100,88.510,2200,88.520,3400,88.530,2019-12-03,14:07:57,00,";
var hq_str_sh603259="药明康德,88.100,87.880,88.490,88.600,85.800,88.490,88.500,6246385,544954368.000,800,88.490,3000,88.380,200,88.360,500,88.330,1200,88.320,300,88.500,1300,88.520,100,88.530,1700,88.540,500,88.550,2019-12-03,14:09:00,00,";
var hq_str_sh603259="药明康德,88.100,87.880,88.330,88.600,85.800,88.330,88.500,6271085,547138535.000,3000,88.330,600,88.320,5300,88.310,1100,88.300,500,88.280,200,88.500,200,88.510,2500,88.520,1700,88.540,500,88.550,2019-12-03,14:10:00,00,";
var hq_str_sh603259="药明康德,88.100,87.880,88.600,88.640,85.800,88.600,88.650,6338365,553095414.000,16500,88.600,100,88.550,1000,88.540,1500,88.530,4900,88.510,300,88.650,1300,88.660,500,88.670,3600,88.680,3400,88.690,2019-12-03,14:11:00,00,";
var hq_str_sh603259="药明康德,88.100,87.880,88.600,88.700,85.800,88.600,88.620,6420065,560333920.000,4900,88.600,500,88.480,1000,88.420,200,88.410,10000,88.400,3100,88.620,100,88.630,5500,88.680,3000,88.700,100,88.710,2019-12-03,14:11:57,00,";
var hq_str_sh603259="药明康德,88.100,87.880,88.640,88.700,85.800,88.640,88.650,6454765,563406533.000,200,88.640,7500,88.510,100,88.430,1000,88.420,200,88.410,700,88.650,300,88.670,5500,88.680,5500,88.700,100,88.710,2019-12-03,14:13:00,00,";
var hq_str_sh603259="药明康德,88.100,87.880,88.600,88.700,85.800,88.580,88.650,6476965,565373129.000,700,88.580,3200,88.520,12300,88.510,100,88.430,1000,88.420,200,88.650,610,88.670,5600,88.680,500,88.690,6400,88.700,2019-12-03,14:14:00,00,";
var hq_str_sh603259="药明康德,88.100,87.880,88.620,88.700,85.800,88.580,88.670,6495765,567038958.000,2000,88.580,100,88.560,3200,88.520,12300,88.510,100,88.430,600,88.670,4610,88.680,500,88.690,6300,88.700,100,88.710,2019-12-03,14:15:00,00,";
var hq_str_sh603259="药明康德,88.100,87.880,88.700,88.780,85.800,88.700,88.740,6538025,570785724.000,2800,88.700,200,88.670,1840,88.660,100,88.650,8900,88.600,100,88.740,510,88.780,1200,88.790,14500,88.800,200,88.810,2019-12-03,14:15:57,00,";
var hq_str_sh603259="药明康德,88.100,87.880,88.750,88.830,85.800,88.750,88.790,6587935,575214967.000,2400,88.750,5490,88.700,100,88.680,800,88.670,100,88.660,1000,88.790,4900,88.800,100,88.810,600,88.830,100,88.840,2019-12-03,14:16:57,00,";
var hq_str_sh603259="药明康德,88.100,87.880,88.820,88.830,85.800,88.820,88.830,6615635,577674469.000,300,88.820,500,88.750,100,88.710,200,88.700,100,88.680,1200,88.830,400,88.840,8100,88.850,900,88.860,500,88.870,2019-12-03,14:18:00,00,";
var hq_str_sh603259="药明康德,88.100,87.880,88.670,88.880,85.800,88.670,88.810,6671435,582630303.000,900,88.670,100,88.660,200,88.640,100,88.610,8900,88.600,8600,88.810,700,88.820,300,88.830,800,88.870,31400,88.880,2019-12-03,14:18:57,00,";
var hq_str_sh603259="药明康德,88.100,87.880,88.760,88.880,85.800,88.760,88.770,6686935,584005273.000,1800,88.760,300,88.680,2300,88.670,1400,88.660,200,88.640,100,88.770,2300,88.790,4000,88.800,3600,88.810,200,88.830,2019-12-03,14:20:00,00,";
var hq_str_sh603259="药明康德,88.100,87.880,88.660,88.880,85.800,88.640,88.660,6726535,587519191.000,200,88.640,200,88.620,200,88.610,8900,88.600,100,88.560,800,88.660,100,88.680,2300,88.700,100,88.760,100,88.770,2019-12-03,14:20:57,00,";
var hq_str_sh603259="药明康德,88.100,87.880,88.620,88.880,85.800,88.610,88.640,6776235,591928745.000,2300,88.610,7600,88.600,100,88.560,500,88.520,11600,88.510,100,88.640,5500,88.650,900,88.660,300,88.670,100,88.680,2019-12-03,14:21:57,00,";
var hq_str_sh603259="药明康德,88.100,87.880,88.640,88.880,85.800,88.600,88.620,6810035,594924108.000,2000,88.600,900,88.570,100,88.560,100,88.550,300,88.530,100,88.620,800,88.640,600,88.650,900,88.660,300,88.670,2019-12-03,14:23:00,00,";
var hq_str_sh603259="药明康德,88.100,87.880,88.530,88.880,85.800,88.530,88.550,6826635,596394612.000,300,88.530,700,88.520,11600,88.510,100,88.430,10000,88.400,100,88.550,1200,88.560,900,88.570,700,88.580,100,88.590,2019-12-03,14:24:00,00,";
var hq_str_sh603259="药明康德,88.100,87.880,88.560,88.880,85.800,88.560,88.570,6840935,597660846.000,600,88.560,400,88.540,300,88.530,1400,88.520,11600,88.510,600,88.570,700,88.580,100,88.590,900,88.600,500,88.610,2019-12-03,14:25:00,00,";
var hq_str_sh603259="药明康德,88.100,87.880,88.630,88.880,85.800,88.630,88.640,6866675,599941645.000,3260,88.630,3000,88.610,1500,88.600,800,88.590,700,88.580,100,88.640,1200,88.650,1000,88.660,200,88.670,100,88.680,2019-12-03,14:26:00,00,";
var hq_str_sh603259="药明康德,88.100,87.880,88.640,88.880,85.800,88.640,88.650,6885635,601622247.000,1200,88.640,300,88.630,1600,88.620,2900,88.610,1400,88.600,240,88.650,900,88.660,100,88.670,100,88.680,400,88.700,2019-12-03,14:27:00,00,";
var hq_str_sh603259="药明康德,88.100,87.880,88.800,88.880,85.800,88.660,88.800,6947075,607075086.000,1100,88.660,1900,88.610,1300,88.600,400,88.520,11600,88.510,4200,88.800,500,88.810,1900,88.820,3200,88.850,700,88.870,2019-12-03,14:27:57,00,";
var hq_str_sh603259="药明康德,88.100,87.880,88.800,88.880,85.800,88.790,88.800,6982675,610235588.000,1100,88.790,1300,88.780,400,88.770,100,88.690,1100,88.670,1200,88.800,500,88.810,1900,88.820,3400,88.850,700,88.870,2019-12-03,14:29:00,00,";
var hq_str_sh603259="药明康德,88.100,87.880,88.820,88.880,85.800,88.800,88.820,7014275,613040543.000,3900,88.800,400,88.790,1000,88.670,400,88.660,500,88.620,2200,88.820,200,88.830,3400,88.850,1200,88.870,32500,88.880,2019-12-03,14:29:57,00,";
var hq_str_sh603259="药明康德,88.100,87.880,88.810,88.880,85.800,88.800,88.810,7053175,616494433.000,1600,88.800,100,88.700,4200,88.670,400,88.650,100,88.630,1600,88.810,200,88.820,200,88.830,2700,88.850,2000,88.860,2019-12-03,14:31:00,00,";
var hq_str_sh603259="药明康德,88.100,87.880,88.800,88.880,85.800,88.670,88.800,7095675,620266934.000,1800,88.670,400,88.650,200,88.630,300,88.620,400,88.610,7939,88.800,700,88.810,200,88.820,200,88.830,2700,88.850,2019-12-03,14:31:57,00,";
var hq_str_sh603259="药明康德,88.100,87.880,88.750,88.880,85.800,88.730,88.750,7126375,622991693.000,4000,88.730,300,88.680,800,88.670,400,88.650,300,88.630,100,88.750,100,88.760,100,88.780,200,88.790,3439,88.800,2019-12-03,14:33:00,00,";
var hq_str_sh603259="药明康德,88.100,87.880,88.880,88.880,85.800,88.710,88.880,7191575,628780585.000,5700,88.710,100,88.690,1000,88.680,700,88.670,600,88.650,29700,88.880,1900,88.890,2900,88.900,1100,88.930,2600,88.950,2019-12-03,14:33:57,00,";
var hq_str_sh603259="药明康德,88.100,87.880,88.720,88.880,85.800,88.790,88.850,7238875,632977545.000,400,88.790,2100,88.720,100,88.650,1400,88.630,300,88.620,400,88.850,3000,88.870,27000,88.880,1900,88.890,2900,88.900,2019-12-03,14:34:57,00,";
var hq_str_sh603259="药明康德,88.100,87.880,88.870,88.880,85.800,88.610,88.830,7297275,638164968.000,1600,88.610,800,88.600,200,88.590,200,88.560,1900,88.520,100,88.830,2400,88.850,2700,88.870,23086,88.880,2000,88.890,2019-12-03,14:35:57,00,";
var hq_str_sh603259="药明康德,88.100,87.880,88.640,88.880,85.800,88.640,88.670,7330875,641143472.000,3200,88.640,100,88.560,200,88.550,200,88.530,2000,88.520,4500,88.670,100,88.680,200,88.740,300,88.800,100,88.810,2019-12-03,14:36:57,00,";
var hq_str_sh603259="药明康德,88.100,87.880,88.670,88.880,85.800,88.670,88.680,7357075,643464589.000,5300,88.670,4200,88.660,500,88.590,300,88.570,7700,88.560,100,88.680,300,88.740,1000,88.800,100,88.810,800,88.830,2019-12-03,14:38:00,00,";
var hq_str_sh603259="药明康德,88.100,87.880,88.800,88.880,85.800,88.800,88.810,7369375,644555589.000,7000,88.800,4900,88.700,1600,88.680,1000,88.670,300,88.660,100,88.810,100,88.820,800,88.830,300,88.840,3900,88.850,2019-12-03,14:39:00,00,";
var hq_str_sh603259="药明康德,88.100,87.880,88.810,88.880,85.800,88.810,88.840,7392375,646598744.000,1500,88.810,6900,88.800,100,88.790,100,88.700,100,88.680,200,88.840,5400,88.850,200,88.860,6100,88.870,28886,88.880,2019-12-03,14:40:00,00,";
var hq_str_sh603259="药明康德,88.100,87.880,88.730,88.880,85.800,88.600,88.730,7430075,649942282.000,27100,88.600,400,88.550,600,88.530,6300,88.510,1200,88.500,500,88.730,100,88.740,400,88.780,1500,88.790,1200,88.800,2019-12-03,14:41:00,00,";
var hq_str_sh603259="药明康德,88.100,87.880,88.880,88.880,85.800,88.870,88.880,7491375,655387793.000,200,88.870,2500,88.810,5300,88.800,200,88.720,12700,88.700,9686,88.880,2200,88.890,3200,88.900,100,88.920,1100,88.930,2019-12-03,14:42:00,00,";
var hq_str_sh603259="药明康德,88.100,87.880,88.810,88.890,85.800,88.810,88.820,7541221,659816863.000,954,88.810,100,88.730,200,88.720,300,88.700,5700,88.660,100,88.820,100,88.830,300,88.860,200,88.870,4400,88.880,2019-12-03,14:43:00,00,";
var hq_str_sh603259="药明康德,88.100,87.880,88.890,88.890,85.800,88.880,88.890,7551021,660687668.000,6200,88.880,3900,88.870,1100,88.860,100,88.850,400,88.830,1700,88.890,4100,88.900,200,88.910,200,88.920,1200,88.930,2019-12-03,14:44:00,00,";
var hq_str_sh603259="药明康德,88.100,87.880,89.000,89.000,85.800,88.970,89.000,7643221,668891348.000,100,88.970,1100,88.960,100,88.910,1000,88.900,100,88.890,37200,89.000,400,89.010,200,89.040,1000,89.050,100,89.060,2019-12-03,14:45:00,00,";
var hq_str_sh603259="药明康德,88.100,87.880,88.910,89.180,85.800,88.900,88.960,7758221,679135703.000,100,88.900,3600,88.880,100,88.860,100,88.850,300,88.820,1100,88.960,100,89.100,300,89.120,400,89.130,200,89.160,2019-12-03,14:45:57,00,";
var hq_str_sh603259="药明康德,88.100,87.880,88.920,89.200,85.800,88.920,88.930,7804421,683250494.000,12800,88.920,1200,88.880,100,88.860,400,88.850,300,88.820,300,88.930,100,88.940,100,89.040,300,89.050,800,89.060,2019-12-03,14:46:57,00,";
var hq_str_sh603259="药明康德,88.100,87.880,89.120,89.200,85.800,89.100,89.120,7836321,686091220.000,700,89.100,500,89.080,4700,88.950,300,88.940,4300,88.930,300,89.120,400,89.130,100,89.140,300,89.150,500,89.160,2019-12-03,14:47:57,00,";
var hq_str_sh603259="药明康德,88.100,87.880,89.090,89.200,85.800,89.090,89.100,7877621,689771144.000,300,89.090,3300,89.040,1400,89.000,900,88.970,4000,88.950,706,89.100,100,89.130,10000,89.180,3900,89.190,3700,89.200,2019-12-03,14:48:57,00,";
var hq_str_sh603259="药明康德,88.100,87.880,89.090,89.200,85.800,89.100,89.160,7904321,692150949.000,700,89.100,100,89.070,600,89.060,4800,89.050,3900,89.040,100,89.160,2347,89.180,3400,89.190,4900,89.200,1100,89.230,2019-12-03,14:50:00,00,";
var hq_str_sh603259="药明康德,88.100,87.880,88.900,89.200,85.800,88.880,88.990,7985021,699333727.000,1200,88.880,100,88.860,400,88.850,300,88.820,100,88.810,100,88.990,5100,89.000,100,89.020,1600,89.040,400,89.050,2019-12-03,14:50:57,00,";
var hq_str_sh603259="药明康德,88.100,87.880,89.010,89.200,85.800,88.950,89.010,8016721,702154146.000,200,88.950,5000,88.900,1400,88.890,100,88.860,1000,88.850,300,89.010,500,89.020,300,89.030,1100,89.040,400,89.050,2019-12-03,14:52:00,00,";
var hq_str_sh603259="药明康德,88.100,87.880,89.030,89.200,85.800,88.960,89.030,8065021,706451275.000,100,88.960,1700,88.890,700,88.880,200,88.870,100,88.860,9000,89.030,1100,89.040,3500,89.050,300,89.060,3300,89.080,2019-12-03,14:53:00,00,";
var hq_str_sh603259="药明康德,88.100,87.880,89.060,89.200,85.800,89.000,89.060,8105321,710039715.000,5000,89.000,1900,88.980,8100,88.970,100,88.960,1500,88.890,300,89.060,900,89.090,920,89.100,200,89.110,500,89.120,2019-12-03,14:53:57,00,";
var hq_str_sh603259="药明康德,88.100,87.880,88.960,89.200,85.800,88.890,88.960,8168621,715673829.000,600,88.890,900,88.880,200,88.870,100,88.860,700,88.850,9600,88.960,18700,88.980,30020,89.000,14300,89.100,3300,89.110,2019-12-03,14:54:57,00,";
var hq_str_sh603259="药明康德,88.100,87.880,88.850,89.200,85.800,88.840,88.850,8191321,717690534.000,400,88.840,1000,88.750,1000,88.720,10000,88.710,500,88.700,1000,88.850,200,88.940,1600,88.950,7700,88.960,900,88.970,2019-12-03,14:56:00,00,";
var hq_str_sh603259="药明康德,88.100,87.880,88.800,89.200,85.800,88.800,88.810,8226521,720814815.000,6100,88.800,3800,88.730,500,88.720,300,88.690,400,88.670,500,88.810,100,88.840,700,88.850,2700,88.880,200,88.890,2019-12-03,14:56:57,00,";
var hq_str_sh603259="药明康德,88.100,87.880,88.800,89.200,85.800,88.950,88.950,8226721,720832575.000,34300,88.950,0,0.000,0,0.000,0,0.000,0,0.000,34300,88.950,700,0.000,0,0.000,0,0.000,0,0.000,2019-12-03,14:57:54,00,";
var hq_str_sh603259="药明康德,88.100,87.880,88.800,89.200,85.800,88.900,88.900,8226721,720832575.000,40300,88.900,0,0.000,0,0.000,0,0.000,0,0.000,40300,88.900,4300,0.000,0,0.000,0,0.000,0,0.000,2019-12-03,14:58:57,00,";
