var hq_str_sh603259="药明康德,82.440,82.110,82.440,82.440,82.440,82.440,82.470,22430,1849129.000,4370,82.440,18600,82.290,2900,82.200,1300,82.150,100,82.140,369,82.470,1200,82.480,400,82.490,1700,82.500,1600,82.600,2019-09-10,09:29:54,00,";
var hq_str_sh603259="药明康德,82.440,82.110,82.050,82.990,82.050,82.020,82.050,234200,19307064.000,2200,82.020,3000,82.010,400,82.000,200,81.980,1200,81.920,100,82.050,100,82.090,600,82.100,1800,82.110,3500,82.120,2019-09-10,09:30:58,00,";
var hq_str_sh603259="药明康德,82.440,82.110,81.900,82.990,81.880,81.880,81.900,294200,24224474.000,900,81.880,100,81.860,600,81.850,100,81.840,600,81.810,3100,81.900,100,81.950,15600,82.000,2200,82.010,1100,82.020,2019-09-10,09:31:58,00,";
var hq_str_sh603259="药明康德,82.440,82.110,82.100,82.990,81.880,82.090,82.100,388700,31980755.000,100,82.090,200,82.080,2200,82.030,100,82.020,9100,82.010,600,82.100,500,82.110,300,82.130,100,82.180,3486,82.240,2019-09-10,09:32:57,00,";
var hq_str_sh603259="药明康德,82.440,82.110,81.750,82.990,81.750,81.720,81.750,452200,37185889.000,400,81.720,1000,81.710,2600,81.700,2300,81.690,500,81.680,7300,81.750,500,81.800,6000,81.810,100,81.840,3400,81.880,2019-09-10,09:33:58,00,";
var hq_str_sh603259="药明康德,82.440,82.110,81.630,82.990,81.630,81.620,81.640,491800,40421372.000,1200,81.620,700,81.610,2200,81.600,200,81.580,200,81.570,600,81.640,200,81.670,300,81.680,1000,81.700,5800,81.720,2019-09-10,09:34:58,00,";
var hq_str_sh603259="药明康德,82.440,82.110,81.390,82.990,81.310,81.310,81.380,561600,46113912.000,900,81.310,1600,81.300,100,81.290,1000,81.280,600,81.260,500,81.380,47,81.390,500,81.430,300,81.480,5000,81.500,2019-09-10,09:35:58,00,";
var hq_str_sh603259="药明康德,82.440,82.110,81.390,82.990,81.310,81.390,81.410,618880,50774608.000,2100,81.390,200,81.380,600,81.350,1520,81.340,7700,81.330,500,81.410,500,81.430,400,81.480,1400,81.490,100,81.500,2019-09-10,09:36:58,00,";
var hq_str_sh603259="药明康德,82.440,82.110,81.680,82.990,81.310,81.660,81.670,648001,53148345.000,300,81.660,463,81.640,5600,81.600,1200,81.590,200,81.580,100,81.670,600,81.680,4000,81.720,500,81.810,500,81.900,2019-09-10,09:37:58,00,";
var hq_str_sh603259="药明康德,82.440,82.110,81.750,82.990,81.310,81.740,81.750,693280,56853551.000,1000,81.740,1300,81.720,300,81.700,1400,81.680,100,81.650,400,81.750,200,81.770,1500,81.800,900,81.870,200,81.980,2019-09-10,09:38:57,00,";
var hq_str_sh603259="药明康德,82.440,82.110,81.670,82.990,81.310,81.630,81.670,754943,61893551.000,300,81.630,1000,81.580,100,81.570,1000,81.550,2100,81.540,714,81.670,2600,81.700,200,81.710,400,81.860,100,81.960,2019-09-10,09:39:58,00,";
var hq_str_sh603259="药明康德,82.440,82.110,81.500,82.990,81.310,81.500,81.520,782743,64161081.000,500,81.500,200,81.470,200,81.440,1200,81.430,100,81.410,400,81.520,1500,81.540,3000,81.550,200,81.560,4200,81.600,2019-09-10,09:40:58,00,";
var hq_str_sh603259="药明康德,82.440,82.110,81.960,82.990,81.310,81.900,81.960,853364,69934048.000,300,81.900,100,81.840,1000,81.810,100,81.760,200,81.750,4100,81.960,100,81.970,2700,81.990,8680,82.000,500,82.050,2019-09-10,09:41:57,00,";
var hq_str_sh603259="药明康德,82.440,82.110,82.240,82.990,81.310,82.040,82.240,908216,74432495.000,100,82.040,200,82.030,400,82.010,2600,82.000,600,81.990,2100,82.240,800,82.400,5500,82.490,2300,82.500,300,82.520,2019-09-10,09:42:58,00,";
var hq_str_sh603259="药明康德,82.440,82.110,82.340,82.990,81.310,82.300,82.350,938316,76908343.000,100,82.300,1000,82.290,4500,82.250,2300,82.200,100,82.190,3000,82.350,2400,82.360,3200,82.380,5000,82.390,7000,82.400,2019-09-10,09:44:00,00,";
var hq_str_sh603259="药明康德,82.440,82.110,82.070,82.990,81.310,82.070,82.080,973216,79777440.000,200,82.070,500,82.050,100,82.010,800,82.000,700,81.980,200,82.080,3000,82.250,1000,82.260,2400,82.270,4100,82.290,2019-09-10,09:44:57,00,";
var hq_str_sh603259="药明康德,82.440,82.110,82.120,82.990,81.310,82.100,82.120,995996,81647145.000,16820,82.100,500,82.060,200,82.040,800,82.010,1600,82.000,600,82.120,100,82.200,100,82.210,3000,82.250,1000,82.260,2019-09-10,09:45:57,00,";
var hq_str_sh603259="药明康德,82.440,82.110,82.150,82.990,81.310,82.110,82.150,1032096,84613880.000,700,82.110,16220,82.100,600,82.060,200,82.040,300,82.010,2800,82.150,1000,82.160,400,82.180,3100,82.200,2900,82.210,2019-09-10,09:46:58,00,";
var hq_str_sh603259="药明康德,82.440,82.110,81.830,82.990,81.310,81.670,81.840,1073690,88025414.000,100,81.670,4800,81.660,1300,81.650,1300,81.640,300,81.630,500,81.840,100,82.000,500,82.040,200,82.060,2380,82.100,2019-09-10,09:47:58,00,";
var hq_str_sh603259="药明康德,82.440,82.110,82.040,82.990,81.310,82.040,82.100,1079267,88482495.000,400,82.040,5900,81.990,100,81.950,200,81.900,400,81.890,2780,82.100,300,82.110,11200,82.120,10200,82.150,200,82.190,2019-09-10,09:48:57,00,";
var hq_str_sh603259="药明康德,82.440,82.110,82.120,82.990,81.310,82.110,82.120,1097087,89945604.000,400,82.110,300,82.100,400,82.090,400,82.080,100,82.050,6500,82.120,10200,82.150,200,82.190,2500,82.200,2900,82.210,2019-09-10,09:49:58,00,";
var hq_str_sh603259="药明康德,82.440,82.110,82.040,82.990,81.310,82.010,82.040,1107087,90766411.000,1300,82.010,1000,82.000,5500,81.990,100,81.950,200,81.900,400,82.040,300,82.050,4900,82.080,2000,82.100,1400,82.110,2019-09-10,09:50:58,00,";
var hq_str_sh603259="药明康德,82.440,82.110,82.020,82.990,81.310,82.020,82.050,1126987,92398482.000,200,82.020,11300,82.010,20300,82.000,5500,81.990,100,81.950,400,82.050,4900,82.080,1800,82.100,600,82.110,1900,82.120,2019-09-10,09:51:58,00,";
var hq_str_sh603259="药明康德,82.440,82.110,82.050,82.990,81.310,82.020,82.030,1142687,93686233.000,2000,82.020,6300,82.010,20400,82.000,5500,81.990,100,81.950,400,82.030,1200,82.050,400,82.060,400,82.070,5400,82.080,2019-09-10,09:52:58,00,";
var hq_str_sh603259="药明康德,82.440,82.110,82.300,82.990,81.310,82.260,82.300,1216487,99748351.000,10000,82.260,1700,82.180,1200,82.100,200,82.080,2200,82.060,3000,82.300,500,82.310,1900,82.320,500,82.340,3600,82.350,2019-09-10,09:53:58,00,";
var hq_str_sh603259="药明康德,82.440,82.110,82.260,82.990,81.310,82.260,82.270,1288687,105691851.000,4900,82.260,200,82.130,1200,82.110,100,82.080,1000,82.070,1000,82.270,1500,82.280,1300,82.290,8700,82.300,6960,82.310,2019-09-10,09:54:58,00,";
var hq_str_sh603259="药明康德,82.440,82.110,82.250,82.990,81.310,82.220,82.250,1355787,111209312.000,500,82.220,500,82.210,500,82.150,1200,82.140,2700,82.130,1600,82.250,700,82.270,1500,82.290,2600,82.300,3660,82.310,2019-09-10,09:55:57,00,";
var hq_str_sh603259="药明康德,82.440,82.110,82.310,82.990,81.310,82.360,82.390,1404747,115234902.000,1000,82.360,1140,82.310,1700,82.300,900,82.280,100,82.240,100,82.390,9700,82.400,1000,82.420,100,82.460,1300,82.480,2019-09-10,09:56:58,00,";
var hq_str_sh603259="药明康德,82.440,82.110,82.430,82.990,81.310,82.400,82.430,1463447,120069535.000,600,82.400,2300,82.390,500,82.380,300,82.360,600,82.350,2600,82.430,840,82.460,200,82.470,4078,82.480,5400,82.490,2019-09-10,09:57:57,00,";
var hq_str_sh603259="药明康德,82.440,82.110,82.470,82.990,81.310,82.470,82.480,1517747,124546210.000,100,82.470,800,82.460,2700,82.450,200,82.440,3600,82.430,900,82.480,6000,82.490,3700,82.500,900,82.540,900,82.550,2019-09-10,09:58:58,00,";
var hq_str_sh603259="药明康德,82.440,82.110,82.430,82.990,81.310,82.420,82.430,1562447,128232636.000,100,82.420,500,82.410,6100,82.400,200,82.390,500,82.380,100,82.430,500,82.440,2100,82.460,700,82.470,1600,82.480,2019-09-10,09:59:58,00,";
var hq_str_sh603259="药明康德,82.440,82.110,82.310,82.990,81.310,82.310,82.340,1583087,129932875.000,300,82.310,400,82.300,100,82.290,600,82.280,100,82.240,3100,82.340,272,82.350,400,82.360,200,82.380,300,82.390,2019-09-10,10:00:57,00,";
var hq_str_sh603259="药明康德,82.440,82.110,82.280,82.990,81.310,82.280,82.290,1598087,131167049.000,500,82.280,900,82.270,600,82.260,100,82.250,300,82.220,500,82.290,2758,82.300,300,82.310,10200,82.320,1000,82.330,2019-09-10,10:01:58,00,";
var hq_str_sh603259="药明康德,82.440,82.110,82.600,82.990,81.310,82.520,82.600,1678385,137782761.000,1100,82.520,13600,82.500,100,82.490,1700,82.480,100,82.440,1000,82.600,100,82.670,2720,82.680,700,82.690,300,82.700,2019-09-10,10:02:58,00,";
var hq_str_sh603259="药明康德,82.440,82.110,82.670,82.990,81.310,82.650,82.670,1757385,144306975.000,4900,82.650,400,82.600,100,82.590,200,82.570,400,82.560,200,82.670,2320,82.680,900,82.690,400,82.700,100,82.750,2019-09-10,10:03:58,00,";
var hq_str_sh603259="药明康德,82.440,82.110,82.580,82.990,81.310,82.570,82.580,1802185,148007858.000,5100,82.570,1500,82.530,5900,82.520,7900,82.500,300,82.490,100,82.580,300,82.590,700,82.620,300,82.630,4400,82.640,2019-09-10,10:04:58,00,";
var hq_str_sh603259="药明康德,82.440,82.110,82.650,82.990,81.310,82.620,82.630,1885225,154867645.000,1500,82.620,7300,82.610,11000,82.600,2200,82.590,3100,82.580,100,82.630,200,82.640,1100,82.660,2500,82.670,2120,82.680,2019-09-10,10:05:57,00,";
var hq_str_sh603259="药明康德,82.440,82.110,83.020,83.020,81.310,83.010,83.020,2011445,165315360.000,100,83.010,4000,83.000,600,82.980,18100,82.900,900,82.880,100,83.020,100,83.030,1000,83.040,200,83.050,200,83.060,2019-09-10,10:06:57,00,";
var hq_str_sh603259="药明康德,82.440,82.110,82.900,83.080,81.310,82.880,82.900,2143445,176267959.000,1200,82.880,300,82.860,4000,82.800,200,82.750,100,82.710,300,82.900,2100,82.910,700,82.920,300,82.930,3100,82.950,2019-09-10,10:07:58,00,";
var hq_str_sh603259="药明康德,82.440,82.110,82.840,83.080,81.310,82.830,82.840,2210505,181821687.000,1000,82.830,100,82.820,9400,82.810,3200,82.800,400,82.790,3620,82.840,700,82.850,900,82.880,800,82.900,100,82.910,2019-09-10,10:08:57,00,";
var hq_str_sh603259="药明康德,82.440,82.110,82.820,83.080,81.310,82.820,82.840,2281345,187689098.000,2180,82.820,4080,82.810,100,82.800,900,82.790,1100,82.780,600,82.840,1500,82.920,300,82.930,4700,82.950,4400,82.960,2019-09-10,10:09:58,00,";
var hq_str_sh603259="药明康德,82.440,82.110,82.820,83.080,81.310,82.800,82.820,2318445,190761505.000,380,82.800,100,82.790,1700,82.780,2440,82.770,1200,82.750,100,82.820,1400,82.830,300,82.840,100,82.900,1800,82.910,2019-09-10,10:10:57,00,";
var hq_str_sh603259="药明康德,82.440,82.110,82.830,83.080,81.310,82.820,82.830,2348685,193265961.000,9360,82.820,1300,82.810,600,82.800,800,82.790,1300,82.780,2300,82.830,900,82.850,100,82.860,500,82.890,1900,82.900,2019-09-10,10:11:57,00,";
var hq_str_sh603259="药明康德,82.440,82.110,82.970,83.080,81.310,82.950,82.970,2409905,198339718.000,3260,82.950,100,82.930,100,82.900,900,82.890,200,82.880,1100,82.970,3228,82.980,4600,82.990,28232,83.000,5720,83.010,2019-09-10,10:12:58,00,";
var hq_str_sh603259="药明康德,82.440,82.110,83.050,83.080,81.310,83.020,83.050,2557910,210622788.000,600,83.020,2300,83.010,20640,83.000,600,82.990,300,82.980,900,83.050,2120,83.080,6700,83.090,3500,83.100,200,83.110,2019-09-10,10:13:58,00,";
var hq_str_sh603259="药明康德,82.440,82.110,83.050,83.080,81.310,83.050,83.070,2655690,218741215.000,1800,83.050,1700,83.040,1600,83.030,20320,83.020,3800,83.010,400,83.070,2120,83.080,7400,83.090,3100,83.100,200,83.110,2019-09-10,10:14:58,00,";
var hq_str_sh603259="药明康德,82.440,82.110,82.900,83.080,81.310,82.920,82.950,2732385,225106661.000,100,82.920,100,82.900,480,82.890,1200,82.880,1000,82.870,700,82.950,100,82.960,345,82.970,3900,82.990,1000,83.000,2019-09-10,10:15:58,00,";
var hq_str_sh603259="药明康德,82.440,82.110,82.930,83.080,81.310,82.930,82.940,2773425,228509321.000,2060,82.930,13980,82.920,800,82.900,100,82.890,1200,82.880,400,82.940,3500,82.950,845,82.970,3500,82.990,1800,83.000,2019-09-10,10:16:57,00,";
var hq_str_sh603259="药明康德,82.440,82.110,82.920,83.080,81.310,82.870,82.920,2829065,233123072.000,2100,82.870,5900,82.860,3100,82.850,13480,82.820,500,82.810,17120,82.920,1440,82.930,100,82.950,545,82.970,600,82.980,2019-09-10,10:17:58,00,";
var hq_str_sh603259="药明康德,82.440,82.110,82.950,83.080,81.310,82.950,82.970,2888806,238076324.000,200,82.950,5900,82.940,2415,82.930,10201,82.920,100,82.900,1100,82.970,1300,82.980,3600,82.990,6800,83.000,300,83.020,2019-09-10,10:18:58,00,";
var hq_str_sh603259="药明康德,82.440,82.110,83.130,83.130,81.310,83.150,83.160,2980303,245673836.000,100,83.150,600,83.130,100,83.110,12900,83.100,700,83.090,420,83.160,400,83.170,1400,83.180,1000,83.190,1800,83.200,2019-09-10,10:19:58,00,";
var hq_str_sh603259="药明康德,82.440,82.110,83.330,83.350,81.310,83.300,83.330,3114603,256847990.000,38620,83.300,200,83.290,7400,83.210,27200,83.200,2600,83.190,400,83.330,100,83.340,300,83.350,1100,83.360,1800,83.380,2019-09-10,10:20:57,00,";
var hq_str_sh603259="药明康德,82.440,82.110,83.380,83.500,81.310,83.380,83.390,3295163,271904932.000,100,83.380,100,83.350,400,83.330,100,83.320,500,83.300,4000,83.390,16170,83.400,12000,83.430,600,83.440,5400,83.450,2019-09-10,10:21:58,00,";
var hq_str_sh603259="药明康德,82.440,82.110,83.430,83.500,81.310,83.430,83.440,3579963,295656851.000,4900,83.430,6900,83.420,300,83.410,12200,83.400,800,83.390,17656,83.440,1900,83.450,300,83.470,26360,83.500,500,83.510,2019-09-10,10:22:58,00,";
var hq_str_sh603259="药明康德,82.440,82.110,83.200,83.500,81.310,83.180,83.200,3753563,310129273.000,1600,83.180,400,83.170,200,83.160,200,83.150,3600,83.130,500,83.200,600,83.300,700,83.380,10000,83.390,8700,83.400,2019-09-10,10:23:58,00,";
var hq_str_sh603259="药明康德,82.440,82.110,83.150,83.500,81.310,83.130,83.140,3875663,320292419.000,3600,83.130,200,83.110,200,83.100,300,83.080,500,83.050,1400,83.140,100,83.160,100,83.290,500,83.330,1000,83.350,2019-09-10,10:24:58,00,";
var hq_str_sh603259="药明康德,82.440,82.110,82.970,83.500,81.310,82.970,82.980,3989463,329747234.000,2000,82.970,2200,82.960,7300,82.950,5000,82.940,1015,82.930,200,82.980,2300,83.180,800,83.190,20800,83.260,2800,83.270,2019-09-10,10:25:57,00,";
var hq_str_sh603259="药明康德,82.440,82.110,82.970,83.500,81.310,82.960,82.970,4099763,338903495.000,1700,82.960,9300,82.950,5000,82.940,1015,82.930,2000,82.900,1200,82.970,2900,83.090,1700,83.100,1280,83.190,1100,83.230,2019-09-10,10:26:58,00,";
var hq_str_sh603259="药明康德,82.440,82.110,82.610,83.500,81.310,82.600,82.610,4231421,349809289.000,2800,82.600,100,82.590,300,82.550,800,82.530,300,82.520,1300,82.610,700,82.620,1000,82.640,500,82.660,2500,82.820,2019-09-10,10:27:58,00,";
var hq_str_sh603259="药明康德,82.440,82.110,82.720,83.500,81.310,82.720,82.750,4325300,357571617.000,1600,82.720,1800,82.700,1200,82.690,2600,82.680,1100,82.670,200,82.750,1000,82.780,100,82.790,3600,82.800,4400,82.830,2019-09-10,10:28:57,00,";
var hq_str_sh603259="药明康德,82.440,82.110,82.590,83.500,81.310,82.580,82.590,4420100,365411627.000,3200,82.580,10000,82.550,1000,82.530,300,82.520,1400,82.510,4700,82.590,3300,82.600,1500,82.610,700,82.620,800,82.640,2019-09-10,10:29:57,00,";
var hq_str_sh603259="药明康德,82.440,82.110,82.510,83.500,81.310,82.420,82.510,4492200,371361043.000,100,82.420,300,82.410,500,82.400,100,82.390,1800,82.380,80,82.510,3000,82.520,300,82.530,20400,82.550,300,82.560,2019-09-10,10:30:58,00,";
var hq_str_sh603259="药明康德,82.440,82.110,82.370,83.500,81.310,82.360,82.370,4570202,377788629.000,1800,82.360,400,82.330,7000,82.300,300,82.260,100,82.200,400,82.370,1200,82.400,2400,82.430,1000,82.440,5800,82.450,2019-09-10,10:31:57,00,";
var hq_str_sh603259="药明康德,82.440,82.110,82.360,83.500,81.310,82.350,82.390,4634402,383080844.000,4000,82.350,3300,82.330,600,82.310,8600,82.300,300,82.260,1528,82.390,300,82.400,100,82.430,500,82.450,1580,82.480,2019-09-10,10:32:58,00,";
var hq_str_sh603259="药明康德,82.440,82.110,82.420,83.500,81.310,82.420,82.460,4705430,388930716.000,200,82.420,100,82.410,300,82.310,8872,82.300,200,82.290,580,82.460,3700,82.470,1500,82.480,2500,82.490,23700,82.500,2019-09-10,10:33:57,00,";
var hq_str_sh603259="药明康德,82.440,82.110,82.210,83.500,81.310,82.180,82.210,4751902,392755492.000,200,82.180,1000,82.160,700,82.150,2100,82.140,9200,82.130,700,82.210,700,82.220,3228,82.300,500,82.310,1100,82.450,2019-09-10,10:34:57,00,";
var hq_str_sh603259="药明康德,82.440,82.110,82.290,83.500,81.310,82.290,82.300,4789642,395857541.000,7400,82.290,2100,82.280,100,82.260,4700,82.220,900,82.210,2128,82.300,800,82.420,1100,82.450,3700,82.470,1500,82.480,2019-09-10,10:35:57,00,";
var hq_str_sh603259="药明康德,82.440,82.110,82.150,83.500,81.310,82.140,82.150,4844242,400346598.000,200,82.140,4100,82.130,3300,82.120,3900,82.110,20200,82.100,700,82.150,100,82.160,200,82.170,500,82.180,1200,82.190,2019-09-10,10:36:57,00,";
var hq_str_sh603259="药明康德,82.440,82.110,82.020,83.500,81.310,82.010,82.020,4924884,406965547.000,100,82.010,8458,82.000,600,81.990,300,81.970,100,81.930,400,82.020,1800,82.030,9700,82.080,1600,82.090,200,82.100,2019-09-10,10:37:58,00,";
var hq_str_sh603259="药明康德,82.440,82.110,82.110,83.500,81.310,82.100,82.110,4969984,410664821.000,1000,82.100,1300,82.090,200,82.060,100,82.040,900,82.030,100,82.110,3800,82.120,1200,82.190,500,82.200,300,82.220,2019-09-10,10:38:57,00,";
var hq_str_sh603259="药明康德,82.440,82.110,82.140,83.500,81.310,82.140,82.190,5010572,413999053.000,912,82.140,24200,82.130,17400,82.120,700,82.110,200,82.100,600,82.190,5900,82.200,300,82.220,2928,82.280,300,82.450,2019-09-10,10:39:57,00,";
var hq_str_sh603259="药明康德,82.440,82.110,81.990,83.500,81.310,81.970,81.990,5136942,424374208.000,300,81.970,100,81.950,100,81.930,8000,81.920,500,81.910,400,81.990,10242,82.000,3400,82.010,200,82.020,800,82.030,2019-09-10,10:40:57,00,";
var hq_str_sh603259="药明康德,82.440,82.110,81.910,83.500,81.310,81.900,81.920,5170142,427094240.000,1600,81.900,1900,81.880,1700,81.870,300,81.860,100,81.850,3200,81.920,10980,81.940,10042,82.000,2600,82.010,500,82.030,2019-09-10,10:41:57,00,";
var hq_str_sh603259="药明康德,82.440,82.110,81.940,83.500,81.310,81.910,81.920,5198542,429420582.000,2500,81.910,10100,81.900,100,81.890,2900,81.880,1700,81.870,1200,81.920,7080,81.940,10042,82.000,500,82.030,100,82.110,2019-09-10,10:42:57,00,";
var hq_str_sh603259="药明康德,82.440,82.110,81.970,83.500,81.310,81.960,81.970,5276622,435822222.000,2400,81.960,300,81.950,1100,81.940,700,81.930,1700,81.920,1600,81.970,8242,82.000,500,82.010,6300,82.120,1400,82.140,2019-09-10,10:43:57,00,";
var hq_str_sh603259="药明康德,82.440,82.110,82.000,83.500,81.310,81.920,81.930,5318122,439223926.000,1500,81.920,2100,81.910,19500,81.900,2900,81.880,2200,81.870,1100,81.930,300,81.940,20322,82.000,100,82.100,1800,82.110,2019-09-10,10:44:57,00,";
var hq_str_sh603259="药明康德,82.440,82.110,81.900,83.500,81.310,81.900,81.960,5345422,441461291.000,18300,81.900,2800,81.880,2200,81.870,300,81.860,10500,81.850,2100,81.960,1000,81.970,1900,81.990,13522,82.000,20100,82.100,2019-09-10,10:45:57,00,";
var hq_str_sh603259="药明康德,82.440,82.110,81.940,83.500,81.310,81.940,81.960,5411822,446901360.000,1100,81.940,3900,81.930,800,81.900,2500,81.880,2200,81.870,800,81.960,10800,81.980,1700,81.990,13122,82.000,100,82.100,2019-09-10,10:46:57,00,";
var hq_str_sh603259="药明康德,82.440,82.110,82.010,83.500,81.310,82.000,82.010,5466346,451370161.000,29076,82.000,100,81.980,6800,81.930,5500,81.900,300,81.890,200,82.010,500,82.030,2900,82.100,300,82.110,26300,82.120,2019-09-10,10:47:57,00,";
var hq_str_sh603259="药明康德,82.440,82.110,81.940,83.500,81.310,81.930,81.940,5534222,456936074.000,7100,81.930,7000,81.900,2400,81.890,4900,81.880,2200,81.870,200,81.940,500,81.960,800,81.990,3925,82.000,2600,82.010,2019-09-10,10:48:57,00,";
var hq_str_sh603259="药明康德,82.440,82.110,82.000,83.500,81.310,81.990,82.000,5543722,457714912.000,9700,81.990,400,81.980,2400,81.960,5200,81.940,7500,81.930,30825,82.000,2600,82.010,20000,82.050,100,82.100,300,82.110,2019-09-10,10:49:57,00,";
var hq_str_sh603259="药明康德,82.440,82.110,81.980,83.500,81.310,81.960,81.980,5621622,464102809.000,2500,81.960,1900,81.950,5100,81.940,7500,81.930,100,81.910,500,81.980,100,81.990,600,82.020,9025,82.030,100,82.100,2019-09-10,10:50:57,00,";
var hq_str_sh603259="药明康德,82.440,82.110,81.940,83.500,81.310,81.940,81.950,5679122,468817428.000,4200,81.940,7700,81.930,100,81.910,15600,81.900,4800,81.890,400,81.950,200,81.960,2200,81.980,1200,81.990,2800,82.000,2019-09-10,10:51:57,00,";
var hq_str_sh603259="药明康德,82.440,82.110,82.070,83.500,81.310,82.070,82.100,5722847,472403776.000,2400,82.070,3400,82.060,200,82.020,7175,82.010,4400,82.000,1500,82.100,300,82.110,200,82.120,1400,82.140,20000,82.150,2019-09-10,10:52:57,00,";
var hq_str_sh603259="药明康德,82.440,82.110,82.050,83.500,81.310,82.050,82.070,5763147,475711044.000,600,82.050,2300,82.020,4775,82.010,11400,82.000,2300,81.980,1011,82.070,500,82.080,10000,82.090,700,82.100,1100,82.130,2019-09-10,10:53:57,00,";
var hq_str_sh603259="药明康德,82.440,82.110,82.100,83.500,81.310,82.080,82.090,5816947,480127515.000,16100,82.080,1300,82.020,11375,82.010,11700,82.000,2300,81.980,400,82.090,12211,82.100,800,82.130,1400,82.140,20000,82.150,2019-09-10,10:54:57,00,";
var hq_str_sh603259="药明康德,82.440,82.110,82.130,83.500,81.310,82.130,82.140,5899958,486942502.000,21500,82.130,300,82.110,7689,82.100,800,82.080,200,82.070,700,82.140,700,82.150,1300,82.160,800,82.190,200,82.260,2019-09-10,10:55:57,00,";
var hq_str_sh603259="药明康德,82.440,82.110,82.200,83.500,81.310,82.190,82.200,5961530,492000506.000,7700,82.190,5580,82.160,2000,82.140,48,82.120,300,82.110,3800,82.200,2928,82.280,300,82.390,2000,82.400,200,82.430,2019-09-10,10:56:57,00,";
var hq_str_sh603259="药明康德,82.440,82.110,82.310,83.500,81.310,82.300,82.310,6034990,498047307.000,6100,82.300,26640,82.290,800,82.280,3000,82.270,300,82.260,1300,82.310,1500,82.330,100,82.420,600,82.430,23500,82.440,2019-09-10,10:57:57,00,";
var hq_str_sh603259="药明康德,82.440,82.110,82.300,83.500,81.310,82.290,82.300,6118290,504901858.000,5940,82.290,1700,82.270,1600,82.200,5080,82.160,400,82.140,800,82.300,500,82.310,300,82.380,4000,82.390,1000,82.400,2019-09-10,10:58:57,00,";
var hq_str_sh603259="药明康德,82.440,82.110,82.390,83.500,81.310,82.390,82.400,6177165,509748941.000,400,82.390,100,82.350,2300,82.330,10100,82.310,11230,82.300,1000,82.400,1300,82.420,2100,82.430,23500,82.440,113900,82.450,2019-09-10,10:59:57,00,";
var hq_str_sh603259="药明康德,82.440,82.110,82.350,83.500,81.310,82.300,82.340,6227165,513865586.000,900,82.300,500,82.290,1700,82.270,100,82.250,100,82.200,400,82.340,1283,82.350,1700,82.360,1100,82.370,1600,82.390,2019-09-10,11:00:57,00,";
var hq_str_sh603259="药明康德,82.440,82.110,82.210,83.500,81.310,82.210,82.260,6285065,518624126.000,9217,82.210,1900,82.120,1800,82.110,500,82.050,900,82.040,1700,82.260,800,82.270,100,82.280,700,82.290,300,82.310,2019-09-10,11:01:57,00,";
var hq_str_sh603259="药明康德,82.440,82.110,82.350,83.500,81.310,82.350,82.400,6333365,522599024.000,9900,82.350,16900,82.330,500,82.310,5500,82.300,1600,82.290,500,82.400,1200,82.420,1600,82.430,23000,82.440,108900,82.450,2019-09-10,11:02:57,00,";
var hq_str_sh603259="药明康德,82.440,82.110,82.410,83.500,81.310,82.410,82.440,6403588,528385135.000,5900,82.410,14360,82.400,1417,82.380,200,82.350,100,82.340,24000,82.440,32200,82.450,300,82.470,400,82.490,43600,82.500,2019-09-10,11:03:57,00,";
var hq_str_sh603259="药明康德,82.440,82.110,82.340,83.500,81.310,82.340,82.360,6472065,534026961.000,200,82.340,9900,82.330,400,82.310,200,82.300,300,82.290,1100,82.360,200,82.370,2000,82.390,20740,82.400,47700,82.440,2019-09-10,11:04:57,00,";
var hq_str_sh603259="药明康德,82.440,82.110,82.300,83.500,81.310,82.300,82.310,6556365,540965713.000,6800,82.300,100,82.280,2500,82.250,7017,82.210,300,82.200,1400,82.310,13603,82.330,1000,82.360,1200,82.380,2900,82.390,2019-09-10,11:05:57,00,";
var hq_str_sh603259="药明康德,82.440,82.110,82.270,83.500,81.310,82.250,82.270,6607468,545168949.000,997,82.250,1200,82.220,3417,82.210,2300,82.200,100,82.150,1500,82.270,700,82.290,5500,82.300,40,82.310,1500,82.330,2019-09-10,11:06:57,00,";
var hq_str_sh603259="药明康德,82.440,82.110,82.210,83.500,81.310,82.200,82.250,6670882,550384269.000,2500,82.200,100,82.150,2000,82.110,7000,82.100,2000,82.080,1500,82.250,1400,82.260,700,82.290,4200,82.300,940,82.310,2019-09-10,11:07:57,00,";
var hq_str_sh603259="药明康德,82.440,82.110,82.200,83.500,81.310,82.190,82.200,6734202,555590351.000,3280,82.190,2000,82.110,7000,82.100,2000,82.080,500,82.050,23100,82.200,200,82.250,700,82.290,4200,82.300,940,82.310,2019-09-10,11:08:54,00,";
var hq_str_sh603259="药明康德,82.440,82.110,82.100,83.500,81.310,82.100,82.120,6773782,558841058.000,2800,82.100,2000,82.080,100,82.070,500,82.050,900,82.040,600,82.120,700,82.130,100,82.150,1400,82.180,500,82.190,2019-09-10,11:09:57,00,";
var hq_str_sh603259="药明康德,82.440,82.110,82.090,83.500,81.310,82.080,82.090,6797382,560778408.000,200,82.080,15300,82.070,20000,82.050,900,82.040,1500,82.030,13300,82.090,900,82.100,1300,82.180,500,82.190,4300,82.300,2019-09-10,11:10:57,00,";
var hq_str_sh603259="药明康德,82.440,82.110,82.130,83.500,81.310,82.130,82.150,6877982,567396741.000,1200,82.130,9800,82.120,400,82.090,2600,82.080,5100,82.070,700,82.150,500,82.160,1600,82.180,500,82.190,4800,82.300,2019-09-10,11:11:57,00,";
var hq_str_sh603259="药明康德,82.440,82.110,82.150,83.500,81.310,82.100,82.170,6947858,573135917.000,600,82.100,1524,82.080,5200,82.070,900,82.060,20000,82.050,500,82.170,200,82.180,500,82.190,4800,82.300,940,82.310,2019-09-10,11:12:57,00,";
var hq_str_sh603259="药明康德,82.440,82.110,82.140,83.500,81.310,82.110,82.140,6977178,575544455.000,9900,82.110,10304,82.080,5200,82.070,1700,82.060,22500,82.050,19900,82.140,5000,82.150,500,82.190,20000,82.200,4800,82.300,2019-09-10,11:13:57,00,";
var hq_str_sh603259="药明康德,82.440,82.110,82.150,83.500,81.310,82.140,82.150,7019568,579025798.000,7800,82.140,4010,82.130,600,82.120,1600,82.110,2000,82.100,3200,82.150,20000,82.180,500,82.190,4800,82.300,900,82.310,2019-09-10,11:14:57,00,";
var hq_str_sh603259="药明康德,82.440,82.110,82.300,83.500,81.310,82.190,82.290,7068308,583030674.000,6960,82.190,200,82.150,100,82.140,4010,82.130,100,82.120,200,82.290,24600,82.300,900,82.310,200,82.330,2900,82.390,2019-09-10,11:15:57,00,";
var hq_str_sh603259="药明康德,82.440,82.110,82.280,83.500,81.310,82.180,82.210,7127008,587853479.000,10100,82.180,700,82.150,200,82.100,1100,82.090,3000,82.080,900,82.210,1400,82.260,12500,82.280,3100,82.300,900,82.310,2019-09-10,11:16:57,00,";
var hq_str_sh603259="药明康德,82.440,82.110,82.300,83.500,81.310,82.300,82.310,7179808,592196983.000,500,82.300,7300,82.290,2000,82.260,100,82.240,100,82.210,400,82.310,3500,82.330,2000,82.390,100,82.400,100,82.430,2019-09-10,11:17:57,00,";
var hq_str_sh603259="药明康德,82.440,82.110,82.320,83.500,81.310,82.320,82.350,7208468,594555949.000,9540,82.320,800,82.290,1700,82.260,100,82.240,400,82.210,9300,82.350,600,82.380,2000,82.390,100,82.400,2500,82.430,2019-09-10,11:18:57,00,";
var hq_str_sh603259="药明康德,82.440,82.110,82.410,83.500,81.310,82.400,82.410,7252296,598167320.000,12800,82.400,400,82.380,2600,82.360,772,82.330,7340,82.320,800,82.410,400,82.420,900,82.430,18700,82.440,300,82.470,2019-09-10,11:19:57,00,";
var hq_str_sh603259="药明康德,82.440,82.110,82.440,83.500,81.310,82.330,82.440,7319996,603746301.000,72,82.330,4600,82.320,1700,82.260,100,82.240,300,82.210,1500,82.440,300,82.470,300,82.480,10500,82.490,25700,82.500,2019-09-10,11:20:57,00,";
var hq_str_sh603259="药明康德,82.440,82.110,82.380,83.500,81.310,82.340,82.380,7339896,605385065.000,500,82.340,16872,82.330,3700,82.320,1700,82.260,100,82.240,300,82.380,12300,82.430,1500,82.440,100,82.460,500,82.470,2019-09-10,11:21:57,00,";
var hq_str_sh603259="药明康德,82.440,82.110,82.420,83.500,81.310,82.410,82.420,7360996,607123866.000,1000,82.410,200,82.400,200,82.340,16872,82.330,3600,82.320,1500,82.420,4700,82.430,1500,82.440,100,82.460,500,82.470,2019-09-10,11:22:57,00,";
var hq_str_sh603259="药明康德,82.440,82.110,82.400,83.500,81.310,82.340,82.400,7388496,609390760.000,200,82.340,16872,82.330,3600,82.320,1700,82.260,100,82.240,300,82.400,7300,82.420,14400,82.440,1900,82.460,500,82.470,2019-09-10,11:23:57,00,";
var hq_str_sh603259="药明康德,82.440,82.110,82.330,83.500,81.310,82.330,82.350,7410696,611218620.000,872,82.330,3600,82.320,1700,82.260,100,82.240,200,82.210,30000,82.350,7300,82.420,14400,82.440,30000,82.450,100,82.460,2019-09-10,11:24:57,00,";
var hq_str_sh603259="药明康德,82.440,82.110,82.280,83.500,81.310,82.260,82.280,7431068,612895722.000,1800,82.260,200,82.240,200,82.210,900,82.160,20000,82.150,23428,82.280,500,82.300,6000,82.320,10400,82.420,14400,82.440,2019-09-10,11:25:57,00,";
var hq_str_sh603259="药明康德,82.440,82.110,82.150,83.500,81.310,82.150,82.160,7505268,619000826.000,18900,82.150,1300,82.090,2500,82.080,200,82.070,3600,82.060,900,82.160,900,82.180,600,82.200,700,82.210,500,82.220,2019-09-10,11:26:57,00,";
var hq_str_sh603259="药明康德,82.440,82.110,82.170,83.500,81.310,82.160,82.170,7532796,621262365.000,2172,82.160,2300,82.150,1300,82.090,1800,82.080,1300,82.070,30600,82.170,500,82.200,3800,82.230,1100,82.290,10000,82.300,2019-09-10,11:27:58,00,";
var hq_str_sh603259="药明康德,82.440,82.110,82.150,83.500,81.310,82.090,82.150,7558668,623387986.000,1500,82.090,1800,82.080,1300,82.070,5000,82.060,20200,82.050,20328,82.150,2900,82.230,700,82.250,1100,82.290,10000,82.300,2019-09-10,11:28:57,00,";
var hq_str_sh603259="药明康德,82.440,82.110,82.080,83.500,81.310,82.060,82.080,7588268,625818064.000,5000,82.060,200,82.050,500,82.040,1500,82.030,1200,82.020,648,82.080,700,82.090,928,82.100,10000,82.150,2900,82.230,2019-09-10,11:29:57,00,";
var hq_str_sh603259="药明康德,82.440,82.110,82.080,83.500,81.310,82.060,82.080,7588268,625818064.000,5000,82.060,200,82.050,500,82.040,1500,82.030,1200,82.020,648,82.080,700,82.090,10000,82.150,2900,82.230,5700,82.250,2019-09-10,11:30:00,00,";
var hq_str_sh603259="药明康德,82.440,82.110,82.090,83.500,81.310,82.090,82.100,7605616,627242153.000,5800,82.090,3200,82.080,1000,82.070,5300,82.060,400,82.050,100,82.100,100,82.140,2380,82.160,4100,82.230,5700,82.250,2019-09-10,13:00:55,00,";
var hq_str_sh603259="药明康德,82.440,82.110,82.110,83.500,81.310,82.100,82.110,7610116,627611575.000,2000,82.100,3000,82.090,2900,82.080,500,82.070,5300,82.060,4800,82.110,3100,82.120,4700,82.130,100,82.140,2380,82.160,2019-09-10,13:01:58,00,";
var hq_str_sh603259="药明康德,82.440,82.110,82.100,83.500,81.310,82.100,82.110,7617311,628202271.000,500,82.100,500,82.090,3800,82.080,400,82.070,5300,82.060,10600,82.110,100,82.120,1700,82.130,100,82.140,2380,82.160,2019-09-10,13:02:55,00,";
var hq_str_sh603259="药明康德,82.440,82.110,82.100,83.500,81.310,82.090,82.100,7623411,628703066.000,1500,82.090,3400,82.080,400,82.070,5300,82.060,400,82.050,100,82.100,10600,82.110,100,82.120,1100,82.130,100,82.140,2019-09-10,13:03:55,00,";
var hq_str_sh603259="药明康德,82.440,82.110,82.110,83.500,81.310,82.100,82.120,7642611,630279468.000,1800,82.100,2900,82.080,900,82.070,5100,82.060,400,82.050,700,82.120,1100,82.130,100,82.140,2380,82.160,1200,82.230,2019-09-10,13:04:58,00,";
var hq_str_sh603259="药明康德,82.440,82.110,82.070,83.500,81.310,82.050,82.060,7656711,631436746.000,400,82.050,700,82.040,2000,82.030,1300,82.020,1100,82.010,100,82.060,61,82.070,4000,82.080,300,82.100,10000,82.110,2019-09-10,13:05:58,00,";
var hq_str_sh603259="药明康德,82.440,82.110,82.030,83.500,81.310,82.030,82.040,7677711,633159255.000,3500,82.030,300,82.020,10000,82.010,16900,82.000,200,81.990,800,82.040,3300,82.050,3300,82.060,400,82.070,2100,82.080,2019-09-10,13:06:58,00,";
var hq_str_sh603259="药明康德,82.440,82.110,82.050,83.500,81.310,82.020,82.050,7692411,634365217.000,800,82.020,10000,82.010,17700,82.000,200,81.990,3000,81.980,400,82.050,2900,82.060,400,82.070,2100,82.080,300,82.100,2019-09-10,13:07:58,00,";
var hq_str_sh603259="药明康德,82.440,82.110,82.060,83.500,81.310,82.050,82.060,7715011,636219714.000,4200,82.050,5900,82.040,100,82.030,2000,82.020,7000,82.010,600,82.060,1600,82.070,1100,82.080,300,82.100,700,82.120,2019-09-10,13:08:58,00,";
var hq_str_sh603259="药明康德,82.440,82.110,82.080,83.500,81.310,82.080,82.090,7730511,637492098.000,300,82.080,2400,82.070,1800,82.060,4500,82.050,5900,82.040,7200,82.090,2146,82.100,800,82.130,100,82.140,100,82.150,2019-09-10,13:09:58,00,";
var hq_str_sh603259="药明康德,82.440,82.110,82.070,83.500,81.310,82.070,82.080,7750511,639133476.000,600,82.070,2400,82.060,3100,82.050,5900,82.040,300,82.030,100,82.080,2300,82.090,2046,82.100,800,82.130,100,82.140,2019-09-10,13:10:58,00,";
var hq_str_sh603259="药明康德,82.440,82.110,82.070,83.500,81.310,82.060,82.070,7760711,639970602.000,900,82.060,3000,82.050,5900,82.040,400,82.030,2800,82.020,1000,82.070,500,82.080,100,82.090,1146,82.100,800,82.130,2019-09-10,13:11:58,00,";
var hq_str_sh603259="药明康德,82.440,82.110,82.070,83.500,81.310,82.060,82.070,7776611,641275396.000,500,82.060,6000,82.050,5900,82.040,400,82.030,2800,82.020,7500,82.070,1146,82.100,800,82.130,100,82.140,100,82.150,2019-09-10,13:12:55,00,";
var hq_str_sh603259="药明康德,82.440,82.110,82.080,83.500,81.310,82.080,82.090,7787688,642184465.000,2700,82.080,3400,82.060,4623,82.050,5900,82.040,400,82.030,4800,82.090,946,82.100,800,82.130,200,82.140,2380,82.160,2019-09-10,13:13:58,00,";
var hq_str_sh603259="药明康德,82.440,82.110,82.090,83.500,81.310,82.060,82.090,7805928,643681422.000,2900,82.060,1283,82.050,5900,82.040,400,82.030,3000,82.020,1300,82.090,1446,82.100,800,82.130,300,82.140,2380,82.160,2019-09-10,13:14:55,00,";
var hq_str_sh603259="药明康德,82.440,82.110,82.080,83.500,81.310,82.070,82.080,7838828,646381762.000,400,82.070,200,82.060,3383,82.050,5900,82.040,400,82.030,800,82.080,900,82.090,1446,82.100,800,82.130,300,82.140,2019-09-10,13:15:58,00,";
var hq_str_sh603259="药明康德,82.440,82.110,82.050,83.500,81.310,82.040,82.050,7849711,647274795.000,6300,82.040,700,82.030,2800,82.020,7900,82.010,14300,82.000,2117,82.050,400,82.060,900,82.070,400,82.080,900,82.090,2019-09-10,13:16:55,00,";
var hq_str_sh603259="药明康德,82.440,82.110,82.050,83.500,81.310,82.060,82.080,7867528,648736902.000,400,82.060,6083,82.050,5900,82.040,1000,82.030,4200,82.020,7800,82.080,800,82.090,246,82.100,900,82.130,200,82.140,2019-09-10,13:17:58,00,";
var hq_str_sh603259="药明康德,82.440,82.110,82.140,83.500,81.310,82.120,82.140,7908074,652068057.000,200,82.120,500,82.080,1200,82.070,2500,82.060,6083,82.050,2700,82.140,500,82.190,1400,82.200,600,82.280,120,82.290,2019-09-10,13:18:58,00,";
var hq_str_sh603259="药明康德,82.440,82.110,82.180,83.500,81.310,82.110,82.170,7922474,653250740.000,5600,82.110,2900,82.100,1700,82.090,1400,82.080,1200,82.070,100,82.170,10000,82.180,700,82.190,600,82.200,300,82.280,2019-09-10,13:19:58,00,";
var hq_str_sh603259="药明康德,82.440,82.110,82.170,83.500,81.310,82.170,82.180,7929673,653842135.000,400,82.170,100,82.160,1041,82.140,2860,82.130,2500,82.120,10000,82.180,200,82.200,300,82.280,120,82.290,200,82.360,2019-09-10,13:20:58,00,";
var hq_str_sh603259="药明康德,82.440,82.110,82.180,83.500,81.310,82.180,82.200,7950373,655543075.000,1100,82.180,100,82.150,901,82.130,2500,82.120,7000,82.110,600,82.200,100,82.220,300,82.280,120,82.290,200,82.350,2019-09-10,13:21:55,00,";
var hq_str_sh603259="药明康德,82.440,82.110,82.140,83.500,81.310,82.130,82.140,7960673,656389209.000,200,82.130,401,82.120,7000,82.110,800,82.100,200,82.090,4000,82.140,100,82.150,100,82.160,9700,82.170,2800,82.180,2019-09-10,13:22:58,00,";
var hq_str_sh603259="药明康德,82.440,82.110,82.120,83.500,81.310,82.110,82.120,7965974,656824514.000,5700,82.110,1100,82.100,200,82.090,3900,82.080,1200,82.070,4000,82.120,460,82.130,700,82.140,100,82.150,600,82.160,2019-09-10,13:23:58,00,";
var hq_str_sh603259="药明康德,82.440,82.110,82.090,83.500,81.310,82.080,82.090,7981176,658072593.000,998,82.080,1300,82.070,4300,82.060,1500,82.050,6100,82.040,200,82.090,700,82.100,4160,82.130,600,82.140,100,82.150,2019-09-10,13:24:58,00,";
var hq_str_sh603259="药明康德,82.440,82.110,82.010,83.500,81.310,82.010,82.040,8008824,660340875.000,1250,82.010,15400,82.000,1200,81.990,3000,81.980,300,81.960,3100,82.040,100,82.050,500,82.070,2702,82.090,700,82.100,2019-09-10,13:25:58,00,";
var hq_str_sh603259="药明康德,82.440,82.110,81.910,83.500,81.310,81.900,81.910,8063074,664786500.000,5700,81.900,1800,81.890,3300,81.880,700,81.870,4600,81.860,1400,81.910,4000,81.920,1100,81.930,100,81.940,500,81.950,2019-09-10,13:26:58,00,";
var hq_str_sh603259="药明康德,82.440,82.110,81.900,83.500,81.310,81.900,81.910,8074574,665728430.000,3700,81.900,4900,81.890,3800,81.880,1300,81.870,5300,81.860,2700,81.910,3400,81.920,600,81.930,500,81.950,10500,81.960,2019-09-10,13:27:58,00,";
var hq_str_sh603259="药明康德,82.440,82.110,81.900,83.500,81.310,81.900,81.920,8094974,667399215.000,3300,81.900,600,81.890,6300,81.880,1300,81.870,5100,81.860,300,81.920,600,81.930,500,81.950,10500,81.960,300,81.970,2019-09-10,13:28:58,00,";
var hq_str_sh603259="药明康德,82.440,82.110,81.910,83.500,81.310,81.910,81.920,8109274,668570386.000,3600,81.910,1200,81.900,600,81.890,5200,81.880,1300,81.870,1600,81.920,600,81.930,500,81.950,10500,81.960,300,81.970,2019-09-10,13:29:58,00,";
var hq_str_sh603259="药明康德,82.440,82.110,81.900,83.500,81.310,81.900,81.910,8131474,670388739.000,3900,81.900,1000,81.890,5000,81.880,1300,81.870,6400,81.860,700,81.910,400,81.920,700,81.930,100,81.940,100,81.960,2019-09-10,13:30:58,00,";
var hq_str_sh603259="药明康德,82.440,82.110,81.920,83.500,81.310,81.920,81.930,8141874,671240498.000,300,81.920,6200,81.900,5200,81.890,6800,81.880,2600,81.870,600,81.930,600,81.990,100,82.000,500,82.090,700,82.100,2019-09-10,13:31:55,00,";
var hq_str_sh603259="药明康德,82.440,82.110,81.990,83.500,81.310,81.940,82.090,8144474,671453593.000,300,81.940,200,81.930,700,81.920,600,81.910,8900,81.900,500,82.090,700,82.100,460,82.130,600,82.140,500,82.160,2019-09-10,13:32:55,00,";
var hq_str_sh603259="药明康德,82.440,82.110,81.920,83.500,81.310,81.920,81.940,8147774,671724073.000,400,81.920,4100,81.910,10800,81.900,5100,81.890,7300,81.880,1860,81.940,200,81.960,100,81.990,10600,82.080,300,82.090,2019-09-10,13:33:58,00,";
var hq_str_sh603259="药明康德,82.440,82.110,81.940,83.500,81.310,81.930,81.940,8152074,672076358.000,2800,81.930,5100,81.910,11300,81.900,5100,81.890,7100,81.880,1460,81.940,100,81.990,10600,82.080,300,82.090,700,82.100,2019-09-10,13:34:58,00,";
var hq_str_sh603259="药明康德,82.440,82.110,81.920,83.500,81.310,81.920,81.930,8159074,672649829.000,1600,81.920,1500,81.910,11300,81.900,5100,81.890,7000,81.880,6100,81.930,1460,81.940,100,81.990,300,82.090,700,82.100,2019-09-10,13:35:58,00,";
var hq_str_sh603259="药明康德,82.440,82.110,81.990,83.500,81.310,81.950,82.090,8169434,673498700.000,100,81.950,400,81.940,7400,81.930,1800,81.920,1200,81.910,300,82.090,700,82.100,460,82.130,600,82.140,500,82.160,2019-09-10,13:36:58,00,";
var hq_str_sh603259="药明康德,82.440,82.110,82.110,83.500,81.310,82.110,82.130,8223434,677926834.000,400,82.110,4500,82.100,1000,81.910,1100,81.900,4700,81.890,460,82.130,600,82.140,500,82.160,2900,82.180,200,82.200,2019-09-10,13:37:58,00,";
var hq_str_sh603259="药明康德,82.440,82.110,82.270,83.500,81.310,82.270,82.280,8284774,682961850.000,1400,82.270,100,82.130,4160,82.120,200,82.110,1500,82.000,600,82.280,3100,82.300,1200,82.350,11200,82.360,800,82.390,2019-09-10,13:38:55,00,";
var hq_str_sh603259="药明康德,82.440,82.110,82.120,83.500,81.310,82.020,82.120,8299034,684133825.000,700,82.020,300,82.010,2600,82.000,1000,81.970,4300,81.930,1840,82.120,100,82.150,1600,82.260,1900,82.270,400,82.280,2019-09-10,13:39:58,00,";
var hq_str_sh603259="药明康德,82.440,82.110,82.020,83.500,81.310,82.020,82.100,8303114,684468554.000,220,82.020,600,82.010,3600,82.000,1000,81.970,100,81.950,10100,82.100,500,82.110,2880,82.120,100,82.150,800,82.250,2019-09-10,13:40:55,00,";
var hq_str_sh603259="药明康德,82.440,82.110,82.020,83.500,81.310,82.010,82.020,8312034,685200280.000,200,82.010,1500,82.000,100,81.980,1100,81.970,100,81.950,380,82.020,7900,82.100,200,82.110,2040,82.120,100,82.150,2019-09-10,13:41:55,00,";
var hq_str_sh603259="药明康德,82.440,82.110,82.100,83.500,81.310,82.100,82.110,8333634,686973423.000,1400,82.100,1400,82.020,7200,82.010,2100,82.000,100,81.980,500,82.110,2040,82.120,100,82.150,100,82.200,2000,82.230,2019-09-10,13:42:58,00,";
var hq_str_sh603259="药明康德,82.440,82.110,82.020,83.500,81.310,82.010,82.020,8338634,687383767.000,7200,82.010,3000,82.000,600,81.980,1100,81.970,200,81.950,700,82.020,2400,82.080,3600,82.110,1940,82.120,10000,82.160,2019-09-10,13:43:55,00,";
var hq_str_sh603259="药明康德,82.440,82.110,82.010,83.500,81.310,82.010,82.070,8353834,688630317.000,900,82.010,30500,82.000,600,81.980,1000,81.970,200,81.950,7800,82.070,3600,82.110,1940,82.120,100,82.200,800,82.250,2019-09-10,13:44:55,00,";
var hq_str_sh603259="药明康德,82.440,82.110,82.000,83.500,81.310,82.000,82.050,8388976,691512030.000,30058,82.000,600,81.980,1000,81.970,200,81.950,4300,81.930,500,82.050,3400,82.060,3600,82.110,1940,82.120,100,82.200,2019-09-10,13:45:58,00,";
var hq_str_sh603259="药明康德,82.440,82.110,82.010,83.500,81.310,82.000,82.010,8443816,696008909.000,21218,82.000,100,81.980,1100,81.970,200,81.950,4300,81.930,7400,82.010,1600,82.030,700,82.100,3600,82.110,1940,82.120,2019-09-10,13:46:58,00,";
var hq_str_sh603259="药明康德,82.440,82.110,82.030,83.500,81.310,82.000,82.030,8480816,699043085.000,718,82.000,300,81.980,1100,81.970,200,81.950,4300,81.930,1300,82.030,20000,82.040,700,82.090,30700,82.100,3600,82.110,2019-09-10,13:47:52,00,";
var hq_str_sh603259="药明康德,82.440,82.110,82.000,83.500,81.310,81.980,82.000,8486834,699536600.000,400,81.980,1100,81.970,200,81.950,4300,81.930,400,81.920,5282,82.000,4700,82.010,900,82.030,20100,82.040,100,82.080,2019-09-10,13:48:58,00,";
var hq_str_sh603259="药明康德,82.440,82.110,81.950,83.500,81.310,81.950,81.960,8497092,700377549.000,700,81.950,600,81.940,3442,81.930,400,81.920,1200,81.910,1300,81.960,1300,81.980,1400,81.990,782,82.000,4600,82.010,2019-09-10,13:49:58,00,";
var hq_str_sh603259="药明康德,82.440,82.110,81.890,83.500,81.310,81.880,81.890,8523634,702551449.000,2200,81.880,1900,81.870,6300,81.860,4000,81.850,1200,81.840,4358,81.890,800,81.900,100,81.930,2000,81.940,200,81.950,2019-09-10,13:50:58,00,";
var hq_str_sh603259="药明康德,82.440,82.110,81.880,83.500,81.310,81.880,81.900,8549624,704679671.000,1710,81.880,2700,81.870,6500,81.860,4000,81.850,1200,81.840,2400,81.900,400,81.940,900,81.960,540,82.000,4600,82.010,2019-09-10,13:51:58,00,";
var hq_str_sh603259="药明康德,82.440,82.110,81.880,83.500,81.310,81.860,81.880,8564644,705909413.000,4990,81.860,6200,81.850,1100,81.840,1900,81.810,9300,81.800,600,81.880,3000,81.890,2300,81.900,400,81.940,900,81.960,2019-09-10,13:52:58,00,";
var hq_str_sh603259="药明康德,82.440,82.110,81.890,83.500,81.310,81.880,81.890,8575084,706764229.000,21700,81.880,500,81.870,6190,81.860,6400,81.850,1000,81.840,1400,81.890,2300,81.900,400,81.940,900,81.960,20000,81.980,2019-09-10,13:53:58,00,";
var hq_str_sh603259="药明康德,82.440,82.110,81.880,83.500,81.310,81.890,81.910,8581584,707296500.000,400,81.890,2500,81.880,1500,81.870,5690,81.860,6600,81.850,1100,81.910,2900,81.920,800,81.930,2600,81.940,900,81.960,2019-09-10,13:54:58,00,";
var hq_str_sh603259="药明康德,82.440,82.110,81.910,83.500,81.310,81.890,81.910,8622148,710621181.000,636,81.890,2800,81.880,1600,81.870,5590,81.860,6600,81.850,4600,81.910,2800,81.920,500,81.990,4600,82.010,1000,82.020,2019-09-10,13:55:58,00,";
var hq_str_sh603259="药明康德,82.440,82.110,81.890,83.500,81.310,81.880,81.890,8626948,711014263.000,2836,81.880,1400,81.870,5390,81.860,6500,81.850,1000,81.840,1000,81.890,7500,81.900,1400,81.910,800,81.920,500,81.990,2019-09-10,13:56:58,00,";
var hq_str_sh603259="药明康德,82.440,82.110,82.010,83.500,81.310,82.000,82.010,8683988,715690055.000,14360,82.000,200,81.890,2500,81.880,2200,81.870,5390,81.860,3000,82.010,1000,82.020,1100,82.030,200,82.040,300,82.090,2019-09-10,13:57:58,00,";
var hq_str_sh603259="药明康德,82.440,82.110,81.970,83.500,81.310,81.900,81.960,8707248,717597424.000,300,81.900,500,81.890,2800,81.880,2200,81.870,5290,81.860,2400,81.960,1100,81.970,700,81.990,300,82.000,7440,82.010,2019-09-10,13:58:58,00,";
var hq_str_sh603259="药明康德,82.440,82.110,81.970,83.500,81.310,81.980,81.990,8715695,718289783.000,100,81.980,300,81.900,1553,81.890,3900,81.880,2200,81.870,100,81.990,3600,82.000,7340,82.010,800,82.020,1100,82.030,2019-09-10,13:59:58,00,";
var hq_str_sh603259="药明康德,82.440,82.110,81.980,83.500,81.310,81.880,81.980,8718978,718558719.000,4070,81.880,2200,81.870,6190,81.860,6800,81.850,1000,81.840,800,81.980,400,81.990,3600,82.000,7340,82.010,800,82.020,2019-09-10,14:00:58,00,";
var hq_str_sh603259="药明康德,82.440,82.110,81.970,83.500,81.310,81.910,81.970,8724378,719001122.000,300,81.910,1200,81.900,3400,81.890,5670,81.880,2200,81.870,600,81.970,6000,81.980,100,81.990,4100,82.000,7340,82.010,2019-09-10,14:01:58,00,";
var hq_str_sh603259="药明康德,82.440,82.110,81.880,83.500,81.310,81.890,81.950,8740878,720352382.000,1500,81.890,1800,81.880,1870,81.870,5290,81.860,6800,81.850,1200,81.950,400,81.960,100,81.970,6100,81.980,100,81.990,2019-09-10,14:02:55,00,";
var hq_str_sh603259="药明康德,82.440,82.110,81.970,83.500,81.310,81.950,81.970,8744078,720614656.000,700,81.950,600,81.900,400,81.890,3300,81.880,2070,81.870,500,81.970,6300,81.980,4100,82.000,7340,82.010,800,82.020,2019-09-10,14:03:58,00,";
var hq_str_sh603259="药明康德,82.440,82.110,82.020,83.500,81.310,81.970,82.000,8786478,724091330.000,200,81.970,1300,81.900,1000,81.880,3470,81.870,5690,81.860,3640,82.000,1000,82.030,1000,82.090,800,82.100,3600,82.110,2019-09-10,14:04:58,00,";
var hq_str_sh603259="药明康德,82.440,82.110,82.020,83.500,81.310,82.020,82.030,8802278,725387052.000,400,82.020,700,81.960,300,81.910,1300,81.900,1400,81.880,4000,82.030,10000,82.070,500,82.090,1300,82.100,3600,82.110,2019-09-10,14:05:58,00,";
var hq_str_sh603259="药明康德,82.440,82.110,82.000,83.500,81.310,82.000,82.060,8832678,727879696.000,4700,82.000,400,81.900,1600,81.880,3570,81.870,5190,81.860,500,82.060,8140,82.070,1300,82.100,3600,82.110,1440,82.120,2019-09-10,14:06:55,00,";
var hq_str_sh603259="药明康德,82.440,82.110,82.070,83.500,81.310,82.070,82.080,8877878,731588015.000,400,82.070,2400,82.060,100,82.030,13900,82.000,600,81.900,3500,82.080,3700,82.090,300,82.100,10040,82.110,1540,82.120,2019-09-10,14:07:58,00,";
var hq_str_sh603259="药明康德,82.440,82.110,82.060,83.500,81.310,82.000,82.060,8903478,733688818.000,11300,82.000,500,81.900,200,81.890,3200,81.880,3570,81.870,5300,82.060,500,82.070,400,82.080,11440,82.110,1440,82.120,2019-09-10,14:08:58,00,";
var hq_str_sh603259="药明康德,82.440,82.110,82.000,83.500,81.310,81.900,81.990,8928818,735766957.000,660,81.900,3300,81.880,3570,81.870,5290,81.860,6700,81.850,4000,81.990,1300,82.000,3300,82.030,2200,82.060,10040,82.110,2019-09-10,14:09:58,00,";
var hq_str_sh603259="药明康德,82.440,82.110,82.000,83.500,81.310,82.000,82.030,8944778,737075086.000,1600,82.000,940,81.980,300,81.900,3260,81.880,3770,81.870,3300,82.030,500,82.060,100,82.080,1700,82.100,10040,82.110,2019-09-10,14:10:58,00,";
var hq_str_sh603259="药明康德,82.440,82.110,82.080,83.500,81.310,81.970,82.000,8972831,739375071.000,400,81.970,200,81.950,100,81.910,100,81.900,700,81.880,100,82.000,2100,82.060,300,82.080,3500,82.100,10040,82.110,2019-09-10,14:11:58,00,";
var hq_str_sh603259="药明康德,82.440,82.110,82.030,83.500,81.310,82.030,82.060,8987279,740559822.000,1352,82.030,500,81.910,1100,81.900,1400,81.880,6930,81.870,600,82.060,2100,82.080,8540,82.100,3700,82.110,1440,82.120,2019-09-10,14:12:58,00,";
var hq_str_sh603259="药明康德,82.440,82.110,82.000,83.500,81.310,82.000,82.090,9008322,742285926.000,109,82.000,7000,81.960,1000,81.930,200,81.920,300,81.910,900,82.090,7840,82.100,3900,82.110,1740,82.120,100,82.130,2019-09-10,14:13:58,00,";
var hq_str_sh603259="药明康德,82.440,82.110,82.100,83.500,81.310,82.030,82.100,9033207,744327309.000,1000,82.030,600,82.020,700,82.000,400,81.970,7000,81.960,5340,82.100,3900,82.110,1740,82.120,100,82.140,3700,82.180,2019-09-10,14:14:58,00,";
var hq_str_sh603259="药明康德,82.440,82.110,82.110,83.500,81.310,82.070,82.110,9049168,745637327.000,139,82.070,100,82.030,800,82.020,500,82.000,4800,81.980,2200,82.110,5480,82.120,100,82.140,3700,82.180,5000,82.190,2019-09-10,14:15:58,00,";
var hq_str_sh603259="药明康德,82.440,82.110,82.090,83.500,81.310,82.020,82.070,9064951,746932746.000,56,82.020,8500,82.000,5000,81.980,200,81.970,7000,81.960,700,82.070,200,82.080,2500,82.090,4461,82.100,1800,82.110,2019-09-10,14:16:55,00,";
var hq_str_sh603259="药明康德,82.440,82.110,82.070,83.500,81.310,82.020,82.060,9086751,748721952.000,356,82.020,8500,82.000,5000,81.980,200,81.970,7000,81.960,100,82.060,5600,82.070,700,82.080,3961,82.100,1800,82.110,2019-09-10,14:17:58,00,";
var hq_str_sh603259="药明康德,82.440,82.110,82.060,83.500,81.310,82.030,82.060,9111607,750761216.000,4300,82.030,2800,82.000,5000,81.980,200,81.970,7000,81.960,500,82.060,3200,82.080,3961,82.100,1800,82.110,5480,82.120,2019-09-10,14:18:55,00,";
var hq_str_sh603259="药明康德,82.440,82.110,82.130,83.500,81.310,82.130,82.140,9141668,753229286.000,900,82.130,600,82.090,5639,82.080,800,82.060,500,82.050,2780,82.140,900,82.170,3600,82.180,5000,82.190,3900,82.200,2019-09-10,14:19:58,00,";
var hq_str_sh603259="药明康德,82.440,82.110,82.070,83.500,81.310,82.060,82.070,9179068,756300307.000,100,82.060,3500,82.050,400,82.030,5000,82.010,3000,82.000,300,82.070,1040,82.080,9400,82.090,2000,82.120,400,82.130,2019-09-10,14:20:58,00,";
var hq_str_sh603259="药明康德,82.440,82.110,82.030,83.500,81.310,82.020,82.030,9199188,757951030.000,100,82.020,4880,82.010,3000,82.000,5000,81.980,200,81.970,1000,82.030,300,82.060,500,82.070,5300,82.080,1700,82.090,2019-09-10,14:21:58,00,";
var hq_str_sh603259="药明康德,82.440,82.110,82.070,83.500,81.310,82.070,82.080,9211788,758984824.000,300,82.070,9700,82.020,4880,82.010,3000,82.000,5000,81.980,700,82.080,4700,82.090,1300,82.100,100,82.110,2000,82.120,2019-09-10,14:22:58,00,";
var hq_str_sh603259="药明康德,82.440,82.110,82.080,83.500,81.310,82.020,82.080,9233988,760806628.000,300,82.020,5180,82.010,3400,82.000,5000,81.980,200,81.970,2700,82.080,200,82.090,1500,82.100,100,82.110,2000,82.120,2019-09-10,14:23:55,00,";
var hq_str_sh603259="药明康德,82.440,82.110,82.080,83.500,81.310,82.010,82.080,9252088,762291718.000,3380,82.010,3400,82.000,200,81.990,5000,81.980,200,81.970,6100,82.080,100,82.090,1800,82.100,500,82.110,2000,82.120,2019-09-10,14:24:55,00,";
var hq_str_sh603259="药明康德,82.440,82.110,82.070,83.500,81.310,82.020,82.070,9265188,763366800.000,1500,82.020,3280,82.010,4200,82.000,300,81.990,5100,81.980,8364,82.070,4600,82.080,200,82.090,1900,82.100,900,82.110,2019-09-10,14:25:58,00,";
var hq_str_sh603259="药明康德,82.440,82.110,82.060,83.500,81.310,82.060,82.070,9282588,764794448.000,1100,82.060,100,82.030,6600,82.020,3280,82.010,4200,82.000,6564,82.070,3700,82.080,200,82.090,1800,82.100,900,82.110,2019-09-10,14:26:58,00,";
var hq_str_sh603259="药明康德,82.440,82.110,82.060,83.500,81.310,82.060,82.070,9306588,766763984.000,1500,82.060,200,82.030,5600,82.020,3280,82.010,13300,82.000,4687,82.070,3864,82.080,2200,82.090,1800,82.100,2900,82.110,2019-09-10,14:27:55,00,";
var hq_str_sh603259="药明康德,82.440,82.110,82.070,83.500,81.310,82.020,82.070,9336075,769182987.000,7213,82.020,1380,82.010,13300,82.000,300,81.990,4900,81.980,3500,82.070,3964,82.080,2200,82.090,1800,82.100,2500,82.110,2019-09-10,14:28:58,00,";
var hq_str_sh603259="药明康德,82.440,82.110,82.080,83.500,81.310,82.060,82.080,9357475,770939156.000,100,82.060,3300,82.030,7213,82.020,1380,82.010,13400,82.000,15838,82.080,2200,82.090,1800,82.100,2500,82.110,2000,82.120,2019-09-10,14:29:58,00,";
var hq_str_sh603259="药明康德,82.440,82.110,82.090,83.500,81.310,82.050,82.080,9379175,772720027.000,6200,82.050,100,82.040,1600,82.030,7213,82.020,1080,82.010,2000,82.080,15838,82.090,2300,82.100,2500,82.110,2000,82.120,2019-09-10,14:30:55,00,";
var hq_str_sh603259="药明康德,82.440,82.110,82.060,83.500,81.310,82.050,82.060,9411175,775346389.000,6400,82.050,1000,82.040,1500,82.030,7213,82.020,980,82.010,4838,82.060,1200,82.080,5300,82.100,4500,82.110,2000,82.120,2019-09-10,14:31:58,00,";
var hq_str_sh603259="药明康德,82.440,82.110,82.120,83.500,81.310,82.120,82.130,9495125,782238750.000,708,82.120,1200,82.070,1142,82.060,3000,82.050,1000,82.040,2700,82.130,1280,82.140,540,82.150,3000,82.180,3400,82.200,2019-09-10,14:32:58,00,";
var hq_str_sh603259="药明康德,82.440,82.110,82.120,83.500,81.310,82.120,82.130,9549521,786704744.000,1404,82.120,100,82.080,400,82.070,842,82.060,400,82.050,3000,82.130,1280,82.140,400,82.150,3000,82.180,3500,82.200,2019-09-10,14:33:58,00,";
var hq_str_sh603259="药明康德,82.440,82.110,82.110,83.500,81.310,82.100,82.110,9581225,789307739.000,9000,82.100,400,82.080,100,82.070,742,82.060,400,82.050,3400,82.110,1896,82.120,2300,82.130,1280,82.140,10612,82.150,2019-09-10,14:34:58,00,";
var hq_str_sh603259="药明康德,82.440,82.110,82.140,83.500,81.310,82.130,82.140,9642433,794334437.000,9292,82.130,100,82.120,200,82.110,5500,82.100,800,82.080,3600,82.140,2000,82.150,3000,82.180,3500,82.200,100,82.250,2019-09-10,14:35:58,00,";
var hq_str_sh603259="药明康德,82.440,82.110,82.120,83.500,81.310,82.110,82.120,9662125,795951778.000,600,82.110,3600,82.100,800,82.080,300,82.050,1000,82.040,5700,82.120,8408,82.130,15993,82.140,2300,82.150,3000,82.180,2019-09-10,14:36:58,00,";
var hq_str_sh603259="药明康德,82.440,82.110,82.070,83.500,81.310,82.050,82.070,9683525,797709135.000,300,82.050,2800,82.040,2700,82.030,1580,82.010,16600,82.000,700,82.070,15293,82.110,1000,82.120,500,82.130,3408,82.140,2019-09-10,14:37:58,00,";
var hq_str_sh603259="药明康德,82.440,82.110,82.080,83.500,81.310,82.080,82.100,9700218,799079082.000,1700,82.080,9807,82.070,9800,82.050,2800,82.040,2700,82.030,700,82.100,500,82.110,11412,82.120,3708,82.140,2300,82.150,2019-09-10,14:38:58,00,";
var hq_str_sh603259="药明康德,82.440,82.110,82.110,83.500,81.310,82.110,82.120,9762386,804183278.000,7324,82.110,2108,82.100,800,82.080,9807,82.070,200,82.060,2000,82.120,3408,82.140,2300,82.150,700,82.170,3000,82.180,2019-09-10,14:39:58,00,";
var hq_str_sh603259="药明康德,82.440,82.110,82.100,83.500,81.310,82.080,82.100,9801800,807419545.000,2118,82.080,9807,82.070,500,82.060,7900,82.050,2800,82.040,1000,82.100,11112,82.110,1200,82.120,3408,82.140,2300,82.150,2019-09-10,14:40:55,00,";
var hq_str_sh603259="药明康德,82.440,82.110,82.090,83.500,81.310,82.080,82.090,9836692,810283369.000,4233,82.080,600,82.060,8200,82.050,2800,82.040,2700,82.030,22079,82.090,1300,82.120,3408,82.140,2300,82.150,700,82.160,2019-09-10,14:41:58,00,";
var hq_str_sh603259="药明康德,82.440,82.110,82.070,83.500,81.310,82.060,82.070,9863725,812502326.000,1600,82.060,7900,82.050,2800,82.040,2700,82.030,3480,82.010,1000,82.070,15177,82.080,8579,82.090,1300,82.120,700,82.130,2019-09-10,14:42:58,00,";
var hq_str_sh603259="药明康德,82.440,82.110,82.070,83.500,81.310,82.060,82.070,9893025,814907108.000,1600,82.060,7900,82.050,2800,82.040,2700,82.030,3580,82.010,13456,82.070,100,82.080,100,82.090,1700,82.120,700,82.130,2019-09-10,14:43:58,00,";
var hq_str_sh603259="药明康德,82.440,82.110,82.050,83.500,81.310,82.050,82.060,9910545,816344756.000,14500,82.050,2800,82.040,3200,82.030,3480,82.010,20700,82.000,5556,82.060,13147,82.070,100,82.080,200,82.090,400,82.100,2019-09-10,14:44:58,00,";
var hq_str_sh603259="药明康德,82.440,82.110,82.030,83.500,81.310,82.010,82.030,9961045,820488261.000,780,82.010,21800,82.000,100,81.990,4900,81.980,200,81.970,1500,82.030,8200,82.040,21954,82.050,3000,82.060,3100,82.070,2019-09-10,14:45:58,00,";
var hq_str_sh603259="药明康德,82.440,82.110,82.000,83.500,81.310,81.990,82.000,9995025,823274698.000,900,81.990,5300,81.980,200,81.970,7400,81.960,500,81.950,700,82.000,3600,82.010,1400,82.030,1000,82.040,3000,82.060,2019-09-10,14:46:58,00,";
var hq_str_sh603259="药明康德,82.440,82.110,81.990,83.500,81.310,81.980,81.990,10004275,824033100.000,2450,81.980,900,81.970,7500,81.960,100,81.950,8500,81.930,4500,81.990,12054,82.000,500,82.010,1400,82.030,1000,82.040,2019-09-10,14:47:58,00,";
var hq_str_sh603259="药明康德,82.440,82.110,82.010,83.500,81.310,82.000,82.020,10031554,826269718.000,1100,82.000,7746,81.990,100,81.980,2000,81.970,8700,81.960,600,82.020,1400,82.030,1000,82.040,3000,82.060,3100,82.070,2019-09-10,14:48:58,00,";
var hq_str_sh603259="药明康德,82.440,82.110,82.000,83.500,81.310,82.000,82.010,10057774,828420042.000,880,82.000,9446,81.990,1100,81.980,2000,81.970,8700,81.960,4237,82.010,4300,82.020,1400,82.030,1000,82.040,12619,82.060,2019-09-10,14:49:58,00,";
var hq_str_sh603259="药明康德,82.440,82.110,82.000,83.500,81.310,82.000,82.010,10089354,831009644.000,900,82.000,8946,81.990,1700,81.980,2100,81.970,8700,81.960,2657,82.010,1600,82.020,11019,82.030,1000,82.040,13187,82.060,2019-09-10,14:50:58,00,";
var hq_str_sh603259="药明康德,82.440,82.110,82.000,83.500,81.310,81.990,82.000,10119754,833502378.000,3400,81.990,1600,81.980,2100,81.970,8700,81.960,500,81.950,8700,82.000,10076,82.010,1600,82.020,1700,82.030,1000,82.040,2019-09-10,14:51:58,00,";
var hq_str_sh603259="药明康德,82.440,82.110,82.020,83.500,81.310,82.020,82.030,10193586,839557111.000,111,82.020,1557,82.010,10700,82.000,600,81.990,1600,81.980,1700,82.030,1100,82.040,3000,82.060,24242,82.070,200,82.080,2019-09-10,14:52:58,00,";
var hq_str_sh603259="药明康德,82.440,82.110,82.020,83.500,81.310,82.010,82.020,10269297,845768649.000,7100,82.010,23800,82.000,2600,81.990,1600,81.980,1100,81.970,2600,82.020,200,82.030,4400,82.050,11411,82.060,200,82.080,2019-09-10,14:53:58,00,";
var hq_str_sh603259="药明康德,82.440,82.110,82.000,83.500,81.310,81.990,82.000,10297097,848048545.000,3000,81.990,600,81.980,1000,81.970,7600,81.960,500,81.950,2811,82.000,2100,82.010,1500,82.020,200,82.030,20178,82.040,2019-09-10,14:54:55,00,";
var hq_str_sh603259="药明康德,82.440,82.110,82.000,83.500,81.310,81.990,82.000,10325337,850364072.000,1123,81.990,1037,81.980,1400,81.970,8600,81.960,300,81.950,12878,82.000,300,82.010,200,82.020,19658,82.040,2100,82.050,2019-09-10,14:55:58,00,";
var hq_str_sh603259="药明康德,82.440,82.110,82.020,83.500,81.310,82.000,82.020,10366711,853756650.000,400,82.000,900,81.970,4200,81.960,300,81.950,7900,81.930,9336,82.020,900,82.040,2000,82.050,500,82.060,2200,82.080,2019-09-10,14:56:58,00,";
var hq_str_sh603259="药明康德,82.440,82.110,82.000,83.500,81.310,82.110,82.110,10367311,853805852.000,52300,82.110,0,0.000,0,0.000,0,0.000,0,0.000,52300,82.110,16571,0.000,0,0.000,0,0.000,0,0.000,2019-09-10,14:57:58,00,";
var hq_str_sh603259="药明康德,82.440,82.110,82.000,83.500,81.310,82.080,82.080,10367311,853805852.000,61300,82.080,0,0.000,0,0.000,0,0.000,0,0.000,61300,82.080,30936,0.000,0,0.000,0,0.000,0,0.000,2019-09-10,14:58:55,00,";
