var hq_str_sh603259="药明康德,93.000,93.940,93.000,93.000,93.000,93.000,93.500,36200,3366600.000,2900,93.000,200,92.960,100,92.900,100,92.800,100,92.680,500,93.500,100,93.880,400,93.890,2100,93.900,3000,93.920,2019-04-18,09:29:54,00";
var hq_str_sh603259="药明康德,93.000,93.940,93.680,93.800,93.000,93.250,93.600,84000,7831023.000,100,93.250,1300,93.120,700,93.100,800,93.090,300,93.080,100,93.600,600,93.660,200,93.670,1700,93.680,1200,93.690,2019-04-18,09:30:56,00";
var hq_str_sh603259="药明康德,93.000,93.940,93.260,93.800,93.000,93.270,93.480,87600,8166737.000,1100,93.270,1400,93.260,1000,93.250,500,93.190,400,93.180,400,93.480,1900,93.500,1000,93.510,300,93.590,200,93.600,2019-04-18,09:31:56,00";
var hq_str_sh603259="药明康德,93.000,93.940,93.400,93.800,93.000,93.350,93.400,95100,8866665.000,400,93.350,2500,93.300,100,93.290,2300,93.270,2600,93.260,300,93.400,200,93.470,5200,93.480,300,93.590,400,93.600,2019-04-18,09:32:59,00";
var hq_str_sh603259="药明康德,93.000,93.940,93.300,93.800,93.000,93.120,93.270,115100,10732115.000,400,93.120,1800,93.100,900,93.090,300,93.080,300,93.070,2100,93.270,600,93.380,2200,93.400,200,93.470,5200,93.480,2019-04-18,09:33:56,00";
var hq_str_sh603259="药明康德,93.000,93.940,93.040,93.800,93.000,93.040,93.050,132500,12352224.000,16300,93.040,200,93.030,3400,93.010,18100,93.000,200,92.960,400,93.050,1300,93.080,2900,93.100,100,93.120,500,93.150,2019-04-18,09:34:56,00";
var hq_str_sh603259="药明康德,93.000,93.940,92.900,93.800,92.890,92.910,92.990,194430,18112367.000,600,92.910,1500,92.900,600,92.890,1100,92.880,100,92.850,200,92.990,1700,93.100,100,93.120,500,93.150,200,93.260,2019-04-18,09:35:56,00";
var hq_str_sh603259="药明康德,93.000,93.940,92.950,93.800,92.890,92.940,92.950,213030,19841393.000,200,92.940,100,92.930,1200,92.920,500,92.910,3500,92.900,600,92.950,1300,92.980,1100,93.000,200,93.020,200,93.060,2019-04-18,09:36:56,00";
var hq_str_sh603259="药明康德,93.000,93.940,93.000,93.800,92.890,92.980,93.000,222430,20715270.000,1500,92.980,5000,92.960,800,92.950,700,92.930,1300,92.920,200,93.000,200,93.020,100,93.050,200,93.060,1500,93.100,2019-04-18,09:37:56,00";
var hq_str_sh603259="药明康德,93.000,93.940,93.000,93.800,92.890,93.000,93.100,238830,22240505.000,300,93.000,300,92.990,400,92.980,600,92.970,3600,92.960,900,93.100,100,93.140,500,93.150,300,93.270,100,93.280,2019-04-18,09:38:59,00";
var hq_str_sh603259="药明康德,93.000,93.940,93.100,93.800,92.890,93.100,93.140,250330,23310626.000,200,93.100,3200,93.090,200,93.060,400,93.020,100,93.010,100,93.140,500,93.150,1000,93.200,300,93.270,100,93.280,2019-04-18,09:39:59,00";
var hq_str_sh603259="药明康德,93.000,93.940,93.240,93.800,92.890,93.150,93.240,256330,23869654.000,800,93.150,400,93.140,1100,93.100,100,93.090,200,93.060,2300,93.240,100,93.270,100,93.280,300,93.380,800,93.400,2019-04-18,09:40:57,00";
var hq_str_sh603259="药明康德,93.000,93.940,93.380,93.800,92.890,93.380,93.390,262230,24419778.000,100,93.380,100,93.270,1000,93.240,100,93.230,500,93.200,100,93.390,800,93.400,1100,93.450,900,93.460,5000,93.480,2019-04-18,09:41:57,00";
var hq_str_sh603259="药明康德,93.000,93.940,93.250,93.800,92.890,93.250,93.320,265830,24755493.000,200,93.250,300,93.240,100,93.230,1500,93.200,100,93.170,100,93.320,100,93.330,400,93.360,100,93.370,1100,93.380,2019-04-18,09:42:57,00";
var hq_str_sh603259="药明康德,93.000,93.940,93.110,93.800,92.890,93.140,93.150,273830,25501431.000,1300,93.140,600,93.110,900,93.100,200,93.090,5800,93.070,400,93.150,700,93.200,200,93.230,300,93.240,100,93.320,2019-04-18,09:43:59,00";
var hq_str_sh603259="药明康德,93.000,93.940,93.160,93.800,92.890,93.150,93.160,282330,26293347.000,11600,93.150,300,93.110,300,93.100,300,93.090,100,93.080,200,93.160,800,93.170,100,93.180,300,93.200,100,93.320,2019-04-18,09:44:57,00";
var hq_str_sh603259="药明康德,93.000,93.940,93.070,93.800,92.890,93.070,93.080,303030,28221228.000,2700,93.070,400,93.060,500,93.030,300,93.020,200,93.010,3000,93.080,7600,93.100,300,93.150,800,93.160,600,93.170,2019-04-18,09:45:59,00";
var hq_str_sh603259="药明康德,93.000,93.940,93.010,93.800,92.890,93.000,93.010,317730,29588873.000,2700,93.000,300,92.990,1100,92.980,500,92.970,700,92.960,1000,93.010,500,93.060,600,93.080,100,93.140,300,93.150,2019-04-18,09:46:57,00";
var hq_str_sh603259="药明康德,93.000,93.940,92.980,93.800,92.890,93.020,93.080,337930,31467256.000,200,93.020,1500,93.000,900,92.980,800,92.960,600,92.950,400,93.080,600,93.150,300,93.160,600,93.170,100,93.180,2019-04-18,09:47:57,00";
var hq_str_sh603259="药明康德,93.000,93.940,92.960,93.800,92.890,92.960,93.000,359430,33466151.000,1900,92.960,100,92.950,200,92.940,1500,92.930,4200,92.920,300,93.000,2500,93.020,400,93.080,100,93.130,600,93.150,2019-04-18,09:48:58,00";
var hq_str_sh603259="药明康德,93.000,93.940,93.160,93.800,92.890,93.150,93.160,373730,34796270.000,100,93.150,200,93.030,1400,93.020,800,93.010,3200,93.000,200,93.160,600,93.170,100,93.180,100,93.300,100,93.320,2019-04-18,09:49:57,00";
var hq_str_sh603259="药明康德,93.000,93.940,93.110,93.800,92.890,93.110,93.150,380130,35392124.000,1200,93.110,600,93.100,300,93.080,1900,93.060,400,93.050,800,93.150,1700,93.160,600,93.170,100,93.180,400,93.250,2019-04-18,09:50:58,00";
var hq_str_sh603259="药明康德,93.000,93.940,93.100,93.800,92.890,93.100,93.160,388830,36202101.000,300,93.100,100,93.080,1000,93.060,200,93.050,1100,93.040,1400,93.160,500,93.170,100,93.180,400,93.250,100,93.290,2019-04-18,09:51:58,00";
var hq_str_sh603259="药明康德,93.000,93.940,93.100,93.800,92.890,93.080,93.100,397330,36993550.000,200,93.080,1000,93.070,1400,93.060,200,93.050,1100,93.040,100,93.100,700,93.110,100,93.150,700,93.160,500,93.170,2019-04-18,09:52:59,00";
var hq_str_sh603259="药明康德,93.000,93.940,93.030,93.800,92.890,93.030,93.040,403030,37523977.000,800,93.030,1500,93.020,1200,93.010,7200,93.000,1200,92.990,530,93.040,200,93.050,15900,93.060,500,93.110,100,93.130,2019-04-18,09:53:58,00";
var hq_str_sh603259="药明康德,93.000,93.940,93.000,93.800,92.890,93.000,93.010,416630,38788931.000,4300,93.000,1200,92.990,1600,92.980,300,92.970,400,92.960,1800,93.010,530,93.040,200,93.050,5900,93.060,100,93.130,2019-04-18,09:54:58,00";
var hq_str_sh603259="药明康德,93.000,93.940,93.020,93.800,92.890,93.020,93.040,424630,39533011.000,100,93.020,5900,93.010,3500,93.000,1200,92.990,1600,92.980,830,93.040,5900,93.060,100,93.130,100,93.150,400,93.160,2019-04-18,09:55:59,00";
var hq_str_sh603259="药明康德,93.000,93.940,93.070,93.800,92.890,93.070,93.110,435160,40512831.000,70,93.070,300,93.040,300,93.030,600,93.020,4300,93.010,200,93.110,300,93.120,200,93.130,100,93.150,400,93.160,2019-04-18,09:56:58,00";
var hq_str_sh603259="药明康德,93.000,93.940,93.050,93.800,92.890,93.040,93.050,438830,40854382.000,300,93.040,300,93.030,700,93.020,4500,93.010,3900,93.000,200,93.050,600,93.060,600,93.070,2000,93.080,1130,93.110,2019-04-18,09:57:59,00";
var hq_str_sh603259="药明康德,93.000,93.940,93.030,93.800,92.890,93.010,93.030,445530,41477742.000,4300,93.010,6800,93.000,1500,92.990,1600,92.980,300,92.970,130,93.030,9400,93.050,700,93.060,600,93.070,2000,93.080,2019-04-18,09:58:59,00";
var hq_str_sh603259="药明康德,93.000,93.940,92.930,93.800,92.890,92.930,92.970,469030,43662911.000,2300,92.930,4000,92.920,900,92.910,9600,92.900,2900,92.890,3200,92.970,9400,93.000,400,93.010,500,93.020,1000,93.030,2019-04-18,09:59:58,00";
var hq_str_sh603259="药明康德,93.000,93.940,92.860,93.800,92.860,92.850,92.860,494230,46004097.000,500,92.850,100,92.830,300,92.820,2000,92.810,6300,92.800,100,92.860,9400,92.870,300,92.880,100,92.890,400,92.900,2019-04-18,10:00:56,00";
var hq_str_sh603259="药明康德,93.000,93.940,92.710,93.800,92.710,92.700,92.710,518530,48259316.000,2000,92.700,400,92.690,900,92.680,500,92.660,100,92.640,5300,92.710,300,92.830,1100,92.910,1000,92.930,1000,92.950,2019-04-18,10:01:56,00";
var hq_str_sh603259="药明康德,93.000,93.940,92.680,93.800,92.680,92.660,92.680,533030,49603425.000,500,92.660,200,92.650,700,92.640,200,92.620,200,92.610,200,92.680,1400,92.700,2800,92.710,1100,92.730,500,92.780,2019-04-18,10:02:58,00";
var hq_str_sh603259="药明康德,93.000,93.940,92.610,93.800,92.560,92.580,92.610,553630,51511482.000,100,92.580,100,92.560,800,92.550,100,92.530,500,92.520,2700,92.610,1800,92.620,2200,92.640,4100,92.650,600,92.680,2019-04-18,10:03:58,00";
var hq_str_sh603259="药明康德,93.000,93.940,92.570,93.800,92.530,92.570,92.580,562930,52372487.000,700,92.570,100,92.560,100,92.550,100,92.540,400,92.530,500,92.580,2000,92.600,1100,92.610,1400,92.640,4100,92.650,2019-04-18,10:04:58,00";
var hq_str_sh603259="药明康德,93.000,93.940,92.520,93.800,92.500,92.510,92.520,581130,54056486.000,300,92.510,23700,92.500,100,92.490,600,92.480,300,92.450,2600,92.520,1850,92.540,100,92.550,300,92.560,1800,92.570,2019-04-18,10:05:59,00";
var hq_str_sh603259="药明康德,93.000,93.940,92.530,93.800,92.500,92.510,92.530,603030,56082463.000,1300,92.510,16500,92.500,200,92.490,1600,92.480,100,92.470,200,92.530,1250,92.540,100,92.550,300,92.560,1700,92.570,2019-04-18,10:06:59,00";
var hq_str_sh603259="药明康德,93.000,93.940,93.020,93.800,92.500,93.020,93.080,632980,58859010.000,100,93.020,200,93.010,19600,93.000,600,92.910,300,92.800,2000,93.080,200,93.090,500,93.100,100,93.150,400,93.160,2019-04-18,10:07:56,00";
var hq_str_sh603259="药明康德,93.000,93.940,93.030,93.800,92.500,93.000,93.050,646280,60096203.000,14100,93.000,300,92.880,500,92.800,300,92.700,100,92.640,200,93.050,600,93.060,100,93.070,500,93.090,5500,93.100,2019-04-18,10:08:56,00";
var hq_str_sh603259="药明康德,93.000,93.940,92.970,93.800,92.500,92.880,92.990,664980,61835416.000,300,92.880,600,92.800,300,92.700,100,92.640,200,92.580,100,92.990,4900,93.000,2000,93.030,1100,93.040,500,93.050,2019-04-18,10:09:59,00";
var hq_str_sh603259="药明康德,93.000,93.940,92.700,93.800,92.500,92.700,92.880,669780,62280564.000,11000,92.700,300,92.640,200,92.580,100,92.540,200,92.530,700,92.880,6000,92.990,4700,93.000,1000,93.010,1000,93.020,2019-04-18,10:10:59,00";
var hq_str_sh603259="药明康德,93.000,93.940,92.880,93.800,92.500,92.760,92.880,671580,62447539.000,100,92.760,2000,92.750,1000,92.740,100,92.730,500,92.720,100,92.880,1000,92.980,5500,92.990,4700,93.000,1000,93.010,2019-04-18,10:11:58,00";
var hq_str_sh603259="药明康德,93.000,93.940,92.880,93.800,92.500,92.880,92.920,677580,63004783.000,400,92.880,2500,92.750,100,92.730,2500,92.720,500,92.710,500,92.920,800,92.980,500,92.990,4800,93.000,1000,93.010,2019-04-18,10:12:58,00";
var hq_str_sh603259="药明康德,93.000,93.940,92.990,93.800,92.500,92.990,93.000,682680,63478944.000,200,92.990,300,92.770,300,92.760,2500,92.750,300,92.740,3400,93.000,1000,93.010,1000,93.020,2000,93.030,300,93.050,2019-04-18,10:13:58,00";
var hq_str_sh603259="药明康德,93.000,93.940,92.800,93.800,92.500,92.880,92.990,687680,63943718.000,200,92.880,400,92.870,100,92.840,800,92.800,2000,92.770,2600,92.990,3400,93.000,1000,93.010,1000,93.020,2000,93.030,2019-04-18,10:14:59,00";
var hq_str_sh603259="药明康德,93.000,93.940,92.950,93.800,92.500,92.900,92.950,690780,64231839.000,300,92.900,300,92.890,100,92.870,1000,92.800,1900,92.770,1400,92.950,2600,92.990,6900,93.000,1000,93.010,1000,93.020,2019-04-18,10:15:59,00";
var hq_str_sh603259="药明康德,93.000,93.940,92.890,93.800,92.500,92.890,92.900,693280,64464085.000,200,92.890,200,92.870,1000,92.860,200,92.810,1100,92.800,2800,92.900,2000,92.930,1400,92.950,1800,92.990,7000,93.000,2019-04-18,10:16:59,00";
var hq_str_sh603259="药明康德,93.000,93.940,92.890,93.800,92.500,92.870,92.890,696780,64789194.000,600,92.870,1000,92.860,300,92.820,300,92.810,1000,92.800,2500,92.890,2700,92.900,2000,92.930,1400,92.950,1800,92.990,2019-04-18,10:17:56,00";
var hq_str_sh603259="药明康德,93.000,93.940,92.890,93.800,92.500,92.920,92.930,705180,65569544.000,100,92.920,2700,92.890,100,92.880,600,92.870,100,92.830,900,92.930,1400,92.950,1800,92.990,7000,93.000,1400,93.010,2019-04-18,10:18:53,00";
var hq_str_sh603259="药明康德,93.000,93.940,92.920,93.800,92.500,92.890,92.920,709880,66006266.000,2200,92.890,300,92.880,300,92.820,1400,92.800,1000,92.780,100,92.920,1800,92.990,7500,93.000,1400,93.010,1000,93.020,2019-04-18,10:19:56,00";
var hq_str_sh603259="药明康德,93.000,93.940,92.900,93.800,92.500,92.900,92.910,712180,66220046.000,2100,92.900,2100,92.890,300,92.880,1500,92.800,1000,92.780,100,92.910,400,92.980,3800,92.990,7500,93.000,1400,93.010,2019-04-18,10:20:59,00";
var hq_str_sh603259="药明康德,93.000,93.940,92.890,93.800,92.500,92.890,92.900,718880,66842503.000,700,92.890,300,92.880,1500,92.800,1100,92.780,100,92.770,7100,92.900,100,92.950,600,92.980,3800,92.990,7500,93.000,2019-04-18,10:21:58,00";
var hq_str_sh603259="药明康德,93.000,93.940,92.870,93.800,92.500,92.780,92.800,722380,67167443.000,1100,92.780,100,92.770,10400,92.760,100,92.750,800,92.740,1700,92.800,1200,92.870,600,92.880,800,92.890,10000,92.900,2019-04-18,10:22:59,00";
var hq_str_sh603259="药明康德,93.000,93.940,92.870,93.800,92.500,92.760,92.880,743680,69144358.000,10900,92.760,200,92.750,800,92.740,400,92.730,2600,92.720,3700,92.880,300,92.890,2000,92.900,100,92.950,500,92.980,2019-04-18,10:23:58,00";
var hq_str_sh603259="药明康德,93.000,93.940,92.800,93.800,92.500,92.800,92.810,754080,70109256.000,200,92.800,300,92.760,500,92.750,800,92.740,500,92.730,800,92.810,2700,92.880,300,92.890,2000,92.900,100,92.950,2019-04-18,10:24:58,00";
var hq_str_sh603259="药明康德,93.000,93.940,92.810,93.800,92.500,92.810,92.880,756280,70313452.000,2000,92.810,100,92.800,100,92.780,1200,92.760,500,92.750,2400,92.880,300,92.890,1900,92.900,100,92.950,500,92.980,2019-04-18,10:25:58,00";
var hq_str_sh603259="药明康德,93.000,93.940,92.900,93.800,92.500,92.890,92.900,762580,70898509.000,100,92.890,600,92.880,200,92.840,400,92.830,600,92.820,500,92.900,100,92.950,500,92.980,300,92.990,7100,93.000,2019-04-18,10:26:59,00";
var hq_str_sh603259="药明康德,93.000,93.940,93.050,93.800,92.500,93.030,93.060,777280,72265642.000,900,93.030,1000,93.020,300,93.010,10900,93.000,400,92.910,600,93.060,100,93.080,100,93.150,400,93.160,100,93.180,2019-04-18,10:27:56,00";
var hq_str_sh603259="药明康德,93.000,93.940,93.180,93.800,92.500,93.180,93.190,781280,72637938.000,900,93.180,500,93.160,1200,93.150,1800,93.080,4500,93.060,100,93.190,300,93.200,400,93.250,600,93.290,100,93.300,2019-04-18,10:28:59,00";
var hq_str_sh603259="药明康德,93.000,93.940,93.150,93.800,92.500,93.160,93.190,785380,73019957.000,100,93.160,300,93.150,1800,93.080,4300,93.060,500,93.020,100,93.190,400,93.200,400,93.250,100,93.260,600,93.290,2019-04-18,10:29:56,00";
var hq_str_sh603259="药明康德,93.000,93.940,93.060,93.800,92.500,93.100,93.180,789780,73429564.000,100,93.100,100,93.070,3100,93.060,500,93.020,900,93.000,200,93.180,100,93.190,300,93.200,100,93.240,400,93.250,2019-04-18,10:30:58,00";
var hq_str_sh603259="药明康德,93.000,93.940,93.060,93.800,92.500,93.030,93.060,794880,73904183.000,100,93.030,500,93.020,100,93.010,1000,93.000,400,92.910,3700,93.060,400,93.140,2100,93.170,300,93.180,100,93.190,2019-04-18,10:31:56,00";
var hq_str_sh603259="药明康德,93.000,93.940,93.010,93.800,92.500,93.000,93.010,800080,74387893.000,1000,93.000,600,92.900,100,92.890,400,92.880,200,92.850,1200,93.010,1200,93.020,8100,93.030,4300,93.060,100,93.130,2019-04-18,10:33:58,00";
var hq_str_sh603259="药明康德,93.000,93.940,92.900,93.800,92.500,92.900,93.000,801680,74536678.000,500,92.900,100,92.890,400,92.880,200,92.850,200,92.830,2000,93.000,1800,93.010,1000,93.020,8100,93.030,4300,93.060,2019-04-18,10:34:58,00";
var hq_str_sh603259="药明康德,93.000,93.940,92.900,93.800,92.500,92.910,93.000,803080,74666798.000,400,92.910,300,92.900,100,92.890,500,92.880,200,92.850,1400,93.000,1700,93.010,1000,93.020,8100,93.030,100,93.050,2019-04-18,10:35:59,00";
var hq_str_sh603259="药明康德,93.000,93.940,92.800,93.800,92.500,92.880,92.970,805280,74871108.000,100,92.880,1000,92.870,1800,92.850,2000,92.800,200,92.780,300,92.970,1000,92.990,1400,93.000,1800,93.010,1000,93.020,2019-04-18,10:36:58,00";
var hq_str_sh603259="药明康德,93.000,93.940,92.970,93.800,92.500,92.880,92.970,810780,75381864.000,200,92.880,500,92.810,2400,92.800,200,92.780,800,92.770,500,92.970,1000,92.990,1400,93.000,1800,93.010,500,93.020,2019-04-18,10:37:59,00";
var hq_str_sh603259="药明康德,93.000,93.940,92.810,93.800,92.500,92.810,92.870,819180,76161494.000,300,92.810,700,92.800,200,92.780,900,92.770,1300,92.760,800,92.870,400,92.970,1000,92.990,2600,93.000,1800,93.010,2019-04-18,10:38:58,00";
var hq_str_sh603259="药明康德,93.000,93.940,92.950,93.800,92.500,92.810,92.930,829180,77090184.000,1300,92.810,400,92.800,700,92.780,900,92.770,1300,92.760,300,92.930,300,92.970,100,92.980,1000,92.990,2600,93.000,2019-04-18,10:40:02,00";
var hq_str_sh603259="药明康德,93.000,93.940,92.940,93.800,92.500,92.820,92.940,831780,77331786.000,1100,92.820,1200,92.810,900,92.800,100,92.780,1000,92.770,1600,92.940,600,92.950,200,92.970,700,92.980,1000,92.990,2019-04-18,10:40:53,00";
var hq_str_sh603259="药明康德,93.000,93.940,92.890,93.800,92.500,92.850,92.940,836080,77731405.000,100,92.850,2100,92.830,12900,92.820,1800,92.810,8100,92.800,100,92.940,600,92.990,2000,93.000,1800,93.010,500,93.020,2019-04-18,10:41:59,00";
var hq_str_sh603259="药明康德,93.000,93.940,92.850,93.800,92.500,92.890,92.990,839280,78028574.000,100,92.890,900,92.850,3200,92.830,18200,92.820,1100,92.810,700,92.990,2300,93.000,1800,93.010,500,93.020,100,93.050,2019-04-18,10:42:56,00";
var hq_str_sh603259="药明康德,93.000,93.940,92.980,93.800,92.500,92.860,92.990,841580,78242224.000,2700,92.860,2700,92.850,4000,92.830,18500,92.820,1400,92.810,900,92.990,2300,93.000,1800,93.010,500,93.020,100,93.050,2019-04-18,10:43:59,00";
var hq_str_sh603259="药明康德,93.000,93.940,92.970,93.800,92.500,92.860,92.980,844680,78530160.000,2600,92.860,2800,92.850,1000,92.830,18500,92.820,1600,92.810,2000,92.980,1300,92.990,2300,93.000,1800,93.010,500,93.020,2019-04-18,10:44:58,00";
var hq_str_sh603259="药明康德,93.000,93.940,92.860,93.800,92.500,92.860,92.980,848980,78929611.000,1400,92.860,2800,92.850,900,92.830,18500,92.820,700,92.810,1700,92.980,1200,92.990,2300,93.000,1800,93.010,500,93.020,2019-04-18,10:45:56,00";
var hq_str_sh603259="药明康德,93.000,93.940,92.880,93.800,92.500,92.880,92.980,853480,79347484.000,2000,92.880,300,92.860,2700,92.850,2000,92.840,1000,92.830,800,92.980,1200,92.990,2300,93.000,1800,93.010,500,93.020,2019-04-18,10:46:59,00";
var hq_str_sh603259="药明康德,93.000,93.940,92.970,93.800,92.500,92.890,92.990,855780,79561270.000,200,92.890,500,92.880,700,92.860,2700,92.850,1000,92.840,1200,92.990,2300,93.000,1800,93.010,500,93.020,100,93.050,2019-04-18,10:47:59,00";
var hq_str_sh603259="药明康德,93.000,93.940,93.000,93.800,92.500,92.960,93.000,860480,79998093.000,400,92.960,600,92.860,2400,92.850,1000,92.840,1300,92.830,1300,93.000,1800,93.010,500,93.020,100,93.050,4300,93.060,2019-04-18,10:48:59,00";
var hq_str_sh603259="药明康德,93.000,93.940,92.960,93.800,92.500,92.960,93.000,862989,80231378.000,91,92.960,100,92.900,1900,92.870,1000,92.860,7600,92.850,100,93.000,1800,93.010,500,93.020,100,93.050,4300,93.060,2019-04-18,10:49:56,00";
var hq_str_sh603259="药明康德,93.000,93.940,93.000,93.800,92.500,93.000,93.060,869880,80872316.000,600,93.000,2200,92.980,100,92.960,100,92.940,200,92.930,2809,93.060,500,93.080,300,93.180,100,93.190,400,93.250,2019-04-18,10:50:56,00";
var hq_str_sh603259="药明康德,93.000,93.940,93.320,93.800,92.500,93.300,93.320,876089,81450630.000,100,93.300,1000,93.290,300,93.260,200,93.190,300,93.100,1300,93.320,100,93.340,400,93.350,400,93.370,200,93.400,2019-04-18,10:51:59,00";
var hq_str_sh603259="药明康德,93.000,93.940,93.200,93.800,92.500,93.190,93.200,879589,81777004.000,200,93.190,300,93.100,3000,93.020,500,93.010,1300,93.000,900,93.200,800,93.230,800,93.250,1600,93.260,1400,93.280,2019-04-18,10:52:56,00";
var hq_str_sh603259="药明康德,93.000,93.940,93.020,93.800,92.500,93.020,93.080,880889,81897988.000,2700,93.020,300,93.010,1300,93.000,4000,92.980,300,92.940,800,93.080,900,93.090,1500,93.100,800,93.150,100,93.170,2019-04-18,10:53:56,00";
var hq_str_sh603259="药明康德,93.000,93.940,93.060,93.800,92.500,93.030,93.040,882489,82046887.000,800,93.030,2000,93.020,300,93.010,1300,93.000,2100,92.980,700,93.040,400,93.060,1600,93.070,100,93.080,1200,93.100,2019-04-18,10:54:53,00";
var hq_str_sh603259="药明康德,93.000,93.940,93.100,93.800,92.500,93.080,93.100,887989,82558730.000,100,93.080,800,93.070,1300,93.030,2000,93.020,200,93.010,500,93.100,800,93.150,100,93.170,400,93.190,900,93.200,2019-04-18,10:55:56,00";
var hq_str_sh603259="药明康德,93.000,93.940,93.190,93.800,92.500,93.100,93.170,891089,82847480.000,1000,93.100,1800,93.090,2200,93.080,1200,93.030,2000,93.020,800,93.170,800,93.190,1000,93.200,800,93.230,800,93.250,2019-04-18,10:56:56,00";
var hq_str_sh603259="药明康德,93.000,93.940,93.120,93.800,92.500,93.110,93.120,894089,83126881.000,300,93.110,1300,93.100,100,93.080,600,93.030,2000,93.020,700,93.120,900,93.130,100,93.150,800,93.170,1000,93.190,2019-04-18,10:57:53,00";
var hq_str_sh603259="药明康德,93.000,93.940,93.110,93.800,92.500,93.100,93.110,898889,83573842.000,600,93.100,100,93.080,100,93.050,1000,93.030,2000,93.020,600,93.110,900,93.130,100,93.150,800,93.170,200,93.190,2019-04-18,10:58:59,00";
var hq_str_sh603259="药明康德,93.000,93.940,93.050,93.800,92.500,93.030,93.040,900689,83741372.000,1100,93.030,2000,93.020,200,93.010,2700,93.000,2000,92.980,500,93.040,100,93.050,1500,93.060,800,93.080,300,93.100,2019-04-18,10:59:59,00";
var hq_str_sh603259="药明康德,93.000,93.940,93.040,93.800,92.500,93.060,93.080,905389,84178701.000,100,93.060,1700,93.040,1400,93.030,2100,93.020,12100,93.010,800,93.080,300,93.100,400,93.110,900,93.130,800,93.170,2019-04-18,11:00:56,00";
var hq_str_sh603259="药明康德,93.000,93.940,93.060,93.800,92.500,93.060,93.080,908789,84495102.000,700,93.060,800,93.050,1700,93.040,1400,93.030,4000,93.020,800,93.080,300,93.100,400,93.110,1100,93.120,900,93.130,2019-04-18,11:01:59,00";
var hq_str_sh603259="药明康德,93.000,93.940,93.050,93.800,92.500,93.050,93.060,911189,84718456.000,700,93.050,1900,93.040,1400,93.030,4000,93.020,12200,93.010,1600,93.060,400,93.080,200,93.100,400,93.110,1100,93.120,2019-04-18,11:02:56,00";
var hq_str_sh603259="药明康德,93.000,93.940,93.040,93.800,92.500,93.030,93.040,916889,85248852.000,1400,93.030,4000,93.020,12200,93.010,3000,93.000,1100,92.980,1300,93.040,900,93.060,900,93.080,400,93.110,1100,93.120,2019-04-18,11:03:59,00";
var hq_str_sh603259="药明康德,93.000,93.940,93.020,93.800,92.500,93.030,93.040,920289,85565155.000,1000,93.030,3700,93.020,12200,93.010,3100,93.000,1100,92.980,700,93.040,900,93.060,900,93.080,400,93.110,1100,93.120,2019-04-18,11:04:59,00";
var hq_str_sh603259="药明康德,93.000,93.940,93.040,93.800,92.500,93.040,93.060,924589,85965183.000,400,93.040,3000,93.020,12200,93.010,2100,93.000,1100,92.980,1100,93.060,900,93.080,400,93.110,1100,93.120,900,93.130,2019-04-18,11:05:53,00";
var hq_str_sh603259="药明康德,93.000,93.940,93.080,93.800,92.500,93.020,93.060,930689,86532717.000,1000,93.020,300,93.010,2100,93.000,1100,92.980,100,92.950,800,93.060,800,93.080,400,93.110,1100,93.120,900,93.130,2019-04-18,11:06:59,00";
var hq_str_sh603259="药明康德,93.000,93.940,93.020,93.800,92.500,93.010,93.020,931789,86635040.000,300,93.010,2100,93.000,1100,92.980,100,92.950,400,92.940,400,93.020,700,93.040,600,93.050,800,93.060,800,93.080,2019-04-18,11:07:59,00";
var hq_str_sh603259="药明康德,93.000,93.940,93.010,93.800,92.500,93.010,93.020,937689,87183852.000,10100,93.010,2100,93.000,1200,92.980,100,92.950,400,92.940,800,93.020,300,93.040,600,93.050,800,93.060,800,93.080,2019-04-18,11:08:59,00";
var hq_str_sh603259="药明康德,93.000,93.940,93.000,93.800,92.500,93.000,93.010,952989,88606925.000,1200,93.000,1200,92.980,100,92.950,400,92.940,200,92.930,200,93.010,1000,93.020,300,93.040,800,93.060,800,93.080,2019-04-18,11:09:56,00";
var hq_str_sh603259="药明康德,93.000,93.940,93.010,93.800,92.500,93.010,93.020,957689,89044012.000,500,93.010,500,92.980,100,92.950,400,92.940,200,92.930,100,93.020,300,93.040,800,93.060,800,93.080,600,93.100,2019-04-18,11:10:59,00";
var hq_str_sh603259="药明康德,93.000,93.940,92.940,93.800,92.500,92.930,93.000,960589,89313667.000,200,92.930,200,92.900,100,92.880,300,92.860,6400,92.850,900,93.000,100,93.020,300,93.040,800,93.060,800,93.080,2019-04-18,11:11:59,00";
var hq_str_sh603259="药明康德,93.000,93.940,92.900,93.800,92.500,92.890,92.900,961689,89415863.000,500,92.890,600,92.880,800,92.860,6400,92.850,600,92.840,400,92.900,700,92.920,700,92.930,900,93.000,100,93.020,2019-04-18,11:12:59,00";
var hq_str_sh603259="药明康德,93.000,93.940,92.860,93.800,92.500,92.850,92.860,964789,89703787.000,6600,92.850,600,92.840,100,92.830,600,92.820,5500,92.810,100,92.860,800,92.880,300,92.900,600,92.920,500,92.930,2019-04-18,11:13:59,00";
var hq_str_sh603259="药明康德,93.000,93.940,92.850,93.800,92.500,92.860,92.880,968489,90047387.000,600,92.860,6300,92.850,600,92.840,100,92.830,600,92.820,800,92.880,500,92.900,600,92.920,500,92.930,900,93.000,2019-04-18,11:14:56,00";
var hq_str_sh603259="药明康德,93.000,93.940,92.920,93.800,92.500,92.880,92.910,971589,90335357.000,1600,92.880,1000,92.870,600,92.860,6700,92.850,1000,92.840,800,92.910,500,92.930,900,93.000,300,93.040,800,93.060,2019-04-18,11:15:56,00";
var hq_str_sh603259="药明康德,93.000,93.940,92.900,93.800,92.500,92.900,92.910,973589,90521174.000,6300,92.900,200,92.890,3000,92.880,1000,92.870,500,92.860,800,92.910,500,92.930,900,93.000,300,93.040,800,93.060,2019-04-18,11:16:53,00";
var hq_str_sh603259="药明康德,93.000,93.940,92.960,93.800,92.500,92.980,93.000,977889,90920809.000,100,92.980,1400,92.930,300,92.920,800,92.910,6100,92.900,900,93.000,300,93.040,800,93.060,1500,93.080,100,93.090,2019-04-18,11:17:56,00";
var hq_str_sh603259="药明康德,93.000,93.940,93.000,93.800,92.500,92.930,93.040,980589,91171937.000,200,92.930,1100,92.920,700,92.910,500,92.900,3500,92.880,100,93.040,800,93.060,1500,93.080,100,93.090,500,93.100,2019-04-18,11:18:56,00";
var hq_str_sh603259="药明康德,93.000,93.940,93.020,93.800,92.500,93.040,93.060,982489,91348683.000,100,93.040,100,93.020,1200,93.000,1000,92.950,2200,92.930,700,93.060,1500,93.080,100,93.090,500,93.100,1100,93.120,2019-04-18,11:19:59,00";
var hq_str_sh603259="药明康德,93.000,93.940,92.700,93.800,92.500,92.700,92.720,1029789,95739427.000,4000,92.700,1400,92.680,500,92.660,500,92.650,100,92.640,1600,92.720,200,92.750,800,92.780,500,92.800,100,92.870,2019-04-18,11:20:56,00";
var hq_str_sh603259="药明康德,93.000,93.940,92.740,93.800,92.500,92.780,92.890,1035289,96249508.000,100,92.780,3600,92.750,200,92.730,1500,92.720,200,92.710,800,92.890,200,92.910,100,92.940,100,92.950,300,92.970,2019-04-18,11:21:56,00";
var hq_str_sh603259="药明康德,93.000,93.940,92.850,93.800,92.500,92.800,92.830,1037589,96463107.000,500,92.800,1100,92.790,100,92.780,200,92.770,6600,92.750,900,92.830,200,92.850,300,92.890,200,92.910,100,92.940,2019-04-18,11:22:59,00";
var hq_str_sh603259="药明康德,93.000,93.940,92.850,93.800,92.500,92.850,92.870,1043937,97052384.000,4700,92.850,152,92.830,800,92.800,700,92.790,100,92.780,800,92.870,200,92.890,200,92.910,100,92.950,300,92.970,2019-04-18,11:23:53,00";
var hq_str_sh603259="药明康德,93.000,93.940,92.850,93.800,92.500,92.850,92.870,1050237,97637345.000,500,92.850,100,92.830,800,92.800,700,92.790,200,92.780,500,92.870,200,92.890,200,92.910,100,92.950,300,92.970,2019-04-18,11:24:53,00";
var hq_str_sh603259="药明康德,93.000,93.940,92.820,93.800,92.500,92.800,92.820,1052037,97804468.000,1300,92.800,500,92.790,200,92.780,200,92.770,6600,92.750,500,92.820,1000,92.830,500,92.850,200,92.860,1400,92.870,2019-04-18,11:25:59,00";
var hq_str_sh603259="药明康德,93.000,93.940,92.770,93.800,92.500,92.780,92.790,1059937,98537451.000,100,92.780,200,92.770,4200,92.750,100,92.740,600,92.730,100,92.790,800,92.820,800,92.830,500,92.850,100,92.870,2019-04-18,11:26:59,00";
var hq_str_sh603259="药明康德,93.000,93.940,92.730,93.800,92.500,92.710,92.720,1079037,100308958.000,300,92.710,4000,92.700,3200,92.680,100,92.670,500,92.660,400,92.720,100,92.740,15300,92.750,700,92.810,800,92.830,2019-04-18,11:27:53,00";
var hq_str_sh603259="药明康德,93.000,93.940,92.690,93.800,92.500,92.690,92.700,1100437,102293402.000,100,92.690,3800,92.680,100,92.670,500,92.660,1600,92.650,3000,92.700,400,92.730,3700,92.750,700,92.810,800,92.830,2019-04-18,11:28:53,00";
var hq_str_sh603259="药明康德,93.000,93.940,92.680,93.800,92.500,92.670,92.680,1104937,102710503.000,100,92.670,900,92.660,1800,92.650,100,92.640,4900,92.610,100,92.680,1600,92.700,400,92.730,3700,92.750,700,92.810,2019-04-18,11:29:56,00";
var hq_str_sh603259="药明康德,93.000,93.940,92.680,93.800,92.500,92.670,92.680,1104937,102710503.000,100,92.670,900,92.660,1800,92.650,100,92.640,4900,92.610,100,92.680,1600,92.700,400,92.730,3700,92.750,700,92.810,2019-04-18,11:30:00,00";
var hq_str_sh603259="药明康德,93.000,93.940,92.690,93.800,92.500,92.630,92.680,1121437,104239448.000,400,92.630,900,92.620,4100,92.610,5900,92.600,500,92.580,800,92.680,1600,92.700,500,92.730,100,92.750,700,92.810,2019-04-18,13:00:56,00";
var hq_str_sh603259="药明康德,93.000,93.940,92.680,93.800,92.500,92.610,92.700,1131437,105165738.000,500,92.610,6200,92.600,500,92.580,500,92.560,600,92.550,1400,92.700,500,92.730,200,92.750,700,92.810,800,92.830,2019-04-18,13:01:56,00";
var hq_str_sh603259="药明康德,93.000,93.940,92.630,93.800,92.500,92.650,92.670,1132537,105267616.000,100,92.650,100,92.630,1200,92.620,600,92.610,6300,92.600,800,92.670,700,92.690,1400,92.700,500,92.730,200,92.750,2019-04-18,13:02:56,00";
var hq_str_sh603259="药明康德,93.000,93.940,92.650,93.800,92.500,92.630,92.650,1134837,105480761.000,1700,92.630,1200,92.620,1100,92.610,7100,92.600,500,92.580,700,92.650,200,92.670,700,92.690,1400,92.700,500,92.730,2019-04-18,13:03:56,00";
var hq_str_sh603259="药明康德,93.000,93.940,92.650,93.800,92.500,92.630,92.650,1138737,105842066.000,1400,92.630,1200,92.620,1600,92.610,8200,92.600,500,92.580,600,92.650,100,92.670,700,92.690,1400,92.700,500,92.730,2019-04-18,13:04:56,00";
var hq_str_sh603259="药明康德,93.000,93.940,92.650,93.800,92.500,92.640,92.650,1141937,106138549.000,100,92.640,1300,92.630,900,92.620,1700,92.610,8200,92.600,300,92.650,200,92.670,700,92.690,1400,92.700,500,92.730,2019-04-18,13:05:56,00";
var hq_str_sh603259="药明康德,93.000,93.940,92.700,93.800,92.500,92.650,92.690,1146337,106546348.000,1300,92.650,800,92.640,1300,92.630,900,92.620,1500,92.610,500,92.690,500,92.730,200,92.750,700,92.810,800,92.830,2019-04-18,13:06:56,00";
var hq_str_sh603259="药明康德,93.000,93.940,92.660,93.800,92.500,92.660,92.710,1148837,106778069.000,900,92.660,1900,92.650,800,92.640,3800,92.630,900,92.620,800,92.710,500,92.730,200,92.750,700,92.810,800,92.830,2019-04-18,13:07:53,00";
var hq_str_sh603259="药明康德,93.000,93.940,92.690,93.800,92.500,92.660,92.710,1151637,107037580.000,4100,92.660,2000,92.650,700,92.640,3800,92.630,900,92.620,700,92.710,500,92.730,200,92.750,700,92.810,800,92.830,2019-04-18,13:08:56,00";
var hq_str_sh603259="药明康德,93.000,93.940,92.750,93.800,92.500,92.750,92.790,1154637,107315752.000,100,92.750,2200,92.730,300,92.700,100,92.690,300,92.680,800,92.790,700,92.810,900,92.830,500,92.850,100,92.870,2019-04-18,13:09:56,00";
var hq_str_sh603259="药明康德,93.000,93.940,92.750,93.800,92.500,92.740,92.750,1156637,107501254.000,100,92.740,200,92.730,300,92.700,100,92.690,1700,92.680,600,92.750,800,92.770,800,92.790,700,92.810,900,92.830,2019-04-18,13:10:56,00";
var hq_str_sh603259="药明康德,93.000,93.940,92.770,93.800,92.500,92.750,92.770,1160237,107835137.000,1200,92.750,100,92.720,100,92.700,1300,92.690,1700,92.680,100,92.770,800,92.790,700,92.810,900,92.830,500,92.850,2019-04-18,13:11:56,00";
var hq_str_sh603259="药明康德,93.000,93.940,92.740,93.800,92.500,92.720,92.740,1163037,108094859.000,100,92.720,200,92.710,400,92.700,1300,92.690,1700,92.680,500,92.740,100,92.760,800,92.770,700,92.790,600,92.810,2019-04-18,13:12:53,00";
var hq_str_sh603259="药明康德,93.000,93.940,92.950,93.800,92.500,92.830,92.980,1171137,108846719.000,100,92.830,5000,92.760,1000,92.740,200,92.720,200,92.710,900,92.980,100,92.990,1100,93.000,700,93.060,1500,93.080,2019-04-18,13:14:05,00";
var hq_str_sh603259="药明康德,93.000,93.940,92.950,93.800,92.500,92.840,92.930,1172737,108995270.000,100,92.840,200,92.770,4600,92.760,100,92.750,1000,92.740,700,92.930,100,92.950,400,92.960,1000,92.980,200,92.990,2019-04-18,13:14:53,00";
var hq_str_sh603259="药明康德,93.000,93.940,92.960,93.800,92.500,92.960,92.970,1176637,109357814.000,600,92.960,1000,92.850,300,92.770,4600,92.760,100,92.750,600,92.970,200,92.990,1300,93.000,700,93.060,1700,93.080,2019-04-18,13:15:59,00";
var hq_str_sh603259="药明康德,93.000,93.940,93.000,93.800,92.500,93.000,93.040,1181637,109822744.000,300,93.000,3600,92.970,500,92.880,100,92.780,400,92.770,800,93.040,500,93.060,1000,93.080,300,93.090,500,93.100,2019-04-18,13:16:59,00";
var hq_str_sh603259="药明康德,93.000,93.940,93.060,93.800,92.500,93.000,93.050,1186437,110269159.000,500,93.000,1700,92.970,100,92.950,500,92.880,2500,92.870,900,93.050,500,93.070,2000,93.080,200,93.090,600,93.100,2019-04-18,13:17:59,00";
var hq_str_sh603259="药明康德,93.000,93.940,93.030,93.800,92.500,92.970,93.030,1189037,110511033.000,2300,92.970,100,92.950,1800,92.880,2500,92.870,1100,92.800,800,93.030,100,93.040,800,93.050,200,93.060,900,93.070,2019-04-18,13:18:56,00";
var hq_str_sh603259="药明康德,93.000,93.940,92.950,93.800,92.500,92.880,92.970,1193637,110938788.000,1800,92.880,1200,92.800,100,92.780,400,92.770,4500,92.760,6200,92.970,700,93.000,600,93.020,2400,93.030,400,93.040,2019-04-18,13:19:56,00";
var hq_str_sh603259="药明康德,93.000,93.940,92.780,93.800,92.500,92.770,92.780,1198137,111356721.000,400,92.770,4500,92.760,100,92.750,1000,92.740,100,92.720,600,92.780,2100,92.800,200,92.940,800,92.950,500,92.960,2019-04-18,13:20:53,00";
var hq_str_sh603259="药明康德,93.000,93.940,92.770,93.800,92.500,92.770,92.780,1205237,112015436.000,600,92.770,3100,92.760,1300,92.750,1000,92.740,100,92.720,800,92.780,1300,92.800,100,92.870,200,92.940,800,92.950,2019-04-18,13:21:53,00";
var hq_str_sh603259="药明康德,93.000,93.940,92.700,93.800,92.500,92.690,92.700,1214937,112914958.000,300,92.690,1800,92.680,1000,92.670,1000,92.660,4900,92.650,200,92.700,800,92.730,700,92.750,400,92.770,800,92.780,2019-04-18,13:22:56,00";
var hq_str_sh603259="药明康德,93.000,93.940,92.650,93.800,92.500,92.670,92.730,1242937,115508960.000,200,92.670,400,92.620,1600,92.600,200,92.590,500,92.580,500,92.730,700,92.750,400,92.770,800,92.780,100,92.870,2019-04-18,13:23:56,00";
var hq_str_sh603259="药明康德,93.000,93.940,92.770,93.800,92.500,92.710,92.730,1245837,115777926.000,200,92.710,700,92.700,100,92.670,300,92.650,500,92.620,400,92.730,300,92.870,100,92.940,800,92.950,500,92.960,2019-04-18,13:24:56,00";
var hq_str_sh603259="药明康德,93.000,93.940,92.770,93.800,92.500,92.750,92.850,1248037,115981984.000,200,92.750,100,92.740,1200,92.730,200,92.710,1400,92.700,800,92.850,300,92.870,200,92.940,800,92.950,500,92.960,2019-04-18,13:25:59,00";
var hq_str_sh603259="药明康德,93.000,93.940,92.770,93.800,92.500,92.770,92.780,1250937,116251175.000,1700,92.770,300,92.750,100,92.740,700,92.730,200,92.710,800,92.780,200,92.800,100,92.850,400,92.870,200,92.940,2019-04-18,13:26:56,00";
var hq_str_sh603259="药明康德,93.000,93.940,92.770,93.800,92.500,92.850,92.920,1255637,116687354.000,100,92.850,300,92.770,200,92.750,100,92.740,100,92.730,800,92.920,200,92.940,800,92.950,500,92.960,1600,93.000,2019-04-18,13:27:56,00";
var hq_str_sh603259="药明康德,93.000,93.940,92.940,93.800,92.500,92.880,92.930,1259537,117049805.000,1000,92.880,100,92.850,200,92.800,300,92.770,200,92.750,800,92.930,400,92.940,700,92.950,1100,92.990,1700,93.000,2019-04-18,13:28:56,00";
var hq_str_sh603259="药明康德,93.000,93.940,92.800,93.800,92.500,92.770,92.780,1263037,117374948.000,400,92.770,1400,92.750,100,92.740,100,92.730,100,92.710,700,92.780,600,92.800,900,92.860,1400,92.880,700,92.950,2019-04-18,13:29:56,00";
var hq_str_sh603259="药明康德,93.000,93.940,92.750,93.800,92.500,92.750,92.770,1267837,117820244.000,300,92.750,100,92.740,100,92.730,300,92.720,200,92.710,800,92.770,300,92.790,2100,92.800,200,92.830,800,92.840,2019-04-18,13:30:56,00";
var hq_str_sh603259="药明康德,93.000,93.940,92.700,93.800,92.500,92.700,92.710,1274437,118432115.000,400,92.700,200,92.690,1000,92.680,100,92.670,100,92.660,100,92.710,100,92.730,800,92.750,800,92.770,300,92.790,2019-04-18,13:31:56,00";
var hq_str_sh603259="药明康德,93.000,93.940,92.680,93.800,92.500,92.680,92.690,1279937,118941799.000,100,92.680,200,92.670,1000,92.650,500,92.630,800,92.620,200,92.690,100,92.710,100,92.730,300,92.740,900,92.750,2019-04-18,13:32:59,00";
var hq_str_sh603259="药明康德,93.000,93.940,92.650,93.800,92.500,92.650,92.670,1281937,119127144.000,2700,92.650,300,92.630,1700,92.620,100,92.610,1700,92.600,700,92.670,600,92.690,1000,92.700,100,92.710,600,92.730,2019-04-18,13:33:56,00";
var hq_str_sh603259="药明康德,93.000,93.940,92.770,93.800,92.500,92.770,92.800,1295037,120342272.000,100,92.770,500,92.730,400,92.720,100,92.710,900,92.700,700,92.800,600,92.820,200,92.840,900,92.860,1800,92.880,2019-04-18,13:34:56,00";
var hq_str_sh603259="药明康德,93.000,93.940,92.880,93.800,92.500,92.820,92.860,1301037,120899331.000,300,92.820,100,92.810,1900,92.800,100,92.790,100,92.770,700,92.860,700,92.950,1100,92.990,3200,93.000,700,93.020,2019-04-18,13:35:56,00";
var hq_str_sh603259="药明康德,93.000,93.940,92.690,93.800,92.500,92.650,92.660,1311437,121863932.000,2700,92.650,300,92.630,800,92.620,100,92.610,3100,92.600,100,92.660,800,92.670,400,92.690,200,92.710,200,92.790,2019-04-18,13:36:56,00";
var hq_str_sh603259="药明康德,93.000,93.940,92.770,93.800,92.500,92.710,92.750,1315337,122225311.000,1400,92.710,500,92.680,400,92.670,1600,92.660,5300,92.650,900,92.750,700,92.770,500,92.780,500,92.790,5600,92.800,2019-04-18,13:37:56,00";
var hq_str_sh603259="药明康德,93.000,93.940,92.690,93.800,92.500,92.680,92.690,1316937,122373654.000,700,92.680,700,92.670,2600,92.660,5700,92.650,500,92.630,500,92.690,500,92.710,4300,92.730,900,92.750,700,92.770,2019-04-18,13:38:56,00";
var hq_str_sh603259="药明康德,93.000,93.940,92.660,93.800,92.500,92.660,92.680,1324237,123050117.000,800,92.660,8800,92.650,200,92.630,2000,92.620,400,92.610,700,92.680,400,92.690,600,92.710,4300,92.730,900,92.750,2019-04-18,13:39:56,00";
var hq_str_sh603259="药明康德,93.000,93.940,92.670,93.800,92.500,92.660,92.670,1330937,123670999.000,500,92.660,8800,92.650,200,92.630,2200,92.620,600,92.610,200,92.670,500,92.690,600,92.710,400,92.730,5900,92.750,2019-04-18,13:40:56,00";
var hq_str_sh603259="药明康德,93.000,93.940,92.670,93.800,92.500,92.700,92.730,1335437,124088130.000,1200,92.700,700,92.670,1900,92.660,9000,92.650,200,92.630,1200,92.730,5900,92.750,700,92.770,500,92.780,500,92.790,2019-04-18,13:41:59,00";
var hq_str_sh603259="药明康德,93.000,93.940,92.690,93.800,92.500,92.660,92.670,1339237,124440390.000,2000,92.660,8800,92.650,200,92.630,3700,92.620,500,92.610,800,92.670,100,92.690,100,92.700,900,92.720,1400,92.730,2019-04-18,13:42:56,00";
var hq_str_sh603259="药明康德,93.000,93.940,92.690,93.800,92.500,92.690,92.700,1352237,125645019.000,100,92.690,100,92.680,3300,92.650,300,92.630,3700,92.620,2700,92.700,400,92.720,1700,92.730,5900,92.750,700,92.770,2019-04-18,13:43:56,00";
var hq_str_sh603259="药明康德,93.000,93.940,92.680,93.800,92.500,92.660,92.680,1356337,126024943.000,3800,92.660,3600,92.650,300,92.630,3300,92.620,600,92.610,800,92.680,400,92.690,3200,92.700,1700,92.730,5900,92.750,2019-04-18,13:44:59,00";
var hq_str_sh603259="药明康德,93.000,93.940,92.670,93.800,92.500,92.660,92.670,1360037,126367837.000,5200,92.660,3700,92.650,300,92.630,3300,92.620,800,92.610,200,92.670,700,92.690,3200,92.700,1700,92.730,5900,92.750,2019-04-18,13:45:56,00";
var hq_str_sh603259="药明康德,93.000,93.940,92.690,93.800,92.500,92.670,92.690,1367437,127053563.000,800,92.670,600,92.660,3800,92.650,300,92.630,3100,92.620,400,92.690,2700,92.700,1700,92.730,5900,92.750,700,92.770,2019-04-18,13:46:57,00";
var hq_str_sh603259="药明康德,93.000,93.940,92.650,93.800,92.500,92.660,92.670,1373837,127646625.000,100,92.660,2600,92.650,300,92.630,3100,92.620,800,92.610,800,92.670,1200,92.690,2700,92.700,1600,92.730,5900,92.750,2019-04-18,13:47:56,00";
var hq_str_sh603259="药明康德,93.000,93.940,92.600,93.800,92.500,92.600,92.610,1390837,129221116.000,4300,92.600,200,92.590,1400,92.580,3100,92.560,1400,92.550,700,92.610,800,92.630,300,92.650,200,92.660,800,92.670,2019-04-18,13:48:57,00";
var hq_str_sh603259="药明康德,93.000,93.940,92.610,93.800,92.500,92.610,92.630,1402837,130332316.000,700,92.610,1300,92.600,100,92.590,500,92.580,4100,92.560,800,92.630,3000,92.650,200,92.660,800,92.670,500,92.690,2019-04-18,13:49:56,00";
var hq_str_sh603259="药明康德,93.000,93.940,92.610,93.800,92.500,92.610,92.630,1408137,130823163.000,100,92.610,300,92.600,200,92.590,600,92.580,100,92.570,300,92.630,3000,92.650,200,92.660,800,92.670,500,92.690,2019-04-18,13:50:57,00";
var hq_str_sh603259="药明康德,93.000,93.940,92.570,93.800,92.500,92.560,92.570,1410737,131063878.000,4100,92.560,1300,92.550,200,92.540,900,92.530,1200,92.520,500,92.570,500,92.590,800,92.600,100,92.610,3000,92.650,2019-04-18,13:51:57,00";
var hq_str_sh603259="药明康德,93.000,93.940,92.540,93.800,92.500,92.520,92.540,1420737,131989371.000,1300,92.520,5100,92.510,39600,92.500,500,92.490,1800,92.480,2500,92.540,600,92.550,500,92.570,100,92.590,800,92.600,2019-04-18,13:52:57,00";
var hq_str_sh603259="药明康德,93.000,93.940,92.530,93.800,92.500,92.530,92.540,1430737,132914578.000,1800,92.530,3800,92.510,40000,92.500,500,92.490,1800,92.480,2500,92.540,600,92.550,500,92.570,300,92.590,800,92.600,2019-04-18,13:54:00,00";
var hq_str_sh603259="药明康德,93.000,93.940,92.510,93.800,92.500,92.520,92.540,1442037,133960048.000,100,92.520,200,92.510,41100,92.500,400,92.490,1800,92.480,1300,92.540,400,92.550,500,92.570,300,92.590,1400,92.600,2019-04-18,13:54:57,00";
var hq_str_sh603259="药明康德,93.000,93.940,92.570,93.800,92.500,92.520,92.570,1447337,134450501.000,1700,92.520,2600,92.510,43300,92.500,400,92.490,2000,92.480,400,92.570,300,92.590,800,92.600,100,92.610,3000,92.650,2019-04-18,13:55:57,00";
var hq_str_sh603259="药明康德,93.000,93.940,92.600,93.800,92.500,92.570,92.600,1449937,134691212.000,100,92.570,500,92.550,400,92.540,1000,92.530,4900,92.520,500,92.600,100,92.610,3000,92.650,800,92.670,500,92.690,2019-04-18,13:57:00,00";
var hq_str_sh603259="药明康德,93.000,93.940,92.520,93.800,92.500,92.520,92.600,1461037,135718736.000,1500,92.520,5000,92.510,44500,92.500,400,92.490,2200,92.480,900,92.600,700,92.620,3000,92.650,800,92.670,500,92.690,2019-04-18,13:57:57,00";
var hq_str_sh603259="药明康德,93.000,93.940,92.540,93.800,92.500,92.540,92.550,1465337,136116725.000,100,92.540,3200,92.530,2200,92.520,5200,92.510,47300,92.500,3600,92.550,800,92.580,600,92.600,700,92.620,800,92.670,2019-04-18,13:58:57,00";
var hq_str_sh603259="药明康德,93.000,93.940,92.560,93.800,92.500,92.550,92.560,1472137,136746079.000,1100,92.550,800,92.540,12100,92.530,2100,92.520,5300,92.510,700,92.560,700,92.580,600,92.600,900,92.620,800,92.670,2019-04-18,13:59:56,00";
var hq_str_sh603259="药明康德,93.000,93.940,92.600,93.800,92.500,92.600,92.690,1482337,137690599.000,8100,92.600,500,92.580,300,92.570,5900,92.560,700,92.550,400,92.690,800,92.700,800,92.730,900,92.750,400,92.820,2019-04-18,14:00:57,00";
var hq_str_sh603259="药明康德,93.000,93.940,92.760,93.800,92.500,92.760,92.920,1492737,138654469.000,14100,92.760,100,92.690,800,92.610,3900,92.600,1400,92.580,800,92.920,1000,92.940,700,92.950,1100,92.980,1100,92.990,2019-04-18,14:01:57,00";
var hq_str_sh603259="药明康德,93.000,93.940,92.920,93.800,92.500,92.920,92.940,1496537,139007495.000,1400,92.920,400,92.780,2000,92.770,16300,92.760,100,92.690,800,92.940,900,92.950,1100,92.980,2100,92.990,11500,93.000,2019-04-18,14:02:57,00";
var hq_str_sh603259="药明康德,93.000,93.940,92.940,93.800,92.500,92.920,92.930,1500437,139369951.000,600,92.920,300,92.800,600,92.780,2000,92.770,16300,92.760,800,92.930,200,92.950,500,92.960,1100,92.980,4500,92.990,2019-04-18,14:03:57,00";
var hq_str_sh603259="药明康德,93.000,93.940,92.890,93.800,92.500,92.800,92.880,1502637,139574333.000,2600,92.800,600,92.780,16300,92.760,100,92.660,600,92.610,800,92.880,800,92.890,1000,92.900,700,92.920,100,92.930,2019-04-18,14:04:57,00";
var hq_str_sh603259="药明康德,93.000,93.940,92.810,93.800,92.500,92.800,92.810,1503637,139667160.000,2400,92.800,600,92.780,100,92.770,16300,92.760,200,92.750,6000,92.810,800,92.840,500,92.850,600,92.860,1200,92.880,2019-04-18,14:06:03,00";
var hq_str_sh603259="药明康德,93.000,93.940,92.780,93.800,92.500,92.780,92.790,1513437,140576646.000,200,92.780,100,92.770,2400,92.760,300,92.750,100,92.700,700,92.790,400,92.810,800,92.840,400,92.850,800,92.860,2019-04-18,14:06:57,00";
var hq_str_sh603259="药明康德,93.000,93.940,92.770,93.800,92.500,92.760,92.770,1516937,140901347.000,1400,92.760,200,92.750,100,92.700,100,92.660,500,92.650,400,92.770,300,92.810,800,92.840,400,92.850,800,92.860,2019-04-18,14:08:00,00";
var hq_str_sh603259="药明康德,93.000,93.940,92.770,93.800,92.500,92.770,92.790,1518937,141086919.000,1600,92.770,1700,92.760,200,92.750,600,92.700,200,92.660,900,92.790,500,92.810,800,92.840,400,92.850,800,92.860,2019-04-18,14:08:57,00";
var hq_str_sh603259="药明康德,93.000,93.940,92.770,93.800,92.500,92.760,92.770,1521137,141291023.000,700,92.760,200,92.750,600,92.700,200,92.660,500,92.650,700,92.770,900,92.790,500,92.810,800,92.840,400,92.850,2019-04-18,14:09:57,00";
var hq_str_sh603259="药明康德,93.000,93.940,92.760,93.800,92.500,92.700,92.730,1524037,141560018.000,600,92.700,200,92.690,1200,92.660,1400,92.650,100,92.640,900,92.730,2500,92.760,2600,92.770,100,92.780,6400,92.790,2019-04-18,14:10:57,00";
var hq_str_sh603259="药明康德,93.000,93.940,92.660,93.800,92.500,92.650,92.660,1527337,141865858.000,1400,92.650,100,92.640,800,92.610,4200,92.600,100,92.590,1800,92.660,200,92.670,5700,92.680,100,92.690,1000,92.700,2019-04-18,14:11:57,00";
var hq_str_sh603259="药明康德,93.000,93.940,92.580,93.800,92.500,92.580,92.590,1537637,142819718.000,600,92.580,200,92.570,6400,92.560,2200,92.550,700,92.540,900,92.590,100,92.600,1300,92.610,400,92.640,100,92.650,2019-04-18,14:13:00,00";
var hq_str_sh603259="药明康德,93.000,93.940,92.570,93.800,92.500,92.560,92.570,1548037,143782426.000,900,92.560,4100,92.550,600,92.540,2900,92.530,2000,92.520,600,92.570,300,92.580,500,92.590,700,92.600,900,92.610,2019-04-18,14:13:57,00";
var hq_str_sh603259="药明康德,93.000,93.940,92.560,93.800,92.500,92.550,92.560,1559937,144884004.000,3600,92.550,600,92.540,2900,92.530,9100,92.520,4900,92.510,200,92.560,800,92.580,600,92.600,400,92.640,100,92.650,2019-04-18,14:14:57,00";
var hq_str_sh603259="药明康德,93.000,93.940,92.640,93.800,92.500,92.600,92.620,1563337,145198792.000,1200,92.600,500,92.580,5000,92.560,4500,92.550,900,92.540,800,92.620,200,92.640,100,92.650,5500,92.660,5600,92.680,2019-04-18,14:15:57,00";
var hq_str_sh603259="药明康德,93.000,93.940,92.640,93.800,92.500,92.610,92.630,1565537,145402585.000,500,92.610,1900,92.600,1500,92.580,300,92.570,4900,92.560,500,92.630,600,92.650,5500,92.660,5600,92.680,3600,92.690,2019-04-18,14:16:57,00";
var hq_str_sh603259="药明康德,93.000,93.940,92.610,93.800,92.500,92.610,92.620,1567937,145624885.000,400,92.610,2400,92.600,1500,92.580,300,92.570,4000,92.560,1500,92.620,6400,92.630,400,92.650,5600,92.680,3600,92.690,2019-04-18,14:17:57,00";
var hq_str_sh603259="药明康德,93.000,93.940,92.600,93.800,92.500,92.600,92.610,1572937,146087931.000,800,92.600,2100,92.580,300,92.570,4000,92.560,4400,92.550,11500,92.610,800,92.620,6400,92.630,400,92.650,5600,92.680,2019-04-18,14:19:00,00";
var hq_str_sh603259="药明康德,93.000,93.940,92.610,93.800,92.500,92.580,92.610,1577637,146523139.000,1700,92.580,300,92.570,4000,92.560,4500,92.550,900,92.540,10900,92.610,100,92.620,6400,92.630,5600,92.680,3600,92.690,2019-04-18,14:19:57,00";
var hq_str_sh603259="药明康德,93.000,93.940,92.610,93.800,92.500,92.600,92.630,1592737,147921556.000,600,92.600,100,92.590,2100,92.580,300,92.570,4000,92.560,8200,92.630,5600,92.680,100,92.690,900,92.730,600,92.770,2019-04-18,14:21:00,00";
var hq_str_sh603259="药明康德,93.000,93.940,92.590,93.800,92.500,92.580,92.600,1596237,148245653.000,2100,92.580,600,92.570,4000,92.560,4800,92.550,900,92.540,4000,92.600,200,92.610,1000,92.620,1200,92.630,5600,92.680,2019-04-18,14:21:57,00";
var hq_str_sh603259="药明康德,93.000,93.940,92.580,93.800,92.500,92.570,92.600,1603737,148940056.000,800,92.570,4200,92.560,5400,92.550,900,92.540,900,92.530,600,92.600,200,92.610,1000,92.620,1200,92.630,5600,92.680,2019-04-18,14:22:57,00";
var hq_str_sh603259="药明康德,93.000,93.940,92.580,93.800,92.500,92.570,92.580,1608337,149365898.000,100,92.570,4100,92.560,5100,92.550,900,92.540,900,92.530,2700,92.580,600,92.600,200,92.610,1000,92.620,1200,92.630,2019-04-18,14:23:57,00";
var hq_str_sh603259="药明康德,93.000,93.940,92.550,93.800,92.500,92.550,92.560,1616137,150087860.000,3700,92.550,600,92.540,900,92.530,8800,92.520,4900,92.510,3500,92.560,2600,92.580,600,92.600,200,92.610,1000,92.620,2019-04-18,14:24:57,00";
var hq_str_sh603259="药明康德,93.000,93.940,92.530,93.800,92.500,92.530,92.540,1624637,150874517.000,400,92.530,8700,92.520,5300,92.510,48500,92.500,500,92.490,800,92.540,100,92.550,6700,92.560,2600,92.580,600,92.600,2019-04-18,14:25:57,00";
var hq_str_sh603259="药明康德,93.000,93.940,92.530,93.800,92.500,92.530,92.560,1634337,151772079.000,100,92.530,8000,92.520,5600,92.510,50800,92.500,400,92.490,18100,92.560,600,92.600,200,92.610,1000,92.620,1200,92.630,2019-04-18,14:26:54,00";
var hq_str_sh603259="药明康德,93.000,93.940,92.510,93.800,92.500,92.500,92.510,1658537,154010990.000,48800,92.500,400,92.490,2200,92.480,400,92.470,200,92.460,100,92.510,600,92.530,300,92.540,2600,92.550,18300,92.560,2019-04-18,14:27:57,00";
var hq_str_sh603259="药明康德,93.000,93.940,92.500,93.800,92.500,92.500,92.510,1675637,155592769.000,38500,92.500,400,92.490,2200,92.480,400,92.470,200,92.460,6400,92.510,200,92.520,500,92.530,1800,92.540,2600,92.550,2019-04-18,14:28:57,00";
var hq_str_sh603259="药明康德,93.000,93.940,92.510,93.800,92.500,92.510,92.520,1687237,156665851.000,6200,92.510,36600,92.500,400,92.490,2500,92.480,400,92.470,1100,92.520,500,92.530,1800,92.540,3200,92.550,18100,92.560,2019-04-18,14:29:57,00";
var hq_str_sh603259="药明康德,93.000,93.940,92.530,93.800,92.500,92.530,92.540,1692037,157109963.000,100,92.530,1000,92.520,8500,92.510,36600,92.500,500,92.490,1700,92.540,3300,92.550,17100,92.560,200,92.590,200,92.610,2019-04-18,14:30:54,00";
var hq_str_sh603259="药明康德,93.000,93.940,92.510,93.800,92.500,92.510,92.520,1696537,157526307.000,8000,92.510,37400,92.500,500,92.490,2400,92.480,400,92.470,3200,92.520,3000,92.530,1300,92.540,2700,92.550,13600,92.560,2019-04-18,14:31:57,00";
var hq_str_sh603259="药明康德,93.000,93.940,92.530,93.800,92.500,92.520,92.530,1705637,158368210.000,600,92.520,4100,92.510,37600,92.500,700,92.490,2400,92.480,1500,92.530,1100,92.540,2700,92.550,13600,92.560,200,92.590,2019-04-18,14:32:57,00";
var hq_str_sh603259="药明康德,93.000,93.940,92.530,93.800,92.500,92.530,92.540,1714937,159228728.000,800,92.530,1100,92.520,3500,92.510,38200,92.500,400,92.490,10200,92.540,2700,92.550,300,92.560,200,92.590,200,92.610,2019-04-18,14:33:57,00";
var hq_str_sh603259="药明康德,93.000,93.940,92.530,93.800,92.500,92.520,92.530,1727737,160413118.000,1100,92.520,5200,92.510,35000,92.500,400,92.490,2400,92.480,100,92.530,9600,92.540,3400,92.550,200,92.590,200,92.610,2019-04-18,14:35:00,00";
var hq_str_sh603259="药明康德,93.000,93.940,92.540,93.800,92.500,92.530,92.540,1746037,162106593.000,3400,92.530,3100,92.520,5900,92.510,35500,92.500,400,92.490,2500,92.540,200,92.590,100,92.600,200,92.610,1200,92.630,2019-04-18,14:36:00,00";
var hq_str_sh603259="药明康德,93.000,93.940,92.590,93.800,92.500,92.590,92.600,1753737,162819095.000,2000,92.590,1000,92.560,100,92.550,900,92.540,800,92.530,2178,92.600,300,92.630,100,92.690,100,92.710,100,92.770,2019-04-18,14:36:51,00";
var hq_str_sh603259="药明康德,93.000,93.940,92.690,93.800,92.500,92.640,92.770,1757915,163206002.000,200,92.640,1200,92.630,1222,92.600,2000,92.590,200,92.570,300,92.770,600,92.790,300,92.820,400,92.880,200,92.890,2019-04-18,14:37:57,00";
var hq_str_sh603259="药明康德,93.000,93.940,92.790,93.800,92.500,92.770,92.790,1760415,163437948.000,1700,92.770,800,92.710,1300,92.690,1000,92.680,100,92.650,2400,92.790,100,92.820,400,92.880,200,92.890,600,92.920,2019-04-18,14:38:57,00";
var hq_str_sh603259="药明康德,93.000,93.940,92.740,93.800,92.500,92.690,92.750,1764915,163855382.000,900,92.690,1000,92.680,100,92.670,100,92.650,200,92.640,300,92.750,2800,92.760,3600,92.770,1200,92.780,2200,92.790,2019-04-18,14:39:57,00";
var hq_str_sh603259="药明康德,93.000,93.940,92.760,93.800,92.500,92.650,92.760,1777515,165023609.000,100,92.650,200,92.640,100,92.630,100,92.610,1622,92.600,3600,92.760,2300,92.770,1200,92.780,2200,92.790,400,92.800,2019-04-18,14:40:57,00";
var hq_str_sh603259="药明康德,93.000,93.940,92.700,93.800,92.500,92.610,92.640,1789015,166090246.000,100,92.610,1822,92.600,2100,92.590,200,92.580,200,92.570,5900,92.640,600,92.700,400,92.750,500,92.780,1100,92.790,2019-04-18,14:41:57,00";
var hq_str_sh603259="药明康德,93.000,93.940,92.640,93.800,92.500,92.640,92.700,1799415,167053576.000,2822,92.640,1300,92.600,2100,92.590,200,92.580,200,92.570,100,92.700,400,92.750,1100,92.780,1100,92.790,100,92.820,2019-04-18,14:43:00,00";
var hq_str_sh603259="药明康德,93.000,93.940,92.650,93.800,92.500,92.650,92.660,1802815,167368573.000,2400,92.650,1422,92.640,700,92.610,1500,92.600,2200,92.590,100,92.660,2000,92.690,400,92.700,200,92.720,1000,92.740,2019-04-18,14:43:57,00";
var hq_str_sh603259="药明康德,93.000,93.940,92.660,93.800,92.500,92.650,92.670,1805559,167622813.000,1156,92.650,1422,92.640,700,92.610,1500,92.600,2200,92.590,400,92.670,500,92.680,1800,92.690,500,92.700,200,92.720,2019-04-18,14:44:57,00";
var hq_str_sh603259="药明康德,93.000,93.940,92.690,93.800,92.500,92.660,92.690,1810659,168095399.000,56,92.660,500,92.650,1422,92.640,700,92.610,1600,92.600,1000,92.690,500,92.700,200,92.720,500,92.740,1800,92.750,2019-04-18,14:45:54,00";
var hq_str_sh603259="药明康德,93.000,93.940,92.640,93.800,92.500,92.640,92.660,1816015,168591705.000,422,92.640,700,92.610,1700,92.600,2400,92.590,400,92.580,2244,92.660,10700,92.670,800,92.690,500,92.700,200,92.720,2019-04-18,14:46:54,00";
var hq_str_sh603259="药明康德,93.000,93.940,92.610,93.800,92.500,92.630,92.660,1830637,169946609.000,200,92.630,1500,92.610,1900,92.600,2400,92.590,400,92.580,1300,92.660,3922,92.670,800,92.690,500,92.700,200,92.720,2019-04-18,14:47:51,00";
var hq_str_sh603259="药明康德,93.000,93.940,92.610,93.800,92.500,92.650,92.660,1835937,170437511.000,100,92.650,100,92.640,400,92.610,2200,92.600,2400,92.590,400,92.660,3922,92.670,800,92.690,500,92.700,200,92.720,2019-04-18,14:48:57,00";
var hq_str_sh603259="药明康德,93.000,93.940,92.650,93.800,92.500,92.630,92.650,1837037,170539409.000,200,92.630,600,92.620,3200,92.610,2400,92.600,2500,92.590,700,92.650,1000,92.660,3622,92.670,800,92.690,500,92.700,2019-04-18,14:49:57,00";
var hq_str_sh603259="药明康德,93.000,93.940,92.650,93.800,92.500,92.650,92.660,1843459,171134339.000,400,92.650,400,92.640,2978,92.630,300,92.620,3400,92.610,100,92.660,700,92.690,500,92.700,200,92.720,500,92.740,2019-04-18,14:50:54,00";
var hq_str_sh603259="药明康德,93.000,93.940,92.680,93.800,92.500,92.690,92.700,1851159,171848189.000,300,92.690,1800,92.650,400,92.640,1900,92.630,300,92.620,500,92.700,1500,92.790,1100,92.800,100,92.820,200,92.850,2019-04-18,14:51:57,00";
var hq_str_sh603259="药明康德,93.000,93.940,92.770,93.800,92.500,92.710,92.770,1853659,172080017.000,1800,92.710,1000,92.700,400,92.690,1600,92.680,5200,92.660,200,92.770,500,92.780,1500,92.790,200,92.800,100,92.820,2019-04-18,14:52:57,00";
var hq_str_sh603259="药明康德,93.000,93.940,92.870,93.800,92.500,92.800,92.870,1861259,172785158.000,400,92.800,800,92.790,300,92.780,1200,92.770,500,92.710,200,92.870,700,92.880,400,92.890,500,92.900,1000,92.910,2019-04-18,14:54:00,00";
var hq_str_sh603259="药明康德,93.000,93.940,92.880,93.800,92.500,92.870,92.890,1866559,173277441.000,500,92.870,200,92.860,300,92.800,800,92.790,300,92.780,100,92.890,100,92.900,1100,92.910,100,92.920,100,92.940,2019-04-18,14:54:57,00";
var hq_str_sh603259="药明康德,93.000,93.940,92.800,93.800,92.500,92.800,92.850,1872859,173862494.000,1200,92.800,500,92.790,400,92.780,2500,92.770,100,92.750,100,92.850,100,92.870,600,92.880,200,92.890,200,92.900,2019-04-18,14:55:57,00";
var hq_str_sh603259="药明康德,93.000,93.940,92.800,93.800,92.500,92.780,92.800,1880559,174577000.000,1800,92.780,2400,92.770,300,92.710,700,92.700,400,92.690,2600,92.800,100,92.850,200,92.880,200,92.890,100,92.900,2019-04-18,14:56:54,00";
var hq_str_sh603259="药明康德,93.000,93.940,92.800,93.800,92.500,92.980,92.980,1880859,174604840.000,10400,92.980,0,0.000,0,0.000,0,0.000,0,0.000,10400,92.980,500,0.000,0,0.000,0,0.000,0,0.000,2019-04-18,14:57:59,00";
var hq_str_sh603259="药明康德,93.000,93.940,92.800,93.800,92.500,92.970,92.970,1880859,174604840.000,13500,92.970,0,0.000,0,0.000,0,0.000,0,0.000,13500,92.970,100,0.000,0,0.000,0,0.000,0,0.000,2019-04-18,14:58:53,00";
