var hq_str_sh603259="药明康德,67.000,68.860,67.000,67.000,67.000,67.000,67.100,705585,47274195.000,91115,67.000,1400,66.990,200,66.980,6600,66.950,100,66.910,1200,67.100,5000,67.150,3000,67.200,600,67.400,1000,67.500,2019-08-14,09:29:48,00,";
var hq_str_sh603259="药明康德,67.000,68.860,66.910,67.500,66.900,66.910,66.920,2437449,163358021.000,27360,66.910,6991,66.900,1500,66.890,3300,66.880,300,66.870,100,66.920,600,66.950,400,66.960,200,66.970,1500,66.980,2019-08-14,09:30:58,00,";
var hq_str_sh603259="药明康德,67.000,68.860,67.200,67.500,66.900,67.200,67.220,2784544,186635497.000,22420,67.200,300,67.180,1100,67.170,20000,67.160,500,67.150,200,67.220,600,67.380,500,67.390,3100,67.400,700,67.440,2019-08-14,09:31:58,00,";
var hq_str_sh603259="药明康德,67.000,68.860,67.450,67.500,66.900,67.450,67.470,3132703,210092963.000,11341,67.450,600,67.440,300,67.430,200,67.400,100,67.380,5300,67.470,9800,67.480,9160,67.490,77540,67.500,300,67.530,2019-08-14,09:32:58,00,";
var hq_str_sh603259="药明康德,67.000,68.860,67.120,67.500,66.900,67.120,67.170,3550204,238192286.000,18540,67.120,2300,67.110,1020,67.090,2940,67.080,6700,67.050,340,67.170,8600,67.190,600,67.200,2000,67.210,500,67.250,2019-08-14,09:33:58,00,";
var hq_str_sh603259="药明康德,67.000,68.860,66.930,67.500,66.900,66.930,66.940,3938049,264187722.000,10500,66.930,2300,66.920,13040,66.910,15091,66.900,3400,66.890,300,66.940,3635,66.950,800,66.960,9280,66.980,12980,66.990,2019-08-14,09:34:58,00,";
var hq_str_sh603259="药明康德,67.000,68.860,66.780,67.500,66.750,66.780,66.800,4304420,288687183.000,760,66.780,300,66.770,300,66.760,100,66.750,100,66.740,3420,66.800,5880,66.810,4120,66.830,10360,66.840,4140,66.850,2019-08-14,09:35:58,00,";
var hq_str_sh603259="药明康德,67.000,68.860,66.620,67.500,66.530,66.530,66.600,4630540,310423673.000,15140,66.530,4500,66.520,4800,66.510,15300,66.500,100,66.440,300,66.600,4300,66.620,100,66.630,3660,66.640,22780,66.650,2019-08-14,09:36:58,00,";
var hq_str_sh603259="药明康德,67.000,68.860,66.400,67.500,66.390,66.400,66.410,4883280,327228688.000,200,66.400,19000,66.390,1600,66.370,400,66.360,400,66.350,200,66.410,100,66.420,360,66.430,34960,66.440,1160,66.490,2019-08-14,09:37:58,00,";
var hq_str_sh603259="药明康德,67.000,68.860,66.100,67.500,66.080,66.080,66.100,5219880,349518699.000,1000,66.080,3700,66.060,8600,66.050,2200,66.030,10200,66.020,5200,66.100,11320,66.110,740,66.120,600,66.160,7495,66.180,2019-08-14,09:38:58,00,";
var hq_str_sh603259="药明康德,67.000,68.860,66.390,67.500,65.990,66.260,66.390,5699674,381204880.000,200,66.260,10100,66.250,22600,66.220,440,66.210,100,66.200,14120,66.390,1680,66.400,1720,66.410,5800,66.420,100,66.430,2019-08-14,09:39:58,00,";
var hq_str_sh603259="药明康德,67.000,68.860,66.360,67.500,65.990,66.360,66.380,5863034,392036644.000,10700,66.360,100,66.300,1160,66.280,100,66.260,500,66.250,9540,66.380,13920,66.390,2200,66.400,6720,66.410,800,66.420,2019-08-14,09:40:58,00,";
var hq_str_sh603259="药明康德,67.000,68.860,66.330,67.500,65.990,66.330,66.350,6037194,403587783.000,6800,66.330,1480,66.320,6800,66.310,26700,66.300,580,66.290,1980,66.350,140,66.360,140,66.390,1200,66.400,6720,66.410,2019-08-14,09:41:58,00,";
var hq_str_sh603259="药明康德,67.000,68.860,66.390,67.500,65.990,66.330,66.390,6161854,411855468.000,1660,66.330,31500,66.320,14400,66.310,16860,66.300,1580,66.290,20,66.390,2180,66.400,7340,66.410,3160,66.420,2000,66.430,2019-08-14,09:42:58,00,";
var hq_str_sh603259="药明康德,67.000,68.860,66.380,67.500,65.990,66.320,66.340,6407655,428155378.000,31200,66.320,1000,66.310,24020,66.300,300,66.280,2300,66.250,200,66.340,1020,66.380,3740,66.390,4380,66.400,7340,66.410,2019-08-14,09:43:58,00,";
var hq_str_sh603259="药明康德,67.000,68.860,66.440,67.500,65.990,66.430,66.440,6553195,437812292.000,4900,66.430,28540,66.420,6900,66.410,5520,66.400,13100,66.380,25220,66.440,140,66.450,2060,66.490,34960,66.500,700,66.530,2019-08-14,09:44:58,00,";
var hq_str_sh603259="药明康德,67.000,68.860,67.000,67.500,65.990,67.000,67.030,6865795,458684325.000,48520,67.000,300,66.990,100,66.980,800,66.970,160,66.960,12600,67.030,3600,67.040,1340,67.050,140,67.080,1580,67.090,2019-08-14,09:45:58,00,";
var hq_str_sh603259="药明康德,67.000,68.860,67.190,67.500,65.990,67.170,67.190,7081255,473141873.000,100,67.170,2500,67.160,4360,67.150,9300,67.130,500,67.120,3400,67.190,2200,67.200,200,67.250,100,67.270,200,67.280,2019-08-14,09:46:55,00,";
var hq_str_sh603259="药明康德,67.000,68.860,67.210,67.500,65.990,67.190,67.210,7226335,482890446.000,10880,67.190,900,67.160,6700,67.150,5900,67.100,900,67.070,1360,67.210,8040,67.220,5314,67.230,100,67.240,8200,67.260,2019-08-14,09:47:58,00,";
var hq_str_sh603259="药明康德,67.000,68.860,67.500,67.510,65.990,67.480,67.500,7433489,496849076.000,22500,67.480,4700,67.470,7200,67.460,24920,67.450,200,67.440,1100,67.500,915,67.510,700,67.530,9120,67.550,800,67.570,2019-08-14,09:48:58,00,";
var hq_str_sh603259="药明康德,67.000,68.860,67.610,67.770,65.990,67.520,67.570,7665644,512550124.000,400,67.520,2200,67.510,2600,67.500,500,67.490,100,67.480,1800,67.570,18220,67.610,400,67.620,500,67.650,1200,67.670,2019-08-14,09:49:58,00,";
var hq_str_sh603259="药明康德,67.000,68.860,67.500,67.770,65.990,67.500,67.540,7879764,527008368.000,4000,67.500,16180,67.450,300,67.440,9700,67.430,20100,67.400,8900,67.540,400,67.550,11180,67.560,6000,67.570,7600,67.580,2019-08-14,09:50:58,00,";
var hq_str_sh603259="药明康德,67.000,68.860,67.440,67.770,65.990,67.440,67.450,8138664,544478492.000,25860,67.440,9920,67.430,2100,67.410,14700,67.400,400,67.380,400,67.450,1800,67.460,9460,67.470,6820,67.480,14460,67.490,2019-08-14,09:51:58,00,";
var hq_str_sh603259="药明康德,67.000,68.860,67.650,67.770,65.990,67.650,67.680,8407624,562634512.000,600,67.650,1100,67.630,2020,67.620,2320,67.610,8400,67.600,980,67.680,500,67.690,5500,67.700,500,67.730,520,67.750,2019-08-14,09:52:58,00,";
var hq_str_sh603259="药明康德,67.000,68.860,67.900,67.920,65.990,67.900,67.910,8539964,571611402.000,6600,67.900,1700,67.880,11640,67.870,100,67.860,24700,67.850,100,67.910,13500,67.920,1000,67.930,13900,67.940,1840,67.950,2019-08-14,09:53:58,00,";
var hq_str_sh603259="药明康德,67.000,68.860,67.900,67.960,65.990,67.870,67.900,8821604,590734595.000,300,67.870,1500,67.850,1000,67.840,100,67.830,300,67.800,10880,67.900,4800,67.930,4000,67.940,2980,67.960,6200,67.970,2019-08-14,09:54:58,00,";
var hq_str_sh603259="药明康德,67.000,68.860,67.900,67.980,65.990,67.900,67.910,9007264,603341750.000,440,67.900,700,67.820,10000,67.800,300,67.790,31700,67.780,7700,67.910,1100,67.930,7340,67.940,28020,67.950,11700,67.960,2019-08-14,09:55:58,00,";
var hq_str_sh603259="药明康德,67.000,68.860,67.790,67.980,65.990,67.790,67.800,9098484,609528287.000,3600,67.790,16120,67.780,300,67.770,300,67.760,1700,67.730,400,67.800,200,67.810,300,67.820,1800,67.840,260,67.850,2019-08-14,09:56:58,00,";
var hq_str_sh603259="药明康德,67.000,68.860,67.460,67.980,65.990,67.460,67.470,9207244,616883665.000,900,67.460,480,67.440,8700,67.430,1100,67.410,2700,67.400,6120,67.470,600,67.630,7140,67.650,5000,67.660,1300,67.670,2019-08-14,09:57:58,00,";
var hq_str_sh603259="药明康德,67.000,68.860,67.610,67.980,65.990,67.610,67.630,9269644,621097864.000,7620,67.610,11400,67.550,400,67.540,80,67.530,600,67.510,960,67.630,2500,67.640,3400,67.650,5000,67.660,1300,67.670,2019-08-14,09:58:58,00,";
var hq_str_sh603259="药明康德,67.000,68.860,67.700,67.980,65.990,67.700,67.720,9354484,626839153.000,280,67.700,5000,67.680,200,67.660,100,67.650,640,67.640,7500,67.720,9020,67.730,5600,67.750,2500,67.760,1000,67.770,2019-08-14,09:59:58,00,";
var hq_str_sh603259="药明康德,67.000,68.860,67.720,67.980,65.990,67.630,67.690,9483304,635557527.000,420,67.630,10800,67.600,280,67.550,400,67.540,600,67.510,18400,67.690,5980,67.720,9020,67.730,5900,67.750,2500,67.760,2019-08-14,10:00:52,00,";
var hq_str_sh603259="药明康德,67.000,68.860,67.640,67.980,65.990,67.600,67.630,9574544,641729349.000,3680,67.600,280,67.550,400,67.540,1300,67.510,2000,67.500,640,67.630,2100,67.640,7683,67.650,11900,67.660,4880,67.670,2019-08-14,10:01:58,00,";
var hq_str_sh603259="药明康德,67.000,68.860,67.690,67.980,65.990,67.660,67.690,9675464,648555631.000,200,67.660,100,67.640,1900,67.630,300,67.620,16400,67.610,3303,67.690,4400,67.700,300,67.710,5980,67.720,9020,67.730,2019-08-14,10:02:58,00,";
var hq_str_sh603259="药明康德,67.000,68.860,67.720,67.980,65.990,67.730,67.740,9825599,658719956.000,1000,67.730,100,67.680,16165,67.670,2600,67.640,2000,67.610,720,67.740,1900,67.760,3380,67.770,2920,67.780,400,67.790,2019-08-14,10:03:58,00,";
var hq_str_sh603259="药明康德,67.000,68.860,67.880,67.980,65.990,67.870,67.880,9898979,663694086.000,100,67.870,10960,67.790,6500,67.780,4380,67.770,200,67.760,600,67.880,9040,67.890,21800,67.900,9960,67.910,400,67.920,2019-08-14,10:04:59,00,";
var hq_str_sh603259="药明康德,67.000,68.860,67.930,67.980,65.990,67.930,67.960,10023299,672137339.000,4600,67.930,200,67.920,2100,67.910,10200,67.900,100,67.890,2120,67.960,1220,67.970,4500,67.980,25460,67.990,60560,68.000,2019-08-14,10:05:55,00,";
var hq_str_sh603259="药明康德,67.000,68.860,67.830,67.980,65.990,67.830,67.870,10159399,681377834.000,200,67.830,6100,67.780,200,67.770,100,67.760,300,67.730,2500,67.870,27640,67.880,27780,67.900,1500,67.910,2000,67.930,2019-08-14,10:06:59,00,";
var hq_str_sh603259="药明康德,67.000,68.860,67.810,67.980,65.990,67.800,67.810,10223999,685759875.000,200,67.800,700,67.780,200,67.770,600,67.760,100,67.730,1700,67.810,500,67.820,6580,67.830,1500,67.860,10000,67.870,2019-08-14,10:07:59,00,";
var hq_str_sh603259="药明康德,67.000,68.860,67.780,67.980,65.990,67.700,67.780,10328739,692861367.000,2100,67.700,700,67.650,1800,67.640,200,67.610,13660,67.600,14800,67.780,2600,67.790,6060,67.800,140,67.810,980,67.820,2019-08-14,10:08:59,00,";
var hq_str_sh603259="药明康德,67.000,68.860,67.710,67.980,65.990,67.710,67.770,10473039,702631874.000,1100,67.710,54600,67.700,8100,67.690,600,67.680,10100,67.650,2500,67.770,2600,67.780,2840,67.790,4960,67.800,140,67.810,2019-08-14,10:09:58,00,";
var hq_str_sh603259="药明康德,67.000,68.860,67.850,67.980,65.990,67.850,67.870,10519299,705767912.000,540,67.850,1960,67.830,500,67.790,800,67.770,1400,67.750,2120,67.870,28340,67.880,2900,67.890,2680,67.900,3000,67.910,2019-08-14,10:10:59,00,";
var hq_str_sh603259="药明康德,67.000,68.860,67.800,67.980,65.990,67.760,67.790,10581399,709979878.000,100,67.760,21100,67.750,240,67.730,1100,67.710,7200,67.700,80,67.790,2000,67.820,1000,67.830,400,67.840,100,67.860,2019-08-14,10:11:55,00,";
var hq_str_sh603259="药明康德,67.000,68.860,67.950,67.980,65.990,67.920,67.950,10698239,717910977.000,9480,67.920,400,67.910,100,67.900,5280,67.860,560,67.850,6160,67.950,500,67.960,140,67.970,6820,67.980,26280,67.990,2019-08-14,10:12:58,00,";
var hq_str_sh603259="药明康德,67.000,68.860,68.030,68.030,65.990,68.030,68.040,10899019,731561455.000,400,68.030,2000,68.020,18360,68.000,3000,67.990,16300,67.970,1300,68.040,1800,68.050,600,68.070,4640,68.080,500,68.090,2019-08-14,10:13:59,00,";
var hq_str_sh603259="药明康德,67.000,68.860,68.080,68.080,65.990,68.080,68.090,11019399,739746665.000,280,68.080,200,68.060,200,68.050,100,68.040,4200,68.030,3600,68.090,5200,68.100,900,68.110,200,68.120,100,68.140,2019-08-14,10:14:59,00,";
var hq_str_sh603259="药明康德,67.000,68.860,68.110,68.120,65.990,68.110,68.120,11089879,744545621.000,200,68.110,16600,68.100,240,68.090,800,68.060,400,68.050,200,68.120,500,68.150,10500,68.160,8980,68.180,500,68.190,2019-08-14,10:15:55,00,";
var hq_str_sh603259="药明康德,67.000,68.860,68.050,68.150,65.990,68.030,68.040,11177339,750501727.000,1680,68.030,100,68.020,6900,68.000,100,67.960,100,67.900,80,68.040,1000,68.070,3500,68.100,100,68.110,6100,68.130,2019-08-14,10:16:59,00,";
var hq_str_sh603259="药明康德,67.000,68.860,67.980,68.150,65.990,67.960,67.980,11230319,754105403.000,700,67.960,100,67.900,4680,67.860,500,67.800,100,67.790,500,67.980,7320,68.000,100,68.010,1100,68.030,2840,68.050,2019-08-14,10:17:58,00,";
var hq_str_sh603259="药明康德,67.000,68.860,68.000,68.150,65.990,68.000,68.020,11299479,758808552.000,2740,68.000,100,67.990,100,67.960,600,67.900,100,67.870,500,68.020,9100,68.030,2100,68.040,500,68.050,780,68.070,2019-08-14,10:18:59,00,";
var hq_str_sh603259="药明康德,67.000,68.860,67.990,68.150,65.990,67.960,67.990,11340359,761587265.000,5960,67.960,1200,67.890,5800,67.870,7480,67.860,500,67.800,4100,67.990,3640,68.000,1200,68.010,1480,68.020,900,68.030,2019-08-14,10:19:55,00,";
var hq_str_sh603259="药明康德,67.000,68.860,68.050,68.150,65.990,68.050,68.060,11391039,765035878.000,12320,68.050,100,68.030,600,67.990,4660,67.960,300,67.900,800,68.060,300,68.080,100,68.090,3020,68.100,200,68.110,2019-08-14,10:20:55,00,";
var hq_str_sh603259="药明康德,67.000,68.860,68.020,68.150,65.990,67.900,68.020,11435959,768092383.000,300,67.900,1300,67.890,100,67.880,5700,67.870,4980,67.860,1900,68.020,1200,68.040,1840,68.050,1000,68.060,3660,68.080,2019-08-14,10:21:59,00,";
var hq_str_sh603259="药明康德,67.000,68.860,68.000,68.150,65.990,68.000,68.010,11488379,771656939.000,2780,68.000,100,67.990,100,67.980,1000,67.970,1300,67.960,2900,68.010,4399,68.020,300,68.030,1100,68.040,4040,68.050,2019-08-14,10:22:58,00,";
var hq_str_sh603259="药明康德,67.000,68.860,67.980,68.150,65.990,67.970,67.980,11527439,774312654.000,1320,67.970,200,67.960,300,67.950,200,67.940,100,67.930,4640,67.980,900,68.000,2680,68.010,4439,68.020,300,68.030,2019-08-14,10:23:58,00,";
var hq_str_sh603259="药明康德,67.000,68.860,68.060,68.150,65.990,68.060,68.080,11582958,778089748.000,10220,68.060,900,68.050,100,68.030,4001,68.020,800,68.010,880,68.080,2300,68.090,5160,68.100,200,68.110,400,68.120,2019-08-14,10:24:59,00,";
var hq_str_sh603259="药明康德,67.000,68.860,68.200,68.200,65.990,68.200,68.210,11677958,784563586.000,3780,68.200,100,68.160,100,68.150,8000,68.130,600,68.120,700,68.210,200,68.220,100,68.240,400,68.250,1000,68.260,2019-08-14,10:25:59,00,";
var hq_str_sh603259="药明康德,67.000,68.860,68.300,68.410,65.990,68.280,68.320,11726478,787879197.000,800,68.280,800,68.270,100,68.260,100,68.250,100,68.230,1200,68.320,200,68.330,1320,68.360,2100,68.400,2600,68.440,2019-08-14,10:26:59,00,";
var hq_str_sh603259="药明康德,67.000,68.860,68.170,68.410,65.990,68.170,68.190,11770338,790871599.000,2420,68.170,100,68.160,100,68.150,200,68.140,6900,68.130,900,68.190,2200,68.200,100,68.230,100,68.240,500,68.270,2019-08-14,10:27:55,00,";
var hq_str_sh603259="药明康德,67.000,68.860,67.910,68.410,65.990,67.910,67.970,11829819,794918546.000,900,67.910,600,67.900,2200,67.890,100,67.880,4480,67.860,400,67.970,280,67.980,2800,67.990,31279,68.000,2500,68.080,2019-08-14,10:28:58,00,";
var hq_str_sh603259="药明康德,67.000,68.860,67.790,68.410,65.990,67.780,67.790,11869799,797629808.000,900,67.780,100,67.770,400,67.760,1700,67.750,1200,67.740,2500,67.790,8400,67.800,300,67.890,3640,67.910,1000,67.930,2019-08-14,10:29:58,00,";
var hq_str_sh603259="药明康德,67.000,68.860,67.800,68.410,65.990,67.800,67.810,11928259,801593536.000,3300,67.800,3120,67.790,800,67.780,700,67.770,300,67.760,100,67.810,2100,67.820,300,67.830,1400,67.850,100,67.860,2019-08-14,10:30:59,00,";
var hq_str_sh603259="药明康德,67.000,68.860,67.570,68.410,65.990,67.550,67.560,11973819,804677749.000,3980,67.550,600,67.540,1200,67.510,6800,67.500,2300,67.480,100,67.560,3100,67.570,1300,67.590,11900,67.600,400,67.670,2019-08-14,10:31:58,00,";
var hq_str_sh603259="药明康德,67.000,68.860,67.530,68.410,65.990,67.510,67.530,12050939,809883869.000,200,67.510,1220,67.500,100,67.490,500,67.470,6800,67.460,100,67.530,3060,67.540,3320,67.550,1000,67.560,1400,67.580,2019-08-14,10:32:56,00,";
var hq_str_sh603259="药明康德,67.000,68.860,67.430,68.410,65.990,67.540,67.600,12144659,816212008.000,1500,67.540,3600,67.500,1600,67.460,5200,67.420,2000,67.410,21700,67.600,400,67.630,300,67.640,2100,67.650,3000,67.660,2019-08-14,10:33:59,00,";
var hq_str_sh603259="药明康德,67.000,68.860,67.540,68.410,65.990,67.510,67.580,12210559,820665716.000,100,67.510,600,67.500,500,67.480,3300,67.470,1800,67.460,300,67.580,300,67.590,3000,67.600,280,67.610,3700,67.620,2019-08-14,10:34:56,00,";
var hq_str_sh603259="药明康德,67.000,68.860,67.590,68.410,65.990,67.520,67.590,12287959,825893894.000,1000,67.520,100,67.510,200,67.500,1100,67.490,6700,67.480,1560,67.590,20260,67.600,800,67.630,2100,67.670,16700,67.700,2019-08-14,10:35:59,00,";
var hq_str_sh603259="药明康德,67.000,68.860,67.570,68.410,65.990,67.560,67.570,12346739,829866565.000,1120,67.560,1500,67.530,800,67.520,100,67.510,300,67.500,600,67.570,1200,67.580,780,67.590,16460,67.600,800,67.630,2019-08-14,10:36:59,00,";
var hq_str_sh603259="药明康德,67.000,68.860,67.650,68.410,65.990,67.650,67.670,12410959,834209059.000,5480,67.650,1000,67.640,1000,67.630,500,67.620,14500,67.600,2100,67.670,16700,67.700,300,67.790,1740,67.800,1600,67.810,2019-08-14,10:37:59,00,";
var hq_str_sh603259="药明康德,67.000,68.860,67.730,68.410,65.990,67.730,67.790,12442099,836316868.000,1900,67.730,3600,67.720,300,67.710,800,67.690,6760,67.670,1500,67.790,1740,67.800,1600,67.810,1400,67.820,3400,67.880,2019-08-14,10:38:59,00,";
var hq_str_sh603259="药明康德,67.000,68.860,68.000,68.410,65.990,67.940,67.970,12477699,838733240.000,100,67.940,300,67.930,100,67.910,4100,67.900,600,67.870,1400,67.970,1700,67.980,1000,67.990,5080,68.000,420,68.010,2019-08-14,10:39:59,00,";
var hq_str_sh603259="药明康德,67.000,68.860,68.090,68.410,65.990,68.090,68.100,12541259,843059029.000,400,68.090,200,68.080,100,68.050,600,68.030,13400,68.000,13080,68.100,900,68.110,400,68.120,100,68.150,500,68.160,2019-08-14,10:40:59,00,";
var hq_str_sh603259="药明康德,67.000,68.860,68.000,68.410,65.990,68.060,68.070,12610939,847800871.000,100,68.060,10900,68.000,100,67.970,100,67.950,600,67.930,1520,68.070,700,68.080,13400,68.090,10000,68.100,900,68.110,2019-08-14,10:41:59,00,";
var hq_str_sh603259="药明康德,67.000,68.860,68.000,68.410,65.990,67.880,67.950,12709159,854477309.000,400,67.880,15600,67.860,900,67.850,200,67.820,100,67.780,1000,67.950,200,67.960,6640,67.990,38900,68.000,20000,68.020,2019-08-14,10:42:59,00,";
var hq_str_sh603259="药明康德,67.000,68.860,68.020,68.410,65.990,68.010,68.020,12793789,860230741.000,5860,68.010,700,67.990,1010,67.970,1100,67.930,13700,67.900,14600,68.020,400,68.040,1900,68.050,1100,68.060,1120,68.070,2019-08-14,10:43:59,00,";
var hq_str_sh603259="药明康德,67.000,68.860,67.860,68.410,65.990,67.890,67.900,12832579,862866131.000,80,67.890,300,67.850,100,67.780,200,67.770,600,67.760,1120,67.900,2520,67.930,1500,67.940,52230,67.960,11000,67.990,2019-08-14,10:44:59,00,";
var hq_str_sh603259="药明康德,67.000,68.860,67.950,68.410,65.990,67.940,67.950,12852839,864242315.000,1500,67.940,3060,67.920,15780,67.900,500,67.890,300,67.850,10080,67.950,51830,67.960,20700,67.990,20820,68.000,26419,68.010,2019-08-14,10:45:59,00,";
var hq_str_sh603259="药明康德,67.000,68.860,67.930,68.410,65.990,67.930,67.940,12897479,867275529.000,1400,67.930,16100,67.900,300,67.850,100,67.780,200,67.770,100,67.940,1100,67.950,41210,67.960,2000,67.970,30200,67.990,2019-08-14,10:47:00,00,";
var hq_str_sh603259="药明康德,67.000,68.860,67.950,68.410,65.990,67.940,67.950,12918819,868725560.000,7060,67.940,300,67.930,14200,67.900,300,67.850,100,67.780,2200,67.950,39030,67.960,2000,67.970,30500,67.990,21120,68.000,2019-08-14,10:48:00,00,";
var hq_str_sh603259="药明康德,67.000,68.860,67.910,68.410,65.990,67.900,67.910,12985419,873250199.000,3060,67.900,300,67.850,100,67.780,200,67.770,600,67.760,100,67.910,1300,67.920,1600,67.930,1300,67.950,19450,67.960,2019-08-14,10:48:59,00,";
var hq_str_sh603259="药明康德,67.000,68.860,67.920,68.410,65.990,67.920,67.930,13047698,877481243.000,1000,67.920,2740,67.910,841,67.900,300,67.850,100,67.780,200,67.930,1000,67.950,800,67.960,1410,67.970,30500,67.990,2019-08-14,10:50:00,00,";
var hq_str_sh603259="药明康德,67.000,68.860,67.970,68.410,65.990,67.950,67.960,13085698,880062727.000,1600,67.950,700,67.940,4341,67.900,300,67.850,100,67.780,1300,67.960,4110,67.970,30500,67.990,23380,68.000,1200,68.010,2019-08-14,10:51:00,00,";
var hq_str_sh603259="药明康德,67.000,68.860,67.940,68.410,65.990,67.910,67.930,13104598,881346871.000,3300,67.910,4141,67.900,300,67.850,400,67.780,200,67.770,1540,67.930,5900,67.940,200,67.950,1000,67.960,5710,67.970,2019-08-14,10:51:59,00,";
var hq_str_sh603259="药明康德,67.000,68.860,67.920,68.410,65.990,67.950,67.960,13127058,882872838.000,100,67.950,13200,67.920,740,67.910,6241,67.900,300,67.850,13300,67.960,5710,67.970,2320,67.980,30500,67.990,24080,68.000,2019-08-14,10:52:59,00,";
var hq_str_sh603259="药明康德,67.000,68.860,68.020,68.410,65.990,68.010,68.020,13234068,890147897.000,2300,68.010,18830,68.000,100,67.950,100,67.940,100,67.920,280,68.020,1600,68.050,2500,68.060,920,68.070,4300,68.080,2019-08-14,10:53:59,00,";
var hq_str_sh603259="药明康德,67.000,68.860,68.160,68.410,65.990,68.160,68.180,13267848,892448166.000,1300,68.160,5120,68.130,2300,68.110,8900,68.100,400,68.050,5000,68.180,3420,68.190,6100,68.200,500,68.220,22400,68.230,2019-08-14,10:54:59,00,";
var hq_str_sh603259="药明康德,67.000,68.860,68.120,68.410,65.990,68.110,68.120,13310168,895331450.000,12400,68.110,15100,68.100,300,68.020,2000,68.010,19230,68.000,1600,68.120,2460,68.130,17940,68.160,2547,68.170,7100,68.180,2019-08-14,10:56:00,00,";
var hq_str_sh603259="药明康德,67.000,68.860,68.140,68.410,65.990,68.120,68.130,13337589,897199387.000,1700,68.120,9179,68.110,10800,68.100,300,68.020,2000,68.010,100,68.130,1580,68.140,17300,68.160,2547,68.170,7200,68.180,2019-08-14,10:56:56,00,";
var hq_str_sh603259="药明康德,67.000,68.860,68.190,68.410,65.990,68.170,68.190,13385229,900446608.000,1400,68.170,500,68.160,500,68.150,1400,68.140,9200,68.130,1700,68.190,7187,68.200,5700,68.220,22400,68.230,100,68.240,2019-08-14,10:57:59,00,";
var hq_str_sh603259="药明康德,67.000,68.860,68.230,68.410,65.990,68.190,68.200,13415609,902518660.000,7820,68.190,600,68.180,500,68.150,560,68.120,6300,68.110,10000,68.200,22007,68.230,100,68.240,1400,68.250,2400,68.270,2019-08-14,10:58:56,00,";
var hq_str_sh603259="药明康德,67.000,68.860,68.230,68.410,65.990,68.210,68.230,13473089,906439537.000,4360,68.210,9660,68.200,2620,68.190,300,68.180,500,68.150,1047,68.230,100,68.240,1400,68.250,2400,68.270,600,68.280,2019-08-14,10:59:59,00,";
var hq_str_sh603259="药明康德,67.000,68.860,68.230,68.410,65.990,68.230,68.240,13494645,907910352.000,2244,68.230,2500,68.220,4860,68.210,2620,68.190,300,68.180,1000,68.240,1100,68.250,160,68.260,2400,68.270,800,68.280,2019-08-14,11:00:59,00,";
var hq_str_sh603259="药明康德,67.000,68.860,68.210,68.410,65.990,68.210,68.220,13513625,909205123.000,4024,68.210,1520,68.190,300,68.180,500,68.150,2600,68.110,4500,68.220,3020,68.230,1000,68.240,1000,68.250,460,68.260,2019-08-14,11:01:59,00,";
var hq_str_sh603259="药明康德,67.000,68.860,68.240,68.410,65.990,68.240,68.250,13546249,911431101.000,13600,68.240,600,68.230,500,68.210,200,68.200,1220,68.190,7916,68.250,2260,68.270,2200,68.280,6640,68.290,8760,68.300,2019-08-14,11:02:59,00,";
var hq_str_sh603259="药明康德,67.000,68.860,68.090,68.410,65.990,68.090,68.150,13630469,917170776.000,4200,68.090,400,68.070,16930,68.000,100,67.940,100,67.920,100,68.150,3000,68.180,1700,68.190,2000,68.220,1000,68.230,2019-08-14,11:03:56,00,";
var hq_str_sh603259="药明康德,67.000,68.860,68.150,68.410,65.990,68.150,68.170,13665769,919575837.000,2100,68.150,200,68.130,700,68.100,300,68.080,200,68.070,6700,68.170,3080,68.180,2020,68.190,1500,68.200,140,68.230,2019-08-14,11:04:59,00,";
var hq_str_sh603259="药明康德,67.000,68.860,68.150,68.410,65.990,68.150,68.160,13675659,920249902.000,10,68.150,200,68.130,800,68.100,200,68.070,200,68.010,2400,68.160,5300,68.170,1780,68.180,2020,68.190,3300,68.200,2019-08-14,11:05:59,00,";
var hq_str_sh603259="药明康德,67.000,68.860,68.130,68.410,65.990,68.120,68.130,13690629,921269558.000,4100,68.120,400,68.110,26140,68.100,1200,68.090,600,68.080,1400,68.130,490,68.150,1300,68.160,5300,68.170,1280,68.180,2019-08-14,11:06:56,00,";
var hq_str_sh603259="药明康德,67.000,68.860,68.180,68.410,65.990,68.160,68.170,13724999,923612448.000,600,68.160,5690,68.150,200,68.130,400,68.110,17240,68.100,400,68.170,2540,68.180,1120,68.190,3880,68.200,700,68.220,2019-08-14,11:07:59,00,";
var hq_str_sh603259="药明康德,67.000,68.860,68.290,68.410,65.990,68.270,68.290,13771015,926753304.000,2200,68.270,5760,68.260,20904,68.250,1060,68.230,160,68.200,1800,68.290,4720,68.300,1140,68.320,22700,68.330,5900,68.350,2019-08-14,11:08:56,00,";
var hq_str_sh603259="药明康德,67.000,68.860,68.350,68.410,65.990,68.270,68.350,13854635,932464366.000,4760,68.270,584,68.250,160,68.230,260,68.200,100,68.190,4980,68.350,1320,68.360,1100,68.370,4620,68.380,3300,68.390,2019-08-14,11:09:59,00,";
var hq_str_sh603259="药明康德,67.000,68.860,68.300,68.410,65.990,68.290,68.300,13883875,934462311.000,500,68.290,560,68.280,1360,68.270,600,68.260,584,68.250,7800,68.300,2000,68.340,2400,68.350,4020,68.360,40,68.380,2019-08-14,11:10:56,00,";
var hq_str_sh603259="药明康德,67.000,68.860,68.300,68.410,65.990,68.280,68.300,13914375,936545498.000,800,68.280,100,68.270,600,68.260,384,68.250,300,68.240,1500,68.300,11280,68.310,200,68.330,2200,68.340,3800,68.350,2019-08-14,11:11:59,00,";
var hq_str_sh603259="药明康德,67.000,68.860,68.360,68.410,65.990,68.370,68.380,13958655,939570388.000,6280,68.370,3120,68.310,24400,68.280,100,68.270,20600,68.260,440,68.380,8000,68.390,11260,68.400,1000,68.410,100,68.420,2019-08-14,11:12:59,00,";
var hq_str_sh603259="药明康德,67.000,68.860,68.370,68.410,65.990,68.330,68.360,13983755,941286499.000,1180,68.330,2100,68.320,3920,68.310,20100,68.280,100,68.270,3700,68.360,3880,68.370,1600,68.380,5140,68.390,11589,68.400,2019-08-14,11:14:00,00,";
var hq_str_sh603259="药明康德,67.000,68.860,68.330,68.410,65.990,68.330,68.360,13998475,942292606.000,1060,68.330,300,68.320,4020,68.310,20100,68.280,100,68.270,6740,68.360,4580,68.370,2240,68.380,5040,68.390,11289,68.400,2019-08-14,11:14:59,00,";
var hq_str_sh603259="药明康德,67.000,68.860,68.400,68.410,65.990,68.400,68.410,14068964,947111214.000,4071,68.400,100,68.360,100,68.340,700,68.330,100,68.320,2000,68.410,100,68.420,1300,68.440,1500,68.450,1700,68.460,2019-08-14,11:15:56,00,";
var hq_str_sh603259="药明康德,67.000,68.860,68.400,68.410,65.990,68.390,68.400,14087004,948345061.000,3071,68.390,700,68.380,6400,68.370,800,68.320,4720,68.310,200,68.400,1900,68.410,640,68.420,1300,68.440,1600,68.450,2019-08-14,11:16:59,00,";
var hq_str_sh603259="药明康德,67.000,68.860,68.540,68.550,65.990,68.510,68.540,14359064,966979375.000,1300,68.510,500,68.500,4400,68.480,100,68.470,400,68.460,2100,68.540,2040,68.550,500,68.560,1000,68.570,3400,68.580,2019-08-14,11:17:56,00,";
var hq_str_sh603259="药明康德,67.000,68.860,68.500,68.550,65.990,68.480,68.500,14392964,969302342.000,100,68.480,500,68.470,400,68.460,18600,68.450,100,68.440,300,68.500,1240,68.520,500,68.530,1240,68.540,2040,68.550,2019-08-14,11:18:59,00,";
var hq_str_sh603259="药明康德,67.000,68.860,68.480,68.550,65.990,68.480,68.490,14405484,970159752.000,2600,68.480,5980,68.470,2300,68.460,62000,68.450,100,68.440,6000,68.490,12460,68.500,4340,68.510,40,68.520,1240,68.540,2019-08-14,11:19:59,00,";
var hq_str_sh603259="药明康德,67.000,68.860,68.560,68.560,65.990,68.550,68.560,14448264,973090562.000,2180,68.550,300,68.540,1400,68.520,6040,68.510,800,68.500,1700,68.560,1000,68.570,3140,68.580,2000,68.590,12400,68.600,2019-08-14,11:20:56,00,";
var hq_str_sh603259="药明康德,67.000,68.860,68.660,68.660,65.990,68.640,68.660,14491674,976068003.000,17700,68.640,200,68.620,13580,68.610,20100,68.600,300,68.590,2100,68.660,300,68.670,7940,68.680,3700,68.690,200,68.700,2019-08-14,11:21:56,00,";
var hq_str_sh603259="药明康德,67.000,68.860,68.800,68.850,65.990,68.800,68.840,14580054,982145552.000,27260,68.800,100,68.730,5200,68.720,19600,68.700,1000,68.690,500,68.840,12880,68.850,30480,68.860,500,68.870,20840,68.880,2019-08-14,11:22:59,00,";
var hq_str_sh603259="药明康德,67.000,68.860,68.800,68.850,65.990,68.790,68.800,14628514,985480070.000,1000,68.790,1600,68.760,100,68.730,500,68.720,19400,68.700,7260,68.800,100,68.810,1600,68.820,1800,68.830,6700,68.840,2019-08-14,11:23:59,00,";
var hq_str_sh603259="药明康德,67.000,68.860,68.750,68.850,65.990,68.750,68.760,14652554,987132932.000,4560,68.750,800,68.730,19300,68.700,1000,68.690,100,68.650,1100,68.760,3000,68.770,540,68.780,460,68.790,7120,68.800,2019-08-14,11:24:59,00,";
var hq_str_sh603259="药明康德,67.000,68.860,68.790,68.850,65.990,68.780,68.790,14676734,988796120.000,20200,68.780,100,68.770,820,68.760,3760,68.750,800,68.730,400,68.790,8420,68.800,400,68.810,2880,68.820,2300,68.830,2019-08-14,11:25:56,00,";
var hq_str_sh603259="药明康德,67.000,68.860,68.800,68.850,65.990,68.800,68.810,14751214,993920030.000,640,68.800,200,68.790,7480,68.780,620,68.760,3560,68.750,280,68.810,1300,68.840,9760,68.850,25580,68.860,500,68.870,2019-08-14,11:26:59,00,";
var hq_str_sh603259="药明康德,67.000,68.860,68.810,68.850,65.990,68.800,68.810,14772794,995405262.000,2600,68.800,4500,68.790,1880,68.780,620,68.760,2860,68.750,400,68.810,1340,68.820,1300,68.840,8680,68.850,25580,68.860,2019-08-14,11:27:56,00,";
var hq_str_sh603259="药明康德,67.000,68.860,68.790,68.850,65.990,68.800,68.810,14791294,996678012.000,4500,68.800,15680,68.780,620,68.760,2860,68.750,800,68.730,3160,68.810,1440,68.820,1300,68.830,1700,68.840,14400,68.850,2019-08-14,11:28:56,00,";
var hq_str_sh603259="药明康德,67.000,68.860,68.780,68.850,65.990,68.760,68.770,14906674,1004614256.000,20,68.760,2460,68.750,800,68.730,1000,68.710,19100,68.700,1000,68.770,27260,68.780,1700,68.800,2160,68.810,2040,68.820,2019-08-14,11:29:59,00,";
var hq_str_sh603259="药明康德,67.000,68.860,68.780,68.850,65.990,68.760,68.770,14906674,1004614256.000,420,68.760,2460,68.750,800,68.730,1000,68.710,19100,68.700,1000,68.770,27260,68.780,1700,68.800,2160,68.810,2040,68.820,2019-08-14,11:30:00,00,";
var hq_str_sh603259="药明康德,67.000,68.860,68.720,68.850,65.990,68.720,68.800,15040134,1013791622.000,460,68.720,2600,68.710,12960,68.700,1200,68.690,100,68.650,9400,68.800,1560,68.810,800,68.820,1300,68.830,2440,68.840,2019-08-14,13:00:56,00,";
var hq_str_sh603259="药明康德,67.000,68.860,68.750,68.850,65.990,68.750,68.830,15104354,1018208883.000,8700,68.750,200,68.730,100,68.710,6400,68.700,1200,68.690,1000,68.830,1400,68.840,4200,68.850,30720,68.860,1680,68.870,2019-08-14,13:01:53,00,";
var hq_str_sh603259="药明康德,67.000,68.860,68.880,68.880,65.990,68.850,68.870,15167394,1022548905.000,100,68.850,160,68.830,2000,68.820,19900,68.800,1300,68.790,100,68.870,113960,68.880,2000,68.890,7500,68.900,100,68.910,2019-08-14,13:02:59,00,";
var hq_str_sh603259="药明康德,67.000,68.860,68.880,68.880,65.990,68.850,68.880,15177594,1023251353.000,600,68.850,500,68.840,3960,68.830,4300,68.820,19900,68.800,118560,68.880,2000,68.890,7500,68.900,100,68.910,100,68.920,2019-08-14,13:03:56,00,";
var hq_str_sh603259="药明康德,67.000,68.860,68.870,68.880,65.990,68.860,68.870,15227734,1026704473.000,3900,68.860,28060,68.850,700,68.840,160,68.830,4300,68.820,900,68.870,89800,68.880,1500,68.890,7500,68.900,100,68.910,2019-08-14,13:04:56,00,";
var hq_str_sh603259="药明康德,67.000,68.860,68.860,68.880,65.990,68.860,68.870,15254874,1028573397.000,14260,68.860,27960,68.850,700,68.840,160,68.830,3600,68.820,9700,68.870,89320,68.880,1000,68.890,7500,68.900,100,68.910,2019-08-14,13:05:59,00,";
var hq_str_sh603259="药明康德,67.000,68.860,68.990,69.000,65.990,68.950,68.990,15443234,1041554915.000,4600,68.950,100,68.940,1100,68.930,300,68.920,1100,68.900,5600,68.990,4040,69.000,100,69.010,100,69.040,300,69.080,2019-08-14,13:06:56,00,";
var hq_str_sh603259="药明康德,67.000,68.860,69.000,69.010,65.990,69.000,69.040,15484494,1044400283.000,11900,69.000,4200,68.890,500,68.880,200,68.870,27260,68.850,100,69.040,300,69.080,1720,69.090,3400,69.100,3100,69.150,2019-08-14,13:07:56,00,";
var hq_str_sh603259="药明康德,67.000,68.860,68.970,69.040,65.990,68.970,69.000,15551714,1049038498.000,2480,68.970,600,68.900,300,68.890,500,68.880,200,68.870,13580,69.000,860,69.010,1000,69.020,1000,69.030,800,69.040,2019-08-14,13:08:59,00,";
var hq_str_sh603259="药明康德,67.000,68.860,69.100,69.150,65.990,69.080,69.090,15604834,1052705480.000,440,69.080,900,69.070,800,69.060,200,69.050,7200,69.030,1000,69.090,220,69.150,800,69.160,5200,69.170,2600,69.190,2019-08-14,13:09:56,00,";
var hq_str_sh603259="药明康德,67.000,68.860,69.280,69.280,65.990,69.270,69.280,15682394,1058071232.000,6100,69.270,800,69.250,20800,69.240,2000,69.230,1860,69.210,540,69.280,3800,69.290,7360,69.300,3700,69.310,140,69.330,2019-08-14,13:10:59,00,";
var hq_str_sh603259="药明康德,67.000,68.860,69.200,69.300,65.990,69.200,69.240,15808894,1066827830.000,17280,69.200,300,69.190,900,69.180,3400,69.170,2000,69.160,11800,69.240,2000,69.260,500,69.270,2600,69.280,3200,69.300,2019-08-14,13:11:56,00,";
var hq_str_sh603259="药明康德,67.000,68.860,69.210,69.300,65.990,69.210,69.220,15879814,1071737064.000,4760,69.210,13200,69.200,300,69.190,2000,69.160,1560,69.150,4540,69.220,440,69.230,900,69.260,1600,69.270,500,69.280,2019-08-14,13:12:59,00,";
var hq_str_sh603259="药明康德,67.000,68.860,69.120,69.300,65.990,69.110,69.120,15953934,1076863882.000,100,69.110,2340,69.100,700,69.070,300,69.060,35540,69.000,195,69.120,3680,69.200,3800,69.210,4600,69.220,440,69.230,2019-08-14,13:13:56,00,";
var hq_str_sh603259="药明康德,67.000,68.860,69.170,69.300,65.990,69.000,69.170,16041569,1082916975.000,2645,69.000,100,68.990,100,68.980,2100,68.900,300,68.890,4500,69.170,5700,69.180,3600,69.190,11480,69.200,2780,69.210,2019-08-14,13:14:59,00,";
var hq_str_sh603259="药明康德,67.000,68.860,69.080,69.300,65.990,69.050,69.080,16065249,1084552403.000,15620,69.050,200,69.030,4245,69.000,300,68.990,2100,68.900,1500,69.080,200,69.090,1700,69.100,1100,69.110,2800,69.120,2019-08-14,13:15:56,00,";
var hq_str_sh603259="药明康德,67.000,68.860,69.100,69.300,65.990,69.100,69.110,16113129,1087858653.000,160,69.100,4100,69.070,600,69.050,10180,69.040,100,69.030,300,69.110,2800,69.120,200,69.130,2500,69.150,600,69.160,2019-08-14,13:16:56,00,";
var hq_str_sh603259="药明康德,67.000,68.860,69.170,69.300,65.990,69.070,69.100,16193469,1093415479.000,400,69.070,2400,69.050,880,69.040,100,69.030,32945,69.000,48700,69.100,3880,69.210,3600,69.220,2040,69.230,28100,69.240,2019-08-14,13:17:59,00,";
var hq_str_sh603259="药明康德,67.000,68.860,69.190,69.300,65.990,69.170,69.190,16357189,1104738920.000,1600,69.170,800,69.140,1000,69.120,100,69.110,1900,69.100,1010,69.190,6280,69.210,800,69.220,3500,69.230,28100,69.240,2019-08-14,13:18:59,00,";
var hq_str_sh603259="药明康德,67.000,68.860,69.190,69.300,65.990,69.180,69.190,16395389,1107382046.000,400,69.180,200,69.170,3300,69.160,100,69.150,1900,69.100,2300,69.190,4540,69.200,2570,69.210,880,69.220,4760,69.230,2019-08-14,13:19:56,00,";
var hq_str_sh603259="药明康德,67.000,68.860,69.430,69.430,65.990,69.300,69.390,16641679,1124450337.000,1910,69.300,300,69.180,100,69.150,1900,69.100,100,69.070,840,69.390,24380,69.430,700,69.440,2200,69.450,2800,69.460,2019-08-14,13:20:59,00,";
var hq_str_sh603259="药明康德,67.000,68.860,69.400,69.430,65.990,69.390,69.400,16683499,1127351093.000,380,69.390,800,69.350,11200,69.330,400,69.300,100,69.210,3380,69.400,4800,69.420,24480,69.430,700,69.440,4900,69.450,2019-08-14,13:21:56,00,";
var hq_str_sh603259="药明康德,67.000,68.860,69.380,69.460,65.990,69.370,69.380,16849379,1138863266.000,1100,69.370,9100,69.360,200,69.350,400,69.300,1100,69.210,1700,69.380,16860,69.390,2240,69.440,100,69.450,100,69.460,2019-08-14,13:22:59,00,";
var hq_str_sh603259="药明康德,67.000,68.860,69.490,69.490,65.990,69.490,69.500,16909489,1143035946.000,8550,69.490,140,69.390,1360,69.380,700,69.370,400,69.360,17960,69.500,100,69.510,300,69.520,100,69.530,1120,69.550,2019-08-14,13:23:56,00,";
var hq_str_sh603259="药明康德,67.000,68.860,69.460,69.500,65.990,69.450,69.460,16948939,1145777312.000,2700,69.450,200,69.410,800,69.400,2140,69.390,1060,69.380,2600,69.460,1900,69.480,12900,69.490,9710,69.500,100,69.510,2019-08-14,13:24:59,00,";
var hq_str_sh603259="药明康德,67.000,68.860,69.550,69.560,65.990,69.550,69.560,17023949,1150990000.000,13120,69.550,1700,69.510,110,69.500,200,69.420,2000,69.400,1260,69.560,400,69.570,3340,69.580,1820,69.590,9500,69.600,2019-08-14,13:25:59,00,";
var hq_str_sh603259="药明康德,67.000,68.860,69.560,69.600,65.990,69.550,69.590,17082149,1155038733.000,28120,69.550,100,69.540,2100,69.520,900,69.510,100,69.500,400,69.590,2540,69.600,2520,69.610,300,69.620,200,69.630,2019-08-14,13:26:56,00,";
var hq_str_sh603259="药明康德,67.000,68.860,69.550,69.610,65.990,69.540,69.550,17141189,1159146139.000,100,69.540,800,69.520,100,69.510,100,69.500,200,69.420,760,69.550,100,69.570,2520,69.580,200,69.590,6960,69.600,2019-08-14,13:27:59,00,";
var hq_str_sh603259="药明康德,67.000,68.860,69.560,69.610,65.990,69.550,69.560,17192529,1162717476.000,32800,69.550,100,69.540,200,69.530,500,69.500,100,69.450,2200,69.560,1300,69.570,1000,69.580,1400,69.590,10300,69.600,2019-08-14,13:28:56,00,";
var hq_str_sh603259="药明康德,67.000,68.860,69.400,69.610,65.990,69.400,69.450,17266529,1167862326.000,6300,69.400,500,69.390,600,69.380,200,69.360,400,69.350,1100,69.450,5500,69.490,4480,69.500,3580,69.530,2200,69.540,2019-08-14,13:29:59,00,";
var hq_str_sh603259="药明康德,67.000,68.860,69.450,69.610,65.990,69.450,69.460,17314109,1171166531.000,6900,69.450,100,69.390,160,69.380,200,69.360,400,69.350,840,69.460,300,69.480,1600,69.490,4080,69.500,3580,69.530,2019-08-14,13:30:59,00,";
var hq_str_sh603259="药明康德,67.000,68.860,69.410,69.610,65.990,69.440,69.450,17332449,1172440032.000,900,69.440,200,69.420,360,69.410,20700,69.400,2100,69.390,4280,69.450,40,69.460,1100,69.470,480,69.480,1700,69.490,2019-08-14,13:31:59,00,";
var hq_str_sh603259="药明康德,67.000,68.860,69.400,69.610,65.990,69.400,69.410,17413629,1178074497.000,800,69.400,600,69.390,140,69.380,200,69.360,300,69.350,1700,69.410,680,69.420,300,69.430,4800,69.440,7020,69.450,2019-08-14,13:32:59,00,";
var hq_str_sh603259="药明康德,67.000,68.860,69.320,69.610,65.990,69.270,69.320,17438769,1179818010.000,800,69.270,300,69.250,2000,69.210,6100,69.200,200,69.110,1460,69.320,1000,69.340,1000,69.350,4600,69.380,5460,69.390,2019-08-14,13:33:59,00,";
var hq_str_sh603259="药明康德,67.000,68.860,69.270,69.610,65.990,69.270,69.290,17493069,1183581113.000,800,69.270,2100,69.210,5100,69.200,200,69.110,100,69.100,400,69.290,8560,69.300,1700,69.310,3000,69.320,1000,69.340,2019-08-14,13:34:59,00,";
var hq_str_sh603259="药明康德,67.000,68.860,69.300,69.610,65.990,69.270,69.300,17532569,1186317533.000,12060,69.270,800,69.230,4500,69.220,2100,69.210,5200,69.200,280,69.300,2000,69.310,2500,69.320,1000,69.340,800,69.350,2019-08-14,13:35:56,00,";
var hq_str_sh603259="药明康德,67.000,68.860,69.250,69.610,65.990,69.250,69.260,17584729,1189931209.000,900,69.250,100,69.230,1900,69.220,2100,69.210,5500,69.200,300,69.260,700,69.270,1500,69.280,1200,69.290,3960,69.300,2019-08-14,13:36:56,00,";
var hq_str_sh603259="药明康德,67.000,68.860,69.310,69.610,65.990,69.300,69.310,17615553,1192066562.000,18296,69.300,500,69.290,3900,69.270,1220,69.260,500,69.250,600,69.310,2500,69.320,1000,69.340,1320,69.350,400,69.360,2019-08-14,13:37:56,00,";
var hq_str_sh603259="药明康德,67.000,68.860,69.410,69.610,65.990,69.400,69.420,17669193,1195787272.000,9380,69.400,1200,69.370,4900,69.330,700,69.320,4100,69.310,660,69.420,300,69.430,4800,69.440,7740,69.450,620,69.460,2019-08-14,13:38:59,00,";
var hq_str_sh603259="药明康德,67.000,68.860,69.410,69.610,65.990,69.410,69.430,17709293,1198570721.000,600,69.410,180,69.370,4000,69.330,300,69.320,200,69.310,500,69.430,1900,69.440,700,69.450,620,69.460,200,69.480,2019-08-14,13:39:59,00,";
var hq_str_sh603259="药明康德,67.000,68.860,69.420,69.610,65.990,69.410,69.420,17742693,1200889706.000,300,69.410,800,69.400,380,69.370,4000,69.330,200,69.310,880,69.420,660,69.460,200,69.480,9540,69.490,46220,69.500,2019-08-14,13:40:59,00,";
var hq_str_sh603259="药明康德,67.000,68.860,69.500,69.610,65.990,69.460,69.500,17910253,1212535933.000,19400,69.460,4180,69.430,100,69.420,960,69.410,600,69.400,100,69.500,7440,69.570,2300,69.580,2200,69.590,19780,69.600,2019-08-14,13:41:56,00,";
var hq_str_sh603259="药明康德,67.000,68.860,69.610,69.650,65.990,69.600,69.610,18044703,1221889592.000,6150,69.600,500,69.590,1700,69.520,1000,69.510,1900,69.500,600,69.610,4300,69.650,1620,69.660,700,69.670,9000,69.680,2019-08-14,13:42:59,00,";
var hq_str_sh603259="药明康德,67.000,68.860,69.670,69.690,65.990,69.600,69.670,18161373,1230011797.000,5400,69.600,4780,69.590,500,69.520,2000,69.510,2000,69.500,340,69.670,2640,69.680,18390,69.690,13680,69.700,700,69.710,2019-08-14,13:43:59,00,";
var hq_str_sh603259="药明康德,67.000,68.860,69.620,69.740,65.990,69.620,69.740,18327263,1241570464.000,4910,69.620,400,69.600,300,69.590,500,69.520,1000,69.510,460,69.740,2500,69.750,2200,69.760,400,69.770,1580,69.780,2019-08-14,13:44:59,00,";
var hq_str_sh603259="药明康德,67.000,68.860,69.680,69.760,65.990,69.610,69.680,18441073,1249498855.000,100,69.610,2500,69.600,800,69.590,300,69.560,200,69.530,1100,69.680,7070,69.700,1300,69.730,1900,69.740,2180,69.750,2019-08-14,13:45:59,00,";
var hq_str_sh603259="药明康德,67.000,68.860,69.620,69.760,65.990,69.620,69.640,18521033,1255067353.000,600,69.620,6740,69.610,16200,69.600,1500,69.590,100,69.580,380,69.640,5400,69.650,600,69.680,4800,69.700,1300,69.740,2019-08-14,13:46:59,00,";
var hq_str_sh603259="药明康德,67.000,68.860,69.610,69.760,65.990,69.600,69.640,18617873,1261812716.000,800,69.600,700,69.590,300,69.580,200,69.530,500,69.520,3900,69.640,20680,69.650,100,69.680,660,69.700,200,69.710,2019-08-14,13:47:59,00,";
var hq_str_sh603259="药明康德,67.000,68.860,69.710,69.760,65.990,69.710,69.740,18695493,1267220737.000,4780,69.710,300,69.700,600,69.650,18700,69.640,700,69.610,420,69.740,2700,69.750,3310,69.760,5120,69.770,2720,69.780,2019-08-14,13:48:56,00,";
var hq_str_sh603259="药明康德,67.000,68.860,69.600,69.770,65.990,69.600,69.700,18813973,1275477824.000,9700,69.600,700,69.580,200,69.530,500,69.520,1000,69.510,2500,69.700,4300,69.740,10760,69.750,900,69.760,3230,69.770,2019-08-14,13:49:59,00,";
var hq_str_sh603259="药明康德,67.000,68.860,69.800,69.800,65.990,69.790,69.800,19009473,1289109765.000,7500,69.790,1000,69.760,3200,69.750,200,69.730,200,69.700,1130,69.800,500,69.810,2600,69.820,100,69.830,4300,69.840,2019-08-14,13:50:56,00,";
var hq_str_sh603259="药明康德,67.000,68.860,69.850,69.880,65.990,69.800,69.850,19169373,1300274736.000,600,69.800,4400,69.790,900,69.770,500,69.760,1100,69.750,1900,69.850,200,69.860,6350,69.880,4120,69.890,6580,69.900,2019-08-14,13:51:56,00,";
var hq_str_sh603259="药明康德,67.000,68.860,69.960,70.000,65.990,69.960,70.000,19416943,1317592706.000,1900,69.960,400,69.950,500,69.930,100,69.900,3680,69.890,40620,70.000,2260,70.010,900,70.020,2500,70.030,10200,70.050,2019-08-14,13:52:56,00,";
var hq_str_sh603259="药明康德,67.000,68.860,70.150,70.180,65.990,70.150,70.170,19586763,1329485473.000,100,70.150,1400,70.140,1600,70.100,2900,70.090,2100,70.080,2200,70.170,4004,70.180,500,70.190,700,70.200,700,70.210,2019-08-14,13:53:59,00,";
var hq_str_sh603259="药明康德,67.000,68.860,70.160,70.200,65.990,70.150,70.160,19698267,1337310170.000,5100,70.150,300,70.110,100,70.100,2000,70.050,100,70.040,2000,70.160,100,70.170,300,70.180,2158,70.200,1140,70.210,2019-08-14,13:54:56,00,";
var hq_str_sh603259="药明康德,67.000,68.860,70.050,70.200,65.990,70.050,70.150,19755307,1341310772.000,4800,70.050,1360,70.010,14100,70.000,300,69.990,300,69.980,1900,70.150,2200,70.160,3360,70.170,2860,70.180,1560,70.190,2019-08-14,13:55:59,00,";
var hq_str_sh603259="药明康德,67.000,68.860,70.200,70.200,65.990,70.170,70.190,19836977,1347040601.000,210,70.170,300,70.140,2100,70.130,3500,70.100,300,70.080,2998,70.190,2140,70.210,200,70.230,3280,70.250,1100,70.260,2019-08-14,13:56:56,00,";
var hq_str_sh603259="药明康德,67.000,68.860,70.320,70.320,65.990,70.300,70.320,19927347,1353388206.000,1940,70.300,300,70.250,800,70.240,200,70.230,900,70.220,408,70.320,1040,70.330,100,70.360,1300,70.370,2000,70.380,2019-08-14,13:57:56,00,";
var hq_str_sh603259="药明康德,67.000,68.860,70.310,70.320,65.990,70.300,70.310,19986527,1357548044.000,420,70.300,5400,70.290,6000,70.280,200,70.270,1280,70.260,100,70.310,3029,70.320,1040,70.330,600,70.360,1340,70.370,2019-08-14,13:58:56,00,";
var hq_str_sh603259="药明康德,67.000,68.860,70.450,70.500,65.990,70.450,70.490,20063956,1363000805.000,12200,70.450,520,70.410,6800,70.400,10500,70.380,1580,70.360,100,70.490,4800,70.500,100,70.530,1400,70.550,800,70.560,2019-08-14,13:59:56,00,";
var hq_str_sh603259="药明康德,67.000,68.860,70.520,70.600,65.990,70.520,70.550,20175356,1370856268.000,200,70.520,500,70.500,100,70.490,24400,70.450,420,70.410,5400,70.550,1000,70.570,1020,70.580,100,70.590,3800,70.600,2019-08-14,14:00:56,00,";
var hq_str_sh603259="药明康德,67.000,68.860,70.850,70.870,65.990,70.850,70.870,20273896,1377820506.000,2300,70.850,200,70.800,200,70.790,920,70.770,4500,70.760,1120,70.870,6660,70.880,10100,70.890,2140,70.900,500,70.910,2019-08-14,14:01:56,00,";
var hq_str_sh603259="药明康德,67.000,68.860,70.950,70.990,65.990,70.950,70.990,20422976,1388385267.000,5740,70.950,1600,70.940,19900,70.910,1200,70.900,1300,70.890,17260,70.990,47700,71.000,300,71.010,3000,71.020,100,71.040,2019-08-14,14:02:56,00,";
var hq_str_sh603259="药明康德,67.000,68.860,71.120,71.200,65.990,71.080,71.120,20629836,1403081232.000,3800,71.080,200,71.060,500,71.040,2000,71.020,4800,71.010,340,71.120,1000,71.140,100,71.190,16926,71.200,500,71.230,2019-08-14,14:03:56,00,";
var hq_str_sh603259="药明康德,67.000,68.860,71.100,71.250,65.990,71.080,71.100,20779436,1413726854.000,600,71.080,200,71.060,1000,71.050,400,71.040,100,71.020,200,71.100,1900,71.130,1446,71.140,100,71.150,3440,71.160,2019-08-14,14:04:56,00,";
var hq_str_sh603259="药明康德,67.000,68.860,71.250,71.280,65.990,71.220,71.250,20928522,1424337821.000,1800,71.220,11500,71.200,1000,71.190,300,71.160,1600,71.150,480,71.250,3260,71.280,300,71.290,5200,71.300,300,71.360,2019-08-14,14:05:56,00,";
var hq_str_sh603259="药明康德,67.000,68.860,71.200,71.310,65.990,71.130,71.200,21083102,1435346157.000,300,71.130,100,71.090,8000,71.080,200,71.060,400,71.040,21500,71.200,500,71.220,100,71.260,3060,71.270,1400,71.280,2019-08-14,14:06:56,00,";
var hq_str_sh603259="药明康德,67.000,68.860,71.050,71.310,65.990,71.050,71.080,21224562,1445399454.000,12080,71.050,400,71.000,1000,70.920,30200,70.910,1600,70.900,600,71.080,3400,71.100,300,71.110,2200,71.120,200,71.130,2019-08-14,14:07:56,00,";
var hq_str_sh603259="药明康德,67.000,68.860,71.180,71.310,65.990,71.100,71.180,21330202,1452911079.000,19000,71.100,700,71.080,2980,71.060,600,71.050,17200,71.010,400,71.180,1010,71.200,140,71.210,300,71.230,100,71.250,2019-08-14,14:08:56,00,";
var hq_str_sh603259="药明康德,67.000,68.860,71.260,71.380,65.990,71.250,71.260,21415012,1458954644.000,9410,71.250,100,71.220,35120,71.200,300,71.180,2060,71.150,500,71.260,1500,71.280,1000,71.290,1660,71.380,1300,71.390,2019-08-14,14:09:56,00,";
var hq_str_sh603259="药明康德,67.000,68.860,71.670,71.670,65.990,71.620,71.680,21526892,1466951152.000,2600,71.620,500,71.610,2820,71.600,4600,71.550,200,71.540,5880,71.680,200,71.690,6000,71.700,6000,71.710,400,71.720,2019-08-14,14:10:59,00,";
var hq_str_sh603259="药明康德,67.000,68.860,71.900,72.000,65.990,71.890,71.900,21753621,1483225575.000,1120,71.890,3200,71.850,200,71.840,2500,71.830,400,71.820,800,71.900,2180,71.950,100,71.980,300,71.990,1386,72.000,2019-08-14,14:11:56,00,";
var hq_str_sh603259="药明康德,67.000,68.860,72.180,72.180,65.990,72.130,72.180,21909187,1494436896.000,500,72.130,20600,72.120,2000,72.110,300,72.100,20000,72.050,2840,72.180,200,72.190,2380,72.200,600,72.230,700,72.250,2019-08-14,14:12:59,00,";
var hq_str_sh603259="药明康德,67.000,68.860,72.440,72.500,65.990,72.440,72.450,22059507,1505306822.000,4500,72.440,2700,72.430,300,72.420,6120,72.400,500,72.390,1940,72.450,200,72.470,40,72.490,1400,72.500,160,72.520,2019-08-14,14:13:56,00,";
var hq_str_sh603259="药明康德,67.000,68.860,72.500,72.580,65.990,72.500,72.540,22214727,1516560550.000,12920,72.500,200,72.480,5500,72.470,400,72.450,18760,72.430,900,72.540,4400,72.550,1300,72.560,1960,72.570,3840,72.580,2019-08-14,14:14:56,00,";
var hq_str_sh603259="药明康德,67.000,68.860,72.180,72.580,65.990,72.200,72.320,22353907,1526642775.000,3000,72.200,520,72.180,100,72.160,700,72.130,900,72.120,300,72.320,8140,72.380,1900,72.390,1960,72.400,100,72.410,2019-08-14,14:15:57,00,";
var hq_str_sh603259="药明康德,67.000,68.860,72.210,72.580,65.990,72.180,72.210,22475907,1535449110.000,13520,72.180,100,72.090,600,72.080,200,72.050,80,72.040,20,72.210,200,72.220,520,72.240,200,72.250,500,72.280,2019-08-14,14:16:56,00,";
var hq_str_sh603259="药明康德,67.000,68.860,72.000,72.580,65.990,71.900,72.000,22603947,1544687382.000,1400,71.900,200,71.840,200,71.820,1000,71.810,200,71.800,16499,72.000,600,72.010,3420,72.020,1200,72.040,940,72.050,2019-08-14,14:17:56,00,";
var hq_str_sh603259="药明康德,67.000,68.860,71.600,72.580,65.990,71.600,71.690,22659978,1548708351.000,2800,71.600,2000,71.580,300,71.570,1100,71.560,10940,71.550,1529,71.690,3600,71.700,600,71.710,5840,71.720,280,71.730,2019-08-14,14:18:56,00,";
var hq_str_sh603259="药明康德,67.000,68.860,71.620,72.580,65.990,71.620,71.640,22729985,1553721751.000,6050,71.620,100,71.610,5303,71.600,100,71.580,1440,71.570,700,71.640,500,71.650,1420,71.660,3300,71.670,300,71.680,2019-08-14,14:19:57,00,";
var hq_str_sh603259="药明康德,67.000,68.860,71.660,72.580,65.990,71.650,71.660,22806745,1559224035.000,300,71.650,900,71.630,2150,71.620,100,71.610,4100,71.600,100,71.660,5100,71.670,24760,71.680,2200,71.690,10000,71.700,2019-08-14,14:20:56,00,";
var hq_str_sh603259="药明康德,67.000,68.860,71.590,72.580,65.990,71.590,71.600,22865875,1563458970.000,2100,71.590,6400,71.550,100,71.540,100,71.520,400,71.510,13040,71.600,19500,71.610,10350,71.620,20960,71.650,6300,71.660,2019-08-14,14:21:59,00,";
var hq_str_sh603259="药明康德,67.000,68.860,71.500,72.580,65.990,71.500,71.570,22968755,1570817686.000,320,71.500,1800,71.430,4000,71.400,100,71.380,2100,71.350,6380,71.570,340,71.590,12800,71.600,17500,71.610,11350,71.620,2019-08-14,14:22:59,00,";
var hq_str_sh603259="药明康德,67.000,68.860,71.450,72.580,65.990,71.430,71.450,22992975,1572547964.000,6300,71.430,600,71.420,1200,71.410,900,71.400,900,71.380,1640,71.450,840,71.490,9240,71.500,600,71.550,200,71.560,2019-08-14,14:23:57,00,";
var hq_str_sh603259="药明康德,67.000,68.860,71.410,72.580,65.990,71.410,71.420,23046235,1576351657.000,700,71.410,860,71.310,300,71.220,100,71.200,2000,71.170,11300,71.420,4960,71.430,700,71.440,3100,71.450,260,71.480,2019-08-14,14:24:59,00,";
var hq_str_sh603259="药明康德,67.000,68.860,71.270,72.580,65.990,71.270,71.300,23092235,1579633468.000,560,71.270,3500,71.260,300,71.220,1300,71.200,100,71.190,300,71.300,100,71.390,1500,71.400,500,71.410,6260,71.420,2019-08-14,14:25:57,00,";
var hq_str_sh603259="药明康德,67.000,68.860,71.150,72.580,65.990,71.130,71.150,23133655,1582584040.000,3200,71.130,100,71.120,500,71.100,400,71.080,300,71.050,3660,71.150,200,71.170,800,71.180,2540,71.190,1000,71.200,2019-08-14,14:26:56,00,";
var hq_str_sh603259="药明康德,67.000,68.860,71.060,72.580,65.990,71.030,71.060,23196455,1587050263.000,5300,71.030,5000,71.020,4100,71.010,55200,71.000,1000,70.980,5320,71.060,2680,71.080,100,71.090,17300,71.100,300,71.120,2019-08-14,14:27:56,00,";
var hq_str_sh603259="药明康德,67.000,68.860,70.980,72.580,65.990,70.950,70.980,23317695,1595658919.000,2400,70.950,200,70.930,1200,70.920,2500,70.910,1600,70.900,9100,70.980,2600,70.990,5317,71.000,13800,71.010,2120,71.030,2019-08-14,14:28:56,00,";
var hq_str_sh603259="药明康德,67.000,68.860,70.880,72.580,65.990,70.880,70.890,23444555,1604651718.000,4440,70.880,200,70.870,100,70.830,1000,70.810,2000,70.800,5740,70.890,14060,70.900,9100,70.910,200,70.920,600,70.930,2019-08-14,14:29:57,00,";
var hq_str_sh603259="药明康德,67.000,68.860,70.870,72.580,65.990,70.870,70.880,23494735,1608206956.000,260,70.870,2060,70.860,3580,70.850,760,70.820,300,70.780,5300,70.880,800,70.890,12740,70.900,8200,70.910,200,70.920,2019-08-14,14:30:56,00,";
var hq_str_sh603259="药明康德,67.000,68.860,70.980,72.580,65.990,70.990,71.000,23551995,1612267666.000,100,70.990,1120,70.980,3000,70.970,1700,70.960,1600,70.950,16677,71.000,10400,71.010,480,71.030,200,71.050,320,71.080,2019-08-14,14:31:57,00,";
var hq_str_sh603259="药明康德,67.000,68.860,70.990,72.580,65.990,70.990,71.000,23596795,1615448365.000,3000,70.990,1320,70.980,2100,70.970,300,70.960,1000,70.950,2900,71.000,7237,71.010,560,71.030,200,71.050,320,71.080,2019-08-14,14:32:57,00,";
var hq_str_sh603259="药明康德,67.000,68.860,70.970,72.580,65.990,70.970,70.980,23628315,1617685851.000,6300,70.970,300,70.960,700,70.950,600,70.940,400,70.920,500,70.980,700,70.990,11800,71.000,7237,71.010,560,71.030,2019-08-14,14:33:57,00,";
var hq_str_sh603259="药明康德,67.000,68.860,70.950,72.580,65.990,70.950,70.960,23662635,1620121764.000,4080,70.950,600,70.940,700,70.930,400,70.920,10360,70.910,4240,70.960,600,70.970,1180,70.980,6200,70.990,13800,71.000,2019-08-14,14:35:00,00,";
var hq_str_sh603259="药明康德,67.000,68.860,70.870,72.580,65.990,70.870,70.890,23716755,1623959979.000,5920,70.870,780,70.850,200,70.820,200,70.800,200,70.780,100,70.890,13140,70.900,400,70.920,1740,70.940,2960,70.950,2019-08-14,14:35:57,00,";
var hq_str_sh603259="药明康德,67.000,68.860,70.850,72.580,65.990,70.840,70.850,23764075,1627313754.000,2500,70.840,200,70.820,600,70.800,400,70.780,6000,70.770,6200,70.850,2220,70.860,18440,70.870,1800,70.880,60,70.890,2019-08-14,14:36:57,00,";
var hq_str_sh603259="药明康德,67.000,68.860,70.780,72.580,65.990,70.780,70.790,23786055,1628870334.000,900,70.780,6000,70.770,900,70.750,100,70.740,100,70.720,6700,70.790,8600,70.800,3520,70.820,1100,70.830,3960,70.840,2019-08-14,14:37:57,00,";
var hq_str_sh603259="药明康德,67.000,68.860,70.740,72.580,65.990,70.740,70.750,23825135,1631635547.000,4120,70.740,100,70.720,400,70.710,2100,70.700,100,70.680,12740,70.750,1200,70.770,12700,70.780,6700,70.790,13900,70.800,2019-08-14,14:38:57,00,";
var hq_str_sh603259="药明康德,67.000,68.860,70.750,72.580,65.990,70.750,70.760,23892884,1636428051.000,13911,70.750,2600,70.740,900,70.710,960,70.700,300,70.690,420,70.760,1700,70.770,5240,70.780,6700,70.790,13580,70.800,2019-08-14,14:40:00,00,";
var hq_str_sh603259="药明康德,67.000,68.860,70.790,72.580,65.990,70.780,70.790,23940224,1639777980.000,3820,70.780,1500,70.760,351,70.750,400,70.740,100,70.720,1100,70.790,13680,70.800,200,70.810,1440,70.820,1000,70.830,2019-08-14,14:40:57,00,";
var hq_str_sh603259="药明康德,67.000,68.860,70.770,72.580,65.990,70.770,70.790,23976704,1642360284.000,720,70.770,1700,70.760,851,70.750,500,70.740,500,70.720,3600,70.790,11020,70.800,400,70.810,1440,70.820,1000,70.830,2019-08-14,14:41:56,00,";
var hq_str_sh603259="药明康德,67.000,68.860,70.800,72.580,65.990,70.800,70.830,24030564,1646173566.000,5460,70.800,1431,70.700,6500,70.690,1900,70.680,19460,70.670,3280,70.830,10100,70.850,840,70.860,1200,70.870,5500,70.880,2019-08-14,14:42:57,00,";
var hq_str_sh603259="药明康德,67.000,68.860,70.890,72.580,65.990,70.880,70.890,24073524,1649217175.000,5880,70.880,200,70.870,100,70.860,1300,70.850,4740,70.840,360,70.890,2420,70.900,100,70.910,560,70.920,320,70.930,2019-08-14,14:43:57,00,";
var hq_str_sh603259="药明康德,67.000,68.860,70.920,72.580,65.990,70.920,70.930,24148344,1654523575.000,2580,70.920,300,70.890,1800,70.880,6000,70.860,1600,70.850,140,70.930,8040,71.000,6937,71.010,1060,71.020,760,71.030,2019-08-14,14:44:57,00,";
var hq_str_sh603259="药明康德,67.000,68.860,71.050,72.580,65.990,71.040,71.050,24187621,1657311804.000,2163,71.040,19200,71.010,3700,71.000,400,70.990,5900,70.980,1000,71.050,520,71.080,1000,71.090,15200,71.100,200,71.110,2019-08-14,14:45:57,00,";
var hq_str_sh603259="药明康德,67.000,68.860,71.170,72.580,65.990,71.170,71.180,24237901,1660886837.000,6120,71.170,1700,71.140,8760,71.130,2400,71.120,1180,71.110,1840,71.180,2800,71.190,1100,71.200,100,71.230,800,71.250,2019-08-14,14:46:57,00,";
var hq_str_sh603259="药明康德,67.000,68.860,71.240,72.580,65.990,71.240,71.250,24287431,1664413344.000,18800,71.240,5200,71.230,1900,71.210,2500,71.200,2670,71.170,7800,71.250,100,71.270,800,71.290,3500,71.300,4600,71.330,2019-08-14,14:48:00,00,";
var hq_str_sh603259="药明康德,67.000,68.860,71.240,72.580,65.990,71.240,71.250,24360271,1669602744.000,1600,71.240,5560,71.230,800,71.210,3000,71.200,1000,71.170,15699,71.250,980,71.280,1100,71.290,4100,71.300,4600,71.330,2019-08-14,14:48:57,00,";
var hq_str_sh603259="药明康德,67.000,68.860,71.000,72.580,65.990,71.000,71.030,24419131,1673787885.000,200,71.000,3600,70.950,100,70.930,100,70.890,34600,70.880,2200,71.030,1200,71.040,1300,71.050,2100,71.060,8340,71.090,2019-08-14,14:50:00,00,";
var hq_str_sh603259="药明康德,67.000,68.860,70.910,72.580,65.990,70.890,70.910,24452611,1676164649.000,400,70.890,34600,70.880,100,70.870,100,70.860,100,70.850,300,70.910,2700,70.940,3120,70.950,4400,70.960,160,70.970,2019-08-14,14:50:57,00,";
var hq_str_sh603259="药明康德,67.000,68.860,70.920,72.580,65.990,70.900,70.920,24524131,1681235074.000,7260,70.900,4100,70.890,12720,70.880,300,70.870,100,70.860,1000,70.920,1920,70.930,400,70.950,3600,70.960,160,70.970,2019-08-14,14:51:57,00,";
var hq_str_sh603259="药明康德,67.000,68.860,70.820,72.580,65.990,70.700,70.820,24571711,1684607818.000,2731,70.700,200,70.690,800,70.680,22260,70.670,200,70.660,700,70.820,180,70.840,1300,70.860,400,70.870,4900,70.880,2019-08-14,14:52:57,00,";
var hq_str_sh603259="药明康德,67.000,68.860,70.530,72.580,65.990,70.520,70.530,24614202,1687610379.000,300,70.520,3600,70.510,2500,70.500,1000,70.450,500,70.400,1100,70.530,3860,70.600,6180,70.670,2940,70.680,1100,70.690,2019-08-14,14:53:57,00,";
var hq_str_sh603259="药明康德,67.000,68.860,70.360,72.580,65.990,70.360,70.370,24669082,1691475082.000,400,70.360,320,70.350,600,70.330,3100,70.320,1600,70.300,4700,70.370,1500,70.380,6540,70.390,4720,70.400,300,70.450,2019-08-14,14:54:57,00,";
var hq_str_sh603259="药明康德,67.000,68.860,70.260,72.580,65.990,70.200,70.230,24692182,1693099347.000,1200,70.200,2800,70.190,200,70.180,1500,70.170,100,70.130,3400,70.230,1600,70.250,9580,70.300,400,70.310,1500,70.320,2019-08-14,14:55:57,00,";
var hq_str_sh603259="药明康德,67.000,68.860,70.260,72.580,65.990,70.240,70.260,24772002,1698705708.000,1000,70.240,7300,70.230,21100,70.220,2300,70.210,11100,70.200,4865,70.260,5800,70.280,5240,70.300,3400,70.310,200,70.320,2019-08-14,14:56:57,00,";
var hq_str_sh603259="药明康德,67.000,68.860,70.240,72.580,65.990,70.220,70.220,24772302,1698726780.000,72580,70.220,4420,0.000,0,0.000,0,0.000,0,0.000,72580,70.220,0,0.000,0,0.000,0,0.000,0,0.000,2019-08-14,14:57:56,00,";
var hq_str_sh603259="药明康德,67.000,68.860,70.240,72.580,65.990,70.220,70.220,24772302,1698726780.000,96930,70.220,18570,0.000,0,0.000,0,0.000,0,0.000,96930,70.220,0,0.000,0,0.000,0,0.000,0,0.000,2019-08-14,14:58:56,00,";
