var hq_str_sh603259="药明康德,97.620,97.600,97.620,97.620,97.620,97.610,97.620,20700,2020734.000,6200,97.610,4700,97.600,200,97.590,100,97.490,1000,97.350,1103,97.620,100,97.800,100,97.940,200,97.950,100,97.980,2019-04-11,09:29:50,00";
var hq_str_sh603259="药明康德,97.620,97.600,97.900,97.990,97.620,97.880,97.900,65803,6433281.000,500,97.880,100,97.780,200,97.760,1400,97.630,15597,97.620,2905,97.900,300,97.930,2600,97.990,2100,98.000,100,98.020,2019-04-11,09:30:57,00";
var hq_str_sh603259="药明康德,97.620,97.600,98.190,98.200,97.620,98.100,98.190,102414,10021491.000,100,98.100,1000,98.090,200,97.970,400,97.960,995,97.950,700,98.190,4800,98.200,1000,98.230,100,98.250,500,98.260,2019-04-11,09:31:57,00";
var hq_str_sh603259="药明康德,97.620,97.600,97.560,98.200,97.560,97.560,97.620,163069,15956131.000,237,97.560,200,97.510,200,97.500,200,97.480,700,97.360,4200,97.620,100,97.630,100,97.770,100,97.800,100,97.830,2019-04-11,09:32:57,00";
var hq_str_sh603259="药明康德,97.620,97.600,97.050,98.200,97.000,97.020,97.050,197211,19276990.000,100,97.020,1000,97.010,4895,97.000,400,96.880,200,96.870,1900,97.050,1500,97.300,100,97.330,1200,97.350,100,97.370,2019-04-11,09:33:57,00";
var hq_str_sh603259="药明康德,97.620,97.600,97.030,98.200,96.800,97.010,97.030,255311,24910594.000,1100,97.010,7800,97.000,500,96.990,100,96.920,700,96.910,5000,97.030,1600,97.050,200,97.260,2300,97.300,100,97.340,2019-04-11,09:34:57,00";
var hq_str_sh603259="药明康德,97.620,97.600,96.870,98.200,96.800,96.870,97.000,308111,30033634.000,2000,96.870,6495,96.860,500,96.850,200,96.840,300,96.820,100,97.000,100,97.030,1300,97.050,100,97.100,2000,97.110,2019-04-11,09:35:57,00";
var hq_str_sh603259="药明康德,97.620,97.600,96.510,98.200,96.500,96.510,96.590,364106,35452139.000,1000,96.510,500,96.480,1700,96.400,200,96.360,200,96.300,100,96.590,2900,96.600,1400,96.640,100,96.650,700,96.680,2019-04-11,09:36:57,00";
var hq_str_sh603259="药明康德,97.620,97.600,96.030,98.200,95.840,96.000,96.030,451606,43860563.000,1900,96.000,100,95.960,800,95.950,400,95.860,2500,95.840,7100,96.030,4338,96.080,1200,96.100,200,96.120,500,96.140,2019-04-11,09:37:57,00";
var hq_str_sh603259="药明康德,97.620,97.600,96.030,98.200,95.840,96.030,96.040,511053,49566742.000,300,96.030,1800,96.000,500,95.980,6853,95.970,1000,95.950,500,96.040,1200,96.120,400,96.140,100,96.160,200,96.170,2019-04-11,09:38:57,00";
var hq_str_sh603259="药明康德,97.620,97.600,96.160,98.200,95.840,96.160,96.170,553953,53686838.000,800,96.160,100,96.150,400,96.130,800,96.100,1000,96.080,200,96.170,300,96.210,100,96.300,200,96.370,1200,96.400,2019-04-11,09:39:57,00";
var hq_str_sh603259="药明康德,97.620,97.600,96.500,98.200,95.840,96.490,96.500,588153,56983480.000,600,96.490,100,96.480,100,96.400,200,96.340,100,96.330,2000,96.500,1000,96.580,1100,96.600,1200,96.640,300,96.660,2019-04-11,09:40:57,00";
var hq_str_sh603259="药明康德,97.620,97.600,96.220,98.200,95.840,96.200,96.220,626153,60648756.000,1200,96.200,100,96.190,800,96.180,900,96.170,300,96.160,200,96.220,300,96.320,100,96.330,200,96.400,800,96.410,2019-04-11,09:41:57,00";
var hq_str_sh603259="药明康德,97.620,97.600,96.250,98.200,95.840,96.230,96.300,649253,62873117.000,300,96.230,300,96.210,200,96.200,200,96.180,900,96.170,2500,96.300,1000,96.410,400,96.480,1000,96.500,100,96.520,2019-04-11,09:42:54,00";
var hq_str_sh603259="药明康德,97.620,97.600,96.280,98.200,95.840,96.250,96.280,671353,65000542.000,200,96.250,1500,96.200,2500,96.180,500,96.170,300,96.160,900,96.280,1000,96.290,1300,96.300,100,96.380,1100,96.390,2019-04-11,09:43:57,00";
var hq_str_sh603259="药明康德,97.620,97.600,96.330,98.200,95.840,96.300,96.330,695978,67372415.000,1400,96.300,200,96.280,200,96.270,2100,96.260,4000,96.250,400,96.330,2500,96.340,1500,96.350,1400,96.360,100,96.380,2019-04-11,09:44:57,00";
var hq_str_sh603259="药明康德,97.620,97.600,96.280,98.200,95.840,96.280,96.290,741690,71774398.000,188,96.280,1100,96.270,2800,96.260,1500,96.250,2800,96.220,400,96.290,7900,96.300,1500,96.310,3206,96.320,1500,96.330,2019-04-11,09:45:57,00";
var hq_str_sh603259="药明康德,97.620,97.600,96.200,98.200,95.840,96.210,96.240,779981,75459396.000,1472,96.210,100,96.190,100,96.180,500,96.170,1300,96.160,600,96.240,100,96.280,1912,96.290,7900,96.300,900,96.310,2019-04-11,09:46:57,00";
var hq_str_sh603259="药明康德,97.620,97.600,96.310,98.200,95.840,96.300,96.310,812693,78607202.000,2700,96.300,100,96.270,2100,96.240,1000,96.210,1100,96.200,300,96.310,336,96.320,500,96.330,100,96.340,100,96.350,2019-04-11,09:47:57,00";
var hq_str_sh603259="药明康德,97.620,97.600,96.580,98.200,95.840,96.520,96.580,837937,81040060.000,400,96.520,1200,96.500,500,96.480,1900,96.350,2000,96.330,1300,96.580,800,96.590,1000,96.600,1200,96.640,100,96.650,2019-04-11,09:48:57,00";
var hq_str_sh603259="药明康德,97.620,97.600,96.570,98.200,95.840,96.570,96.600,864060,83562208.000,2000,96.570,577,96.560,500,96.540,1000,96.350,1100,96.330,300,96.600,100,96.610,100,96.620,100,96.640,100,96.650,2019-04-11,09:49:57,00";
var hq_str_sh603259="药明康德,97.620,97.600,96.650,98.200,95.840,96.660,96.690,871064,84239160.000,100,96.660,196,96.650,500,96.610,700,96.600,500,96.580,900,96.690,500,96.730,200,96.750,600,96.790,2500,96.800,2019-04-11,09:50:57,00";
var hq_str_sh603259="药明康德,97.620,97.600,96.330,98.200,95.840,96.330,96.600,891264,86190420.000,573,96.330,192,96.320,100,96.310,700,96.300,2100,96.280,400,96.600,4000,96.610,1700,96.680,3800,96.690,200,96.700,2019-04-11,09:51:57,00";
var hq_str_sh603259="药明康德,97.620,97.600,96.540,98.200,95.840,96.350,96.500,910367,88031646.000,3562,96.350,500,96.310,10000,96.250,900,96.210,1200,96.200,700,96.500,100,96.540,500,96.550,10800,96.570,600,96.580,2019-04-11,09:52:57,00";
var hq_str_sh603259="药明康德,97.620,97.600,96.330,98.200,95.840,96.330,96.450,934467,90352674.000,200,96.330,800,96.250,1000,96.210,1700,96.200,200,96.190,1300,96.450,100,96.490,700,96.500,1000,96.510,800,96.540,2019-04-11,09:53:57,00";
var hq_str_sh603259="药明康德,97.620,97.600,96.300,98.200,95.840,96.260,96.300,950667,91912567.000,1100,96.260,200,96.240,200,96.230,300,96.220,600,96.210,200,96.300,300,96.320,400,96.330,3100,96.340,200,96.420,2019-04-11,09:54:57,00";
var hq_str_sh603259="药明康德,97.620,97.600,96.200,98.200,95.840,96.200,96.210,966167,93404155.000,300,96.200,2300,96.190,2200,96.180,1300,96.170,100,96.160,100,96.210,700,96.220,409,96.240,400,96.280,600,96.300,2019-04-11,09:55:57,00";
var hq_str_sh603259="药明康德,97.620,97.600,96.500,98.200,95.840,96.450,96.500,988967,95598715.000,600,96.450,100,96.300,100,96.240,300,96.210,600,96.200,900,96.500,300,96.540,500,96.550,800,96.560,10700,96.570,2019-04-11,09:56:57,00";
var hq_str_sh603259="药明康德,97.620,97.600,96.190,98.200,95.840,96.210,96.440,1008776,97505075.000,300,96.210,4900,96.190,700,96.180,100,96.170,500,96.160,600,96.440,100,96.450,6000,96.500,300,96.540,500,96.550,2019-04-11,09:57:57,00";
var hq_str_sh603259="药明康德,97.620,97.600,96.270,98.200,95.840,96.270,96.410,1020876,98669752.000,100,96.270,200,96.230,1400,96.220,500,96.210,200,96.200,100,96.410,800,96.420,500,96.430,1001,96.440,400,96.450,2019-04-11,09:59:00,00";
var hq_str_sh603259="药明康德,97.620,97.600,96.220,98.200,95.840,96.220,96.390,1031476,99690033.000,100,96.220,1100,96.210,2000,96.200,4900,96.190,1000,96.180,700,96.390,900,96.400,800,96.420,600,96.440,400,96.450,2019-04-11,09:59:57,00";
var hq_str_sh603259="药明康德,97.620,97.600,96.180,98.200,95.840,96.170,96.180,1047076,101190718.000,100,96.170,500,96.160,300,96.150,1000,96.130,300,96.120,600,96.180,100,96.190,3400,96.200,2600,96.210,100,96.300,2019-04-11,10:00:57,00";
var hq_str_sh603259="药明康德,97.620,97.600,96.040,98.200,95.840,96.000,96.040,1070194,103411686.000,9400,96.000,600,95.990,700,95.980,4253,95.970,1500,95.950,3300,96.040,2100,96.050,300,96.060,100,96.070,100,96.080,2019-04-11,10:01:57,00";
var hq_str_sh603259="药明康德,97.620,97.600,95.900,98.200,95.840,95.890,95.900,1105547,106804354.000,500,95.890,5500,95.880,300,95.870,1200,95.860,2500,95.850,2262,95.900,2400,95.920,1700,95.930,5747,95.950,1600,95.980,2019-04-11,10:02:57,00";
var hq_str_sh603259="药明康德,97.620,97.600,95.800,98.200,95.700,95.740,95.800,1163948,112400675.000,100,95.740,99,95.700,300,95.680,100,95.670,700,95.660,5182,95.800,6200,95.840,6802,95.850,800,95.860,1801,95.870,2019-04-11,10:03:57,00";
var hq_str_sh603259="药明康德,97.620,97.600,95.730,98.200,95.620,95.730,95.850,1211951,116997520.000,299,95.730,100,95.710,1798,95.700,600,95.690,8100,95.680,684,95.850,1001,95.870,100,95.890,262,95.900,500,95.910,2019-04-11,10:04:57,00";
var hq_str_sh603259="药明康德,97.620,97.600,95.950,98.200,95.620,95.950,95.970,1225002,118248858.000,400,95.950,198,95.930,5900,95.900,100,95.890,300,95.880,1000,95.970,1600,95.980,3200,96.000,100,96.080,500,96.100,2019-04-11,10:05:57,00";
var hq_str_sh603259="药明康德,97.620,97.600,96.080,98.200,95.620,96.080,96.120,1238402,119535099.000,1300,96.080,3100,96.000,300,95.990,1700,95.980,200,95.960,700,96.120,1000,96.140,100,96.150,300,96.160,200,96.180,2019-04-11,10:06:57,00";
var hq_str_sh603259="药明康德,97.620,97.600,95.910,98.200,95.620,95.900,95.930,1266104,122193644.000,3198,95.900,300,95.880,100,95.870,200,95.860,9454,95.850,100,95.930,1300,95.950,18500,95.980,1400,95.990,12404,96.000,2019-04-11,10:07:57,00";
var hq_str_sh603259="药明康德,97.620,97.600,95.730,98.200,95.620,95.730,95.800,1314961,126873749.000,399,95.730,100,95.720,5395,95.700,400,95.690,8300,95.680,2900,95.800,4500,95.810,16053,95.850,800,95.880,2100,95.900,2019-04-11,10:08:57,00";
var hq_str_sh603259="药明康德,97.620,97.600,95.740,98.200,95.620,95.740,95.750,1347665,130003959.000,1100,95.740,900,95.720,1300,95.710,4296,95.700,4200,95.690,302,95.750,1100,95.780,200,95.790,2600,95.800,2600,95.810,2019-04-11,10:09:57,00";
var hq_str_sh603259="药明康德,97.620,97.600,95.710,98.200,95.620,95.710,95.720,1369365,132080788.000,600,95.710,3100,95.700,4800,95.690,6794,95.680,1000,95.670,800,95.720,2500,95.740,302,95.750,700,95.780,200,95.790,2019-04-11,10:10:58,00";
var hq_str_sh603259="药明康德,97.620,97.600,95.720,98.200,95.620,95.710,95.720,1386665,133736536.000,1800,95.710,1500,95.700,4800,95.690,6794,95.680,1000,95.670,9700,95.720,1100,95.740,302,95.750,600,95.780,100,95.790,2019-04-11,10:11:58,00";
var hq_str_sh603259="药明康德,97.620,97.600,95.600,98.200,95.590,95.590,95.650,1425666,137466960.000,492,95.590,800,95.580,100,95.570,100,95.560,1000,95.550,2500,95.650,100,95.680,1200,95.690,6606,95.700,11000,95.720,2019-04-11,10:12:58,00";
var hq_str_sh603259="药明康德,97.620,97.600,95.270,98.200,95.100,95.210,95.320,1471158,141806754.000,1300,95.210,900,95.100,300,95.080,11600,95.050,900,95.040,2200,95.320,100,95.370,1000,95.380,500,95.390,5400,95.400,2019-04-11,10:13:57,00";
var hq_str_sh603259="药明康德,97.620,97.600,95.100,98.200,95.040,95.070,95.100,1517663,146229974.000,100,95.070,300,95.060,300,95.050,400,95.040,700,95.030,2800,95.100,12500,95.110,1300,95.150,200,95.160,700,95.180,2019-04-11,10:14:58,00";
var hq_str_sh603259="药明康德,97.620,97.600,95.200,98.200,95.010,95.180,95.200,1579669,152126594.000,100,95.180,1200,95.150,200,95.140,1900,95.130,500,95.120,6800,95.200,300,95.210,100,95.380,100,95.400,100,95.480,2019-04-11,10:15:58,00";
var hq_str_sh603259="药明康德,97.620,97.600,95.400,98.200,95.010,95.400,95.500,1599174,153985178.000,800,95.400,300,95.380,500,95.300,200,95.250,300,95.230,400,95.500,400,95.550,600,95.590,408,95.600,300,95.640,2019-04-11,10:16:58,00";
var hq_str_sh603259="药明康德,97.620,97.600,95.480,98.200,95.010,95.480,95.580,1634874,157393161.000,2700,95.480,200,95.450,100,95.440,200,95.410,1100,95.300,800,95.580,600,95.590,408,95.600,100,95.650,300,95.700,2019-04-11,10:17:58,00";
var hq_str_sh603259="药明康德,97.620,97.600,95.460,98.200,95.010,95.460,95.500,1672266,160963806.000,2100,95.460,208,95.450,1100,95.440,100,95.420,200,95.410,7500,95.500,7800,95.510,3600,95.580,600,95.590,408,95.600,2019-04-11,10:18:58,00";
var hq_str_sh603259="药明康德,97.620,97.600,95.470,98.200,95.010,95.460,95.470,1701766,163780306.000,400,95.460,400,95.450,1100,95.440,500,95.420,500,95.410,5850,95.470,200,95.480,3700,95.500,7800,95.510,2100,95.580,2019-04-11,10:19:58,00";
var hq_str_sh603259="药明康德,97.620,97.600,95.500,98.200,95.010,95.460,95.500,1712566,164811424.000,1900,95.460,500,95.450,1100,95.440,200,95.420,500,95.410,2900,95.500,7800,95.510,200,95.580,600,95.590,408,95.600,2019-04-11,10:20:58,00";
var hq_str_sh603259="药明康德,97.620,97.600,95.330,98.200,95.010,95.330,95.400,1724466,165947162.000,300,95.330,100,95.310,2200,95.300,200,95.280,300,95.240,10905,95.400,4300,95.430,3700,95.470,1100,95.500,7800,95.510,2019-04-11,10:21:58,00";
var hq_str_sh603259="药明康德,97.620,97.600,95.210,98.200,95.010,95.200,95.210,1735766,167023968.000,4600,95.200,2000,95.190,2600,95.180,300,95.170,100,95.160,3202,95.210,2700,95.260,1900,95.280,4501,95.300,100,95.320,2019-04-11,10:22:58,00";
var hq_str_sh603259="药明康德,97.620,97.600,95.240,98.200,95.010,95.240,95.280,1765368,169842034.000,100,95.240,500,95.220,1798,95.210,300,95.200,3100,95.190,2500,95.280,3301,95.300,300,95.330,900,95.390,7605,95.400,2019-04-11,10:23:58,00";
var hq_str_sh603259="药明康德,97.620,97.600,95.280,98.200,95.010,95.280,95.300,1777918,171037374.000,650,95.280,400,95.260,1600,95.250,800,95.240,3400,95.230,3501,95.300,300,95.330,900,95.390,7605,95.400,200,95.430,2019-04-11,10:24:58,00";
var hq_str_sh603259="药明康德,97.620,97.600,95.290,98.200,95.010,95.290,95.300,1797318,172885467.000,100,95.290,550,95.280,100,95.260,100,95.250,100,95.220,3401,95.300,300,95.330,900,95.390,7805,95.400,200,95.430,2019-04-11,10:25:58,00";
var hq_str_sh603259="药明康德,97.620,97.600,95.330,98.200,95.010,95.300,95.330,1811627,174249330.000,1700,95.300,1200,95.290,141,95.280,100,95.260,100,95.250,1900,95.330,300,95.390,7805,95.400,200,95.430,100,95.440,2019-04-11,10:27:01,00";
var hq_str_sh603259="药明康德,97.620,97.600,95.290,98.200,95.010,95.290,95.300,1834429,176422955.000,1198,95.290,41,95.260,100,95.250,100,95.240,100,95.220,800,95.300,100,95.320,2700,95.330,5000,95.340,400,95.380,2019-04-11,10:27:58,00";
var hq_str_sh603259="药明康德,97.620,97.600,95.250,98.200,95.010,95.230,95.250,1844927,177423082.000,200,95.230,1600,95.220,3439,95.210,3900,95.200,2500,95.190,300,95.250,1600,95.280,1402,95.290,800,95.300,2700,95.330,2019-04-11,10:28:58,00";
var hq_str_sh603259="药明康德,97.620,97.600,95.230,98.200,95.010,95.220,95.230,1857330,178604425.000,1797,95.220,3539,95.210,4100,95.200,2400,95.190,2700,95.180,11000,95.230,1600,95.250,900,95.260,2300,95.280,800,95.300,2019-04-11,10:29:58,00";
var hq_str_sh603259="药明康德,97.620,97.600,95.130,98.200,95.010,95.120,95.130,1883066,181054157.000,100,95.120,2000,95.110,71000,95.100,200,95.090,2000,95.080,600,95.130,300,95.140,800,95.150,14698,95.160,3900,95.190,2019-04-11,10:30:58,00";
var hq_str_sh603259="药明康德,97.620,97.600,94.990,98.200,94.980,94.980,94.990,2024762,194523411.000,3198,94.980,1100,94.960,300,94.950,100,94.940,100,94.890,5000,94.990,22006,95.000,100,95.010,300,95.050,200,95.080,2019-04-11,10:31:58,00";
var hq_str_sh603259="药明康德,97.620,97.600,94.950,98.200,94.900,94.910,94.950,2051260,197039640.000,1200,94.910,4800,94.900,2900,94.890,2800,94.880,200,94.870,2500,94.950,2902,94.960,2600,94.980,3700,94.990,14306,95.000,2019-04-11,10:32:58,00";
var hq_str_sh603259="药明康德,97.620,97.600,94.870,98.200,94.830,94.860,94.870,2084160,200162088.000,200,94.860,600,94.820,1300,94.810,12900,94.800,300,94.780,1300,94.870,500,94.880,500,94.900,1502,94.930,1000,94.940,2019-04-11,10:33:58,00";
var hq_str_sh603259="药明康德,97.620,97.600,94.930,98.200,94.790,94.870,94.940,2149962,206400648.000,500,94.870,2100,94.840,4000,94.820,33398,94.810,1800,94.800,1000,94.940,1500,94.960,500,94.980,2900,94.990,14206,95.000,2019-04-11,10:34:58,00";
var hq_str_sh603259="药明康德,97.620,97.600,94.920,98.200,94.790,94.920,94.930,2176562,208925045.000,600,94.920,800,94.900,700,94.860,1600,94.850,1000,94.840,600,94.930,2000,94.960,500,94.980,2900,94.990,14206,95.000,2019-04-11,10:35:58,00";
var hq_str_sh603259="药明康德,97.620,97.600,94.900,98.200,94.790,94.890,94.900,2191962,210387075.000,500,94.890,2500,94.880,100,94.870,800,94.860,1500,94.850,10900,94.900,100,94.970,1600,94.980,2900,94.990,3206,95.000,2019-04-11,10:36:58,00";
var hq_str_sh603259="药明康德,97.620,97.600,94.900,98.200,94.790,94.900,94.970,2215362,212607318.000,3400,94.900,300,94.880,1300,94.870,300,94.860,5500,94.850,100,94.970,1000,94.980,2900,94.990,3306,95.000,300,95.050,2019-04-11,10:37:58,00";
var hq_str_sh603259="药明康德,97.620,97.600,94.970,98.200,94.790,94.990,95.000,2227362,213747069.000,400,94.990,500,94.940,1400,94.920,2800,94.910,3100,94.900,1806,95.000,300,95.050,100,95.070,200,95.080,500,95.090,2019-04-11,10:38:58,00";
var hq_str_sh603259="药明康德,97.620,97.600,95.090,98.200,94.790,95.050,95.100,2235468,214517456.000,600,95.050,200,95.020,5000,95.010,2494,95.000,300,94.980,105,95.100,600,95.110,1600,95.190,300,95.220,200,95.250,2019-04-11,10:39:58,00";
var hq_str_sh603259="药明康德,97.620,97.600,95.090,98.200,94.790,95.070,95.090,2246068,215525432.000,100,95.070,400,95.060,600,95.050,500,95.030,400,95.020,5205,95.090,100,95.100,100,95.110,1600,95.190,300,95.220,2019-04-11,10:40:58,00";
var hq_str_sh603259="药明康德,97.620,97.600,95.090,98.200,94.790,95.060,95.090,2262368,217075162.000,2200,95.060,700,95.040,400,95.030,3100,95.020,3400,95.010,5,95.090,900,95.170,800,95.180,1600,95.190,300,95.220,2019-04-11,10:41:58,00";
var hq_str_sh603259="药明康德,97.620,97.600,95.170,98.200,94.790,95.170,95.180,2277173,218483190.000,1395,95.170,500,95.100,1300,95.080,300,95.070,2000,95.060,200,95.180,1600,95.190,300,95.220,200,95.250,1000,95.260,2019-04-11,10:42:58,00";
var hq_str_sh603259="药明康德,97.620,97.600,95.260,98.200,94.790,95.200,95.250,2285373,219263962.000,100,95.200,400,95.190,2900,95.180,300,95.170,200,95.160,200,95.250,1000,95.270,100,95.300,100,95.350,400,95.380,2019-04-11,10:43:58,00";
var hq_str_sh603259="药明康德,97.620,97.600,95.340,98.200,94.790,95.300,95.320,2289773,219683276.000,1100,95.300,200,95.290,300,95.270,2300,95.250,400,95.200,200,95.320,200,95.340,1600,95.350,400,95.380,700,95.390,2019-04-11,10:44:58,00";
var hq_str_sh603259="药明康德,97.620,97.600,95.290,98.200,94.790,95.270,95.290,2299273,220588509.000,100,95.270,1600,95.250,400,95.200,500,95.190,1100,95.180,3700,95.290,200,95.300,200,95.330,400,95.380,700,95.390,2019-04-11,10:45:58,00";
var hq_str_sh603259="药明康德,97.620,97.600,95.250,98.200,94.790,95.250,95.260,2311373,221741222.000,500,95.250,900,95.240,1100,95.200,500,95.190,1200,95.180,200,95.260,6600,95.270,100,95.280,2100,95.290,200,95.300,2019-04-11,10:46:58,00";
var hq_str_sh603259="药明康德,97.620,97.600,95.230,98.200,94.790,95.220,95.230,2326173,223150813.000,5500,95.220,900,95.210,4000,95.200,500,95.190,4900,95.180,300,95.230,900,95.250,2000,95.260,4200,95.270,2000,95.290,2019-04-11,10:47:58,00";
var hq_str_sh603259="药明康德,97.620,97.600,95.380,98.200,94.790,95.330,95.380,2343173,224770152.000,800,95.330,900,95.320,100,95.270,2200,95.260,100,95.250,200,95.380,200,95.400,100,95.430,200,95.480,200,95.490,2019-04-11,10:48:58,00";
var hq_str_sh603259="药明康德,97.620,97.600,95.550,98.200,94.790,95.470,95.550,2349373,225362076.000,1000,95.470,800,95.460,300,95.450,400,95.440,700,95.410,700,95.550,4900,95.560,1800,95.570,100,95.580,300,95.590,2019-04-11,10:49:55,00";
var hq_str_sh603259="药明康德,97.620,97.600,95.420,98.200,94.790,95.420,95.450,2361773,226545679.000,300,95.420,1200,95.410,500,95.400,300,95.380,100,95.280,3300,95.450,6950,95.460,500,95.490,1000,95.500,200,95.570,2019-04-11,10:50:55,00";
var hq_str_sh603259="药明康德,97.620,97.600,95.380,98.200,94.790,95.290,95.380,2369273,227261268.000,200,95.290,1200,95.280,300,95.270,1700,95.260,100,95.250,250,95.380,1300,95.400,200,95.410,2050,95.420,300,95.450,2019-04-11,10:51:58,00";
var hq_str_sh603259="药明康德,97.620,97.600,95.220,98.200,94.790,95.250,95.260,2380873,228366513.000,100,95.250,5000,95.240,2500,95.220,4000,95.200,100,95.190,17700,95.260,300,95.280,1400,95.380,100,95.400,200,95.410,2019-04-11,10:52:55,00";
var hq_str_sh603259="药明康德,97.620,97.600,95.220,98.200,94.790,95.220,95.250,2397973,229995154.000,200,95.220,4000,95.200,200,95.190,4400,95.180,300,95.170,700,95.250,15800,95.260,100,95.400,200,95.410,350,95.420,2019-04-11,10:53:58,00";
var hq_str_sh603259="药明康德,97.620,97.600,95.200,98.200,94.790,95.190,95.240,2418073,231909304.000,300,95.190,4400,95.180,300,95.170,200,95.160,500,95.100,100,95.240,3050,95.250,19600,95.260,600,95.350,100,95.400,2019-04-11,10:54:58,00";
var hq_str_sh603259="药明康德,97.620,97.600,94.980,98.200,94.790,94.950,95.000,2432873,233316671.000,300,94.950,100,94.940,200,94.920,200,94.910,2500,94.900,2300,95.000,1000,95.040,1500,95.070,1500,95.180,1550,95.200,2019-04-11,10:55:58,00";
var hq_str_sh603259="药明康德,97.620,97.600,94.800,98.200,94.790,94.790,94.800,2493471,239063342.000,3600,94.790,700,94.780,600,94.770,300,94.760,100,94.750,4202,94.800,100,94.840,400,94.850,300,94.860,300,94.880,2019-04-11,10:56:58,00";
var hq_str_sh603259="药明康德,97.620,97.600,94.660,98.200,94.660,94.650,94.680,2517171,241308533.000,1300,94.650,200,94.640,600,94.630,100,94.620,100,94.610,8100,94.680,1500,94.700,1000,94.710,400,94.780,902,94.800,2019-04-11,10:57:58,00";
var hq_str_sh603259="药明康德,97.620,97.600,94.980,98.200,94.650,94.790,94.970,2538373,243316626.000,200,94.790,5300,94.780,200,94.760,600,94.750,600,94.730,200,94.970,600,94.990,500,95.000,1500,95.180,1550,95.200,2019-04-11,10:58:58,00";
var hq_str_sh603259="药明康德,97.620,97.600,94.950,98.200,94.650,94.850,94.900,2555473,244939207.000,500,94.850,100,94.810,2700,94.800,1700,94.790,3500,94.780,12148,94.900,700,94.970,400,94.990,1500,95.000,1500,95.180,2019-04-11,10:59:58,00";
var hq_str_sh603259="药明康德,97.620,97.600,94.820,98.200,94.650,94.820,94.850,2564473,245792642.000,2900,94.820,5000,94.800,1300,94.790,3300,94.780,800,94.760,1000,94.850,12148,94.900,100,94.960,100,94.970,400,94.990,2019-04-11,11:00:58,00";
var hq_str_sh603259="药明康德,97.620,97.600,94.810,98.200,94.650,94.810,94.820,2576773,246959216.000,900,94.810,5300,94.800,1300,94.790,3300,94.780,800,94.760,300,94.820,1500,94.850,600,94.870,12248,94.900,100,94.970,2019-04-11,11:01:58,00";
var hq_str_sh603259="药明康德,97.620,97.600,94.850,98.200,94.650,94.850,94.900,2588473,248069072.000,1600,94.850,600,94.830,4400,94.820,600,94.810,5900,94.800,7448,94.900,100,94.970,2000,95.000,100,95.190,1550,95.200,2019-04-11,11:02:58,00";
var hq_str_sh603259="药明康德,97.620,97.600,94.830,98.200,94.650,94.820,94.830,2606773,249805079.000,4400,94.820,600,94.810,5800,94.800,1400,94.790,3300,94.780,300,94.830,948,94.900,100,94.960,100,94.970,1300,94.990,2019-04-11,11:03:58,00";
var hq_str_sh603259="药明康德,97.620,97.600,94.900,98.200,94.650,94.900,94.920,2613221,250416789.000,252,94.900,2900,94.830,5000,94.820,600,94.810,5900,94.800,1100,94.920,100,94.950,100,94.960,100,94.970,1300,94.990,2019-04-11,11:04:58,00";
var hq_str_sh603259="药明康德,97.620,97.600,94.900,98.200,94.650,94.900,94.910,2617621,250834392.000,1352,94.900,100,94.870,400,94.860,500,94.850,200,94.840,200,94.910,1100,94.920,100,94.960,100,94.970,1300,94.990,2019-04-11,11:05:58,00";
var hq_str_sh603259="药明康德,97.620,97.600,94.920,98.200,94.650,94.910,94.920,2623621,251403845.000,2400,94.910,52,94.900,100,94.870,500,94.850,200,94.840,1300,94.920,100,94.960,100,94.970,300,94.980,1400,94.990,2019-04-11,11:06:58,00";
var hq_str_sh603259="药明康德,97.620,97.600,94.940,98.200,94.650,94.940,94.980,2629521,251963917.000,100,94.940,2000,94.920,500,94.910,52,94.900,400,94.880,300,94.980,1400,94.990,1600,95.000,200,95.020,300,95.190,2019-04-11,11:07:58,00";
var hq_str_sh603259="药明康德,97.620,97.600,94.830,98.200,94.650,94.830,94.920,2636821,252656814.000,452,94.830,5000,94.820,500,94.810,3500,94.800,1200,94.790,500,94.920,1200,94.950,400,94.980,1400,94.990,1700,95.000,2019-04-11,11:08:58,00";
var hq_str_sh603259="药明康德,97.620,97.600,94.700,98.200,94.650,94.700,94.770,2659173,254775779.000,1800,94.700,300,94.690,2700,94.680,800,94.670,800,94.660,1100,94.770,300,94.780,200,94.790,4400,94.800,1900,94.820,2019-04-11,11:09:58,00";
var hq_str_sh603259="药明康德,97.620,97.600,94.600,98.200,94.600,94.610,94.630,2684873,257208288.000,100,94.610,1400,94.600,1700,94.580,100,94.570,3700,94.560,400,94.630,6700,94.650,800,94.660,700,94.670,800,94.680,2019-04-11,11:10:55,00";
var hq_str_sh603259="药明康德,97.620,97.600,94.670,98.200,94.580,94.660,94.680,2714573,260018391.000,100,94.660,12300,94.610,2700,94.600,5600,94.590,700,94.580,800,94.680,200,94.700,600,94.770,200,94.790,3400,94.800,2019-04-11,11:11:58,00";
var hq_str_sh603259="药明康德,97.620,97.600,94.760,98.200,94.580,94.760,94.770,2721873,260709752.000,1300,94.760,100,94.720,700,94.710,17100,94.700,300,94.690,2100,94.770,200,94.790,1700,94.820,748,94.880,100,94.920,2019-04-11,11:12:58,00";
var hq_str_sh603259="药明康德,97.620,97.600,94.820,98.200,94.580,94.820,94.880,2735273,261979354.000,200,94.820,200,94.720,600,94.710,12500,94.700,300,94.680,748,94.880,200,94.940,100,94.950,1400,94.990,1700,95.000,2019-04-11,11:13:56,00";
var hq_str_sh603259="药明康德,97.620,97.600,94.880,98.200,94.580,94.880,94.940,2744918,262893969.000,31,94.880,300,94.860,224,94.830,800,94.810,1300,94.800,200,94.940,100,94.950,1900,94.990,1800,95.000,200,95.020,2019-04-11,11:14:58,00";
var hq_str_sh603259="药明康德,97.620,97.600,94.860,98.200,94.580,94.860,94.870,2754820,263833701.000,307,94.860,124,94.830,1400,94.800,100,94.760,500,94.730,300,94.870,1861,94.900,1000,94.940,100,94.950,1900,94.990,2019-04-11,11:15:58,00";
var hq_str_sh603259="药明康德,97.620,97.600,94.700,98.200,94.580,94.700,94.800,2764433,264744569.000,12050,94.700,300,94.680,1100,94.670,100,94.650,200,94.630,700,94.800,3900,94.860,3000,94.880,100,94.920,1000,94.940,2019-04-11,11:16:56,00";
var hq_str_sh603259="药明康德,97.620,97.600,94.800,98.200,94.580,94.800,94.850,2783046,266508137.000,69,94.800,2100,94.750,2600,94.720,2000,94.710,668,94.700,700,94.850,568,94.860,3000,94.880,100,94.920,1000,94.940,2019-04-11,11:17:58,00";
var hq_str_sh603259="药明康德,97.620,97.600,94.750,98.200,94.580,94.750,94.760,2786899,266873324.000,2416,94.750,2600,94.720,2000,94.710,2168,94.700,2300,94.680,300,94.760,100,94.790,231,94.850,1000,94.860,3000,94.880,2019-04-11,11:18:58,00";
var hq_str_sh603259="药明康德,97.620,97.600,94.720,98.200,94.580,94.720,94.810,2795986,267734227.000,129,94.720,2000,94.710,1668,94.700,2400,94.680,1200,94.670,300,94.810,931,94.850,1000,94.860,3000,94.880,100,94.920,2019-04-11,11:19:56,00";
var hq_str_sh603259="药明康德,97.620,97.600,94.560,98.200,94.560,94.560,94.570,2819617,269970678.000,4866,94.560,500,94.550,800,94.530,400,94.520,10200,94.510,2211,94.570,600,94.610,100,94.630,100,94.660,100,94.670,2019-04-11,11:20:55,00";
var hq_str_sh603259="药明康德,97.620,97.600,94.560,98.200,94.550,94.560,94.580,2844286,272303649.000,82,94.560,10515,94.550,3000,94.530,6300,94.520,10200,94.510,2000,94.580,1131,94.590,900,94.600,600,94.610,100,94.660,2019-04-11,11:21:55,00";
var hq_str_sh603259="药明康德,97.620,97.600,94.580,98.200,94.530,94.580,94.720,2880035,275684608.000,100,94.580,13,94.570,15235,94.560,800,94.550,100,94.540,300,94.720,100,94.800,200,94.810,231,94.850,400,94.860,2019-04-11,11:22:58,00";
var hq_str_sh603259="药明康德,97.620,97.600,94.610,98.200,94.530,94.600,94.610,2892394,276853938.000,9749,94.600,5000,94.580,2605,94.570,400,94.560,1000,94.550,258,94.610,400,94.720,200,94.810,2000,94.840,1231,94.850,2019-04-11,11:23:58,00";
var hq_str_sh603259="药明康德,97.620,97.600,94.600,98.200,94.530,94.580,94.600,2909325,278455802.000,542,94.580,2605,94.570,400,94.560,600,94.550,200,94.540,51,94.600,102,94.610,300,94.620,100,94.640,2000,94.720,2019-04-11,11:24:58,00";
var hq_str_sh603259="药明康德,97.620,97.600,94.640,98.200,94.530,94.670,94.720,2915543,279044032.000,300,94.670,500,94.630,200,94.620,200,94.600,1200,94.590,500,94.720,500,94.800,300,94.810,2000,94.840,1231,94.850,2019-04-11,11:25:55,00";
var hq_str_sh603259="药明康德,97.620,97.600,94.720,98.200,94.530,94.720,94.770,2921287,279588416.000,418,94.720,200,94.700,238,94.670,300,94.660,200,94.640,300,94.770,2565,94.810,1900,94.840,1031,94.850,400,94.860,2019-04-11,11:26:58,00";
var hq_str_sh603259="药明康德,97.620,97.600,94.800,98.200,94.530,94.770,94.800,2928462,280268587.000,4211,94.770,300,94.750,500,94.730,400,94.720,200,94.700,997,94.800,900,94.810,1700,94.830,1900,94.840,1031,94.850,2019-04-11,11:27:58,00";
var hq_str_sh603259="药明康德,97.620,97.600,94.830,98.200,94.530,94.830,94.840,2937895,281163034.000,571,94.830,1000,94.810,100,94.800,200,94.780,4411,94.770,1615,94.840,1031,94.850,400,94.860,3000,94.880,1000,94.940,2019-04-11,11:28:58,00";
var hq_str_sh603259="药明康德,97.620,97.600,94.810,98.200,94.530,94.810,94.860,2944375,281777582.000,891,94.810,100,94.800,600,94.780,4411,94.770,300,94.750,400,94.860,3000,94.880,1000,94.940,1000,94.950,1300,94.990,2019-04-11,11:29:58,00";
var hq_str_sh603259="药明康德,97.620,97.600,94.810,98.200,94.530,94.810,94.860,2944375,281777582.000,891,94.810,100,94.800,600,94.780,4411,94.770,300,94.750,600,94.860,3000,94.880,1000,94.940,1000,94.950,1300,94.990,2019-04-11,11:30:00,00";
var hq_str_sh603259="药明康德,97.620,97.600,94.800,98.200,94.530,94.800,94.880,2966900,283913398.000,1966,94.800,1100,94.780,4611,94.770,100,94.760,300,94.750,1800,94.880,1000,94.940,1000,94.950,800,94.990,3500,95.000,2019-04-11,13:00:58,00";
var hq_str_sh603259="药明康德,97.620,97.600,94.880,98.200,94.530,94.830,94.880,2973024,284494208.000,100,94.830,1100,94.810,542,94.800,1100,94.780,4611,94.770,1000,94.880,1000,94.940,1000,94.950,800,94.990,3500,95.000,2019-04-11,13:01:58,00";
var hq_str_sh603259="药明康德,97.620,97.600,94.780,98.200,94.530,94.770,94.780,2985586,285685525.000,3391,94.770,100,94.760,300,94.750,500,94.730,300,94.720,800,94.780,600,94.880,1000,94.930,600,94.940,1000,94.950,2019-04-11,13:02:58,00";
var hq_str_sh603259="药明康德,97.620,97.600,94.880,98.200,94.530,94.720,94.840,2993531,286438627.000,381,94.720,300,94.710,538,94.670,1300,94.660,100,94.640,4000,94.840,100,94.880,1000,94.930,600,94.940,1000,94.950,2019-04-11,13:03:58,00";
var hq_str_sh603259="药明康德,97.620,97.600,94.780,98.200,94.530,94.780,94.840,2998094,286871133.000,93,94.780,1103,94.770,500,94.720,222,94.710,100,94.680,3000,94.840,1000,94.930,600,94.940,1000,94.950,500,94.970,2019-04-11,13:04:58,00";
var hq_str_sh603259="药明康德,97.620,97.600,94.900,98.200,94.530,94.900,94.930,3005488,287572247.000,200,94.900,200,94.840,200,94.810,65,94.780,334,94.770,1200,94.930,600,94.940,1000,94.950,500,94.970,800,94.990,2019-04-11,13:05:58,00";
var hq_str_sh603259="药明康德,97.620,97.600,94.920,98.200,94.530,94.920,94.930,3014264,288405216.000,4,94.920,100,94.900,120,94.810,100,94.800,1300,94.790,2700,94.930,600,94.940,1000,94.950,500,94.970,800,94.990,2019-04-11,13:06:58,00";
var hq_str_sh603259="药明康德,97.620,97.600,94.920,98.200,94.530,94.920,94.940,3026516,289568171.000,1300,94.920,148,94.900,1400,94.820,5420,94.810,400,94.800,600,94.940,1000,94.950,500,94.970,800,94.990,4200,95.000,2019-04-11,13:07:58,00";
var hq_str_sh603259="药明康德,97.620,97.600,94.930,98.200,94.530,94.920,94.930,3032380,290124871.000,1436,94.920,248,94.900,500,94.890,200,94.880,100,94.850,200,94.930,600,94.950,500,94.970,800,94.990,4200,95.000,2019-04-11,13:08:58,00";
var hq_str_sh603259="药明康德,97.620,97.600,94.910,98.200,94.530,94.910,94.920,3037659,290625997.000,31,94.910,1674,94.900,500,94.890,500,94.880,100,94.830,5200,94.920,400,94.940,100,94.950,500,94.970,300,94.980,2019-04-11,13:09:57,00";
var hq_str_sh603259="药明康德,97.620,97.600,94.880,98.200,94.530,94.820,94.880,3048523,291657016.000,341,94.820,5420,94.810,200,94.800,100,94.790,3300,94.780,100,94.880,4800,94.910,600,94.920,200,94.940,100,94.950,2019-04-11,13:10:58,00";
var hq_str_sh603259="药明康德,97.620,97.600,94.910,98.200,94.530,94.880,94.910,3053876,292165029.000,1447,94.880,841,94.820,5720,94.810,200,94.800,100,94.790,1800,94.910,600,94.920,200,94.940,200,94.950,500,94.970,2019-04-11,13:11:58,00";
var hq_str_sh603259="药明康德,97.620,97.600,94.880,98.200,94.530,94.820,94.880,3062525,292985787.000,945,94.820,5720,94.810,200,94.800,400,94.790,3300,94.780,100,94.880,500,94.900,600,94.920,200,94.940,100,94.950,2019-04-11,13:12:58,00";
var hq_str_sh603259="药明康德,97.620,97.600,94.900,98.200,94.530,94.900,94.970,3070854,293776190.000,4933,94.900,1375,94.880,5000,94.850,100,94.830,1545,94.820,100,94.970,300,94.980,800,94.990,3200,95.000,200,95.020,2019-04-11,13:13:58,00";
var hq_str_sh603259="药明康德,97.620,97.600,95.020,98.200,94.530,95.020,95.170,3076878,294348449.000,300,95.020,200,95.010,1800,95.000,576,94.990,5300,94.980,200,95.170,1500,95.180,200,95.200,400,95.300,500,95.330,2019-04-11,13:14:58,00";
var hq_str_sh603259="药明康德,97.620,97.600,95.280,98.200,94.530,95.280,95.290,3087366,295346702.000,100,95.280,1500,95.200,14200,95.180,300,95.150,500,95.120,500,95.290,800,95.300,700,95.320,1700,95.330,100,95.350,2019-04-11,13:15:58,00";
var hq_str_sh603259="药明康德,97.620,97.600,95.300,98.200,94.530,95.290,95.300,3096487,296215976.000,1679,95.290,1000,95.280,200,95.220,500,95.200,14200,95.180,2100,95.300,300,95.330,2100,95.350,200,95.360,700,95.380,2019-04-11,13:16:58,00";
var hq_str_sh603259="药明康德,97.620,97.600,95.180,98.200,94.530,95.180,95.250,3117366,298204521.000,5200,95.180,200,95.030,200,95.020,1200,95.010,900,95.000,500,95.250,1500,95.280,2202,95.290,1700,95.300,800,95.320,2019-04-11,13:17:58,00";
var hq_str_sh603259="药明康德,97.620,97.600,95.240,98.200,94.530,95.200,95.240,3124508,298884741.000,1500,95.200,5293,95.180,1000,95.050,400,95.030,200,95.020,1300,95.240,200,95.250,1500,95.270,1300,95.280,1902,95.290,2019-04-11,13:18:58,00";
var hq_str_sh603259="药明康德,97.620,97.600,95.190,98.200,94.530,95.180,95.190,3132070,299604679.000,4431,95.180,1000,95.050,500,95.030,200,95.020,1200,95.010,500,95.190,300,95.240,100,95.250,1500,95.270,300,95.280,2019-04-11,13:19:55,00";
var hq_str_sh603259="药明康德,97.620,97.600,95.190,98.200,94.530,95.190,95.200,3137515,300123211.000,655,95.190,4031,95.180,1000,95.050,500,95.030,700,95.020,5000,95.200,2598,95.250,1500,95.270,300,95.280,1902,95.290,2019-04-11,13:20:58,00";
var hq_str_sh603259="药明康德,97.620,97.600,95.180,98.200,94.530,95.050,95.180,3148401,301159454.000,100,95.050,500,95.030,1200,95.020,1300,95.010,2500,95.000,2244,95.180,400,95.190,100,95.200,2398,95.250,500,95.270,2019-04-11,13:21:58,00";
var hq_str_sh603259="药明康德,97.620,97.600,95.150,98.200,94.530,95.060,95.160,3154611,301750099.000,400,95.060,978,95.030,1017,95.020,1300,95.010,1100,95.000,400,95.160,500,95.170,1644,95.180,200,95.190,2398,95.250,2019-04-11,13:22:58,00";
var hq_str_sh603259="药明康德,97.620,97.600,95.150,98.200,94.530,95.120,95.170,3163034,302551173.000,500,95.120,200,95.050,1946,95.030,926,95.020,1200,95.010,700,95.170,1644,95.180,200,95.190,1898,95.250,500,95.270,2019-04-11,13:23:58,00";
var hq_str_sh603259="药明康德,97.620,97.600,95.120,98.200,94.530,95.050,95.120,3168712,303091275.000,322,95.050,1946,95.030,926,95.020,1200,95.010,700,95.000,1303,95.120,500,95.150,100,95.170,1244,95.180,200,95.190,2019-04-11,13:24:55,00";
var hq_str_sh603259="药明康德,97.620,97.600,95.020,98.200,94.530,95.020,95.030,3177582,303934408.000,924,95.020,1200,95.010,700,95.000,376,94.990,500,94.980,11768,95.030,209,95.040,800,95.050,116,95.060,200,95.110,2019-04-11,13:25:58,00";
var hq_str_sh603259="药明康德,97.620,97.600,94.880,98.200,94.530,94.850,94.870,3192690,305368743.000,100,94.850,145,94.820,5100,94.810,1200,94.800,400,94.790,8125,94.870,1275,94.890,200,94.920,600,94.930,500,94.950,2019-04-11,13:26:58,00";
var hq_str_sh603259="药明康德,97.620,97.600,94.750,98.200,94.530,94.770,94.780,3215497,307531138.000,100,94.770,72,94.750,200,94.740,500,94.720,1700,94.700,7899,94.780,300,94.810,100,94.820,1175,94.890,200,94.950,2019-04-11,13:27:58,00";
var hq_str_sh603259="药明康德,97.620,97.600,94.700,98.200,94.530,94.680,94.700,3225069,308437899.000,600,94.680,738,94.670,900,94.660,500,94.610,1200,94.600,5246,94.700,800,94.720,200,94.740,1000,94.780,300,94.810,2019-04-11,13:28:55,00";
var hq_str_sh603259="药明康德,97.620,97.600,94.720,98.200,94.530,94.700,94.810,3238251,309686186.000,1954,94.700,1000,94.690,1164,94.680,738,94.670,1200,94.660,500,94.810,1400,94.850,1175,94.890,200,94.950,57,95.000,2019-04-11,13:29:58,00";
var hq_str_sh603259="药明康德,97.620,97.600,94.840,98.200,94.530,94.840,94.850,3243948,310226174.000,200,94.840,513,94.800,200,94.720,700,94.710,3744,94.700,1400,94.850,1175,94.890,100,94.950,57,95.000,392,95.010,2019-04-11,13:30:55,00";
var hq_str_sh603259="药明康德,97.620,97.600,94.620,98.200,94.530,94.670,94.800,3281642,313796237.000,200,94.670,100,94.660,65,94.620,800,94.610,6600,94.600,6587,94.800,1175,94.890,100,94.950,257,95.000,100,95.020,2019-04-11,13:31:58,00";
var hq_str_sh603259="药明康德,97.620,97.600,94.590,98.200,94.530,94.590,94.790,3302145,315736725.000,9982,94.590,1859,94.580,300,94.570,1200,94.560,1200,94.550,500,94.790,2887,94.800,1175,94.890,100,94.950,357,95.000,2019-04-11,13:32:58,00";
var hq_str_sh603259="药明康德,97.620,97.600,94.630,98.200,94.530,94.620,94.630,3309274,316411618.000,1671,94.620,10100,94.610,7100,94.600,9982,94.590,3259,94.580,700,94.630,500,94.680,400,94.770,200,94.790,700,94.800,2019-04-11,13:33:58,00";
var hq_str_sh603259="药明康德,97.620,97.600,94.740,98.200,94.530,94.720,94.740,3318817,317315162.000,6500,94.720,700,94.650,8357,94.630,1971,94.620,200,94.610,1500,94.740,700,94.800,300,94.880,1175,94.890,100,94.950,2019-04-11,13:34:58,00";
var hq_str_sh603259="药明康德,97.620,97.600,94.750,98.200,94.530,94.750,94.790,3335045,318852603.000,3300,94.750,100,94.740,2437,94.720,100,94.700,1200,94.660,300,94.790,300,94.800,400,94.880,1175,94.890,100,94.950,2019-04-11,13:35:58,00";
var hq_str_sh603259="药明康德,97.620,97.600,94.740,98.200,94.530,94.750,94.770,3348031,320083276.000,1000,94.750,14,94.740,2437,94.720,200,94.700,100,94.670,100,94.770,1300,94.780,2000,94.800,1175,94.890,100,94.950,2019-04-11,13:36:55,00";
var hq_str_sh603259="药明康德,97.620,97.600,94.770,98.200,94.530,94.780,94.800,3354397,320686646.000,1200,94.780,603,94.770,100,94.760,882,94.750,514,94.740,2100,94.800,1175,94.890,100,94.950,200,94.990,57,95.000,2019-04-11,13:37:58,00";
var hq_str_sh603259="药明康德,97.620,97.600,94.950,98.200,94.530,94.950,94.990,3363432,321544059.000,2600,94.950,400,94.940,225,94.890,2300,94.810,682,94.800,700,94.990,57,95.000,100,95.020,800,95.050,116,95.060,2019-04-11,13:38:55,00";
var hq_str_sh603259="药明康德,97.620,97.600,94.820,98.200,94.530,94.820,94.940,3379619,323079954.000,292,94.820,400,94.810,100,94.800,646,94.750,514,94.740,2500,94.940,400,94.990,861,95.000,100,95.020,900,95.040,2019-04-11,13:39:58,00";
var hq_str_sh603259="药明康德,97.620,97.600,94.730,98.200,94.530,94.730,94.750,3386019,323686703.000,921,94.730,2348,94.720,4800,94.700,100,94.670,1700,94.660,1300,94.750,100,94.790,11526,94.800,200,94.820,600,94.900,2019-04-11,13:40:58,00";
var hq_str_sh603259="药明康德,97.620,97.600,94.630,98.200,94.530,94.630,94.660,3413665,326304620.000,1608,94.630,471,94.620,300,94.610,10800,94.600,1259,94.580,800,94.660,200,94.720,2100,94.750,100,94.790,11526,94.800,2019-04-11,13:41:58,00";
var hq_str_sh603259="药明康德,97.620,97.600,94.660,98.200,94.530,94.660,94.720,3423360,327222136.000,1100,94.660,100,94.650,884,94.610,10600,94.600,1000,94.590,200,94.720,2100,94.750,200,94.790,11526,94.800,600,94.900,2019-04-11,13:42:58,00";
var hq_str_sh603259="药明康德,97.620,97.600,94.540,98.200,94.530,94.540,94.590,3448221,329573986.000,82,94.540,2500,94.530,1800,94.520,4700,94.510,28400,94.500,300,94.590,2602,94.600,300,94.670,600,94.710,100,94.720,2019-04-11,13:43:58,00";
var hq_str_sh603259="药明康德,97.620,97.600,94.600,98.200,94.530,94.560,94.600,3457183,330421474.000,1800,94.560,6722,94.550,222,94.540,1882,94.530,2800,94.520,2102,94.600,300,94.670,600,94.710,100,94.720,900,94.740,2019-04-11,13:44:58,00";
var hq_str_sh603259="药明康德,97.620,97.600,94.650,98.200,94.530,94.610,94.640,3464279,331093010.000,2154,94.610,2300,94.600,2552,94.560,200,94.550,722,94.540,2207,94.640,300,94.700,100,94.720,1100,94.740,1000,94.750,2019-04-11,13:45:58,00";
var hq_str_sh603259="药明康德,97.620,97.600,94.750,98.200,94.530,94.630,94.750,3470686,331699744.000,200,94.630,19400,94.620,4343,94.610,5800,94.600,2552,94.560,400,94.750,1000,94.790,12426,94.800,600,94.900,300,94.990,2019-04-11,13:46:55,00";
var hq_str_sh603259="药明康德,97.620,97.600,94.790,98.200,94.530,94.790,94.800,3474150,332028043.000,4,94.790,2132,94.700,100,94.660,2000,94.650,1200,94.630,12426,94.800,600,94.900,300,94.990,3361,95.000,100,95.020,2019-04-11,13:47:55,00";
var hq_str_sh603259="药明康德,97.620,97.600,94.800,98.200,94.530,94.760,94.780,3481475,332722384.000,72,94.760,2807,94.750,1200,94.710,6032,94.700,100,94.660,700,94.780,7734,94.800,600,94.900,400,94.990,3961,95.000,2019-04-11,13:48:58,00";
var hq_str_sh603259="药明康德,97.620,97.600,94.780,98.200,94.530,94.760,94.780,3486694,333217033.000,100,94.760,2452,94.750,1400,94.710,4832,94.700,10000,94.670,500,94.780,6934,94.800,600,94.900,600,94.990,3961,95.000,2019-04-11,13:49:58,00";
var hq_str_sh603259="药明康德,97.620,97.600,94.800,98.200,94.530,94.750,94.800,3496398,334136728.000,748,94.750,6300,94.720,1600,94.710,5132,94.700,800,94.680,4134,94.800,100,94.850,1000,94.900,600,94.990,3961,95.000,2019-04-11,13:50:58,00";
var hq_str_sh603259="药明康德,97.620,97.600,95.050,98.200,94.530,95.050,95.060,3507261,335167691.000,100,95.050,400,95.020,100,95.010,900,95.000,100,94.930,116,95.060,1000,95.150,1244,95.180,1000,95.200,500,95.270,2019-04-11,13:51:58,00";
var hq_str_sh603259="药明康德,97.620,97.600,95.260,98.200,94.530,95.230,95.260,3514283,335835938.000,238,95.230,200,95.200,400,95.160,1284,95.150,500,95.120,1100,95.260,1000,95.270,1800,95.290,1400,95.320,1200,95.330,2019-04-11,13:52:58,00";
var hq_str_sh603259="药明康德,97.620,97.600,95.090,98.200,94.530,95.080,95.090,3539897,338272384.000,3872,95.080,300,95.060,1000,95.050,1000,95.000,100,94.930,100,95.090,4505,95.100,600,95.200,100,95.210,200,95.220,2019-04-11,13:53:55,00";
var hq_str_sh603259="药明康德,97.620,97.600,95.190,98.200,94.530,95.100,95.190,3547810,339025055.000,1195,95.100,992,95.090,3672,95.080,300,95.060,1000,95.050,700,95.190,500,95.200,200,95.210,200,95.220,400,95.230,2019-04-11,13:54:58,00";
var hq_str_sh603259="药明康德,97.620,97.600,95.200,98.200,94.530,95.190,95.200,3550929,339321946.000,90,95.190,700,95.110,2086,95.100,292,95.090,3672,95.080,400,95.200,300,95.230,300,95.260,900,95.270,100,95.280,2019-04-11,13:55:58,00";
var hq_str_sh603259="药明康德,97.620,97.600,95.240,98.200,94.530,95.230,95.250,3556019,339806643.000,200,95.230,700,95.200,400,95.110,1886,95.100,292,95.090,900,95.250,800,95.260,900,95.270,900,95.280,2100,95.290,2019-04-11,13:56:55,00";
var hq_str_sh603259="药明康德,97.620,97.600,95.180,98.200,94.530,95.120,95.210,3562939,340465417.000,100,95.120,300,95.110,600,95.100,292,95.090,3672,95.080,500,95.210,600,95.230,30,95.240,2500,95.250,100,95.260,2019-04-11,13:57:58,00";
var hq_str_sh603259="药明康德,97.620,97.600,95.240,98.200,94.530,95.240,95.250,3567567,340905963.000,270,95.240,2700,95.230,500,95.150,100,95.120,300,95.110,1100,95.250,600,95.260,900,95.270,900,95.280,1600,95.290,2019-04-11,13:58:55,00";
var hq_str_sh603259="药明康德,97.620,97.600,95.150,98.200,94.530,95.100,95.150,3575249,341637328.000,688,95.100,392,95.090,3672,95.080,300,95.060,2000,95.050,100,95.150,100,95.160,3300,95.220,166,95.230,1800,95.250,2019-04-11,13:59:55,00";
var hq_str_sh603259="药明康德,97.620,97.600,95.200,98.200,94.530,95.160,95.200,3581249,342208281.000,9200,95.160,1900,95.110,5688,95.100,292,95.090,3672,95.080,200,95.200,500,95.210,3300,95.220,666,95.230,600,95.250,2019-04-11,14:00:58,00";
var hq_str_sh603259="药明康德,97.620,97.600,95.200,98.200,94.530,95.160,95.210,3595717,343585236.000,132,95.160,1900,95.110,688,95.100,292,95.090,3672,95.080,500,95.210,666,95.230,600,95.250,100,95.260,400,95.270,2019-04-11,14:01:58,00";
var hq_str_sh603259="药明康德,97.620,97.600,95.200,98.200,94.530,95.200,95.230,3599429,343938667.000,100,95.200,1784,95.110,688,95.100,292,95.090,3672,95.080,1900,95.230,966,95.250,100,95.260,400,95.270,900,95.280,2019-04-11,14:02:58,00";
var hq_str_sh603259="药明康德,97.620,97.600,95.190,98.200,94.530,95.110,95.190,3603969,344370803.000,1044,95.110,688,95.100,592,95.090,4472,95.080,300,95.060,1500,95.190,1200,95.200,100,95.220,1400,95.230,2666,95.250,2019-04-11,14:03:58,00";
var hq_str_sh603259="药明康德,97.620,97.600,95.190,98.200,94.530,95.100,95.180,3613027,345232648.000,158,95.100,500,95.090,3180,95.080,300,95.060,2700,95.050,700,95.180,100,95.190,300,95.210,1300,95.220,900,95.230,2019-04-11,14:04:55,00";
var hq_str_sh603259="药明康德,97.620,97.600,95.110,98.200,94.530,95.110,95.200,3617687,345676148.000,89,95.110,200,95.100,462,95.090,3180,95.080,300,95.060,2500,95.200,4300,95.210,1300,95.220,900,95.230,3166,95.250,2019-04-11,14:05:55,00";
var hq_str_sh603259="药明康德,97.620,97.600,95.210,98.200,94.530,95.170,95.210,3624487,346323459.000,800,95.170,200,95.130,500,95.100,462,95.090,3180,95.080,2900,95.210,1300,95.220,900,95.230,1566,95.250,100,95.260,2019-04-11,14:06:55,00";
var hq_str_sh603259="药明康德,97.620,97.600,95.230,98.200,94.530,95.220,95.230,3633902,347219887.000,1100,95.220,200,95.180,685,95.170,200,95.130,500,95.100,400,95.230,300,95.240,1466,95.250,100,95.260,400,95.270,2019-04-11,14:07:58,00";
var hq_str_sh603259="药明康德,97.620,97.600,95.260,98.200,94.530,95.260,95.280,3638204,347629655.000,358,95.260,1234,95.250,706,95.230,1100,95.220,300,95.180,1000,95.280,1600,95.290,3500,95.300,400,95.320,1000,95.330,2019-04-11,14:08:58,00";
var hq_str_sh603259="药明康德,97.620,97.600,95.450,98.200,94.530,95.400,95.450,3652049,348949945.000,19400,95.400,1000,95.280,1400,95.270,513,95.260,2234,95.250,2382,95.450,2900,95.480,2200,95.490,1000,95.500,500,95.550,2019-04-11,14:09:55,00";
var hq_str_sh603259="药明康德,97.620,97.600,95.550,98.200,94.530,95.510,95.550,3666442,350324223.000,100,95.510,2500,95.500,600,95.490,889,95.480,2918,95.450,100,95.550,200,95.570,1100,95.580,14800,95.590,2108,95.600,2019-04-11,14:10:58,00";
var hq_str_sh603259="药明康德,97.620,97.600,95.580,98.200,94.530,95.580,95.590,3682342,351844022.000,700,95.580,600,95.560,200,95.550,1500,95.540,100,95.510,4766,95.590,2508,95.600,100,95.650,100,95.700,1100,95.740,2019-04-11,14:11:55,00";
var hq_str_sh603259="药明康德,97.620,97.600,95.600,98.200,94.530,95.600,95.640,3693061,352868687.000,6373,95.600,2782,95.590,300,95.580,100,95.570,200,95.560,300,95.640,200,95.650,200,95.700,700,95.720,1000,95.730,2019-04-11,14:12:55,00";
var hq_str_sh603259="药明康德,97.620,97.600,95.680,98.200,94.530,95.650,95.680,3702461,353768286.000,100,95.650,200,95.640,200,95.610,2973,95.600,2082,95.590,1376,95.680,600,95.740,200,95.780,1100,95.800,400,95.810,2019-04-11,14:13:55,00";
var hq_str_sh603259="药明康德,97.620,97.600,95.800,98.200,94.530,95.760,95.790,3712561,354735477.000,400,95.760,100,95.750,300,95.740,1800,95.700,500,95.680,400,95.790,1296,95.800,1600,95.810,300,95.860,1200,95.870,2019-04-11,14:14:58,00";
var hq_str_sh603259="药明康德,97.620,97.600,95.670,98.200,94.530,95.660,95.670,3724161,355845876.000,100,95.660,100,95.650,100,95.640,700,95.610,2973,95.600,500,95.670,1000,95.680,3000,95.700,100,95.730,1202,95.740,2019-04-11,14:15:58,00";
var hq_str_sh603259="药明康德,97.620,97.600,95.660,98.200,94.530,95.660,95.670,3732961,356687458.000,300,95.660,1773,95.600,2382,95.590,500,95.580,200,95.560,2200,95.670,1000,95.680,1000,95.700,100,95.730,902,95.740,2019-04-11,14:16:58,00";
var hq_str_sh603259="药明康德,97.620,97.600,95.610,98.200,94.530,95.610,95.640,3738361,357203939.000,200,95.610,1173,95.600,2182,95.590,500,95.580,200,95.560,300,95.640,900,95.650,300,95.660,1700,95.670,1000,95.680,2019-04-11,14:17:55,00";
var hq_str_sh603259="药明康德,97.620,97.600,95.650,98.200,94.530,95.650,95.660,3742361,357586477.000,100,95.650,200,95.620,2600,95.610,1073,95.600,2082,95.590,300,95.660,1000,95.680,902,95.740,500,95.750,1306,95.760,2019-04-11,14:18:58,00";
var hq_str_sh603259="药明康德,97.620,97.600,95.730,98.200,94.530,95.710,95.730,3746261,357959729.000,100,95.710,200,95.660,400,95.650,900,95.620,2700,95.610,200,95.730,1202,95.740,500,95.750,1306,95.760,600,95.770,2019-04-11,14:19:58,00";
var hq_str_sh603259="药明康德,97.620,97.600,95.690,98.200,94.530,95.620,95.700,3753461,358648567.000,800,95.620,1500,95.610,1073,95.600,2082,95.590,500,95.580,1300,95.700,1200,95.710,200,95.720,2000,95.730,1202,95.740,2019-04-11,14:20:55,00";
var hq_str_sh603259="药明康德,97.620,97.600,95.680,98.200,94.530,95.620,95.670,3759561,359232188.000,300,95.620,1500,95.610,873,95.600,2082,95.590,200,95.560,200,95.670,800,95.680,500,95.690,1300,95.700,1400,95.710,2019-04-11,14:21:55,00";
var hq_str_sh603259="药明康德,97.620,97.600,95.680,98.200,94.530,95.610,95.680,3767861,360026287.000,1100,95.610,873,95.600,382,95.590,200,95.560,1500,95.540,900,95.680,200,95.690,1700,95.700,1300,95.710,500,95.720,2019-04-11,14:22:58,00";
var hq_str_sh603259="药明康德,97.620,97.600,95.600,98.200,94.530,95.650,95.660,3776061,360810538.000,1100,95.650,100,95.610,3600,95.600,382,95.590,200,95.560,200,95.660,100,95.670,2000,95.680,3200,95.700,1300,95.710,2019-04-11,14:23:58,00";
var hq_str_sh603259="药明康德,97.620,97.600,95.600,98.200,94.530,95.560,95.600,3787361,361890977.000,400,95.560,1500,95.540,100,95.510,700,95.500,300,95.490,2800,95.600,1000,95.660,100,95.670,2300,95.680,3200,95.700,2019-04-11,14:24:58,00";
var hq_str_sh603259="药明康德,97.620,97.600,95.670,98.200,94.530,95.600,95.680,3796261,362742240.000,1500,95.600,500,95.560,1500,95.540,100,95.510,700,95.500,1600,95.680,3000,95.700,1300,95.710,200,95.720,202,95.740,2019-04-11,14:25:58,00";
var hq_str_sh603259="药明康德,97.620,97.600,95.600,98.200,94.530,95.600,95.610,3801861,363277819.000,3400,95.600,2000,95.590,300,95.560,1500,95.540,100,95.510,1200,95.610,200,95.650,300,95.670,1800,95.680,3100,95.700,2019-04-11,14:26:58,00";
var hq_str_sh603259="药明康德,97.620,97.600,95.610,98.200,94.530,95.610,95.650,3809661,364023590.000,200,95.610,1700,95.600,2000,95.590,300,95.560,1500,95.540,200,95.650,1500,95.670,1700,95.680,200,95.690,3300,95.700,2019-04-11,14:27:58,00";
var hq_str_sh603259="药明康德,97.620,97.600,95.810,98.200,94.530,95.700,95.810,3825961,365583833.000,5200,95.700,300,95.680,10000,95.620,500,95.610,1400,95.600,1004,95.810,100,95.850,100,95.860,300,95.870,400,95.880,2019-04-11,14:28:58,00";
var hq_str_sh603259="药明康德,97.620,97.600,95.860,98.200,94.530,95.860,95.870,3832065,366168607.000,200,95.860,396,95.850,3200,95.800,100,95.760,300,95.750,300,95.870,1200,95.880,1500,95.890,2000,95.900,900,95.920,2019-04-11,14:29:52,00";
var hq_str_sh603259="药明康德,97.620,97.600,95.850,98.200,94.530,95.810,95.850,3839261,366858383.000,200,95.810,900,95.800,100,95.790,100,95.780,500,95.750,1500,95.850,900,95.870,2604,95.880,900,95.890,3100,95.900,2019-04-11,14:30:58,00";
var hq_str_sh603259="药明康德,97.620,97.600,95.700,98.200,94.530,95.680,95.700,3853761,368247225.000,1000,95.680,100,95.670,700,95.640,200,95.630,10200,95.620,50,95.700,50,95.710,600,95.790,1150,95.800,700,95.840,2019-04-11,14:31:58,00";
var hq_str_sh603259="药明康德,97.620,97.600,95.690,98.200,94.530,95.680,95.690,3864361,369262021.000,1000,95.680,700,95.640,300,95.630,10000,95.620,100,95.610,100,95.690,300,95.700,100,95.780,1000,95.790,1150,95.800,2019-04-11,14:32:59,00";
var hq_str_sh603259="药明康德,97.620,97.600,95.600,98.200,94.530,95.590,95.610,3874261,370208995.000,2000,95.590,600,95.580,2000,95.570,200,95.560,1500,95.540,200,95.610,9650,95.620,100,95.630,500,95.660,300,95.670,2019-04-11,14:33:58,00";
var hq_str_sh603259="药明康德,97.620,97.600,95.440,98.200,94.530,95.400,95.470,3899400,372610227.000,15900,95.400,100,95.390,100,95.330,300,95.310,100,95.300,300,95.470,3511,95.480,200,95.490,100,95.500,400,95.520,2019-04-11,14:34:52,00";
var hq_str_sh603259="药明康德,97.620,97.600,95.330,98.200,94.530,95.300,95.330,3927900,375328832.000,100,95.300,300,95.280,300,95.270,13,95.260,1000,95.250,2600,95.330,1000,95.350,100,95.390,3000,95.400,500,95.410,2019-04-11,14:35:58,00";
var hq_str_sh603259="药明康德,97.620,97.600,95.230,98.200,94.530,95.200,95.230,3936619,376159411.000,1000,95.200,100,95.190,700,95.180,185,95.170,200,95.130,494,95.230,987,95.250,500,95.270,1000,95.290,100,95.300,2019-04-11,14:36:55,00";
var hq_str_sh603259="药明康德,97.620,97.600,95.060,98.200,94.530,95.050,95.060,3959146,378302519.000,1200,95.050,1400,95.010,4900,95.000,5000,94.940,100,94.900,206,95.060,400,95.100,100,95.110,11549,95.120,200,95.150,2019-04-11,14:37:55,00";
var hq_str_sh603259="药明康德,97.620,97.600,95.030,98.200,94.530,95.020,95.040,3973746,379689958.000,200,95.020,500,95.010,4300,95.000,200,94.960,5000,94.950,7200,95.040,906,95.060,600,95.100,1300,95.110,11549,95.120,2019-04-11,14:38:55,00";
var hq_str_sh603259="药明康德,97.620,97.600,94.870,98.200,94.530,94.860,94.870,4006546,382803905.000,100,94.860,100,94.850,100,94.830,700,94.800,348,94.750,3600,94.870,11600,94.880,1500,94.900,3100,94.930,1800,94.960,2019-04-11,14:39:59,00";
var hq_str_sh603259="药明康德,97.620,97.600,94.850,98.200,94.530,94.810,94.850,4018946,383979594.000,300,94.810,2700,94.800,200,94.790,800,94.780,35600,94.770,1500,94.850,400,94.860,11600,94.880,500,94.900,1500,94.960,2019-04-11,14:40:59,00";
var hq_str_sh603259="药明康德,97.620,97.600,94.850,98.200,94.530,94.850,94.880,4044640,386416645.000,1000,94.850,200,94.840,400,94.820,3300,94.810,38706,94.800,5500,94.880,1500,94.960,100,95.000,100,95.030,906,95.060,2019-04-11,14:41:59,00";
var hq_str_sh603259="药明康德,97.620,97.600,94.840,98.200,94.530,94.840,94.850,4057240,387611615.000,600,94.840,200,94.820,1100,94.810,39306,94.800,900,94.780,300,94.850,4500,94.880,100,95.000,100,95.030,906,95.060,2019-04-11,14:42:59,00";
var hq_str_sh603259="药明康德,97.620,97.600,94.850,98.200,94.530,94.810,94.880,4072840,389090844.000,700,94.810,36006,94.800,900,94.780,100,94.770,300,94.760,3300,94.880,100,95.030,906,95.060,300,95.100,800,95.110,2019-04-11,14:43:55,00";
var hq_str_sh603259="药明康德,97.620,97.600,94.840,98.200,94.530,94.880,95.000,4083240,390077252.000,100,94.880,100,94.840,100,94.830,1200,94.820,1800,94.810,200,95.000,100,95.030,906,95.060,100,95.100,800,95.110,2019-04-11,14:44:59,00";
var hq_str_sh603259="药明康德,97.620,97.600,95.030,98.200,94.530,95.000,95.030,4094339,391130277.000,500,95.000,1,94.920,200,94.900,200,94.890,300,94.880,800,95.030,1206,95.060,200,95.100,800,95.110,11549,95.120,2019-04-11,14:45:52,00";
var hq_str_sh603259="药明康德,97.620,97.600,94.990,98.200,94.530,94.990,95.000,4101359,391797093.000,400,94.990,700,94.950,500,94.940,381,94.920,200,94.900,2400,95.000,600,95.030,200,95.050,1206,95.060,200,95.100,2019-04-11,14:46:55,00";
var hq_str_sh603259="药明康德,97.620,97.600,94.930,98.200,94.530,94.920,94.930,4113059,392908007.000,381,94.920,100,94.910,100,94.900,200,94.890,200,94.880,700,94.930,100,94.940,1000,94.950,2800,94.960,800,94.970,2019-04-11,14:47:58,00";
var hq_str_sh603259="药明康德,97.620,97.600,94.970,98.200,94.530,94.960,94.970,4130059,394522051.000,1700,94.960,1881,94.950,900,94.900,200,94.890,200,94.880,700,94.970,400,94.980,4500,94.990,3500,95.000,600,95.030,2019-04-11,14:48:55,00";
var hq_str_sh603259="药明康德,97.620,97.600,94.980,98.200,94.530,94.970,94.990,4147459,396174428.000,24900,94.970,100,94.910,500,94.900,200,94.890,200,94.880,4500,94.990,4900,95.000,200,95.030,100,95.050,1206,95.060,2019-04-11,14:49:55,00";
var hq_str_sh603259="药明康德,97.620,97.600,95.000,98.200,94.530,94.980,95.000,4168559,398178742.000,300,94.980,18500,94.970,100,94.950,900,94.900,200,94.890,280,95.000,2300,95.040,100,95.050,1506,95.060,200,95.090,2019-04-11,14:50:58,00";
var hq_str_sh603259="药明康德,97.620,97.600,95.010,98.200,94.530,94.970,95.010,4196501,400832573.000,858,94.970,100,94.950,800,94.900,200,94.890,200,94.880,1600,95.010,300,95.030,2300,95.040,2300,95.050,1906,95.060,2019-04-11,14:51:59,00";
var hq_str_sh603259="药明康德,97.620,97.600,94.800,98.200,94.530,94.800,94.820,4221679,403221278.000,400,94.800,80,94.790,800,94.780,800,94.770,300,94.760,200,94.820,3000,94.840,100,94.850,100,94.880,3430,94.900,2019-04-11,14:52:55,00";
var hq_str_sh603259="药明康德,97.620,97.600,94.730,98.200,94.530,94.730,94.740,4255107,406388572.000,300,94.730,5100,94.720,1400,94.710,4600,94.700,1100,94.690,1310,94.740,100,94.750,100,94.790,500,94.800,200,94.820,2019-04-11,14:53:55,00";
var hq_str_sh603259="药明康德,97.620,97.600,94.610,98.200,94.530,94.610,94.660,4295216,410185450.000,4041,94.610,100,94.600,38,94.560,1412,94.550,722,94.540,700,94.660,1200,94.670,1287,94.690,4700,94.700,2000,94.740,2019-04-11,14:54:59,00";
var hq_str_sh603259="药明康德,97.620,97.600,94.660,98.200,94.530,94.660,94.700,4348576,415235793.000,3200,94.660,100,94.610,1700,94.600,800,94.560,5272,94.550,700,94.700,1587,94.740,300,94.800,200,94.820,1000,94.840,2019-04-11,14:55:55,00";
var hq_str_sh603259="药明康德,97.620,97.600,94.850,98.200,94.530,94.850,94.900,4374013,417646394.000,400,94.850,1300,94.840,2400,94.830,2400,94.810,11413,94.800,100,94.900,100,94.970,100,94.980,1400,95.000,1000,95.010,2019-04-11,14:56:59,00";
var hq_str_sh603259="药明康德,97.620,97.600,94.840,98.200,94.530,94.840,94.840,4375813,417817113.000,10700,94.840,5600,0.000,0,0.000,0,0.000,0,0.000,10700,94.840,0,0.000,0,0.000,0,0.000,0,0.000,2019-04-11,14:57:59,00";
var hq_str_sh603259="药明康德,97.620,97.600,94.840,98.200,94.530,94.880,94.880,4375813,417817113.000,28100,94.880,11100,0.000,0,0.000,0,0.000,0,0.000,28100,94.880,0,0.000,0,0.000,0,0.000,0,0.000,2019-04-11,14:58:59,00";
