var hq_str_sh603259="药明康德,78.500,78.310,78.500,78.500,78.500,78.500,78.690,3000,235500.000,100,78.500,1100,78.400,200,78.380,200,78.360,400,78.330,800,78.690,600,78.800,1000,78.880,200,78.900,100,78.970,2019-06-04,09:29:47,00";
var hq_str_sh603259="药明康德,78.500,78.310,78.850,78.880,78.500,78.610,78.850,14500,1140926.000,600,78.610,1200,78.600,300,78.580,100,78.540,1600,78.530,600,78.850,1100,78.900,100,78.930,200,78.960,100,78.970,2019-06-04,09:30:57,00";
var hq_str_sh603259="药明康德,78.500,78.310,78.990,78.990,78.500,78.950,78.990,40700,3208199.000,700,78.950,500,78.940,900,78.900,1600,78.890,1900,78.850,4300,78.990,300,79.000,500,79.080,100,79.100,100,79.160,2019-06-04,09:31:57,00";
var hq_str_sh603259="药明康德,78.500,78.310,78.780,78.990,78.500,78.780,78.800,57400,4525748.000,100,78.780,100,78.760,500,78.740,1000,78.650,300,78.640,200,78.800,1100,78.810,100,78.830,500,78.850,100,78.900,2019-06-04,09:32:57,00";
var hq_str_sh603259="药明康德,78.500,78.310,78.650,78.990,78.500,78.650,78.730,69000,5438385.000,600,78.650,600,78.630,700,78.620,1000,78.610,4300,78.600,100,78.730,100,78.760,400,78.800,1000,78.810,300,78.850,2019-06-04,09:33:58,00";
var hq_str_sh603259="药明康德,78.500,78.310,78.950,78.990,78.500,78.940,78.950,85900,6768820.000,1200,78.940,200,78.850,200,78.800,400,78.790,600,78.750,2600,78.950,1300,78.960,2500,78.980,800,78.990,1000,79.000,2019-06-04,09:34:57,00";
var hq_str_sh603259="药明康德,78.500,78.310,79.000,79.050,78.500,79.000,79.090,113100,8916930.000,1300,79.000,500,78.990,600,78.980,100,78.950,100,78.850,100,79.090,100,79.100,200,79.110,300,79.120,200,79.150,2019-06-04,09:35:58,00";
var hq_str_sh603259="药明康德,78.500,78.310,79.090,79.120,78.500,79.050,79.070,137128,10816286.000,172,79.050,500,79.030,500,79.010,1500,79.000,1500,78.980,1200,79.070,1000,79.090,2000,79.120,200,79.150,600,79.160,2019-06-04,09:36:58,00";
var hq_str_sh603259="药明康德,78.500,78.310,79.060,79.120,78.500,79.030,79.060,158586,12511791.000,400,79.030,2214,79.010,1600,79.000,1300,78.980,100,78.850,200,79.060,1000,79.070,300,79.080,700,79.090,1800,79.100,2019-06-04,09:37:58,00";
var hq_str_sh603259="药明康德,78.500,78.310,79.080,79.120,78.500,79.070,79.080,179186,14140295.000,3500,79.070,4000,79.060,100,79.050,900,79.040,4500,79.030,300,79.080,700,79.090,1900,79.100,100,79.110,300,79.150,2019-06-04,09:38:58,00";
var hq_str_sh603259="药明康德,78.500,78.310,78.950,79.120,78.500,78.850,78.950,226700,17896254.000,100,78.850,400,78.800,600,78.750,200,78.630,300,78.620,700,78.950,3386,78.960,1000,78.990,5200,79.000,500,79.020,2019-06-04,09:39:58,00";
var hq_str_sh603259="药明康德,78.500,78.310,78.510,79.120,78.500,78.520,78.880,250100,19738843.000,200,78.520,600,78.510,1800,78.500,800,78.470,500,78.410,200,78.880,300,78.930,600,78.940,600,78.960,1000,78.990,2019-06-04,09:40:58,00";
var hq_str_sh603259="药明康德,78.500,78.310,78.660,79.120,78.500,78.550,78.610,266900,21059447.000,100,78.550,700,78.530,1600,78.500,1100,78.470,500,78.410,100,78.610,100,78.810,1000,78.850,1700,78.860,200,78.870,2019-06-04,09:41:58,00";
var hq_str_sh603259="药明康德,78.500,78.310,78.390,79.120,78.350,78.390,78.400,278800,21992803.000,7200,78.390,100,78.350,400,78.330,700,78.310,200,78.300,100,78.400,1000,78.590,4800,78.600,900,78.800,100,78.810,2019-06-04,09:42:58,00";
var hq_str_sh603259="药明康德,78.500,78.310,78.400,79.120,78.350,78.410,78.590,284000,22400468.000,300,78.410,6400,78.400,5700,78.390,100,78.360,5200,78.350,2800,78.590,6800,78.600,900,78.800,100,78.810,500,78.850,2019-06-04,09:43:58,00";
var hq_str_sh603259="药明康德,78.500,78.310,78.430,79.120,78.350,78.430,78.530,292400,23059169.000,900,78.430,700,78.420,5000,78.410,3000,78.400,16600,78.390,600,78.530,2600,78.590,8000,78.600,900,78.800,100,78.810,2019-06-04,09:44:58,00";
var hq_str_sh603259="药明康德,78.500,78.310,78.490,79.120,78.350,78.470,78.490,299700,23631965.000,700,78.470,900,78.460,2300,78.450,200,78.430,1300,78.420,400,78.490,200,78.530,300,78.560,300,78.580,1200,78.590,2019-06-04,09:45:58,00";
var hq_str_sh603259="药明康德,78.500,78.310,78.200,79.120,78.200,78.180,78.200,328000,25850212.000,300,78.180,200,78.120,1400,78.080,5300,78.010,24200,78.000,1100,78.200,1000,78.460,100,78.480,1200,78.490,200,78.530,2019-06-04,09:46:58,00";
var hq_str_sh603259="药明康德,78.500,78.310,78.200,79.120,78.200,78.250,78.450,340300,26813017.000,600,78.250,300,78.200,200,78.190,100,78.180,200,78.120,1700,78.450,1000,78.460,1000,78.490,100,78.530,300,78.560,2019-06-04,09:47:58,00";
var hq_str_sh603259="药明康德,78.500,78.310,78.260,79.120,78.190,78.260,78.410,348374,27445221.000,2800,78.260,2200,78.250,700,78.220,1500,78.210,5326,78.200,2300,78.410,1000,78.420,1100,78.430,200,78.490,5100,78.500,2019-06-04,09:48:58,00";
var hq_str_sh603259="药明康德,78.500,78.310,78.400,79.120,78.190,78.400,78.410,356536,28084905.000,638,78.400,200,78.350,2500,78.340,3100,78.300,1600,78.290,200,78.410,100,78.420,100,78.430,200,78.490,7119,78.500,2019-06-04,09:49:58,00";
var hq_str_sh603259="药明康德,78.500,78.310,78.500,79.120,78.190,78.440,78.500,366436,28861593.000,4000,78.440,200,78.430,700,78.420,1000,78.410,638,78.400,2319,78.500,100,78.530,400,78.590,100,78.800,100,78.810,2019-06-04,09:50:58,00";
var hq_str_sh603259="药明康德,78.500,78.310,78.600,79.120,78.190,78.600,78.720,374155,29468008.000,1600,78.600,1100,78.590,200,78.510,181,78.500,200,78.430,200,78.720,400,78.740,400,78.750,700,78.790,100,78.800,2019-06-04,09:51:58,00";
var hq_str_sh603259="药明康德,78.500,78.310,78.600,79.120,78.190,78.590,78.700,382955,30160275.000,100,78.590,500,78.530,200,78.510,181,78.500,200,78.430,500,78.700,2000,78.710,900,78.720,500,78.760,500,78.790,2019-06-04,09:52:58,00";
var hq_str_sh603259="药明康德,78.500,78.310,78.600,79.120,78.190,78.510,78.580,386755,30458893.000,300,78.510,181,78.500,200,78.430,700,78.420,1000,78.410,100,78.580,100,78.590,3100,78.600,800,78.700,200,78.720,2019-06-04,09:53:58,00";
var hq_str_sh603259="药明康德,78.500,78.310,78.620,79.120,78.190,78.610,78.700,394655,31079864.000,100,78.610,300,78.590,300,78.510,181,78.500,700,78.420,200,78.700,200,78.720,500,78.760,500,78.790,100,78.800,2019-06-04,09:54:58,00";
var hq_str_sh603259="药明康德,78.500,78.310,78.600,79.120,78.190,78.590,78.600,396555,31229207.000,1000,78.590,100,78.550,100,78.520,200,78.510,1181,78.500,100,78.600,400,78.610,100,78.630,200,78.720,500,78.760,2019-06-04,09:55:58,00";
var hq_str_sh603259="药明康德,78.500,78.310,78.590,79.120,78.190,78.520,78.590,399655,31472838.000,200,78.520,200,78.510,1181,78.500,100,78.430,700,78.420,8300,78.590,200,78.610,100,78.630,200,78.720,500,78.760,2019-06-04,09:56:58,00";
var hq_str_sh603259="药明康德,78.500,78.310,78.580,79.120,78.190,78.400,78.580,407155,32061345.000,300,78.400,100,78.390,200,78.380,100,78.370,3200,78.360,300,78.580,7100,78.590,100,78.630,200,78.720,500,78.760,2019-06-04,09:57:58,00";
var hq_str_sh603259="药明康德,78.500,78.310,78.580,79.120,78.190,78.500,78.580,407955,32124201.000,900,78.500,500,78.400,100,78.390,200,78.380,100,78.370,900,78.580,7100,78.590,100,78.630,200,78.720,500,78.760,2019-06-04,09:58:58,00";
var hq_str_sh603259="药明康德,78.500,78.310,78.590,79.120,78.190,78.510,78.590,413455,32556383.000,300,78.510,1400,78.500,500,78.400,100,78.390,200,78.380,3500,78.590,100,78.630,200,78.720,500,78.760,500,78.790,2019-06-04,09:59:58,00";
var hq_str_sh603259="药明康德,78.500,78.310,78.580,79.120,78.190,78.510,78.580,424955,33460309.000,1400,78.510,3400,78.500,500,78.400,1100,78.390,200,78.380,800,78.580,9000,78.590,9200,78.600,10000,78.610,100,78.720,2019-06-04,10:00:58,00";
var hq_str_sh603259="药明康德,78.500,78.310,78.370,79.120,78.190,78.360,78.380,433855,34158731.000,3000,78.360,2500,78.340,3500,78.300,7000,78.280,1400,78.260,400,78.380,13600,78.390,18500,78.400,500,78.500,19200,78.510,2019-06-04,10:01:55,00";
var hq_str_sh603259="药明康德,78.500,78.310,78.380,79.120,78.190,78.370,78.380,449355,35373747.000,600,78.370,3000,78.360,2500,78.340,500,78.310,3500,78.300,100,78.380,1100,78.390,18500,78.400,300,78.500,17400,78.510,2019-06-04,10:02:58,00";
var hq_str_sh603259="药明康德,78.500,78.310,78.360,79.120,78.190,78.360,78.390,455555,35859673.000,900,78.360,2500,78.340,800,78.310,3500,78.300,7000,78.280,4900,78.390,18500,78.400,300,78.500,17400,78.510,10100,78.580,2019-06-04,10:03:58,00";
var hq_str_sh603259="药明康德,78.500,78.310,78.300,79.120,78.190,78.280,78.300,467755,36815219.000,7100,78.280,1400,78.260,100,78.250,400,78.220,600,78.210,6371,78.300,100,78.360,4100,78.390,18600,78.400,300,78.500,2019-06-04,10:04:58,00";
var hq_str_sh603259="药明康德,78.500,78.310,78.300,79.120,78.190,78.300,78.390,477526,37580256.000,829,78.300,1100,78.290,7500,78.280,1500,78.260,400,78.250,2100,78.390,18600,78.400,300,78.500,17400,78.510,10000,78.580,2019-06-04,10:05:58,00";
var hq_str_sh603259="药明康德,78.500,78.310,78.390,79.120,78.190,78.390,78.400,480926,37846771.000,300,78.390,900,78.320,800,78.310,1400,78.300,300,78.290,18400,78.400,300,78.500,17400,78.510,10000,78.580,9000,78.590,2019-06-04,10:06:58,00";
var hq_str_sh603259="药明康德,78.500,78.310,78.320,79.120,78.190,78.320,78.340,484626,38136703.000,300,78.320,300,78.310,1400,78.300,300,78.290,7000,78.280,19400,78.340,10000,78.390,17400,78.400,17400,78.510,10000,78.580,2019-06-04,10:07:58,00";
var hq_str_sh603259="药明康德,78.500,78.310,78.250,79.120,78.190,78.250,78.260,505526,39772720.000,1700,78.250,1200,78.230,100,78.220,500,78.210,2800,78.200,700,78.260,3600,78.300,1000,78.310,300,78.320,19000,78.340,2019-06-04,10:08:58,00";
var hq_str_sh603259="药明康德,78.500,78.310,78.320,79.120,78.190,78.320,78.340,510826,40187680.000,100,78.320,400,78.300,2000,78.290,1500,78.280,700,78.260,19000,78.340,10000,78.390,17300,78.400,17400,78.510,10000,78.580,2019-06-04,10:09:58,00";
var hq_str_sh603259="药明康德,78.500,78.310,78.320,79.120,78.190,78.320,78.330,513726,40414822.000,200,78.320,100,78.300,1300,78.290,2400,78.280,700,78.260,600,78.330,18200,78.340,10000,78.390,17300,78.400,17400,78.510,2019-06-04,10:10:58,00";
var hq_str_sh603259="药明康德,78.500,78.310,78.300,79.120,78.190,78.300,78.310,517426,40704585.000,1000,78.300,1300,78.290,2500,78.280,600,78.260,1100,78.250,2500,78.310,900,78.320,1700,78.330,18400,78.340,100,78.370,2019-06-04,10:11:58,00";
var hq_str_sh603259="药明康德,78.500,78.310,78.280,79.120,78.190,78.220,78.270,532426,41878789.000,600,78.220,500,78.210,2600,78.200,2100,78.190,800,78.180,100,78.270,2200,78.300,900,78.320,1500,78.330,18400,78.340,2019-06-04,10:12:58,00";
var hq_str_sh603259="药明康德,78.500,78.310,78.290,79.120,78.190,78.290,78.300,538526,42356363.000,700,78.290,7300,78.280,600,78.260,2700,78.250,2700,78.220,1400,78.300,700,78.320,1600,78.330,18300,78.340,100,78.370,2019-06-04,10:13:58,00";
var hq_str_sh603259="药明康德,78.500,78.310,78.330,79.120,78.190,78.320,78.330,543626,42755781.000,2100,78.320,200,78.300,1500,78.290,800,78.280,600,78.260,1300,78.330,18100,78.340,100,78.370,10000,78.390,17300,78.400,2019-06-04,10:14:58,00";
var hq_str_sh603259="药明康德,78.500,78.310,78.340,79.120,78.190,78.320,78.340,548326,43123924.000,300,78.320,100,78.300,1300,78.290,800,78.280,600,78.260,17100,78.340,100,78.370,10000,78.390,17300,78.400,17400,78.510,2019-06-04,10:15:58,00";
var hq_str_sh603259="药明康德,78.500,78.310,78.340,79.120,78.190,78.330,78.340,550826,43319721.000,2500,78.330,400,78.300,900,78.290,3400,78.280,600,78.260,16800,78.340,100,78.370,10000,78.390,17300,78.400,17400,78.510,2019-06-04,10:16:58,00";
var hq_str_sh603259="药明康德,78.500,78.310,78.310,79.120,78.190,78.300,78.310,555726,43703519.000,900,78.300,800,78.290,3400,78.280,600,78.260,2700,78.250,658,78.310,1200,78.320,3800,78.330,16600,78.340,600,78.350,2019-06-04,10:17:58,00";
var hq_str_sh603259="药明康德,78.500,78.310,78.310,79.120,78.190,78.300,78.310,565784,44491139.000,800,78.300,300,78.290,3400,78.280,600,78.260,2700,78.250,2600,78.310,3100,78.330,16500,78.340,600,78.350,100,78.370,2019-06-04,10:18:58,00";
var hq_str_sh603259="药明康德,78.500,78.310,78.310,79.120,78.190,78.300,78.310,569384,44773035.000,400,78.300,1300,78.290,3400,78.280,600,78.260,2700,78.250,1400,78.310,2700,78.330,16500,78.340,100,78.370,10000,78.390,2019-06-04,10:19:58,00";
var hq_str_sh603259="药明康德,78.500,78.310,78.310,79.120,78.190,78.310,78.330,572884,45047108.000,100,78.310,1100,78.290,3400,78.280,700,78.260,2700,78.250,2700,78.330,16500,78.340,100,78.370,10000,78.390,17300,78.400,2019-06-04,10:20:58,00";
var hq_str_sh603259="药明康德,78.500,78.310,78.330,79.120,78.190,78.320,78.330,577613,45417429.000,60,78.320,1000,78.310,960,78.300,2451,78.280,700,78.260,2200,78.330,16500,78.340,100,78.370,10000,78.390,17300,78.400,2019-06-04,10:21:58,00";
var hq_str_sh603259="药明康德,78.500,78.310,78.310,79.120,78.190,78.300,78.310,581473,45719731.000,960,78.300,2451,78.280,700,78.260,2200,78.250,600,78.220,2240,78.310,200,78.320,1600,78.330,16500,78.340,100,78.370,2019-06-04,10:22:58,00";
var hq_str_sh603259="药明康德,78.500,78.310,78.320,79.120,78.190,78.310,78.320,590513,46427698.000,860,78.310,5160,78.300,2451,78.280,700,78.260,2200,78.250,2300,78.320,2500,78.330,16100,78.340,100,78.370,10000,78.390,2019-06-04,10:23:58,00";
var hq_str_sh603259="药明康德,78.500,78.310,78.300,79.120,78.190,78.300,78.310,611513,48072217.000,60,78.300,2451,78.280,700,78.260,2200,78.250,100,78.230,7200,78.310,1900,78.330,16100,78.340,100,78.370,10000,78.390,2019-06-04,10:24:58,00";
var hq_str_sh603259="药明康德,78.500,78.310,78.300,79.120,78.190,78.280,78.300,626573,49251477.000,2751,78.280,700,78.260,2200,78.250,100,78.230,600,78.220,8040,78.300,1300,78.310,1900,78.330,16100,78.340,100,78.370,2019-06-04,10:25:58,00";
var hq_str_sh603259="药明康德,78.500,78.310,78.280,79.120,78.190,78.270,78.280,637624,50116564.000,2300,78.270,700,78.260,2200,78.250,100,78.230,600,78.220,1749,78.280,700,78.290,1900,78.330,16100,78.340,100,78.370,2019-06-04,10:26:58,00";
var hq_str_sh603259="药明康德,78.500,78.310,78.320,79.120,78.190,78.270,78.320,644873,50684070.000,100,78.270,900,78.260,2200,78.250,100,78.230,2100,78.220,3200,78.320,1500,78.330,16100,78.340,100,78.370,10000,78.390,2019-06-04,10:27:58,00";
var hq_str_sh603259="药明康德,78.500,78.310,78.310,79.120,78.190,78.310,78.320,648073,50934592.000,100,78.310,1200,78.300,1500,78.280,400,78.260,2200,78.250,2500,78.320,1500,78.330,16100,78.340,100,78.370,10000,78.390,2019-06-04,10:28:58,00";
var hq_str_sh603259="药明康德,78.500,78.310,78.280,79.120,78.190,78.270,78.280,656773,51615822.000,600,78.270,400,78.260,2200,78.250,100,78.230,2100,78.220,16200,78.280,19000,78.310,10000,78.320,1600,78.330,16100,78.340,2019-06-04,10:29:58,00";
var hq_str_sh603259="药明康德,78.500,78.310,78.250,79.120,78.190,78.200,78.250,679773,53415717.000,1400,78.200,1300,78.190,400,78.180,4200,78.120,500,78.110,14600,78.250,15400,78.260,15800,78.270,14600,78.280,18300,78.310,2019-06-04,10:30:58,00";
var hq_str_sh603259="药明康德,78.500,78.310,78.110,79.120,78.110,78.110,78.120,695211,54622368.000,662,78.110,100,78.090,1400,78.080,500,78.020,3100,78.010,4400,78.120,3600,78.190,1100,78.200,27000,78.250,15400,78.260,2019-06-04,10:31:58,00";
var hq_str_sh603259="药明康德,78.500,78.310,78.120,79.120,78.000,78.100,78.120,736111,57814447.000,400,78.100,200,78.090,600,78.010,11262,78.000,300,77.980,600,78.120,3400,78.190,400,78.200,27000,78.250,15400,78.260,2019-06-04,10:32:58,00";
var hq_str_sh603259="药明康德,78.500,78.310,78.110,79.120,78.000,78.100,78.110,743611,58400307.000,1500,78.100,100,78.090,100,78.020,1600,78.010,11762,78.000,1200,78.110,100,78.120,3400,78.190,400,78.200,2000,78.240,2019-06-04,10:33:58,00";
var hq_str_sh603259="药明康德,78.500,78.310,77.990,79.120,77.990,77.990,78.000,769973,60456980.000,500,77.990,800,77.980,500,77.970,200,77.950,100,77.930,8738,78.000,300,78.090,100,78.100,3400,78.190,400,78.200,2019-06-04,10:34:58,00";
var hq_str_sh603259="药明康德,78.500,78.310,78.000,79.120,77.970,77.990,78.000,775873,60917094.000,1200,77.990,300,77.980,400,77.970,300,77.960,200,77.950,8538,78.000,300,78.090,3400,78.190,400,78.200,2000,78.240,2019-06-04,10:35:58,00";
var hq_str_sh603259="药明康德,78.500,78.310,77.790,79.120,77.780,77.780,77.790,789573,61984377.000,300,77.780,1900,77.770,600,77.750,1000,77.730,500,77.720,1000,77.790,3800,77.800,300,77.810,200,77.820,900,77.850,2019-06-04,10:36:58,00";
var hq_str_sh603259="药明康德,78.500,78.310,77.850,79.120,77.700,77.840,77.850,805773,63244311.000,800,77.840,100,77.830,900,77.800,100,77.790,500,77.780,500,77.850,800,77.950,100,77.960,400,77.970,100,77.980,2019-06-04,10:37:58,00";
var hq_str_sh603259="药明康德,78.500,78.310,77.950,79.120,77.700,77.870,77.950,808473,63454593.000,200,77.870,900,77.860,1100,77.850,600,77.840,1500,77.800,1700,77.950,100,77.960,400,77.970,100,77.980,100,77.990,2019-06-04,10:38:58,00";
var hq_str_sh603259="药明康德,78.500,78.310,77.920,79.120,77.700,77.910,77.920,813973,63883056.000,6500,77.910,500,77.900,1100,77.880,500,77.870,400,77.860,3400,77.920,700,77.940,100,77.950,300,77.970,7138,78.000,2019-06-04,10:39:58,00";
var hq_str_sh603259="药明康德,78.500,78.310,78.090,79.120,77.700,78.000,78.090,828911,65047880.000,662,78.000,600,77.990,300,77.980,600,77.930,1900,77.920,100,78.090,1500,78.190,100,78.230,2000,78.240,27000,78.250,2019-06-04,10:40:58,00";
var hq_str_sh603259="药明康德,78.500,78.310,78.100,79.120,77.700,78.060,78.180,833011,65368026.000,100,78.060,1600,78.000,600,77.990,5300,77.910,300,77.900,100,78.180,1500,78.190,100,78.220,100,78.230,2000,78.240,2019-06-04,10:41:58,00";
var hq_str_sh603259="药明康德,78.500,78.310,78.090,79.120,77.700,78.050,78.090,835311,65547594.000,400,78.050,400,78.040,300,78.030,1400,78.000,600,77.990,1600,78.090,2500,78.100,100,78.180,1500,78.190,100,78.220,2019-06-04,10:42:58,00";
var hq_str_sh603259="药明康德,78.500,78.310,78.060,79.120,77.700,78.050,78.060,837811,65742757.000,100,78.050,1000,78.040,1400,78.000,600,77.990,400,77.920,700,78.060,100,78.070,2500,78.090,100,78.180,1500,78.190,2019-06-04,10:43:58,00";
var hq_str_sh603259="药明康德,78.500,78.310,78.050,79.120,77.700,78.040,78.050,843411,66179855.000,500,78.040,800,78.000,5300,77.910,100,77.900,1000,77.880,3600,78.050,1100,78.060,100,78.070,1300,78.090,100,78.180,2019-06-04,10:44:58,00";
var hq_str_sh603259="药明康德,78.500,78.310,78.000,79.120,77.700,77.930,78.000,846411,66413875.000,300,77.930,5200,77.910,200,77.900,1000,77.880,500,77.870,500,78.000,3200,78.050,1100,78.060,1300,78.090,100,78.180,2019-06-04,10:46:01,00";
var hq_str_sh603259="药明康德,78.500,78.310,78.000,79.120,77.700,77.960,78.000,849211,66632250.000,200,77.960,200,77.950,100,77.940,500,77.920,5300,77.910,100,78.000,100,78.050,100,78.060,400,78.080,1300,78.090,2019-06-04,10:46:55,00";
var hq_str_sh603259="药明康德,78.500,78.310,77.930,79.120,77.700,77.920,77.940,851911,66842705.000,500,77.920,5300,77.910,900,77.900,1200,77.880,500,77.870,700,77.940,1200,77.950,1000,78.000,100,78.050,100,78.060,2019-06-04,10:47:58,00";
var hq_str_sh603259="药明康德,78.500,78.310,78.000,79.120,77.700,77.950,78.000,854711,67060967.000,100,77.950,700,77.930,900,77.920,5300,77.910,1200,77.900,800,78.000,100,78.050,100,78.060,400,78.080,1300,78.090,2019-06-04,10:48:58,00";
var hq_str_sh603259="药明康德,78.500,78.310,77.950,79.120,77.700,77.940,77.960,861811,67614475.000,100,77.940,2200,77.920,5300,77.910,1600,77.900,1300,77.880,300,77.960,100,78.000,100,78.050,100,78.060,400,78.080,2019-06-04,10:49:58,00";
var hq_str_sh603259="药明康德,78.500,78.310,77.910,79.120,77.700,77.910,77.940,867711,68074206.000,2700,77.910,1800,77.900,1300,77.880,500,77.870,400,77.860,400,77.940,400,77.950,5000,78.000,100,78.050,100,78.060,2019-06-04,10:50:58,00";
var hq_str_sh603259="药明康德,78.500,78.310,77.900,79.120,77.700,77.880,77.900,877911,68868856.000,100,77.880,500,77.870,400,77.860,1600,77.850,7000,77.840,2000,77.900,100,77.910,5000,78.000,100,78.050,100,78.060,2019-06-04,10:51:58,00";
var hq_str_sh603259="药明康德,78.500,78.310,77.810,79.120,77.700,77.800,77.810,892011,69966458.000,4000,77.800,100,77.790,600,77.780,600,77.770,300,77.760,600,77.810,7000,77.820,100,77.880,100,77.910,5000,78.000,2019-06-04,10:52:58,00";
var hq_str_sh603259="药明康德,78.500,78.310,77.820,79.120,77.700,77.810,77.820,904011,70900229.000,1100,77.810,1700,77.800,100,77.790,600,77.780,600,77.770,1700,77.820,500,77.850,100,77.910,5000,78.000,100,78.050,2019-06-04,10:53:58,00";
var hq_str_sh603259="药明康德,78.500,78.310,77.900,79.120,77.700,77.880,77.910,909811,71351726.000,100,77.880,200,77.840,5700,77.830,600,77.820,800,77.810,100,77.910,5000,78.000,100,78.050,100,78.060,400,78.080,2019-06-04,10:54:58,00";
var hq_str_sh603259="药明康德,78.500,78.310,77.900,79.120,77.700,77.890,77.900,914611,71725606.000,100,77.890,100,77.860,1100,77.840,5700,77.830,600,77.820,600,77.900,100,77.910,5000,78.000,100,78.050,100,78.060,2019-06-04,10:55:58,00";
var hq_str_sh603259="药明康德,78.500,78.310,78.000,79.120,77.700,77.950,78.000,917711,71967253.000,100,77.950,100,77.930,700,77.920,400,77.910,100,77.890,4100,78.000,100,78.050,100,78.060,400,78.080,1300,78.090,2019-06-04,10:56:58,00";
var hq_str_sh603259="药明康德,78.500,78.310,77.960,79.120,77.700,77.960,77.990,918911,72060837.000,400,77.960,400,77.950,700,77.920,200,77.890,500,77.850,900,77.990,3400,78.000,100,78.050,100,78.060,400,78.080,2019-06-04,10:57:58,00";
var hq_str_sh603259="药明康德,78.500,78.310,78.000,79.120,77.700,77.990,78.000,921311,72248025.000,200,77.990,300,77.970,200,77.960,400,77.950,700,77.920,2700,78.000,100,78.050,100,78.060,400,78.080,1300,78.090,2019-06-04,10:58:58,00";
var hq_str_sh603259="药明康德,78.500,78.310,78.000,79.120,77.700,77.970,78.000,923911,72450815.000,300,77.970,200,77.960,100,77.950,700,77.920,300,77.910,1300,78.000,100,78.050,100,78.060,400,78.080,1300,78.090,2019-06-04,10:59:55,00";
var hq_str_sh603259="药明康德,78.500,78.310,78.060,79.120,77.700,78.060,78.080,925311,72560025.000,100,78.060,100,78.000,600,77.990,1000,77.980,200,77.960,100,78.080,1300,78.090,100,78.180,1500,78.190,100,78.220,2019-06-04,11:00:58,00";
var hq_str_sh603259="药明康德,78.500,78.310,78.020,79.120,77.700,78.020,78.090,934911,73309639.000,900,78.020,300,78.010,600,77.990,1000,77.980,200,77.960,1300,78.090,300,78.160,2300,78.170,2200,78.180,100,78.220,2019-06-04,11:01:58,00";
var hq_str_sh603259="药明康德,78.500,78.310,78.010,79.120,77.700,77.990,78.020,937111,73481321.000,900,77.990,1000,77.980,200,77.960,100,77.950,100,77.930,300,78.020,400,78.090,500,78.150,300,78.160,2300,78.170,2019-06-04,11:02:43,00";
var hq_str_sh603259="药明康德,78.500,78.310,78.100,79.120,77.700,77.990,78.100,940711,73762182.000,3200,77.990,300,77.980,200,77.960,100,77.930,300,77.910,400,78.100,100,78.140,500,78.150,300,78.160,2300,78.170,2019-06-04,11:03:58,00";
var hq_str_sh603259="药明康德,78.500,78.310,78.010,79.120,77.700,78.000,78.010,944530,74060070.000,181,78.000,1700,77.990,300,77.980,400,77.960,100,77.930,3200,78.010,1500,78.140,500,78.150,300,78.160,2300,78.170,2019-06-04,11:04:49,00";
var hq_str_sh603259="药明康德,78.500,78.310,78.010,79.120,77.700,77.990,78.010,946630,74223873.000,1281,77.990,300,77.980,400,77.960,300,77.930,400,77.900,2400,78.010,1500,78.140,500,78.150,300,78.160,2300,78.170,2019-06-04,11:05:52,00";
var hq_str_sh603259="药明康德,78.500,78.310,77.980,79.120,77.700,77.960,77.980,948811,74393972.000,400,77.960,300,77.930,600,77.910,400,77.900,200,77.890,600,77.980,8819,77.990,1700,78.000,2300,78.010,100,78.130,2019-06-04,11:06:58,00";
var hq_str_sh603259="药明康德,78.500,78.310,77.890,79.120,77.700,77.880,77.890,953111,74729151.000,500,77.880,200,77.850,200,77.840,600,77.820,800,77.810,2700,77.890,300,77.900,100,77.910,200,77.930,8019,77.990,2019-06-04,11:07:58,00";
var hq_str_sh603259="药明康德,78.500,78.310,77.810,79.120,77.700,77.800,77.810,956711,75009337.000,5300,77.800,300,77.790,700,77.780,400,77.770,300,77.760,1600,77.810,100,77.890,100,77.910,200,77.930,8019,77.990,2019-06-04,11:08:58,00";
var hq_str_sh603259="药明康德,78.500,78.310,77.810,79.120,77.700,77.800,77.810,961511,75382804.000,3700,77.800,300,77.790,700,77.780,400,77.770,300,77.760,2200,77.810,100,77.890,100,77.910,100,77.930,8019,77.990,2019-06-04,11:09:55,00";
var hq_str_sh603259="药明康德,78.500,78.310,77.780,79.120,77.700,77.770,77.780,969511,76005201.000,400,77.770,300,77.760,200,77.750,1000,77.740,700,77.720,300,77.780,300,77.790,17300,77.800,100,77.890,100,77.910,2019-06-04,11:10:58,00";
var hq_str_sh603259="药明康德,78.500,78.310,77.680,79.120,77.680,77.680,77.700,986011,77287413.000,4500,77.680,2500,77.670,400,77.660,100,77.640,300,77.620,2000,77.700,1300,77.710,100,77.740,100,77.760,1200,77.770,2019-06-04,11:11:58,00";
var hq_str_sh603259="药明康德,78.500,78.310,77.800,79.120,77.680,77.720,77.800,989911,77590472.000,300,77.720,500,77.710,100,77.700,300,77.690,3900,77.680,16200,77.800,100,77.890,2000,77.980,8019,77.990,1100,78.010,2019-06-04,11:12:58,00";
var hq_str_sh603259="药明康德,78.500,78.310,77.800,79.120,77.680,77.720,77.800,992111,77761592.000,200,77.720,500,77.710,800,77.700,600,77.690,3900,77.680,13900,77.800,2000,77.980,8019,77.990,1100,78.010,200,78.040,2019-06-04,11:13:58,00";
var hq_str_sh603259="药明康德,78.500,78.310,77.800,79.120,77.680,77.710,77.790,993811,77893752.000,700,77.710,900,77.700,700,77.690,6200,77.680,2500,77.670,100,77.790,13700,77.800,100,77.970,2000,77.980,1100,78.010,2019-06-04,11:14:58,00";
var hq_str_sh603259="药明康德,78.500,78.310,77.800,79.120,77.680,77.780,77.800,996911,78134912.000,500,77.780,100,77.760,200,77.740,1100,77.730,1200,77.720,11800,77.800,200,77.970,2000,77.980,1100,78.010,200,78.040,2019-06-04,11:15:58,00";
var hq_str_sh603259="药明康德,78.500,78.310,77.780,79.120,77.680,77.760,77.770,999611,78344938.000,100,77.760,800,77.740,1300,77.720,2300,77.710,500,77.700,600,77.770,400,77.780,200,77.790,10100,77.800,200,77.970,2019-06-04,11:16:58,00";
var hq_str_sh603259="药明康德,78.500,78.310,77.790,79.120,77.680,77.760,77.780,1001811,78516042.000,300,77.760,500,77.750,1000,77.740,1300,77.720,1900,77.710,1000,77.780,200,77.790,10200,77.800,200,77.970,2000,77.980,2019-06-04,11:17:55,00";
var hq_str_sh603259="药明康德,78.500,78.310,77.800,79.120,77.680,77.790,77.800,1004511,78726049.000,100,77.790,400,77.780,200,77.760,600,77.750,1000,77.740,10300,77.800,100,77.970,2000,77.980,1100,78.010,200,78.040,2019-06-04,11:18:52,00";
var hq_str_sh603259="药明康德,78.500,78.310,78.000,79.120,77.680,77.800,78.000,1017311,79722112.000,1000,77.800,300,77.780,200,77.760,600,77.750,200,77.740,400,78.000,800,78.010,200,78.040,100,78.130,1500,78.140,2019-06-04,11:19:58,00";
var hq_str_sh603259="药明康德,78.500,78.310,77.970,79.120,77.680,77.960,77.970,1018411,79807868.000,700,77.960,100,77.900,200,77.850,100,77.820,500,77.800,1462,77.970,400,78.000,800,78.010,200,78.040,100,78.130,2019-06-04,11:20:58,00";
var hq_str_sh603259="药明康德,78.500,78.310,77.880,79.120,77.680,77.830,77.870,1020011,79932590.000,500,77.830,100,77.820,300,77.810,500,77.800,100,77.780,100,77.870,300,77.880,600,77.960,800,78.010,200,78.040,2019-06-04,11:21:55,00";
var hq_str_sh603259="药明康德,78.500,78.310,77.870,79.120,77.680,77.830,77.870,1021711,80064985.000,500,77.830,100,77.820,300,77.810,400,77.800,200,77.780,1400,77.870,400,77.880,500,77.960,762,78.000,800,78.010,2019-06-04,11:22:58,00";
var hq_str_sh603259="药明康德,78.500,78.310,77.870,79.120,77.680,77.840,77.870,1023011,80166208.000,600,77.840,400,77.830,100,77.820,200,77.810,600,77.800,500,77.870,100,77.880,500,77.960,762,78.000,800,78.010,2019-06-04,11:23:49,00";
var hq_str_sh603259="药明康德,78.500,78.310,77.880,79.120,77.680,77.870,77.960,1023611,80212930.000,500,77.870,100,77.850,100,77.840,400,77.830,100,77.820,1000,77.960,762,78.000,800,78.010,200,78.040,100,78.100,2019-06-04,11:24:58,00";
var hq_str_sh603259="药明康德,78.500,78.310,77.880,79.120,77.680,77.880,77.960,1023611,80212930.000,200,77.880,200,77.870,10000,77.860,1700,77.850,100,77.840,900,77.960,762,78.000,800,78.010,200,78.040,100,78.130,2019-06-04,11:25:58,00";
var hq_str_sh603259="药明康德,78.500,78.310,77.760,79.120,77.680,77.750,77.800,1043611,81769762.000,200,77.750,200,77.740,400,77.730,1200,77.720,1700,77.710,19800,77.800,100,77.820,20700,77.830,20000,77.850,7100,77.860,2019-06-04,11:26:58,00";
var hq_str_sh603259="药明康德,78.500,78.310,77.800,79.120,77.680,77.750,77.800,1044411,81832002.000,300,77.750,300,77.740,400,77.730,1200,77.720,2000,77.710,39300,77.800,20000,77.830,20000,77.850,7100,77.860,19700,77.880,2019-06-04,11:27:58,00";
var hq_str_sh603259="药明康德,78.500,78.310,77.770,79.120,77.680,77.760,77.770,1046511,81995364.000,700,77.760,1100,77.750,300,77.740,400,77.730,1200,77.720,19400,77.770,1100,77.790,37900,77.800,20000,77.830,20000,77.850,2019-06-04,11:28:58,00";
var hq_str_sh603259="药明康德,78.500,78.310,77.750,79.120,77.680,77.750,77.760,1053911,82570821.000,1100,77.750,300,77.740,500,77.730,1200,77.720,2200,77.710,18000,77.760,15900,77.770,37800,77.800,20000,77.830,20000,77.850,2019-06-04,11:29:55,00";
var hq_str_sh603259="药明康德,78.500,78.310,77.760,79.120,77.680,77.750,77.760,1054011,82578597.000,1100,77.750,300,77.740,500,77.730,1200,77.720,2200,77.710,17900,77.760,15900,77.770,37800,77.800,20000,77.830,20000,77.850,2019-06-04,11:30:00,00";
var hq_str_sh603259="药明康德,78.500,78.310,77.740,79.120,77.680,77.730,77.740,1070711,83877115.000,1200,77.730,1700,77.720,2900,77.710,2700,77.700,800,77.690,100,77.740,1000,77.750,8500,77.760,15900,77.770,37800,77.800,2019-06-04,13:00:59,00";
var hq_str_sh603259="药明康德,78.500,78.310,77.720,79.120,77.680,77.690,77.720,1089211,85314758.000,500,77.690,13300,77.680,2500,77.670,1600,77.660,100,77.650,300,77.720,15000,77.730,500,77.740,200,77.750,7300,77.760,2019-06-04,13:01:59,00";
var hq_str_sh603259="药明康德,78.500,78.310,77.720,79.120,77.680,77.690,77.720,1090911,85446843.000,2400,77.690,13300,77.680,2500,77.670,1600,77.660,100,77.650,900,77.720,15000,77.730,500,77.740,200,77.750,7300,77.760,2019-06-04,13:02:56,00";
var hq_str_sh603259="药明康德,78.500,78.310,77.720,79.120,77.680,77.700,77.720,1092811,85594476.000,900,77.700,2400,77.690,13300,77.680,2500,77.670,1500,77.660,400,77.720,16800,77.730,500,77.740,200,77.750,7300,77.760,2019-06-04,13:03:59,00";
var hq_str_sh603259="药明康德,78.500,78.310,77.730,79.120,77.680,77.700,77.730,1097922,85991636.000,489,77.700,2300,77.690,13300,77.680,2500,77.670,1500,77.660,17000,77.730,500,77.740,200,77.750,7300,77.760,15900,77.770,2019-06-04,13:04:59,00";
var hq_str_sh603259="药明康德,78.500,78.310,77.680,79.120,77.670,77.670,77.680,1120911,87777558.000,600,77.670,1500,77.660,1100,77.650,100,77.640,300,77.620,3300,77.680,700,77.720,15600,77.730,500,77.740,200,77.750,2019-06-04,13:05:59,00";
var hq_str_sh603259="药明康德,78.500,78.310,77.550,79.120,77.550,77.530,77.550,1192311,93319768.000,900,77.530,700,77.520,3600,77.510,11100,77.500,700,77.490,2000,77.550,7000,77.570,700,77.720,15600,77.730,500,77.740,2019-06-04,13:06:59,00";
var hq_str_sh603259="药明康德,78.500,78.310,77.720,79.120,77.540,77.610,77.690,1195911,93599044.000,100,77.610,300,77.600,200,77.580,2000,77.550,200,77.540,4400,77.690,2000,77.710,3200,77.720,13800,77.730,500,77.740,2019-06-04,13:07:59,00";
var hq_str_sh603259="药明康德,78.500,78.310,77.690,79.120,77.540,77.590,77.650,1204111,94235315.000,1000,77.590,2500,77.580,500,77.560,1200,77.550,900,77.540,100,77.650,300,77.670,2200,77.680,4300,77.690,2000,77.710,2019-06-04,13:08:56,00";
var hq_str_sh603259="药明康德,78.500,78.310,77.600,79.120,77.540,77.580,77.600,1212011,94848445.000,2200,77.580,500,77.560,600,77.550,900,77.540,3400,77.530,2000,77.600,1300,77.640,200,77.650,300,77.670,2400,77.680,2019-06-04,13:09:59,00";
var hq_str_sh603259="药明康德,78.500,78.310,77.610,79.120,77.540,77.600,77.610,1221432,95579537.000,1900,77.600,879,77.580,600,77.560,600,77.550,900,77.540,2300,77.610,900,77.640,300,77.670,2200,77.680,3500,77.690,2019-06-04,13:10:59,00";
var hq_str_sh603259="药明康德,78.500,78.310,77.680,79.120,77.540,77.670,77.680,1226832,95998822.000,1700,77.670,1000,77.610,2000,77.600,200,77.590,1879,77.580,1600,77.680,200,77.690,2000,77.710,2200,77.720,13800,77.730,2019-06-04,13:11:59,00";
var hq_str_sh603259="药明康德,78.500,78.310,77.680,79.120,77.540,77.680,77.730,1241632,97149014.000,3100,77.680,900,77.670,1500,77.610,2300,77.600,200,77.590,9300,77.730,500,77.740,200,77.750,7300,77.760,15900,77.770,2019-06-04,13:12:59,00";
var hq_str_sh603259="药明康德,78.500,78.310,77.730,79.120,77.540,77.690,77.730,1244632,97382131.000,200,77.690,2800,77.680,400,77.670,1600,77.610,1300,77.600,6800,77.730,500,77.740,200,77.750,7300,77.760,16000,77.770,2019-06-04,13:13:59,00";
var hq_str_sh603259="药明康德,78.500,78.310,77.730,79.120,77.540,77.700,77.730,1248032,97646397.000,500,77.700,1600,77.690,2500,77.680,1600,77.610,1800,77.600,4300,77.730,500,77.740,200,77.750,7300,77.760,16000,77.770,2019-06-04,13:14:59,00";
var hq_str_sh603259="药明康德,78.500,78.310,77.730,79.120,77.540,77.700,77.730,1249132,97731899.000,900,77.700,1800,77.690,2700,77.680,1600,77.610,1800,77.600,2900,77.730,500,77.740,200,77.750,7300,77.760,16000,77.770,2019-06-04,13:15:53,00";
var hq_str_sh603259="药明康德,78.500,78.310,77.710,79.120,77.540,77.730,77.740,1252332,97980633.000,200,77.730,400,77.710,2400,77.700,2100,77.690,1600,77.680,500,77.740,200,77.750,7300,77.760,16000,77.770,37700,77.800,2019-06-04,13:16:59,00";
var hq_str_sh603259="药明康德,78.500,78.310,77.760,79.120,77.540,77.750,77.760,1254132,98120572.000,1200,77.750,600,77.740,900,77.730,600,77.710,1800,77.700,7600,77.760,16000,77.770,37700,77.800,20000,77.830,20000,77.850,2019-06-04,13:17:59,00";
var hq_str_sh603259="药明康德,78.500,78.310,77.750,79.120,77.540,77.750,77.760,1261832,98719315.000,500,77.750,100,77.740,900,77.730,300,77.710,1700,77.700,600,77.760,16000,77.770,37700,77.800,20000,77.830,20000,77.850,2019-06-04,13:18:59,00";
var hq_str_sh603259="药明康德,78.500,78.310,77.770,79.120,77.540,77.760,77.770,1267632,99170366.000,900,77.760,1200,77.750,100,77.740,900,77.730,200,77.720,13400,77.770,37700,77.800,20000,77.830,20000,77.850,7100,77.860,2019-06-04,13:19:59,00";
var hq_str_sh603259="药明康德,78.500,78.310,77.750,79.120,77.540,77.750,77.770,1273532,99629192.000,1200,77.750,100,77.740,900,77.730,200,77.720,300,77.710,9600,77.770,2200,77.790,37700,77.800,20000,77.830,20000,77.850,2019-06-04,13:20:59,00";
var hq_str_sh603259="药明康德,78.500,78.310,77.750,79.120,77.540,77.750,77.760,1275632,99792488.000,200,77.750,100,77.740,600,77.730,500,77.720,300,77.710,1900,77.760,8300,77.770,700,77.790,37700,77.800,20000,77.830,2019-06-04,13:21:59,00";
var hq_str_sh603259="药明康德,78.500,78.310,77.730,79.120,77.540,77.730,77.740,1277732,99955740.000,200,77.730,500,77.720,700,77.710,1700,77.700,1100,77.690,1600,77.740,12500,77.750,2800,77.760,6900,77.770,700,77.790,2019-06-04,13:22:59,00";
var hq_str_sh603259="药明康德,78.500,78.310,77.700,79.120,77.540,77.690,77.700,1287932,100748431.000,1100,77.690,1400,77.680,500,77.620,1600,77.610,2700,77.600,6200,77.700,800,77.720,16800,77.730,700,77.740,12500,77.750,2019-06-04,13:23:59,00";
var hq_str_sh603259="药明康德,78.500,78.310,77.700,79.120,77.540,77.690,77.700,1290232,100927130.000,100,77.690,1400,77.680,1500,77.650,500,77.620,1600,77.610,5500,77.700,16800,77.730,12500,77.750,2800,77.760,6900,77.770,2019-06-04,13:24:56,00";
var hq_str_sh603259="药明康德,78.500,78.310,77.690,79.120,77.540,77.690,77.700,1291032,100989289.000,400,77.690,1400,77.680,1500,77.650,500,77.620,1600,77.610,4400,77.700,16800,77.730,12500,77.750,2800,77.760,6900,77.770,2019-06-04,13:25:53,00";
var hq_str_sh603259="药明康德,78.500,78.310,77.700,79.120,77.540,77.690,77.700,1292632,101113608.000,500,77.690,1400,77.680,1500,77.650,500,77.620,1600,77.610,3400,77.700,16800,77.730,1200,77.760,6900,77.770,700,77.790,2019-06-04,13:26:50,00";
var hq_str_sh603259="药明康德,78.500,78.310,77.700,79.120,77.540,77.690,77.700,1295132,101307847.000,400,77.690,1400,77.680,1500,77.650,1200,77.610,4100,77.600,6600,77.700,16800,77.730,1200,77.760,6900,77.770,700,77.790,2019-06-04,13:27:59,00";
var hq_str_sh603259="药明康德,78.500,78.310,77.630,79.120,77.540,77.610,77.630,1300232,101703955.000,1200,77.610,4200,77.600,200,77.590,1600,77.580,600,77.560,700,77.630,100,77.640,3000,77.650,1800,77.690,5300,77.700,2019-06-04,13:28:59,00";
var hq_str_sh603259="药明康德,78.500,78.310,77.650,79.120,77.540,77.630,77.650,1303532,101960142.000,400,77.630,700,77.620,1200,77.610,4500,77.600,200,77.590,1700,77.650,1700,77.690,500,77.700,16800,77.730,1200,77.760,2019-06-04,13:29:59,00";
var hq_str_sh603259="药明康德,78.500,78.310,77.580,79.120,77.540,77.580,77.590,1314632,102821546.000,1100,77.580,600,77.570,600,77.560,1400,77.550,1200,77.540,2300,77.590,2100,77.600,200,77.690,300,77.700,16800,77.730,2019-06-04,13:30:59,00";
var hq_str_sh603259="药明康德,78.500,78.310,77.570,79.120,77.540,77.590,77.690,1322632,103442134.000,100,77.590,200,77.570,1600,77.560,1700,77.550,1200,77.540,300,77.690,300,77.700,16800,77.730,6800,77.770,600,77.790,2019-06-04,13:31:59,00";
var hq_str_sh603259="药明康德,78.500,78.310,77.540,79.120,77.540,77.540,77.550,1330332,104039362.000,1200,77.540,3000,77.530,4600,77.520,4800,77.510,16300,77.500,5600,77.550,600,77.580,700,77.680,400,77.700,2000,77.720,2019-06-04,13:32:56,00";
var hq_str_sh603259="药明康德,78.500,78.310,77.550,79.120,77.530,77.540,77.550,1339032,104713995.000,600,77.540,3800,77.530,4600,77.520,4800,77.510,16900,77.500,1600,77.550,600,77.580,1000,77.700,2000,77.720,16800,77.730,2019-06-04,13:33:59,00";
var hq_str_sh603259="药明康德,78.500,78.310,77.580,79.120,77.530,77.570,77.580,1342232,104962167.000,300,77.570,2600,77.560,1000,77.550,1900,77.540,4100,77.530,700,77.580,1500,77.680,1500,77.690,1300,77.700,2000,77.720,2019-06-04,13:34:59,00";
var hq_str_sh603259="药明康德,78.500,78.310,77.670,79.120,77.530,77.590,77.680,1348732,105466442.000,100,77.590,1200,77.570,2200,77.560,1200,77.550,2700,77.540,1500,77.680,700,77.700,2000,77.720,16800,77.730,6800,77.770,2019-06-04,13:35:59,00";
var hq_str_sh603259="药明康德,78.500,78.310,77.600,79.120,77.530,77.600,77.670,1351632,105691648.000,400,77.600,300,77.590,1000,77.580,2500,77.570,2300,77.560,1200,77.670,800,77.700,2000,77.720,16800,77.730,6800,77.770,2019-06-04,13:36:59,00";
var hq_str_sh603259="药明康德,78.500,78.310,77.600,79.120,77.530,77.600,77.650,1357832,106173029.000,3600,77.600,100,77.590,1000,77.580,2600,77.570,1300,77.560,1600,77.650,1500,77.670,300,77.700,2400,77.720,16800,77.730,2019-06-04,13:37:59,00";
var hq_str_sh603259="药明康德,78.500,78.310,77.640,79.120,77.530,77.600,77.640,1361332,106444696.000,3600,77.600,200,77.590,1300,77.580,2700,77.570,1300,77.560,100,77.640,200,77.670,300,77.700,2400,77.720,16800,77.730,2019-06-04,13:38:59,00";
var hq_str_sh603259="药明康德,78.500,78.310,77.620,79.120,77.530,77.610,77.620,1364632,106700863.000,1100,77.610,4100,77.600,200,77.590,1200,77.580,3200,77.570,200,77.620,900,77.630,500,77.640,200,77.670,300,77.700,2019-06-04,13:39:56,00";
var hq_str_sh603259="药明康德,78.500,78.310,77.620,79.120,77.530,77.610,77.620,1366932,106879377.000,100,77.610,3200,77.600,400,77.590,1200,77.580,2700,77.570,1816,77.620,100,77.630,200,77.670,300,77.700,2500,77.720,2019-06-04,13:40:59,00";
var hq_str_sh603259="药明康德,78.500,78.310,77.710,79.120,77.530,77.640,77.720,1370348,107144601.000,100,77.640,2100,77.630,1084,77.620,2600,77.610,3000,77.600,2800,77.720,16800,77.730,6800,77.770,600,77.790,37700,77.800,2019-06-04,13:41:53,00";
var hq_str_sh603259="药明康德,78.500,78.310,77.710,79.120,77.530,77.680,77.700,1372848,107338882.000,100,77.680,400,77.650,1300,77.640,100,77.630,584,77.620,600,77.700,19200,77.710,3500,77.720,16800,77.730,7200,77.770,2019-06-04,13:42:56,00";
var hq_str_sh603259="药明康德,78.500,78.310,77.640,79.120,77.530,77.630,77.640,1376048,107587406.000,100,77.630,584,77.620,600,77.610,3400,77.600,400,77.590,6500,77.640,1600,77.700,18900,77.710,3500,77.720,16800,77.730,2019-06-04,13:43:59,00";
var hq_str_sh603259="药明康德,78.500,78.310,77.700,79.120,77.530,77.640,77.710,1389248,108612485.000,500,77.640,200,77.630,384,77.620,600,77.610,3300,77.600,17600,77.710,3500,77.720,16800,77.730,7200,77.770,37700,77.800,2019-06-04,13:44:56,00";
var hq_str_sh603259="药明康德,78.500,78.310,77.640,79.120,77.530,77.630,77.640,1396448,109171543.000,600,77.630,984,77.620,2300,77.610,3200,77.600,400,77.590,100,77.640,19600,77.700,17200,77.710,3500,77.720,16800,77.730,2019-06-04,13:45:59,00";
var hq_str_sh603259="药明康德,78.500,78.310,77.650,79.120,77.530,77.630,77.650,1399448,109404487.000,1000,77.630,3084,77.620,2800,77.610,1300,77.600,400,77.590,100,77.650,700,77.660,400,77.670,19700,77.700,17200,77.710,2019-06-04,13:46:59,00";
var hq_str_sh603259="药明康德,78.500,78.310,77.640,79.120,77.530,77.630,77.640,1403248,109699519.000,300,77.630,3084,77.620,2600,77.610,1300,77.600,400,77.590,200,77.640,100,77.660,400,77.670,19800,77.700,17200,77.710,2019-06-04,13:47:53,00";
var hq_str_sh603259="药明康德,78.500,78.310,77.630,79.120,77.530,77.630,77.680,1407248,110010098.000,400,77.630,3084,77.620,2000,77.610,2500,77.600,400,77.590,400,77.680,200,77.690,19800,77.700,17200,77.710,2100,77.720,2019-06-04,13:48:59,00";
var hq_str_sh603259="药明康德,78.500,78.310,77.700,79.120,77.530,77.640,77.700,1409648,110196464.000,400,77.640,2200,77.630,3084,77.620,2000,77.610,2800,77.600,19700,77.700,17200,77.710,2100,77.720,16800,77.730,6800,77.770,2019-06-04,13:49:53,00";
var hq_str_sh603259="药明康德,78.500,78.310,77.700,79.120,77.530,77.630,77.680,1413648,110507120.000,2100,77.630,3084,77.620,2000,77.610,2800,77.600,400,77.590,200,77.680,2600,77.690,19400,77.700,17200,77.710,2400,77.720,2019-06-04,13:50:53,00";
var hq_str_sh603259="药明康德,78.500,78.310,77.630,79.120,77.530,77.630,77.690,1419648,110973026.000,3100,77.630,1584,77.620,2300,77.610,3000,77.600,400,77.590,1100,77.690,19100,77.700,17200,77.710,2400,77.720,16800,77.730,2019-06-04,13:51:59,00";
var hq_str_sh603259="药明康德,78.500,78.310,77.690,79.120,77.530,77.650,77.690,1421248,111097276.000,300,77.650,1000,77.640,4100,77.630,1584,77.620,2300,77.610,1600,77.690,19100,77.700,17200,77.710,2400,77.720,16800,77.730,2019-06-04,13:52:50,00";
var hq_str_sh603259="药明康德,78.500,78.310,77.700,79.120,77.530,77.700,77.710,1445148,112954246.000,1100,77.700,2200,77.690,200,77.660,100,77.650,900,77.640,17200,77.710,2400,77.720,16800,77.730,6800,77.770,37900,77.800,2019-06-04,13:53:59,00";
var hq_str_sh603259="药明康德,78.500,78.310,77.710,79.120,77.530,77.700,77.710,1451748,113467109.000,1600,77.700,2000,77.690,200,77.660,2100,77.650,4100,77.640,13400,77.710,2400,77.720,16800,77.730,6800,77.770,37700,77.800,2019-06-04,13:54:56,00";
var hq_str_sh603259="药明康德,78.500,78.310,77.700,79.120,77.530,77.700,77.710,1454848,113707990.000,1400,77.700,2000,77.690,200,77.660,2200,77.650,4100,77.640,12000,77.710,2400,77.720,16800,77.730,6800,77.770,37700,77.800,2019-06-04,13:55:53,00";
var hq_str_sh603259="药明康德,78.500,78.310,77.700,79.120,77.530,77.700,77.710,1460448,114143145.000,1400,77.700,2200,77.690,200,77.680,200,77.660,2200,77.650,8800,77.710,2400,77.720,16800,77.730,6800,77.770,37700,77.800,2019-06-04,13:56:59,00";
var hq_str_sh603259="药明康德,78.500,78.310,77.710,79.120,77.530,77.690,77.710,1471948,115036792.000,2200,77.690,200,77.680,200,77.660,2200,77.650,3700,77.640,1100,77.710,2200,77.720,16800,77.730,6800,77.770,37700,77.800,2019-06-04,13:57:56,00";
var hq_str_sh603259="药明康德,78.500,78.310,77.720,79.120,77.530,77.690,77.720,1474748,115254344.000,300,77.690,300,77.680,200,77.660,2200,77.650,3700,77.640,2100,77.720,16800,77.730,6800,77.770,37700,77.800,20000,77.830,2019-06-04,13:58:59,00";
var hq_str_sh603259="药明康德,78.500,78.310,77.700,79.120,77.530,77.690,77.720,1477348,115456361.000,900,77.690,300,77.680,600,77.660,2200,77.650,3700,77.640,1800,77.720,16800,77.730,6800,77.770,37700,77.800,20000,77.830,2019-06-04,13:59:56,00";
var hq_str_sh603259="药明康德,78.500,78.310,77.680,79.120,77.530,77.660,77.680,1480648,115712769.000,200,77.660,2400,77.650,3600,77.640,3400,77.630,1084,77.620,800,77.680,400,77.690,700,77.720,16800,77.730,6800,77.770,2019-06-04,14:00:59,00";
var hq_str_sh603259="药明康德,78.500,78.310,77.650,79.120,77.530,77.650,77.660,1485548,116093331.000,1800,77.650,3600,77.640,3400,77.630,1084,77.620,1500,77.610,600,77.660,500,77.720,16800,77.730,6800,77.770,37700,77.800,2019-06-04,14:01:53,00";
var hq_str_sh603259="药明康德,78.500,78.310,77.660,79.120,77.530,77.650,77.690,1488748,116341851.000,1800,77.650,500,77.640,3400,77.630,1084,77.620,1500,77.610,300,77.690,400,77.700,900,77.710,1700,77.720,17200,77.730,2019-06-04,14:02:56,00";
var hq_str_sh603259="药明康德,78.500,78.310,77.660,79.120,77.530,77.660,77.700,1492048,116598151.000,1600,77.660,700,77.650,10500,77.640,1900,77.630,1084,77.620,1100,77.700,800,77.710,1500,77.720,17200,77.730,6800,77.770,2019-06-04,14:03:53,00";
var hq_str_sh603259="药明康德,78.500,78.310,77.660,79.120,77.530,77.650,77.660,1496348,116932107.000,1000,77.650,10500,77.640,1900,77.630,1084,77.620,1500,77.610,100,77.660,300,77.690,500,77.700,1000,77.710,1500,77.720,2019-06-04,14:04:56,00";
var hq_str_sh603259="药明康德,78.500,78.310,77.690,79.120,77.530,77.640,77.690,1503648,117498983.000,8600,77.640,1900,77.630,1084,77.620,1500,77.610,3700,77.600,400,77.690,2400,77.700,1900,77.710,1200,77.720,17200,77.730,2019-06-04,14:05:56,00";
var hq_str_sh603259="药明康德,78.500,78.310,77.640,79.120,77.530,77.630,77.640,1525648,119207172.000,1900,77.630,1084,77.620,1500,77.610,3500,77.600,1400,77.590,600,77.640,100,77.650,200,77.680,800,77.690,2400,77.700,2019-06-04,14:06:56,00";
var hq_str_sh603259="药明康德,78.500,78.310,77.620,79.120,77.530,77.600,77.620,1535432,119966616.000,3400,77.600,1400,77.590,2400,77.580,1400,77.570,1400,77.560,516,77.620,500,77.630,900,77.640,200,77.680,800,77.690,2019-06-04,14:07:59,00";
var hq_str_sh603259="药明康德,78.500,78.310,77.620,79.120,77.530,77.610,77.620,1537932,120160642.000,1600,77.610,4700,77.600,1400,77.590,2400,77.580,1400,77.570,4116,77.620,200,77.630,900,77.640,200,77.680,800,77.690,2019-06-04,14:08:56,00";
var hq_str_sh603259="药明康德,78.500,78.310,77.640,79.120,77.530,77.620,77.640,1548948,121015711.000,2000,77.620,500,77.610,3400,77.600,1400,77.590,2400,77.580,200,77.640,600,77.690,1700,77.700,500,77.710,17200,77.730,2019-06-04,14:09:56,00";
var hq_str_sh603259="药明康德,78.500,78.310,77.700,79.120,77.530,77.660,77.700,1551148,121186597.000,900,77.660,1800,77.650,1000,77.640,2300,77.630,200,77.610,1500,77.700,500,77.710,500,77.720,17200,77.730,6800,77.770,2019-06-04,14:10:59,00";
var hq_str_sh603259="药明康德,78.500,78.310,77.670,79.120,77.530,77.670,77.700,1553548,121373011.000,2000,77.670,1400,77.660,2000,77.650,1000,77.640,300,77.630,1300,77.700,500,77.710,500,77.720,17200,77.730,6800,77.770,2019-06-04,14:11:59,00";
var hq_str_sh603259="药明康德,78.500,78.310,77.700,79.120,77.530,77.700,77.720,1569448,122608616.000,2200,77.700,3300,77.670,1000,77.660,200,77.650,1000,77.640,500,77.720,14000,77.730,6800,77.770,37700,77.800,20000,77.830,2019-06-04,14:12:59,00";
var hq_str_sh603259="药明康德,78.500,78.310,77.720,79.120,77.530,77.670,77.720,1578748,123331342.000,2200,77.670,1000,77.660,1000,77.640,4300,77.630,200,77.620,600,77.720,9700,77.730,6800,77.770,37700,77.800,20000,77.830,2019-06-04,14:13:59,00";
var hq_str_sh603259="药明康德,78.500,78.310,77.720,79.120,77.530,77.680,77.720,1581148,123517846.000,600,77.680,1900,77.670,1000,77.660,100,77.650,1000,77.640,400,77.720,9700,77.730,6800,77.770,37700,77.800,20000,77.830,2019-06-04,14:14:59,00";
var hq_str_sh603259="药明康德,78.500,78.310,77.730,79.120,77.530,77.670,77.730,1587948,124046145.000,1900,77.670,1000,77.660,100,77.650,1000,77.640,4300,77.630,9400,77.730,6800,77.770,37700,77.800,20000,77.830,20000,77.850,2019-06-04,14:15:59,00";
var hq_str_sh603259="药明康德,78.500,78.310,77.730,79.120,77.530,77.670,77.730,1591148,124294865.000,1900,77.670,1000,77.660,100,77.650,1100,77.640,4300,77.630,6800,77.730,6800,77.770,2300,77.790,37700,77.800,20000,77.830,2019-06-04,14:16:56,00";
var hq_str_sh603259="药明康德,78.500,78.310,77.770,79.120,77.530,77.690,77.770,1603348,125243276.000,200,77.690,1700,77.680,1800,77.670,1000,77.660,100,77.650,3900,77.770,2600,77.790,37700,77.800,20000,77.830,20000,77.850,2019-06-04,14:17:59,00";
var hq_str_sh603259="药明康德,78.500,78.310,77.780,79.120,77.530,77.770,77.780,1610948,125834344.000,2000,77.770,2000,77.710,1100,77.700,100,77.690,1900,77.680,1000,77.780,700,77.790,37700,77.800,20000,77.830,20000,77.850,2019-06-04,14:18:59,00";
var hq_str_sh603259="药明康德,78.500,78.310,77.770,79.120,77.530,77.720,77.780,1614348,126098751.000,1900,77.720,2400,77.710,1100,77.700,2100,77.680,1900,77.670,100,77.780,600,77.790,37700,77.800,20000,77.830,20000,77.850,2019-06-04,14:19:59,00";
var hq_str_sh603259="药明康德,78.500,78.310,77.710,79.120,77.530,77.680,77.720,1622848,126759382.000,1900,77.680,1900,77.670,1000,77.660,400,77.650,1100,77.640,3600,77.720,1500,77.790,37700,77.800,20000,77.830,20000,77.850,2019-06-04,14:20:56,00";
var hq_str_sh603259="药明康德,78.500,78.310,77.710,79.120,77.530,77.680,77.720,1628348,127186654.000,100,77.680,1400,77.670,700,77.660,400,77.650,1300,77.640,200,77.720,200,77.780,1500,77.790,37700,77.800,20000,77.830,2019-06-04,14:21:56,00";
var hq_str_sh603259="药明康德,78.500,78.310,77.800,79.120,77.530,77.680,77.800,1631948,127466544.000,11200,77.680,2400,77.670,14900,77.660,400,77.650,1400,77.640,37500,77.800,20000,77.830,20000,77.850,7100,77.860,200,77.870,2019-06-04,14:22:59,00";
var hq_str_sh603259="药明康德,78.500,78.310,77.800,79.120,77.530,77.690,77.750,1633748,127606519.000,100,77.690,10400,77.680,2700,77.670,14900,77.660,1000,77.650,1000,77.750,37000,77.800,20000,77.830,20000,77.850,7100,77.860,2019-06-04,14:23:56,00";
var hq_str_sh603259="药明康德,78.500,78.310,77.790,79.120,77.530,77.750,77.790,1636148,127793117.000,400,77.750,800,77.700,400,77.690,10300,77.680,2100,77.670,300,77.790,36900,77.800,20000,77.830,20000,77.850,7100,77.860,2019-06-04,14:24:56,00";
var hq_str_sh603259="药明康德,78.500,78.310,77.790,79.120,77.530,77.790,77.800,1640048,128096513.000,700,77.790,100,77.770,900,77.750,500,77.700,700,77.690,34400,77.800,20000,77.830,20200,77.850,7100,77.860,300,77.870,2019-06-04,14:25:56,00";
var hq_str_sh603259="药明康德,78.500,78.310,77.780,79.120,77.530,77.710,77.780,1645548,128524335.000,2000,77.710,500,77.700,1000,77.690,10400,77.680,1800,77.670,400,77.780,400,77.790,34200,77.800,20000,77.830,20000,77.850,2019-06-04,14:26:56,00";
var hq_str_sh603259="药明康德,78.500,78.310,77.720,79.120,77.530,77.720,77.790,1647248,128656526.000,700,77.720,1900,77.710,1000,77.700,1000,77.690,10000,77.680,1800,77.790,34200,77.800,20000,77.830,20000,77.850,7100,77.860,2019-06-04,14:27:53,00";
var hq_str_sh603259="药明康德,78.500,78.310,77.790,79.120,77.530,77.790,77.800,1650848,128936507.000,100,77.790,100,77.780,1100,77.720,1800,77.710,1000,77.700,34100,77.800,20000,77.830,20000,77.850,7100,77.860,300,77.870,2019-06-04,14:28:59,00";
var hq_str_sh603259="药明康德,78.500,78.310,77.800,79.120,77.530,77.730,77.790,1651648,128998742.000,600,77.730,2000,77.720,1800,77.710,1100,77.700,1000,77.690,200,77.790,33800,77.800,20000,77.830,20000,77.850,7100,77.860,2019-06-04,14:29:53,00";
var hq_str_sh603259="药明康德,78.500,78.310,77.730,79.120,77.530,77.700,77.730,1660048,129651596.000,200,77.700,400,77.690,1400,77.680,2100,77.670,15000,77.660,18500,77.730,33700,77.800,20000,77.830,20000,77.850,7100,77.860,2019-06-04,14:30:59,00";
var hq_str_sh603259="药明康德,78.500,78.310,77.700,79.120,77.530,77.660,77.720,1681907,131349327.000,341,77.660,600,77.650,1200,77.640,4200,77.630,100,77.610,200,77.720,17800,77.730,1100,77.790,33700,77.800,1100,77.820,2019-06-04,14:31:56,00";
var hq_str_sh603259="药明康德,78.500,78.310,77.650,79.120,77.530,77.670,77.710,1692207,132149701.000,300,77.670,1500,77.650,1200,77.640,4200,77.630,100,77.610,500,77.710,3500,77.720,12900,77.730,1100,77.790,33700,77.800,2019-06-04,14:32:59,00";
var hq_str_sh603259="药明康德,78.500,78.310,77.720,79.120,77.530,77.690,77.720,1695007,132367282.000,3100,77.690,2600,77.680,600,77.670,3000,77.650,1300,77.640,2000,77.720,12900,77.730,600,77.770,1100,77.790,33700,77.800,2019-06-04,14:33:56,00";
var hq_str_sh603259="药明康德,78.500,78.310,77.720,79.120,77.530,77.720,77.730,1705907,133214359.000,2000,77.720,2600,77.680,1000,77.670,2700,77.650,1300,77.640,10100,77.730,600,77.770,1300,77.790,33700,77.800,1100,77.820,2019-06-04,14:34:56,00";
var hq_str_sh603259="药明康德,78.500,78.310,77.720,79.120,77.530,77.690,77.720,1716007,133999407.000,2100,77.690,2600,77.680,1000,77.670,1700,77.650,1300,77.640,200,77.720,3200,77.730,1300,77.770,2000,77.790,33700,77.800,2019-06-04,14:35:56,00";
var hq_str_sh603259="药明康德,78.500,78.310,77.640,79.120,77.530,77.630,77.640,1728007,134931527.000,3500,77.630,100,77.610,4300,77.600,1200,77.590,2900,77.580,1300,77.640,1600,77.650,300,77.660,19000,77.670,2300,77.690,2019-06-04,14:36:56,00";
var hq_str_sh603259="药明康德,78.500,78.310,77.600,79.120,77.530,77.580,77.640,1755607,137073021.000,100,77.580,200,77.550,1400,77.540,2000,77.530,4000,77.520,100,77.640,200,77.650,100,77.660,18700,77.670,1300,77.730,2019-06-04,14:37:59,00";
var hq_str_sh603259="药明康德,78.500,78.310,77.640,79.120,77.530,77.550,77.670,1761607,137538520.000,1800,77.550,600,77.540,2000,77.530,4000,77.520,4400,77.510,18100,77.670,400,77.700,1300,77.730,400,77.740,1200,77.770,2019-06-04,14:38:53,00";
var hq_str_sh603259="药明康德,78.500,78.310,77.560,79.120,77.530,77.550,77.560,1767007,137957620.000,2000,77.550,600,77.540,2200,77.530,4000,77.520,4400,77.510,500,77.560,200,77.570,100,77.660,15700,77.670,400,77.700,2019-06-04,14:39:59,00";
var hq_str_sh603259="药明康德,78.500,78.310,77.570,79.120,77.530,77.570,77.670,1771907,138337775.000,700,77.570,100,77.560,3600,77.550,400,77.540,2200,77.530,15300,77.670,1300,77.730,400,77.740,1200,77.770,700,77.790,2019-06-04,14:40:56,00";
var hq_str_sh603259="药明康德,78.500,78.310,77.670,79.120,77.530,77.620,77.670,1776207,138671524.000,400,77.620,1200,77.580,1800,77.570,1000,77.560,3100,77.550,13900,77.670,600,77.720,1300,77.730,400,77.740,1200,77.770,2019-06-04,14:42:02,00";
var hq_str_sh603259="药明康德,78.500,78.310,77.630,79.120,77.530,77.620,77.670,1782207,139137365.000,300,77.620,200,77.600,400,77.590,1100,77.580,1800,77.570,12500,77.670,600,77.720,1300,77.730,400,77.740,1200,77.770,2019-06-04,14:42:56,00";
var hq_str_sh603259="药明康德,78.500,78.310,77.660,79.120,77.530,77.630,77.670,1789307,139688741.000,1200,77.630,100,77.620,400,77.600,400,77.590,5100,77.580,8700,77.670,600,77.720,1300,77.730,600,77.740,1200,77.770,2019-06-04,14:43:59,00";
var hq_str_sh603259="药明康德,78.500,78.310,77.670,79.120,77.530,77.650,77.670,1796207,140224607.000,200,77.650,1000,77.630,100,77.620,1400,77.600,400,77.590,5700,77.670,600,77.720,1300,77.730,600,77.740,1200,77.770,2019-06-04,14:44:59,00";
var hq_str_sh603259="药明康德,78.500,78.310,77.710,79.120,77.530,77.660,77.710,1809007,141218703.000,100,77.660,1300,77.630,100,77.620,1400,77.600,400,77.590,100,77.710,400,77.720,1300,77.730,600,77.740,200,77.750,2019-06-04,14:45:59,00";
var hq_str_sh603259="药明康德,78.500,78.310,77.660,79.120,77.530,77.690,77.720,1816907,141832209.000,100,77.690,100,77.650,300,77.630,100,77.620,1400,77.600,200,77.720,600,77.730,600,77.740,200,77.750,400,77.760,2019-06-04,14:46:56,00";
var hq_str_sh603259="药明康德,78.500,78.310,77.580,79.120,77.530,77.580,77.600,1827607,142662402.000,200,77.580,5900,77.570,1400,77.560,2300,77.550,2200,77.530,61200,77.600,500,77.630,300,77.650,100,77.720,600,77.730,2019-06-04,14:47:59,00";
var hq_str_sh603259="药明康德,78.500,78.310,77.600,79.120,77.530,77.590,77.600,1835107,143244287.000,2700,77.590,900,77.580,5600,77.570,1400,77.560,2000,77.550,59000,77.600,500,77.630,300,77.650,100,77.720,400,77.730,2019-06-04,14:48:59,00";
var hq_str_sh603259="药明康德,78.500,78.310,77.600,79.120,77.530,77.600,77.630,1900707,148334808.000,3500,77.600,4500,77.590,2400,77.580,5800,77.570,1300,77.560,500,77.630,300,77.650,100,77.720,400,77.730,800,77.740,2019-06-04,14:49:59,00";
var hq_str_sh603259="药明康德,78.500,78.310,77.750,79.120,77.530,77.730,77.750,1914907,149438292.000,200,77.730,3400,77.720,500,77.630,100,77.620,200,77.610,500,77.750,300,77.760,500,77.770,1500,77.790,33800,77.800,2019-06-04,14:50:59,00";
var hq_str_sh603259="药明康德,78.500,78.310,77.780,79.120,77.530,77.730,77.790,1920107,149842635.000,8000,77.730,3400,77.720,500,77.630,100,77.620,200,77.610,1900,77.790,34300,77.800,20100,77.830,20000,77.850,7100,77.860,2019-06-04,14:51:59,00";
var hq_str_sh603259="药明康德,78.500,78.310,77.720,79.120,77.530,77.630,77.720,1946507,151895276.000,500,77.630,100,77.620,200,77.610,3400,77.600,800,77.590,1600,77.720,11900,77.730,10800,77.770,1400,77.790,34300,77.800,2019-06-04,14:52:56,00";
var hq_str_sh603259="药明康德,78.500,78.310,77.570,79.120,77.530,77.560,77.570,1975407,154137906.000,100,77.560,1100,77.550,2000,77.530,5400,77.520,3400,77.510,14300,77.570,36800,77.580,27500,77.600,700,77.630,2400,77.720,2019-06-04,14:53:56,00";
var hq_str_sh603259="药明康德,78.500,78.310,77.500,79.120,77.500,77.490,77.500,2015307,157230842.000,300,77.490,600,77.480,300,77.470,200,77.460,1200,77.450,22200,77.500,1000,77.520,18138,77.530,200,77.540,36500,77.550,2019-06-04,14:54:50,00";
var hq_str_sh603259="药明康德,78.500,78.310,77.500,79.120,77.490,77.490,77.500,2036607,158881566.000,8700,77.490,6900,77.480,300,77.470,200,77.460,1800,77.450,3700,77.500,1000,77.520,18138,77.530,36500,77.550,38200,77.560,2019-06-04,14:55:59,00";
var hq_str_sh603259="药明康德,78.500,78.310,77.500,79.120,77.490,77.500,77.520,2056607,160431667.000,5000,77.500,6000,77.490,1100,77.480,300,77.470,200,77.460,2000,77.520,17638,77.530,36500,77.550,38200,77.560,13500,77.570,2019-06-04,14:56:59,00";
var hq_str_sh603259="药明康德,78.500,78.310,77.500,79.120,77.490,77.500,77.500,2056607,160431667.000,10000,77.500,0,0.000,0,0.000,0,0.000,0,0.000,10000,77.500,12400,0.000,0,0.000,0,0.000,0,0.000,2019-06-04,14:57:58,00";
var hq_str_sh603259="药明康德,78.500,78.310,77.500,79.120,77.490,77.500,77.500,2056607,160431667.000,22800,77.500,0,0.000,0,0.000,0,0.000,0,0.000,22800,77.500,300,0.000,0,0.000,0,0.000,0,0.000,2019-06-04,14:58:56,00";
