var hq_str_sh603259="药明康德,85.600,86.050,85.600,85.600,85.600,85.510,85.600,32500,2782000.000,900,85.510,3000,85.500,1500,85.350,500,85.330,400,85.300,1425,85.600,200,86.000,300,86.050,600,86.150,500,86.190,2019-10-23,09:29:53,00,";
var hq_str_sh603259="药明康德,85.600,86.050,85.940,86.390,85.550,85.730,85.940,112100,9618350.000,400,85.730,300,85.710,100,85.610,3700,85.600,900,85.570,100,85.940,300,85.950,1200,85.970,7100,85.990,6500,86.000,2019-10-23,09:30:58,00,";
var hq_str_sh603259="药明康德,85.600,86.050,86.000,86.390,85.550,86.000,86.010,143300,12297374.000,9900,86.000,3100,85.750,100,85.740,12100,85.730,500,85.720,140,86.010,2500,86.020,15000,86.050,1100,86.080,2000,86.150,2019-10-23,09:31:58,00,";
var hq_str_sh603259="药明康德,85.600,86.050,86.020,86.390,85.550,86.010,86.020,173300,14877296.000,200,86.010,16100,86.000,100,85.980,200,85.970,100,85.820,740,86.020,1400,86.080,500,86.140,2000,86.150,200,86.180,2019-10-23,09:32:58,00,";
var hq_str_sh603259="药明康德,85.600,86.050,85.830,86.390,85.550,85.840,85.960,190000,16312319.000,300,85.840,500,85.830,600,85.810,5100,85.800,100,85.790,2700,85.960,200,85.980,200,85.990,100,86.010,10000,86.050,2019-10-23,09:33:58,00,";
var hq_str_sh603259="药明康德,85.600,86.050,86.010,86.390,85.550,86.000,86.010,235300,20207685.000,5100,86.000,100,85.860,400,85.840,6000,85.830,2600,85.810,300,86.010,2500,86.030,700,86.040,3040,86.140,2000,86.150,2019-10-23,09:34:58,00,";
var hq_str_sh603259="药明康德,85.600,86.050,86.150,86.390,85.550,86.150,86.180,261240,22439257.000,60,86.150,200,86.000,600,85.990,200,85.980,1800,85.880,200,86.180,3600,86.190,200,86.200,3600,86.230,10000,86.250,2019-10-23,09:35:58,00,";
var hq_str_sh603259="药明康德,85.600,86.050,86.000,86.390,85.550,86.000,86.010,288000,24740171.000,12400,86.000,1000,85.940,300,85.910,6700,85.900,100,85.890,500,86.010,900,86.050,400,86.090,5000,86.100,100,86.140,2019-10-23,09:36:58,00,";
var hq_str_sh603259="药明康德,85.600,86.050,85.870,86.390,85.550,85.860,85.870,344900,29632248.000,10700,85.860,10200,85.850,100,85.840,400,85.830,1000,85.820,700,85.870,700,85.900,500,85.990,400,86.000,200,86.050,2019-10-23,09:37:58,00,";
var hq_str_sh603259="药明康德,85.600,86.050,85.860,86.390,85.550,85.870,85.990,400700,34425058.000,400,85.870,6500,85.800,100,85.790,300,85.780,100,85.760,800,85.990,30500,86.000,200,86.050,500,86.090,5400,86.100,2019-10-23,09:38:58,00,";
var hq_str_sh603259="药明康德,85.600,86.050,85.900,86.390,85.550,85.900,85.990,501900,43126733.000,400,85.900,400,85.850,300,85.820,1000,85.810,2400,85.800,640,85.990,3000,86.000,200,86.010,2000,86.020,300,86.050,2019-10-23,09:39:58,00,";
var hq_str_sh603259="药明康德,85.600,86.050,85.930,86.390,85.550,85.940,85.970,561100,48216596.000,400,85.940,1200,85.930,100,85.920,100,85.830,2900,85.810,200,85.970,2900,85.980,1240,86.000,1100,86.020,2900,86.050,2019-10-23,09:40:58,00,";
var hq_str_sh603259="药明康德,85.600,86.050,85.920,86.390,85.550,85.920,85.990,592500,50914519.000,200,85.920,100,85.810,400,85.800,100,85.790,5400,85.780,100,85.990,6660,86.000,1400,86.020,2600,86.050,200,86.090,2019-10-23,09:41:58,00,";
var hq_str_sh603259="药明康德,85.600,86.050,86.050,86.390,85.550,86.000,86.050,637460,54775597.000,200,86.000,100,85.990,300,85.920,500,85.910,1000,85.800,1300,86.050,5440,86.080,200,86.090,5600,86.100,700,86.110,2019-10-23,09:42:58,00,";
var hq_str_sh603259="药明康德,85.600,86.050,86.070,86.390,85.550,86.000,86.060,667660,57373443.000,300,86.000,300,85.950,900,85.940,300,85.930,400,85.920,1500,86.060,2300,86.080,1000,86.090,3940,86.100,700,86.110,2019-10-23,09:43:58,00,";
var hq_str_sh603259="药明康德,85.600,86.050,85.880,86.390,85.550,85.880,85.920,676160,58103934.000,300,85.880,300,85.870,100,85.850,200,85.830,200,85.820,200,85.920,200,85.940,100,85.990,5900,86.000,4100,86.070,2019-10-23,09:44:58,00,";
var hq_str_sh603259="药明康德,85.600,86.050,85.820,86.390,85.550,85.810,85.820,701360,60266497.000,300,85.810,7300,85.800,100,85.790,500,85.780,300,85.770,300,85.820,200,85.870,100,85.920,200,85.930,200,85.940,2019-10-23,09:45:58,00,";
var hq_str_sh603259="药明康德,85.600,86.050,86.000,86.390,85.550,85.920,85.940,710660,61065109.000,300,85.920,300,85.910,700,85.840,700,85.830,2600,85.810,100,85.940,15700,86.000,100,86.020,800,86.050,4100,86.070,2019-10-23,09:46:58,00,";
var hq_str_sh603259="药明康德,85.600,86.050,85.800,86.390,85.550,85.810,85.950,739360,63528170.000,300,85.810,3300,85.800,100,85.790,500,85.780,500,85.770,300,85.950,100,85.970,2000,85.980,100,85.990,15700,86.000,2019-10-23,09:47:58,00,";
var hq_str_sh603259="药明康德,85.600,86.050,85.860,86.390,85.550,85.850,85.860,742560,63802840.000,100,85.850,1100,85.840,2500,85.820,300,85.810,3000,85.800,5800,85.860,300,85.870,300,85.880,200,85.900,100,85.930,2019-10-23,09:48:58,00,";
var hq_str_sh603259="药明康德,85.600,86.050,85.290,86.390,85.290,85.290,85.330,821860,70587792.000,1900,85.290,1000,85.250,100,85.240,500,85.220,200,85.210,500,85.330,700,85.380,100,85.760,200,85.770,1100,85.800,2019-10-23,09:49:58,00,";
var hq_str_sh603259="药明康德,85.600,86.050,85.510,86.390,85.290,85.510,85.560,843760,72459229.000,200,85.510,8600,85.500,5000,85.460,4000,85.450,200,85.400,100,85.560,200,85.600,1000,85.640,200,85.690,5400,85.700,2019-10-23,09:50:58,00,";
var hq_str_sh603259="药明康德,85.600,86.050,85.800,86.390,85.290,85.750,85.850,874060,75053807.000,100,85.750,1000,85.530,300,85.520,600,85.510,3900,85.500,900,85.850,200,85.900,100,85.950,300,85.970,4100,85.990,2019-10-23,09:51:58,00,";
var hq_str_sh603259="药明康德,85.600,86.050,85.600,86.390,85.290,85.790,85.800,954160,81908237.000,100,85.790,3100,85.600,100,85.550,1000,85.500,300,85.480,100,85.800,2700,85.820,300,85.840,100,85.860,1200,85.880,2019-10-23,09:52:58,00,";
var hq_str_sh603259="药明康德,85.600,86.050,85.300,86.390,85.290,85.310,85.400,1071860,91964954.000,200,85.310,11900,85.300,4200,85.290,1300,85.250,100,85.240,40100,85.400,100,85.410,100,85.420,100,85.430,100,85.440,2019-10-23,09:53:58,00,";
var hq_str_sh603259="药明康德,85.600,86.050,85.340,86.390,85.290,85.340,85.400,1128360,96785814.000,100,85.340,300,85.310,600,85.300,4200,85.290,100,85.280,37200,85.400,400,85.500,1000,85.580,1500,85.600,100,85.770,2019-10-23,09:54:58,00,";
var hq_str_sh603259="药明康德,85.600,86.050,85.690,86.390,85.250,85.600,85.690,1192660,102276606.000,100,85.600,500,85.590,32900,85.400,10300,85.300,700,85.280,200,85.690,1000,85.750,100,85.770,700,85.780,100,85.790,2019-10-23,09:55:58,00,";
var hq_str_sh603259="药明康德,85.600,86.050,85.500,86.390,85.250,85.510,85.650,1247460,106957714.000,400,85.510,5300,85.500,100,85.420,200,85.410,700,85.400,300,85.650,100,85.670,100,85.770,1400,85.780,400,85.790,2019-10-23,09:56:58,00,";
var hq_str_sh603259="药明康德,85.600,86.050,85.680,86.390,85.250,85.610,85.680,1267980,108712342.000,300,85.610,500,85.600,11780,85.500,1200,85.420,200,85.410,200,85.680,700,85.760,100,85.770,700,85.780,400,85.790,2019-10-23,09:57:58,00,";
var hq_str_sh603259="药明康德,85.600,86.050,85.500,86.390,85.250,85.510,85.600,1279182,109670735.000,500,85.510,20578,85.500,100,85.450,1200,85.420,200,85.410,6900,85.600,1000,85.620,100,85.650,5000,85.660,200,85.670,2019-10-23,09:58:58,00,";
var hq_str_sh603259="药明康德,85.600,86.050,85.500,86.390,85.250,85.500,85.520,1296482,111149973.000,7278,85.500,100,85.450,1200,85.420,200,85.410,2100,85.400,100,85.520,200,85.560,200,85.580,6900,85.600,600,85.620,2019-10-23,09:59:58,00,";
var hq_str_sh603259="药明康德,85.600,86.050,85.460,86.390,85.250,85.430,85.500,1374660,117830983.000,300,85.430,100,85.420,200,85.410,2100,85.400,100,85.360,22,85.500,3100,85.510,600,85.520,300,85.560,200,85.580,2019-10-23,10:00:58,00,";
var hq_str_sh603259="药明康德,85.600,86.050,85.370,86.390,85.250,85.370,85.410,1391460,119265921.000,200,85.370,300,85.360,600,85.350,26500,85.300,600,85.280,600,85.410,3000,85.460,500,85.500,3122,85.510,600,85.520,2019-10-23,10:01:58,00,";
var hq_str_sh603259="药明康德,85.600,86.050,85.350,86.390,85.250,85.360,85.370,1405960,120503362.000,600,85.360,200,85.340,200,85.310,24100,85.300,600,85.280,600,85.370,14200,85.400,700,85.410,1200,85.500,3022,85.510,2019-10-23,10:02:58,00,";
var hq_str_sh603259="药明康德,85.600,86.050,85.350,86.390,85.250,85.340,85.350,1435960,123062611.000,300,85.340,100,85.330,13000,85.300,600,85.280,600,85.270,600,85.350,1000,85.360,1800,85.370,12200,85.400,700,85.410,2019-10-23,10:03:58,00,";
var hq_str_sh603259="药明康德,85.600,86.050,85.290,86.390,85.250,85.280,85.290,1462460,125323298.000,700,85.280,500,85.270,400,85.260,1700,85.250,300,85.240,4200,85.290,11600,85.300,600,85.310,600,85.330,400,85.340,2019-10-23,10:04:58,00,";
var hq_str_sh603259="药明康德,85.600,86.050,85.260,86.390,85.250,85.260,85.290,1495960,128179676.000,300,85.260,10800,85.250,300,85.240,500,85.220,400,85.210,300,85.290,100,85.300,600,85.330,200,85.340,200,85.350,2019-10-23,10:05:58,00,";
var hq_str_sh603259="药明康德,85.600,86.050,85.360,86.390,85.250,85.350,85.410,1508360,129237718.000,300,85.350,300,85.340,2100,85.300,900,85.290,400,85.280,600,85.410,1100,85.500,2222,85.510,500,85.520,200,85.560,2019-10-23,10:06:58,00,";
var hq_str_sh603259="药明康德,85.600,86.050,85.350,86.390,85.250,85.340,85.350,1515960,129886445.000,700,85.340,500,85.320,2200,85.310,16100,85.300,900,85.290,200,85.350,700,85.400,900,85.500,2222,85.510,500,85.520,2019-10-23,10:07:58,00,";
var hq_str_sh603259="药明康德,85.600,86.050,85.400,86.390,85.250,85.360,85.500,1526860,130816548.000,400,85.360,2900,85.350,200,85.320,1100,85.310,16100,85.300,900,85.500,2222,85.510,500,85.520,200,85.560,200,85.580,2019-10-23,10:08:58,00,";
var hq_str_sh603259="药明康德,85.600,86.050,85.460,86.390,85.250,85.420,85.480,1531360,131200996.000,100,85.420,300,85.410,7400,85.400,300,85.370,300,85.360,100,85.480,1100,85.500,2222,85.510,500,85.520,200,85.560,2019-10-23,10:09:58,00,";
var hq_str_sh603259="药明康德,85.600,86.050,85.410,86.390,85.250,85.400,85.480,1546460,132490935.000,3800,85.400,300,85.370,300,85.360,2400,85.350,700,85.320,2300,85.480,722,85.510,500,85.520,300,85.550,200,85.560,2019-10-23,10:10:58,00,";
var hq_str_sh603259="药明康德,85.600,86.050,85.450,86.390,85.250,85.410,85.450,1553460,133088830.000,200,85.410,21400,85.400,100,85.380,400,85.370,300,85.360,300,85.450,3700,85.470,2400,85.480,722,85.510,500,85.520,2019-10-23,10:11:58,00,";
var hq_str_sh603259="药明康德,85.600,86.050,85.410,86.390,85.250,85.400,85.410,1562460,133857477.000,18600,85.400,400,85.380,100,85.370,200,85.360,2500,85.350,1000,85.410,100,85.440,1900,85.450,3700,85.470,2200,85.480,2019-10-23,10:12:58,00,";
var hq_str_sh603259="药明康德,85.600,86.050,85.480,86.390,85.250,85.480,85.510,1575060,134933795.000,6300,85.480,300,85.450,1500,85.440,1300,85.420,1700,85.410,622,85.510,500,85.520,300,85.550,200,85.560,200,85.580,2019-10-23,10:13:58,00,";
var hq_str_sh603259="药明康德,85.600,86.050,85.560,86.390,85.250,85.490,85.560,1584460,135737417.000,200,85.490,1700,85.480,800,85.450,1300,85.440,1700,85.410,222,85.560,400,85.580,1000,85.590,8400,85.600,100,85.670,2019-10-23,10:14:58,00,";
var hq_str_sh603259="药明康德,85.600,86.050,85.410,86.390,85.250,85.410,85.480,1591060,136301813.000,1100,85.410,21900,85.400,100,85.390,400,85.380,100,85.370,100,85.480,322,85.500,500,85.570,2800,85.580,1000,85.590,2019-10-23,10:15:58,00,";
var hq_str_sh603259="药明康德,85.600,86.050,85.560,86.390,85.250,85.410,85.560,1609560,137882470.000,6100,85.410,21900,85.400,100,85.390,400,85.380,100,85.370,300,85.560,700,85.570,3000,85.580,8200,85.600,100,85.650,2019-10-23,10:16:58,00,";
var hq_str_sh603259="药明康德,85.600,86.050,85.370,86.390,85.250,85.360,85.370,1648660,141221869.000,300,85.360,2500,85.350,700,85.320,3400,85.310,2300,85.300,200,85.370,1500,85.400,2600,85.410,3200,85.420,500,85.500,2019-10-23,10:17:58,00,";
var hq_str_sh603259="药明康德,85.600,86.050,85.310,86.390,85.250,85.310,85.380,1692560,144969010.000,200,85.310,4400,85.300,900,85.290,100,85.270,2600,85.260,1700,85.380,1200,85.390,2600,85.410,2300,85.420,500,85.500,2019-10-23,10:18:58,00,";
var hq_str_sh603259="药明康德,85.600,86.050,85.280,86.390,85.250,85.270,85.290,1705160,146043629.000,1200,85.270,2600,85.260,4000,85.250,300,85.240,200,85.230,2200,85.290,6900,85.300,1200,85.390,2300,85.420,500,85.460,2019-10-23,10:19:58,00,";
var hq_str_sh603259="药明康德,85.600,86.050,85.390,86.390,85.250,85.390,85.450,1800360,154168502.000,400,85.390,1100,85.310,2500,85.300,100,85.290,1900,85.280,2100,85.450,100,85.560,600,85.570,1400,85.580,4300,85.590,2019-10-23,10:20:58,00,";
var hq_str_sh603259="药明康德,85.600,86.050,85.400,86.390,85.250,85.310,85.390,1805760,154629830.000,800,85.310,3200,85.300,200,85.290,2000,85.280,1700,85.270,6000,85.390,10100,85.400,200,85.430,2800,85.570,1000,85.580,2019-10-23,10:21:58,00,";
var hq_str_sh603259="药明康德,85.600,86.050,85.390,86.390,85.250,85.310,85.360,1816460,155542673.000,4400,85.310,1100,85.300,300,85.290,1800,85.280,1600,85.270,100,85.360,500,85.380,4800,85.390,10000,85.400,200,85.430,2019-10-23,10:22:58,00,";
var hq_str_sh603259="药明康德,85.600,86.050,85.330,86.390,85.250,85.330,85.390,1830080,156704906.000,8180,85.330,1300,85.310,1500,85.300,400,85.290,1800,85.280,200,85.390,9600,85.400,400,85.560,2800,85.570,1300,85.590,2019-10-23,10:23:58,00,";
var hq_str_sh603259="药明康德,85.600,86.050,85.320,86.390,85.250,85.330,85.380,1841380,157669017.000,2400,85.330,1100,85.320,1500,85.310,23200,85.300,400,85.290,200,85.380,1500,85.390,9600,85.400,1000,85.550,400,85.560,2019-10-23,10:24:58,00,";
var hq_str_sh603259="药明康德,85.600,86.050,85.390,86.390,85.250,85.390,85.400,1858480,159129114.000,300,85.390,100,85.380,5400,85.310,23700,85.300,400,85.290,500,85.400,800,85.560,2800,85.570,1400,85.600,100,85.650,2019-10-23,10:25:58,00,";
var hq_str_sh603259="药明康德,85.600,86.050,85.380,86.390,85.250,85.380,85.530,1862780,159496273.000,700,85.380,100,85.360,1000,85.330,3500,85.320,5600,85.310,500,85.530,1000,85.540,1000,85.550,700,85.560,3000,85.570,2019-10-23,10:26:58,00,";
var hq_str_sh603259="药明康德,85.600,86.050,85.390,86.390,85.250,85.360,85.390,1864880,159675579.000,300,85.360,400,85.350,3700,85.320,5600,85.310,22700,85.300,300,85.390,1100,85.500,400,85.510,200,85.520,500,85.530,2019-10-23,10:27:58,00,";
var hq_str_sh603259="药明康德,85.600,86.050,85.340,86.390,85.250,85.340,85.500,1874580,160503308.000,3800,85.340,5700,85.310,22800,85.300,500,85.290,1800,85.280,200,85.500,200,85.520,500,85.530,700,85.560,2800,85.570,2019-10-23,10:28:58,00,";
var hq_str_sh603259="药明康德,85.600,86.050,85.400,86.390,85.250,85.340,85.400,1886980,161561881.000,1100,85.340,100,85.320,8800,85.310,23400,85.300,500,85.290,200,85.400,200,85.490,100,85.500,200,85.520,500,85.550,2019-10-23,10:29:58,00,";
var hq_str_sh603259="药明康德,85.600,86.050,85.400,86.390,85.250,85.480,85.490,1900180,162688374.000,400,85.480,7900,85.400,100,85.340,9500,85.310,22900,85.300,300,85.490,100,85.500,200,85.520,500,85.550,900,85.560,2019-10-23,10:30:58,00,";
var hq_str_sh603259="药明康德,85.600,86.050,85.480,86.390,85.250,85.480,85.490,1908080,163363409.000,400,85.480,7900,85.400,100,85.320,9500,85.310,23000,85.300,400,85.490,100,85.500,200,85.520,500,85.550,900,85.560,2019-10-23,10:31:58,00,";
var hq_str_sh603259="药明康德,85.600,86.050,85.420,86.390,85.250,85.410,85.420,1917780,164192060.000,200,85.410,7300,85.400,700,85.340,400,85.330,100,85.320,1300,85.420,300,85.450,100,85.460,1000,85.470,200,85.490,2019-10-23,10:32:58,00,";
var hq_str_sh603259="药明康德,85.600,86.050,85.530,86.390,85.250,85.490,85.560,1929780,165217859.000,300,85.490,200,85.470,4300,85.450,200,85.420,1200,85.410,300,85.560,2800,85.570,2000,85.600,1000,85.620,100,85.650,2019-10-23,10:33:58,00,";
var hq_str_sh603259="药明康德,85.600,86.050,85.540,86.390,85.250,85.540,85.570,1937280,165859430.000,200,85.540,900,85.490,200,85.470,700,85.460,4700,85.450,1800,85.570,2100,85.600,1000,85.620,100,85.650,100,85.660,2019-10-23,10:34:58,00,";
var hq_str_sh603259="药明康德,85.600,86.050,85.590,86.390,85.250,85.580,85.590,1944080,166441187.000,100,85.580,100,85.560,600,85.510,900,85.490,200,85.470,1800,85.590,1300,85.600,1000,85.620,100,85.650,100,85.660,2019-10-23,10:35:59,00,";
var hq_str_sh603259="药明康德,85.600,86.050,85.550,86.390,85.250,85.520,85.570,1952280,167142930.000,400,85.520,600,85.510,900,85.490,200,85.470,1200,85.460,600,85.570,2000,85.580,100,85.600,1000,85.620,100,85.650,2019-10-23,10:36:59,00,";
var hq_str_sh603259="药明康德,85.600,86.050,85.560,86.390,85.250,85.550,85.560,1956780,167527936.000,100,85.550,200,85.510,300,85.490,700,85.470,1200,85.460,600,85.560,600,85.570,1400,85.580,100,85.600,1000,85.620,2019-10-23,10:37:58,00,";
var hq_str_sh603259="药明康德,85.600,86.050,85.500,86.390,85.250,85.490,85.500,1962380,168006993.000,300,85.490,700,85.470,1200,85.460,5200,85.450,100,85.420,4100,85.500,400,85.560,200,85.570,1400,85.580,100,85.600,2019-10-23,10:38:59,00,";
var hq_str_sh603259="药明康德,85.600,86.050,85.580,86.390,85.250,85.500,85.560,1970680,168716780.000,100,85.500,200,85.490,400,85.470,1300,85.460,4800,85.450,100,85.560,300,85.570,1200,85.580,100,85.600,1000,85.620,2019-10-23,10:39:59,00,";
var hq_str_sh603259="药明康德,85.600,86.050,85.650,86.390,85.250,85.650,85.660,1993480,170668282.000,400,85.650,100,85.600,1000,85.500,200,85.490,400,85.470,300,85.660,100,85.670,2500,85.680,100,85.700,700,85.760,2019-10-23,10:40:59,00,";
var hq_str_sh603259="药明康德,85.600,86.050,85.500,86.390,85.250,85.500,85.570,2002880,171472320.000,900,85.500,400,85.490,400,85.470,1300,85.460,4800,85.450,300,85.570,2100,85.580,200,85.660,1700,85.670,2500,85.680,2019-10-23,10:41:58,00,";
var hq_str_sh603259="药明康德,85.600,86.050,85.400,86.390,85.250,85.400,85.580,2026780,173514815.000,2700,85.400,100,85.380,800,85.350,700,85.340,900,85.330,400,85.580,100,85.590,1700,85.600,200,85.620,500,85.650,2019-10-23,10:42:59,00,";
var hq_str_sh603259="药明康德,85.600,86.050,85.480,86.390,85.250,85.480,85.490,2034880,174207407.000,800,85.480,300,85.450,300,85.410,8100,85.400,200,85.380,100,85.490,2000,85.500,1300,85.600,200,85.660,1700,85.670,2019-10-23,10:43:58,00,";
var hq_str_sh603259="药明康德,85.600,86.050,85.370,86.390,85.250,85.350,85.370,2051180,175599673.000,700,85.350,800,85.340,1100,85.330,1500,85.320,5100,85.310,500,85.370,300,85.420,200,85.480,1200,85.490,500,85.500,2019-10-23,10:44:58,00,";
var hq_str_sh603259="药明康德,85.600,86.050,85.430,86.390,85.250,85.370,85.470,2052780,175736286.000,2200,85.370,3000,85.350,800,85.340,600,85.330,1600,85.320,300,85.470,200,85.480,500,85.500,1400,85.600,200,85.660,2019-10-23,10:45:59,00,";
var hq_str_sh603259="药明康德,85.600,86.050,85.380,86.390,85.250,85.380,85.430,2053180,175770453.000,1000,85.380,2400,85.370,2100,85.350,700,85.340,600,85.330,100,85.430,1100,85.460,200,85.480,500,85.500,4400,85.600,2019-10-23,10:46:58,00,";
var hq_str_sh603259="药明康德,85.600,86.050,85.480,86.390,85.250,85.400,85.480,2071180,177307675.000,4500,85.400,900,85.380,2500,85.370,2100,85.350,700,85.340,800,85.480,1800,85.500,4800,85.600,200,85.660,1700,85.670,2019-10-23,10:47:58,00,";
var hq_str_sh603259="药明康德,85.600,86.050,85.380,86.390,85.250,85.400,85.440,2079180,177990873.000,1000,85.400,2500,85.370,17100,85.350,700,85.340,400,85.330,5900,85.440,600,85.450,1800,85.500,5000,85.600,200,85.650,2019-10-23,10:48:55,00,";
var hq_str_sh603259="药明康德,85.600,86.050,85.170,86.390,85.150,85.110,85.170,2151680,184176074.000,2100,85.110,1100,85.100,1300,85.090,200,85.080,200,85.060,2100,85.170,500,85.180,9100,85.200,900,85.250,300,85.450,2019-10-23,10:49:59,00,";
var hq_str_sh603259="药明康德,85.600,86.050,85.130,86.390,85.100,85.120,85.130,2169780,185716758.000,1700,85.120,1200,85.110,30100,85.100,1400,85.090,200,85.080,400,85.130,9100,85.200,200,85.400,1000,85.430,300,85.450,2019-10-23,10:50:59,00,";
var hq_str_sh603259="药明康德,85.600,86.050,85.200,86.390,85.100,85.210,85.370,2185280,187037229.000,100,85.210,2600,85.200,100,85.190,4300,85.130,2100,85.120,100,85.370,200,85.390,100,85.400,1000,85.430,300,85.450,2019-10-23,10:51:58,00,";
var hq_str_sh603259="药明康德,85.600,86.050,85.130,86.390,85.100,85.130,85.140,2193480,187735550.000,1500,85.130,2200,85.120,5700,85.110,30500,85.100,1300,85.090,4800,85.140,800,85.190,100,85.200,100,85.330,100,85.390,2019-10-23,10:52:59,00,";
var hq_str_sh603259="药明康德,85.600,86.050,85.100,86.390,85.100,85.100,85.110,2220280,190016523.000,24300,85.100,1300,85.090,900,85.080,700,85.060,1900,85.050,1700,85.110,500,85.140,800,85.190,100,85.200,100,85.330,2019-10-23,10:53:58,00,";
var hq_str_sh603259="药明康德,85.600,86.050,85.110,86.390,85.080,85.110,85.190,2259280,193335556.000,1500,85.110,29400,85.100,100,85.080,100,85.070,700,85.060,600,85.190,100,85.200,100,85.330,700,85.380,2600,85.390,2019-10-23,10:54:58,00,";
var hq_str_sh603259="药明康德,85.600,86.050,85.110,86.390,85.080,85.110,85.180,2268380,194110052.000,100,85.110,26200,85.100,10100,85.090,200,85.080,200,85.070,400,85.180,960,85.190,100,85.330,1000,85.370,700,85.380,2019-10-23,10:55:59,00,";
var hq_str_sh603259="药明康德,85.600,86.050,85.120,86.390,85.080,85.110,85.150,2284980,195523252.000,7500,85.110,26900,85.100,10200,85.090,100,85.080,900,85.060,1900,85.150,200,85.180,660,85.190,100,85.330,1000,85.370,2019-10-23,10:56:58,00,";
var hq_str_sh603259="药明康德,85.600,86.050,85.110,86.390,85.080,85.110,85.150,2291680,196093538.000,5800,85.110,26800,85.100,10100,85.090,300,85.080,900,85.060,1300,85.150,200,85.180,100,85.190,100,85.200,100,85.330,2019-10-23,10:57:59,00,";
var hq_str_sh603259="药明康德,85.600,86.050,85.100,86.390,85.080,85.100,85.170,2355880,201557658.000,20600,85.100,9600,85.090,400,85.080,900,85.060,21900,85.050,500,85.170,200,85.180,100,85.190,100,85.200,100,85.330,2019-10-23,10:58:58,00,";
var hq_str_sh603259="药明康德,85.600,86.050,85.110,86.390,85.080,85.100,85.110,2375080,203191643.000,26200,85.100,9600,85.090,700,85.080,900,85.060,21900,85.050,3200,85.110,100,85.150,660,85.160,300,85.170,200,85.180,2019-10-23,10:59:55,00,";
var hq_str_sh603259="药明康德,85.600,86.050,85.150,86.390,85.080,85.150,85.160,2391680,204604452.000,100,85.150,200,85.120,600,85.110,21500,85.100,9600,85.090,100,85.160,300,85.170,200,85.180,100,85.190,100,85.200,2019-10-23,11:00:58,00,";
var hq_str_sh603259="药明康德,85.600,86.050,85.140,86.390,85.080,85.110,85.140,2396680,205030166.000,100,85.110,21200,85.100,9600,85.090,700,85.080,900,85.060,1200,85.140,200,85.160,100,85.330,1100,85.350,2000,85.360,2019-10-23,11:01:59,00,";
var hq_str_sh603259="药明康德,85.600,86.050,85.110,86.390,85.080,85.090,85.110,2425080,207446981.000,6000,85.090,700,85.080,900,85.060,21900,85.050,1300,85.030,780,85.110,300,85.140,200,85.160,800,85.330,1100,85.350,2019-10-23,11:02:58,00,";
var hq_str_sh603259="药明康德,85.600,86.050,85.050,86.390,85.050,85.050,85.070,2463680,210731435.000,19100,85.050,1300,85.030,1200,85.020,7500,85.010,16700,85.000,200,85.070,4500,85.100,180,85.110,300,85.140,400,85.150,2019-10-23,11:03:55,00,";
var hq_str_sh603259="药明康德,85.600,86.050,84.940,86.390,84.940,84.920,84.940,2526880,216104908.000,500,84.920,300,84.900,100,84.890,200,84.880,900,84.850,1200,84.940,2100,84.980,200,84.990,1000,85.000,1300,85.030,2019-10-23,11:04:58,00,";
var hq_str_sh603259="药明康德,85.600,86.050,84.900,86.390,84.790,84.900,84.970,2593888,221791947.000,792,84.900,100,84.780,100,84.770,100,84.760,300,84.750,400,84.970,200,85.080,1000,85.090,4300,85.100,180,85.110,2019-10-23,11:05:59,00,";
var hq_str_sh603259="药明康德,85.600,86.050,84.970,86.390,84.790,84.880,84.970,2621888,224167461.000,1292,84.880,100,84.870,200,84.830,100,84.810,100,84.780,1800,84.970,3200,85.000,100,85.020,1000,85.060,1000,85.070,2019-10-23,11:06:58,00,";
var hq_str_sh603259="药明康德,85.600,86.050,84.880,86.390,84.790,84.890,84.990,2643328,225987144.000,100,84.890,4792,84.880,1100,84.860,1060,84.850,1200,84.830,1000,84.990,3000,85.000,100,85.020,1000,85.050,1000,85.060,2019-10-23,11:07:58,00,";
var hq_str_sh603259="药明康德,85.600,86.050,84.850,86.390,84.790,84.860,84.880,2672020,228421644.000,100,84.860,100,84.850,10060,84.830,100,84.820,200,84.810,208,84.880,780,84.890,100,84.970,1000,84.990,3000,85.000,2019-10-23,11:08:58,00,";
var hq_str_sh603259="药明康德,85.600,86.050,84.830,86.390,84.790,84.830,84.850,2691608,230083843.000,10160,84.830,200,84.820,300,84.810,12400,84.800,400,84.790,1840,84.850,700,84.870,4400,84.910,200,84.980,1000,84.990,2019-10-23,11:09:59,00,";
var hq_str_sh603259="药明康德,85.600,86.050,84.830,86.390,84.790,84.810,84.830,2726508,233044076.000,5200,84.810,2660,84.800,600,84.790,500,84.780,900,84.770,500,84.830,600,84.850,200,84.980,1000,84.990,2900,85.000,2019-10-23,11:10:58,00,";
var hq_str_sh603259="药明康德,85.600,86.050,84.810,86.390,84.790,84.800,84.810,2746508,234740608.000,2160,84.800,1100,84.790,800,84.780,1400,84.770,1400,84.760,7300,84.810,500,84.980,600,84.990,2900,85.000,100,85.020,2019-10-23,11:11:59,00,";
var hq_str_sh603259="药明康德,85.600,86.050,84.800,86.390,84.730,84.780,84.800,2785168,238018827.000,600,84.780,100,84.770,10100,84.760,100,84.750,300,84.720,340,84.800,700,84.890,100,84.950,400,84.980,600,84.990,2019-10-23,11:12:58,00,";
var hq_str_sh603259="药明康德,85.600,86.050,84.770,86.390,84.730,84.760,84.770,2804808,239683731.000,1200,84.760,200,84.750,400,84.720,7300,84.710,22500,84.700,400,84.770,600,84.780,1100,84.800,5770,84.880,1600,84.950,2019-10-23,11:13:58,00,";
var hq_str_sh603259="药明康德,85.600,86.050,84.850,86.390,84.710,84.850,84.880,2825408,241429548.000,1000,84.850,11000,84.800,2000,84.760,500,84.750,100,84.740,120,84.880,800,84.940,1600,84.950,6000,84.960,400,84.980,2019-10-23,11:14:58,00,";
var hq_str_sh603259="药明康德,85.600,86.050,84.800,86.390,84.710,84.800,84.850,2836908,242405856.000,9100,84.800,1900,84.760,200,84.750,6300,84.710,23600,84.700,1200,84.850,200,84.900,1000,84.950,3400,84.960,400,84.980,2019-10-23,11:15:58,00,";
var hq_str_sh603259="药明康德,85.600,86.050,84.870,86.390,84.710,84.870,84.930,2855608,243992097.000,200,84.870,300,84.860,600,84.810,5600,84.800,1900,84.760,100,84.930,1200,84.950,3400,84.960,400,84.980,2900,85.000,2019-10-23,11:16:58,00,";
var hq_str_sh603259="药明康德,85.600,86.050,84.810,86.390,84.710,84.860,84.940,2859108,244289024.000,300,84.860,7100,84.800,300,84.790,2400,84.760,600,84.750,400,84.940,1100,84.950,3400,84.960,400,84.980,2900,85.000,2019-10-23,11:17:58,00,";
var hq_str_sh603259="药明康德,85.600,86.050,84.950,86.390,84.710,84.900,84.950,2864208,244722102.000,9500,84.900,500,84.860,1500,84.810,2500,84.800,600,84.790,8700,84.950,3400,84.960,400,84.980,2900,85.000,100,85.020,2019-10-23,11:19:00,00,";
var hq_str_sh603259="药明康德,85.600,86.050,84.970,86.390,84.710,84.960,84.970,2878708,245953952.000,2100,84.960,1900,84.950,12600,84.900,600,84.860,1800,84.810,600,84.970,100,84.980,800,84.990,2900,85.000,100,85.020,2019-10-23,11:19:58,00,";
var hq_str_sh603259="药明康德,85.600,86.050,85.160,86.390,84.710,85.170,85.220,2908608,248495965.000,100,85.170,3700,85.140,200,84.980,800,84.960,1600,84.950,600,85.220,100,85.250,700,85.300,100,85.330,2700,85.350,2019-10-23,11:20:58,00,";
var hq_str_sh603259="药明康德,85.600,86.050,85.110,86.390,84.710,85.110,85.120,2912808,248853620.000,100,85.110,800,84.960,1500,84.950,400,84.930,12600,84.900,800,85.120,2000,85.190,3000,85.200,1000,85.210,100,85.250,2019-10-23,11:22:00,00,";
var hq_str_sh603259="药明康德,85.600,86.050,85.000,86.390,84.710,84.970,85.000,2915308,249066144.000,100,84.970,900,84.960,1400,84.950,400,84.930,12600,84.900,500,85.000,100,85.130,100,85.150,1200,85.160,1500,85.190,2019-10-23,11:22:58,00,";
var hq_str_sh603259="药明康德,85.600,86.050,84.970,86.390,84.710,84.960,84.990,2918508,249338085.000,900,84.960,1400,84.950,400,84.930,12700,84.900,100,84.890,100,84.990,400,85.000,100,85.150,1200,85.160,1500,85.190,2019-10-23,11:24:00,00,";
var hq_str_sh603259="药明康德,85.600,86.050,84.960,86.390,84.710,84.960,84.970,2920908,249542014.000,400,84.960,1700,84.950,1000,84.930,1000,84.910,12700,84.900,5600,84.970,200,85.000,500,85.120,100,85.150,1200,85.160,2019-10-23,11:24:58,00,";
var hq_str_sh603259="药明康德,85.600,86.050,84.980,86.390,84.710,84.980,85.110,2930108,250323774.000,100,84.980,400,84.970,500,84.960,2100,84.950,300,84.940,700,85.110,1000,85.120,1300,85.150,1200,85.160,1500,85.190,2019-10-23,11:25:58,00,";
var hq_str_sh603259="药明康德,85.600,86.050,84.960,86.390,84.710,84.960,84.990,2932508,250527736.000,200,84.960,1900,84.950,300,84.940,1200,84.930,1000,84.910,100,84.990,1000,85.000,1200,85.090,1600,85.100,100,85.140,2019-10-23,11:27:00,00,";
var hq_str_sh603259="药明康德,85.600,86.050,84.950,86.390,84.710,84.960,85.000,2935108,250748627.000,100,84.960,1400,84.950,600,84.940,1200,84.930,1000,84.910,1000,85.000,1600,85.100,100,85.140,500,85.150,1200,85.160,2019-10-23,11:27:58,00,";
var hq_str_sh603259="药明康德,85.600,86.050,84.930,86.390,84.710,84.930,84.950,2943708,251479229.000,300,84.930,1000,84.910,12800,84.900,100,84.890,100,84.880,2100,84.950,1000,85.000,1600,85.100,100,85.140,500,85.150,2019-10-23,11:28:58,00,";
var hq_str_sh603259="药明康德,85.600,86.050,84.900,86.390,84.710,84.900,85.000,2949248,251949645.000,12160,84.900,100,84.890,400,84.880,700,84.860,300,84.850,1000,85.000,400,85.100,100,85.140,500,85.150,1500,85.190,2019-10-23,11:29:58,00,";
var hq_str_sh603259="药明康德,85.600,86.050,84.900,86.390,84.710,84.900,85.000,2949248,251949645.000,12160,84.900,100,84.890,400,84.880,700,84.860,300,84.850,1000,85.000,400,85.100,100,85.140,500,85.150,1500,85.190,2019-10-23,11:30:00,00,";
var hq_str_sh603259="药明康德,85.600,86.050,84.810,86.390,84.710,84.810,84.830,2973288,253990625.000,1200,84.810,4600,84.800,1100,84.780,800,84.760,900,84.750,4700,84.830,700,84.860,200,84.880,1000,84.900,400,85.100,2019-10-23,13:00:55,00,";
var hq_str_sh603259="药明康德,85.600,86.050,84.790,86.390,84.710,84.780,84.790,2983888,254889553.000,1400,84.780,800,84.760,800,84.750,400,84.720,3600,84.710,3000,84.790,10500,84.800,200,84.880,200,84.990,400,85.100,2019-10-23,13:01:59,00,";
var hq_str_sh603259="药明康德,85.600,86.050,84.760,86.390,84.710,84.750,84.760,2993988,255745758.000,900,84.750,1000,84.740,400,84.720,3600,84.710,3000,84.700,7900,84.760,800,84.770,200,84.990,400,85.100,1300,85.140,2019-10-23,13:02:59,00,";
var hq_str_sh603259="药明康德,85.600,86.050,84.980,86.390,84.700,84.760,84.980,3015588,257576145.000,400,84.760,400,84.720,6300,84.700,700,84.690,7100,84.680,200,84.980,200,84.990,900,85.100,1300,85.140,400,85.150,2019-10-23,13:03:59,00,";
var hq_str_sh603259="药明康德,85.600,86.050,84.850,86.390,84.700,84.860,84.880,3021988,258119059.000,2300,84.860,7700,84.780,500,84.770,1300,84.760,1100,84.750,400,84.880,900,84.900,1000,84.940,200,84.990,900,85.100,2019-10-23,13:04:55,00,";
var hq_str_sh603259="药明康德,85.600,86.050,85.100,86.390,84.700,85.100,85.140,3029488,258756321.000,3100,85.100,300,85.080,1000,84.990,400,84.970,300,84.900,1300,85.140,400,85.150,100,85.160,1500,85.190,300,85.200,2019-10-23,13:05:59,00,";
var hq_str_sh603259="药明康德,85.600,86.050,85.070,86.390,84.700,85.070,85.090,3039888,259641154.000,1700,85.070,300,84.990,600,84.980,300,84.900,100,84.880,500,85.090,2000,85.100,500,85.120,1000,85.130,3100,85.140,2019-10-23,13:06:58,00,";
var hq_str_sh603259="药明康德,85.600,86.050,84.900,86.390,84.700,84.890,84.900,3045688,260134317.000,200,84.890,100,84.880,100,84.870,200,84.810,300,84.800,400,84.900,300,85.000,700,85.060,400,85.080,1000,85.090,2019-10-23,13:07:59,00,";
var hq_str_sh603259="药明康德,85.600,86.050,84.860,86.390,84.700,84.810,84.860,3059088,261271738.000,400,84.810,1900,84.800,7400,84.780,800,84.760,1100,84.750,3800,84.860,700,84.890,700,85.050,100,85.060,1000,85.090,2019-10-23,13:08:59,00,";
var hq_str_sh603259="药明康德,85.600,86.050,85.190,86.390,84.700,85.190,85.200,3076388,262743141.000,2700,85.190,300,85.160,6300,85.140,100,85.130,300,85.100,2800,85.200,1000,85.210,100,85.250,100,85.290,700,85.300,2019-10-23,13:09:59,00,";
var hq_str_sh603259="药明康德,85.600,86.050,85.200,86.390,84.700,85.190,85.250,3086488,263603694.000,100,85.190,100,85.180,5400,85.140,100,84.990,400,84.920,200,85.250,100,85.290,1000,85.300,500,85.340,3700,85.350,2019-10-23,13:10:58,00,";
var hq_str_sh603259="药明康德,85.600,86.050,85.170,86.390,84.700,85.140,85.160,3092588,264123308.000,4100,85.140,300,84.990,500,84.920,2300,84.900,400,84.890,700,85.160,400,85.200,500,85.280,2000,85.290,2500,85.300,2019-10-23,13:11:58,00,";
var hq_str_sh603259="药明康德,85.600,86.050,85.140,86.390,84.700,85.140,85.150,3098588,264634224.000,2000,85.140,300,85.120,10000,85.000,500,84.990,500,84.920,3100,85.150,200,85.170,400,85.180,400,85.200,2500,85.300,2019-10-23,13:12:59,00,";
var hq_str_sh603259="药明康德,85.600,86.050,85.120,86.390,84.700,85.000,85.120,3110488,265646631.000,5200,85.000,500,84.990,500,84.920,200,84.900,400,84.890,4200,85.120,400,85.160,100,85.170,400,85.180,2000,85.290,2019-10-23,13:13:58,00,";
var hq_str_sh603259="药明康德,85.600,86.050,85.200,86.390,84.700,85.020,85.220,3130713,267366577.000,500,85.020,200,85.010,10000,85.000,475,84.990,500,84.920,300,85.220,300,85.230,400,85.250,1000,85.270,500,85.280,2019-10-23,13:14:59,00,";
var hq_str_sh603259="药明康德,85.600,86.050,85.040,86.390,84.700,85.010,85.030,3147313,268778982.000,2800,85.010,10000,85.000,475,84.990,500,84.920,10200,84.900,3800,85.030,500,85.220,1500,85.230,200,85.240,1100,85.250,2019-10-23,13:15:59,00,";
var hq_str_sh603259="药明康德,85.600,86.050,85.000,86.390,84.700,85.010,85.200,3176313,271244637.000,200,85.010,3700,85.000,475,84.990,500,84.920,200,84.900,200,85.200,800,85.220,1500,85.230,200,85.240,1100,85.250,2019-10-23,13:16:59,00,";
var hq_str_sh603259="药明康德,85.600,86.050,84.900,86.390,84.700,84.900,84.920,3197388,273036050.000,2700,84.900,100,84.880,400,84.870,13300,84.860,100,84.830,3125,84.920,2200,85.000,100,85.010,300,85.180,300,85.190,2019-10-23,13:17:59,00,";
var hq_str_sh603259="药明康德,85.600,86.050,85.010,86.390,84.700,85.010,85.150,3215513,274575927.000,300,85.010,100,85.000,300,84.980,1275,84.900,6100,84.880,200,85.150,300,85.180,1300,85.190,100,85.210,400,85.220,2019-10-23,13:18:56,00,";
var hq_str_sh603259="药明康德,85.600,86.050,84.880,86.390,84.700,84.880,85.000,3229913,275798848.000,5075,84.880,2000,84.870,13300,84.860,200,84.850,100,84.830,2400,85.000,100,85.010,200,85.150,300,85.180,1400,85.190,2019-10-23,13:19:58,00,";
var hq_str_sh603259="药明康德,85.600,86.050,85.000,86.390,84.700,84.940,84.990,3246913,277242472.000,700,84.940,1400,84.910,8200,84.900,2975,84.880,2000,84.870,200,84.990,2300,85.000,2700,85.150,300,85.180,1300,85.190,2019-10-23,13:20:56,00,";
var hq_str_sh603259="药明康德,85.600,86.050,85.140,86.390,84.700,85.080,85.140,3257313,278125989.000,100,85.080,100,85.050,400,85.030,10000,84.950,100,84.940,700,85.140,2700,85.150,300,85.180,1300,85.190,300,85.200,2019-10-23,13:21:59,00,";
var hq_str_sh603259="药明康德,85.600,86.050,85.060,86.390,84.700,85.060,85.090,3265313,278806893.000,400,85.060,800,84.970,5000,84.960,10200,84.950,100,84.940,100,85.090,3500,85.100,1200,85.140,2200,85.150,300,85.180,2019-10-23,13:22:59,00,";
var hq_str_sh603259="药明康德,85.600,86.050,85.000,86.390,84.700,85.000,85.030,3272613,279427850.000,2700,85.000,300,84.980,1200,84.970,5300,84.960,10200,84.950,900,85.030,400,85.100,1000,85.110,300,85.140,2200,85.150,2019-10-23,13:23:59,00,";
var hq_str_sh603259="药明康德,85.600,86.050,85.000,86.390,84.700,85.000,85.020,3288513,280779202.000,300,85.000,2500,84.960,10200,84.950,100,84.940,100,84.920,800,85.020,2100,85.030,500,85.100,1000,85.110,2200,85.150,2019-10-23,13:24:59,00,";
var hq_str_sh603259="药明康德,85.600,86.050,85.020,86.390,84.700,85.010,85.030,3303309,282036986.000,1600,85.010,3504,85.000,2200,84.960,10200,84.950,100,84.940,1100,85.030,500,85.100,1000,85.110,2200,85.150,800,85.180,2019-10-23,13:25:56,00,";
var hq_str_sh603259="药明康德,85.600,86.050,85.150,86.390,84.700,85.150,85.180,3313509,282904883.000,400,85.150,200,85.100,2300,85.030,1000,85.010,2804,85.000,800,85.180,2300,85.200,100,85.210,1200,85.220,100,85.250,2019-10-23,13:26:58,00,";
var hq_str_sh603259="药明康德,85.600,86.050,85.050,86.390,84.700,85.060,85.150,3320309,283483526.000,100,85.060,3400,85.050,1000,85.040,1100,85.030,1000,85.010,1000,85.150,300,85.170,800,85.180,600,85.190,2400,85.200,2019-10-23,13:27:59,00,";
var hq_str_sh603259="药明康德,85.600,86.050,85.040,86.390,84.700,85.040,85.050,3329909,284300296.000,400,85.040,1100,85.030,1000,85.010,3404,85.000,900,84.970,3100,85.050,1000,85.060,1100,85.150,800,85.180,600,85.190,2019-10-23,13:28:53,00,";
var hq_str_sh603259="药明康德,85.600,86.050,85.020,86.390,84.700,85.020,85.060,3345809,285652511.000,500,85.020,1100,85.010,3704,85.000,900,84.970,1900,84.960,300,85.060,100,85.140,100,85.150,800,85.180,600,85.190,2019-10-23,13:29:59,00,";
var hq_str_sh603259="药明康德,85.600,86.050,85.070,86.390,84.700,85.060,85.070,3383789,288882821.000,700,85.060,3820,85.050,300,85.040,600,85.030,500,85.020,5400,85.070,200,85.140,400,85.150,800,85.180,600,85.190,2019-10-23,13:30:59,00,";
var hq_str_sh603259="药明康德,85.600,86.050,85.070,86.390,84.700,85.070,85.130,3411689,291255893.000,100,85.070,20,85.050,300,85.040,100,85.020,1100,85.010,500,85.130,200,85.140,100,85.150,800,85.180,600,85.190,2019-10-23,13:31:59,00,";
var hq_str_sh603259="药明康德,85.600,86.050,85.040,86.390,84.700,85.040,85.130,3427789,292624812.000,400,85.040,6804,85.000,900,84.970,1900,84.960,10200,84.950,900,85.130,200,85.140,100,85.150,800,85.180,600,85.190,2019-10-23,13:32:53,00,";
var hq_str_sh603259="药明康德,85.600,86.050,85.140,86.390,84.700,85.140,85.150,3438669,293550087.000,300,85.140,1000,85.040,600,85.020,4604,85.000,900,84.970,100,85.150,800,85.180,600,85.190,2400,85.200,100,85.210,2019-10-23,13:33:59,00,";
var hq_str_sh603259="药明康德,85.600,86.050,85.080,86.390,84.700,85.040,85.090,3445169,294103167.000,1100,85.040,300,85.020,300,85.010,14504,85.000,900,84.970,100,85.090,100,85.120,105,85.140,100,85.170,800,85.180,2019-10-23,13:34:59,00,";
var hq_str_sh603259="药明康德,85.600,86.050,85.160,86.390,84.700,85.140,85.170,3458474,295236136.000,4795,85.140,300,85.120,200,85.090,200,85.050,1200,85.040,300,85.170,100,85.180,500,85.190,3280,85.200,100,85.210,2019-10-23,13:35:56,00,";
var hq_str_sh603259="药明康德,85.600,86.050,85.090,86.390,84.700,85.090,85.160,3483369,297355073.000,2200,85.090,300,85.070,200,85.050,1000,85.040,400,85.010,200,85.160,500,85.190,3280,85.200,100,85.210,1200,85.220,2019-10-23,13:36:59,00,";
var hq_str_sh603259="药明康德,85.600,86.050,85.190,86.390,84.700,85.190,85.200,3490469,297959843.000,100,85.190,100,85.170,600,85.100,1800,85.090,800,85.070,8380,85.200,100,85.210,1200,85.220,200,85.250,1800,85.280,2019-10-23,13:37:59,00,";
var hq_str_sh603259="药明康德,85.600,86.050,85.080,86.390,84.700,85.050,85.080,3500469,298810691.000,200,85.050,900,85.040,3400,85.010,14804,85.000,2000,84.960,100,85.080,4000,85.100,1100,85.190,3480,85.200,100,85.210,2019-10-23,13:38:59,00,";
var hq_str_sh603259="药明康德,85.600,86.050,85.060,86.390,84.700,85.060,85.100,3506669,299338013.000,2700,85.060,800,85.050,900,85.040,600,85.030,3400,85.010,4000,85.100,1100,85.190,3480,85.200,100,85.210,1200,85.220,2019-10-23,13:39:56,00,";
var hq_str_sh603259="药明康德,85.600,86.050,85.010,86.390,84.700,85.000,85.010,3532669,301548424.000,3504,85.000,2000,84.960,12500,84.950,100,84.940,100,84.920,9500,85.010,1200,85.020,6500,85.030,100,85.080,1100,85.190,2019-10-23,13:40:56,00,";
var hq_str_sh603259="药明康德,85.600,86.050,84.920,86.390,84.700,84.910,84.920,3566269,304402298.000,300,84.910,11100,84.900,2675,84.880,1100,84.870,13500,84.860,100,84.920,100,85.010,1200,85.020,100,85.080,1100,85.190,2019-10-23,13:41:59,00,";
var hq_str_sh603259="药明康德,85.600,86.050,85.020,86.390,84.700,85.020,85.150,3582169,305752463.000,1000,85.020,200,84.910,11000,84.900,1000,84.890,3275,84.880,1100,85.150,100,85.180,1100,85.190,3380,85.200,100,85.210,2019-10-23,13:42:59,00,";
var hq_str_sh603259="药明康德,85.600,86.050,84.860,86.390,84.700,84.860,84.870,3619944,308959745.000,7700,84.860,500,84.850,1600,84.830,1900,84.810,13000,84.800,4825,84.870,100,84.890,6000,84.900,100,85.020,500,85.140,2019-10-23,13:43:56,00,";
var hq_str_sh603259="药明康德,85.600,86.050,84.810,86.390,84.700,84.800,84.810,3650244,311530017.000,5000,84.800,100,84.790,11500,84.780,200,84.760,1300,84.750,2200,84.810,1300,84.860,100,84.890,6000,84.900,100,85.000,2019-10-23,13:44:59,00,";
var hq_str_sh603259="药明康德,85.600,86.050,84.860,86.390,84.700,84.800,84.890,3687928,314725729.000,7416,84.800,11800,84.780,100,84.770,200,84.760,1300,84.750,100,84.890,6000,84.900,200,85.000,500,85.050,500,85.100,2019-10-23,13:45:59,00,";
var hq_str_sh603259="药明康德,85.600,86.050,84.960,86.390,84.700,84.950,84.990,3696323,315438457.000,600,84.950,100,84.940,600,84.930,800,84.900,3700,84.890,200,84.990,300,85.000,500,85.050,500,85.100,400,85.140,2019-10-23,13:46:56,00,";
var hq_str_sh603259="药明康德,85.600,86.050,84.970,86.390,84.700,84.970,84.980,3701723,315897302.000,200,84.970,400,84.960,4900,84.950,900,84.930,500,84.900,3700,84.980,200,84.990,1100,85.000,500,85.050,200,85.090,2019-10-23,13:47:56,00,";
var hq_str_sh603259="药明康德,85.600,86.050,84.960,86.390,84.700,84.950,84.960,3706623,316313639.000,5400,84.950,100,84.940,1200,84.930,400,84.900,600,84.890,800,84.960,400,84.970,3400,84.980,200,84.990,2880,85.000,2019-10-23,13:48:56,00,";
var hq_str_sh603259="药明康德,85.600,86.050,84.970,86.390,84.700,84.970,84.980,3712373,316802227.000,250,84.970,3100,84.960,4600,84.950,100,84.940,400,84.900,1400,84.980,300,84.990,2880,85.000,500,85.050,200,85.090,2019-10-23,13:49:59,00,";
var hq_str_sh603259="药明康德,85.600,86.050,85.070,86.390,84.700,85.010,85.060,3720753,317514639.000,100,85.010,5200,85.000,1100,84.990,2200,84.980,450,84.970,100,85.060,200,85.090,500,85.100,400,85.140,200,85.180,2019-10-23,13:50:59,00,";
var hq_str_sh603259="药明康德,85.600,86.050,85.100,86.390,84.700,85.090,85.100,3731853,318459386.000,2400,85.090,100,85.070,300,85.010,5900,85.000,100,84.990,700,85.100,200,85.180,1200,85.190,3580,85.200,100,85.210,2019-10-23,13:51:59,00,";
var hq_str_sh603259="药明康德,85.600,86.050,85.180,86.390,84.700,85.060,85.180,3745353,319608278.000,200,85.060,200,85.010,5900,85.000,100,84.990,1000,84.980,2800,85.180,4400,85.190,4380,85.200,2100,85.210,1200,85.220,2019-10-23,13:52:56,00,";
var hq_str_sh603259="药明康德,85.600,86.050,84.950,86.390,84.700,84.950,85.000,3768553,321580877.000,1550,84.950,500,84.930,300,84.900,400,84.890,100,84.860,3000,85.000,100,85.050,100,85.150,1200,85.170,2200,85.180,2019-10-23,13:53:59,00,";
var hq_str_sh603259="药明康德,85.600,86.050,84.860,86.390,84.700,84.850,84.860,3781203,322655317.000,1500,84.850,2100,84.810,11900,84.800,13000,84.780,3200,84.760,7000,84.860,14050,84.900,200,84.980,740,85.050,200,85.120,2019-10-23,13:54:59,00,";
var hq_str_sh603259="药明康德,85.600,86.050,85.100,86.390,84.700,84.860,85.100,3822393,326152730.000,900,84.860,1250,84.850,2400,84.810,12100,84.800,12800,84.780,100,85.100,900,85.150,400,85.160,1200,85.170,2200,85.180,2019-10-23,13:55:59,00,";
var hq_str_sh603259="药明康德,85.600,86.050,84.890,86.390,84.700,84.890,84.950,3826693,326518116.000,100,84.890,100,84.870,1300,84.860,1250,84.850,300,84.840,2000,84.950,700,84.980,400,85.000,500,85.100,100,85.140,2019-10-23,13:56:59,00,";
var hq_str_sh603259="药明康德,85.600,86.050,84.820,86.390,84.700,84.810,84.820,3844143,327998771.000,2300,84.810,13000,84.800,12700,84.780,3200,84.760,1400,84.750,7400,84.820,4150,84.850,700,84.860,1600,84.890,500,85.000,2019-10-23,13:57:56,00,";
var hq_str_sh603259="药明康德,85.600,86.050,84.750,86.390,84.700,84.730,84.750,3893714,332201694.000,700,84.730,500,84.720,3800,84.710,22600,84.700,400,84.690,9600,84.750,100,84.760,200,84.790,2000,84.800,600,84.860,2019-10-23,13:58:59,00,";
var hq_str_sh603259="药明康德,85.600,86.050,84.740,86.390,84.700,84.720,84.740,3947914,336793655.000,800,84.720,3500,84.710,4000,84.700,700,84.690,3200,84.680,1900,84.740,400,84.950,500,85.000,2600,85.080,1200,85.090,2019-10-23,13:59:59,00,";
var hq_str_sh603259="药明康德,85.600,86.050,84.710,86.390,84.700,84.720,84.950,3973114,338928517.000,700,84.720,400,84.710,1700,84.700,1100,84.690,4000,84.680,900,84.950,2200,84.970,1100,84.990,14000,85.000,300,85.070,2019-10-23,14:00:59,00,";
var hq_str_sh603259="药明康德,85.600,86.050,84.930,86.390,84.700,84.760,84.920,3981014,339599257.000,100,84.760,300,84.740,100,84.730,2200,84.720,5400,84.710,100,84.920,300,84.950,400,84.960,2000,84.970,100,84.980,2019-10-23,14:01:59,00,";
var hq_str_sh603259="药明康德,85.600,86.050,84.760,86.390,84.700,84.770,84.890,3990734,340423892.000,300,84.770,3680,84.760,300,84.750,500,84.740,1000,84.730,1000,84.890,19900,84.900,3100,84.910,8600,84.920,200,84.950,2019-10-23,14:02:59,00,";
var hq_str_sh603259="药明康德,85.600,86.050,84.770,86.390,84.700,84.770,84.890,4006334,341747076.000,800,84.770,980,84.760,300,84.750,500,84.740,1000,84.730,300,84.890,18700,84.900,8500,84.920,200,84.950,100,84.980,2019-10-23,14:03:59,00,";
var hq_str_sh603259="药明康德,85.600,86.050,84.860,86.390,84.680,84.760,84.800,4027334,343527323.000,500,84.760,9100,84.750,200,84.740,300,84.720,3980,84.680,300,84.800,300,84.890,18700,84.900,8500,84.920,100,84.980,2019-10-23,14:04:59,00,";
var hq_str_sh603259="药明康德,85.600,86.050,84.900,86.390,84.680,84.890,84.900,4042734,344834698.000,600,84.890,700,84.870,1100,84.800,100,84.790,1700,84.770,6500,84.900,8500,84.920,100,84.980,100,84.990,11700,85.000,2019-10-23,14:05:59,00,";
var hq_str_sh603259="药明康德,85.600,86.050,84.910,86.390,84.680,84.900,85.100,4066134,346821880.000,4800,84.900,900,84.890,300,84.870,2200,84.800,100,84.790,1200,85.100,900,85.150,100,85.170,1600,85.180,1200,85.190,2019-10-23,14:06:59,00,";
var hq_str_sh603259="药明康德,85.600,86.050,84.920,86.390,84.680,84.920,85.000,4069934,347144544.000,1000,84.920,1200,84.910,4800,84.900,100,84.890,600,84.880,200,85.000,200,85.090,1200,85.100,900,85.150,2000,85.160,2019-10-23,14:07:56,00,";
var hq_str_sh603259="药明康德,85.600,86.050,84.910,86.390,84.680,84.910,84.920,4078334,347858085.000,1000,84.910,5900,84.900,100,84.890,600,84.880,700,84.800,2000,84.920,1200,85.000,100,85.050,200,85.080,500,85.090,2019-10-23,14:08:59,00,";
var hq_str_sh603259="药明康德,85.600,86.050,85.010,86.390,84.680,84.950,85.010,4089334,348793026.000,1300,84.950,500,84.920,300,84.910,6000,84.900,100,84.890,300,85.010,1700,85.050,500,85.090,2400,85.100,900,85.150,2019-10-23,14:09:59,00,";
var hq_str_sh603259="药明康德,85.600,86.050,84.960,86.390,84.680,84.950,84.960,4100834,349770947.000,1200,84.950,1000,84.930,300,84.920,1200,84.910,5900,84.900,300,84.960,500,85.000,300,85.050,1100,85.080,500,85.090,2019-10-23,14:10:59,00,";
var hq_str_sh603259="药明康德,85.600,86.050,84.960,86.390,84.680,84.950,84.960,4109234,350485149.000,200,84.950,800,84.930,300,84.920,1200,84.910,5900,84.900,1000,84.960,100,85.020,200,85.030,2000,85.080,900,85.090,2019-10-23,14:11:59,00,";
var hq_str_sh603259="药明康德,85.600,86.050,84.920,86.390,84.680,84.910,84.920,4119834,351385558.000,1300,84.910,2400,84.900,800,84.890,700,84.800,100,84.790,1900,84.920,100,85.020,200,85.030,2000,85.080,900,85.090,2019-10-23,14:12:59,00,";
var hq_str_sh603259="药明康德,85.600,86.050,85.000,86.390,84.680,84.920,85.000,4126034,351912323.000,7600,84.920,1600,84.910,3000,84.900,800,84.890,800,84.800,17000,85.000,400,85.020,2000,85.080,900,85.090,1900,85.100,2019-10-23,14:13:59,00,";
var hq_str_sh603259="药明康德,85.600,86.050,84.750,86.390,84.680,84.750,84.890,4150934,354025928.000,1800,84.750,100,84.740,200,84.720,1500,84.700,4680,84.680,100,84.890,200,84.900,200,84.910,100,84.920,700,84.970,2019-10-23,14:14:59,00,";
var hq_str_sh603259="药明康德,85.600,86.050,84.900,86.390,84.680,84.800,84.910,4155134,354382281.000,5500,84.800,800,84.780,900,84.750,100,84.740,200,84.720,200,84.910,240,84.920,1000,84.990,17600,85.000,1000,85.010,2019-10-23,14:15:59,00,";
var hq_str_sh603259="药明康德,85.600,86.050,84.790,86.390,84.680,84.780,84.790,4165234,355239093.000,1500,84.780,800,84.750,600,84.720,2600,84.700,4680,84.680,320,84.790,1900,84.820,500,84.830,200,84.850,100,84.890,2019-10-23,14:16:59,00,";
var hq_str_sh603259="药明康德,85.600,86.050,84.850,86.390,84.680,84.810,84.850,4181254,356597569.000,100,84.810,1700,84.800,600,84.780,100,84.770,900,84.760,100,84.850,100,84.890,140,84.920,200,84.950,17600,85.000,2019-10-23,14:17:59,00,";
var hq_str_sh603259="药明康德,85.600,86.050,84.730,86.390,84.680,84.720,84.730,4195954,357844329.000,600,84.720,1100,84.710,2200,84.700,4680,84.680,200,84.670,100,84.730,3100,84.750,25800,84.890,240,84.920,200,84.950,2019-10-23,14:18:59,00,";
var hq_str_sh603259="药明康德,85.600,86.050,84.660,86.390,84.660,84.670,84.720,4215334,359485721.000,3200,84.670,1200,84.660,800,84.650,500,84.620,5100,84.610,500,84.720,300,84.730,400,84.880,25800,84.890,40,84.920,2019-10-23,14:19:59,00,";
var hq_str_sh603259="药明康德,85.600,86.050,84.650,86.390,84.580,84.620,84.650,4257934,363091381.000,600,84.620,100,84.600,1000,84.590,41900,84.580,800,84.560,11200,84.650,6920,84.660,700,84.670,2100,84.720,300,84.730,2019-10-23,14:20:59,00,";
var hq_str_sh603259="药明康德,85.600,86.050,84.650,86.390,84.580,84.650,84.660,4287634,365604820.000,2200,84.650,1200,84.640,400,84.620,500,84.600,13100,84.590,2800,84.660,500,84.670,2100,84.720,200,84.880,25800,84.890,2019-10-23,14:21:59,00,";
var hq_str_sh603259="药明康德,85.600,86.050,84.580,86.390,84.580,84.580,84.640,4336234,369716204.000,18200,84.580,300,84.570,900,84.560,1100,84.550,200,84.530,1620,84.640,200,84.650,2100,84.660,2100,84.720,200,84.880,2019-10-23,14:22:59,00,";
var hq_str_sh603259="药明康德,85.600,86.050,84.490,86.390,84.480,84.480,84.490,4398834,375008194.000,1700,84.480,300,84.470,500,84.460,500,84.450,400,84.440,1700,84.490,5400,84.500,900,84.510,1200,84.530,2100,84.550,2019-10-23,14:23:59,00,";
var hq_str_sh603259="药明康德,85.600,86.050,84.330,86.390,84.300,84.320,84.330,4423434,377084132.000,700,84.320,100,84.310,2400,84.300,500,84.280,100,84.230,4800,84.330,200,84.340,4600,84.370,1300,84.380,500,84.390,2019-10-23,14:24:59,00,";
var hq_str_sh603259="药明康德,85.600,86.050,84.200,86.390,84.200,84.190,84.200,4459834,380150744.000,600,84.190,400,84.180,3100,84.170,200,84.160,400,84.150,5600,84.200,700,84.210,100,84.220,2840,84.230,200,84.260,2019-10-23,14:25:56,00,";
var hq_str_sh603259="药明康德,85.600,86.050,84.250,86.390,84.180,84.250,84.300,4494374,383060145.000,100,84.250,100,84.240,900,84.230,4060,84.210,3000,84.200,5100,84.300,6600,84.310,100,84.370,500,84.380,200,84.400,2019-10-23,14:26:59,00,";
var hq_str_sh603259="药明康德,85.600,86.050,84.280,86.390,84.180,84.280,84.290,4524494,385599260.000,780,84.280,300,84.270,300,84.260,1200,84.250,100,84.240,1600,84.290,2700,84.300,100,84.370,500,84.380,200,84.400,2019-10-23,14:27:59,00,";
var hq_str_sh603259="药明康德,85.600,86.050,84.460,86.390,84.180,84.430,84.460,4542394,387108477.000,300,84.430,400,84.410,21200,84.400,300,84.390,1200,84.380,400,84.460,900,84.480,500,84.490,200,84.500,2000,84.510,2019-10-23,14:28:59,00,";
var hq_str_sh603259="药明康德,85.600,86.050,84.470,86.390,84.180,84.470,84.510,4558294,388452137.000,1000,84.470,2400,84.460,100,84.430,200,84.410,20800,84.400,4040,84.510,10000,84.550,28300,84.560,1800,84.600,14000,84.650,2019-10-23,14:29:59,00,";
var hq_str_sh603259="药明康德,85.600,86.050,84.300,86.390,84.180,84.300,84.310,4608794,392713935.000,2800,84.300,100,84.290,500,84.280,1700,84.250,100,84.230,3200,84.310,240,84.380,3800,84.400,11600,84.410,600,84.430,2019-10-23,14:30:59,00,";
var hq_str_sh603259="药明康德,85.600,86.050,84.500,86.390,84.180,84.510,84.550,4657134,396792657.000,300,84.510,700,84.460,400,84.420,1000,84.390,100,84.380,6900,84.550,28300,84.560,1800,84.600,14000,84.650,1900,84.660,2019-10-23,14:31:59,00,";
var hq_str_sh603259="药明康德,85.600,86.050,84.560,86.390,84.180,84.470,84.560,4686134,399243276.000,400,84.470,100,84.400,200,84.390,100,84.380,200,84.350,19800,84.560,1800,84.600,14000,84.650,1900,84.660,100,84.710,2019-10-23,14:32:59,00,";
var hq_str_sh603259="药明康德,85.600,86.050,84.530,86.390,84.180,84.520,84.550,4707634,401059274.000,1700,84.520,300,84.510,1700,84.500,100,84.490,1900,84.480,400,84.550,15600,84.560,1800,84.600,14000,84.650,1900,84.660,2019-10-23,14:33:59,00,";
var hq_str_sh603259="药明康德,85.600,86.050,84.570,86.390,84.180,84.560,84.570,4780634,407235748.000,100,84.560,200,84.550,300,84.540,100,84.490,400,84.480,1200,84.570,1100,84.620,500,84.780,1600,84.870,2100,84.880,2019-10-23,14:34:59,00,";
var hq_str_sh603259="药明康德,85.600,86.050,84.670,86.390,84.180,84.650,84.670,4813434,410010543.000,3700,84.650,500,84.620,100,84.580,200,84.560,600,84.550,200,84.670,800,84.770,1500,84.800,1200,84.860,1200,84.870,2019-10-23,14:35:56,00,";
var hq_str_sh603259="药明康德,85.600,86.050,84.600,86.390,84.180,84.570,84.600,4832434,411618623.000,100,84.570,300,84.550,300,84.500,100,84.490,400,84.480,13300,84.600,600,84.640,300,84.650,200,84.760,2500,84.800,2019-10-23,14:36:59,00,";
var hq_str_sh603259="药明康德,85.600,86.050,84.580,86.390,84.180,84.570,84.580,4859734,413928429.000,800,84.570,200,84.520,1000,84.500,100,84.490,400,84.480,462,84.580,600,84.650,200,84.740,200,84.750,200,84.760,2019-10-23,14:37:59,00,";
var hq_str_sh603259="药明康德,85.600,86.050,84.660,86.390,84.180,84.570,84.640,4870196,414813279.000,200,84.570,100,84.540,400,84.530,1500,84.500,100,84.490,500,84.640,400,84.660,2000,84.680,700,84.700,600,84.730,2019-10-23,14:38:59,00,";
var hq_str_sh603259="药明康德,85.600,86.050,84.650,86.390,84.180,84.650,84.670,4876696,415363430.000,300,84.650,800,84.610,500,84.570,2400,84.500,100,84.490,500,84.670,1100,84.680,4000,84.700,600,84.730,200,84.750,2019-10-23,14:39:59,00,";
var hq_str_sh603259="药明康德,85.600,86.050,84.430,86.390,84.180,84.400,84.440,4895396,416944342.000,2900,84.400,10200,84.390,100,84.380,200,84.350,100,84.310,500,84.440,200,84.450,500,84.480,200,84.490,6200,84.500,2019-10-23,14:40:59,00,";
var hq_str_sh603259="药明康德,85.600,86.050,84.350,86.390,84.180,84.330,84.350,4920136,419031819.000,600,84.330,300,84.310,900,84.300,2300,84.280,600,84.270,800,84.350,2000,84.380,4900,84.400,200,84.450,1100,84.480,2019-10-23,14:41:59,00,";
var hq_str_sh603259="药明康德,85.600,86.050,84.480,86.390,84.180,84.420,84.480,4945436,421167481.000,100,84.420,100,84.410,700,84.330,2200,84.300,600,84.290,100,84.480,300,84.600,1500,84.610,300,84.650,300,84.670,2019-10-23,14:42:56,00,";
var hq_str_sh603259="药明康德,85.600,86.050,84.340,86.390,84.180,84.340,84.530,5008236,426474532.000,3000,84.340,300,84.330,900,84.320,100,84.310,1200,84.300,6700,84.530,300,84.570,2800,84.580,1700,84.590,20500,84.600,2019-10-23,14:43:59,00,";
var hq_str_sh603259="药明康德,85.600,86.050,84.350,86.390,84.180,84.350,84.570,5048336,429856739.000,3000,84.350,2200,84.300,200,84.290,4300,84.280,600,84.270,500,84.570,600,84.580,2900,84.590,20400,84.600,800,84.610,2019-10-23,14:44:59,00,";
var hq_str_sh603259="药明康德,85.600,86.050,84.330,86.390,84.180,84.330,84.470,5068636,431569917.000,1600,84.330,600,84.320,400,84.310,5500,84.300,3200,84.290,100,84.470,100,84.490,500,84.500,10200,84.520,1100,84.580,2019-10-23,14:45:59,00,";
var hq_str_sh603259="药明康德,85.600,86.050,84.400,86.390,84.180,84.340,84.400,5083736,432844082.000,700,84.340,600,84.310,5600,84.300,3200,84.290,4300,84.280,800,84.400,100,84.480,400,84.490,500,84.500,1000,84.510,2019-10-23,14:46:56,00,";
var hq_str_sh603259="药明康德,85.600,86.050,84.320,86.390,84.180,84.350,84.440,5114636,435454183.000,200,84.350,900,84.320,200,84.310,5700,84.300,3500,84.290,900,84.440,200,84.470,100,84.490,1000,84.500,9800,84.520,2019-10-23,14:47:59,00,";
var hq_str_sh603259="药明康德,85.600,86.050,84.500,86.390,84.180,84.500,84.510,5172336,440322336.000,29500,84.500,600,84.490,1600,84.470,3000,84.350,200,84.320,400,84.510,1200,84.520,100,84.530,600,84.580,1700,84.590,2019-10-23,14:48:56,00,";
var hq_str_sh603259="药明康德,85.600,86.050,84.570,86.390,84.180,84.500,84.570,5215076,443934112.000,4360,84.500,600,84.490,900,84.480,600,84.470,100,84.400,700,84.570,900,84.580,1500,84.590,4300,84.600,300,84.610,2019-10-23,14:49:56,00,";
var hq_str_sh603259="药明康德,85.600,86.050,84.360,86.390,84.180,84.360,84.460,5235216,445636021.000,320,84.360,3000,84.350,800,84.330,200,84.320,400,84.300,300,84.460,500,84.470,100,84.490,2984,84.500,200,84.510,2019-10-23,14:50:59,00,";
var hq_str_sh603259="药明康德,85.600,86.050,84.500,86.390,84.180,84.430,84.500,5250016,446885433.000,600,84.430,300,84.380,200,84.370,1900,84.360,2220,84.350,84,84.500,200,84.510,100,84.560,900,84.570,500,84.580,2019-10-23,14:51:59,00,";
var hq_str_sh603259="药明康德,85.600,86.050,84.600,86.390,84.180,84.500,84.600,5278916,449327362.000,1300,84.500,700,84.490,1500,84.480,700,84.470,16700,84.460,500,84.600,284,84.650,100,84.670,200,84.680,500,84.700,2019-10-23,14:52:59,00,";
var hq_str_sh603259="药明康德,85.600,86.050,84.640,86.390,84.180,84.640,84.650,5311716,452100020.000,200,84.640,300,84.600,300,84.590,100,84.520,200,84.480,684,84.650,1400,84.680,2200,84.690,600,84.700,300,84.750,2019-10-23,14:53:59,00,";
var hq_str_sh603259="药明康德,85.600,86.050,84.590,86.390,84.180,84.500,84.590,5346516,455044065.000,300,84.500,900,84.480,1300,84.470,200,84.460,100,84.450,900,84.590,18700,84.600,25000,84.620,1600,84.650,384,84.680,2019-10-23,14:54:59,00,";
var hq_str_sh603259="药明康德,85.600,86.050,84.430,86.390,84.180,84.440,84.450,5378916,457782614.000,100,84.440,1200,84.430,200,84.420,1400,84.400,200,84.390,1300,84.450,900,84.470,200,84.570,1000,84.580,700,84.590,2019-10-23,14:55:56,00,";
var hq_str_sh603259="药明康德,85.600,86.050,84.400,86.390,84.180,84.390,84.400,5390161,458731777.000,200,84.390,11700,84.380,1700,84.370,3955,84.360,1820,84.350,2800,84.400,3500,84.420,1100,84.430,200,84.440,300,84.450,2019-10-23,14:56:59,00,";
var hq_str_sh603259="药明康德,85.600,86.050,84.400,86.390,84.180,84.400,84.400,5390161,458731777.000,14000,84.400,0,0.000,0,0.000,0,0.000,0,0.000,14000,84.400,4700,0.000,0,0.000,0,0.000,0,0.000,2019-10-23,14:57:53,00,";
var hq_str_sh603259="药明康德,85.600,86.050,84.400,86.390,84.180,84.380,84.380,5390161,458731777.000,19720,84.380,11580,0.000,0,0.000,0,0.000,0,0.000,19720,84.380,0,0.000,0,0.000,0,0.000,0,0.000,2019-10-23,14:58:55,00,";
