var hq_str_sh603259="药明康德,77.100,77.200,77.100,77.100,77.100,77.070,77.100,50300,3878130.000,200,77.070,1000,77.050,1900,77.010,5300,77.000,200,76.990,600,77.100,200,77.170,5100,77.200,200,77.360,1000,77.370,2019-02-11,09:29:49,00";
var hq_str_sh603259="药明康德,77.100,77.200,76.800,77.100,76.100,76.780,76.790,100600,7746658.000,1200,76.780,100,76.770,400,76.750,100,76.670,100,76.660,400,76.790,100,76.880,400,76.900,1600,77.000,100,77.030,2019-02-11,09:30:58,00";
var hq_str_sh603259="药明康德,77.100,77.200,76.900,77.100,76.100,76.950,77.000,122900,9461939.000,1000,76.950,600,76.900,100,76.880,500,76.860,300,76.850,3100,77.000,200,77.030,500,77.040,500,77.050,300,77.060,2019-02-11,09:31:58,00";
var hq_str_sh603259="药明康德,77.100,77.200,76.950,77.100,76.100,76.950,77.000,137000,10547357.000,1900,76.950,100,76.940,400,76.920,1300,76.910,800,76.900,3500,77.000,3600,77.020,100,77.030,500,77.040,200,77.060,2019-02-11,09:32:58,00";
var hq_str_sh603259="药明康德,77.100,77.200,77.060,77.100,76.100,77.040,77.060,163600,12595288.000,2200,77.040,2400,77.030,7500,77.020,2000,77.010,13000,77.000,600,77.060,5900,77.070,3000,77.100,200,77.150,700,77.160,2019-02-11,09:33:58,00";
var hq_str_sh603259="药明康德,77.100,77.200,77.040,77.100,76.100,77.030,77.040,179300,13805104.000,2400,77.030,5200,77.020,600,77.010,800,77.000,100,76.980,1000,77.040,400,77.060,1700,77.070,2900,77.100,700,77.160,2019-02-11,09:34:58,00";
var hq_str_sh603259="药明康德,77.100,77.200,77.150,77.150,76.100,77.100,77.150,200100,15407531.000,600,77.100,200,77.050,500,77.040,2500,77.030,200,77.020,900,77.150,700,77.160,200,77.170,500,77.190,700,77.200,2019-02-11,09:35:58,00";
var hq_str_sh603259="药明康德,77.100,77.200,77.630,77.770,76.100,77.630,77.770,217600,16761270.000,2200,77.630,200,77.600,300,77.580,500,77.540,400,77.520,600,77.770,1300,77.800,500,77.830,100,77.870,200,77.890,2019-02-11,09:36:58,00";
var hq_str_sh603259="药明康德,77.100,77.200,77.640,77.820,76.100,77.640,77.700,239400,18455321.000,1600,77.640,100,77.620,200,77.610,1200,77.600,600,77.580,800,77.700,1800,77.740,2900,77.750,500,77.760,1500,77.770,2019-02-11,09:37:58,00";
var hq_str_sh603259="药明康德,77.100,77.200,77.660,77.820,76.100,77.650,77.670,281000,21685080.000,100,77.650,7500,77.640,1200,77.600,100,77.580,1000,77.550,900,77.670,4400,77.680,700,77.690,500,77.700,100,77.720,2019-02-11,09:38:58,00";
var hq_str_sh603259="药明康德,77.100,77.200,77.750,77.820,76.100,77.750,77.770,314500,24288220.000,1600,77.750,500,77.740,2600,77.720,900,77.710,6700,77.700,1100,77.770,800,77.780,3200,77.790,3200,77.800,200,77.820,2019-02-11,09:39:58,00";
var hq_str_sh603259="药明康德,77.100,77.200,77.790,77.820,76.100,77.780,77.790,345800,26722416.000,1600,77.780,1600,77.750,1700,77.740,2500,77.720,2400,77.710,1400,77.790,3300,77.800,200,77.820,300,77.830,500,77.860,2019-02-11,09:40:58,00";
var hq_str_sh603259="药明康德,77.100,77.200,77.860,77.880,76.100,77.850,77.870,375800,29056975.000,100,77.850,600,77.840,900,77.830,1400,77.810,3300,77.800,100,77.870,3600,77.880,700,77.890,1300,77.900,100,77.910,2019-02-11,09:41:58,00";
var hq_str_sh603259="药明康德,77.100,77.200,77.800,77.880,76.100,77.800,77.810,409400,31670802.000,400,77.800,200,77.760,900,77.750,900,77.740,2400,77.710,800,77.810,1600,77.830,100,77.840,4800,77.850,3500,77.860,2019-02-11,09:42:58,00";
var hq_str_sh603259="药明康德,77.100,77.200,77.690,77.880,76.100,77.660,77.680,435500,33699054.000,100,77.660,1100,77.650,100,77.580,300,77.550,500,77.500,800,77.680,2057,77.690,4200,77.700,2100,77.710,700,77.720,2019-02-11,09:43:58,00";
var hq_str_sh603259="药明康德,77.100,77.200,77.600,77.880,76.100,77.600,77.610,458300,35469004.000,1400,77.600,100,77.550,500,77.500,900,77.330,2600,77.300,1700,77.610,300,77.620,1500,77.630,1600,77.640,100,77.650,2019-02-11,09:44:58,00";
var hq_str_sh603259="药明康德,77.100,77.200,77.410,77.880,76.100,77.410,77.480,471200,36468114.000,1700,77.410,1900,77.400,100,77.380,300,77.360,300,77.350,1900,77.480,500,77.490,3100,77.500,100,77.510,100,77.540,2019-02-11,09:45:58,00";
var hq_str_sh603259="药明康德,77.100,77.200,77.500,77.880,76.100,77.400,77.500,485600,37583019.000,6900,77.400,100,77.360,200,77.350,200,77.340,1200,77.330,1100,77.500,100,77.510,100,77.540,1400,77.550,100,77.580,2019-02-11,09:46:58,00";
var hq_str_sh603259="药明康德,77.100,77.200,77.690,77.880,76.100,77.650,77.690,503700,38986858.000,500,77.650,1600,77.500,100,77.490,2600,77.480,800,77.410,1600,77.690,2800,77.700,600,77.710,300,77.720,100,77.760,2019-02-11,09:47:58,00";
var hq_str_sh603259="药明康德,77.100,77.200,77.500,77.880,76.100,77.500,77.510,508200,39335807.000,5700,77.500,2600,77.480,800,77.410,6500,77.400,300,77.350,500,77.510,200,77.530,2500,77.620,2100,77.630,1700,77.640,2019-02-11,09:48:58,00";
var hq_str_sh603259="药明康德,77.100,77.200,77.560,77.880,76.100,77.510,77.540,518400,40126716.000,2100,77.510,2000,77.500,2600,77.480,500,77.460,1000,77.410,700,77.540,500,77.590,900,77.600,1100,77.610,100,77.620,2019-02-11,09:49:58,00";
var hq_str_sh603259="药明康德,77.100,77.200,77.550,77.880,76.100,77.550,77.590,523600,40529961.000,4400,77.550,1700,77.530,2100,77.520,1700,77.510,2000,77.500,800,77.590,2400,77.600,800,77.610,100,77.620,1000,77.630,2019-02-11,09:50:58,00";
var hq_str_sh603259="药明康德,77.100,77.200,77.570,77.880,76.100,77.570,77.590,532600,41228208.000,1100,77.570,1700,77.560,3700,77.550,600,77.540,2200,77.530,5000,77.590,1400,77.600,800,77.610,100,77.620,1000,77.630,2019-02-11,09:51:58,00";
var hq_str_sh603259="药明康德,77.100,77.200,77.600,77.880,76.100,77.600,77.610,555900,43035663.000,1600,77.600,600,77.590,1800,77.560,700,77.540,2200,77.530,800,77.610,100,77.620,1000,77.630,300,77.640,1300,77.650,2019-02-11,09:52:58,00";
var hq_str_sh603259="药明康德,77.100,77.200,77.580,77.880,76.100,77.580,77.590,562100,43516720.000,400,77.580,2700,77.570,1300,77.560,700,77.540,2200,77.530,500,77.590,10800,77.600,700,77.610,100,77.620,1000,77.630,2019-02-11,09:54:01,00";
var hq_str_sh603259="药明康德,77.100,77.200,77.590,77.880,76.100,77.580,77.590,578600,44796948.000,200,77.580,100,77.570,600,77.560,900,77.540,2200,77.530,700,77.590,4000,77.600,700,77.610,200,77.620,1000,77.630,2019-02-11,09:54:58,00";
var hq_str_sh603259="药明康德,77.100,77.200,77.590,77.880,76.100,77.540,77.590,584200,45231427.000,1400,77.540,1700,77.530,2100,77.520,100,77.510,2000,77.500,300,77.590,3000,77.600,700,77.610,200,77.620,1000,77.630,2019-02-11,09:55:58,00";
var hq_str_sh603259="药明康德,77.100,77.200,77.610,77.880,76.100,77.610,77.630,592100,45844297.000,400,77.610,4700,77.600,4100,77.590,100,77.540,1200,77.530,600,77.630,300,77.640,400,77.650,300,77.680,100,77.690,2019-02-11,09:56:58,00";
var hq_str_sh603259="药明康德,77.100,77.200,77.900,77.900,76.100,77.900,77.910,615400,47656458.000,500,77.900,100,77.830,1100,77.800,2400,77.780,1600,77.770,100,77.910,1300,77.940,900,77.950,600,77.960,1400,77.970,2019-02-11,09:57:58,00";
var hq_str_sh603259="药明康德,77.100,77.200,78.020,78.030,76.100,78.000,78.020,673300,52171594.000,300,78.000,200,77.950,12900,77.940,100,77.920,600,77.910,4200,78.020,200,78.030,700,78.050,100,78.080,100,78.090,2019-02-11,09:58:58,00";
var hq_str_sh603259="药明康德,77.100,77.200,78.130,78.130,76.100,78.120,78.130,705700,54701024.000,1200,78.120,900,78.110,3400,78.100,1200,78.090,5000,78.080,2400,78.130,600,78.140,300,78.160,900,78.180,1100,78.190,2019-02-11,09:59:58,00";
var hq_str_sh603259="药明康德,77.100,77.200,78.390,78.390,76.100,78.330,78.400,738000,57226687.000,1400,78.330,3700,78.300,400,78.290,100,78.280,1000,78.270,100,78.400,100,78.440,1300,78.450,300,78.480,700,78.490,2019-02-11,10:00:58,00";
var hq_str_sh603259="药明康德,77.100,77.200,78.480,78.520,76.100,78.480,78.490,787400,61102217.000,300,78.480,400,78.450,5100,78.400,1700,78.380,100,78.330,1100,78.490,2000,78.500,1500,78.550,300,78.560,500,78.570,2019-02-11,10:01:58,00";
var hq_str_sh603259="药明康德,77.100,77.200,78.380,78.520,76.100,78.380,78.400,827100,64216927.000,600,78.380,400,78.330,300,78.310,10300,78.300,600,78.270,800,78.400,800,78.410,100,78.430,1400,78.440,1900,78.450,2019-02-11,10:02:58,00";
var hq_str_sh603259="药明康德,77.100,77.200,78.310,78.520,76.100,78.300,78.310,843200,65477795.000,600,78.300,100,78.250,200,78.240,300,78.230,500,78.210,200,78.310,500,78.320,200,78.360,2500,78.370,8700,78.380,2019-02-11,10:03:58,00";
var hq_str_sh603259="药明康德,77.100,77.200,78.370,78.520,76.100,78.370,78.390,857200,66574452.000,1100,78.370,300,78.360,5000,78.350,600,78.320,700,78.310,100,78.390,1600,78.400,200,78.410,200,78.430,500,78.440,2019-02-11,10:04:58,00";
var hq_str_sh603259="药明康德,77.100,77.200,78.630,78.650,76.100,78.630,78.650,901300,70037932.000,1400,78.630,100,78.600,1000,78.580,4200,78.560,7400,78.550,100,78.650,100,78.660,300,78.680,1100,78.700,1000,78.730,2019-02-11,10:05:58,00";
var hq_str_sh603259="药明康德,77.100,77.200,78.730,78.730,76.100,78.730,78.740,915500,71155421.000,1800,78.730,14000,78.720,9100,78.710,2900,78.700,100,78.690,500,78.740,1200,78.750,657,78.770,500,78.780,200,78.790,2019-02-11,10:06:58,00";
var hq_str_sh603259="药明康德,77.100,77.200,78.750,78.880,76.100,78.750,78.760,947400,73668713.000,4600,78.750,2400,78.730,1900,78.720,400,78.710,3400,78.700,500,78.760,900,78.770,800,78.780,2300,78.790,14700,78.800,2019-02-11,10:07:58,00";
var hq_str_sh603259="药明康德,77.100,77.200,78.770,78.880,76.100,78.750,78.770,985600,76677128.000,13300,78.750,900,78.720,100,78.710,2900,78.700,1800,78.680,100,78.770,2800,78.780,2761,78.790,12400,78.800,300,78.820,2019-02-11,10:08:58,00";
var hq_str_sh603259="药明康德,77.100,77.200,78.930,78.930,76.100,78.920,78.930,1028226,80036946.000,200,78.920,7500,78.900,2100,78.850,8739,78.800,39492,78.750,1300,78.930,1000,78.940,3100,78.950,1500,78.960,4900,78.980,2019-02-11,10:09:58,00";
var hq_str_sh603259="药明康德,77.100,77.200,78.900,78.950,76.100,78.900,78.910,1048126,81607561.000,2100,78.900,2100,78.850,200,78.810,7939,78.800,39492,78.750,100,78.910,1700,78.930,3500,78.940,4300,78.950,2100,78.960,2019-02-11,10:10:58,00";
var hq_str_sh603259="药明康德,77.100,77.200,78.850,78.950,76.100,78.840,78.850,1072426,83524953.000,100,78.840,400,78.810,8439,78.800,1200,78.760,39492,78.750,200,78.850,100,78.880,1300,78.900,1300,78.910,300,78.930,2019-02-11,10:11:58,00";
var hq_str_sh603259="药明康德,77.100,77.200,78.930,78.950,76.100,78.910,78.930,1090226,84929197.000,10100,78.910,600,78.900,300,78.850,100,78.840,1000,78.810,1300,78.930,600,78.940,7100,78.950,1700,78.960,200,78.970,2019-02-11,10:12:58,00";
var hq_str_sh603259="药明康德,77.100,77.200,78.910,78.950,76.100,78.900,78.910,1113426,86760123.000,20000,78.900,300,78.850,200,78.840,1000,78.810,13039,78.800,3400,78.910,1300,78.920,4980,78.930,1700,78.940,8800,78.950,2019-02-11,10:13:58,00";
var hq_str_sh603259="药明康德,77.100,77.200,78.920,78.950,76.100,78.900,78.910,1139026,88780211.000,14200,78.900,300,78.850,200,78.840,1000,78.810,13039,78.800,100,78.910,100,78.920,14480,78.930,1500,78.940,9000,78.950,2019-02-11,10:14:58,00";
var hq_str_sh603259="药明康德,77.100,77.200,78.930,78.950,76.100,78.920,78.930,1163026,90674316.000,600,78.920,2000,78.910,29300,78.900,300,78.850,200,78.840,280,78.930,600,78.940,9000,78.950,1800,78.960,300,78.970,2019-02-11,10:15:58,00";
var hq_str_sh603259="药明康德,77.100,77.200,78.910,78.950,76.100,78.900,78.910,1186726,92544611.000,21700,78.900,300,78.850,200,78.840,1500,78.810,700,78.800,2000,78.910,6200,78.920,500,78.930,2000,78.940,8200,78.950,2019-02-11,10:16:58,00";
var hq_str_sh603259="药明康德,77.100,77.200,78.760,78.950,76.100,78.760,78.800,1235526,96394241.000,600,78.760,300,78.750,900,78.720,100,78.710,1800,78.700,900,78.800,800,78.810,600,78.840,100,78.880,2400,78.900,2019-02-11,10:17:59,00";
var hq_str_sh603259="药明康德,77.100,77.200,78.710,78.950,76.100,78.710,78.720,1245626,97189469.000,900,78.710,1200,78.700,1600,78.680,700,78.600,1000,78.580,500,78.720,100,78.740,800,78.750,300,78.790,5900,78.800,2019-02-11,10:18:59,00";
var hq_str_sh603259="药明康德,77.100,77.200,78.600,78.950,76.100,78.580,78.680,1265226,98731173.000,600,78.580,300,78.550,100,78.530,1300,78.520,1100,78.510,3900,78.680,500,78.700,1500,78.710,1600,78.720,200,78.740,2019-02-11,10:19:59,00";
var hq_str_sh603259="药明康德,77.100,77.200,78.600,78.950,76.100,78.600,78.610,1309226,102189478.000,2500,78.600,2300,78.550,500,78.540,4100,78.530,1400,78.520,200,78.610,1000,78.680,200,78.690,1100,78.700,1400,78.710,2019-02-11,10:20:59,00";
var hq_str_sh603259="药明康德,77.100,77.200,78.690,78.950,76.100,78.690,78.700,1317326,102826663.000,1000,78.690,1500,78.680,100,78.620,2700,78.610,1700,78.600,200,78.700,1400,78.710,1500,78.720,100,78.740,1000,78.750,2019-02-11,10:21:59,00";
var hq_str_sh603259="药明康德,77.100,77.200,78.620,78.950,76.100,78.620,78.630,1323126,103282975.000,500,78.620,5100,78.610,1600,78.600,10000,78.580,3100,78.560,1000,78.630,200,78.660,400,78.670,2300,78.680,1300,78.700,2019-02-11,10:22:59,00";
var hq_str_sh603259="药明康德,77.100,77.200,78.610,78.950,76.100,78.610,78.620,1330326,103849030.000,3300,78.610,4600,78.600,400,78.590,10000,78.580,3100,78.560,700,78.620,200,78.660,300,78.670,2300,78.680,1600,78.700,2019-02-11,10:23:59,00";
var hq_str_sh603259="药明康德,77.100,77.200,78.610,78.950,76.100,78.600,78.610,1337326,104399293.000,3700,78.600,3600,78.590,10100,78.580,3100,78.560,4500,78.550,100,78.610,1200,78.620,300,78.670,2300,78.680,1200,78.700,2019-02-11,10:24:59,00";
var hq_str_sh603259="药明康德,77.100,77.200,78.600,78.950,76.100,78.600,78.610,1346426,105114636.000,2600,78.600,3600,78.590,10100,78.580,3600,78.560,4500,78.550,800,78.610,1600,78.620,100,78.630,200,78.660,600,78.670,2019-02-11,10:25:59,00";
var hq_str_sh603259="药明康德,77.100,77.200,78.580,78.950,76.100,78.560,78.600,1367426,106765070.000,500,78.560,200,78.550,500,78.540,100,78.530,1400,78.520,2000,78.600,3700,78.610,1300,78.620,100,78.630,500,78.670,2019-02-11,10:26:55,00";
var hq_str_sh603259="药明康德,77.100,77.200,78.510,78.950,76.100,78.500,78.510,1382426,107942867.000,27400,78.500,200,78.450,200,78.400,1400,78.370,100,78.360,300,78.510,2294,78.520,300,78.530,1500,78.540,300,78.550,2019-02-11,10:27:59,00";
var hq_str_sh603259="药明康德,77.100,77.200,78.350,78.950,76.100,78.350,78.370,1422326,111074193.000,400,78.350,700,78.340,500,78.320,1000,78.310,400,78.300,3541,78.370,300,78.400,1000,78.450,200,78.490,11900,78.500,2019-02-11,10:28:59,00";
var hq_str_sh603259="药明康德,77.100,77.200,78.380,78.950,76.100,78.400,78.420,1431926,111826461.000,100,78.400,600,78.380,3800,78.370,900,78.360,800,78.350,100,78.420,4135,78.450,1700,78.470,400,78.480,800,78.490,2019-02-11,10:29:59,00";
var hq_str_sh603259="药明康德,77.100,77.200,78.420,78.950,76.100,78.390,78.420,1438026,112304710.000,1200,78.390,1600,78.380,4000,78.370,100,78.360,1100,78.350,4200,78.420,100,78.440,2933,78.450,1700,78.470,300,78.480,2019-02-11,10:30:59,00";
var hq_str_sh603259="药明康德,77.100,77.200,78.370,78.950,76.100,78.350,78.370,1452126,113409903.000,1300,78.350,600,78.320,1500,78.310,700,78.300,2100,78.280,1500,78.370,800,78.380,100,78.390,500,78.410,2600,78.420,2019-02-11,10:31:59,00";
var hq_str_sh603259="药明康德,77.100,77.200,78.350,78.950,76.100,78.360,78.380,1460426,114060261.000,200,78.360,3600,78.350,100,78.320,1100,78.310,700,78.300,500,78.380,500,78.410,2100,78.420,200,78.430,600,78.440,2019-02-11,10:32:59,00";
var hq_str_sh603259="药明康德,77.100,77.200,78.390,78.950,76.100,78.380,78.390,1463226,114279717.000,300,78.380,2300,78.360,3300,78.350,700,78.320,1200,78.310,600,78.390,400,78.410,2100,78.420,200,78.430,600,78.440,2019-02-11,10:33:59,00";
var hq_str_sh603259="药明康德,77.100,77.200,78.420,78.950,76.100,78.420,78.430,1472026,114969718.000,1100,78.420,600,78.400,4400,78.390,700,78.380,500,78.360,600,78.430,600,78.440,1239,78.450,1700,78.470,700,78.490,2019-02-11,10:34:59,00";
var hq_str_sh603259="药明康德,77.100,77.200,78.450,78.950,76.100,78.450,78.470,1480126,115605124.000,2800,78.450,400,78.440,400,78.430,8400,78.420,500,78.400,100,78.470,500,78.490,11700,78.500,1000,78.510,800,78.540,2019-02-11,10:35:59,00";
var hq_str_sh603259="药明康德,77.100,77.200,78.500,78.950,76.100,78.490,78.500,1490426,116413467.000,500,78.490,2000,78.460,1300,78.450,700,78.440,800,78.430,7300,78.500,1000,78.510,800,78.540,200,78.550,200,78.560,2019-02-11,10:36:59,00";
var hq_str_sh603259="药明康德,77.100,77.200,78.490,78.950,76.100,78.490,78.500,1496126,116860828.000,500,78.490,800,78.460,400,78.440,300,78.430,8400,78.420,5100,78.500,1000,78.510,800,78.540,200,78.550,200,78.560,2019-02-11,10:37:58,00";
var hq_str_sh603259="药明康德,77.100,77.200,78.490,78.950,76.100,78.450,78.490,1506126,117645193.000,200,78.450,1200,78.440,3500,78.430,3100,78.420,100,78.400,1100,78.490,5500,78.500,1000,78.510,100,78.530,800,78.540,2019-02-11,10:38:59,00";
var hq_str_sh603259="药明康德,77.100,77.200,78.490,78.950,76.100,78.460,78.490,1511226,118045350.000,700,78.460,700,78.450,1000,78.440,500,78.430,2600,78.420,300,78.490,6200,78.500,1000,78.510,100,78.530,700,78.540,2019-02-11,10:40:01,00";
var hq_str_sh603259="药明康德,77.100,77.200,78.460,78.950,76.100,78.420,78.460,1519226,118672912.000,1000,78.420,100,78.400,3500,78.390,400,78.380,700,78.360,500,78.460,200,78.490,6100,78.500,1000,78.510,100,78.530,2019-02-11,10:40:59,00";
var hq_str_sh603259="药明康德,77.100,77.200,78.430,78.950,76.100,78.430,78.450,1523826,119033666.000,3800,78.430,100,78.420,2300,78.400,3100,78.390,400,78.380,300,78.450,500,78.460,100,78.480,300,78.490,6100,78.500,2019-02-11,10:41:59,00";
var hq_str_sh603259="药明康德,77.100,77.200,78.450,78.950,76.100,78.450,78.460,1528826,119425882.000,300,78.450,300,78.440,1000,78.430,2200,78.420,300,78.410,900,78.460,100,78.480,300,78.490,6200,78.500,1000,78.510,2019-02-11,10:42:59,00";
var hq_str_sh603259="药明康德,77.100,77.200,78.510,78.950,76.100,78.510,78.530,1541626,120430586.000,600,78.510,300,78.500,2000,78.480,9900,78.470,1000,78.460,100,78.530,400,78.550,200,78.560,100,78.570,500,78.600,2019-02-11,10:43:59,00";
var hq_str_sh603259="药明康德,77.100,77.200,78.630,78.950,76.100,78.630,78.660,1547026,120854995.000,9400,78.630,700,78.620,700,78.600,4100,78.580,29600,78.570,100,78.660,300,78.670,200,78.680,1800,78.700,1200,78.710,2019-02-11,10:44:59,00";
var hq_str_sh603259="药明康德,77.100,77.200,78.700,78.950,76.100,78.700,78.710,1552026,121248391.000,400,78.700,5400,78.670,100,78.660,500,78.640,8200,78.630,800,78.710,200,78.720,300,78.750,700,78.780,1500,78.790,2019-02-11,10:45:59,00";
var hq_str_sh603259="药明康德,77.100,77.200,78.720,78.950,76.100,78.720,78.750,1560126,121885966.000,400,78.720,1200,78.710,5000,78.670,200,78.660,100,78.650,1200,78.750,100,78.770,700,78.780,1800,78.790,13200,78.800,2019-02-11,10:47:01,00";
var hq_str_sh603259="药明康德,77.100,77.200,78.600,78.950,76.100,78.580,78.600,1584826,123830064.000,4200,78.580,1000,78.540,6900,78.510,100,78.500,800,78.480,1200,78.600,2500,78.720,600,78.760,500,78.770,2500,78.780,2019-02-11,10:47:58,00";
var hq_str_sh603259="药明康德,77.100,77.200,78.700,78.950,76.100,78.700,78.780,1628820,127292898.000,5806,78.700,700,78.620,700,78.590,4100,78.580,1000,78.540,100,78.780,1900,78.790,14300,78.800,400,78.840,100,78.850,2019-02-11,10:48:58,00";
var hq_str_sh603259="药明康德,77.100,77.200,78.840,78.950,76.100,78.800,78.840,1662520,129947542.000,400,78.800,1600,78.710,13706,78.700,100,78.630,700,78.590,100,78.840,300,78.850,2100,78.870,2700,78.880,100,78.890,2019-02-11,10:49:58,00";
var hq_str_sh603259="药明康德,77.100,77.200,78.770,78.950,76.100,78.760,78.770,1667920,130372911.000,100,78.760,200,78.750,100,78.740,13806,78.700,100,78.600,2600,78.770,700,78.780,1300,78.800,100,78.840,5700,78.850,2019-02-11,10:50:59,00";
var hq_str_sh603259="药明康德,77.100,77.200,78.750,78.950,76.100,78.740,78.750,1671620,130664322.000,100,78.740,5900,78.710,13806,78.700,100,78.600,700,78.590,2500,78.750,400,78.760,500,78.770,300,78.780,1300,78.800,2019-02-11,10:51:59,00";
var hq_str_sh603259="药明康德,77.100,77.200,78.710,78.950,76.100,78.710,78.730,1674820,130916206.000,3300,78.710,13806,78.700,100,78.600,700,78.590,700,78.550,1200,78.730,1600,78.740,2600,78.750,400,78.760,500,78.770,2019-02-11,10:52:58,00";
var hq_str_sh603259="药明康德,77.100,77.200,78.720,78.950,76.100,78.720,78.730,1681420,131435757.000,100,78.720,1600,78.710,13806,78.700,100,78.600,700,78.590,300,78.730,800,78.740,2600,78.750,100,78.760,500,78.770,2019-02-11,10:53:58,00";
var hq_str_sh603259="药明康德,77.100,77.200,78.700,78.950,76.100,78.700,78.730,1695720,132561260.000,5706,78.700,100,78.600,700,78.590,700,78.550,1000,78.540,700,78.730,200,78.740,2600,78.750,100,78.760,500,78.770,2019-02-11,10:54:55,00";
var hq_str_sh603259="药明康德,77.100,77.200,78.730,78.950,76.100,78.700,78.730,1707620,133497819.000,3006,78.700,500,78.590,200,78.560,700,78.550,1000,78.540,1600,78.730,1000,78.740,2800,78.750,100,78.760,500,78.770,2019-02-11,10:55:58,00";
var hq_str_sh603259="药明康德,77.100,77.200,78.780,78.950,76.100,78.780,78.800,1729420,135214512.000,8800,78.780,100,78.750,100,78.710,2306,78.700,600,78.590,800,78.800,700,78.820,700,78.850,500,78.860,2100,78.870,2019-02-11,10:56:59,00";
var hq_str_sh603259="药明康德,77.100,77.200,78.900,78.950,76.100,78.900,78.910,1770420,138448592.000,400,78.900,300,78.880,2700,78.820,5800,78.780,100,78.750,700,78.910,1400,78.920,700,78.930,1300,78.940,7800,78.950,2019-02-11,10:57:59,00";
var hq_str_sh603259="药明康德,77.100,77.200,78.970,79.000,76.100,78.960,78.970,1813320,141836083.000,400,78.960,3200,78.950,800,78.910,400,78.880,200,78.780,1600,78.970,100,78.980,200,78.990,23300,79.000,1000,79.010,2019-02-11,10:58:58,00";
var hq_str_sh603259="药明康德,77.100,77.200,78.950,79.000,76.100,78.880,78.950,1820620,142412402.000,200,78.880,100,78.870,300,78.760,5100,78.750,300,78.710,1100,78.950,900,78.960,1700,78.970,1400,78.980,4400,78.990,2019-02-11,10:59:59,00";
var hq_str_sh603259="药明康德,77.100,77.200,78.900,79.000,76.100,78.900,78.910,1843720,144236797.000,500,78.900,200,78.880,100,78.850,500,78.780,800,78.770,5700,78.910,300,78.930,100,78.940,700,78.950,1100,78.980,2019-02-11,11:00:58,00";
var hq_str_sh603259="药明康德,77.100,77.200,78.910,79.000,76.100,78.900,78.920,1853820,145033787.000,1100,78.900,200,78.880,100,78.870,100,78.850,400,78.790,400,78.920,200,78.930,100,78.940,700,78.950,200,78.960,2019-02-11,11:01:58,00";
var hq_str_sh603259="药明康德,77.100,77.200,78.900,79.000,76.100,78.900,78.930,1864220,145854440.000,800,78.900,100,78.890,300,78.880,100,78.850,500,78.800,600,78.930,100,78.940,1200,78.950,1300,78.960,1100,78.980,2019-02-11,11:02:58,00";
var hq_str_sh603259="药明康德,77.100,77.200,78.900,79.000,76.100,78.900,78.920,1872020,146469795.000,100,78.900,1400,78.880,100,78.850,600,78.800,200,78.790,500,78.920,700,78.930,100,78.940,1300,78.950,1300,78.960,2019-02-11,11:03:59,00";
var hq_str_sh603259="药明康德,77.100,77.200,78.920,79.000,76.100,78.880,78.920,1877920,146935413.000,1100,78.880,100,78.850,1000,78.810,600,78.800,200,78.790,1300,78.920,3100,78.930,500,78.940,1400,78.950,1300,78.960,2019-02-11,11:04:59,00";
var hq_str_sh603259="药明康德,77.100,77.200,78.850,79.000,76.100,78.820,78.880,1882120,147266569.000,200,78.820,800,78.810,1200,78.800,200,78.790,500,78.780,400,78.880,700,78.900,100,78.910,2400,78.920,1500,78.930,2019-02-11,11:05:59,00";
var hq_str_sh603259="药明康德,77.100,77.200,78.840,79.000,76.100,78.830,78.840,1887220,147668544.000,3000,78.830,2000,78.820,30000,78.810,900,78.800,100,78.790,200,78.840,700,78.850,200,78.860,600,78.880,700,78.900,2019-02-11,11:06:59,00";
var hq_str_sh603259="药明康德,77.100,77.200,78.880,79.000,76.100,78.860,78.880,1891620,148015477.000,2900,78.860,9800,78.850,600,78.840,2200,78.830,2000,78.820,1800,78.880,500,78.900,100,78.910,1100,78.920,1700,78.930,2019-02-11,11:07:59,00";
var hq_str_sh603259="药明康德,77.100,77.200,78.860,79.000,76.100,78.860,78.870,1900120,148685800.000,1900,78.860,9600,78.850,600,78.840,2200,78.830,2000,78.820,100,78.870,500,78.880,500,78.900,100,78.910,300,78.920,2019-02-11,11:08:59,00";
var hq_str_sh603259="药明康德,77.100,77.200,78.860,79.000,76.100,78.860,78.880,1907020,149229932.000,1500,78.860,9200,78.850,700,78.840,2200,78.830,2000,78.820,500,78.880,900,78.900,100,78.910,300,78.920,1500,78.930,2019-02-11,11:09:55,00";
var hq_str_sh603259="药明康德,77.100,77.200,78.900,79.000,76.100,78.860,78.900,1917420,150050332.000,800,78.860,9000,78.850,700,78.840,2300,78.820,29900,78.810,3000,78.900,700,78.910,900,78.920,1500,78.930,200,78.940,2019-02-11,11:10:59,00";
var hq_str_sh603259="药明康德,77.100,77.200,78.900,79.000,76.100,78.880,78.900,1924120,150578889.000,5500,78.880,3800,78.870,2700,78.860,9100,78.850,600,78.840,400,78.900,700,78.910,900,78.920,1500,78.930,200,78.940,2019-02-11,11:11:59,00";
var hq_str_sh603259="药明康德,77.100,77.200,79.000,79.000,76.100,78.960,79.000,1946220,152323429.000,2300,78.960,4200,78.910,1000,78.900,100,78.880,700,78.870,15500,79.000,300,79.010,1200,79.020,100,79.030,1600,79.050,2019-02-11,11:12:58,00";
var hq_str_sh603259="药明康德,77.100,77.200,79.080,79.080,76.100,79.070,79.080,1968920,154117038.000,200,79.070,200,79.060,400,79.050,2000,79.020,8300,79.000,400,79.080,1200,79.090,3300,79.100,200,79.110,700,79.120,2019-02-11,11:13:58,00";
var hq_str_sh603259="药明康德,77.100,77.200,79.000,79.090,76.100,78.990,79.000,1977820,154820579.000,900,78.990,100,78.980,800,78.960,4200,78.910,100,78.880,8500,79.000,1800,79.020,400,79.050,1200,79.070,1300,79.080,2019-02-11,11:14:59,00";
var hq_str_sh603259="药明康德,77.100,77.200,78.870,79.090,76.100,78.870,78.880,1989520,155743932.000,1300,78.870,600,78.860,800,78.850,600,78.840,2300,78.820,400,78.880,1700,78.900,3900,78.910,1000,78.920,100,78.950,2019-02-11,11:15:59,00";
var hq_str_sh603259="药明康德,77.100,77.200,78.820,79.090,76.100,78.810,78.850,2002620,156776749.000,29300,78.810,2400,78.800,600,78.770,200,78.760,5000,78.750,900,78.850,100,78.860,2000,78.870,1700,78.900,1000,78.920,2019-02-11,11:16:58,00";
var hq_str_sh603259="药明康德,77.100,77.200,78.820,79.090,76.100,78.820,78.850,2007020,157123592.000,600,78.820,29500,78.810,400,78.800,600,78.770,200,78.760,400,78.850,300,78.860,1100,78.870,1700,78.900,100,78.950,2019-02-11,11:17:55,00";
var hq_str_sh603259="药明康德,77.100,77.200,78.810,79.090,76.100,78.810,78.820,2018620,158037813.000,20400,78.810,200,78.800,600,78.770,200,78.760,5000,78.750,800,78.820,100,78.850,500,78.860,500,78.870,2100,78.900,2019-02-11,11:18:58,00";
var hq_str_sh603259="药明康德,77.100,77.200,78.800,79.090,76.100,78.770,78.790,2040420,159755858.000,500,78.770,500,78.760,5000,78.750,900,78.740,300,78.710,100,78.790,3500,78.800,8000,78.810,1500,78.820,300,78.860,2019-02-11,11:19:58,00";
var hq_str_sh603259="药明康德,77.100,77.200,78.700,79.090,76.100,78.700,78.730,2053520,160787220.000,19500,78.700,200,78.640,100,78.630,100,78.590,100,78.520,200,78.730,3300,78.740,6200,78.750,400,78.760,100,78.770,2019-02-11,11:20:58,00";
var hq_str_sh603259="药明康德,77.100,77.200,78.700,79.090,76.100,78.700,78.710,2081320,162975124.000,25100,78.700,200,78.640,100,78.630,100,78.590,1000,78.580,700,78.710,500,78.730,1500,78.740,300,78.750,300,78.760,2019-02-11,11:21:58,00";
var hq_str_sh603259="药明康德,77.100,77.200,78.730,79.090,76.100,78.710,78.730,2086120,163352925.000,1500,78.710,24200,78.700,200,78.640,100,78.630,100,78.590,500,78.730,1500,78.740,300,78.750,300,78.760,2600,78.800,2019-02-11,11:22:55,00";
var hq_str_sh603259="药明康德,77.100,77.200,78.730,79.090,76.100,78.730,78.740,2101320,164549222.000,200,78.730,200,78.710,12700,78.700,200,78.640,100,78.630,1500,78.740,300,78.750,300,78.760,200,78.790,2600,78.800,2019-02-11,11:23:58,00";
var hq_str_sh603259="药明康德,77.100,77.200,78.730,79.090,76.100,78.730,78.750,2114720,165604123.000,3300,78.730,100,78.720,100,78.710,7800,78.700,200,78.640,4500,78.750,200,78.760,200,78.790,2600,78.800,100,78.810,2019-02-11,11:25:00,00";
var hq_str_sh603259="药明康德,77.100,77.200,78.750,79.090,76.100,78.750,78.760,2121220,166115982.000,500,78.750,300,78.740,2700,78.730,100,78.720,100,78.710,400,78.760,100,78.770,200,78.790,2200,78.800,100,78.810,2019-02-11,11:25:58,00";
var hq_str_sh603259="药明康德,77.100,77.200,78.800,79.090,76.100,78.780,78.800,2126720,166549283.000,400,78.780,1500,78.760,700,78.750,600,78.740,2800,78.730,500,78.800,100,78.810,1200,78.820,200,78.860,500,78.870,2019-02-11,11:26:58,00";
var hq_str_sh603259="药明康德,77.100,77.200,78.750,79.090,76.100,78.740,78.750,2132320,166990322.000,200,78.740,2900,78.730,7800,78.700,200,78.680,200,78.640,700,78.750,900,78.760,1800,78.770,500,78.800,100,78.810,2019-02-11,11:27:58,00";
var hq_str_sh603259="药明康德,77.100,77.200,78.740,79.090,76.100,78.730,78.740,2134220,167139946.000,2700,78.730,7800,78.700,500,78.690,200,78.680,200,78.640,100,78.740,800,78.760,1900,78.770,500,78.800,1200,78.820,2019-02-11,11:28:58,00";
var hq_str_sh603259="药明康德,77.100,77.200,78.730,79.090,76.100,78.730,78.740,2138220,167454908.000,1300,78.730,8100,78.700,500,78.690,200,78.680,200,78.640,100,78.740,200,78.750,800,78.760,1900,78.770,500,78.800,2019-02-11,11:29:52,00";
var hq_str_sh603259="药明康德,77.100,77.200,78.730,79.090,76.100,78.730,78.740,2138220,167454908.000,1300,78.730,8100,78.700,500,78.690,200,78.680,200,78.640,200,78.740,200,78.750,800,78.760,1900,78.770,500,78.800,2019-02-11,11:30:00,00";
var hq_str_sh603259="药明康德,77.100,77.200,78.820,79.090,76.100,78.820,78.850,2156020,168857392.000,300,78.820,800,78.810,3000,78.800,200,78.770,100,78.760,200,78.850,200,78.860,600,78.870,200,78.890,900,78.900,2019-02-11,13:00:58,00";
var hq_str_sh603259="药明康德,77.100,77.200,78.860,79.090,76.100,78.860,78.870,2159720,169149167.000,7300,78.860,100,78.830,700,78.820,500,78.810,2900,78.800,600,78.870,5300,78.880,200,78.890,1200,78.900,100,78.950,2019-02-11,13:01:58,00";
var hq_str_sh603259="药明康德,77.100,77.200,78.880,79.090,76.100,78.880,78.890,2170720,170016806.000,4300,78.880,12100,78.870,7200,78.860,300,78.830,700,78.820,200,78.890,1200,78.900,100,78.950,600,78.960,2000,78.970,2019-02-11,13:02:58,00";
var hq_str_sh603259="药明康德,77.100,77.200,78.890,79.090,76.100,78.890,78.900,2179620,170718891.000,1700,78.890,1400,78.880,11300,78.870,7100,78.860,1000,78.850,700,78.900,600,78.950,600,78.960,2000,78.970,300,78.980,2019-02-11,13:03:58,00";
var hq_str_sh603259="药明康德,77.100,77.200,78.890,79.090,76.100,78.880,78.890,2184420,171097592.000,2000,78.880,11200,78.870,7200,78.860,1000,78.850,300,78.830,2100,78.890,2000,78.900,100,78.940,900,78.960,2000,78.970,2019-02-11,13:04:58,00";
var hq_str_sh603259="药明康德,77.100,77.200,78.960,79.090,76.100,78.950,78.960,2193520,171815739.000,200,78.950,4800,78.900,200,78.890,1900,78.880,11200,78.870,800,78.960,2000,78.970,300,78.980,1100,78.990,12800,79.000,2019-02-11,13:05:58,00";
var hq_str_sh603259="药明康德,77.100,77.200,78.950,79.090,76.100,78.940,78.950,2200420,172360450.000,100,78.940,100,78.910,6400,78.900,100,78.890,1300,78.880,100,78.950,1800,78.960,2100,78.970,300,78.980,3600,78.990,2019-02-11,13:06:55,00";
var hq_str_sh603259="药明康德,77.100,77.200,79.010,79.090,76.100,79.010,79.020,2225820,174366595.000,100,79.010,8000,79.000,5900,78.900,100,78.890,1300,78.880,200,79.020,200,79.040,600,79.050,500,79.060,1200,79.070,2019-02-11,13:07:55,00";
var hq_str_sh603259="药明康德,77.100,77.200,79.120,79.120,76.100,79.110,79.120,2244520,175845474.000,400,79.110,10000,79.100,1100,79.090,8200,79.080,1000,79.070,300,79.120,600,79.130,800,79.150,700,79.160,900,79.170,2019-02-11,13:08:58,00";
var hq_str_sh603259="药明康德,77.100,77.200,79.170,79.180,76.100,79.170,79.180,2263020,177309977.000,1700,79.170,6700,79.160,900,79.130,300,79.120,1500,79.110,1000,79.180,5100,79.190,7600,79.200,600,79.220,200,79.230,2019-02-11,13:09:58,00";
var hq_str_sh603259="药明康德,77.100,77.200,79.160,79.190,76.100,79.160,79.170,2278820,178560906.000,2300,79.160,800,79.130,300,79.120,500,79.110,9800,79.100,200,79.170,4600,79.180,3600,79.190,7900,79.200,500,79.220,2019-02-11,13:10:58,00";
var hq_str_sh603259="药明康德,77.100,77.200,79.150,79.200,76.100,79.150,79.160,2302920,180469079.000,3200,79.150,400,79.130,300,79.120,900,79.110,9800,79.100,1100,79.160,700,79.170,1103,79.180,200,79.190,2400,79.200,2019-02-11,13:11:58,00";
var hq_str_sh603259="药明康德,77.100,77.200,79.160,79.200,76.100,79.110,79.160,2313520,181307931.000,200,79.110,10200,79.100,200,79.080,2200,79.030,100,79.010,500,79.160,800,79.170,2100,79.180,300,79.190,2800,79.200,2019-02-11,13:12:58,00";
var hq_str_sh603259="药明康德,77.100,77.200,79.170,79.200,76.100,79.170,79.180,2322525,182020781.000,495,79.170,1000,79.160,300,79.150,100,79.140,100,79.130,2100,79.180,300,79.190,2700,79.200,2600,79.220,200,79.230,2019-02-11,13:13:58,00";
var hq_str_sh603259="药明康德,77.100,77.200,79.170,79.200,76.100,79.150,79.170,2329620,182582480.000,100,79.150,100,79.140,200,79.130,1600,79.120,1200,79.110,300,79.170,1308,79.180,1600,79.190,2800,79.200,2800,79.220,2019-02-11,13:14:58,00";
var hq_str_sh603259="药明康德,77.100,77.200,79.160,79.200,76.100,79.140,79.160,2335720,183065383.000,1100,79.140,300,79.130,1600,79.120,200,79.110,10000,79.100,300,79.160,2500,79.170,2308,79.180,1800,79.190,4700,79.200,2019-02-11,13:15:58,00";
var hq_str_sh603259="药明康德,77.100,77.200,79.130,79.200,76.100,79.110,79.130,2341520,183524348.000,1200,79.110,10100,79.100,300,79.080,2100,79.030,100,79.010,1000,79.130,1300,79.140,1000,79.150,1500,79.160,3600,79.170,2019-02-11,13:16:58,00";
var hq_str_sh603259="药明康德,77.100,77.200,79.100,79.200,76.100,79.100,79.110,2349720,184173031.000,6500,79.100,300,79.080,2100,79.030,100,79.020,100,79.010,100,79.110,100,79.120,2100,79.130,900,79.140,2300,79.150,2019-02-11,13:18:01,00";
var hq_str_sh603259="药明康德,77.100,77.200,79.100,79.200,76.100,79.100,79.110,2355820,184655624.000,6500,79.100,400,79.080,2100,79.030,100,79.020,100,79.010,3400,79.110,3000,79.120,2100,79.130,800,79.140,2400,79.150,2019-02-11,13:18:58,00";
var hq_str_sh603259="药明康德,77.100,77.200,79.100,79.200,76.100,79.080,79.100,2366720,185517803.000,100,79.080,500,79.040,2100,79.030,100,79.020,100,79.010,3900,79.100,200,79.120,2100,79.130,800,79.140,2400,79.150,2019-02-11,13:19:58,00";
var hq_str_sh603259="药明康德,77.100,77.200,79.020,79.200,76.100,79.010,79.030,2371320,185881394.000,200,79.010,1300,79.000,1000,78.900,1200,78.880,1100,78.870,300,79.030,1500,79.090,1900,79.100,200,79.120,2100,79.130,2019-02-11,13:20:58,00";
var hq_str_sh603259="药明康德,77.100,77.200,79.000,79.200,76.100,79.010,79.030,2376920,186323824.000,500,79.010,2800,79.000,300,78.920,700,78.910,1000,78.900,100,79.030,100,79.080,1500,79.090,1700,79.100,2000,79.120,2019-02-11,13:21:58,00";
var hq_str_sh603259="药明康德,77.100,77.200,79.000,79.200,76.100,79.000,79.010,2382820,186790106.000,400,79.000,100,78.990,300,78.920,600,78.910,1000,78.900,100,79.010,100,79.020,200,79.030,1200,79.050,400,79.070,2019-02-11,13:22:58,00";
var hq_str_sh603259="药明康德,77.100,77.200,78.970,79.200,76.100,78.930,78.980,2386720,187098206.000,800,78.930,1100,78.920,300,78.910,1000,78.900,1300,78.890,300,78.980,500,78.990,700,79.000,200,79.050,300,79.080,2019-02-11,13:23:55,00";
var hq_str_sh603259="药明康德,77.100,77.200,79.050,79.200,76.100,79.050,79.080,2396220,187848711.000,100,79.050,800,79.020,3100,79.010,32300,79.000,1000,78.980,1300,79.080,1800,79.090,2200,79.100,1600,79.120,600,79.130,2019-02-11,13:24:58,00";
var hq_str_sh603259="药明康德,77.100,77.200,79.120,79.200,76.100,79.110,79.120,2406620,188671162.000,600,79.110,13400,79.100,1000,79.050,200,79.030,500,79.020,800,79.120,900,79.130,1100,79.140,2600,79.150,1200,79.160,2019-02-11,13:25:58,00";
var hq_str_sh603259="药明康德,77.100,77.200,79.150,79.200,76.100,79.130,79.150,2413020,189177544.000,2800,79.130,29900,79.120,1200,79.110,13700,79.100,1000,79.050,2000,79.150,1400,79.160,500,79.170,2605,79.180,1500,79.190,2019-02-11,13:26:55,00";
var hq_str_sh603259="药明康德,77.100,77.200,79.140,79.200,76.100,79.140,79.150,2436320,191022464.000,200,79.140,2800,79.130,29900,79.120,13600,79.100,200,79.030,41,79.150,3205,79.200,2600,79.220,200,79.230,300,79.250,2019-02-11,13:27:55,00";
var hq_str_sh603259="药明康德,77.100,77.200,79.200,79.220,76.100,79.200,79.230,2449366,192055693.000,295,79.200,1200,79.160,1559,79.150,100,79.140,4000,79.130,200,79.230,500,79.250,1500,79.260,5400,79.270,3400,79.280,2019-02-11,13:28:58,00";
var hq_str_sh603259="药明康德,77.100,77.200,79.290,79.300,76.100,79.290,79.300,2472420,193883184.000,5500,79.290,900,79.280,46,79.270,3400,79.260,8400,79.250,5100,79.300,200,79.320,4100,79.330,1100,79.340,2500,79.350,2019-02-11,13:29:58,00";
var hq_str_sh603259="药明康德,77.100,77.200,79.490,79.500,76.100,79.480,79.490,2537520,199053780.000,400,79.480,2900,79.470,900,79.450,4300,79.440,500,79.430,300,79.490,1000,79.500,300,79.510,500,79.520,500,79.530,2019-02-11,13:30:58,00";
var hq_str_sh603259="药明康德,77.100,77.200,79.660,79.660,76.100,79.660,79.670,2597820,203852720.000,21500,79.660,6600,79.550,200,79.540,1600,79.520,3700,79.510,500,79.670,1200,79.680,1400,79.700,100,79.710,200,79.730,2019-02-11,13:31:58,00";
var hq_str_sh603259="药明康德,77.100,77.200,79.690,79.790,76.100,79.670,79.690,2641320,207319243.000,2500,79.670,3400,79.660,2800,79.600,3400,79.550,200,79.540,300,79.690,3800,79.700,200,79.720,100,79.730,2300,79.750,2019-02-11,13:32:55,00";
var hq_str_sh603259="药明康德,77.100,77.200,79.600,79.790,76.100,79.600,79.650,2671220,209701480.000,1200,79.600,100,79.570,200,79.540,1600,79.520,100,79.510,200,79.650,2300,79.660,1100,79.670,1000,79.680,2100,79.690,2019-02-11,13:33:58,00";
var hq_str_sh603259="药明康德,77.100,77.200,79.470,79.790,76.100,79.470,79.480,2688088,211042877.000,800,79.470,1332,79.460,100,79.450,2200,79.440,100,79.430,300,79.480,600,79.490,100,79.500,100,79.540,600,79.550,2019-02-11,13:34:58,00";
var hq_str_sh603259="药明康德,77.100,77.200,79.480,79.790,76.100,79.470,79.490,2701148,212081033.000,640,79.470,732,79.460,100,79.450,2200,79.440,100,79.430,100,79.490,1300,79.500,1000,79.510,200,79.530,400,79.540,2019-02-11,13:35:58,00";
var hq_str_sh603259="药明康德,77.100,77.200,79.450,79.790,76.100,79.450,79.460,2708020,212627013.000,1600,79.450,2900,79.440,100,79.430,600,79.410,2600,79.400,1268,79.460,2560,79.470,600,79.480,500,79.490,1900,79.500,2019-02-11,13:36:55,00";
var hq_str_sh603259="药明康德,77.100,77.200,79.300,79.790,76.100,79.300,79.390,2718420,213452850.000,2800,79.300,4900,79.290,600,79.280,2400,79.260,600,79.250,100,79.390,2200,79.400,600,79.410,400,79.420,500,79.430,2019-02-11,13:37:58,00";
var hq_str_sh603259="药明康德,77.100,77.200,79.360,79.790,76.100,79.360,79.380,2727020,214134968.000,100,79.360,100,79.310,4300,79.300,5000,79.290,400,79.280,300,79.380,600,79.390,2000,79.400,500,79.410,100,79.420,2019-02-11,13:38:58,00";
var hq_str_sh603259="药明康德,77.100,77.200,79.320,79.790,76.100,79.320,79.340,2734020,214690115.000,500,79.320,600,79.300,5000,79.290,400,79.280,2400,79.260,200,79.340,1000,79.350,2000,79.360,300,79.380,300,79.390,2019-02-11,13:39:58,00";
var hq_str_sh603259="药明康德,77.100,77.200,79.260,79.790,76.100,79.220,79.260,2744520,215522643.000,500,79.220,495,79.200,400,79.180,100,79.160,600,79.150,200,79.260,8900,79.280,100,79.300,200,79.310,2100,79.320,2019-02-11,13:40:58,00";
var hq_str_sh603259="药明康德,77.100,77.200,79.200,79.790,76.100,79.190,79.200,2746620,215688983.000,295,79.190,2400,79.180,900,79.160,800,79.150,200,79.140,1300,79.200,3500,79.260,200,79.270,9900,79.280,100,79.300,2019-02-11,13:41:55,00";
var hq_str_sh603259="药明康德,77.100,77.200,79.220,79.790,76.100,79.220,79.250,2764427,217099435.000,1500,79.220,2700,79.210,9993,79.200,1295,79.190,2600,79.180,600,79.250,1800,79.260,200,79.270,1100,79.280,100,79.300,2019-02-11,13:42:58,00";
var hq_str_sh603259="药明康德,77.100,77.200,79.320,79.790,76.100,79.260,79.320,2778127,218185664.000,2600,79.260,800,79.250,500,79.240,2100,79.210,10293,79.200,2700,79.320,1200,79.350,500,79.360,100,79.380,1000,79.400,2019-02-11,13:43:58,00";
var hq_str_sh603259="药明康德,77.100,77.200,79.320,79.790,76.100,79.270,79.320,2790827,219192703.000,1000,79.270,200,79.260,1200,79.250,300,79.220,2100,79.210,500,79.320,400,79.340,1500,79.350,500,79.360,100,79.380,2019-02-11,13:44:58,00";
var hq_str_sh603259="药明康德,77.100,77.200,79.150,79.790,76.100,79.150,79.160,2804222,220253736.000,100,79.150,200,79.140,600,79.130,1200,79.120,1700,79.100,1300,79.160,1105,79.180,1700,79.200,200,79.260,100,79.310,2019-02-11,13:45:58,00";
var hq_str_sh603259="药明康德,77.100,77.200,79.130,79.790,76.100,79.120,79.150,2811422,220823466.000,4100,79.120,1500,79.110,1500,79.100,3900,79.090,700,79.030,200,79.150,1600,79.160,605,79.180,1400,79.200,100,79.260,2019-02-11,13:46:58,00";
var hq_str_sh603259="药明康德,77.100,77.200,79.150,79.790,76.100,79.140,79.180,2816722,221242965.000,700,79.140,6200,79.130,3800,79.120,300,79.110,1500,79.100,205,79.180,1900,79.200,100,79.260,100,79.310,600,79.320,2019-02-11,13:47:49,00";
var hq_str_sh603259="药明康德,77.100,77.200,79.200,79.790,76.100,79.250,79.300,2822227,221678878.000,400,79.250,1595,79.200,200,79.180,600,79.160,2600,79.150,100,79.300,100,79.310,400,79.320,500,79.340,1500,79.350,2019-02-11,13:48:58,00";
var hq_str_sh603259="药明康德,77.100,77.200,79.360,79.790,76.100,79.360,79.370,2827527,222099350.000,1400,79.360,800,79.350,300,79.320,100,79.310,4600,79.300,100,79.370,100,79.380,1800,79.390,1300,79.400,400,79.410,2019-02-11,13:49:58,00";
var hq_str_sh603259="药明康德,77.100,77.200,79.370,79.790,76.100,79.370,79.380,2838127,222940631.000,5400,79.370,200,79.360,200,79.350,100,79.320,100,79.310,200,79.380,1500,79.390,1300,79.400,400,79.410,100,79.440,2019-02-11,13:50:58,00";
var hq_str_sh603259="药明康德,77.100,77.200,79.370,79.790,76.100,79.370,79.380,2842227,223266091.000,4800,79.370,200,79.360,200,79.350,100,79.320,100,79.310,200,79.380,1100,79.390,1700,79.400,200,79.410,100,79.440,2019-02-11,13:51:58,00";
var hq_str_sh603259="药明康德,77.100,77.200,79.390,79.790,76.100,79.390,79.400,2855727,224337759.000,200,79.390,600,79.370,200,79.360,200,79.350,100,79.320,1300,79.400,200,79.410,200,79.440,1700,79.450,168,79.460,2019-02-11,13:52:58,00";
var hq_str_sh603259="药明康德,77.100,77.200,79.400,79.790,76.100,79.400,79.410,2863027,224917325.000,1500,79.400,200,79.390,400,79.370,200,79.360,200,79.350,300,79.410,700,79.440,1500,79.450,168,79.460,160,79.470,2019-02-11,13:53:58,00";
var hq_str_sh603259="药明康德,77.100,77.200,79.440,79.790,76.100,79.440,79.450,2868127,225322382.000,2000,79.440,200,79.410,1100,79.400,200,79.390,400,79.370,900,79.450,168,79.460,160,79.470,200,79.480,500,79.490,2019-02-11,13:54:58,00";
var hq_str_sh603259="药明康德,77.100,77.200,79.320,79.790,76.100,79.300,79.310,2875827,225933704.000,600,79.300,500,79.200,400,79.180,600,79.160,500,79.150,700,79.310,200,79.380,300,79.400,100,79.420,1800,79.440,2019-02-11,13:55:58,00";
var hq_str_sh603259="药明康德,77.100,77.200,79.370,79.790,76.100,79.320,79.380,2887427,226854598.000,600,79.320,1200,79.310,600,79.300,300,79.210,600,79.200,400,79.380,2600,79.390,2800,79.400,800,79.420,1700,79.440,2019-02-11,13:56:58,00";
var hq_str_sh603259="药明康德,77.100,77.200,79.400,79.790,76.100,79.310,79.410,2906327,228354420.000,3700,79.310,1700,79.300,100,79.220,400,79.210,3600,79.200,300,79.410,1100,79.420,500,79.430,200,79.440,1000,79.450,2019-02-11,13:57:58,00";
var hq_str_sh603259="药明康德,77.100,77.200,79.410,79.790,76.100,79.350,79.410,2912227,228822812.000,200,79.350,700,79.320,3700,79.310,1700,79.300,100,79.220,100,79.410,900,79.420,700,79.430,1200,79.440,1400,79.450,2019-02-11,13:58:58,00";
var hq_str_sh603259="药明康德,77.100,77.200,79.400,79.790,76.100,79.330,79.410,2913927,228957750.000,700,79.330,1000,79.320,3700,79.310,1800,79.300,100,79.220,600,79.410,800,79.420,700,79.430,1200,79.440,1400,79.450,2019-02-11,13:59:55,00";
var hq_str_sh603259="药明康德,77.100,77.200,79.320,79.790,76.100,79.310,79.320,2917627,229251262.000,4300,79.310,1800,79.300,100,79.220,400,79.210,4300,79.200,200,79.320,3800,79.330,100,79.380,300,79.390,300,79.400,2019-02-11,14:00:55,00";
var hq_str_sh603259="药明康德,77.100,77.200,79.310,79.790,76.100,79.310,79.320,2929027,230155463.000,1600,79.310,2100,79.300,100,79.220,400,79.210,4100,79.200,2600,79.320,2000,79.330,100,79.380,100,79.390,200,79.400,2019-02-11,14:01:58,00";
var hq_str_sh603259="药明康德,77.100,77.200,79.310,79.790,76.100,79.310,79.320,2936327,230734430.000,1100,79.310,200,79.300,200,79.220,2500,79.210,4100,79.200,100,79.320,2100,79.330,500,79.350,100,79.380,700,79.390,2019-02-11,14:02:58,00";
var hq_str_sh603259="药明康德,77.100,77.200,79.310,79.790,76.100,79.300,79.310,2939327,230972365.000,3000,79.300,200,79.290,200,79.220,2500,79.210,4200,79.200,500,79.310,1100,79.330,500,79.350,100,79.380,100,79.390,2019-02-11,14:03:58,00";
var hq_str_sh603259="药明康德,77.100,77.200,79.300,79.790,76.100,79.280,79.300,2943127,231273695.000,200,79.280,800,79.220,2700,79.210,4200,79.200,400,79.180,5700,79.300,1200,79.310,1100,79.330,500,79.350,200,79.380,2019-02-11,14:04:55,00";
var hq_str_sh603259="药明康德,77.100,77.200,79.310,79.790,76.100,79.300,79.330,2953027,232058775.000,6300,79.300,100,79.240,1200,79.230,1100,79.220,2700,79.210,900,79.330,500,79.350,200,79.380,400,79.400,1500,79.410,2019-02-11,14:05:58,00";
var hq_str_sh603259="药明康德,77.100,77.200,79.220,79.790,76.100,79.220,79.230,2964527,232970507.000,1000,79.220,2700,79.210,4400,79.200,400,79.180,1000,79.160,500,79.230,964,79.290,3400,79.300,900,79.330,500,79.350,2019-02-11,14:06:58,00";
var hq_str_sh603259="药明康德,77.100,77.200,79.220,79.790,76.100,79.220,79.280,2969127,233334962.000,2200,79.220,2700,79.210,4300,79.200,400,79.180,1000,79.160,1600,79.280,1864,79.290,3400,79.300,900,79.330,500,79.350,2019-02-11,14:07:59,00";
var hq_str_sh603259="药明康德,77.100,77.200,79.200,79.790,76.100,79.220,79.290,2990391,235019874.000,300,79.220,100,79.210,1336,79.200,400,79.180,1000,79.160,400,79.290,200,79.330,500,79.350,200,79.380,300,79.390,2019-02-11,14:08:50,00";
var hq_str_sh603259="药明康德,77.100,77.200,79.220,79.790,76.100,79.210,79.220,2992791,235210033.000,100,79.210,4336,79.200,400,79.180,1000,79.160,200,79.150,1300,79.220,200,79.290,300,79.330,500,79.350,200,79.380,2019-02-11,14:09:55,00";
var hq_str_sh603259="药明康德,77.100,77.200,79.290,79.790,76.100,79.290,79.340,2996091,235471518.000,100,79.290,300,79.210,3836,79.200,400,79.180,1000,79.160,400,79.340,500,79.350,200,79.380,700,79.390,1400,79.400,2019-02-11,14:10:59,00";
var hq_str_sh603259="药明康德,77.100,77.200,79.390,79.790,76.100,79.390,79.400,3001791,235923856.000,800,79.390,1000,79.360,6500,79.350,1200,79.340,1300,79.220,1400,79.400,1300,79.410,800,79.420,1300,79.430,1200,79.440,2019-02-11,14:11:59,00";
var hq_str_sh603259="药明康德,77.100,77.200,79.350,79.790,76.100,79.340,79.350,3010591,236622192.000,1200,79.340,1300,79.220,1300,79.210,4036,79.200,3000,79.190,2600,79.350,2600,79.390,2500,79.400,1800,79.410,1500,79.420,2019-02-11,14:12:59,00";
var hq_str_sh603259="药明康德,77.100,77.200,79.210,79.790,76.100,79.210,79.220,3014691,236947206.000,800,79.210,3836,79.200,3000,79.190,500,79.180,1000,79.160,3800,79.220,2200,79.340,4400,79.350,300,79.380,2400,79.390,2019-02-11,14:13:59,00";
var hq_str_sh603259="药明康德,77.100,77.200,79.210,79.790,76.100,79.210,79.220,3023149,237617124.000,642,79.210,36,79.200,3000,79.190,500,79.180,1000,79.160,5300,79.220,100,79.310,2200,79.340,4300,79.350,600,79.380,2019-02-11,14:14:58,00";
var hq_str_sh603259="药明康德,77.100,77.200,79.120,79.790,76.100,79.120,79.130,3033227,238414950.000,1200,79.120,100,79.100,500,79.080,100,79.030,400,79.020,200,79.130,700,79.150,1800,79.160,9364,79.180,100,79.210,2019-02-11,14:15:59,00";
var hq_str_sh603259="药明康德,77.100,77.200,79.030,79.790,76.100,79.020,79.080,3038627,238842018.000,400,79.020,1400,79.010,3900,79.000,1000,78.980,100,78.950,4747,79.080,1100,79.100,3358,79.120,100,79.130,700,79.150,2019-02-11,14:16:59,00";
var hq_str_sh603259="药明康德,77.100,77.200,79.000,79.790,76.100,78.980,79.000,3046927,239497789.000,1200,78.980,100,78.950,1000,78.930,100,78.910,3000,78.900,4900,79.000,200,79.010,600,79.020,1300,79.030,200,79.070,2019-02-11,14:17:59,00";
var hq_str_sh603259="药明康德,77.100,77.200,78.950,79.790,76.100,78.950,78.980,3052727,239955784.000,200,78.950,400,78.930,300,78.920,1000,78.910,3900,78.900,2958,78.980,1600,79.000,200,79.010,100,79.020,200,79.030,2019-02-11,14:18:59,00";
var hq_str_sh603259="药明康德,77.100,77.200,78.890,79.790,76.100,78.880,78.890,3075227,241731277.000,2700,78.880,5400,78.870,1200,78.850,400,78.820,300,78.810,1358,78.890,400,78.900,100,78.920,1000,78.980,3900,79.000,2019-02-11,14:19:59,00";
var hq_str_sh603259="药明康德,77.100,77.200,79.000,79.790,76.100,79.010,79.020,3084985,242501685.000,400,79.010,2000,79.000,200,78.920,1900,78.910,800,78.900,100,79.020,200,79.070,300,79.110,1300,79.120,100,79.130,2019-02-11,14:20:56,00";
var hq_str_sh603259="药明康德,77.100,77.200,78.990,79.790,76.100,78.930,78.990,3092485,243094056.000,400,78.930,1000,78.920,1100,78.910,1000,78.900,1642,78.890,300,78.990,4500,79.000,200,79.010,100,79.050,200,79.070,2019-02-11,14:21:59,00";
var hq_str_sh603259="药明康德,77.100,77.200,78.920,79.790,76.100,78.910,78.920,3100585,243733455.000,1200,78.910,1200,78.900,1642,78.890,5500,78.880,5400,78.870,4247,78.920,300,78.930,3000,78.990,5200,79.000,200,79.010,2019-02-11,14:22:59,00";
var hq_str_sh603259="药明康德,77.100,77.200,78.850,79.790,76.100,78.820,78.850,3120127,245274974.000,600,78.820,1100,78.810,2000,78.800,2500,78.780,200,78.770,4000,78.850,1400,78.860,7158,78.870,500,78.890,1300,78.900,2019-02-11,14:23:59,00";
var hq_str_sh603259="药明康德,77.100,77.200,78.750,79.790,76.100,78.700,78.740,3147227,247409592.000,2000,78.700,600,78.690,700,78.680,1000,78.660,500,78.650,500,78.740,1205,78.750,987,78.800,500,78.840,5100,78.850,2019-02-11,14:24:59,00";
var hq_str_sh603259="药明康德,77.100,77.200,78.740,79.790,76.100,78.740,78.750,3159314,248361369.000,200,78.740,3800,78.730,800,78.720,2913,78.710,2800,78.700,3300,78.750,500,78.840,100,78.850,700,78.890,1300,78.900,2019-02-11,14:25:59,00";
var hq_str_sh603259="药明康德,77.100,77.200,78.840,79.790,76.100,78.800,78.850,3169714,249181042.000,1100,78.800,1100,78.780,6600,78.770,1200,78.760,3500,78.750,7705,78.850,400,78.880,400,78.890,1300,78.900,900,78.920,2019-02-11,14:26:59,00";
var hq_str_sh603259="药明康德,77.100,77.200,78.850,79.790,76.100,78.840,78.850,3190514,250821182.000,100,78.840,800,78.830,1100,78.820,4600,78.800,1300,78.780,7005,78.850,900,78.920,600,78.990,1700,79.000,100,79.050,2019-02-11,14:27:56,00";
var hq_str_sh603259="药明康德,77.100,77.200,78.850,79.790,76.100,78.850,78.900,3200119,251578514.000,2395,78.850,3000,78.840,3400,78.830,1100,78.820,900,78.810,200,78.900,700,78.920,300,78.980,600,78.990,1700,79.000,2019-02-11,14:28:59,00";
var hq_str_sh603259="药明康德,77.100,77.200,78.980,79.790,76.100,78.930,78.980,3202419,251759993.000,2100,78.930,500,78.920,200,78.900,600,78.870,600,78.860,1200,78.980,600,78.990,1000,79.000,100,79.050,200,79.070,2019-02-11,14:29:59,00";
var hq_str_sh603259="药明康德,77.100,77.200,78.900,79.790,76.100,78.870,78.920,3207519,252162550.000,400,78.870,1100,78.860,8795,78.850,3000,78.840,800,78.830,800,78.920,300,78.970,600,78.980,800,78.990,1000,79.000,2019-02-11,14:30:56,00";
var hq_str_sh603259="药明康德,77.100,77.200,78.880,79.790,76.100,78.880,78.900,3210319,252383459.000,400,78.880,500,78.870,1100,78.860,8295,78.850,1900,78.840,100,78.900,1200,78.920,100,78.950,300,78.970,400,78.980,2019-02-11,14:31:59,00";
var hq_str_sh603259="药明康德,77.100,77.200,78.880,79.790,76.100,78.880,78.890,3217319,252935743.000,2700,78.880,2100,78.870,1100,78.860,12495,78.850,1900,78.840,800,78.890,200,78.980,800,78.990,1300,79.000,100,79.050,2019-02-11,14:32:59,00";
var hq_str_sh603259="药明康德,77.100,77.200,78.890,79.790,76.100,78.890,78.900,3221819,253290771.000,1000,78.890,3400,78.880,2000,78.870,2300,78.860,9995,78.850,1400,78.900,500,78.920,600,78.930,200,78.980,800,78.990,2019-02-11,14:33:56,00";
var hq_str_sh603259="药明康德,77.100,77.200,78.930,79.790,76.100,78.920,78.980,3225019,253543289.000,1000,78.920,1300,78.910,5800,78.900,700,78.890,2800,78.880,100,78.980,800,78.990,1300,79.000,100,79.050,200,79.070,2019-02-11,14:34:53,00";
var hq_str_sh603259="药明康德,77.100,77.200,79.200,79.790,76.100,79.150,79.200,3231919,254088577.000,2400,79.150,1000,79.130,200,79.070,100,79.050,500,79.000,400,79.200,100,79.210,5100,79.220,300,79.240,200,79.250,2019-02-11,14:35:59,00";
var hq_str_sh603259="药明康德,77.100,77.200,79.150,79.790,76.100,79.130,79.140,3238319,254595374.000,200,79.130,500,79.070,100,79.050,1000,79.000,2900,78.990,200,79.140,2600,79.180,2100,79.200,200,79.210,5100,79.220,2019-02-11,14:36:59,00";
var hq_str_sh603259="药明康德,77.100,77.200,79.140,79.790,76.100,79.140,79.150,3242519,254927768.000,200,79.140,600,79.070,100,79.050,300,79.010,1000,79.000,3200,79.150,200,79.160,200,79.170,2700,79.180,2900,79.200,2019-02-11,14:37:59,00";
var hq_str_sh603259="药明康德,77.100,77.200,79.070,79.790,76.100,79.010,79.070,3248619,255410176.000,1400,79.010,1600,79.000,2900,78.990,100,78.960,1000,78.950,500,79.070,1700,79.080,2000,79.100,500,79.110,8800,79.130,2019-02-11,14:38:56,00";
var hq_str_sh603259="药明康德,77.100,77.200,79.080,79.790,76.100,79.020,79.080,3264619,256675754.000,600,79.020,600,79.010,2400,79.000,2900,78.990,100,78.960,900,79.080,400,79.100,400,79.120,1400,79.130,1500,79.140,2019-02-11,14:39:59,00";
var hq_str_sh603259="药明康德,77.100,77.200,79.080,79.790,76.100,79.070,79.080,3275519,257537640.000,4200,79.070,1700,79.020,600,79.010,2700,79.000,2900,78.990,2400,79.080,400,79.120,3300,79.130,1200,79.140,2300,79.150,2019-02-11,14:40:59,00";
var hq_str_sh603259="药明康德,77.100,77.200,79.070,79.790,76.100,79.070,79.130,3292455,258877108.000,1764,79.070,1400,79.020,800,79.010,2200,79.000,2900,78.990,3300,79.130,1200,79.140,2400,79.150,900,79.160,100,79.170,2019-02-11,14:41:59,00";
var hq_str_sh603259="药明康德,77.100,77.200,79.060,79.790,76.100,79.060,79.070,3298919,259388147.000,200,79.060,1000,79.010,2300,79.000,300,78.990,1000,78.950,4336,79.070,500,79.090,500,79.100,200,79.120,3000,79.130,2019-02-11,14:42:53,00";
var hq_str_sh603259="药明康德,77.100,77.200,79.070,79.790,76.100,79.000,79.070,3307519,260068065.000,2400,79.000,300,78.990,400,78.950,100,78.930,1200,78.920,10640,79.070,600,79.090,1900,79.100,200,79.120,3500,79.130,2019-02-11,14:43:56,00";
var hq_str_sh603259="药明康德,77.100,77.200,79.000,79.790,76.100,79.000,79.050,3311219,260360434.000,1400,79.000,700,78.990,100,78.960,400,78.950,100,78.930,400,79.050,1900,79.060,9740,79.070,400,79.080,600,79.090,2019-02-11,14:44:56,00";
var hq_str_sh603259="药明康德,77.100,77.200,79.000,79.790,76.100,78.990,79.000,3321219,261150430.000,500,78.990,400,78.950,200,78.940,1300,78.930,1200,78.920,1300,79.000,100,79.030,2100,79.040,1600,79.050,1900,79.060,2019-02-11,14:45:59,00";
var hq_str_sh603259="药明康德,77.100,77.200,79.000,79.790,76.100,78.990,79.000,3327819,261671762.000,300,78.990,500,78.950,200,78.940,1400,78.930,1200,78.920,1500,79.000,100,79.030,2000,79.040,2000,79.050,1900,79.060,2019-02-11,14:46:56,00";
var hq_str_sh603259="药明康德,77.100,77.200,78.990,79.790,76.100,78.990,79.000,3335919,262311507.000,1600,78.990,900,78.950,900,78.940,1300,78.930,1200,78.920,2600,79.000,100,79.030,2000,79.040,2000,79.050,1700,79.060,2019-02-11,14:47:59,00";
var hq_str_sh603259="药明康德,77.100,77.200,79.010,79.790,76.100,79.000,79.050,3349619,263393877.000,7600,79.000,3000,78.990,3000,78.960,1400,78.950,1200,78.940,1900,79.050,2200,79.060,2300,79.070,400,79.080,700,79.090,2019-02-11,14:48:59,00";
var hq_str_sh603259="药明康德,77.100,77.200,79.060,79.790,76.100,79.030,79.060,3359219,264152724.000,100,79.030,300,79.020,400,79.010,5800,79.000,3000,78.990,100,79.060,1300,79.070,400,79.080,1200,79.090,3200,79.100,2019-02-11,14:49:53,00";
var hq_str_sh603259="药明康德,77.100,77.200,79.050,79.790,76.100,79.050,79.060,3368619,264895698.000,3500,79.050,1300,79.010,6200,79.000,3000,78.990,3600,78.980,2200,79.060,1100,79.070,600,79.080,1700,79.090,3300,79.100,2019-02-11,14:50:56,00";
var hq_str_sh603259="药明康德,77.100,77.200,79.010,79.790,76.100,79.010,79.050,3380919,265868008.000,1900,79.010,7200,79.000,3000,78.990,3100,78.980,400,78.970,1700,79.050,1500,79.060,1800,79.070,1500,79.080,1700,79.090,2019-02-11,14:51:56,00";
var hq_str_sh603259="药明康德,77.100,77.200,79.030,79.790,76.100,79.020,79.030,3389019,266508099.000,2000,79.020,500,79.010,7700,79.000,8700,78.990,3100,78.980,400,79.030,200,79.040,4000,79.050,2000,79.060,1800,79.070,2019-02-11,14:52:56,00";
var hq_str_sh603259="药明康德,77.100,77.200,79.020,79.790,76.100,79.000,79.010,3406719,267906727.000,6800,79.000,8500,78.990,3100,78.980,600,78.970,600,78.960,100,79.010,2100,79.030,600,79.040,3000,79.050,2100,79.060,2019-02-11,14:53:56,00";
var hq_str_sh603259="药明康德,77.100,77.200,79.010,79.790,76.100,79.010,79.020,3434601,270109712.000,4700,79.010,1218,78.980,600,78.970,900,78.960,2500,78.950,2000,79.020,500,79.030,2300,79.040,4100,79.050,2100,79.060,2019-02-11,14:54:56,00";
var hq_str_sh603259="药明康德,77.100,77.200,79.010,79.790,76.100,79.000,79.010,3449101,271255382.000,3400,79.000,2618,78.980,600,78.970,900,78.960,2500,78.950,8300,79.010,5100,79.020,1300,79.030,3500,79.040,4600,79.050,2019-02-11,14:55:56,00";
var hq_str_sh603259="药明康德,77.100,77.200,79.020,79.790,76.100,79.020,79.030,3474101,273230655.000,4400,79.020,400,79.010,7000,79.000,100,78.990,2718,78.980,1300,79.030,3500,79.040,3600,79.050,2100,79.060,1200,79.070,2019-02-11,14:56:56,00";
var hq_str_sh603259="药明康德,77.100,77.200,79.020,79.790,76.100,79.030,79.030,3480801,273760113.000,12700,79.030,0,0.000,0,0.000,0,0.000,0,0.000,12700,79.030,4700,0.000,0,0.000,0,0.000,0,0.000,2019-02-11,14:57:58,00";
var hq_str_sh603259="药明康德,77.100,77.200,79.020,79.790,76.100,79.020,79.020,3480801,273760113.000,19400,79.020,0,0.000,0,0.000,0,0.000,0,0.000,19400,79.020,10400,0.000,0,0.000,0,0.000,0,0.000,2019-02-11,14:58:59,00";
