var hq_str_sh603259="药明康德,89.250,89.250,89.250,89.250,89.250,89.250,89.300,10200,910350.000,3800,89.250,300,89.240,100,89.180,1400,89.050,200,89.010,100,89.300,400,89.820,1000,89.850,3300,89.870,100,89.880,2019-04-24,09:29:48,00";
var hq_str_sh603259="药明康德,89.250,89.250,89.250,89.570,89.250,89.240,89.250,48600,4338439.000,300,89.240,1000,89.200,200,89.080,2000,89.060,1700,89.050,1000,89.250,700,89.260,1000,89.270,500,89.750,200,89.790,2019-04-24,09:30:56,00";
var hq_str_sh603259="药明康德,89.250,89.250,89.250,89.570,89.010,89.190,89.250,67400,6014203.000,100,89.190,1000,89.100,100,89.090,4000,89.020,5800,89.010,1000,89.250,100,89.260,500,89.270,100,89.670,200,89.680,2019-04-24,09:31:59,00";
var hq_str_sh603259="药明康德,89.250,89.250,89.030,89.570,88.900,89.030,89.100,103300,9211101.000,400,89.030,300,88.910,1200,88.900,2000,88.880,500,88.860,900,89.100,100,89.110,200,89.140,100,89.200,100,89.240,2019-04-24,09:32:58,00";
var hq_str_sh603259="药明康德,89.250,89.250,88.920,89.570,88.880,88.910,88.920,124600,11105717.000,700,88.910,2100,88.900,400,88.890,2200,88.880,500,88.860,1700,88.920,3100,89.000,200,89.040,100,89.100,100,89.110,2019-04-24,09:33:58,00";
var hq_str_sh603259="药明康德,89.250,89.250,88.910,89.570,88.880,88.910,88.970,156200,13915538.000,3000,88.910,2800,88.900,1600,88.890,3700,88.880,2400,88.870,300,88.970,2700,88.980,4800,89.000,200,89.040,500,89.100,2019-04-24,09:34:58,00";
var hq_str_sh603259="药明康德,89.250,89.250,89.000,89.570,88.880,89.000,89.040,174800,15570671.000,400,89.000,1300,88.970,300,88.950,400,88.930,1600,88.920,500,89.040,100,89.130,500,89.140,200,89.180,700,89.200,2019-04-24,09:35:58,00";
var hq_str_sh603259="药明康德,89.250,89.250,88.870,89.570,88.870,88.870,88.880,210500,18745006.000,1100,88.870,700,88.860,500,88.850,100,88.820,2200,88.810,900,88.880,300,88.890,1800,88.900,1800,88.910,2200,88.930,2019-04-24,09:36:58,00";
var hq_str_sh603259="药明康德,89.250,89.250,89.000,89.570,88.860,89.000,89.060,244041,21728584.000,400,89.000,5859,88.980,1100,88.970,300,88.920,300,88.910,600,89.060,200,89.120,100,89.130,1300,89.200,100,89.230,2019-04-24,09:37:58,00";
var hq_str_sh603259="药明康德,89.250,89.250,88.920,89.570,88.860,88.900,88.920,272541,24266083.000,18700,88.900,200,88.890,4100,88.880,1800,88.860,600,88.850,200,88.920,400,88.990,800,89.000,1200,89.010,400,89.060,2019-04-24,09:38:59,00";
var hq_str_sh603259="药明康德,89.250,89.250,88.770,89.570,88.770,88.770,88.910,327441,29145129.000,2300,88.770,300,88.750,200,88.730,100,88.720,200,88.700,4500,88.910,1000,88.990,1800,89.000,1200,89.010,600,89.070,2019-04-24,09:39:59,00";
var hq_str_sh603259="药明康德,89.250,89.250,88.710,89.570,88.700,88.700,88.720,351641,31293082.000,400,88.700,1800,88.690,900,88.680,600,88.660,100,88.620,2200,88.720,100,88.730,200,88.770,1600,88.800,388,88.900,2019-04-24,09:40:56,00";
var hq_str_sh603259="药明康德,89.250,89.250,88.130,89.570,87.980,88.130,88.300,440741,39150963.000,1200,88.130,100,88.060,500,88.010,3100,88.000,800,87.990,4500,88.300,300,88.350,2100,88.400,4400,88.460,4900,88.480,2019-04-24,09:41:59,00";
var hq_str_sh603259="药明康德,89.250,89.250,88.100,89.570,87.970,88.050,88.100,498441,44231548.000,100,88.050,5100,88.040,1100,88.030,900,88.020,1600,88.010,100,88.100,300,88.250,2600,88.270,500,88.280,300,88.290,2019-04-24,09:42:58,00";
var hq_str_sh603259="药明康德,89.250,89.250,88.060,89.570,87.970,88.000,88.040,570241,50555874.000,1900,88.000,600,87.990,600,87.980,1700,87.970,100,87.960,300,88.040,400,88.070,2100,88.080,1700,88.090,2000,88.100,2019-04-24,09:43:58,00";
var hq_str_sh603259="药明康德,89.250,89.250,87.990,89.570,87.970,87.980,88.130,616041,54588885.000,1700,87.980,2000,87.970,100,87.960,800,87.950,100,87.930,800,88.130,600,88.190,3000,88.200,300,88.230,3200,88.250,2019-04-24,09:45:00,00";
var hq_str_sh603259="药明康德,89.250,89.250,88.000,89.570,87.950,88.020,88.120,680741,60285588.000,100,88.020,200,88.010,4700,88.000,2900,87.990,1600,87.980,400,88.120,500,88.130,600,88.150,100,88.160,200,88.170,2019-04-24,09:45:58,00";
var hq_str_sh603259="药明康德,89.250,89.250,88.020,89.570,87.950,88.000,88.020,711241,62970509.000,4300,88.000,2700,87.990,1700,87.980,1000,87.950,100,87.940,5700,88.020,800,88.030,34200,88.040,300,88.050,300,88.100,2019-04-24,09:46:58,00";
var hq_str_sh603259="药明康德,89.250,89.250,87.790,89.570,87.770,87.770,87.790,761241,67364051.000,500,87.770,100,87.760,100,87.750,100,87.740,400,87.710,900,87.790,3200,87.800,2800,87.810,600,87.850,100,87.870,2019-04-24,09:48:00,00";
var hq_str_sh603259="药明康德,89.250,89.250,87.700,89.570,87.680,87.720,87.730,841041,74365580.000,100,87.720,10000,87.700,600,87.690,400,87.680,700,87.660,2800,87.730,200,87.740,200,87.750,1400,87.770,300,87.790,2019-04-24,09:49:00,00";
var hq_str_sh603259="药明康德,89.250,89.250,87.830,89.570,87.680,87.830,87.870,878141,77620172.000,200,87.830,1200,87.820,2100,87.810,2600,87.770,3700,87.750,500,87.870,600,87.880,100,87.990,600,88.000,200,88.010,2019-04-24,09:50:00,00";
var hq_str_sh603259="药明康德,89.250,89.250,87.820,89.570,87.680,87.760,87.820,940841,83122227.000,200,87.760,1600,87.720,2300,87.710,11400,87.700,500,87.690,100,87.820,5000,87.830,400,87.850,200,87.880,200,87.890,2019-04-24,09:50:58,00";
var hq_str_sh603259="药明康德,89.250,89.250,87.580,89.570,87.570,87.570,87.580,1003441,88613264.000,2600,87.570,600,87.560,300,87.550,200,87.530,300,87.520,1000,87.580,1200,87.610,2200,87.630,1600,87.650,3500,87.670,2019-04-24,09:51:58,00";
var hq_str_sh603259="药明康德,89.250,89.250,87.600,89.570,87.500,87.580,87.600,1039641,91782801.000,100,87.580,4700,87.570,2100,87.560,200,87.530,600,87.520,1100,87.600,200,87.610,300,87.710,800,87.790,800,87.800,2019-04-24,09:52:58,00";
var hq_str_sh603259="药明康德,89.250,89.250,87.610,89.570,87.500,87.600,87.610,1074641,94848557.000,700,87.600,600,87.590,3700,87.580,1100,87.570,1100,87.560,100,87.610,1000,87.700,1700,87.750,100,87.760,1000,87.780,2019-04-24,09:53:58,00";
var hq_str_sh603259="药明康德,89.250,89.250,87.800,89.570,87.500,87.800,87.820,1087841,96006139.000,900,87.800,100,87.710,100,87.700,500,87.680,600,87.670,200,87.820,500,87.830,400,87.850,200,87.890,300,87.990,2019-04-24,09:54:58,00";
var hq_str_sh603259="药明康德,89.250,89.250,88.000,89.570,87.500,87.990,88.000,1099341,97016654.000,600,87.990,100,87.900,500,87.860,100,87.850,300,87.840,300,88.000,100,88.010,200,88.020,500,88.030,33900,88.040,2019-04-24,09:55:58,00";
var hq_str_sh603259="药明康德,89.250,89.250,88.000,89.570,87.500,88.000,88.010,1115841,98468833.000,200,88.000,6600,87.990,400,87.900,900,87.890,500,87.860,1100,88.010,2800,88.020,1500,88.030,37100,88.040,300,88.050,2019-04-24,09:56:58,00";
var hq_str_sh603259="药明康德,89.250,89.250,87.990,89.570,87.500,87.910,87.990,1156841,102073249.000,600,87.910,100,87.880,200,87.830,7600,87.820,800,87.800,5500,87.990,200,88.000,1300,88.010,2900,88.020,1500,88.030,2019-04-24,09:57:58,00";
var hq_str_sh603259="药明康德,89.250,89.250,87.820,89.570,87.500,87.820,87.910,1181241,104214999.000,1800,87.820,200,87.600,100,87.590,1600,87.580,1400,87.570,500,87.910,500,87.920,100,87.980,6000,87.990,100,88.010,2019-04-24,09:58:57,00";
var hq_str_sh603259="药明康德,89.250,89.250,87.670,89.570,87.500,87.760,87.830,1208341,106593585.000,100,87.760,100,87.690,200,87.630,3500,87.620,100,87.610,1100,87.830,200,87.850,1000,87.900,700,87.910,100,87.920,2019-04-24,09:59:57,00";
var hq_str_sh603259="药明康德,89.250,89.250,87.760,89.570,87.500,87.710,87.760,1223141,107892728.000,8100,87.710,3600,87.700,600,87.690,1000,87.680,6500,87.670,3500,87.760,1200,87.810,9500,87.830,800,87.900,400,87.910,2019-04-24,10:01:00,00";
var hq_str_sh603259="药明康德,89.250,89.250,87.670,89.570,87.500,87.670,87.700,1262441,111340089.000,1000,87.670,100,87.660,100,87.650,900,87.630,500,87.620,900,87.700,8500,87.710,200,87.730,900,87.750,7700,87.760,2019-04-24,10:02:00,00";
var hq_str_sh603259="药明康德,89.250,89.250,87.600,89.570,87.500,87.590,87.600,1274841,112426820.000,900,87.590,1600,87.580,1400,87.570,1500,87.560,2100,87.550,9400,87.600,800,87.610,400,87.620,900,87.630,11448,87.650,2019-04-24,10:02:54,00";
var hq_str_sh603259="药明康德,89.250,89.250,87.520,89.570,87.500,87.510,87.520,1292241,113950416.000,3100,87.510,31500,87.500,600,87.490,100,87.480,1300,87.470,7600,87.520,2900,87.540,1700,87.560,3900,87.570,200,87.580,2019-04-24,10:03:58,00";
var hq_str_sh603259="药明康德,89.250,89.250,87.630,89.570,87.500,87.630,87.730,1345841,118641715.000,2800,87.630,600,87.610,500,87.580,300,87.570,1400,87.550,200,87.730,2000,87.760,100,87.800,500,87.810,800,87.900,2019-04-24,10:04:58,00";
var hq_str_sh603259="药明康德,89.250,89.250,87.800,89.570,87.500,87.780,87.800,1368241,120607378.000,100,87.780,500,87.730,2600,87.660,2400,87.650,400,87.620,3500,87.800,100,87.900,100,87.910,300,87.980,1000,87.990,2019-04-24,10:06:00,00";
var hq_str_sh603259="药明康德,89.250,89.250,87.620,89.570,87.500,87.600,87.620,1396841,123114563.000,300,87.600,100,87.590,3500,87.580,1000,87.570,4400,87.550,523,87.620,5400,87.720,300,87.740,2600,87.750,1100,87.800,2019-04-24,10:07:00,00";
var hq_str_sh603259="药明康德,89.250,89.250,87.480,89.570,87.470,87.460,87.480,1498041,131971901.000,3300,87.460,200,87.450,400,87.440,500,87.430,2000,87.410,600,87.480,3300,87.490,3300,87.500,100,87.590,7000,87.600,2019-04-24,10:08:00,00";
var hq_str_sh603259="药明康德,89.250,89.250,87.400,89.570,87.400,87.400,87.410,1538989,135551811.000,4652,87.400,1100,87.390,2300,87.380,1200,87.370,500,87.360,300,87.410,2200,87.420,1200,87.440,1500,87.460,1000,87.470,2019-04-24,10:09:00,00";
var hq_str_sh603259="药明康德,89.250,89.250,87.420,89.570,87.400,87.420,87.430,1571789,138419074.000,5500,87.420,1800,87.410,2300,87.400,1300,87.390,4300,87.380,100,87.430,1000,87.470,500,87.480,2000,87.490,3300,87.500,2019-04-24,10:10:00,00";
var hq_str_sh603259="药明康德,89.250,89.250,87.450,89.570,87.400,87.450,87.460,1588089,139844385.000,1500,87.450,300,87.440,2300,87.430,6700,87.420,1000,87.410,1700,87.460,1200,87.470,500,87.480,2000,87.490,3400,87.500,2019-04-24,10:11:00,00";
var hq_str_sh603259="药明康德,89.250,89.250,87.420,89.570,87.400,87.400,87.420,1619089,142554760.000,600,87.400,1100,87.390,4900,87.380,2800,87.370,600,87.360,800,87.420,100,87.440,600,87.450,400,87.460,1100,87.470,2019-04-24,10:11:58,00";
var hq_str_sh603259="药明康德,89.250,89.250,87.500,89.570,87.380,87.490,87.500,1647089,145002532.000,100,87.490,5300,87.450,700,87.440,1300,87.430,700,87.420,280,87.500,700,87.550,100,87.590,500,87.600,200,87.610,2019-04-24,10:13:00,00";
var hq_str_sh603259="药明康德,89.250,89.250,87.900,89.570,87.380,87.900,87.970,1663392,146430221.000,100,87.900,200,87.710,6500,87.700,200,87.650,700,87.620,100,87.970,2200,87.980,800,87.990,4900,88.000,100,88.010,2019-04-24,10:13:58,00";
var hq_str_sh603259="药明康德,89.250,89.250,87.710,89.570,87.380,87.710,87.900,1686392,148450389.000,2200,87.710,1600,87.700,800,87.670,500,87.660,200,87.650,1295,87.900,300,87.940,2600,87.950,200,87.960,1100,87.970,2019-04-24,10:14:58,00";
var hq_str_sh603259="药明康德,89.250,89.250,87.850,89.570,87.380,87.800,87.850,1704192,150012946.000,500,87.800,200,87.770,600,87.730,600,87.720,2600,87.710,100,87.850,800,87.860,1195,87.900,100,87.930,800,87.940,2019-04-24,10:15:57,00";
var hq_str_sh603259="药明康德,89.250,89.250,87.800,89.570,87.380,87.800,87.850,1719592,151364493.000,400,87.800,200,87.740,100,87.730,700,87.720,500,87.710,300,87.850,800,87.860,1000,87.890,1200,87.900,3200,87.930,2019-04-24,10:16:58,00";
var hq_str_sh603259="药明康德,89.250,89.250,87.660,89.570,87.380,87.650,87.660,1731592,152416889.000,800,87.650,1400,87.620,300,87.610,6400,87.600,10700,87.590,1300,87.660,200,87.670,300,87.680,800,87.690,200,87.700,2019-04-24,10:17:57,00";
var hq_str_sh603259="药明康德,89.250,89.250,87.500,89.570,87.380,87.430,87.440,1788392,157389496.000,1100,87.430,800,87.420,9500,87.410,4100,87.400,1400,87.390,200,87.440,1500,87.500,400,87.510,300,87.540,500,87.550,2019-04-24,10:19:00,00";
var hq_str_sh603259="药明康德,89.250,89.250,87.490,89.570,87.380,87.460,87.480,1808892,159183391.000,5400,87.460,1300,87.450,1400,87.430,5100,87.420,9500,87.410,800,87.480,400,87.740,1000,87.760,1400,87.770,200,87.800,2019-04-24,10:19:58,00";
var hq_str_sh603259="药明康德,89.250,89.250,87.490,89.570,87.380,87.480,87.750,1854592,163180680.000,1300,87.480,100,87.470,16400,87.460,100,87.450,600,87.440,400,87.750,1000,87.760,1400,87.770,200,87.800,100,87.850,2019-04-24,10:20:57,00";
var hq_str_sh603259="药明康德,89.250,89.250,87.440,89.570,87.380,87.440,87.460,1887792,166084235.000,1400,87.440,400,87.430,2300,87.420,9700,87.410,7000,87.400,7000,87.460,300,87.480,2200,87.670,500,87.740,400,87.750,2019-04-24,10:22:00,00";
var hq_str_sh603259="药明康德,89.250,89.250,87.440,89.570,87.380,87.430,87.440,1906792,167745416.000,1200,87.430,800,87.420,9500,87.410,8300,87.400,1600,87.390,400,87.440,7000,87.460,2600,87.670,500,87.740,400,87.750,2019-04-24,10:22:57,00";
var hq_str_sh603259="药明康德,89.250,89.250,87.420,89.570,87.380,87.410,87.420,1933092,170044350.000,100,87.410,100,87.400,1700,87.390,3400,87.380,1400,87.370,400,87.420,300,87.430,7000,87.460,200,87.500,200,87.660,2019-04-24,10:23:57,00";
var hq_str_sh603259="药明康德,89.250,89.250,87.210,89.570,87.200,87.210,87.240,1982892,174393163.000,200,87.210,800,87.180,200,87.170,100,87.160,600,87.150,200,87.240,1100,87.250,200,87.270,3900,87.280,8800,87.300,2019-04-24,10:24:57,00";
var hq_str_sh603259="药明康德,89.250,89.250,87.240,89.570,87.110,87.240,87.250,2024692,178037127.000,14900,87.240,200,87.180,100,87.170,100,87.160,200,87.150,1000,87.250,200,87.270,1100,87.280,200,87.360,800,87.370,2019-04-24,10:25:57,00";
var hq_str_sh603259="药明康德,89.250,89.250,87.180,89.570,87.110,87.180,87.210,2052692,180479939.000,400,87.180,700,87.170,500,87.160,2100,87.150,400,87.140,4200,87.210,1000,87.250,800,87.270,1600,87.280,100,87.300,2019-04-24,10:26:57,00";
var hq_str_sh603259="药明康德,89.250,89.250,87.200,89.570,87.110,87.190,87.200,2081292,182973613.000,4200,87.190,200,87.180,1600,87.170,6000,87.160,1600,87.150,2700,87.200,3600,87.210,1000,87.240,1000,87.250,800,87.270,2019-04-24,10:27:57,00";
var hq_str_sh603259="药明康德,89.250,89.250,87.200,89.570,87.110,87.190,87.200,2117892,186164855.000,1200,87.190,2400,87.180,1500,87.170,4800,87.160,8100,87.150,2400,87.200,3400,87.210,1000,87.250,800,87.270,1600,87.280,2019-04-24,10:28:57,00";
var hq_str_sh603259="药明康德,89.250,89.250,87.120,89.570,87.110,87.120,87.130,2167292,190469878.000,200,87.120,1000,87.110,5900,87.100,6400,87.090,700,87.080,3700,87.130,500,87.170,7300,87.200,3400,87.210,1000,87.250,2019-04-24,10:30:00,00";
var hq_str_sh603259="药明康德,89.250,89.250,87.050,89.570,87.030,87.030,87.050,2203692,193640072.000,1900,87.030,5100,87.020,13600,87.010,49900,87.000,2000,86.990,1300,87.050,500,87.060,2600,87.080,3700,87.090,1500,87.100,2019-04-24,10:30:57,00";
var hq_str_sh603259="药明康德,89.250,89.250,87.100,89.570,87.030,87.090,87.100,2239492,196757195.000,700,87.090,100,87.080,2000,87.070,2100,87.060,1300,87.050,1200,87.100,1400,87.120,2100,87.130,300,87.150,2600,87.200,2019-04-24,10:31:57,00";
var hq_str_sh603259="药明康德,89.250,89.250,87.140,89.570,87.030,87.140,87.150,2259092,198464978.000,100,87.140,1600,87.130,600,87.120,2400,87.110,4600,87.100,400,87.150,400,87.170,300,87.190,3100,87.200,3400,87.210,2019-04-24,10:32:57,00";
var hq_str_sh603259="药明康德,89.250,89.250,87.160,89.570,87.030,87.160,87.180,2288992,201071256.000,1600,87.160,1700,87.150,400,87.130,1000,87.120,600,87.110,100,87.180,400,87.200,1200,87.230,200,87.280,200,87.360,2019-04-24,10:34:00,00";
var hq_str_sh603259="药明康德,89.250,89.250,87.090,89.570,87.030,87.200,87.270,2321992,203946858.000,400,87.200,200,87.120,300,87.110,8100,87.090,1000,87.080,400,87.270,200,87.280,200,87.360,200,87.370,6700,87.460,2019-04-24,10:34:57,00";
var hq_str_sh603259="药明康德,89.250,89.250,87.200,89.570,87.030,87.200,87.250,2353392,206683279.000,3900,87.200,500,87.130,1300,87.110,1400,87.100,8200,87.090,200,87.250,200,87.280,200,87.360,200,87.370,6700,87.460,2019-04-24,10:35:57,00";
var hq_str_sh603259="药明康德,89.250,89.250,87.240,89.570,87.030,87.240,87.360,2366992,207869713.000,2200,87.240,1100,87.200,1100,87.160,5100,87.150,400,87.140,100,87.360,200,87.370,500,87.450,6700,87.460,600,87.500,2019-04-24,10:36:57,00";
var hq_str_sh603259="药明康德,89.250,89.250,87.290,89.570,87.030,87.270,87.290,2384792,209424480.000,100,87.270,600,87.260,1100,87.250,200,87.240,500,87.230,500,87.290,1400,87.350,100,87.450,4500,87.460,1300,87.500,2019-04-24,10:37:57,00";
var hq_str_sh603259="药明康德,89.250,89.250,87.290,89.570,87.030,87.350,87.430,2399792,210734507.000,1000,87.350,2200,87.310,200,87.300,100,87.270,1200,87.260,500,87.430,1300,87.440,1700,87.460,500,87.490,1300,87.500,2019-04-24,10:38:51,00";
var hq_str_sh603259="药明康德,89.250,89.250,87.370,89.570,87.030,87.370,87.390,2409092,211547088.000,100,87.370,300,87.360,500,87.350,1500,87.310,1200,87.300,500,87.390,2600,87.410,1700,87.460,500,87.490,1300,87.500,2019-04-24,10:39:57,00";
var hq_str_sh603259="药明康德,89.250,89.250,87.260,89.570,87.030,87.250,87.260,2424692,212909002.000,500,87.250,700,87.230,10200,87.220,600,87.200,1900,87.180,1900,87.260,200,87.280,700,87.290,1400,87.300,7100,87.310,2019-04-24,10:40:57,00";
var hq_str_sh603259="药明康德,89.250,89.250,87.150,89.570,87.030,87.180,87.190,2446992,214853741.000,100,87.180,100,87.170,8300,87.150,500,87.140,200,87.130,300,87.190,1900,87.200,1000,87.250,1800,87.260,400,87.290,2019-04-24,10:41:57,00";
var hq_str_sh603259="药明康德,89.250,89.250,87.190,89.570,87.030,87.180,87.190,2466592,216563143.000,100,87.180,500,87.160,6800,87.150,500,87.140,200,87.130,1300,87.190,100,87.220,4500,87.310,700,87.330,300,87.350,2019-04-24,10:42:57,00";
var hq_str_sh603259="药明康德,89.250,89.250,87.150,89.570,87.030,87.150,87.300,2491092,218699377.000,500,87.150,500,87.140,300,87.130,1600,87.110,5000,87.100,700,87.300,700,87.330,300,87.350,100,87.360,100,87.390,2019-04-24,10:44:00,00";
var hq_str_sh603259="药明康德,89.250,89.250,87.180,89.570,87.030,87.130,87.180,2519292,221157988.000,100,87.130,6400,87.120,1300,87.110,5000,87.100,200,87.090,100,87.180,200,87.300,1800,87.330,500,87.350,100,87.360,2019-04-24,10:44:57,00";
var hq_str_sh603259="药明康德,89.250,89.250,87.110,89.570,87.030,87.110,87.120,2553292,224120657.000,800,87.110,5900,87.100,200,87.090,2000,87.080,8000,87.070,100,87.120,600,87.150,300,87.350,100,87.360,500,87.390,2019-04-24,10:45:57,00";
var hq_str_sh603259="药明康德,89.250,89.250,87.100,89.570,87.030,87.100,87.110,2581492,226577074.000,600,87.100,7600,87.070,1600,87.060,2800,87.050,800,87.040,1000,87.110,300,87.120,500,87.340,300,87.350,100,87.360,2019-04-24,10:46:57,00";
var hq_str_sh603259="药明康德,89.250,89.250,87.100,89.570,87.030,87.100,87.150,2594692,227727768.000,2300,87.100,900,87.090,1700,87.080,7600,87.070,1700,87.060,900,87.150,1400,87.250,400,87.300,400,87.340,400,87.350,2019-04-24,10:47:57,00";
var hq_str_sh603259="药明康德,89.250,89.250,87.330,89.570,87.030,87.200,87.330,2615192,229516227.000,100,87.200,200,87.190,300,87.180,300,87.150,900,87.140,2200,87.330,1227,87.340,400,87.350,100,87.360,200,87.380,2019-04-24,10:49:00,00";
var hq_str_sh603259="药明康德,89.250,89.250,87.200,89.570,87.030,87.200,87.300,2626292,230484329.000,7000,87.200,1000,87.140,1900,87.110,1700,87.100,400,87.090,1500,87.300,1400,87.320,6800,87.330,1227,87.340,5400,87.350,2019-04-24,10:49:57,00";
var hq_str_sh603259="药明康德,89.250,89.250,87.340,89.570,87.030,87.210,87.340,2648792,232448615.000,100,87.210,5800,87.200,100,87.190,200,87.180,400,87.150,2500,87.340,2127,87.350,200,87.380,500,87.390,1000,87.400,2019-04-24,10:51:00,00";
var hq_str_sh603259="药明康德,89.250,89.250,87.210,89.570,87.030,87.210,87.280,2660192,233443678.000,200,87.210,6500,87.200,200,87.180,200,87.170,400,87.150,1700,87.280,1600,87.330,6027,87.350,200,87.380,1000,87.390,2019-04-24,10:51:57,00";
var hq_str_sh603259="药明康德,89.250,89.250,87.210,89.570,87.030,87.200,87.210,2668292,234150291.000,6000,87.200,200,87.180,200,87.170,400,87.150,1000,87.140,200,87.210,100,87.280,1600,87.330,6027,87.350,400,87.380,2019-04-24,10:52:54,00";
var hq_str_sh603259="药明康德,89.250,89.250,87.270,89.570,87.030,87.210,87.270,2676092,234830744.000,900,87.210,5700,87.200,100,87.190,200,87.180,200,87.170,1900,87.270,5000,87.310,5600,87.320,1300,87.330,6027,87.350,2019-04-24,10:53:51,00";
var hq_str_sh603259="药明康德,89.250,89.250,87.200,89.570,87.030,87.200,87.210,2690592,236095097.000,600,87.200,1000,87.150,900,87.140,2000,87.110,2000,87.100,300,87.210,700,87.220,2200,87.270,5000,87.310,6100,87.320,2019-04-24,10:54:57,00";
var hq_str_sh603259="药明康德,89.250,89.250,87.170,89.570,87.030,87.160,87.170,2706792,237508451.000,100,87.160,300,87.150,1000,87.140,200,87.130,100,87.120,2300,87.170,1200,87.310,4800,87.320,500,87.330,5827,87.350,2019-04-24,10:55:57,00";
var hq_str_sh603259="药明康德,89.250,89.250,87.290,89.570,87.030,87.250,87.290,2723192,238939973.000,700,87.250,100,87.180,400,87.170,1800,87.160,3400,87.150,800,87.290,1500,87.310,4127,87.350,400,87.380,500,87.390,2019-04-24,10:56:57,00";
var hq_str_sh603259="药明康德,89.250,89.250,87.350,89.570,87.030,87.290,87.350,2733992,239882679.000,200,87.290,800,87.200,1300,87.190,4200,87.180,400,87.170,3327,87.350,400,87.380,500,87.390,800,87.400,2600,87.410,2019-04-24,10:57:57,00";
var hq_str_sh603259="药明康德,89.250,89.250,87.270,89.570,87.030,87.230,87.270,2743892,240747250.000,100,87.230,500,87.210,2200,87.200,1300,87.190,4300,87.180,400,87.270,100,87.320,127,87.340,200,87.350,400,87.380,2019-04-24,10:58:54,00";
var hq_str_sh603259="药明康德,89.250,89.250,87.230,89.570,87.030,87.220,87.270,2747592,241069992.000,9600,87.220,1400,87.210,2200,87.200,1200,87.190,4000,87.180,2100,87.270,100,87.320,127,87.340,200,87.350,400,87.380,2019-04-24,10:59:57,00";
var hq_str_sh603259="药明康德,89.250,89.250,87.270,89.570,87.030,87.270,87.290,2753092,241549822.000,100,87.270,500,87.230,6900,87.220,6600,87.210,2200,87.200,700,87.290,400,87.300,100,87.320,127,87.340,200,87.350,2019-04-24,11:00:57,00";
var hq_str_sh603259="药明康德,89.250,89.250,87.240,89.570,87.030,87.230,87.240,2759492,242108177.000,1700,87.230,6900,87.220,6600,87.210,2400,87.200,1200,87.190,1200,87.240,400,87.290,400,87.300,100,87.320,127,87.340,2019-04-24,11:01:57,00";
var hq_str_sh603259="药明康德,89.250,89.250,87.220,89.570,87.030,87.220,87.290,2768092,242858313.000,1700,87.220,6700,87.210,3500,87.200,1300,87.190,200,87.180,400,87.290,400,87.300,100,87.320,627,87.340,200,87.350,2019-04-24,11:02:57,00";
var hq_str_sh603259="药明康德,89.250,89.250,87.450,89.570,87.030,87.420,87.450,2788019,244597899.000,700,87.420,573,87.410,1000,87.350,100,87.290,100,87.280,1500,87.450,300,87.490,1800,87.500,300,87.550,1000,87.590,2019-04-24,11:03:57,00";
var hq_str_sh603259="药明康德,89.250,89.250,87.500,89.570,87.030,87.450,87.500,2801419,245770143.000,100,87.450,1500,87.410,1000,87.400,1000,87.350,100,87.300,300,87.500,400,87.600,100,87.650,200,87.660,2200,87.670,2019-04-24,11:04:57,00";
var hq_str_sh603259="药明康德,89.250,89.250,87.430,89.570,87.030,87.450,87.500,2814219,246889770.000,1000,87.450,100,87.430,200,87.420,1800,87.410,1000,87.400,600,87.500,100,87.540,1400,87.550,300,87.600,300,87.640,2019-04-24,11:05:57,00";
var hq_str_sh603259="药明康德,89.250,89.250,87.400,89.570,87.030,87.370,87.400,2826119,247930189.000,100,87.370,1400,87.350,400,87.340,500,87.310,200,87.300,1700,87.400,200,87.450,200,87.490,1600,87.500,1300,87.540,2019-04-24,11:06:57,00";
var hq_str_sh603259="药明康德,89.250,89.250,87.330,89.570,87.030,87.230,87.330,2831919,248436651.000,300,87.230,800,87.220,1200,87.210,3600,87.200,600,87.190,100,87.330,100,87.350,200,87.370,200,87.400,700,87.430,2019-04-24,11:07:57,00";
var hq_str_sh603259="药明康德,89.250,89.250,87.230,89.570,87.030,87.220,87.230,2838719,249030048.000,700,87.220,1600,87.210,3800,87.200,300,87.190,400,87.180,1000,87.230,500,87.270,200,87.360,700,87.370,500,87.380,2019-04-24,11:08:57,00";
var hq_str_sh603259="药明康德,89.250,89.250,87.270,89.570,87.030,87.270,87.360,2850519,250059145.000,1900,87.270,300,87.250,400,87.230,200,87.170,1400,87.160,200,87.360,700,87.370,500,87.380,500,87.390,200,87.400,2019-04-24,11:09:57,00";
var hq_str_sh603259="药明康德,89.250,89.250,87.210,89.570,87.030,87.180,87.210,2864719,251297678.000,3200,87.180,600,87.170,8400,87.150,500,87.140,100,87.130,1600,87.210,1000,87.260,5300,87.270,200,87.350,200,87.360,2019-04-24,11:10:54,00";
var hq_str_sh603259="药明康德,89.250,89.250,87.150,89.570,87.030,87.150,87.250,2884719,253041830.000,6400,87.150,1100,87.140,100,87.130,2200,87.110,3800,87.100,100,87.250,1800,87.260,1300,87.270,200,87.350,200,87.360,2019-04-24,11:11:57,00";
var hq_str_sh603259="药明康德,89.250,89.250,87.150,89.570,87.030,87.150,87.200,2894019,253852376.000,10100,87.150,1100,87.140,900,87.130,2300,87.110,24100,87.100,1100,87.200,100,87.250,1800,87.260,1300,87.270,200,87.350,2019-04-24,11:12:57,00";
var hq_str_sh603259="药明康德,89.250,89.250,87.200,89.570,87.030,87.200,87.260,2921919,256285142.000,900,87.200,600,87.190,2100,87.160,9400,87.150,500,87.140,1000,87.260,1200,87.270,200,87.350,200,87.360,800,87.370,2019-04-24,11:13:57,00";
var hq_str_sh603259="药明康德,89.250,89.250,87.270,89.570,87.030,87.270,87.360,2935319,257453909.000,1600,87.270,1800,87.260,500,87.250,1000,87.200,1600,87.160,200,87.360,800,87.370,500,87.380,500,87.390,200,87.400,2019-04-24,11:14:57,00";
var hq_str_sh603259="药明康德,89.250,89.250,87.360,89.570,87.030,87.270,87.330,2940619,257916592.000,700,87.270,1700,87.260,700,87.250,200,87.170,600,87.160,1500,87.330,800,87.370,500,87.380,500,87.390,200,87.400,2019-04-24,11:15:57,00";
var hq_str_sh603259="药明康德,89.250,89.250,87.270,89.570,87.030,87.270,87.320,2948519,258606171.000,1100,87.270,600,87.260,600,87.170,1700,87.160,14700,87.150,200,87.320,200,87.330,800,87.370,500,87.380,500,87.390,2019-04-24,11:16:57,00";
var hq_str_sh603259="药明康德,89.250,89.250,87.390,89.570,87.030,87.280,87.390,2962319,259812087.000,800,87.280,200,87.260,300,87.200,600,87.170,1800,87.160,100,87.390,700,87.440,1000,87.490,1200,87.500,1400,87.550,2019-04-24,11:17:57,00";
var hq_str_sh603259="药明康德,89.250,89.250,87.330,89.570,87.030,87.330,87.370,2973219,260764192.000,700,87.330,300,87.280,200,87.260,500,87.210,500,87.200,100,87.370,300,87.390,2800,87.500,1400,87.550,1700,87.580,2019-04-24,11:18:57,00";
var hq_str_sh603259="药明康德,89.250,89.250,87.440,89.570,87.030,87.370,87.440,2981319,261471954.000,1900,87.370,600,87.360,100,87.300,300,87.280,200,87.260,400,87.440,1000,87.490,3000,87.500,1400,87.550,1700,87.580,2019-04-24,11:19:57,00";
var hq_str_sh603259="药明康德,89.250,89.250,87.300,89.570,87.030,87.300,87.340,2992419,262441138.000,700,87.300,500,87.290,200,87.210,1000,87.200,200,87.190,400,87.340,1700,87.350,400,87.440,2300,87.490,1300,87.500,2019-04-24,11:20:57,00";
var hq_str_sh603259="药明康德,89.250,89.250,87.300,89.570,87.030,87.300,87.330,3007119,263723799.000,1800,87.300,1000,87.200,2600,87.190,2800,87.180,400,87.170,400,87.330,800,87.340,1700,87.350,400,87.440,2300,87.490,2019-04-24,11:21:57,00";
var hq_str_sh603259="药明康德,89.250,89.250,87.250,89.570,87.030,87.250,87.300,3019819,264832259.000,2100,87.250,2400,87.190,2800,87.180,400,87.170,2000,87.160,900,87.300,700,87.350,300,87.390,400,87.440,2600,87.490,2019-04-24,11:22:57,00";
var hq_str_sh603259="药明康德,89.250,89.250,87.190,89.570,87.030,87.200,87.240,3023719,265172436.000,700,87.200,1200,87.190,3800,87.180,1500,87.170,2100,87.160,800,87.240,7200,87.250,1600,87.300,700,87.350,300,87.390,2019-04-24,11:23:57,00";
var hq_str_sh603259="药明康德,89.250,89.250,87.300,89.570,87.030,87.250,87.290,3042319,266795655.000,2000,87.250,100,87.240,900,87.210,1000,87.200,1500,87.190,1500,87.290,500,87.340,700,87.350,500,87.370,500,87.380,2019-04-24,11:24:57,00";
var hq_str_sh603259="药明康德,89.250,89.250,87.220,89.570,87.030,87.220,87.240,3049619,267432372.000,2100,87.220,900,87.190,3800,87.180,1500,87.170,2000,87.160,100,87.240,100,87.250,1300,87.290,800,87.350,500,87.370,2019-04-24,11:25:57,00";
var hq_str_sh603259="药明康德,89.250,89.250,87.290,89.570,87.030,87.280,87.290,3062119,268523248.000,500,87.280,700,87.250,2100,87.240,1500,87.220,300,87.200,800,87.290,300,87.330,1000,87.340,800,87.350,500,87.370,2019-04-24,11:26:51,00";
var hq_str_sh603259="药明康德,89.250,89.250,87.280,89.570,87.030,87.280,87.290,3070919,269291388.000,2400,87.280,700,87.250,2100,87.240,1500,87.220,300,87.200,100,87.290,800,87.340,800,87.350,500,87.370,900,87.380,2019-04-24,11:27:57,00";
var hq_str_sh603259="药明康德,89.250,89.250,87.370,89.570,87.030,87.300,87.330,3080619,270138543.000,1000,87.300,300,87.290,1900,87.280,100,87.270,800,87.250,100,87.330,1000,87.360,600,87.370,800,87.380,300,87.390,2019-04-24,11:28:48,00";
var hq_str_sh603259="药明康德,89.250,89.250,87.310,89.570,87.030,87.310,87.360,3086219,270627641.000,400,87.310,1000,87.300,400,87.290,2000,87.280,100,87.270,100,87.360,500,87.370,800,87.380,300,87.390,600,87.430,2019-04-24,11:29:57,00";
var hq_str_sh603259="药明康德,89.250,89.250,87.310,89.570,87.030,87.310,87.360,3086219,270627641.000,400,87.310,1000,87.300,400,87.290,2000,87.280,100,87.270,100,87.360,500,87.370,800,87.380,300,87.390,600,87.430,2019-04-24,11:30:00,00";
var hq_str_sh603259="药明康德,89.250,89.250,87.380,89.570,87.030,87.330,87.380,3100419,271867936.000,1600,87.330,100,87.320,4200,87.310,2100,87.300,900,87.290,3300,87.380,500,87.430,400,87.440,700,87.490,1900,87.500,2019-04-24,13:00:57,00";
var hq_str_sh603259="药明康德,89.250,89.250,87.440,89.570,87.030,87.440,87.490,3107619,272497090.000,600,87.440,400,87.430,100,87.420,100,87.320,4200,87.310,600,87.490,1800,87.500,1400,87.550,500,87.580,500,87.590,2019-04-24,13:01:57,00";
var hq_str_sh603259="药明康德,89.250,89.250,87.440,89.570,87.030,87.430,87.440,3110019,272706951.000,400,87.430,100,87.420,100,87.380,100,87.350,100,87.320,1000,87.440,500,87.490,1800,87.500,1400,87.550,500,87.580,2019-04-24,13:02:57,00";
var hq_str_sh603259="药明康德,89.250,89.250,87.550,89.570,87.030,87.540,87.580,3119619,273546744.000,400,87.540,1700,87.500,100,87.490,3100,87.440,100,87.420,500,87.580,1100,87.590,5000,87.600,2100,87.650,2200,87.670,2019-04-24,13:03:57,00";
var hq_str_sh603259="药明康德,89.250,89.250,87.580,89.570,87.030,87.570,87.580,3127619,274247204.000,2200,87.570,100,87.560,2400,87.500,200,87.490,200,87.440,1400,87.580,1100,87.590,5100,87.600,200,87.650,2200,87.670,2019-04-24,13:04:57,00";
var hq_str_sh603259="药明康德,89.250,89.250,87.660,89.570,87.030,87.660,87.670,3137419,275105748.000,200,87.660,3600,87.650,100,87.640,300,87.600,1600,87.570,900,87.670,600,87.690,100,87.700,300,87.710,200,87.750,2019-04-24,13:05:57,00";
var hq_str_sh603259="药明康德,89.250,89.250,87.710,89.570,87.030,87.710,87.750,3146519,275903476.000,400,87.710,800,87.700,100,87.690,100,87.620,200,87.600,400,87.750,100,87.780,1400,87.790,2400,87.800,1300,87.850,2019-04-24,13:06:57,00";
var hq_str_sh603259="药明康德,89.250,89.250,87.780,89.570,87.030,87.780,87.790,3155919,276728386.000,900,87.780,700,87.770,100,87.760,600,87.710,200,87.700,1000,87.790,7400,87.800,1300,87.850,100,87.870,500,87.880,2019-04-24,13:07:57,00";
var hq_str_sh603259="药明康德,89.250,89.250,87.950,89.570,87.030,87.940,87.970,3180519,278890324.000,100,87.940,200,87.880,400,87.780,100,87.740,200,87.710,400,87.970,1300,87.980,2800,87.990,20900,88.000,500,88.010,2019-04-24,13:08:57,00";
var hq_str_sh603259="药明康德,89.250,89.250,87.930,89.570,87.030,87.910,87.920,3206419,281169024.000,400,87.910,200,87.900,200,87.880,100,87.800,100,87.770,100,87.920,800,87.930,1000,87.970,1400,87.980,2265,87.990,2019-04-24,13:09:57,00";
var hq_str_sh603259="药明康德,89.250,89.250,87.750,89.570,87.030,87.740,87.750,3211119,281581822.000,500,87.740,100,87.730,200,87.710,200,87.700,100,87.650,800,87.750,100,87.790,4800,87.800,200,87.810,2800,87.880,2019-04-24,13:10:51,00";
var hq_str_sh603259="药明康德,89.250,89.250,87.530,89.570,87.030,87.530,87.640,3217419,282134130.000,400,87.530,3100,87.520,800,87.510,1900,87.500,900,87.460,400,87.640,100,87.650,1100,87.700,400,87.750,200,87.780,2019-04-24,13:11:54,00";
var hq_str_sh603259="药明康德,89.250,89.250,87.730,89.570,87.030,87.720,87.730,3224919,282791757.000,400,87.720,100,87.710,200,87.660,200,87.650,100,87.600,100,87.730,2200,87.800,300,87.810,2800,87.880,400,87.900,2019-04-24,13:12:51,00";
var hq_str_sh603259="药明康德,89.250,89.250,87.750,89.570,87.030,87.750,87.800,3229419,283186607.000,300,87.750,900,87.740,100,87.730,200,87.720,800,87.660,2200,87.800,300,87.810,2800,87.880,400,87.900,1000,87.920,2019-04-24,13:13:57,00";
var hq_str_sh603259="药明康德,89.250,89.250,87.830,89.570,87.030,87.810,87.830,3235619,283731039.000,200,87.810,2000,87.800,100,87.770,100,87.760,500,87.750,200,87.830,100,87.860,300,87.870,4200,87.880,400,87.900,2019-04-24,13:14:54,00";
var hq_str_sh603259="药明康德,89.250,89.250,87.960,89.570,87.030,87.950,87.960,3249419,284944149.000,1300,87.950,200,87.940,100,87.930,12300,87.900,100,87.810,500,87.960,1000,87.980,1265,87.990,14900,88.000,500,88.010,2019-04-24,13:15:57,00";
var hq_str_sh603259="药明康德,89.250,89.250,87.970,89.570,87.030,87.960,87.970,3257919,285691843.000,2400,87.960,1900,87.950,100,87.940,300,87.910,12400,87.900,1900,87.970,1000,87.980,2465,87.990,14900,88.000,500,88.010,2019-04-24,13:16:57,00";
var hq_str_sh603259="药明康德,89.250,89.250,87.990,89.570,87.030,87.980,87.990,3269119,286677110.000,1300,87.980,1200,87.950,300,87.910,12500,87.900,100,87.810,1765,87.990,13800,88.000,500,88.010,700,88.030,200,88.040,2019-04-24,13:17:54,00";
var hq_str_sh603259="药明康德,89.250,89.250,87.980,89.570,87.030,87.970,87.980,3282519,287855797.000,1200,87.970,200,87.960,400,87.950,200,87.940,200,87.920,700,87.980,5365,87.990,13900,88.000,200,88.040,400,88.080,2019-04-24,13:18:57,00";
var hq_str_sh603259="药明康德,89.250,89.250,87.930,89.570,87.030,87.940,87.950,3289119,288436153.000,800,87.940,1700,87.930,200,87.920,300,87.910,10400,87.900,500,87.950,300,87.970,1300,87.980,5265,87.990,14430,88.000,2019-04-24,13:19:51,00";
var hq_str_sh603259="药明康德,89.250,89.250,87.950,89.570,87.030,87.950,87.970,3299919,289385998.000,500,87.950,200,87.940,1600,87.930,600,87.910,10600,87.900,400,87.970,400,87.980,5565,87.990,13830,88.000,200,88.040,2019-04-24,13:20:57,00";
var hq_str_sh603259="药明康德,89.250,89.250,88.180,89.570,87.030,88.160,88.180,3333014,292298686.000,500,88.160,100,88.150,500,88.000,600,87.980,300,87.950,1300,88.180,700,88.190,4800,88.200,200,88.220,200,88.240,2019-04-24,13:21:57,00";
var hq_str_sh603259="药明康德,89.250,89.250,88.150,89.570,87.030,88.150,88.170,3353914,294141577.000,200,88.150,600,88.040,700,88.030,200,88.020,600,88.000,200,88.170,100,88.180,700,88.190,2400,88.200,200,88.220,2019-04-24,13:22:57,00";
var hq_str_sh603259="药明康德,89.250,89.250,88.040,89.570,87.030,88.030,88.040,3364314,295057778.000,300,88.030,300,88.020,800,88.000,2000,87.990,600,87.980,900,88.040,300,88.050,300,88.070,500,88.090,1600,88.100,2019-04-24,13:23:57,00";
var hq_str_sh603259="药明康德,89.250,89.250,88.040,89.570,87.030,88.010,88.040,3370214,295577186.000,100,88.010,1900,88.000,1400,87.990,600,87.980,200,87.950,1800,88.040,600,88.070,200,88.090,800,88.100,1400,88.110,2019-04-24,13:24:57,00";
var hq_str_sh603259="药明康德,89.250,89.250,88.170,89.570,87.030,88.160,88.170,3384314,296819023.000,700,88.160,100,88.140,1200,88.130,2100,88.110,500,88.090,100,88.170,3600,88.180,700,88.190,2600,88.200,100,88.210,2019-04-24,13:25:57,00";
var hq_str_sh603259="药明康德,89.250,89.250,88.130,89.570,87.030,88.110,88.130,3397614,297991553.000,2000,88.110,200,88.100,500,88.090,100,88.020,200,88.010,100,88.130,100,88.150,900,88.160,1200,88.170,2000,88.180,2019-04-24,13:26:57,00";
var hq_str_sh603259="药明康德,89.250,89.250,88.150,89.570,87.030,88.150,88.160,3410014,299084468.000,1100,88.150,100,88.130,100,88.120,3500,88.100,700,88.080,300,88.160,1700,88.170,6000,88.180,2600,88.190,3100,88.200,2019-04-24,13:27:57,00";
var hq_str_sh603259="药明康德,89.250,89.250,88.140,89.570,87.030,88.120,88.140,3419014,299877526.000,6400,88.120,500,88.080,200,88.060,100,88.020,200,88.010,500,88.140,2000,88.150,1300,88.160,1600,88.170,6000,88.180,2019-04-24,13:28:54,00";
var hq_str_sh603259="药明康德,89.250,89.250,88.180,89.570,87.030,88.170,88.180,3437714,301526038.000,200,88.170,500,88.160,300,88.150,300,88.140,3400,88.120,3300,88.180,2600,88.190,3200,88.200,100,88.210,200,88.220,2019-04-24,13:30:03,00";
var hq_str_sh603259="药明康德,89.250,89.250,88.200,89.570,87.030,88.210,88.240,3453214,302892880.000,200,88.210,1300,88.200,800,88.190,1000,88.180,300,88.170,200,88.240,400,88.250,800,88.260,2000,88.270,700,88.280,2019-04-24,13:30:57,00";
var hq_str_sh603259="药明康德,89.250,89.250,88.290,89.570,87.030,88.280,88.310,3464214,303863845.000,500,88.280,100,88.270,100,88.250,300,88.190,1200,88.180,300,88.310,600,88.330,300,88.350,100,88.360,500,88.370,2019-04-24,13:31:57,00";
var hq_str_sh603259="药明康德,89.250,89.250,88.400,89.570,87.030,88.430,88.470,3473814,304712034.000,900,88.430,3800,88.400,800,88.390,300,88.370,1400,88.350,200,88.470,400,88.480,200,88.490,3600,88.500,100,88.510,2019-04-24,13:32:57,00";
var hq_str_sh603259="药明康德,89.250,89.250,88.400,89.570,87.030,88.400,88.410,3492914,306400654.000,400,88.400,300,88.390,1300,88.350,500,88.310,100,88.300,500,88.410,300,88.430,200,88.450,5000,88.460,700,88.470,2019-04-24,13:33:57,00";
var hq_str_sh603259="药明康德,89.250,89.250,88.430,89.570,87.030,88.420,88.430,3504614,307434849.000,600,88.420,1600,88.410,200,88.390,3200,88.380,500,88.350,200,88.430,2500,88.450,5000,88.460,200,88.470,300,88.480,2019-04-24,13:34:57,00";
var hq_str_sh603259="药明康德,89.250,89.250,88.400,89.570,87.030,88.390,88.400,3514714,308327831.000,600,88.390,3500,88.380,4000,88.370,500,88.350,500,88.310,100,88.400,500,88.410,1600,88.430,3000,88.450,5000,88.460,2019-04-24,13:35:57,00";
var hq_str_sh603259="药明康德,89.250,89.250,88.410,89.570,87.030,88.410,88.430,3531014,309768500.000,600,88.410,400,88.400,900,88.380,2500,88.370,500,88.350,1400,88.430,4000,88.450,5000,88.460,100,88.470,200,88.480,2019-04-24,13:36:57,00";
var hq_str_sh603259="药明康德,89.250,89.250,88.770,89.570,87.030,88.770,88.780,3564114,312700242.000,1400,88.770,600,88.760,800,88.750,500,88.710,6600,88.680,500,88.780,2500,88.800,100,88.810,100,88.830,100,88.850,2019-04-24,13:37:57,00";
var hq_str_sh603259="药明康德,89.250,89.250,88.880,89.570,87.030,88.880,88.900,3598014,315712754.000,800,88.880,2600,88.810,300,88.800,300,88.770,100,88.750,1800,88.900,1200,88.920,100,88.930,300,88.960,1800,88.970,2019-04-24,13:38:57,00";
var hq_str_sh603259="药明康德,89.250,89.250,88.810,89.570,87.030,88.780,88.840,3626714,318263090.000,700,88.780,300,88.770,100,88.750,400,88.710,300,88.660,800,88.840,200,88.870,100,88.880,500,88.890,1300,88.900,2019-04-24,13:39:57,00";
var hq_str_sh603259="药明康德,89.250,89.250,88.710,89.570,87.030,88.660,88.710,3636814,319160043.000,400,88.660,200,88.600,100,88.520,400,88.510,500,88.500,200,88.710,1700,88.740,400,88.790,1800,88.800,600,88.810,2019-04-24,13:40:57,00";
var hq_str_sh603259="药明康德,89.250,89.250,88.810,89.570,87.030,88.660,88.810,3652814,320579997.000,500,88.660,100,88.610,200,88.600,100,88.520,400,88.510,300,88.810,500,88.860,1500,88.870,1200,88.880,1600,88.890,2019-04-24,13:41:57,00";
var hq_str_sh603259="药明康德,89.250,89.250,88.750,89.570,87.030,88.750,88.760,3658314,321068188.000,1700,88.750,100,88.730,300,88.700,900,88.690,500,88.660,100,88.760,1700,88.800,600,88.810,1000,88.860,1600,88.870,2019-04-24,13:42:57,00";
var hq_str_sh603259="药明康德,89.250,89.250,88.800,89.570,87.030,88.770,88.800,3675214,322568387.000,300,88.770,400,88.740,1200,88.700,900,88.690,100,88.680,1100,88.800,600,88.810,100,88.850,1000,88.860,1600,88.870,2019-04-24,13:43:57,00";
var hq_str_sh603259="药明康德,89.250,89.250,88.880,89.570,87.030,88.880,88.890,3690714,323945530.000,800,88.880,4500,88.860,100,88.810,1200,88.800,300,88.750,1400,88.890,800,88.900,1400,88.910,600,88.950,1000,88.960,2019-04-24,13:44:57,00";
var hq_str_sh603259="药明康德,89.250,89.250,88.950,89.570,87.030,88.950,88.960,3709714,325634498.000,600,88.950,700,88.940,1500,88.900,3000,88.890,100,88.880,1200,88.960,3300,88.970,2000,88.980,5300,88.990,19700,89.000,2019-04-24,13:45:57,00";
var hq_str_sh603259="药明康德,89.250,89.250,89.030,89.570,87.030,89.030,89.080,3758114,329941315.000,5900,89.030,6500,89.000,700,88.980,400,88.970,1500,88.900,2000,89.080,100,89.090,600,89.100,1500,89.140,100,89.180,2019-04-24,13:46:57,00";
var hq_str_sh603259="药明康德,89.250,89.250,89.110,89.570,87.030,89.090,89.130,3774014,331357818.000,900,89.090,200,89.080,1000,89.010,26500,89.000,100,88.970,300,89.130,1000,89.140,300,89.180,500,89.190,3600,89.200,2019-04-24,13:47:57,00";
var hq_str_sh603259="药明康德,89.250,89.250,89.010,89.570,87.030,89.000,89.010,3788514,332649267.000,26900,89.000,100,88.970,200,88.900,300,88.890,600,88.880,100,89.010,300,89.080,700,89.090,1900,89.100,800,89.120,2019-04-24,13:48:57,00";
var hq_str_sh603259="药明康德,89.250,89.250,88.900,89.570,87.030,88.910,88.960,3803514,333983904.000,800,88.910,100,88.880,9100,88.810,3400,88.800,200,88.770,100,88.960,200,88.990,200,89.000,700,89.030,300,89.040,2019-04-24,13:49:57,00";
var hq_str_sh603259="药明康德,89.250,89.250,88.810,89.570,87.030,88.810,88.850,3815914,335085295.000,1100,88.810,3800,88.800,200,88.770,200,88.700,900,88.690,800,88.850,100,88.880,2200,88.900,300,88.910,100,88.960,2019-04-24,13:50:57,00";
var hq_str_sh603259="药明康德,89.250,89.250,88.800,89.570,87.030,88.730,88.880,3828814,336231123.000,1000,88.730,200,88.700,900,88.690,200,88.680,200,88.660,200,88.880,900,88.900,300,88.910,200,88.960,700,88.980,2019-04-24,13:51:57,00";
var hq_str_sh603259="药明康德,89.250,89.250,88.750,89.570,87.030,88.710,88.720,3833314,336630466.000,100,88.710,5200,88.700,900,88.690,200,88.680,200,88.660,100,88.720,1600,88.750,1500,88.800,1700,88.830,200,88.880,2019-04-24,13:52:57,00";
var hq_str_sh603259="药明康德,89.250,89.250,88.690,89.570,87.030,88.690,88.700,3840614,337277988.000,800,88.690,200,88.680,200,88.660,5400,88.650,200,88.620,1400,88.700,100,88.710,1800,88.750,1000,88.800,1700,88.830,2019-04-24,13:53:57,00";
var hq_str_sh603259="药明康德,89.250,89.250,88.710,89.570,87.030,88.720,88.740,3850614,338164726.000,400,88.720,2100,88.700,400,88.670,700,88.660,2500,88.650,300,88.740,1800,88.750,1000,88.800,300,88.820,1700,88.830,2019-04-24,13:54:57,00";
var hq_str_sh603259="药明康德,89.250,89.250,88.690,89.570,87.030,88.680,88.690,3859014,338909673.000,500,88.680,400,88.660,2000,88.650,2400,88.620,10000,88.610,900,88.690,1000,88.720,100,88.740,1800,88.750,1500,88.800,2019-04-24,13:55:57,00";
var hq_str_sh603259="药明康德,89.250,89.250,88.670,89.570,87.030,88.680,88.700,3867314,339645523.000,600,88.680,100,88.670,300,88.660,100,88.630,100,88.620,400,88.700,200,88.720,100,88.740,1800,88.750,1700,88.800,2019-04-24,13:56:57,00";
var hq_str_sh603259="药明康德,89.250,89.250,88.660,89.570,87.030,88.680,88.700,3873414,340186546.000,300,88.680,400,88.660,100,88.630,800,88.620,10000,88.610,1000,88.700,1700,88.750,1700,88.800,1700,88.830,500,88.880,2019-04-24,13:57:57,00";
var hq_str_sh603259="药明康德,89.250,89.250,88.650,89.570,87.030,88.660,88.700,3879614,340736115.000,100,88.660,200,88.650,300,88.640,1200,88.630,8800,88.610,1100,88.700,100,88.740,1700,88.750,2200,88.800,1700,88.830,2019-04-24,13:58:58,00";
var hq_str_sh603259="药明康德,89.250,89.250,88.720,89.570,87.030,88.660,88.750,3888114,341489792.000,200,88.660,200,88.630,7600,88.610,400,88.600,400,88.530,600,88.750,2200,88.800,1700,88.830,500,88.880,3700,88.900,2019-04-24,13:59:58,00";
var hq_str_sh603259="药明康德,89.250,89.250,88.660,89.570,87.030,88.650,88.660,3892514,341880170.000,300,88.650,1100,88.630,100,88.620,7600,88.610,600,88.600,800,88.660,400,88.680,300,88.700,200,88.710,3700,88.780,2019-04-24,14:00:57,00";
var hq_str_sh603259="药明康德,89.250,89.250,88.610,89.570,87.030,88.630,88.660,3898314,342394219.000,500,88.630,5600,88.610,600,88.600,100,88.580,400,88.530,100,88.660,200,88.680,700,88.700,1300,88.710,3600,88.780,2019-04-24,14:01:51,00";
var hq_str_sh603259="药明康德,89.250,89.250,88.660,89.570,87.030,88.650,88.660,3904014,342899641.000,100,88.650,600,88.630,700,88.620,6800,88.610,700,88.600,1200,88.660,200,88.700,400,88.710,300,88.770,1900,88.800,2019-04-24,14:02:58,00";
var hq_str_sh603259="药明康德,89.250,89.250,88.790,89.570,87.030,88.770,88.800,3909314,343369715.000,900,88.770,200,88.730,800,88.710,200,88.690,1800,88.660,1900,88.800,1700,88.830,200,88.850,500,88.880,3900,88.900,2019-04-24,14:03:58,00";
var hq_str_sh603259="药明康德,89.250,89.250,88.800,89.570,87.030,88.800,88.820,3914914,343866950.000,1300,88.800,800,88.790,1200,88.780,5100,88.770,100,88.720,200,88.820,1700,88.830,200,88.850,500,88.880,3900,88.900,2019-04-24,14:04:58,00";
var hq_str_sh603259="药明康德,89.250,89.250,88.850,89.570,87.030,88.850,88.880,3921314,344435424.000,1200,88.850,400,88.820,100,88.810,1300,88.800,500,88.790,400,88.880,3900,88.900,200,88.910,200,88.960,1900,88.980,2019-04-24,14:05:58,00";
var hq_str_sh603259="药明康德,89.250,89.250,88.820,89.570,87.030,88.820,88.870,3932714,345447928.000,1000,88.820,1500,88.800,500,88.790,200,88.780,500,88.770,1400,88.870,1100,88.880,1200,88.890,3400,88.900,200,88.910,2019-04-24,14:06:58,00";
var hq_str_sh603259="药明康德,89.250,89.250,88.750,89.570,87.030,88.720,88.750,3938914,345998475.000,100,88.720,100,88.690,100,88.670,1300,88.660,500,88.630,500,88.750,400,88.800,500,88.810,800,88.820,200,88.850,2019-04-24,14:07:58,00";
var hq_str_sh603259="药明康德,89.250,89.250,88.600,89.570,87.030,88.550,88.600,3951414,347106232.000,100,88.550,300,88.530,9000,88.510,1900,88.500,100,88.480,2300,88.600,1000,88.610,1300,88.630,100,88.650,1000,88.660,2019-04-24,14:08:58,00";
var hq_str_sh603259="药明康德,89.250,89.250,88.700,89.570,87.030,88.700,88.750,3969714,348727593.000,500,88.700,200,88.690,3500,88.680,2700,88.660,500,88.620,500,88.750,100,88.790,500,88.800,500,88.810,800,88.820,2019-04-24,14:09:58,00";
var hq_str_sh603259="药明康德,89.250,89.250,88.500,89.570,87.030,88.420,88.500,3986814,350242559.000,100,88.420,11000,88.410,100,88.400,100,88.380,2500,88.370,300,88.500,800,88.600,500,88.700,200,88.710,800,88.720,2019-04-24,14:10:58,00";
var hq_str_sh603259="药明康德,89.250,89.250,88.600,89.570,87.030,88.620,88.650,3994514,350924226.000,100,88.620,2200,88.600,200,88.590,300,88.540,100,88.530,4000,88.650,100,88.670,500,88.700,800,88.720,600,88.750,2019-04-24,14:11:58,00";
var hq_str_sh603259="药明康德,89.250,89.250,88.560,89.570,87.030,88.550,88.610,4002514,351633131.000,100,88.550,300,88.540,3900,88.500,1400,88.420,11000,88.410,300,88.610,400,88.640,2900,88.650,100,88.670,500,88.700,2019-04-24,14:12:58,00";
var hq_str_sh603259="药明康德,89.250,89.250,88.500,89.570,87.030,88.410,88.500,4022014,353358092.000,2800,88.410,100,88.400,300,88.380,2500,88.370,300,88.350,300,88.500,600,88.550,300,88.610,800,88.640,3400,88.650,2019-04-24,14:13:58,00";
var hq_str_sh603259="药明康德,89.250,89.250,88.480,89.570,87.030,88.480,88.500,4032514,354287320.000,500,88.480,100,88.460,100,88.420,2800,88.410,300,88.400,6200,88.500,200,88.540,600,88.550,300,88.610,600,88.630,2019-04-24,14:14:58,00";
var hq_str_sh603259="药明康德,89.250,89.250,88.250,89.570,87.030,88.200,88.250,4045314,355418267.000,8500,88.200,100,88.190,100,88.160,200,88.150,100,88.110,900,88.250,100,88.290,100,88.330,100,88.350,3800,88.370,2019-04-24,14:15:58,00";
var hq_str_sh603259="药明康德,89.250,89.250,88.380,89.570,87.030,88.340,88.380,4071114,357695298.000,400,88.340,100,88.230,600,88.200,100,88.120,500,88.090,100,88.380,200,88.420,1300,88.430,100,88.460,500,88.480,2019-04-24,14:16:58,00";
var hq_str_sh603259="药明康德,89.250,89.250,88.210,89.570,87.030,88.200,88.210,4074214,357968872.000,700,88.200,500,88.130,1100,88.120,200,88.100,500,88.090,300,88.210,1700,88.260,300,88.310,500,88.370,600,88.380,2019-04-24,14:17:58,00";
var hq_str_sh603259="药明康德,89.250,89.250,88.150,89.570,87.030,88.140,88.150,4083414,358780020.000,1600,88.140,1200,88.120,900,88.100,500,88.090,200,88.080,2400,88.150,1900,88.200,200,88.210,1700,88.260,300,88.310,2019-04-24,14:18:58,00";
var hq_str_sh603259="药明康德,89.250,89.250,88.210,89.570,87.030,88.190,88.210,4090714,359423674.000,200,88.190,500,88.170,500,88.160,600,88.150,1600,88.140,1500,88.210,700,88.260,500,88.370,600,88.380,1300,88.430,2019-04-24,14:19:58,00";
var hq_str_sh603259="药明康德,89.250,89.250,88.160,89.570,87.030,88.160,88.200,4097414,360014543.000,400,88.160,800,88.150,1700,88.140,1200,88.120,1200,88.100,100,88.200,5400,88.210,700,88.260,500,88.370,600,88.380,2019-04-24,14:20:58,00";
var hq_str_sh603259="药明康德,89.250,89.250,88.140,89.570,87.030,88.040,88.200,4117514,361785920.000,3600,88.040,1000,88.010,12400,88.000,200,87.980,600,87.960,600,88.200,5100,88.210,700,88.260,500,88.370,600,88.380,2019-04-24,14:21:58,00";
var hq_str_sh603259="药明康德,89.250,89.250,88.200,89.570,87.030,88.150,88.200,4137814,363573943.000,100,88.150,300,88.100,200,88.090,400,88.080,100,88.020,100,88.200,600,88.210,700,88.260,500,88.370,600,88.380,2019-04-24,14:22:58,00";
var hq_str_sh603259="药明康德,89.250,89.250,88.320,89.570,87.030,88.260,88.320,4153614,364967244.000,600,88.260,2000,88.120,500,88.100,100,88.090,500,88.060,2400,88.320,500,88.370,600,88.380,100,88.400,1300,88.430,2019-04-24,14:23:58,00";
var hq_str_sh603259="药明康德,89.250,89.250,88.210,89.570,87.030,88.200,88.210,4158514,365399356.000,100,88.200,400,88.170,300,88.160,600,88.150,500,88.130,1900,88.210,2500,88.250,2900,88.260,1600,88.320,500,88.370,2019-04-24,14:24:58,00";
var hq_str_sh603259="药明康德,89.250,89.250,88.160,89.570,87.030,88.190,88.200,4164414,365919564.000,3700,88.190,1700,88.160,1600,88.150,300,88.130,1400,88.100,1400,88.200,900,88.210,3000,88.260,1600,88.320,500,88.370,2019-04-24,14:25:55,00";
var hq_str_sh603259="药明康德,89.250,89.250,88.010,89.570,87.030,88.040,88.100,4188014,367998819.000,5600,88.040,1900,88.010,5500,88.000,200,87.980,600,87.960,200,88.100,600,88.130,1200,88.150,600,88.190,1400,88.200,2019-04-24,14:26:58,00";
var hq_str_sh603259="药明康德,89.250,89.250,88.120,89.570,87.030,88.120,88.130,4195914,368694762.000,100,88.120,1900,88.100,2700,88.070,2100,88.050,1800,88.010,100,88.130,600,88.150,600,88.190,1400,88.200,900,88.210,2019-04-24,14:27:58,00";
var hq_str_sh603259="药明康德,89.250,89.250,88.140,89.570,87.030,88.120,88.140,4200514,369100249.000,1000,88.120,300,88.110,1900,88.100,100,88.070,2100,88.060,1500,88.140,400,88.190,1400,88.200,900,88.210,1300,88.250,2019-04-24,14:28:58,00";
var hq_str_sh603259="药明康德,89.250,89.250,88.170,89.570,87.030,88.160,88.190,4206514,369629146.000,500,88.160,700,88.140,600,88.120,300,88.110,1100,88.100,200,88.190,1700,88.200,900,88.210,1300,88.250,2500,88.260,2019-04-24,14:29:52,00";
var hq_str_sh603259="药明康德,89.250,89.250,88.070,89.570,87.030,88.070,88.080,4220314,370844482.000,7600,88.070,100,88.050,200,88.040,7200,88.030,8500,88.000,100,88.080,100,88.120,500,88.140,500,88.190,1400,88.200,2019-04-24,14:30:58,00";
var hq_str_sh603259="药明康德,89.250,89.250,88.130,89.570,87.030,88.070,88.130,4233614,372016402.000,200,88.070,5100,88.050,300,88.040,100,88.020,500,88.010,1500,88.130,400,88.170,100,88.180,500,88.190,1400,88.200,2019-04-24,14:31:55,00";
var hq_str_sh603259="药明康德,89.250,89.250,88.120,89.570,87.030,88.140,88.170,4251814,373619772.000,2700,88.140,500,88.110,200,88.060,6900,88.050,300,88.040,200,88.170,100,88.180,500,88.190,1400,88.200,1000,88.210,2019-04-24,14:32:58,00";
var hq_str_sh603259="药明康德,89.250,89.250,88.100,89.570,87.030,88.090,88.100,4264114,374703534.000,2900,88.090,400,88.060,7000,88.050,300,88.040,1100,88.010,300,88.100,2200,88.140,2000,88.150,200,88.170,100,88.180,2019-04-24,14:33:58,00";
var hq_str_sh603259="药明康德,89.250,89.250,88.190,89.570,87.030,88.160,88.190,4274214,375593714.000,1500,88.160,200,88.140,2700,88.130,1400,88.110,11700,88.100,300,88.190,700,88.200,1000,88.210,1300,88.250,2500,88.260,2019-04-24,14:34:58,00";
var hq_str_sh603259="药明康德,89.250,89.250,88.280,89.570,87.030,88.300,88.320,4286214,376652614.000,600,88.300,400,88.290,2100,88.280,3000,88.260,600,88.250,1400,88.320,500,88.370,600,88.380,300,88.400,1300,88.430,2019-04-24,14:35:58,00";
var hq_str_sh603259="药明康德,89.250,89.250,88.500,89.570,87.030,88.490,88.500,4307514,378536408.000,1400,88.490,100,88.480,600,88.350,100,88.320,100,88.300,4000,88.500,200,88.540,600,88.550,900,88.600,300,88.610,2019-04-24,14:36:55,00";
var hq_str_sh603259="药明康德,89.250,89.250,88.610,89.570,87.030,88.600,88.610,4321614,379784517.000,19200,88.600,4000,88.520,1200,88.490,30200,88.400,800,88.350,200,88.610,800,88.620,1500,88.650,100,88.670,800,88.680,2019-04-24,14:37:58,00";
var hq_str_sh603259="药明康德,89.250,89.250,88.690,89.570,87.030,88.660,88.700,4346414,381983336.000,4000,88.660,100,88.650,300,88.610,20000,88.600,1400,88.490,500,88.700,100,88.740,600,88.750,1200,88.780,400,88.790,2019-04-24,14:38:58,00";
var hq_str_sh603259="药明康德,89.250,89.250,88.700,89.570,87.030,88.660,88.700,4365714,383695301.000,3700,88.660,100,88.650,16700,88.600,1400,88.490,1300,88.410,8500,88.700,300,88.710,400,88.750,500,88.770,1200,88.780,2019-04-24,14:39:58,00";
var hq_str_sh603259="药明康德,89.250,89.250,88.660,89.570,87.030,88.660,88.690,4378214,384803822.000,1900,88.660,400,88.610,16700,88.600,1400,88.490,1300,88.410,300,88.690,5900,88.700,100,88.720,400,88.750,300,88.760,2019-04-24,14:40:58,00";
var hq_str_sh603259="药明康德,89.250,89.250,88.680,89.570,87.030,88.630,88.660,4386514,385539594.000,900,88.630,600,88.610,16000,88.600,500,88.510,1400,88.490,300,88.660,800,88.680,300,88.690,6700,88.700,100,88.720,2019-04-24,14:41:58,00";
var hq_str_sh603259="药明康德,89.250,89.250,88.650,89.570,87.030,88.640,88.680,4397014,386470562.000,1700,88.640,300,88.620,500,88.610,16500,88.600,500,88.510,100,88.680,6300,88.700,100,88.720,500,88.730,200,88.750,2019-04-24,14:42:55,00";
var hq_str_sh603259="药明康德,89.250,89.250,88.680,89.570,87.030,88.610,88.680,4404314,387117518.000,200,88.610,13600,88.600,500,88.510,1400,88.490,2100,88.410,900,88.680,1400,88.690,6100,88.700,100,88.720,400,88.730,2019-04-24,14:43:58,00";
var hq_str_sh603259="药明康德,89.250,89.250,88.680,89.570,87.030,88.650,88.680,4413714,387950755.000,1100,88.650,100,88.630,700,88.620,400,88.610,14900,88.600,2000,88.680,1400,88.690,6300,88.700,400,88.730,100,88.750,2019-04-24,14:44:58,00";
var hq_str_sh603259="药明康德,89.250,89.250,88.680,89.570,87.030,88.630,88.680,4429414,389342842.000,2600,88.630,1300,88.610,11300,88.600,300,88.590,300,88.580,200,88.680,3800,88.690,6200,88.700,700,88.730,700,88.750,2019-04-24,14:45:58,00";
var hq_str_sh603259="药明康德,89.250,89.250,88.660,89.570,87.030,88.630,88.640,4455014,391611689.000,900,88.630,200,88.610,3100,88.600,300,88.590,300,88.580,600,88.640,300,88.670,1300,88.680,3800,88.690,1400,88.700,2019-04-24,14:46:58,00";
var hq_str_sh603259="药明康德,89.250,89.250,88.750,89.570,87.030,88.730,88.750,4476114,393482858.000,3000,88.730,15000,88.700,400,88.690,500,88.670,2600,88.660,100,88.750,900,88.760,200,88.780,800,88.790,600,88.800,2019-04-24,14:47:58,00";
var hq_str_sh603259="药明康德,89.250,89.250,88.760,89.570,87.030,88.760,88.770,4486414,394397089.000,1000,88.760,800,88.750,1700,88.730,15100,88.700,400,88.690,200,88.770,600,88.800,600,88.810,400,88.820,300,88.860,2019-04-24,14:48:58,00";
var hq_str_sh603259="药明康德,89.250,89.250,88.730,89.570,87.030,88.730,88.790,4497114,395346875.000,600,88.730,18000,88.700,400,88.690,500,88.670,2600,88.660,600,88.790,1000,88.800,600,88.810,400,88.820,300,88.860,2019-04-24,14:49:58,00";
var hq_str_sh603259="药明康德,89.250,89.250,88.770,89.570,87.030,88.730,88.770,4507014,396225610.000,3400,88.730,18400,88.700,400,88.690,500,88.670,2600,88.660,400,88.770,700,88.790,900,88.800,600,88.810,400,88.820,2019-04-24,14:50:58,00";
var hq_str_sh603259="药明康德,89.250,89.250,88.820,89.570,87.030,88.830,88.850,4519814,397362189.000,2000,88.830,300,88.820,1500,88.800,100,88.720,2300,88.710,5900,88.850,10300,88.860,500,88.870,1200,88.880,500,88.890,2019-04-24,14:51:58,00";
var hq_str_sh603259="药明康德,89.250,89.250,88.840,89.570,87.030,88.830,88.840,4536514,398845825.000,300,88.830,2100,88.800,700,88.750,2200,88.710,17800,88.700,400,88.840,1200,88.850,10300,88.860,1000,88.880,1000,88.890,2019-04-24,14:52:55,00";
var hq_str_sh603259="药明康德,89.250,89.250,88.840,89.570,87.030,88.840,88.850,4552314,400248807.000,2100,88.840,100,88.830,200,88.740,600,88.710,17600,88.700,3300,88.850,10600,88.860,1000,88.880,1100,88.890,4600,88.900,2019-04-24,14:53:58,00";
var hq_str_sh603259="药明康德,89.250,89.250,88.870,89.570,87.030,88.840,88.870,4594014,403952006.000,600,88.840,100,88.820,100,88.780,300,88.710,15900,88.700,700,88.870,1600,88.880,800,88.890,130800,88.900,200,88.910,2019-04-24,14:54:58,00";
var hq_str_sh603259="药明康德,89.250,89.250,88.850,89.570,87.030,88.850,88.890,4622714,406502153.000,4200,88.850,10000,88.820,100,88.810,1200,88.800,100,88.780,500,88.890,126400,88.900,200,88.910,2900,88.950,100,88.960,2019-04-24,14:55:58,00";
var hq_str_sh603259="药明康德,89.250,89.250,88.900,89.570,87.030,88.890,88.900,4700414,413409203.000,3500,88.890,300,88.880,100,88.870,1400,88.860,10200,88.850,72200,88.900,200,88.910,600,88.920,100,88.930,2900,88.950,2019-04-24,14:56:58,00";
var hq_str_sh603259="药明康德,89.250,89.250,88.900,89.570,87.030,88.850,88.850,4700414,413409203.000,13100,88.850,7300,0.000,0,0.000,0,0.000,0,0.000,13100,88.850,0,0.000,0,0.000,0,0.000,0,0.000,2019-04-24,14:57:57,00";
var hq_str_sh603259="药明康德,89.250,89.250,88.900,89.570,87.030,88.900,88.900,4700414,413409203.000,59400,88.900,0,0.000,0,0.000,0,0.000,0,0.000,59400,88.900,51600,0.000,0,0.000,0,0.000,0,0.000,2019-04-24,14:58:58,00";
