var hq_str_sh603259="药明康德,66.190,65.900,66.190,66.190,66.190,66.150,66.190,20300,1343657.000,400,66.150,700,66.130,400,66.120,9900,66.110,100,66.080,1680,66.190,2100,66.200,1400,66.300,100,66.310,700,66.350,2019-07-05,09:29:52,00";
var hq_str_sh603259="药明康德,66.190,65.900,65.960,66.300,65.900,65.900,65.960,100900,6674714.000,4700,65.900,500,65.880,100,65.840,200,65.800,100,65.780,200,65.960,9600,66.000,5220,66.090,340,66.100,500,66.110,2019-07-05,09:30:58,00";
var hq_str_sh603259="药明康德,66.190,65.900,65.600,66.300,65.600,65.580,65.600,133200,8800318.000,500,65.580,500,65.540,400,65.530,500,65.520,1200,65.510,1820,65.600,1000,65.900,5580,65.950,600,65.960,100,65.990,2019-07-05,09:31:58,00";
var hq_str_sh603259="药明康德,66.190,65.900,65.780,66.300,65.580,65.700,65.780,175220,11561825.000,12240,65.700,500,65.680,200,65.660,1600,65.650,200,65.630,2700,65.780,6000,65.800,300,65.830,2000,65.850,600,65.880,2019-07-05,09:32:58,00";
var hq_str_sh603259="药明康德,66.190,65.900,65.750,66.300,65.580,65.740,65.750,238520,15726127.000,100,65.740,4000,65.730,21300,65.720,3700,65.710,12540,65.700,100,65.750,16700,65.800,200,65.880,400,65.910,2500,65.940,2019-07-05,09:33:58,00";
var hq_str_sh603259="药明康德,66.190,65.900,65.780,66.300,65.580,65.760,65.810,308120,20305720.000,300,65.760,4900,65.750,2100,65.740,3200,65.730,3400,65.720,280,65.810,1440,65.860,4300,65.880,700,65.910,4200,65.940,2019-07-05,09:34:58,00";
var hq_str_sh603259="药明康德,66.190,65.900,65.870,66.300,65.580,65.870,65.880,347580,22901594.000,100,65.870,9300,65.780,920,65.770,300,65.760,1200,65.750,3100,65.880,700,65.910,100,65.930,4200,65.940,7580,65.950,2019-07-05,09:35:58,00";
var hq_str_sh603259="药明康德,66.190,65.900,65.800,66.300,65.580,65.800,65.870,382880,25224519.000,3000,65.800,1660,65.790,1440,65.780,820,65.770,1100,65.760,200,65.870,1320,65.880,860,65.910,140,65.930,4200,65.940,2019-07-05,09:36:58,00";
var hq_str_sh603259="药明康德,66.190,65.900,65.810,66.300,65.580,65.810,65.880,405880,26738125.000,420,65.810,700,65.800,5400,65.790,1120,65.780,620,65.770,1120,65.880,1000,65.900,2180,65.910,140,65.930,4200,65.940,2019-07-05,09:37:58,00";
var hq_str_sh603259="药明康德,66.190,65.900,65.990,66.300,65.580,65.990,66.000,430280,28346909.000,700,65.990,2100,65.950,700,65.930,600,65.910,1100,65.900,5900,66.000,740,66.100,2000,66.130,80,66.160,2000,66.170,2019-07-05,09:38:58,00";
var hq_str_sh603259="药明康德,66.190,65.900,66.050,66.300,65.580,66.050,66.140,463110,30515637.000,2250,66.050,1000,66.000,520,65.990,200,65.960,1500,65.950,900,66.140,13500,66.150,3480,66.160,2420,66.170,4100,66.200,2019-07-05,09:39:58,00";
var hq_str_sh603259="药明康德,66.190,65.900,66.060,66.300,65.580,66.060,66.070,493000,32490223.000,2600,66.060,300,66.010,4380,66.000,1500,65.950,700,65.930,300,66.070,600,66.080,100,66.090,2551,66.100,6300,66.120,2019-07-05,09:40:58,00";
var hq_str_sh603259="药明康德,66.190,65.900,66.000,66.300,65.580,65.950,66.000,515680,33987873.000,1000,65.950,700,65.930,200,65.920,2000,65.910,1600,65.900,920,66.000,2400,66.060,900,66.070,320,66.080,1851,66.100,2019-07-05,09:41:58,00";
var hq_str_sh603259="药明康德,66.190,65.900,66.070,66.300,65.580,66.070,66.110,556760,36701747.000,6820,66.070,900,65.950,1700,65.930,2000,65.910,1600,65.900,500,66.110,4171,66.120,2300,66.130,800,66.140,13880,66.150,2019-07-05,09:42:58,00";
var hq_str_sh603259="药明康德,66.190,65.900,66.060,66.300,65.580,66.020,66.060,573880,37833115.000,3800,66.020,300,66.010,1400,66.000,100,65.980,300,65.970,13900,66.060,1880,66.070,200,66.080,1740,66.110,2711,66.120,2019-07-05,09:43:58,00";
var hq_str_sh603259="药明康德,66.190,65.900,65.930,66.300,65.580,65.930,65.950,600180,39569270.000,1000,65.930,2000,65.910,1400,65.900,800,65.890,300,65.880,400,65.950,2320,65.960,1000,65.970,400,65.980,1900,66.000,2019-07-05,09:44:58,00";
var hq_str_sh603259="药明康德,66.190,65.900,65.900,66.300,65.580,65.900,65.910,642880,42385187.000,1000,65.900,800,65.890,400,65.880,300,65.860,100,65.850,1000,65.910,140,65.930,3900,65.950,4400,65.980,1300,66.000,2019-07-05,09:45:58,00";
var hq_str_sh603259="药明康德,66.190,65.900,65.810,66.300,65.580,65.810,65.840,660080,43517980.000,600,65.810,2620,65.800,820,65.780,2900,65.760,1300,65.750,800,65.840,1140,65.850,4440,65.860,4000,65.870,17960,65.900,2019-07-05,09:46:58,00";
var hq_str_sh603259="药明康德,66.190,65.900,65.980,66.300,65.580,65.950,65.980,704831,46466202.000,1300,65.950,43389,65.900,120,65.860,3900,65.850,2200,65.810,2200,65.980,2720,66.000,320,66.020,100,66.040,3500,66.060,2019-07-05,09:47:58,00";
var hq_str_sh603259="药明康德,66.190,65.900,65.850,66.300,65.580,65.800,65.830,773360,50981741.000,280,65.800,1020,65.780,2800,65.760,1300,65.750,600,65.740,4300,65.830,20100,65.850,400,65.880,8400,65.890,10000,65.900,2019-07-05,09:48:58,00";
var hq_str_sh603259="药明康德,66.190,65.900,65.700,66.300,65.580,65.660,65.700,805360,53086062.000,1900,65.660,2600,65.650,400,65.640,3000,65.630,900,65.620,2100,65.700,1200,65.750,800,65.800,19300,65.850,400,65.880,2019-07-05,09:49:59,00";
var hq_str_sh603259="药明康德,66.190,65.900,65.750,66.300,65.580,65.750,65.780,819440,54011043.000,1200,65.750,100,65.710,2900,65.700,400,65.680,3100,65.670,2500,65.780,800,65.800,10000,65.830,16000,65.840,19200,65.850,2019-07-05,09:50:59,00";
var hq_str_sh603259="药明康德,66.190,65.900,65.750,66.300,65.580,65.720,65.750,833220,54916773.000,300,65.720,4700,65.710,5620,65.700,300,65.680,1200,65.670,9900,65.750,200,65.770,1500,65.780,800,65.800,200,65.820,2019-07-05,09:51:59,00";
var hq_str_sh603259="药明康德,66.190,65.900,65.700,66.300,65.580,65.680,65.700,861740,56791339.000,2700,65.680,1200,65.670,2420,65.660,3000,65.650,400,65.640,500,65.700,320,65.720,600,65.750,400,65.770,1500,65.780,2019-07-05,09:52:59,00";
var hq_str_sh603259="药明康德,66.190,65.900,65.590,66.300,65.580,65.580,65.590,903000,59500309.000,1500,65.580,2600,65.550,500,65.540,300,65.520,1300,65.510,300,65.590,7240,65.600,2000,65.690,300,65.700,100,65.710,2019-07-05,09:53:59,00";
var hq_str_sh603259="药明康德,66.190,65.900,65.450,66.300,65.430,65.440,65.450,929480,61234628.000,3020,65.440,500,65.430,900,65.420,2000,65.410,2600,65.400,4200,65.450,760,65.470,80,65.490,6600,65.500,7040,65.600,2019-07-05,09:54:58,00";
var hq_str_sh603259="药明康德,66.190,65.900,65.470,66.300,65.390,65.450,65.470,970700,63931484.000,3560,65.450,400,65.440,1700,65.430,3100,65.420,1000,65.410,660,65.470,5080,65.490,5300,65.500,5000,65.590,6940,65.600,2019-07-05,09:55:59,00";
var hq_str_sh603259="药明康德,66.190,65.900,65.370,66.300,65.370,65.370,65.380,1008560,66408293.000,500,65.370,400,65.350,200,65.340,300,65.320,1300,65.310,2600,65.380,200,65.390,15400,65.400,1000,65.420,4040,65.450,2019-07-05,09:56:58,00";
var hq_str_sh603259="药明康德,66.190,65.900,65.380,66.300,65.300,65.370,65.380,1055100,69449579.000,4800,65.370,2200,65.350,3300,65.340,900,65.330,4700,65.320,7600,65.380,7700,65.390,10200,65.400,1000,65.420,2860,65.470,2019-07-05,09:57:59,00";
var hq_str_sh603259="药明康德,66.190,65.900,65.290,66.300,65.190,65.210,65.260,1130580,74376020.000,2000,65.210,7660,65.200,4020,65.190,1800,65.180,5100,65.160,180,65.260,3740,65.300,480,65.310,3600,65.350,1700,65.370,2019-07-05,09:58:59,00";
var hq_str_sh603259="药明康德,66.190,65.900,65.250,66.300,65.190,65.220,65.250,1170440,76975218.000,260,65.220,1300,65.210,4240,65.200,2920,65.190,2100,65.180,8160,65.250,3560,65.260,100,65.270,100,65.290,1340,65.300,2019-07-05,09:59:59,00";
var hq_str_sh603259="药明康德,66.190,65.900,65.370,66.300,65.190,65.380,65.390,1219480,80177205.000,500,65.380,280,65.370,1400,65.350,200,65.330,3200,65.320,8700,65.390,10000,65.400,2860,65.470,5000,65.490,4000,65.520,2019-07-05,10:00:59,00";
var hq_str_sh603259="药明康德,66.190,65.900,65.360,66.300,65.190,65.360,65.370,1246580,81949195.000,900,65.360,380,65.350,100,65.340,1200,65.330,3000,65.320,10900,65.370,10800,65.380,2380,65.400,2860,65.470,5000,65.490,2019-07-05,10:01:58,00";
var hq_str_sh603259="药明康德,66.190,65.900,65.260,66.300,65.190,65.270,65.370,1277360,83958912.000,300,65.270,1000,65.250,2860,65.210,11060,65.200,3520,65.190,8800,65.370,9900,65.380,2280,65.400,2860,65.470,5000,65.490,2019-07-05,10:02:58,00";
var hq_str_sh603259="药明康德,66.190,65.900,65.360,66.300,65.190,65.330,65.360,1292000,84915479.000,500,65.330,500,65.320,300,65.310,1360,65.300,4100,65.290,900,65.360,1140,65.370,10040,65.380,2280,65.400,2860,65.470,2019-07-05,10:03:58,00";
var hq_str_sh603259="药明康德,66.190,65.900,65.290,66.300,65.190,65.290,65.300,1337900,87911296.000,400,65.290,400,65.220,400,65.210,8080,65.200,3520,65.190,9140,65.300,2140,65.350,6040,65.370,340,65.380,2280,65.400,2019-07-05,10:04:59,00";
var hq_str_sh603259="药明康德,66.190,65.900,65.290,66.300,65.190,65.280,65.290,1361760,89468322.000,200,65.280,400,65.270,1340,65.260,1000,65.250,500,65.240,3840,65.290,9240,65.300,2240,65.350,5540,65.370,340,65.380,2019-07-05,10:05:58,00";
var hq_str_sh603259="药明康德,66.190,65.900,65.280,66.300,65.190,65.270,65.280,1388420,91208966.000,1040,65.270,1940,65.260,1700,65.250,500,65.240,100,65.230,3400,65.280,40,65.300,100,65.350,5540,65.370,8840,65.380,2019-07-05,10:06:55,00";
var hq_str_sh603259="药明康德,66.190,65.900,65.270,66.300,65.190,65.260,65.270,1401480,92061490.000,1760,65.260,1800,65.250,500,65.240,1100,65.230,1800,65.210,1220,65.270,200,65.280,200,65.350,1100,65.360,5540,65.370,2019-07-05,10:07:59,00";
var hq_str_sh603259="药明康德,66.190,65.900,65.290,66.300,65.190,65.290,65.360,1421440,93364616.000,400,65.290,1500,65.280,1400,65.270,700,65.260,1400,65.250,5000,65.360,4240,65.370,8840,65.380,2280,65.400,2860,65.470,2019-07-05,10:08:59,00";
var hq_str_sh603259="药明康德,66.190,65.900,65.350,66.300,65.190,65.350,65.360,1440360,94600200.000,700,65.350,1200,65.310,380,65.290,800,65.280,1500,65.270,5240,65.360,4440,65.370,8700,65.380,2280,65.400,2860,65.470,2019-07-05,10:09:59,00";
var hq_str_sh603259="药明康德,66.190,65.900,65.360,66.300,65.190,65.310,65.360,1479160,97135840.000,3500,65.310,200,65.300,380,65.290,700,65.280,1500,65.270,4900,65.360,8600,65.380,2280,65.400,2860,65.470,5000,65.490,2019-07-05,10:10:59,00";
var hq_str_sh603259="药明康德,66.190,65.900,65.200,66.300,65.160,65.160,65.200,1520940,99861339.000,3400,65.160,600,65.150,200,65.130,500,65.120,6700,65.100,1300,65.200,200,65.260,8200,65.290,19060,65.300,1200,65.310,2019-07-05,10:11:58,00";
var hq_str_sh603259="药明康德,66.190,65.900,65.100,66.300,65.100,65.080,65.100,1558740,102323458.000,1300,65.080,100,65.070,300,65.060,2800,65.050,200,65.040,3640,65.100,420,65.150,1100,65.200,200,65.260,5600,65.270,2019-07-05,10:12:58,00";
var hq_str_sh603259="药明康德,66.190,65.900,65.100,66.300,65.050,65.100,65.200,1603240,105220674.000,3300,65.100,3100,65.080,1000,65.070,6100,65.060,2300,65.050,320,65.200,600,65.250,5100,65.260,5000,65.270,7000,65.280,2019-07-05,10:13:59,00";
var hq_str_sh603259="药明康德,66.190,65.900,65.270,66.300,65.050,65.200,65.260,1627900,106829127.000,500,65.200,1040,65.190,6500,65.150,100,65.120,400,65.110,2300,65.260,3200,65.270,7000,65.280,8200,65.290,19020,65.300,2019-07-05,10:14:58,00";
var hq_str_sh603259="药明康德,66.190,65.900,65.160,66.300,65.050,65.160,65.200,1645400,107969766.000,740,65.160,1200,65.150,1200,65.120,700,65.110,1600,65.100,8700,65.200,5900,65.260,6200,65.270,7000,65.280,8200,65.290,2019-07-05,10:15:59,00";
var hq_str_sh603259="药明康德,66.190,65.900,65.140,66.300,65.050,65.130,65.140,1656380,108685110.000,460,65.130,1600,65.120,700,65.110,2000,65.100,2700,65.080,800,65.140,400,65.150,460,65.170,7900,65.200,4900,65.260,2019-07-05,10:16:58,00";
var hq_str_sh603259="药明康德,66.190,65.900,65.160,66.300,65.050,65.150,65.160,1677540,110063726.000,900,65.150,400,65.140,2900,65.120,3300,65.110,3800,65.100,2700,65.160,3860,65.170,7800,65.200,120,65.210,4900,65.260,2019-07-05,10:17:59,00";
var hq_str_sh603259="药明康德,66.190,65.900,65.270,66.300,65.050,65.260,65.270,1704800,111841464.000,13800,65.260,8500,65.250,1000,65.240,780,65.230,100,65.220,2300,65.270,7000,65.280,8200,65.290,20280,65.300,100,65.310,2019-07-05,10:18:58,00";
var hq_str_sh603259="药明康德,66.190,65.900,65.360,66.300,65.050,65.360,65.370,1758740,115363954.000,1960,65.360,100,65.350,800,65.320,1880,65.310,29620,65.300,100,65.370,8600,65.380,2280,65.400,2860,65.470,5000,65.490,2019-07-05,10:19:59,00";
var hq_str_sh603259="药明康德,66.190,65.900,65.380,66.300,65.050,65.370,65.380,1771200,116178443.000,500,65.370,300,65.360,4700,65.350,100,65.340,2700,65.330,2960,65.380,2280,65.400,2860,65.470,5000,65.490,580,65.500,2019-07-05,10:20:59,00";
var hq_str_sh603259="药明康德,66.190,65.900,65.360,66.300,65.050,65.330,65.340,1789300,117361402.000,1900,65.330,800,65.320,1000,65.310,29420,65.300,300,65.280,140,65.340,2800,65.360,2440,65.370,6440,65.380,1980,65.400,2019-07-05,10:21:59,00";
var hq_str_sh603259="药明康德,66.190,65.900,65.470,66.300,65.050,65.400,65.460,1819880,119360395.000,2800,65.400,600,65.380,500,65.370,1320,65.340,3600,65.330,200,65.460,2660,65.470,200,65.480,5000,65.490,5580,65.500,2019-07-05,10:22:58,00";
var hq_str_sh603259="药明康德,66.190,65.900,65.460,66.300,65.050,65.450,65.460,1855840,121714311.000,200,65.450,240,65.410,2700,65.400,3600,65.380,600,65.370,5100,65.460,6200,65.470,3600,65.480,4660,65.490,5580,65.500,2019-07-05,10:23:59,00";
var hq_str_sh603259="药明康德,66.190,65.900,65.400,66.300,65.050,65.390,65.480,1886360,123711892.000,100,65.390,3000,65.380,600,65.370,600,65.340,3500,65.330,2840,65.480,4660,65.490,5580,65.500,2000,65.520,6000,65.550,2019-07-05,10:24:58,00";
var hq_str_sh603259="药明康德,66.190,65.900,65.450,66.300,65.050,65.420,65.450,1891900,124074330.000,4600,65.420,6960,65.410,3900,65.400,100,65.390,3300,65.380,700,65.450,9600,65.470,3440,65.480,4660,65.490,5580,65.500,2019-07-05,10:25:59,00";
var hq_str_sh603259="药明康德,66.190,65.900,65.550,66.300,65.050,65.540,65.550,1954480,128174020.000,1000,65.540,500,65.530,200,65.520,7720,65.500,100,65.460,7500,65.550,600,65.560,3000,65.570,2700,65.580,5000,65.590,2019-07-05,10:26:59,00";
var hq_str_sh603259="药明康德,66.190,65.900,65.580,66.300,65.050,65.560,65.580,1973020,129389347.000,3000,65.560,1360,65.550,200,65.540,600,65.530,200,65.520,2240,65.580,5100,65.590,6300,65.600,100,65.620,3200,65.630,2019-07-05,10:27:55,00";
var hq_str_sh603259="药明康德,66.190,65.900,65.600,66.300,65.050,65.600,65.620,2007100,131624206.000,4900,65.600,520,65.590,300,65.580,2780,65.500,100,65.460,4820,65.620,8200,65.630,300,65.640,10000,65.650,480,65.660,2019-07-05,10:28:58,00";
var hq_str_sh603259="药明康德,66.190,65.900,65.610,66.300,65.050,65.590,65.610,2032240,133273126.000,11700,65.590,600,65.570,2000,65.510,560,65.500,100,65.460,300,65.610,3220,65.620,8200,65.630,300,65.640,10000,65.650,2019-07-05,10:29:55,00";
var hq_str_sh603259="药明康德,66.190,65.900,65.630,66.300,65.050,65.620,65.630,2045580,134148432.000,580,65.620,1320,65.610,2160,65.600,11400,65.590,600,65.570,3400,65.630,1300,65.640,10000,65.650,480,65.660,400,65.670,2019-07-05,10:30:55,00";
var hq_str_sh603259="药明康德,66.190,65.900,65.610,66.300,65.050,65.610,65.620,2073200,135961274.000,100,65.610,400,65.600,11200,65.590,600,65.570,3700,65.550,100,65.620,1860,65.630,1680,65.650,480,65.660,400,65.670,2019-07-05,10:31:59,00";
var hq_str_sh603259="药明康德,66.190,65.900,65.610,66.300,65.050,65.600,65.610,2099901,137712762.000,11499,65.600,100,65.590,700,65.570,3700,65.550,2000,65.510,6200,65.610,2400,65.620,720,65.630,2180,65.650,480,65.660,2019-07-05,10:32:58,00";
var hq_str_sh603259="药明康德,66.190,65.900,65.580,66.300,65.050,65.570,65.580,2148560,140904110.000,800,65.570,14180,65.560,1960,65.550,100,65.540,2000,65.510,61,65.580,80,65.600,100,65.620,20,65.630,2180,65.650,2019-07-05,10:33:59,00";
var hq_str_sh603259="药明康德,66.190,65.900,65.640,66.300,65.050,65.620,65.640,2155081,141332121.000,400,65.620,2940,65.600,939,65.580,800,65.570,13680,65.560,2000,65.640,2100,65.650,5100,65.660,3500,65.670,100,65.680,2019-07-05,10:35:00,00";
var hq_str_sh603259="药明康德,66.190,65.900,65.670,66.300,65.050,65.660,65.670,2186721,143408777.000,4700,65.660,6600,65.650,4600,65.640,60,65.620,4340,65.600,2600,65.670,5100,65.680,6500,65.690,1200,65.700,2240,65.720,2019-07-05,10:36:01,00";
var hq_str_sh603259="药明康德,66.190,65.900,65.710,66.300,65.050,65.690,65.710,2210141,144946989.000,1900,65.690,8480,65.680,100,65.670,200,65.660,4100,65.650,300,65.710,2240,65.720,300,65.750,2900,65.780,3300,65.790,2019-07-05,10:36:55,00";
var hq_str_sh603259="药明康德,66.190,65.900,65.820,66.300,65.050,65.800,65.820,2248701,147483980.000,1580,65.800,900,65.740,300,65.730,11860,65.720,100,65.710,1760,65.820,10000,65.830,16000,65.840,20660,65.850,1000,65.880,2019-07-05,10:37:58,00";
var hq_str_sh603259="药明康德,66.190,65.900,65.800,66.300,65.050,65.750,65.810,2273201,149095139.000,600,65.750,4740,65.720,200,65.710,400,65.700,1280,65.680,300,65.810,7360,65.820,10000,65.830,16000,65.840,20660,65.850,2019-07-05,10:38:58,00";
var hq_str_sh603259="药明康德,66.190,65.900,65.790,66.300,65.050,65.770,65.790,2277141,149354324.000,2300,65.770,1960,65.760,8400,65.750,4640,65.720,100,65.710,1600,65.790,2940,65.800,1200,65.810,2860,65.820,10000,65.830,2019-07-05,10:39:58,00";
var hq_str_sh603259="药明康德,66.190,65.900,65.770,66.300,65.050,65.760,65.770,2283341,149762096.000,1960,65.760,8600,65.750,4640,65.720,100,65.710,1380,65.680,100,65.770,1000,65.780,3600,65.790,2040,65.800,1100,65.810,2019-07-05,10:40:58,00";
var hq_str_sh603259="药明康德,66.190,65.900,65.830,66.300,65.050,65.810,65.830,2306921,151313879.000,11600,65.810,500,65.800,3360,65.780,400,65.760,8600,65.750,2100,65.830,16000,65.840,20660,65.850,800,65.880,14000,65.890,2019-07-05,10:41:58,00";
var hq_str_sh603259="药明康德,66.190,65.900,65.990,66.300,65.050,65.920,65.980,2399381,157406387.000,2600,65.920,4840,65.900,400,65.880,200,65.870,15000,65.850,600,65.980,13500,65.990,25800,66.000,1760,66.020,2100,66.040,2019-07-05,10:42:58,00";
var hq_str_sh603259="药明康德,66.190,65.900,65.900,66.300,65.050,65.890,65.900,2413621,158345040.000,100,65.890,600,65.880,300,65.860,15000,65.850,28400,65.830,420,65.900,200,65.910,2600,65.920,400,65.940,1000,65.960,2019-07-05,10:43:58,00";
var hq_str_sh603259="药明康德,66.190,65.900,65.920,66.300,65.050,65.920,65.950,2423881,159021087.000,500,65.920,1000,65.910,3540,65.900,100,65.880,14400,65.850,2000,65.950,1000,65.960,500,65.970,3700,65.980,13500,65.990,2019-07-05,10:44:58,00";
var hq_str_sh603259="药明康德,66.190,65.900,65.920,66.300,65.050,65.900,65.920,2429981,159423276.000,21240,65.900,400,65.880,28600,65.830,10600,65.810,1100,65.800,300,65.920,2000,65.930,4000,65.940,1600,65.950,1000,65.960,2019-07-05,10:46:00,00";
var hq_str_sh603259="药明康德,66.190,65.900,66.010,66.300,65.050,65.990,66.010,2492621,163555408.000,400,65.990,200,65.980,600,65.970,2700,65.960,200,65.950,1200,66.010,1760,66.020,2100,66.040,100,66.050,5220,66.060,2019-07-05,10:46:58,00";
var hq_str_sh603259="药明康德,66.190,65.900,66.000,66.300,65.050,65.990,66.000,2507221,164518865.000,800,65.990,1900,65.980,300,65.970,4400,65.950,300,65.940,140,66.000,580,66.010,1760,66.020,500,66.030,2100,66.040,2019-07-05,10:47:58,00";
var hq_str_sh603259="药明康德,66.190,65.900,65.950,66.300,65.050,65.940,65.950,2529601,165995284.000,1600,65.940,12300,65.930,1500,65.920,4700,65.910,33140,65.900,2040,65.950,5500,65.970,300,65.980,2160,65.990,24161,66.000,2019-07-05,10:48:58,00";
var hq_str_sh603259="药明康德,66.190,65.900,65.950,66.300,65.050,65.950,65.960,2563342,168220386.000,879,65.950,3280,65.930,1600,65.920,4700,65.910,28340,65.900,200,65.960,240,65.970,400,65.980,2660,65.990,23021,66.000,2019-07-05,10:49:58,00";
var hq_str_sh603259="药明康德,66.190,65.900,65.960,66.300,65.050,65.960,65.970,2578042,169189960.000,100,65.960,4300,65.950,1059,65.920,4700,65.910,28440,65.900,200,65.970,2280,65.980,160,65.990,20561,66.000,300,66.010,2019-07-05,10:50:58,00";
var hq_str_sh603259="药明康德,66.190,65.900,65.950,66.300,65.050,65.940,65.950,2586042,169717592.000,2600,65.940,759,65.920,4700,65.910,28340,65.900,400,65.880,2000,65.950,2260,65.960,200,65.970,2280,65.980,2160,65.990,2019-07-05,10:51:58,00";
var hq_str_sh603259="药明康德,66.190,65.900,65.920,66.300,65.050,65.900,65.920,2621182,172033539.000,3559,65.900,100,65.890,300,65.880,100,65.860,100,65.850,2100,65.920,400,65.930,2200,65.940,500,65.950,3800,65.960,2019-07-05,10:52:58,00";
var hq_str_sh603259="药明康德,66.190,65.900,65.910,66.300,65.050,65.910,65.920,2630702,172660990.000,100,65.910,1939,65.900,100,65.890,300,65.880,100,65.860,3400,65.920,2100,65.930,2200,65.940,2600,65.950,2200,65.960,2019-07-05,10:53:58,00";
var hq_str_sh603259="药明康德,66.190,65.900,65.910,66.300,65.050,65.910,65.920,2639202,173221220.000,14300,65.910,900,65.900,100,65.890,300,65.880,200,65.860,2700,65.920,4100,65.930,4200,65.940,4600,65.950,2200,65.960,2019-07-05,10:55:00,00";
var hq_str_sh603259="药明康德,66.190,65.900,65.910,66.300,65.050,65.910,65.930,2677842,175768361.000,760,65.910,300,65.880,200,65.860,1000,65.850,200,65.840,5000,65.930,3600,65.940,4500,65.950,2200,65.960,4200,65.980,2019-07-05,10:55:58,00";
var hq_str_sh603259="药明康德,66.190,65.900,65.900,66.300,65.050,65.860,65.900,2700102,177235246.000,300,65.860,1000,65.850,400,65.840,23500,65.830,500,65.820,8140,65.900,300,65.920,5020,65.930,3100,65.940,4600,65.950,2019-07-05,10:56:58,00";
var hq_str_sh603259="药明康德,66.190,65.900,65.860,66.300,65.050,65.840,65.860,2726662,178984137.000,8140,65.840,18300,65.830,500,65.820,10500,65.810,1100,65.800,200,65.860,900,65.880,8340,65.900,5120,65.930,3600,65.940,2019-07-05,10:57:55,00";
var hq_str_sh603259="药明康德,66.190,65.900,65.900,66.300,65.050,65.890,65.900,2741522,179962855.000,2500,65.890,2680,65.840,400,65.830,500,65.820,10500,65.810,4740,65.900,5540,65.930,5600,65.940,4100,65.950,6500,65.960,2019-07-05,10:58:58,00";
var hq_str_sh603259="药明康德,66.190,65.900,65.880,66.300,65.050,65.840,65.880,2751522,180621746.000,2680,65.840,400,65.830,500,65.820,10500,65.810,1200,65.800,500,65.880,1500,65.890,3240,65.900,5120,65.930,5500,65.940,2019-07-05,10:59:58,00";
var hq_str_sh603259="药明康德,66.190,65.900,65.840,66.300,65.050,65.830,65.840,2761802,181298679.000,400,65.830,500,65.820,10500,65.810,1700,65.800,1000,65.780,4520,65.840,20,65.860,1600,65.880,1200,65.890,2240,65.900,2019-07-05,11:01:00,00";
var hq_str_sh603259="药明康德,66.190,65.900,65.850,66.300,65.050,65.850,65.880,2787202,182970883.000,400,65.850,2500,65.830,7500,65.820,9600,65.810,1700,65.800,1620,65.880,1200,65.890,2340,65.900,5120,65.930,5400,65.940,2019-07-05,11:01:55,00";
var hq_str_sh603259="药明康德,66.190,65.900,65.750,66.300,65.050,65.720,65.750,2825802,185510589.000,4640,65.720,100,65.710,1680,65.680,1100,65.660,1300,65.650,1200,65.750,2800,65.780,2000,65.800,7500,65.810,2100,65.820,2019-07-05,11:02:55,00";
var hq_str_sh603259="药明康德,66.190,65.900,65.760,66.300,65.050,65.760,65.800,2844842,186762724.000,360,65.760,2300,65.740,12100,65.730,4640,65.720,400,65.690,2000,65.800,7700,65.810,2100,65.820,1000,65.860,1200,65.890,2019-07-05,11:03:58,00";
var hq_str_sh603259="药明康德,66.190,65.900,65.820,66.300,65.050,65.820,65.890,2863082,187962908.000,2100,65.820,2640,65.810,20500,65.800,200,65.790,1800,65.780,1200,65.890,3900,65.900,600,65.910,5120,65.930,5400,65.940,2019-07-05,11:05:01,00";
var hq_str_sh603259="药明康德,66.190,65.900,65.900,66.300,65.050,65.860,65.900,2900882,190450665.000,100,65.860,3700,65.850,900,65.830,500,65.820,500,65.810,600,65.900,600,65.910,100,65.920,7120,65.930,5400,65.940,2019-07-05,11:05:55,00";
var hq_str_sh603259="药明康德,66.190,65.900,65.930,66.300,65.050,65.890,65.930,2912282,191201804.000,600,65.890,200,65.860,500,65.850,400,65.830,500,65.810,6560,65.930,5400,65.940,4100,65.950,3600,65.960,280,65.970,2019-07-05,11:06:55,00";
var hq_str_sh603259="药明康德,66.190,65.900,65.890,66.300,65.050,65.890,65.900,2917282,191531303.000,3200,65.890,200,65.860,500,65.850,500,65.810,27800,65.800,100,65.900,1960,65.920,7360,65.930,5400,65.940,4240,65.950,2019-07-05,11:07:58,00";
var hq_str_sh603259="药明康德,66.190,65.900,65.890,66.300,65.050,65.860,65.890,2929082,192308924.000,400,65.860,500,65.850,900,65.810,27800,65.800,6040,65.770,120,65.890,100,65.900,1100,65.910,740,65.920,7260,65.930,2019-07-05,11:08:58,00";
var hq_str_sh603259="药明康德,66.190,65.900,65.910,66.300,65.050,65.810,65.910,2959302,194298218.000,1200,65.810,13680,65.800,6540,65.770,100,65.750,2100,65.740,600,65.910,1080,65.920,7260,65.930,5100,65.940,6240,65.950,2019-07-05,11:09:58,00";
var hq_str_sh603259="药明康德,66.190,65.900,65.900,66.300,65.050,65.900,65.910,2966622,194780506.000,2580,65.900,400,65.820,13680,65.800,6540,65.770,100,65.750,1600,65.910,6080,65.920,7260,65.930,5100,65.940,6100,65.950,2019-07-05,11:10:58,00";
var hq_str_sh603259="药明康德,66.190,65.900,65.900,66.300,65.050,65.830,65.900,2977802,195517255.000,100,65.830,400,65.820,500,65.810,13680,65.800,6540,65.770,7140,65.900,2540,65.910,5780,65.920,7260,65.930,5100,65.940,2019-07-05,11:11:58,00";
var hq_str_sh603259="药明康德,66.190,65.900,65.880,66.300,65.050,65.880,65.890,2982442,195822991.000,7860,65.880,300,65.830,400,65.820,2600,65.810,13580,65.800,1100,65.890,8040,65.900,2940,65.910,5640,65.920,7260,65.930,2019-07-05,11:12:58,00";
var hq_str_sh603259="药明康德,66.190,65.900,65.900,66.300,65.050,65.890,65.900,2993682,196563640.000,4000,65.890,6620,65.880,300,65.830,300,65.820,2600,65.810,4240,65.900,2940,65.910,5640,65.920,7260,65.930,5100,65.940,2019-07-05,11:13:58,00";
var hq_str_sh603259="药明康德,66.190,65.900,65.950,66.300,65.050,65.950,65.960,3031902,199083416.000,9600,65.950,2600,65.940,1200,65.930,1260,65.920,3420,65.910,3600,65.960,2500,65.970,10500,65.980,5560,65.990,40661,66.000,2019-07-05,11:14:58,00";
var hq_str_sh603259="药明康德,66.190,65.900,65.920,66.300,65.050,65.920,65.940,3058122,200812522.000,780,65.920,460,65.910,400,65.900,1600,65.890,6620,65.880,5600,65.940,7500,65.950,4800,65.960,3000,65.970,10500,65.980,2019-07-05,11:15:58,00";
var hq_str_sh603259="药明康德,66.190,65.900,65.930,66.300,65.050,65.900,65.930,3079762,202239346.000,1000,65.900,1600,65.890,6220,65.880,300,65.820,2600,65.810,140,65.930,7600,65.940,6600,65.950,6800,65.960,3000,65.970,2019-07-05,11:16:58,00";
var hq_str_sh603259="药明康德,66.190,65.900,65.920,66.300,65.050,65.900,65.920,3083962,202516217.000,3700,65.900,1600,65.890,6220,65.880,300,65.820,3400,65.810,140,65.920,2140,65.930,7600,65.940,6720,65.950,6800,65.960,2019-07-05,11:17:58,00";
var hq_str_sh603259="药明康德,66.190,65.900,65.920,66.300,65.050,65.910,65.920,3096302,203329666.000,800,65.910,25260,65.900,1700,65.890,6220,65.880,300,65.820,900,65.920,7380,65.930,7700,65.940,6720,65.950,6800,65.960,2019-07-05,11:18:58,00";
var hq_str_sh603259="药明康德,66.190,65.900,65.900,66.300,65.050,65.900,65.930,3119442,204854773.000,11320,65.900,1700,65.890,6620,65.880,1300,65.820,3400,65.810,7780,65.930,7700,65.940,1820,65.950,1800,65.960,3000,65.970,2019-07-05,11:19:58,00";
var hq_str_sh603259="药明康德,66.190,65.900,65.930,66.300,65.050,65.900,65.930,3126382,205312213.000,7780,65.900,1700,65.890,6620,65.880,1300,65.820,2600,65.810,5680,65.930,7700,65.940,1820,65.950,1800,65.960,3000,65.970,2019-07-05,11:20:58,00";
var hq_str_sh603259="药明康德,66.190,65.900,65.940,66.300,65.050,65.900,65.940,3145182,206551616.000,15980,65.900,1700,65.890,6620,65.880,1300,65.820,2600,65.810,1680,65.940,1820,65.950,1800,65.960,3000,65.970,6800,65.980,2019-07-05,11:21:58,00";
var hq_str_sh603259="药明康德,66.190,65.900,65.940,66.300,65.050,65.930,65.940,3155000,207198887.000,600,65.930,1000,65.920,3382,65.910,12480,65.900,1600,65.890,6180,65.940,1820,65.950,1800,65.960,4200,65.970,6800,65.980,2019-07-05,11:22:58,00";
var hq_str_sh603259="药明康德,66.190,65.900,65.950,66.300,65.050,65.940,65.950,3165000,207858250.000,1000,65.940,3200,65.930,1000,65.920,12080,65.900,1600,65.890,1780,65.950,1800,65.960,4200,65.970,8800,65.980,5660,65.990,2019-07-05,11:23:58,00";
var hq_str_sh603259="药明康德,66.190,65.900,65.940,66.300,65.050,65.910,65.940,3176600,208623073.000,5600,65.910,33680,65.900,1600,65.890,6520,65.880,1300,65.820,4060,65.940,680,65.950,1800,65.960,4200,65.970,8800,65.980,2019-07-05,11:24:58,00";
var hq_str_sh603259="药明康德,66.190,65.900,65.970,66.300,65.050,65.950,65.970,3196460,209933039.000,1200,65.950,6740,65.940,5900,65.910,33780,65.900,1600,65.890,4160,65.970,6780,65.980,5960,65.990,41161,66.000,2100,66.010,2019-07-05,11:25:58,00";
var hq_str_sh603259="药明康德,66.190,65.900,65.960,66.300,65.050,65.950,65.960,3204960,210493662.000,1500,65.950,3840,65.940,7500,65.910,33680,65.900,6620,65.880,1000,65.960,340,65.970,6780,65.980,6560,65.990,28060,66.000,2019-07-05,11:26:58,00";
var hq_str_sh603259="药明康德,66.190,65.900,65.940,66.300,65.050,65.940,65.970,3214000,211089822.000,100,65.940,7700,65.910,33680,65.900,6720,65.880,1300,65.820,641,65.970,6680,65.980,6560,65.990,28060,66.000,2100,66.010,2019-07-05,11:27:55,00";
var hq_str_sh603259="药明康德,66.190,65.900,65.970,66.300,65.050,65.940,65.970,3218500,211386678.000,1000,65.940,1000,65.920,8900,65.910,33680,65.900,6720,65.880,2341,65.970,6420,65.980,6660,65.990,27560,66.000,2100,66.010,2019-07-05,11:28:58,00";
var hq_str_sh603259="药明康德,66.190,65.900,65.990,66.300,65.050,65.980,65.990,3230961,212208825.000,2979,65.980,400,65.970,5560,65.950,1300,65.940,1600,65.920,5160,65.990,27460,66.000,2100,66.010,5760,66.020,2100,66.040,2019-07-05,11:29:58,00";
var hq_str_sh603259="药明康德,66.190,65.900,65.990,66.300,65.050,65.980,65.990,3231061,212215424.000,2979,65.980,400,65.970,5560,65.950,1300,65.940,1600,65.920,5060,65.990,27460,66.000,2100,66.010,5760,66.020,2100,66.040,2019-07-05,11:30:00,00";
var hq_str_sh603259="药明康德,66.190,65.900,65.990,66.300,65.050,65.990,66.000,3281540,215546829.000,5460,65.990,1000,65.980,540,65.970,2000,65.960,7460,65.950,7341,66.000,2100,66.010,7320,66.020,2100,66.040,1400,66.050,2019-07-05,13:00:56,00";
var hq_str_sh603259="药明康德,66.190,65.900,66.000,66.300,65.050,66.000,66.040,3314540,217724980.000,100,66.000,360,65.990,440,65.970,2000,65.960,7460,65.950,961,66.040,1400,66.050,4000,66.060,1000,66.070,3780,66.100,2019-07-05,13:01:55,00";
var hq_str_sh603259="药明康德,66.190,65.900,66.040,66.300,65.050,65.990,66.040,3335740,219124349.000,3260,65.990,440,65.970,2000,65.960,7460,65.950,1000,65.940,14361,66.040,1400,66.050,4100,66.060,1000,66.070,4180,66.100,2019-07-05,13:02:56,00";
var hq_str_sh603259="药明康德,66.190,65.900,66.020,66.300,65.050,65.960,66.020,3348460,219963970.000,1980,65.960,7460,65.950,1000,65.940,8100,65.910,24480,65.900,3700,66.020,460,66.030,4000,66.040,1400,66.050,15561,66.060,2019-07-05,13:03:59,00";
var hq_str_sh603259="药明康德,66.190,65.900,66.020,66.300,65.050,65.960,66.010,3356060,220465432.000,1380,65.960,7460,65.950,700,65.940,8100,65.910,24480,65.900,1200,66.010,2540,66.020,4460,66.030,4000,66.040,3400,66.050,2019-07-05,13:04:59,00";
var hq_str_sh603259="药明康德,66.190,65.900,65.960,66.300,65.050,65.960,65.980,3365460,221085634.000,980,65.960,7460,65.950,700,65.940,8100,65.910,24480,65.900,1200,65.980,500,66.010,2640,66.020,6460,66.030,4700,66.040,2019-07-05,13:05:53,00";
var hq_str_sh603259="药明康德,66.190,65.900,65.960,66.300,65.050,65.940,65.950,3381300,222130368.000,700,65.940,700,65.920,8100,65.910,24480,65.900,1000,65.890,200,65.950,6300,65.960,300,66.000,800,66.010,4840,66.020,2019-07-05,13:06:59,00";
var hq_str_sh603259="药明康德,66.190,65.900,65.910,66.300,65.050,65.900,65.910,3400400,223389563.000,24280,65.900,1000,65.890,6720,65.880,2500,65.810,8880,65.800,7000,65.910,800,65.940,3200,65.960,49000,66.000,500,66.010,2019-07-05,13:07:59,00";
var hq_str_sh603259="药明康德,66.190,65.900,65.900,66.300,65.050,65.900,65.910,3406480,223790246.000,19600,65.900,1000,65.890,6720,65.880,2500,65.810,6880,65.800,8500,65.910,500,65.930,2700,65.940,3200,65.960,2100,65.980,2019-07-05,13:08:56,00";
var hq_str_sh603259="药明康德,66.190,65.900,65.910,66.300,65.050,65.900,65.910,3432180,225483958.000,4700,65.900,1000,65.890,6720,65.880,2500,65.810,6980,65.800,2500,65.910,600,65.930,2700,65.940,3200,65.960,2100,65.980,2019-07-05,13:09:59,00";
var hq_str_sh603259="药明康德,66.190,65.900,65.900,66.300,65.050,65.890,65.900,3441680,226110069.000,1000,65.890,6720,65.880,2600,65.810,6980,65.800,6040,65.770,400,65.900,100,65.930,2600,65.940,3200,65.960,2100,65.980,2019-07-05,13:10:59,00";
var hq_str_sh603259="药明康德,66.190,65.900,65.940,66.300,65.050,65.890,65.940,3450780,226709808.000,600,65.890,6720,65.880,400,65.820,2700,65.810,6980,65.800,1300,65.940,3200,65.960,100,65.970,2100,65.980,53000,66.000,2019-07-05,13:11:56,00";
var hq_str_sh603259="药明康德,66.190,65.900,65.940,66.300,65.050,65.900,65.940,3468080,227850383.000,5500,65.900,4420,65.880,2000,65.820,2700,65.810,6980,65.800,60,65.940,100,65.950,2200,65.960,100,65.970,2100,65.980,2019-07-05,13:12:50,00";
var hq_str_sh603259="药明康德,66.190,65.900,65.960,66.300,65.050,65.950,65.960,3476840,228427902.000,4820,65.950,4320,65.900,4920,65.880,2000,65.820,2700,65.810,1760,65.960,100,65.970,2100,65.980,2100,65.990,53000,66.000,2019-07-05,13:13:59,00";
var hq_str_sh603259="药明康德,66.190,65.900,66.010,66.300,65.050,65.990,66.010,3554920,233580769.000,100,65.990,7580,65.980,1400,65.970,4940,65.960,4820,65.950,100,66.010,4540,66.020,6460,66.030,6700,66.040,3400,66.050,2019-07-05,13:14:59,00";
var hq_str_sh603259="药明康德,66.190,65.900,66.000,66.300,65.050,65.990,66.000,3610200,237229853.000,1600,65.990,8080,65.980,200,65.960,4720,65.900,4820,65.880,100,66.000,3600,66.020,1400,66.030,6700,66.040,3400,66.050,2019-07-05,13:15:56,00";
var hq_str_sh603259="药明康德,66.190,65.900,66.020,66.300,65.050,66.020,66.030,3648860,239781667.000,200,66.020,1960,65.900,4820,65.880,400,65.870,400,65.820,7000,66.030,6000,66.040,3400,66.050,6000,66.060,1000,66.070,2019-07-05,13:16:59,00";
var hq_str_sh603259="药明康德,66.190,65.900,65.970,66.300,65.050,65.950,65.970,3654260,240138044.000,3200,65.950,100,65.930,2060,65.900,4820,65.880,400,65.870,180,65.970,300,65.980,800,66.000,5900,66.030,6000,66.040,2019-07-05,13:17:56,00";
var hq_str_sh603259="药明康德,66.190,65.900,65.970,66.300,65.050,65.970,65.980,3669060,241113840.000,7700,65.970,300,65.960,5100,65.900,4780,65.880,400,65.870,580,65.980,3200,65.990,1300,66.000,200,66.010,200,66.020,2019-07-05,13:18:56,00";
var hq_str_sh603259="药明康德,66.190,65.900,65.950,66.300,65.050,65.800,65.960,3702460,243314477.000,2260,65.800,6040,65.770,1900,65.750,2100,65.740,400,65.730,980,65.960,1500,65.970,500,65.980,2680,65.990,1300,66.000,2019-07-05,13:19:59,00";
var hq_str_sh603259="药明康德,66.190,65.900,65.950,66.300,65.050,65.880,65.950,3709560,243782242.000,800,65.880,800,65.830,3700,65.820,6800,65.810,400,65.800,1100,65.950,980,65.960,1500,65.970,3000,65.980,2680,65.990,2019-07-05,13:20:56,00";
var hq_str_sh603259="药明康德,66.190,65.900,65.900,66.300,65.050,65.840,65.900,3725800,244851697.000,500,65.840,1160,65.830,700,65.820,1400,65.810,1200,65.800,3720,65.900,300,65.950,980,65.960,1500,65.970,3000,65.980,2019-07-05,13:21:59,00";
var hq_str_sh603259="药明康德,66.190,65.900,65.900,66.300,65.050,65.820,65.890,3752100,246584319.000,300,65.820,1400,65.810,1200,65.800,300,65.790,1900,65.780,1000,65.890,3280,65.900,800,65.950,2380,65.960,2000,65.970,2019-07-05,13:22:59,00";
var hq_str_sh603259="药明康德,66.190,65.900,65.900,66.300,65.050,65.890,65.900,3759980,247103122.000,1900,65.890,3820,65.840,200,65.830,200,65.820,600,65.800,2720,65.900,240,65.930,1100,65.950,2100,65.960,2000,65.970,2019-07-05,13:23:59,00";
var hq_str_sh603259="药明康德,66.190,65.900,65.880,66.300,65.050,65.880,65.900,3796780,249525606.000,200,65.880,720,65.800,1800,65.790,2000,65.780,6140,65.770,5000,65.900,1000,65.940,1000,65.950,2100,65.960,2000,65.970,2019-07-05,13:24:59,00";
var hq_str_sh603259="药明康德,66.190,65.900,65.880,66.300,65.050,65.810,65.880,3816900,250849700.000,700,65.810,1800,65.800,200,65.790,2000,65.780,6140,65.770,1100,65.880,3500,65.900,2400,65.940,1000,65.950,2100,65.960,2019-07-05,13:25:59,00";
var hq_str_sh603259="药明康德,66.190,65.900,65.880,66.300,65.050,65.800,65.880,3843040,252569860.000,1200,65.800,3960,65.790,4500,65.780,6240,65.770,1200,65.750,600,65.880,600,65.900,2400,65.940,1000,65.950,2100,65.960,2019-07-05,13:26:59,00";
var hq_str_sh603259="药明康德,66.190,65.900,65.830,66.300,65.050,65.830,65.870,3872000,254476173.000,500,65.830,100,65.810,5740,65.800,7760,65.780,6240,65.770,620,65.870,1400,65.880,300,65.900,500,65.930,2400,65.940,2019-07-05,13:27:56,00";
var hq_str_sh603259="药明康德,66.190,65.900,65.800,66.300,65.050,65.770,65.800,3900560,256355719.000,6240,65.770,1200,65.750,2300,65.740,400,65.730,4640,65.720,17660,65.800,300,65.900,100,65.920,3500,65.930,1400,65.940,2019-07-05,13:28:59,00";
var hq_str_sh603259="药明康德,66.190,65.900,65.780,66.300,65.050,65.770,65.780,3928960,258224097.000,1640,65.770,4600,65.760,6200,65.750,2300,65.740,900,65.730,1300,65.780,3760,65.800,3000,65.890,300,65.900,100,65.920,2019-07-05,13:29:59,00";
var hq_str_sh603259="药明康德,66.190,65.900,65.750,66.300,65.050,65.750,65.780,3977300,261402939.000,460,65.750,2340,65.740,900,65.730,4640,65.720,3700,65.710,140,65.780,260,65.800,360,65.880,3000,65.890,100,65.920,2019-07-05,13:30:59,00";
var hq_str_sh603259="药明康德,66.190,65.900,65.750,66.300,65.050,65.740,65.750,3985560,261946016.000,580,65.740,1100,65.730,4940,65.720,2200,65.710,19700,65.700,600,65.750,140,65.760,1040,65.780,760,65.800,860,65.880,2019-07-05,13:31:59,00";
var hq_str_sh603259="药明康德,66.190,65.900,65.750,66.300,65.050,65.740,65.750,3996040,262635119.000,780,65.740,1000,65.730,5040,65.720,2200,65.710,19900,65.700,3400,65.750,660,65.800,860,65.880,3000,65.890,2400,65.900,2019-07-05,13:32:59,00";
var hq_str_sh603259="药明康德,66.190,65.900,65.880,66.300,65.050,65.800,65.880,4008800,263474134.000,8540,65.800,1800,65.770,4500,65.750,700,65.740,7380,65.730,500,65.880,3000,65.890,1480,65.920,3000,65.930,800,65.950,2019-07-05,13:33:59,00";
var hq_str_sh603259="药明康德,66.190,65.900,65.880,66.300,65.050,65.770,65.880,4032100,265007331.000,940,65.770,500,65.760,4700,65.750,3600,65.740,7380,65.730,1000,65.880,1000,65.890,1280,65.920,3000,65.930,800,65.950,2019-07-05,13:34:59,00";
var hq_str_sh603259="药明康德,66.190,65.900,65.920,66.300,65.050,65.850,65.920,4064500,267139837.000,1300,65.850,200,65.820,100,65.810,11100,65.800,100,65.790,180,65.920,800,65.950,2100,65.960,2000,65.970,7000,65.980,2019-07-05,13:35:59,00";
var hq_str_sh603259="药明康德,66.190,65.900,65.880,66.300,65.050,65.820,65.840,4075500,267864443.000,9100,65.820,5400,65.810,14300,65.800,100,65.780,6540,65.770,1000,65.840,500,65.880,20,65.900,1080,65.920,1000,65.950,2019-07-05,13:36:56,00";
var hq_str_sh603259="药明康德,66.190,65.900,65.770,66.300,65.050,65.770,65.780,4130800,271503818.000,6540,65.770,500,65.760,5700,65.750,1200,65.740,6680,65.730,1300,65.780,7800,65.800,80,65.810,900,65.820,500,65.840,2019-07-05,13:37:59,00";
var hq_str_sh603259="药明康德,66.190,65.900,65.790,66.300,65.050,65.780,65.790,4153280,272982968.000,2120,65.780,1140,65.770,500,65.760,5700,65.750,1200,65.740,3420,65.790,5340,65.800,500,65.810,1300,65.820,100,65.830,2019-07-05,13:38:59,00";
var hq_str_sh603259="药明康德,66.190,65.900,65.790,66.300,65.050,65.770,65.780,4166520,273853870.000,1320,65.770,5700,65.750,1200,65.740,5880,65.730,8540,65.720,100,65.780,3020,65.790,1100,65.800,500,65.810,200,65.820,2019-07-05,13:39:59,00";
var hq_str_sh603259="药明康德,66.190,65.900,65.780,66.300,65.050,65.770,65.780,4191420,275491700.000,100,65.770,200,65.760,800,65.750,3920,65.740,6080,65.730,3000,65.780,18260,65.790,1000,65.800,800,65.810,200,65.820,2019-07-05,13:40:59,00";
var hq_str_sh603259="药明康德,66.190,65.900,65.800,66.300,65.050,65.770,65.800,4227220,277846871.000,9700,65.770,5000,65.750,3920,65.740,6080,65.730,8540,65.720,5860,65.800,900,65.810,100,65.820,100,65.830,300,65.840,2019-07-05,13:41:59,00";
var hq_str_sh603259="药明康德,66.190,65.900,65.770,66.300,65.050,65.770,65.780,4244720,278997992.000,1500,65.770,5500,65.750,3420,65.740,6080,65.730,8540,65.720,3000,65.780,6660,65.800,2300,65.810,100,65.820,100,65.830,2019-07-05,13:42:59,00";
var hq_str_sh603259="药明康德,66.190,65.900,65.780,66.300,65.050,65.750,65.780,4253080,279547824.000,5340,65.750,3420,65.740,6080,65.730,8540,65.720,1900,65.710,3880,65.780,1120,65.790,5000,65.800,2300,65.810,100,65.820,2019-07-05,13:43:59,00";
var hq_str_sh603259="药明康德,66.190,65.900,65.750,66.300,65.050,65.760,65.770,4288460,281874618.000,800,65.760,1140,65.750,3420,65.740,6180,65.730,8540,65.720,5900,65.770,140,65.790,3100,65.800,2300,65.810,100,65.820,2019-07-05,13:44:56,00";
var hq_str_sh603259="药明康德,66.190,65.900,65.750,66.300,65.050,65.740,65.750,4312300,283442100.000,6020,65.740,6180,65.730,8540,65.720,1900,65.710,19400,65.700,200,65.750,1100,65.790,3100,65.800,400,65.810,100,65.820,2019-07-05,13:45:56,00";
var hq_str_sh603259="药明康德,66.190,65.900,65.790,66.300,65.050,65.750,65.790,4329700,284586158.000,120,65.750,5500,65.740,7180,65.730,8540,65.720,1900,65.710,7240,65.790,3100,65.800,400,65.810,100,65.820,100,65.830,2019-07-05,13:46:59,00";
var hq_str_sh603259="药明康德,66.190,65.900,65.750,66.300,65.050,65.740,65.750,4342780,285446158.000,5040,65.740,7180,65.730,8540,65.720,1900,65.710,19500,65.700,2180,65.750,200,65.780,7840,65.790,3100,65.800,340,65.810,2019-07-05,13:47:59,00";
var hq_str_sh603259="药明康德,66.190,65.900,65.740,66.300,65.050,65.740,65.750,4346820,285711763.000,3500,65.740,7180,65.730,8540,65.720,7300,65.710,19500,65.700,1780,65.750,200,65.780,9440,65.790,3100,65.800,340,65.810,2019-07-05,13:48:59,00";
var hq_str_sh603259="药明康德,66.190,65.900,65.770,66.300,65.050,65.760,65.780,4355400,286275920.000,3600,65.760,10420,65.750,2100,65.740,7280,65.730,8340,65.720,800,65.780,9440,65.790,3000,65.800,340,65.810,100,65.820,2019-07-05,13:49:53,00";
var hq_str_sh603259="药明康德,66.190,65.900,65.790,66.300,65.050,65.780,65.790,4372720,287415369.000,300,65.780,360,65.770,1600,65.760,10000,65.750,1700,65.740,840,65.790,100,65.820,100,65.830,100,65.840,1100,65.850,2019-07-05,13:50:59,00";
var hq_str_sh603259="药明康德,66.190,65.900,65.830,66.300,65.050,65.770,65.840,4384360,288180944.000,4200,65.770,3760,65.750,1700,65.740,7080,65.730,8340,65.720,100,65.840,1100,65.850,1000,65.870,280,65.880,1420,65.900,2019-07-05,13:51:59,00";
var hq_str_sh603259="药明康德,66.190,65.900,65.870,66.300,65.050,65.800,65.870,4400660,289254131.000,2400,65.800,3760,65.750,1700,65.740,7080,65.730,8340,65.720,300,65.870,1540,65.900,3000,65.910,2780,65.920,2800,65.950,2019-07-05,13:52:53,00";
var hq_str_sh603259="药明康德,66.190,65.900,65.890,66.300,65.050,65.860,65.890,4404560,289511020.000,4300,65.860,100,65.850,1000,65.810,3300,65.800,5760,65.750,300,65.890,520,65.900,3000,65.910,2780,65.920,2800,65.950,2019-07-05,13:53:59,00";
var hq_str_sh603259="药明康德,66.190,65.900,65.870,66.300,65.050,65.870,65.890,4423860,290781730.000,900,65.870,300,65.810,200,65.800,10000,65.780,200,65.770,600,65.890,920,65.900,3000,65.910,2280,65.920,2800,65.950,2019-07-05,13:54:59,00";
var hq_str_sh603259="药明康德,66.190,65.900,65.750,66.300,65.050,65.800,65.840,4520960,297169737.000,900,65.800,200,65.760,3100,65.750,8700,65.740,40,65.730,200,65.840,700,65.890,920,65.900,3000,65.910,2280,65.920,2019-07-05,13:55:59,00";
var hq_str_sh603259="药明康德,66.190,65.900,65.760,66.300,65.050,65.730,65.760,4572140,300536148.000,200,65.730,9800,65.710,19800,65.700,4100,65.680,2800,65.660,520,65.760,500,65.790,1100,65.800,600,65.820,500,65.850,2019-07-05,13:56:56,00";
var hq_str_sh603259="药明康德,66.190,65.900,65.610,66.300,65.050,65.610,65.650,4634480,304630296.000,600,65.610,10100,65.600,100,65.570,300,65.560,700,65.530,200,65.650,1040,65.660,520,65.730,200,65.820,200,65.850,2019-07-05,13:57:59,00";
var hq_str_sh603259="药明康德,66.190,65.900,65.560,66.300,65.050,65.570,65.600,4673720,307204202.000,800,65.570,1200,65.560,4160,65.550,500,65.540,4600,65.520,400,65.600,440,65.640,700,65.650,280,65.660,520,65.730,2019-07-05,13:58:56,00";
var hq_str_sh603259="药明康德,66.190,65.900,65.610,66.300,65.050,65.600,65.660,4700740,308975844.000,3180,65.600,500,65.570,6260,65.560,1900,65.550,4600,65.510,280,65.660,520,65.730,200,65.800,1400,65.820,1500,65.840,2019-07-05,13:59:59,00";
var hq_str_sh603259="药明康德,66.190,65.900,65.800,66.300,65.050,65.800,65.810,4751540,312313652.000,1480,65.800,2300,65.600,200,65.580,1100,65.570,7160,65.560,200,65.810,100,65.820,500,65.840,3920,65.850,1120,65.870,2019-07-05,14:00:56,00";
var hq_str_sh603259="药明康德,66.190,65.900,65.580,66.300,65.050,65.570,65.580,4773680,313766925.000,400,65.570,6800,65.560,1800,65.550,6500,65.510,29860,65.500,60,65.580,360,65.650,100,65.700,100,65.710,440,65.780,2019-07-05,14:01:59,00";
var hq_str_sh603259="药明康德,66.190,65.900,65.580,66.300,65.050,65.620,65.740,4798380,315387347.000,500,65.620,500,65.610,700,65.600,400,65.560,2700,65.550,1000,65.740,1620,65.750,1000,65.770,200,65.790,1000,65.800,2019-07-05,14:02:59,00";
var hq_str_sh603259="药明康德,66.190,65.900,65.460,66.300,65.050,65.460,65.500,4871980,320209677.000,1560,65.460,1100,65.450,500,65.420,100,65.410,500,65.400,5100,65.500,1000,65.550,440,65.590,9300,65.600,800,65.610,2019-07-05,14:03:53,00";
var hq_str_sh603259="药明康德,66.190,65.900,65.450,66.300,65.050,65.420,65.450,4892540,321554960.000,1400,65.420,820,65.410,1180,65.400,1600,65.380,1200,65.370,9400,65.450,500,65.460,40,65.480,640,65.490,11200,65.500,2019-07-05,14:04:56,00";
var hq_str_sh603259="药明康德,66.190,65.900,65.600,66.300,65.050,65.600,65.730,4939260,324615592.000,7100,65.600,900,65.560,100,65.520,200,65.500,200,65.480,720,65.730,2900,65.740,1520,65.750,1000,65.770,1000,65.790,2019-07-05,14:05:56,00";
var hq_str_sh603259="药明康德,66.190,65.900,65.560,66.300,65.050,65.560,65.600,4967980,326499046.000,2200,65.560,7880,65.500,200,65.490,1100,65.480,1000,65.470,300,65.600,140,65.660,1000,65.670,100,65.690,1200,65.700,2019-07-05,14:06:56,00";
var hq_str_sh603259="药明康德,66.190,65.900,65.500,66.300,65.050,65.500,65.580,5009160,329198310.000,720,65.500,320,65.490,1100,65.480,1000,65.470,3000,65.460,300,65.580,100,65.630,1400,65.640,400,65.670,1300,65.700,2019-07-05,14:07:56,00";
var hq_str_sh603259="药明康德,66.190,65.900,65.600,66.300,65.050,65.600,65.640,5030420,330592148.000,3440,65.600,800,65.560,20,65.500,320,65.490,1000,65.480,1400,65.640,4320,65.670,1440,65.700,100,65.710,200,65.720,2019-07-05,14:08:56,00";
var hq_str_sh603259="药明康德,66.190,65.900,65.500,66.300,65.050,65.500,65.630,5044380,331507589.000,700,65.500,920,65.490,1300,65.480,6100,65.470,3000,65.460,100,65.630,100,65.640,200,65.660,4080,65.670,1840,65.700,2019-07-05,14:09:59,00";
var hq_str_sh603259="药明康德,66.190,65.900,65.500,66.300,65.050,65.500,65.630,5054880,332195558.000,400,65.500,1120,65.490,400,65.480,6100,65.470,1000,65.460,280,65.630,1400,65.660,4080,65.670,1940,65.700,100,65.710,2019-07-05,14:10:56,00";
var hq_str_sh603259="药明康德,66.190,65.900,65.520,66.300,65.050,65.520,65.550,5088880,334423112.000,600,65.520,100,65.510,4200,65.500,1020,65.490,1400,65.480,400,65.550,500,65.640,900,65.650,900,65.660,4280,65.670,2019-07-05,14:11:56,00";
var hq_str_sh603259="药明康德,66.190,65.900,65.500,66.300,65.050,65.500,65.550,5101380,335241941.000,11500,65.500,820,65.490,1900,65.480,6100,65.470,1200,65.460,800,65.550,200,65.640,900,65.650,900,65.660,4380,65.670,2019-07-05,14:12:56,00";
var hq_str_sh603259="药明康德,66.190,65.900,65.560,66.300,65.050,65.560,65.610,5109280,335759568.000,700,65.560,500,65.550,500,65.510,12100,65.500,520,65.490,2000,65.610,200,65.640,900,65.650,900,65.660,4380,65.670,2019-07-05,14:13:56,00";
var hq_str_sh603259="药明康德,66.190,65.900,65.560,66.300,65.050,65.560,65.600,5115120,336142514.000,660,65.560,100,65.550,300,65.520,1400,65.510,12400,65.500,700,65.600,600,65.610,100,65.640,900,65.650,900,65.660,2019-07-05,14:14:50,00";
var hq_str_sh603259="药明康德,66.190,65.900,65.650,66.300,65.050,65.650,65.660,5122960,336656803.000,500,65.650,5000,65.600,100,65.570,1720,65.560,7600,65.550,540,65.660,4380,65.670,2440,65.700,500,65.740,720,65.750,2019-07-05,14:15:56,00";
var hq_str_sh603259="药明康德,66.190,65.900,65.620,66.300,65.050,65.610,65.660,5127200,336935157.000,7500,65.610,5000,65.600,2120,65.560,7600,65.550,300,65.520,840,65.660,3880,65.670,2300,65.700,100,65.740,720,65.750,2019-07-05,14:16:56,00";
var hq_str_sh603259="药明康德,66.190,65.900,65.700,66.300,65.050,65.700,65.750,5139120,337717997.000,10900,65.700,14020,65.670,500,65.660,800,65.630,5300,65.620,420,65.750,400,65.780,1400,65.790,800,65.800,200,65.810,2019-07-05,14:17:56,00";
var hq_str_sh603259="药明康德,66.190,65.900,65.750,66.300,65.050,65.750,65.760,5146040,338173121.000,2780,65.750,100,65.720,200,65.710,11000,65.700,13620,65.670,700,65.760,140,65.790,1000,65.800,200,65.810,700,65.820,2019-07-05,14:18:56,00";
var hq_str_sh603259="药明康德,66.190,65.900,65.810,66.300,65.050,65.710,65.750,5166340,339507936.000,1200,65.710,11000,65.700,13620,65.670,2100,65.620,7500,65.610,1240,65.750,700,65.820,300,65.850,200,65.860,840,65.870,2019-07-05,14:19:56,00";
var hq_str_sh603259="药明康德,66.190,65.900,65.670,66.300,65.050,65.670,65.750,5189940,341058515.000,14720,65.670,2100,65.620,7500,65.610,5000,65.600,1000,65.580,1540,65.750,200,65.800,1900,65.820,2300,65.850,100,65.860,2019-07-05,14:20:59,00";
var hq_str_sh603259="药明康德,66.190,65.900,65.750,66.300,65.050,65.700,65.750,5194740,341374012.000,5600,65.700,1600,65.680,13320,65.670,2300,65.620,7500,65.610,2480,65.750,600,65.790,200,65.800,1900,65.820,500,65.850,2019-07-05,14:21:59,00";
var hq_str_sh603259="药明康德,66.190,65.900,65.820,66.300,65.050,65.820,65.850,5206020,342116081.000,100,65.820,2500,65.770,4000,65.760,5620,65.750,600,65.710,200,65.850,400,65.860,2040,65.870,9200,65.880,100,65.890,2019-07-05,14:22:59,00";
var hq_str_sh603259="药明康德,66.190,65.900,65.880,66.300,65.050,65.830,65.880,5225920,343426787.000,400,65.830,5200,65.820,600,65.780,2500,65.770,2000,65.760,240,65.880,2440,65.900,2280,65.920,500,65.930,1100,65.950,2019-07-05,14:23:59,00";
var hq_str_sh603259="药明康德,66.190,65.900,65.960,66.300,65.050,65.960,65.970,5256100,345416875.000,960,65.960,2140,65.950,1360,65.900,600,65.880,100,65.820,1540,65.970,12000,65.980,12300,65.990,35061,66.000,200,66.010,2019-07-05,14:24:59,00";
var hq_str_sh603259="药明康德,66.190,65.900,65.930,66.300,65.050,65.880,65.900,5295660,348025530.000,600,65.880,100,65.820,1100,65.800,600,65.780,2500,65.770,720,65.900,11900,65.950,3400,65.960,3260,65.970,8060,65.980,2019-07-05,14:25:59,00";
var hq_str_sh603259="药明康德,66.190,65.900,65.850,66.300,65.050,65.820,65.850,5303460,348539212.000,2900,65.820,1200,65.810,1500,65.800,500,65.780,2500,65.770,5500,65.850,800,65.880,1020,65.900,1200,65.910,840,65.920,2019-07-05,14:26:56,00";
var hq_str_sh603259="药明康德,66.190,65.900,65.820,66.300,65.050,65.800,65.820,5321760,349743973.000,300,65.800,100,65.790,800,65.780,2500,65.770,2100,65.760,160,65.820,1600,65.850,8400,65.880,900,65.900,1300,65.910,2019-07-05,14:27:59,00";
var hq_str_sh603259="药明康德,66.190,65.900,65.830,66.300,65.050,65.820,65.830,5325740,350005969.000,620,65.820,1200,65.800,200,65.790,1000,65.780,2500,65.770,420,65.830,640,65.840,1360,65.850,8400,65.880,2000,65.900,2019-07-05,14:28:59,00";
var hq_str_sh603259="药明康德,66.190,65.900,65.850,66.300,65.050,65.850,65.870,5330800,350339160.000,1460,65.850,300,65.840,500,65.830,8000,65.820,21500,65.800,2700,65.870,7600,65.880,2000,65.900,1300,65.910,100,65.920,2019-07-05,14:29:59,00";
var hq_str_sh603259="药明康德,66.190,65.900,65.880,66.300,65.050,65.900,65.960,5398740,354814719.000,6400,65.900,20,65.880,200,65.840,20200,65.800,100,65.790,400,65.960,300,65.970,9360,65.980,13000,65.990,39881,66.000,2019-07-05,14:30:56,00";
var hq_str_sh603259="药明康德,66.190,65.900,66.000,66.300,65.050,65.980,66.000,5494180,361113142.000,900,65.980,760,65.960,2000,65.910,10000,65.900,800,65.840,8600,66.000,3281,66.010,7200,66.030,5900,66.040,7580,66.050,2019-07-05,14:31:56,00";
var hq_str_sh603259="药明康德,66.190,65.900,65.970,66.300,65.050,65.980,66.000,5519940,362813019.000,1600,65.980,2100,65.920,4800,65.910,10400,65.900,800,65.840,7160,66.000,3281,66.010,600,66.020,7200,66.030,7900,66.040,2019-07-05,14:32:59,00";
var hq_str_sh603259="药明康德,66.190,65.900,66.000,66.300,65.050,65.980,66.000,5578963,366708243.000,2077,65.980,500,65.930,2100,65.920,2000,65.910,10700,65.900,4820,66.000,3481,66.010,1000,66.020,7200,66.030,7900,66.040,2019-07-05,14:33:59,00";
var hq_str_sh603259="药明康德,66.190,65.900,66.000,66.300,65.050,65.980,65.990,5588663,367348359.000,3000,65.980,200,65.930,1800,65.920,2000,65.910,10900,65.900,100,65.990,6480,66.000,3481,66.010,1400,66.020,7200,66.030,2019-07-05,14:34:59,00";
var hq_str_sh603259="药明康德,66.190,65.900,65.920,66.300,65.050,65.920,65.990,5623463,369644883.000,3700,65.920,2200,65.910,10900,65.900,800,65.840,600,65.830,6400,65.990,6040,66.000,3481,66.010,1500,66.020,8600,66.030,2019-07-05,14:35:59,00";
var hq_str_sh603259="药明康德,66.190,65.900,65.910,66.300,65.050,65.910,65.920,5631503,370175156.000,3160,65.910,12000,65.900,800,65.840,600,65.830,5000,65.820,300,65.920,3500,65.970,3140,65.980,1560,65.990,12700,66.000,2019-07-05,14:36:59,00";
var hq_str_sh603259="药明康德,66.190,65.900,65.970,66.300,65.050,65.960,65.970,5642323,370888404.000,100,65.960,600,65.930,4420,65.920,5560,65.910,10760,65.900,2500,65.970,3140,65.980,1560,65.990,13600,66.000,5781,66.010,2019-07-05,14:37:53,00";
var hq_str_sh603259="药明康德,66.190,65.900,65.940,66.300,65.050,65.920,65.940,5655123,371732399.000,20,65.920,9360,65.910,10760,65.900,100,65.890,200,65.850,500,65.940,200,65.960,800,65.970,5140,65.980,2100,65.990,2019-07-05,14:38:59,00";
var hq_str_sh603259="药明康德,66.190,65.900,65.950,66.300,65.050,65.900,65.910,5685963,373765147.000,100,65.900,500,65.890,400,65.850,800,65.840,600,65.830,300,65.910,19000,65.950,2180,65.960,4680,65.970,4540,65.980,2019-07-05,14:39:59,00";
var hq_str_sh603259="药明康德,66.190,65.900,65.900,66.300,65.050,65.900,65.910,5690303,374051162.000,6160,65.900,100,65.890,200,65.880,1600,65.850,800,65.840,200,65.910,800,65.930,2000,65.940,20100,65.950,600,65.960,2019-07-05,14:40:56,00";
var hq_str_sh603259="药明康德,66.190,65.900,65.960,66.300,65.050,65.960,65.970,5720863,376066351.000,240,65.960,300,65.910,3860,65.900,100,65.890,200,65.880,4680,65.970,2000,65.980,3160,65.990,26080,66.000,5781,66.010,2019-07-05,14:41:59,00";
var hq_str_sh603259="药明康德,66.190,65.900,65.940,66.300,65.050,65.940,65.980,5735623,377039976.000,140,65.940,1500,65.920,3440,65.910,5960,65.900,900,65.890,340,65.980,3060,65.990,26520,66.000,7781,66.010,1600,66.020,2019-07-05,14:42:59,00";
var hq_str_sh603259="药明康德,66.190,65.900,65.920,66.300,65.050,65.910,65.920,5741663,377438133.000,1140,65.910,5960,65.900,900,65.890,200,65.880,1500,65.850,100,65.920,1900,65.930,600,65.940,100,65.950,200,65.970,2019-07-05,14:43:50,00";
var hq_str_sh603259="药明康德,66.190,65.900,65.920,66.300,65.050,65.910,65.930,5750263,378005022.000,9440,65.910,6460,65.900,7200,65.890,1600,65.850,200,65.840,1840,65.930,600,65.940,460,65.950,200,65.970,2740,65.980,2019-07-05,14:44:56,00";
var hq_str_sh603259="药明康德,66.190,65.900,65.930,66.300,65.050,65.920,65.930,5763503,378877754.000,6600,65.920,2500,65.910,7760,65.900,200,65.890,1600,65.850,340,65.930,1840,65.940,460,65.950,200,65.970,2740,65.980,2019-07-05,14:45:59,00";
var hq_str_sh603259="药明康德,66.190,65.900,65.940,66.300,65.050,65.940,65.950,5771843,379427673.000,1300,65.940,1100,65.930,5460,65.920,2500,65.910,9860,65.900,60,65.950,280,65.960,4200,65.970,440,65.980,6020,65.990,2019-07-05,14:46:59,00";
var hq_str_sh603259="药明康德,66.190,65.900,65.920,66.300,65.050,65.930,65.970,5788843,380548605.000,5400,65.930,5260,65.920,2500,65.910,9660,65.900,800,65.890,2680,65.970,440,65.980,6020,65.990,24960,66.000,7781,66.010,2019-07-05,14:47:53,00";
var hq_str_sh603259="药明康德,66.190,65.900,65.970,66.300,65.050,65.950,65.970,5800543,381320154.000,100,65.950,900,65.940,10600,65.930,5360,65.920,2000,65.910,1360,65.970,940,65.980,6120,65.990,25860,66.000,7781,66.010,2019-07-05,14:48:59,00";
var hq_str_sh603259="药明康德,66.190,65.900,65.950,66.300,65.050,65.950,65.970,5814623,382248741.000,7120,65.950,2900,65.940,10600,65.930,3200,65.920,2000,65.910,1460,65.970,1540,65.980,8520,65.990,25960,66.000,7781,66.010,2019-07-05,14:49:56,00";
var hq_str_sh603259="药明康德,66.190,65.900,65.970,66.300,65.050,65.970,65.980,5838443,383820261.000,1040,65.970,3100,65.960,6760,65.950,3400,65.940,10600,65.930,300,65.980,6320,65.990,29440,66.000,8681,66.010,2660,66.020,2019-07-05,14:50:59,00";
var hq_str_sh603259="药明康德,66.190,65.900,65.960,66.300,65.050,65.960,65.970,5850343,384605170.000,960,65.960,5740,65.950,500,65.940,10600,65.930,500,65.920,5860,65.970,3980,65.980,8440,65.990,28600,66.000,8781,66.010,2019-07-05,14:51:59,00";
var hq_str_sh603259="药明康德,66.190,65.900,65.960,66.300,65.050,65.960,65.970,5858754,385159955.000,300,65.960,3860,65.950,4900,65.940,10600,65.930,500,65.920,5780,65.970,4660,65.980,5140,65.990,28760,66.000,7581,66.010,2019-07-05,14:52:59,00";
var hq_str_sh603259="药明康德,66.190,65.900,65.940,66.300,65.050,65.940,65.950,5882414,386720076.000,200,65.940,600,65.920,2200,65.910,9260,65.900,200,65.890,3621,65.950,700,65.960,6180,65.970,5420,65.980,3940,65.990,2019-07-05,14:53:56,00";
var hq_str_sh603259="药明康德,66.190,65.900,65.960,66.300,65.050,65.960,65.990,5941455,390615458.000,600,65.960,6000,65.950,100,65.930,2499,65.920,3560,65.910,940,65.990,13050,66.000,7000,66.010,4160,66.020,10200,66.030,2019-07-05,14:54:59,00";
var hq_str_sh603259="药明康德,66.190,65.900,65.960,66.300,65.050,65.930,65.960,5983055,393360531.000,1100,65.930,1199,65.920,2860,65.910,9260,65.900,200,65.890,1140,65.960,6100,65.970,2600,65.980,350,65.990,2570,66.000,2019-07-05,14:55:56,00";
var hq_str_sh603259="药明康德,66.190,65.900,65.920,66.300,65.050,65.910,65.920,5998154,394355972.000,2060,65.910,9460,65.900,200,65.890,1300,65.850,100,65.840,121,65.920,400,65.940,10000,65.950,5440,65.970,100,65.980,2019-07-05,14:56:59,00";
var hq_str_sh603259="药明康德,66.190,65.900,65.920,66.300,65.050,65.910,65.910,5998154,394355972.000,10160,65.910,0,0.000,0,0.000,0,0.000,0,0.000,10160,65.910,2140,0.000,0,0.000,0,0.000,0,0.000,2019-07-05,14:57:55,00";
var hq_str_sh603259="药明康德,66.190,65.900,65.920,66.300,65.050,65.920,65.920,5998154,394355972.000,31200,65.920,0,0.000,0,0.000,0,0.000,0,0.000,31200,65.920,581,0.000,0,0.000,0,0.000,0,0.000,2019-07-05,14:58:56,00";
