var hq_str_sh603259="药明康德,86.780,86.330,86.780,86.780,86.780,86.780,86.800,16400,1423192.000,1200,86.780,100,86.720,100,86.700,100,86.650,900,86.620,200,86.800,1000,86.860,1000,86.870,2000,86.880,100,86.950,2019-06-21,09:29:48,00,";
var hq_str_sh603259="药明康德,86.780,86.330,86.730,86.860,86.630,86.710,86.720,85700,7437420.000,1200,86.710,400,86.700,900,86.630,1400,86.620,1300,86.610,100,86.720,600,86.730,3900,86.740,500,86.750,100,86.770,2019-06-21,09:30:57,00,";
var hq_str_sh603259="药明康德,86.780,86.330,86.600,86.860,86.600,86.600,86.610,110100,9551404.000,25400,86.600,1000,86.540,41500,86.510,100,86.500,300,86.490,200,86.610,23000,86.620,300,86.630,1100,86.640,400,86.650,2019-06-21,09:31:57,00,";
var hq_str_sh603259="药明康德,86.780,86.330,86.510,86.860,86.510,86.510,86.520,161600,14010763.000,600,86.510,300,86.500,300,86.490,1000,86.480,300,86.380,600,86.520,400,86.540,2000,86.550,900,86.590,11488,86.600,2019-06-21,09:32:57,00,";
var hq_str_sh603259="药明康德,86.780,86.330,86.400,86.860,86.360,86.380,86.400,234300,20298403.000,200,86.380,1100,86.360,1000,86.350,900,86.330,500,86.300,100,86.400,400,86.430,700,86.480,400,86.490,5500,86.500,2019-06-21,09:34:00,00,";
var hq_str_sh603259="药明康德,86.780,86.330,86.260,86.860,86.260,86.250,86.260,260900,22595710.000,3900,86.250,100,86.240,700,86.230,300,86.170,500,86.140,100,86.260,200,86.280,900,86.300,100,86.310,14362,86.330,2019-06-21,09:34:57,00,";
var hq_str_sh603259="药明康德,86.780,86.330,86.280,86.860,86.250,86.270,86.280,317600,27489181.000,700,86.270,900,86.260,2500,86.250,200,86.190,300,86.170,1100,86.280,4100,86.300,200,86.310,6300,86.320,14362,86.330,2019-06-21,09:35:57,00,";
var hq_str_sh603259="药明康德,86.780,86.330,86.140,86.860,86.080,86.140,86.150,376062,32528031.000,538,86.140,200,86.120,1100,86.110,4300,86.100,2400,86.080,300,86.150,400,86.160,900,86.200,1100,86.220,3500,86.230,2019-06-21,09:36:57,00,";
var hq_str_sh603259="药明康德,86.780,86.330,86.150,86.860,86.080,86.130,86.150,401862,34750729.000,1400,86.130,2638,86.120,1800,86.110,4600,86.100,1800,86.080,2300,86.150,100,86.190,1100,86.200,100,86.220,3500,86.230,2019-06-21,09:37:57,00,";
var hq_str_sh603259="药明康德,86.780,86.330,86.130,86.860,86.080,86.150,86.180,432100,37355770.000,100,86.150,100,86.130,800,86.110,4600,86.100,1600,86.080,100,86.180,1650,86.200,7300,86.230,8000,86.250,16400,86.280,2019-06-21,09:38:57,00,";
var hq_str_sh603259="药明康德,86.780,86.330,85.850,86.860,85.850,85.850,85.900,571900,49380295.000,300,85.850,1400,85.800,100,85.790,700,85.780,1900,85.770,31300,85.900,49100,85.920,100,85.930,7300,86.000,2800,86.020,2019-06-21,09:40:00,00,";
var hq_str_sh603259="药明康德,86.780,86.330,85.680,86.860,85.660,85.680,85.760,609200,52578929.000,300,85.680,1600,85.670,1400,85.660,1300,85.650,1500,85.640,3900,85.760,2100,85.780,6268,85.790,5400,85.800,700,85.850,2019-06-21,09:41:00,00,";
var hq_str_sh603259="药明康德,86.780,86.330,85.820,86.860,85.660,85.790,85.850,665800,57433441.000,1600,85.790,100,85.780,1700,85.770,16800,85.760,4400,85.750,7200,85.850,10468,85.870,10800,85.880,31700,85.900,8600,85.920,2019-06-21,09:41:57,00,";
var hq_str_sh603259="药明康德,86.780,86.330,85.890,86.860,85.660,85.860,85.890,775600,66861042.000,300,85.860,1500,85.850,400,85.840,3200,85.830,10200,85.820,2000,85.890,868,85.900,8400,85.920,5800,86.000,800,86.060,2019-06-21,09:42:57,00,";
var hq_str_sh603259="药明康德,86.780,86.330,85.890,86.860,85.660,85.860,85.890,843968,72734211.000,700,85.860,3432,85.850,300,85.840,4000,85.830,3400,85.820,300,85.890,100,85.900,8100,85.990,1400,86.000,700,86.060,2019-06-21,09:43:57,00,";
var hq_str_sh603259="药明康德,86.780,86.330,85.800,86.860,85.660,85.790,85.800,892300,76883962.000,1100,85.790,7500,85.780,500,85.770,1400,85.760,1100,85.750,3168,85.800,100,85.810,300,85.860,9300,85.900,100,85.920,2019-06-21,09:44:57,00,";
var hq_str_sh603259="药明康德,86.780,86.330,85.830,86.860,85.660,85.820,85.830,943368,81270449.000,2300,85.820,2500,85.810,8832,85.800,1400,85.790,7600,85.780,2700,85.830,5600,85.860,7800,85.990,1300,86.000,700,86.060,2019-06-21,09:45:57,00,";
var hq_str_sh603259="药明康德,86.780,86.330,85.850,86.860,85.660,85.850,85.960,988368,85135307.000,600,85.850,500,85.830,6900,85.820,3600,85.810,11632,85.800,700,85.960,400,85.980,1000,85.990,6700,86.000,700,86.060,2019-06-21,09:46:57,00,";
var hq_str_sh603259="药明康德,86.780,86.330,85.960,86.860,85.660,85.960,86.000,1009068,86914130.000,600,85.960,1600,85.950,300,85.940,100,85.930,300,85.900,5100,86.000,4000,86.030,700,86.060,10000,86.090,5700,86.100,2019-06-21,09:47:57,00,";
var hq_str_sh603259="药明康德,86.780,86.330,85.880,86.860,85.660,85.870,85.880,1028768,88607817.000,600,85.870,3700,85.860,4500,85.850,3600,85.830,6200,85.820,38700,85.880,600,85.940,2700,85.950,1400,85.960,100,85.980,2019-06-21,09:48:57,00,";
var hq_str_sh603259="药明康德,86.780,86.330,86.000,86.860,85.660,85.890,86.000,1109268,95525451.000,1300,85.890,4000,85.880,16700,85.870,2900,85.860,4700,85.850,11200,86.000,1500,86.080,3400,86.090,5700,86.100,4350,86.200,2019-06-21,09:49:57,00,";
var hq_str_sh603259="药明康德,86.780,86.330,86.000,86.860,85.660,86.000,86.070,1139768,98148469.000,700,86.000,1800,85.990,100,85.980,3500,85.930,300,85.920,1300,86.070,9700,86.080,3400,86.090,5700,86.100,4350,86.200,2019-06-21,09:50:57,00,";
var hq_str_sh603259="药明康德,86.780,86.330,86.050,86.860,85.660,86.060,86.070,1151268,99137842.000,300,86.060,200,86.050,400,86.040,1800,86.010,19000,86.000,5500,86.070,8700,86.080,3400,86.090,5600,86.100,4350,86.200,2019-06-21,09:51:55,00,";
var hq_str_sh603259="药明康德,86.780,86.330,85.930,86.860,85.660,85.930,85.950,1187268,102234341.000,2800,85.930,200,85.920,600,85.900,800,85.890,7600,85.880,300,85.950,100,85.960,1900,86.000,1400,86.010,1400,86.020,2019-06-21,09:52:57,00,";
var hq_str_sh603259="药明康德,86.780,86.330,85.890,86.860,85.660,85.880,85.890,1207668,103986737.000,3100,85.880,16600,85.870,1200,85.860,5600,85.850,2200,85.830,1400,85.890,1900,85.950,500,85.960,700,85.990,1900,86.000,2019-06-21,09:53:57,00,";
var hq_str_sh603259="药明康德,86.780,86.330,85.860,86.860,85.660,85.850,85.860,1235068,106339668.000,1600,85.850,2200,85.830,6200,85.820,2300,85.810,12132,85.800,500,85.860,1000,85.870,3700,85.880,700,85.890,1200,85.900,2019-06-21,09:54:57,00,";
var hq_str_sh603259="药明康德,86.780,86.330,85.800,86.860,85.660,85.790,85.800,1301000,111997820.000,600,85.790,7700,85.780,300,85.770,400,85.760,1700,85.750,469,85.800,1100,85.830,3000,85.840,5400,85.850,2000,85.870,2019-06-21,09:55:57,00,";
var hq_str_sh603259="药明康德,86.780,86.330,85.720,86.860,85.660,85.720,85.750,1322869,113873699.000,931,85.720,1500,85.710,24900,85.700,1300,85.690,3100,85.680,800,85.750,900,85.790,600,85.800,100,85.810,700,85.830,2019-06-21,09:56:57,00,";
var hq_str_sh603259="药明康德,86.780,86.330,85.640,86.860,85.640,85.620,85.640,1389100,119548853.000,400,85.620,3400,85.610,3400,85.600,400,85.590,2300,85.580,400,85.640,3400,85.660,3500,85.700,500,85.800,700,85.830,2019-06-21,09:57:57,00,";
var hq_str_sh603259="药明康德,86.780,86.330,85.580,86.860,85.500,85.520,85.580,1447500,124546011.000,600,85.520,900,85.510,2800,85.500,100,85.480,200,85.460,600,85.580,31500,85.600,600,85.640,2000,85.650,2800,85.700,2019-06-21,09:58:57,00,";
var hq_str_sh603259="药明康德,86.780,86.330,85.420,86.860,85.400,85.410,85.420,1480400,127356733.000,5600,85.410,10400,85.400,100,85.380,800,85.360,100,85.350,6300,85.420,12200,85.430,1100,85.440,800,85.460,400,85.480,2019-06-21,09:59:57,00,";
var hq_str_sh603259="药明康德,86.780,86.330,85.360,86.860,85.360,85.350,85.360,1532900,131840505.000,2300,85.350,700,85.330,1000,85.320,1000,85.310,2600,85.300,500,85.360,4400,85.370,7400,85.400,200,85.410,4700,85.420,2019-06-21,10:00:57,00,";
var hq_str_sh603259="药明康德,86.780,86.330,85.270,86.860,85.270,85.260,85.270,1596400,137261155.000,1500,85.260,300,85.250,600,85.220,300,85.200,100,85.190,2200,85.270,1500,85.300,1400,85.380,3700,85.400,7400,85.420,2019-06-21,10:01:57,00,";
var hq_str_sh603259="药明康德,86.780,86.330,85.180,86.860,85.100,85.180,85.200,1674200,143889250.000,200,85.180,1000,85.130,3200,85.100,1400,85.090,500,85.080,5200,85.200,200,85.230,1800,85.250,500,85.260,300,85.380,2019-06-21,10:02:57,00,";
var hq_str_sh603259="药明康德,86.780,86.330,85.100,86.860,85.000,85.100,85.150,1788800,153640162.000,100,85.100,1700,85.090,300,85.080,100,85.060,1500,85.050,500,85.150,200,85.160,100,85.190,6000,85.200,6300,85.230,2019-06-21,10:03:57,00,";
var hq_str_sh603259="药明康德,86.780,86.330,85.190,86.860,85.000,85.180,85.190,1807300,155215535.000,1000,85.180,10200,85.150,400,85.140,4800,85.120,1500,85.110,5800,85.190,7600,85.200,6300,85.230,100,85.240,5200,85.250,2019-06-21,10:04:57,00,";
var hq_str_sh603259="药明康德,86.780,86.330,85.190,86.860,85.000,85.190,85.200,1848700,158742776.000,5000,85.190,600,85.180,300,85.170,1800,85.160,9700,85.150,500,85.200,500,85.210,1000,85.220,4700,85.230,100,85.240,2019-06-21,10:05:58,00,";
var hq_str_sh603259="药明康德,86.780,86.330,85.190,86.860,85.000,85.190,85.200,1865000,160131563.000,2000,85.190,1700,85.180,300,85.170,1700,85.160,10300,85.150,1000,85.200,1000,85.210,1900,85.220,4100,85.230,3100,85.240,2019-06-21,10:06:58,00,";
var hq_str_sh603259="药明康德,86.780,86.330,85.220,86.860,85.000,85.210,85.220,1889400,162210336.000,4500,85.210,7000,85.200,600,85.190,500,85.180,600,85.170,1600,85.220,3700,85.230,3100,85.240,9300,85.250,3500,85.260,2019-06-21,10:07:58,00,";
var hq_str_sh603259="药明康德,86.780,86.330,85.200,86.860,85.000,85.200,85.210,1916700,164536429.000,7700,85.200,2600,85.190,900,85.180,1300,85.170,5600,85.160,2700,85.210,2100,85.220,3700,85.230,3100,85.240,9300,85.250,2019-06-21,10:08:58,00,";
var hq_str_sh603259="药明康德,86.780,86.330,85.200,86.860,85.000,85.200,85.220,1938800,166419361.000,1200,85.200,3300,85.190,300,85.180,1100,85.170,5700,85.160,2200,85.220,3700,85.230,3100,85.240,9300,85.250,3500,85.260,2019-06-21,10:09:58,00,";
var hq_str_sh603259="药明康德,86.780,86.330,85.200,86.860,85.000,85.200,85.210,1950100,167382175.000,2600,85.200,1300,85.190,300,85.180,1300,85.170,5200,85.160,100,85.210,1300,85.220,3700,85.230,3100,85.240,7300,85.250,2019-06-21,10:10:58,00,";
var hq_str_sh603259="药明康德,86.780,86.330,85.200,86.860,85.000,85.180,85.200,1967000,168822079.000,300,85.180,1800,85.170,5200,85.160,11800,85.150,1200,85.140,400,85.200,3700,85.230,3600,85.240,7300,85.250,3500,85.260,2019-06-21,10:11:58,00,";
var hq_str_sh603259="药明康德,86.780,86.330,85.210,86.860,85.000,85.200,85.210,2010600,172537457.000,46100,85.200,1000,85.190,100,85.180,1500,85.170,5200,85.160,300,85.210,2900,85.260,4000,85.300,3000,85.390,8700,85.400,2019-06-21,10:12:58,00,";
var hq_str_sh603259="药明康德,86.780,86.330,85.260,86.860,85.000,85.260,85.300,2024900,173756297.000,8000,85.260,500,85.230,2300,85.220,4600,85.210,47200,85.200,4100,85.300,100,85.330,3000,85.390,8700,85.400,5000,85.410,2019-06-21,10:13:58,00,";
var hq_str_sh603259="药明康德,86.780,86.330,85.360,86.860,85.000,85.390,85.400,2056000,176410094.000,100,85.390,200,85.360,1400,85.350,100,85.340,900,85.330,6300,85.400,5000,85.410,9000,85.420,8000,85.440,2400,85.480,2019-06-21,10:14:58,00,";
var hq_str_sh603259="药明康德,86.780,86.330,85.350,86.860,85.000,85.340,85.350,2070100,177614018.000,700,85.340,900,85.330,1000,85.310,3700,85.300,200,85.280,200,85.350,800,85.380,500,85.390,1900,85.400,5000,85.410,2019-06-21,10:15:58,00,";
var hq_str_sh603259="药明康德,86.780,86.330,85.310,86.860,85.000,85.310,85.390,2078400,178322288.000,500,85.310,2200,85.300,200,85.280,1900,85.270,100,85.260,2500,85.390,3100,85.400,5800,85.410,9000,85.420,8000,85.440,2019-06-21,10:16:58,00,";
var hq_str_sh603259="药明康德,86.780,86.330,85.410,86.860,85.000,85.390,85.410,2087500,179099358.000,500,85.390,2100,85.330,1100,85.320,2400,85.310,2500,85.300,4400,85.410,9000,85.420,8000,85.440,2400,85.480,300,85.490,2019-06-21,10:17:58,00,";
var hq_str_sh603259="药明康德,86.780,86.330,85.440,86.860,85.000,85.420,85.440,2111300,181132116.000,300,85.420,2200,85.410,800,85.350,1700,85.340,600,85.330,6500,85.440,2400,85.480,300,85.490,15700,85.500,400,85.520,2019-06-21,10:18:58,00,";
var hq_str_sh603259="药明康德,86.780,86.330,85.440,86.860,85.000,85.360,85.440,2123700,182191309.000,200,85.360,1100,85.350,1700,85.340,700,85.330,1000,85.320,6100,85.440,2400,85.480,2300,85.490,15700,85.500,400,85.520,2019-06-21,10:19:58,00,";
var hq_str_sh603259="药明康德,86.780,86.330,85.440,86.860,85.000,85.430,85.440,2131800,182883296.000,200,85.430,300,85.380,2400,85.370,3300,85.360,1000,85.350,300,85.440,2400,85.480,2300,85.490,15700,85.500,400,85.520,2019-06-21,10:20:58,00,";
var hq_str_sh603259="药明康德,86.780,86.330,85.370,86.860,85.000,85.300,85.480,2162500,185503960.000,700,85.300,300,85.280,1800,85.270,100,85.260,200,85.250,1300,85.480,3400,85.490,15900,85.500,400,85.520,200,85.580,2019-06-21,10:21:58,00,";
var hq_str_sh603259="药明康德,86.780,86.330,85.380,86.860,85.000,85.380,85.430,2184900,187415678.000,900,85.380,100,85.350,1100,85.310,5300,85.300,3200,85.280,200,85.430,100,85.460,1500,85.480,1400,85.490,15900,85.500,2019-06-21,10:22:58,00,";
var hq_str_sh603259="药明康德,86.780,86.330,85.200,86.860,85.000,85.200,85.210,2251900,193128638.000,21700,85.200,300,85.190,700,85.180,700,85.170,5300,85.160,1100,85.210,300,85.250,1300,85.270,200,85.460,4900,85.470,2019-06-21,10:24:01,00,";
var hq_str_sh603259="药明康德,86.780,86.330,85.270,86.860,85.000,85.270,85.460,2263700,194134454.000,700,85.270,600,85.230,1300,85.220,2700,85.210,23600,85.200,1400,85.460,4900,85.470,100,85.490,13800,85.500,400,85.520,2019-06-21,10:24:58,00,";
var hq_str_sh603259="药明康德,86.780,86.330,85.450,86.860,85.000,85.300,85.450,2273100,194936694.000,500,85.300,100,85.290,7700,85.280,1500,85.270,1800,85.250,2100,85.450,4200,85.460,4900,85.470,100,85.490,14200,85.500,2019-06-21,10:25:58,00,";
var hq_str_sh603259="药明康德,86.780,86.330,85.350,86.860,85.000,85.350,85.460,2279200,195457770.000,700,85.350,1500,85.340,5800,85.330,11100,85.300,1000,85.290,1900,85.460,4900,85.470,300,85.490,14200,85.500,400,85.520,2019-06-21,10:26:58,00,";
var hq_str_sh603259="药明康德,86.780,86.330,85.330,86.860,85.000,85.330,85.350,2319000,198854943.000,900,85.330,1900,85.300,1000,85.290,7100,85.280,11500,85.270,5000,85.350,6300,85.470,300,85.490,14200,85.500,400,85.520,2019-06-21,10:27:58,00,";
var hq_str_sh603259="药明康德,86.780,86.330,85.370,86.860,85.000,85.360,85.470,2332500,200007407.000,200,85.360,5900,85.350,1000,85.340,1300,85.330,200,85.310,4500,85.470,300,85.490,14200,85.500,400,85.520,600,85.570,2019-06-21,10:28:58,00,";
var hq_str_sh603259="药明康德,86.780,86.330,85.360,86.860,85.000,85.350,85.360,2347000,201245257.000,1000,85.350,1800,85.340,500,85.330,500,85.310,2000,85.300,800,85.360,400,85.370,6900,85.400,900,85.410,3500,85.470,2019-06-21,10:29:55,00,";
var hq_str_sh603259="药明康德,86.780,86.330,85.370,86.860,85.000,85.370,85.400,2356900,202090316.000,400,85.370,1200,85.330,300,85.320,1200,85.310,2400,85.300,6100,85.400,5900,85.410,1600,85.470,600,85.490,14200,85.500,2019-06-21,10:30:58,00,";
var hq_str_sh603259="药明康德,86.780,86.330,85.380,86.860,85.000,85.350,85.380,2366700,202927017.000,500,85.350,1100,85.330,400,85.320,3000,85.310,2200,85.300,100,85.380,200,85.390,5100,85.400,5900,85.410,1600,85.470,2019-06-21,10:31:58,00,";
var hq_str_sh603259="药明康德,86.780,86.330,85.320,86.860,85.000,85.310,85.320,2402300,205965629.000,3400,85.310,8300,85.300,1300,85.290,7500,85.280,11000,85.270,400,85.320,200,85.350,600,85.400,4000,85.410,2000,85.470,2019-06-21,10:32:58,00,";
var hq_str_sh603259="药明康德,86.780,86.330,85.350,86.860,85.000,85.350,85.400,2415100,207057660.000,3200,85.350,100,85.330,500,85.320,4900,85.310,7500,85.300,700,85.400,4000,85.410,4600,85.470,600,85.490,14200,85.500,2019-06-21,10:33:58,00,";
var hq_str_sh603259="药明康德,86.780,86.330,85.360,86.860,85.000,85.360,85.400,2430600,208380638.000,100,85.360,1500,85.350,1300,85.330,1600,85.320,4900,85.310,300,85.400,4000,85.410,500,85.430,4600,85.470,5600,85.490,2019-06-21,10:34:58,00,";
var hq_str_sh603259="药明康德,86.780,86.330,85.450,86.860,85.000,85.450,85.470,2447400,209815397.000,13800,85.450,100,85.420,200,85.400,500,85.380,7000,85.350,3000,85.470,5600,85.490,14200,85.500,600,85.570,7200,85.580,2019-06-21,10:35:58,00,";
var hq_str_sh603259="药明康德,86.780,86.330,85.410,86.860,85.000,85.410,85.420,2467500,211532255.000,1900,85.410,23200,85.400,600,85.380,300,85.360,7300,85.350,1700,85.420,300,85.450,800,85.470,5600,85.490,14200,85.500,2019-06-21,10:36:58,00,";
var hq_str_sh603259="药明康德,86.780,86.330,85.450,86.860,85.000,85.450,85.490,2477500,212386586.000,1000,85.450,300,85.410,10900,85.400,700,85.380,6900,85.350,5600,85.490,14200,85.500,600,85.570,7200,85.580,31500,85.600,2019-06-21,10:37:58,00,";
var hq_str_sh603259="药明康德,86.780,86.330,85.450,86.860,85.000,85.450,85.460,2489100,213377853.000,300,85.450,200,85.430,300,85.420,4600,85.410,11400,85.400,500,85.460,100,85.480,4200,85.490,14200,85.500,1000,85.570,2019-06-21,10:38:58,00,";
var hq_str_sh603259="药明康德,86.780,86.330,85.430,86.860,85.000,85.440,85.450,2495400,213916200.000,800,85.440,6000,85.420,4600,85.410,11400,85.400,800,85.380,1100,85.450,500,85.460,4000,85.480,4200,85.490,14200,85.500,2019-06-21,10:39:58,00,";
var hq_str_sh603259="药明康德,86.780,86.330,85.440,86.860,85.000,85.440,85.450,2511100,215257574.000,800,85.440,1200,85.420,4600,85.410,11200,85.400,500,85.380,400,85.450,3500,85.480,4200,85.490,14200,85.500,200,85.560,2019-06-21,10:40:58,00,";
var hq_str_sh603259="药明康德,86.780,86.330,85.430,86.860,85.000,85.430,85.440,2516500,215718925.000,700,85.430,200,85.420,9600,85.410,11300,85.400,700,85.380,1000,85.440,100,85.460,700,85.470,3500,85.480,4200,85.490,2019-06-21,10:41:55,00,";
var hq_str_sh603259="药明康德,86.780,86.330,85.430,86.860,85.000,85.430,85.440,2529100,216795223.000,800,85.430,7500,85.420,7300,85.410,500,85.400,800,85.380,1400,85.440,300,85.460,700,85.470,2000,85.480,4200,85.490,2019-06-21,10:42:58,00,";
var hq_str_sh603259="药明康德,86.780,86.330,85.420,86.860,85.000,85.430,85.440,2566100,219957392.000,500,85.430,4100,85.420,6600,85.410,1000,85.400,700,85.380,500,85.440,2200,85.500,200,85.560,600,85.570,7200,85.580,2019-06-21,10:43:58,00,";
var hq_str_sh603259="药明康德,86.780,86.330,85.420,86.860,85.000,85.420,85.470,2577600,220939792.000,5800,85.420,5000,85.410,1100,85.400,900,85.380,500,85.370,1400,85.470,2900,85.500,300,85.560,600,85.570,7200,85.580,2019-06-21,10:44:58,00,";
var hq_str_sh603259="药明康德,86.780,86.330,85.440,86.860,85.000,85.440,85.470,2583300,221426763.000,700,85.440,2900,85.430,5800,85.420,5100,85.410,1200,85.400,1700,85.470,2900,85.500,300,85.560,600,85.570,7200,85.580,2019-06-21,10:45:55,00,";
var hq_str_sh603259="药明康德,86.780,86.330,85.450,86.860,85.000,85.440,85.450,2591352,222114789.000,500,85.440,2700,85.430,5400,85.420,5000,85.410,1600,85.400,500,85.450,500,85.470,2900,85.500,300,85.560,600,85.570,2019-06-21,10:46:58,00,";
var hq_str_sh603259="药明康德,86.780,86.330,85.440,86.860,85.000,85.440,85.450,2596452,222550577.000,1900,85.440,3000,85.430,5400,85.420,5000,85.410,1100,85.400,2000,85.450,300,85.470,2900,85.500,300,85.560,1300,85.570,2019-06-21,10:47:58,00,";
var hq_str_sh603259="药明康德,86.780,86.330,85.430,86.860,85.000,85.430,85.440,2605652,223336616.000,2200,85.430,5400,85.420,5000,85.410,1300,85.400,900,85.380,1000,85.440,200,85.450,300,85.470,1200,85.490,2900,85.500,2019-06-21,10:48:58,00,";
var hq_str_sh603259="药明康德,86.780,86.330,85.500,86.860,85.000,85.450,85.500,2622752,224797874.000,4700,85.450,500,85.430,3900,85.420,5000,85.410,5400,85.400,1100,85.500,300,85.560,1400,85.570,7200,85.580,1200,85.590,2019-06-21,10:49:58,00,";
var hq_str_sh603259="药明康德,86.780,86.330,85.480,86.860,85.000,85.470,85.480,2640552,226320388.000,900,85.470,800,85.460,5500,85.450,500,85.430,3900,85.420,100,85.480,1000,85.490,100,85.500,1400,85.590,31500,85.600,2019-06-21,10:50:58,00,";
var hq_str_sh603259="药明康德,86.780,86.330,85.490,86.860,85.000,85.490,85.500,2646152,226799149.000,2200,85.490,800,85.480,1100,85.470,1400,85.460,4900,85.450,600,85.500,1500,85.510,2500,85.580,2400,85.590,31500,85.600,2019-06-21,10:51:58,00,";
var hq_str_sh603259="药明康德,86.780,86.330,85.480,86.860,85.000,85.480,85.500,2659052,227901929.000,4900,85.480,1400,85.470,1400,85.460,4300,85.450,500,85.430,1800,85.500,1500,85.510,200,85.540,2500,85.580,2700,85.590,2019-06-21,10:52:58,00,";
var hq_str_sh603259="药明康德,86.780,86.330,85.470,86.860,85.000,85.470,85.480,2673052,229098751.000,1500,85.470,1300,85.460,4400,85.450,400,85.430,2300,85.420,200,85.480,600,85.510,200,85.540,2500,85.580,2700,85.590,2019-06-21,10:53:58,00,";
var hq_str_sh603259="药明康德,86.780,86.330,85.480,86.860,85.000,85.480,85.550,2686952,230287122.000,1800,85.480,1800,85.470,1200,85.460,4300,85.450,400,85.430,500,85.550,2900,85.580,2700,85.590,31500,85.600,3000,85.660,2019-06-21,10:54:58,00,";
var hq_str_sh603259="药明康德,86.780,86.330,85.480,86.860,85.000,85.480,85.580,2696552,231107903.000,4600,85.480,1000,85.470,1200,85.460,5300,85.450,400,85.430,6000,85.580,6000,85.590,31500,85.600,3600,85.620,4300,85.650,2019-06-21,10:55:58,00,";
var hq_str_sh603259="药明康德,86.780,86.330,85.490,86.860,85.000,85.490,85.500,2724252,233477263.000,2900,85.490,2500,85.480,900,85.470,1100,85.460,5300,85.450,900,85.500,3600,85.580,4100,85.590,30900,85.600,3600,85.620,2019-06-21,10:56:58,00,";
var hq_str_sh603259="药明康德,86.780,86.330,85.510,86.860,85.000,85.510,85.550,2735952,234477702.000,1000,85.510,100,85.500,4700,85.490,1400,85.480,1900,85.470,600,85.550,2500,85.560,4200,85.580,3800,85.590,30900,85.600,2019-06-21,10:57:58,00,";
var hq_str_sh603259="药明康德,86.780,86.330,85.540,86.860,85.000,85.540,85.550,2747352,235452604.000,1100,85.540,100,85.520,5800,85.510,9200,85.500,1400,85.480,4700,85.550,2500,85.560,4400,85.580,3800,85.590,30900,85.600,2019-06-21,10:58:58,00,";
var hq_str_sh603259="药明康德,86.780,86.330,85.490,86.860,85.000,85.480,85.490,2763952,236872118.000,1400,85.480,1900,85.470,1300,85.460,5500,85.450,400,85.430,900,85.490,1000,85.500,6800,85.510,100,85.520,3600,85.530,2019-06-21,10:59:58,00,";
var hq_str_sh603259="药明康德,86.780,86.330,85.460,86.860,85.000,85.470,85.480,2776752,237966280.000,100,85.470,500,85.460,5500,85.450,300,85.430,1000,85.400,1800,85.480,300,85.490,4000,85.500,800,85.510,3700,85.520,2019-06-21,11:00:58,00,";
var hq_str_sh603259="药明康德,86.780,86.330,85.400,86.860,85.000,85.380,85.400,2791952,239265163.000,900,85.380,600,85.370,4500,85.350,700,85.330,1100,85.320,200,85.400,600,85.430,2000,85.450,200,85.470,200,85.480,2019-06-21,11:01:58,00,";
var hq_str_sh603259="药明康德,86.780,86.330,85.430,86.860,85.000,85.370,85.450,2808252,240656912.000,300,85.370,300,85.360,2500,85.350,700,85.330,1100,85.320,2000,85.450,200,85.470,200,85.480,3900,85.490,3000,85.500,2019-06-21,11:02:58,00,";
var hq_str_sh603259="药明康德,86.780,86.330,85.350,86.860,85.000,85.330,85.350,2821952,241826326.000,700,85.330,1100,85.320,100,85.310,2400,85.300,900,85.290,300,85.350,1200,85.360,100,85.430,100,85.440,1900,85.450,2019-06-21,11:03:58,00,";
var hq_str_sh603259="药明康德,86.780,86.330,85.310,86.860,85.000,85.310,85.350,2847452,244002094.000,1200,85.310,3200,85.300,5200,85.290,6600,85.280,1000,85.270,1400,85.350,100,85.360,3500,85.380,2700,85.430,1900,85.450,2019-06-21,11:04:58,00,";
var hq_str_sh603259="药明康德,86.780,86.330,85.360,86.860,85.000,85.350,85.360,2860952,245154353.000,600,85.350,100,85.330,4700,85.320,6800,85.310,4100,85.300,2400,85.360,3400,85.380,2600,85.430,3800,85.440,1200,85.450,2019-06-21,11:05:58,00,";
var hq_str_sh603259="药明康德,86.780,86.330,85.350,86.860,85.000,85.340,85.350,2881752,246929225.000,2000,85.340,400,85.330,3300,85.310,4200,85.300,900,85.290,3000,85.350,2100,85.360,2400,85.380,2600,85.430,3600,85.440,2019-06-21,11:06:58,00,";
var hq_str_sh603259="药明康德,86.780,86.330,85.330,86.860,85.000,85.330,85.340,2889952,247629012.000,1700,85.330,300,85.320,3300,85.310,2900,85.300,900,85.290,5700,85.340,3200,85.350,2100,85.360,2600,85.380,2600,85.430,2019-06-21,11:07:58,00,";
var hq_str_sh603259="药明康德,86.780,86.330,85.310,86.860,85.000,85.310,85.330,2905052,248917363.000,5200,85.310,2900,85.300,900,85.290,7100,85.280,800,85.270,100,85.330,4200,85.340,1200,85.350,1100,85.360,2600,85.380,2019-06-21,11:08:58,00,";
var hq_str_sh603259="药明康德,86.780,86.330,85.360,86.860,85.000,85.350,85.360,2934152,251400445.000,1200,85.350,4800,85.340,200,85.330,1000,85.310,1300,85.300,5500,85.360,2600,85.380,2600,85.430,3600,85.440,1200,85.450,2019-06-21,11:09:58,00,";
var hq_str_sh603259="药明康德,86.780,86.330,85.350,86.860,85.000,85.350,85.360,2942852,252142999.000,6200,85.350,3500,85.340,600,85.330,1200,85.310,11800,85.300,2500,85.360,2600,85.380,8000,85.430,3600,85.440,4800,85.450,2019-06-21,11:10:58,00,";
var hq_str_sh603259="药明康德,86.780,86.330,85.350,86.860,85.000,85.340,85.350,2964752,254012202.000,2900,85.340,700,85.330,1200,85.310,11800,85.300,1200,85.290,900,85.350,1100,85.360,2600,85.380,8000,85.430,3600,85.440,2019-06-21,11:11:58,00,";
var hq_str_sh603259="药明康德,86.780,86.330,85.330,86.860,85.000,85.310,85.330,2981752,255463010.000,5500,85.310,12400,85.300,1200,85.290,7100,85.280,800,85.270,100,85.330,6800,85.340,300,85.350,1100,85.360,6100,85.380,2019-06-21,11:12:58,00,";
var hq_str_sh603259="药明康德,86.780,86.330,85.300,86.860,85.000,85.270,85.280,3031252,259685650.000,1500,85.270,2100,85.250,1500,85.240,500,85.230,500,85.220,200,85.280,16200,85.300,2500,85.310,3500,85.350,3900,85.360,2019-06-21,11:13:58,00,";
var hq_str_sh603259="药明康德,86.780,86.330,85.300,86.860,85.000,85.260,85.300,3069552,262951769.000,600,85.260,4100,85.250,1500,85.240,1400,85.230,12500,85.220,1000,85.300,2500,85.310,3500,85.350,3900,85.360,6100,85.380,2019-06-21,11:14:58,00,";
var hq_str_sh603259="药明康德,86.780,86.330,85.260,86.860,85.000,85.260,85.300,3085252,264290303.000,8600,85.260,600,85.250,1600,85.240,900,85.230,12500,85.220,1200,85.300,2600,85.310,3500,85.350,3900,85.360,6100,85.380,2019-06-21,11:15:58,00,";
var hq_str_sh603259="药明康德,86.780,86.330,85.320,86.860,85.000,85.320,85.360,3131152,268206002.000,2000,85.320,800,85.310,7800,85.300,100,85.270,2200,85.260,200,85.360,6100,85.380,200,85.400,8000,85.430,3600,85.440,2019-06-21,11:16:58,00,";
var hq_str_sh603259="药明康德,86.780,86.330,85.310,86.860,85.000,85.270,85.310,3151352,269929375.000,600,85.270,2800,85.260,700,85.250,1600,85.240,1300,85.230,300,85.310,4300,85.320,3500,85.360,3300,85.370,6100,85.380,2019-06-21,11:17:58,00,";
var hq_str_sh603259="药明康德,86.780,86.330,85.210,86.860,85.000,85.180,85.210,3190152,273236144.000,2100,85.180,2000,85.170,4700,85.160,3500,85.150,100,85.140,1500,85.210,1900,85.300,3400,85.310,1000,85.320,4500,85.360,2019-06-21,11:18:58,00,";
var hq_str_sh603259="药明康德,86.780,86.330,85.080,86.860,85.000,85.070,85.080,3262752,279416746.000,400,85.070,1300,85.060,1300,85.050,200,85.040,1100,85.030,6000,85.080,21600,85.090,17000,85.100,100,85.120,1300,85.140,2019-06-21,11:19:58,00,";
var hq_str_sh603259="药明康德,86.780,86.330,85.070,86.860,85.000,85.060,85.070,3293852,282062429.000,400,85.060,1600,85.050,700,85.040,2400,85.030,6700,85.020,1100,85.070,20400,85.090,3700,85.120,1400,85.140,1400,85.200,2019-06-21,11:20:58,00,";
var hq_str_sh603259="药明康德,86.780,86.330,85.090,86.860,85.000,85.090,85.100,3328752,285031725.000,500,85.090,1500,85.070,7300,85.060,25300,85.050,2800,85.040,200,85.100,3700,85.120,1400,85.140,1400,85.200,1800,85.300,2019-06-21,11:21:58,00,";
var hq_str_sh603259="药明康德,86.780,86.330,85.110,86.860,85.000,85.100,85.110,3358552,287568915.000,1800,85.100,600,85.090,3700,85.080,3600,85.070,6700,85.060,900,85.110,1200,85.120,100,85.130,13800,85.200,200,85.240,2019-06-21,11:22:58,00,";
var hq_str_sh603259="药明康德,86.780,86.330,85.110,86.860,85.000,85.110,85.120,3384252,289756487.000,300,85.110,12200,85.100,500,85.090,4500,85.080,3700,85.070,100,85.120,9500,85.200,1800,85.300,3200,85.310,1000,85.360,2019-06-21,11:23:58,00,";
var hq_str_sh603259="药明康德,86.780,86.330,85.060,86.860,85.000,85.060,85.100,3432852,293892574.000,2300,85.060,28100,85.050,2800,85.040,2500,85.030,6700,85.020,2300,85.100,3200,85.110,3700,85.190,400,85.200,1000,85.290,2019-06-21,11:24:58,00,";
var hq_str_sh603259="药明康德,86.780,86.330,85.010,86.860,85.000,85.010,85.020,3490252,298773957.000,3200,85.010,34900,85.000,1300,84.990,700,84.980,500,84.960,4900,85.020,800,85.030,2000,85.040,500,85.050,3800,85.060,2019-06-21,11:25:58,00,";
var hq_str_sh603259="药明康德,86.780,86.330,84.910,86.860,84.910,84.910,84.990,3549152,303780126.000,1300,84.910,2200,84.900,500,84.890,2600,84.880,100,84.860,100,84.990,10300,85.000,900,85.010,1700,85.020,500,85.050,2019-06-21,11:26:58,00,";
var hq_str_sh603259="药明康德,86.780,86.330,84.810,86.860,84.810,84.800,84.810,3575752,306037911.000,4900,84.800,400,84.790,800,84.770,100,84.750,1300,84.710,3900,84.810,100,84.830,500,84.860,2500,84.890,1700,84.900,2019-06-21,11:27:58,00,";
var hq_str_sh603259="药明康德,86.780,86.330,84.700,86.860,84.690,84.690,84.700,3607652,308741680.000,3900,84.690,15000,84.680,5300,84.670,100,84.660,100,84.650,7400,84.700,800,84.750,1000,84.760,400,84.770,100,84.780,2019-06-21,11:28:58,00,";
var hq_str_sh603259="药明康德,86.780,86.330,84.580,86.860,84.550,84.590,84.600,3665252,313616780.000,100,84.590,3000,84.570,2200,84.560,1700,84.550,200,84.540,16600,84.600,600,84.650,1000,84.690,1100,84.750,400,84.770,2019-06-21,11:29:58,00,";
var hq_str_sh603259="药明康德,86.780,86.330,84.570,86.860,84.550,84.570,84.600,3668152,313862035.000,200,84.570,2200,84.560,1700,84.550,200,84.540,800,84.530,16600,84.600,600,84.650,1100,84.750,400,84.770,100,84.780,2019-06-21,11:30:00,00,";
var hq_str_sh603259="药明康德,86.780,86.330,84.110,86.860,84.010,84.130,84.150,3787852,323951540.000,300,84.130,2400,84.120,4600,84.110,30800,84.100,1400,84.090,200,84.150,100,84.180,2200,84.190,11300,84.200,700,84.240,2019-06-21,13:00:58,00,";
var hq_str_sh603259="药明康德,86.780,86.330,84.100,86.860,84.010,84.090,84.100,3888852,332444897.000,2600,84.090,200,84.040,1100,84.030,600,84.020,5400,84.010,3900,84.100,1300,84.150,500,84.180,2000,84.190,1000,84.200,2019-06-21,13:01:58,00,";
var hq_str_sh603259="药明康德,86.780,86.330,84.050,86.860,84.010,84.050,84.060,3938952,336656839.000,5800,84.050,900,84.030,3600,84.020,5900,84.010,39700,84.000,4100,84.060,4900,84.080,3500,84.100,300,84.150,3200,84.180,2019-06-21,13:02:58,00,";
var hq_str_sh603259="药明康德,86.780,86.330,83.960,86.860,83.950,83.950,83.960,4046152,345662235.000,200,83.950,500,83.910,3000,83.900,700,83.890,600,83.880,3600,83.960,100,83.970,4500,84.000,700,84.020,7900,84.030,2019-06-21,13:03:58,00,";
var hq_str_sh603259="药明康德,86.780,86.330,83.850,86.860,83.850,83.830,83.850,4087152,349102180.000,700,83.830,1100,83.820,8100,83.810,13200,83.800,500,83.790,1300,83.850,1800,83.880,100,83.890,13000,83.910,2500,83.960,2019-06-21,13:04:58,00,";
var hq_str_sh603259="药明康德,86.780,86.330,83.880,86.860,83.800,83.880,83.910,4176652,356605563.000,2100,83.880,300,83.860,1700,83.850,1500,83.840,300,83.810,12600,83.910,2500,83.960,2000,83.990,2200,84.000,7900,84.030,2019-06-21,13:05:58,00,";
var hq_str_sh603259="药明康德,86.780,86.330,83.900,86.860,83.800,83.890,83.900,4229930,361073647.000,600,83.890,4000,83.880,400,83.860,11522,83.850,3600,83.840,4400,83.900,7200,83.910,2500,83.960,2000,83.990,200,84.000,2019-06-21,13:06:58,00,";
var hq_str_sh603259="药明康德,86.780,86.330,83.850,86.860,83.800,83.840,83.850,4276330,364964867.000,600,83.840,1700,83.820,9400,83.810,10600,83.800,500,83.790,800,83.850,1800,83.860,600,83.870,3200,83.880,300,83.900,2019-06-21,13:07:58,00,";
var hq_str_sh603259="药明康德,86.780,86.330,83.910,86.860,83.800,83.900,83.930,4311430,367909274.000,800,83.900,300,83.890,5600,83.880,1800,83.870,11400,83.860,200,83.930,600,83.950,1100,83.960,2000,83.990,200,84.000,2019-06-21,13:08:58,00,";
var hq_str_sh603259="药明康德,86.780,86.330,84.000,86.860,83.800,83.980,84.000,4351730,371293533.000,100,83.980,800,83.970,500,83.950,600,83.940,1600,83.930,1500,84.000,2700,84.020,2300,84.030,200,84.040,100,84.070,2019-06-21,13:09:58,00,";
var hq_str_sh603259="药明康德,86.780,86.330,84.030,86.860,83.800,84.030,84.060,4484930,382485370.000,1300,84.030,37400,84.020,4700,84.000,400,83.990,800,83.980,1400,84.060,1000,84.170,3100,84.180,2000,84.190,400,84.380,2019-06-21,13:10:58,00,";
var hq_str_sh603259="药明康德,86.780,86.330,84.120,86.860,83.800,84.120,84.330,4521730,385584922.000,100,84.120,100,84.100,1000,84.080,4000,84.070,2300,84.060,100,84.330,600,84.340,1400,84.350,4200,84.360,200,84.370,2019-06-21,13:11:58,00,";
var hq_str_sh603259="药明康德,86.780,86.330,84.290,86.860,83.800,84.180,84.290,4536330,386814916.000,400,84.180,500,84.170,1100,84.160,1700,84.150,3100,84.140,3700,84.290,13300,84.300,100,84.320,200,84.340,1700,84.350,2019-06-21,13:12:58,00,";
var hq_str_sh603259="药明康德,86.780,86.330,84.090,86.860,83.800,84.070,84.080,4569730,389625551.000,3500,84.070,800,84.060,500,84.050,500,84.040,5200,84.030,300,84.080,4700,84.090,3100,84.100,2200,84.150,600,84.160,2019-06-21,13:13:58,00,";
var hq_str_sh603259="药明康德,86.780,86.330,84.050,86.860,83.800,84.040,84.050,4593930,391659968.000,1700,84.040,5300,84.030,600,84.020,1400,84.010,19800,84.000,3300,84.050,700,84.060,100,84.070,2500,84.090,2200,84.150,2019-06-21,13:14:58,00,";
var hq_str_sh603259="药明康德,86.780,86.330,84.010,86.860,83.800,84.000,84.010,4635530,395156348.000,20700,84.000,400,83.990,300,83.980,200,83.970,200,83.960,4500,84.010,300,84.050,800,84.070,300,84.090,2200,84.150,2019-06-21,13:15:58,00,";
var hq_str_sh603259="药明康德,86.780,86.330,84.000,86.860,83.800,83.990,84.000,4674030,398390476.000,600,83.990,1200,83.980,5200,83.970,200,83.960,200,83.950,3600,84.000,900,84.070,6100,84.080,400,84.090,200,84.160,2019-06-21,13:16:58,00,";
var hq_str_sh603259="药明康德,86.780,86.330,84.000,86.860,83.800,84.000,84.060,4691830,399885479.000,500,84.000,600,83.980,5200,83.970,400,83.960,800,83.950,500,84.060,300,84.070,6100,84.080,400,84.090,1600,84.170,2019-06-21,13:17:58,00,";
var hq_str_sh603259="药明康德,86.780,86.330,84.020,86.860,83.800,84.020,84.080,4709230,401347609.000,900,84.020,2600,84.010,32100,84.000,300,83.990,1500,83.980,3900,84.080,2400,84.090,2000,84.160,1600,84.170,3000,84.180,2019-06-21,13:18:58,00,";
var hq_str_sh603259="药明康德,86.780,86.330,84.010,86.860,83.800,84.010,84.020,4733130,403355807.000,700,84.010,33500,84.000,300,83.990,700,83.980,5100,83.970,1000,84.020,1500,84.060,2000,84.070,9200,84.080,2400,84.090,2019-06-21,13:19:58,00,";
var hq_str_sh603259="药明康德,86.780,86.330,84.000,86.860,83.800,83.990,84.000,4784530,407673579.000,400,83.990,900,83.980,5100,83.970,600,83.960,1000,83.950,4000,84.000,6800,84.010,9700,84.020,2000,84.040,4000,84.050,2019-06-21,13:20:58,00,";
var hq_str_sh603259="药明康德,86.780,86.330,83.980,86.860,83.800,83.900,83.980,4817030,410402690.000,5200,83.900,600,83.890,3900,83.880,300,83.870,10200,83.860,2600,83.980,4800,84.000,6800,84.010,9700,84.020,2000,84.040,2019-06-21,13:21:58,00,";
var hq_str_sh603259="药明康德,86.780,86.330,83.990,86.860,83.800,83.990,84.000,4854830,413577030.000,700,83.990,2900,83.980,500,83.960,500,83.930,2000,83.910,2700,84.000,3700,84.010,9700,84.020,1000,84.060,9200,84.080,2019-06-21,13:22:58,00,";
var hq_str_sh603259="药明康德,86.780,86.330,84.010,86.860,83.800,84.000,84.010,4870630,414904244.000,2700,84.000,800,83.990,2900,83.980,500,83.960,100,83.920,1100,84.010,9700,84.020,1000,84.060,9200,84.080,2300,84.090,2019-06-21,13:23:58,00,";
var hq_str_sh603259="药明康德,86.780,86.330,84.020,86.860,83.800,83.990,84.020,4888430,416399501.000,1700,83.990,2900,83.980,500,83.960,100,83.930,300,83.920,8200,84.020,1000,84.060,9200,84.080,2300,84.090,1000,84.200,2019-06-21,13:24:58,00,";
var hq_str_sh603259="药明康德,86.780,86.330,83.990,86.860,83.800,83.990,84.010,4903330,417651017.000,1700,83.990,500,83.960,100,83.930,400,83.920,3000,83.910,5600,84.010,5800,84.020,1000,84.060,9200,84.080,2300,84.090,2019-06-21,13:25:58,00,";
var hq_str_sh603259="药明康德,86.780,86.330,84.010,86.860,83.800,84.000,84.010,4914630,418600090.000,1200,84.000,1100,83.960,300,83.930,500,83.920,3100,83.910,4200,84.010,5800,84.020,500,84.040,2900,84.060,9200,84.080,2019-06-21,13:26:58,00,";
var hq_str_sh603259="药明康德,86.780,86.330,84.010,86.860,83.800,84.000,84.010,4926730,419616325.000,7400,84.000,1500,83.960,1400,83.930,1300,83.920,3100,83.910,2800,84.010,6400,84.020,2900,84.060,9200,84.080,2300,84.090,2019-06-21,13:27:56,00,";
var hq_str_sh603259="药明康德,86.780,86.330,84.050,86.860,83.800,84.020,84.050,4947930,421397326.000,800,84.020,1400,84.000,300,83.980,1600,83.960,1400,83.930,1200,84.050,2800,84.060,9200,84.080,2300,84.090,2000,84.190,2019-06-21,13:28:58,00,";
var hq_str_sh603259="药明康德,86.780,86.330,84.000,86.860,83.800,84.000,84.060,4962030,422581967.000,2100,84.000,3700,83.990,1600,83.980,1600,83.960,100,83.940,400,84.060,9200,84.080,2300,84.090,2000,84.190,1000,84.200,2019-06-21,13:29:58,00,";
var hq_str_sh603259="药明康德,86.780,86.330,84.040,86.860,83.800,84.010,84.070,4977130,423851187.000,400,84.010,2900,84.000,3700,83.990,4600,83.980,1400,83.960,300,84.070,2900,84.080,2300,84.090,2000,84.190,1000,84.200,2019-06-21,13:30:58,00,";
var hq_str_sh603259="药明康德,86.780,86.330,84.020,86.860,83.800,84.020,84.090,4992430,425136997.000,2700,84.020,3000,84.010,3300,84.000,3700,83.990,4600,83.980,2100,84.090,2000,84.190,1000,84.200,100,84.270,2000,84.280,2019-06-21,13:31:58,00,";
var hq_str_sh603259="药明康德,86.780,86.330,84.190,86.860,83.800,84.190,84.200,5003930,426104252.000,1800,84.190,700,84.100,600,84.080,6100,84.050,100,84.040,600,84.200,1600,84.270,2000,84.280,2100,84.290,500,84.310,2019-06-21,13:32:52,00,";
var hq_str_sh603259="药明康德,86.780,86.330,84.350,86.860,83.800,84.260,84.350,5024630,427849318.000,500,84.260,900,84.250,900,84.210,600,84.200,8800,84.190,2300,84.350,1000,84.360,1200,84.370,4000,84.390,2000,84.400,2019-06-21,13:33:58,00,";
var hq_str_sh603259="药明康德,86.780,86.330,84.270,86.860,83.800,84.260,84.270,5037730,428953698.000,100,84.260,900,84.250,100,84.240,1100,84.210,700,84.200,100,84.270,700,84.320,6700,84.330,3100,84.350,1800,84.360,2019-06-21,13:34:58,00,";
var hq_str_sh603259="药明康德,86.780,86.330,84.240,86.860,83.800,84.240,84.310,5047130,429745880.000,800,84.240,1400,84.210,1300,84.200,8800,84.190,100,84.180,600,84.310,1800,84.320,6700,84.330,2700,84.350,1600,84.360,2019-06-21,13:35:58,00,";
var hq_str_sh603259="药明康德,86.780,86.330,84.210,86.860,83.800,84.210,84.300,5074530,432055537.000,900,84.210,200,84.200,7600,84.190,400,84.180,500,84.160,2300,84.300,200,84.310,3100,84.320,2800,84.330,2500,84.350,2019-06-21,13:36:58,00,";
var hq_str_sh603259="药明康德,86.780,86.330,84.300,86.860,83.800,84.220,84.300,5088730,433252344.000,500,84.220,1500,84.210,400,84.200,2600,84.190,400,84.180,1600,84.300,3100,84.320,1100,84.330,300,84.340,3000,84.350,2019-06-21,13:37:58,00,";
var hq_str_sh603259="药明康德,86.780,86.330,84.230,86.860,83.800,84.230,84.300,5098830,434103406.000,200,84.230,1800,84.220,1700,84.210,700,84.200,2600,84.190,500,84.300,2400,84.320,1100,84.330,300,84.340,2500,84.350,2019-06-21,13:38:58,00,";
var hq_str_sh603259="药明康德,86.780,86.330,84.320,86.860,83.800,84.320,84.340,5108830,434946473.000,600,84.320,1400,84.230,1800,84.220,1700,84.210,600,84.200,200,84.340,2200,84.350,1600,84.360,7000,84.390,3400,84.400,2019-06-21,13:39:58,00,";
var hq_str_sh603259="药明康德,86.780,86.330,84.330,86.860,83.800,84.320,84.330,5121230,435992292.000,700,84.320,100,84.300,100,84.240,1300,84.230,1800,84.220,3700,84.330,200,84.350,7000,84.390,3400,84.400,200,84.450,2019-06-21,13:40:58,00,";
var hq_str_sh603259="药明康德,86.780,86.330,84.300,86.860,83.800,84.240,84.300,5133230,437003816.000,300,84.240,500,84.230,1800,84.220,1900,84.210,600,84.200,600,84.300,400,84.330,1100,84.350,1700,84.380,7000,84.390,2019-06-21,13:41:58,00,";
var hq_str_sh603259="药明康德,86.780,86.330,84.250,86.860,83.800,84.240,84.250,5147630,438217218.000,2100,84.240,600,84.230,1800,84.220,1900,84.210,800,84.200,200,84.250,1000,84.300,200,84.310,3800,84.330,2800,84.340,2019-06-21,13:42:58,00,";
var hq_str_sh603259="药明康德,86.780,86.330,84.220,86.860,83.800,84.220,84.300,5164630,439649225.000,300,84.220,1500,84.200,2100,84.190,700,84.180,500,84.160,1600,84.300,300,84.310,2800,84.320,3800,84.330,2800,84.340,2019-06-21,13:43:58,00,";
var hq_str_sh603259="药明康德,86.780,86.330,84.190,86.860,83.800,84.190,84.200,5176030,440609535.000,1200,84.190,800,84.180,500,84.160,5400,84.100,700,84.080,1200,84.200,100,84.280,11300,84.300,900,84.310,3000,84.320,2019-06-21,13:44:58,00,";
var hq_str_sh603259="药明康德,86.780,86.330,84.200,86.860,83.800,84.180,84.200,5192830,442023935.000,200,84.180,7400,84.160,6100,84.100,900,84.080,100,84.060,900,84.200,200,84.220,600,84.280,11000,84.300,900,84.310,2019-06-21,13:45:58,00,";
var hq_str_sh603259="药明康德,86.780,86.330,84.100,86.860,83.800,84.100,84.110,5212130,443647741.000,5300,84.100,800,84.080,100,84.060,600,84.050,100,84.040,100,84.110,3000,84.140,8200,84.160,400,84.180,1000,84.200,2019-06-21,13:46:56,00,";
var hq_str_sh603259="药明康德,86.780,86.330,84.010,86.860,83.800,84.010,84.040,5233830,445471921.000,2000,84.010,5400,84.000,3400,83.990,1700,83.980,1300,83.960,100,84.040,800,84.050,200,84.090,9600,84.100,100,84.110,2019-06-21,13:47:58,00,";
var hq_str_sh603259="药明康德,86.780,86.330,84.080,86.860,83.800,84.080,84.100,5257630,447472239.000,300,84.080,2800,84.050,100,84.040,800,84.030,200,84.010,3900,84.100,100,84.110,1300,84.150,1400,84.180,1000,84.200,2019-06-21,13:48:56,00,";
var hq_str_sh603259="药明康德,86.780,86.330,84.050,86.860,83.800,84.050,84.080,5276130,449027284.000,400,84.050,300,84.040,500,84.030,700,84.020,800,84.010,400,84.080,1000,84.090,11100,84.100,100,84.110,1300,84.150,2019-06-21,13:49:56,00,";
var hq_str_sh603259="药明康德,86.780,86.330,84.060,86.860,83.800,84.040,84.060,5288930,450103294.000,500,84.040,500,84.030,700,84.020,1800,84.010,7300,84.000,3000,84.060,8800,84.070,800,84.090,11100,84.100,100,84.110,2019-06-21,13:50:58,00,";
var hq_str_sh603259="药明康德,86.780,86.330,84.040,86.860,83.800,84.030,84.040,5303430,451322087.000,700,84.030,1100,84.020,1800,84.010,10300,84.000,3400,83.990,1300,84.040,7100,84.070,800,84.090,11100,84.100,100,84.110,2019-06-21,13:51:56,00,";
var hq_str_sh603259="药明康德,86.780,86.330,84.000,86.860,83.800,84.000,84.010,5332130,453733080.000,3700,84.000,3300,83.990,2300,83.980,200,83.970,1800,83.960,1100,84.010,100,84.030,100,84.060,7100,84.070,1300,84.090,2019-06-21,13:52:59,00,";
var hq_str_sh603259="药明康德,86.780,86.330,84.100,86.860,83.800,84.070,84.100,5371330,457027994.000,300,84.070,400,84.030,4600,84.020,5300,84.010,4500,84.000,2300,84.100,100,84.110,200,84.120,1300,84.150,1300,84.180,2019-06-21,13:53:59,00,";
var hq_str_sh603259="药明康德,86.780,86.330,84.050,86.860,83.800,84.040,84.050,5389130,458524861.000,2900,84.040,2400,84.030,4700,84.020,5300,84.010,4900,84.000,4600,84.050,1400,84.100,2200,84.200,200,84.220,2100,84.280,2019-06-21,13:54:59,00,";
var hq_str_sh603259="药明康德,86.780,86.330,84.160,86.860,83.800,84.170,84.190,5406330,459971036.000,200,84.170,300,84.100,600,84.070,800,84.060,3300,84.050,200,84.190,2400,84.200,200,84.220,2100,84.280,4100,84.300,2019-06-21,13:55:59,00,";
var hq_str_sh603259="药明康德,86.780,86.330,84.260,86.860,83.800,84.260,84.270,5418130,460964243.000,400,84.260,200,84.130,300,84.120,400,84.110,16000,84.100,800,84.270,1800,84.280,4100,84.300,900,84.310,100,84.320,2019-06-21,13:56:59,00,";
var hq_str_sh603259="药明康德,86.780,86.330,84.300,86.860,83.800,84.300,84.310,5445830,463298430.000,2700,84.300,1000,84.260,1200,84.160,200,84.130,5300,84.120,400,84.310,100,84.320,100,84.340,600,84.350,100,84.360,2019-06-21,13:57:59,00,";
var hq_str_sh603259="药明康德,86.780,86.330,84.270,86.860,83.800,84.270,84.300,5467530,465126821.000,500,84.270,900,84.160,900,84.150,200,84.130,5200,84.120,300,84.300,500,84.350,1700,84.360,2300,84.370,1900,84.380,2019-06-21,13:58:59,00,";
var hq_str_sh603259="药明康德,86.780,86.330,84.270,86.860,83.800,84.140,84.270,5494130,467368037.000,100,84.140,4600,84.120,600,84.110,11300,84.100,500,84.070,2300,84.270,500,84.290,5200,84.300,3300,84.350,100,84.360,2019-06-21,13:59:59,00,";
var hq_str_sh603259="药明康德,86.780,86.330,84.270,86.860,83.800,84.170,84.270,5505330,468311162.000,1000,84.170,10800,84.160,200,84.140,3200,84.120,1900,84.110,2000,84.270,200,84.280,500,84.290,4900,84.300,3300,84.350,2019-06-21,14:00:59,00,";
var hq_str_sh603259="药明康德,86.780,86.330,84.160,86.860,83.800,84.160,84.180,5523930,469877371.000,6400,84.160,3200,84.120,1900,84.110,10700,84.100,400,84.080,100,84.180,2800,84.290,5000,84.300,3300,84.350,100,84.360,2019-06-21,14:01:59,00,";
var hq_str_sh603259="药明康德,86.780,86.330,84.290,86.860,83.800,84.170,84.290,5540230,471250403.000,500,84.170,4200,84.160,600,84.130,3200,84.120,2100,84.110,1300,84.290,4800,84.300,3300,84.350,100,84.360,2300,84.370,2019-06-21,14:02:59,00,";
var hq_str_sh603259="药明康德,86.780,86.330,84.160,86.860,83.800,84.150,84.160,5561430,473035183.000,1200,84.150,600,84.130,3300,84.120,2700,84.110,10700,84.100,5900,84.160,400,84.230,3700,84.290,100,84.300,3300,84.350,2019-06-21,14:03:59,00,";
var hq_str_sh603259="药明康德,86.780,86.330,84.160,86.860,83.800,84.120,84.140,5575230,474196391.000,2300,84.120,2700,84.110,11500,84.100,2400,84.080,500,84.070,100,84.140,1700,84.160,100,84.230,4200,84.290,100,84.300,2019-06-21,14:04:59,00,";
var hq_str_sh603259="药明康德,86.780,86.330,84.270,86.860,83.800,84.120,84.270,5595030,475862360.000,800,84.120,2000,84.110,11600,84.100,100,84.090,2400,84.080,100,84.270,4200,84.290,200,84.300,3300,84.350,300,84.360,2019-06-21,14:05:59,00,";
var hq_str_sh603259="药明康德,86.780,86.330,84.180,86.860,83.800,84.180,84.200,5602530,476493716.000,500,84.180,400,84.160,400,84.150,900,84.130,1400,84.120,100,84.200,300,84.280,3400,84.290,200,84.300,200,84.340,2019-06-21,14:06:59,00,";
var hq_str_sh603259="药明康德,86.780,86.330,84.140,86.860,83.800,84.140,84.270,5646930,480230145.000,1000,84.140,100,84.110,100,84.090,3400,84.080,500,84.070,1000,84.270,296,84.280,2200,84.290,200,84.340,3300,84.350,2019-06-21,14:07:59,00,";
var hq_str_sh603259="药明康德,86.780,86.330,84.110,86.860,83.800,84.100,84.110,5655630,480962223.000,1800,84.100,900,84.090,3500,84.080,500,84.070,300,84.060,100,84.110,400,84.140,1896,84.260,2300,84.270,100,84.280,2019-06-21,14:08:59,00,";
var hq_str_sh603259="药明康德,86.780,86.330,84.140,86.860,83.800,84.140,84.270,5666126,481845846.000,800,84.140,300,84.130,300,84.120,4100,84.110,2000,84.100,1300,84.270,100,84.280,4200,84.290,100,84.300,200,84.340,2019-06-21,14:09:59,00,";
var hq_str_sh603259="药明康德,86.780,86.330,84.140,86.860,83.800,84.130,84.140,5680426,483050310.000,600,84.130,900,84.120,4100,84.110,2000,84.100,800,84.090,700,84.140,2600,84.270,4000,84.290,100,84.300,200,84.340,2019-06-21,14:10:56,00,";
var hq_str_sh603259="药明康德,86.780,86.330,84.210,86.860,83.800,84.210,84.290,5703926,485029743.000,1000,84.210,2500,84.200,700,84.150,3000,84.140,900,84.130,1100,84.290,100,84.300,200,84.340,3300,84.350,300,84.360,2019-06-21,14:11:59,00,";
var hq_str_sh603259="药明康德,86.780,86.330,84.200,86.860,83.800,84.200,84.310,5721226,486487813.000,300,84.200,100,84.180,2000,84.150,2400,84.140,900,84.130,2000,84.310,1100,84.350,300,84.360,2200,84.370,2500,84.380,2019-06-21,14:12:59,00,";
var hq_str_sh603259="药明康德,86.780,86.330,84.210,86.860,83.800,84.210,84.350,5733226,487499163.000,2300,84.210,100,84.200,500,84.180,100,84.160,2000,84.150,300,84.350,200,84.360,2000,84.370,2500,84.380,4200,84.390,2019-06-21,14:13:59,00,";
var hq_str_sh603259="药明康德,86.780,86.330,84.220,86.860,83.800,84.220,84.390,5755226,489354110.000,2000,84.220,2200,84.210,100,84.200,500,84.180,100,84.160,2742,84.390,3400,84.400,100,84.450,1200,84.460,300,84.470,2019-06-21,14:14:59,00,";
var hq_str_sh603259="药明康德,86.780,86.330,84.220,86.860,83.800,84.220,84.370,5766726,490323170.000,1500,84.220,2200,84.210,100,84.200,600,84.190,500,84.180,2500,84.370,3700,84.380,2742,84.390,3800,84.400,100,84.450,2019-06-21,14:15:59,00,";
var hq_str_sh603259="药明康德,86.780,86.330,84.390,86.860,83.800,84.240,84.340,5791726,492431338.000,100,84.240,3600,84.220,1800,84.210,600,84.200,600,84.190,100,84.340,200,84.350,842,84.390,3500,84.400,200,84.440,2019-06-21,14:16:59,00,";
var hq_str_sh603259="药明康德,86.780,86.330,84.250,86.860,83.800,84.240,84.250,5805968,493632608.000,4658,84.240,4100,84.220,2300,84.210,600,84.200,600,84.190,300,84.250,100,84.320,1000,84.440,700,84.450,2300,84.460,2019-06-21,14:17:59,00,";
var hq_str_sh603259="药明康德,86.780,86.330,84.270,86.860,83.800,84.270,84.450,5822168,494999980.000,900,84.270,3000,84.260,100,84.250,4458,84.240,2500,84.220,15700,84.450,1000,84.460,300,84.470,1600,84.490,2100,84.500,2019-06-21,14:18:59,00,";
var hq_str_sh603259="药明康德,86.780,86.330,84.300,86.860,83.800,84.260,84.300,5842268,496695171.000,3200,84.260,300,84.250,4200,84.240,1900,84.220,200,84.210,3300,84.300,1000,84.320,500,84.480,1200,84.490,2100,84.500,2019-06-21,14:19:59,00,";
var hq_str_sh603259="药明康德,86.780,86.330,84.570,86.860,83.800,84.550,84.570,5863568,498493374.000,100,84.550,800,84.490,800,84.480,100,84.470,100,84.350,700,84.570,6000,84.580,200,84.590,700,84.600,700,84.680,2019-06-21,14:20:59,00,";
var hq_str_sh603259="药明康德,86.780,86.330,84.600,86.860,83.800,84.600,84.680,5884668,500277697.000,7200,84.600,600,84.570,1600,84.540,100,84.530,500,84.500,700,84.680,100,84.690,100,84.750,400,84.780,500,84.800,2019-06-21,14:21:59,00,";
var hq_str_sh603259="药明康德,86.780,86.330,84.780,86.860,83.800,84.780,84.830,5913568,502728592.000,100,84.780,700,84.770,600,84.700,500,84.680,1100,84.610,400,84.830,300,84.850,800,84.860,4200,84.880,1400,84.890,2019-06-21,14:22:59,00,";
var hq_str_sh603259="药明康德,86.780,86.330,84.800,86.860,83.800,84.800,84.830,5938768,504865393.000,600,84.800,100,84.750,800,84.700,500,84.680,100,84.610,300,84.830,100,84.840,1200,84.850,1000,84.860,400,84.870,2019-06-21,14:23:59,00,";
var hq_str_sh603259="药明康德,86.780,86.330,84.700,86.860,83.800,84.620,84.700,5971468,507635211.000,100,84.620,3000,84.610,16200,84.600,200,84.580,100,84.570,400,84.700,300,84.800,100,84.830,2100,84.840,600,84.850,2019-06-21,14:24:59,00,";
var hq_str_sh603259="药明康德,86.780,86.330,84.620,86.860,83.800,84.620,84.680,5980268,508380046.000,800,84.620,3400,84.610,16200,84.600,200,84.580,100,84.570,100,84.680,200,84.700,100,84.750,200,84.760,100,84.770,2019-06-21,14:25:59,00,";
var hq_str_sh603259="药明康德,86.780,86.330,84.680,86.860,83.800,84.620,84.680,5993068,509463688.000,900,84.620,1300,84.610,16100,84.600,200,84.580,300,84.540,100,84.680,500,84.740,3500,84.750,4800,84.760,300,84.780,2019-06-21,14:26:57,00,";
var hq_str_sh603259="药明康德,86.780,86.330,84.630,86.860,83.800,84.630,84.690,6035268,513038742.000,600,84.630,1100,84.620,2200,84.610,5800,84.600,200,84.580,600,84.690,1200,84.790,4000,84.800,400,84.820,600,84.830,2019-06-21,14:27:59,00,";
var hq_str_sh603259="药明康德,86.780,86.330,84.700,86.860,83.800,84.650,84.700,6046268,513970175.000,1000,84.650,1700,84.630,1100,84.620,2100,84.610,6300,84.600,8800,84.700,1000,84.780,1000,84.790,2800,84.800,500,84.820,2019-06-21,14:28:59,00,";
var hq_str_sh603259="药明康德,86.780,86.330,84.700,86.860,83.800,84.660,84.680,6060968,515214909.000,5300,84.660,2600,84.650,1300,84.640,2100,84.630,1000,84.620,100,84.680,9100,84.700,1000,84.790,1000,84.800,500,84.820,2019-06-21,14:29:59,00,";
var hq_str_sh603259="药明康德,86.780,86.330,84.660,86.860,83.800,84.660,84.700,6082768,517061040.000,3800,84.660,1000,84.650,1100,84.640,200,84.630,200,84.620,5400,84.700,900,84.790,900,84.800,3400,84.820,600,84.830,2019-06-21,14:30:59,00,";
var hq_str_sh603259="药明康德,86.780,86.330,84.780,86.860,83.800,84.740,84.780,6099568,518483967.000,800,84.740,4700,84.730,1300,84.720,800,84.710,1100,84.700,2700,84.780,1500,84.790,1100,84.800,3400,84.820,1900,84.840,2019-06-21,14:31:59,00,";
var hq_str_sh603259="药明康德,86.780,86.330,84.820,86.860,83.800,84.820,84.840,6127068,520815733.000,900,84.820,400,84.810,2300,84.800,2300,84.790,2000,84.780,1900,84.840,2400,84.850,1600,84.860,200,84.870,1300,84.880,2019-06-21,14:32:59,00,";
var hq_str_sh603259="药明康德,86.780,86.330,84.830,86.860,83.800,84.820,84.830,6154768,523165767.000,3100,84.820,900,84.810,1200,84.800,1600,84.790,1200,84.780,700,84.830,1000,84.850,200,84.860,1100,84.870,200,84.880,2019-06-21,14:33:59,00,";
var hq_str_sh603259="药明康德,86.780,86.330,84.910,86.860,83.800,84.800,84.880,6186968,525897965.000,300,84.800,1600,84.790,2400,84.780,900,84.740,500,84.730,100,84.880,100,84.900,700,84.960,1400,84.970,4100,84.980,2019-06-21,14:34:59,00,";
var hq_str_sh603259="药明康德,86.780,86.330,84.890,86.860,83.800,84.880,84.950,6245368,530856591.000,800,84.880,1100,84.860,300,84.850,200,84.800,800,84.790,2900,84.950,4000,84.960,2000,84.970,500,84.980,5400,84.990,2019-06-21,14:35:57,00,";
var hq_str_sh603259="药明康德,86.780,86.330,84.940,86.860,83.800,84.900,84.940,6269868,532936604.000,500,84.900,1000,84.890,2900,84.880,400,84.870,6100,84.860,200,84.940,4200,84.950,4000,84.960,2000,84.970,700,84.980,2019-06-21,14:36:59,00,";
var hq_str_sh603259="药明康德,86.780,86.330,84.900,86.860,83.800,84.900,84.950,6305568,535968081.000,1500,84.900,1000,84.890,2200,84.880,300,84.870,6100,84.860,3000,84.950,4000,84.960,1000,84.970,1100,84.980,5900,84.990,2019-06-21,14:37:59,00,";
var hq_str_sh603259="药明康德,86.780,86.330,84.890,86.860,83.800,84.880,84.890,6336268,538574065.000,700,84.880,500,84.870,6800,84.860,1300,84.850,300,84.800,300,84.890,600,84.900,1100,84.910,100,84.930,300,84.940,2019-06-21,14:38:59,00,";
var hq_str_sh603259="药明康德,86.780,86.330,84.910,86.860,83.800,84.910,84.930,6359768,540569042.000,100,84.910,300,84.890,1000,84.880,800,84.870,6800,84.860,100,84.930,500,84.940,8900,84.950,4000,84.960,1000,84.970,2019-06-21,14:39:59,00,";
var hq_str_sh603259="药明康德,86.780,86.330,84.880,86.860,83.800,84.880,84.890,6396368,543675943.000,1600,84.880,4300,84.860,2600,84.850,500,84.800,400,84.790,1300,84.890,500,84.900,4300,84.950,4000,84.960,1200,84.980,2019-06-21,14:40:59,00,";
var hq_str_sh603259="药明康德,86.780,86.330,84.870,86.860,83.800,84.860,84.880,6424568,546069059.000,1400,84.860,600,84.850,1100,84.840,600,84.830,1000,84.800,600,84.880,600,84.890,500,84.900,100,84.940,4300,84.950,2019-06-21,14:41:59,00,";
var hq_str_sh603259="药明康德,86.780,86.330,84.890,86.860,83.800,84.880,84.890,6447468,548013005.000,1300,84.880,1200,84.870,2300,84.860,400,84.850,900,84.840,100,84.890,100,84.950,4000,84.960,4000,84.980,4800,84.990,2019-06-21,14:42:59,00,";
var hq_str_sh603259="药明康德,86.780,86.330,84.950,86.860,83.800,84.910,84.950,6464368,549448034.000,500,84.910,1300,84.900,1900,84.890,1000,84.880,600,84.870,200,84.950,2400,84.960,3900,84.980,4400,84.990,52900,85.000,2019-06-21,14:43:59,00,";
var hq_str_sh603259="药明康德,86.780,86.330,84.990,86.860,83.800,84.970,84.980,6484568,551164340.000,2000,84.970,2700,84.960,1300,84.950,200,84.910,600,84.900,100,84.980,2900,84.990,53300,85.000,100,85.010,100,85.020,2019-06-21,14:44:57,00,";
var hq_str_sh603259="药明康德,86.780,86.330,84.990,86.860,83.800,84.980,84.990,6530268,555048561.000,300,84.980,2100,84.960,400,84.950,200,84.900,800,84.890,100,84.990,29200,85.000,100,85.010,100,85.020,100,85.040,2019-06-21,14:45:59,00,";
var hq_str_sh603259="药明康德,86.780,86.330,84.980,86.860,83.800,84.980,85.000,6557168,557334860.000,3900,84.980,800,84.970,2300,84.960,400,84.950,200,84.900,21200,85.000,100,85.010,100,85.020,100,85.040,2700,85.060,2019-06-21,14:46:57,00,";
var hq_str_sh603259="药明康德,86.780,86.330,84.900,86.860,83.800,84.880,84.900,6599868,560962805.000,2100,84.880,1000,84.870,300,84.850,300,84.840,200,84.820,2700,84.900,200,84.980,100,84.990,15300,85.000,100,85.010,2019-06-21,14:47:59,00,";
var hq_str_sh603259="药明康德,86.780,86.330,84.990,86.860,83.800,84.980,84.990,6616568,562381418.000,1000,84.980,1000,84.970,1100,84.950,200,84.930,100,84.920,400,84.990,16800,85.000,100,85.010,100,85.020,100,85.040,2019-06-21,14:48:57,00,";
var hq_str_sh603259="药明康德,86.780,86.330,84.930,86.860,83.800,84.920,84.930,6659368,566018101.000,3900,84.920,1400,84.910,400,84.900,1100,84.890,1300,84.880,8800,84.930,300,84.940,1000,84.980,200,84.990,11400,85.000,2019-06-21,14:49:57,00,";
var hq_str_sh603259="药明康德,86.780,86.330,84.960,86.860,83.800,84.960,84.990,6703568,569773116.000,2300,84.960,2800,84.940,1600,84.930,600,84.920,400,84.910,600,84.990,400,85.000,100,85.020,1500,85.030,100,85.040,2019-06-21,14:50:59,00,";
var hq_str_sh603259="药明康德,86.780,86.330,85.100,86.860,83.800,85.080,85.100,6742468,573082222.000,600,85.080,400,85.070,900,85.060,700,85.050,1000,85.000,3300,85.100,100,85.140,200,85.150,100,85.170,2900,85.180,2019-06-21,14:51:59,00,";
var hq_str_sh603259="药明康德,86.780,86.330,84.980,86.860,83.800,84.960,85.000,6793968,577463860.000,200,84.960,900,84.940,1000,84.930,200,84.920,100,84.910,4700,85.000,200,85.030,300,85.090,5500,85.100,3500,85.110,2019-06-21,14:52:59,00,";
var hq_str_sh603259="药明康德,86.780,86.330,85.070,86.860,83.800,85.010,85.110,6836668,581095166.000,200,85.010,2000,85.000,1600,84.970,600,84.960,1100,84.950,6200,85.110,6100,85.120,4100,85.130,4600,85.140,100,85.150,2019-06-21,14:53:59,00,";
var hq_str_sh603259="药明康德,86.780,86.330,85.110,86.860,83.800,85.110,85.120,6883668,585092604.000,1800,85.110,400,85.020,200,85.010,200,85.000,1900,84.980,3800,85.120,4100,85.130,4600,85.140,100,85.150,4800,85.170,2019-06-21,14:54:59,00,";
var hq_str_sh603259="药明康德,86.780,86.330,84.970,86.860,83.800,84.960,84.980,6915568,587805168.000,1700,84.960,500,84.950,700,84.940,200,84.920,100,84.910,400,84.980,2100,85.000,100,85.080,6900,85.100,11800,85.110,2019-06-21,14:55:59,00,";
var hq_str_sh603259="药明康德,86.780,86.330,85.000,86.860,83.800,84.980,85.030,6927368,588807963.000,400,84.980,2000,84.960,200,84.910,4100,84.900,300,84.890,100,85.030,100,85.050,8000,85.060,1600,85.080,1100,85.090,2019-06-21,14:56:59,00,";
var hq_str_sh603259="药明康德,86.780,86.330,85.000,86.860,83.800,85.090,85.090,6927368,588807963.000,63200,85.090,0,0.000,0,0.000,0,0.000,0,0.000,63200,85.090,400,0.000,0,0.000,0,0.000,0,0.000,2019-06-21,14:57:59,00,";
var hq_str_sh603259="药明康德,86.780,86.330,85.000,86.860,83.800,85.100,85.100,6927368,588807963.000,96900,85.100,0,0.000,0,0.000,0,0.000,0,0.000,96900,85.100,57400,0.000,0,0.000,0,0.000,0,0.000,2019-06-21,14:58:59,00,";
