var hq_str_sh603259="药明康德,70.800,71.620,70.800,70.800,70.800,70.740,70.800,24300,1720440.000,200,70.740,100,70.720,400,70.710,400,70.700,200,70.690,14600,70.800,200,70.870,300,70.910,200,70.920,200,70.970,2019-01-04,09:29:44,00";
var hq_str_sh603259="药明康德,70.800,71.620,70.610,70.800,70.530,70.610,70.650,62400,4412302.000,1800,70.610,3000,70.600,300,70.590,200,70.580,300,70.550,4100,70.650,100,70.690,4100,70.700,500,70.710,7100,70.740,2019-01-04,09:30:56,00";
var hq_str_sh603259="药明康德,70.800,71.620,70.740,70.800,70.480,70.730,70.740,96361,6810131.000,100,70.730,100,70.720,1900,70.700,400,70.660,100,70.620,4800,70.740,100,70.760,2800,70.790,13000,70.800,200,70.870,2019-01-04,09:31:56,00";
var hq_str_sh603259="药明康德,70.800,71.620,70.800,70.800,70.480,70.790,70.800,120461,8515301.000,1000,70.790,900,70.780,2700,70.770,2400,70.760,1000,70.750,9800,70.800,100,70.950,500,70.970,1400,70.980,3635,71.000,2019-01-04,09:32:59,00";
var hq_str_sh603259="药明康德,70.800,71.620,70.810,70.880,70.480,70.800,70.810,140161,9910125.000,10500,70.800,600,70.790,1500,70.780,2800,70.770,2200,70.760,200,70.810,2035,70.880,1000,70.910,500,70.920,300,70.930,2019-01-04,09:33:59,00";
var hq_str_sh603259="药明康德,70.800,71.620,70.730,70.880,70.480,70.730,70.740,185061,13087304.000,1100,70.730,300,70.710,500,70.640,300,70.620,900,70.610,3600,70.740,1400,70.750,100,70.770,1500,70.800,800,70.810,2019-01-04,09:34:56,00";
var hq_str_sh603259="药明康德,70.800,71.620,70.910,70.910,70.480,70.940,70.950,259361,18353092.000,300,70.940,1100,70.900,700,70.890,9400,70.880,1600,70.870,100,70.950,600,70.980,3035,71.000,200,71.010,500,71.020,2019-01-04,09:35:56,00";
var hq_str_sh603259="药明康德,70.800,71.620,71.250,71.300,70.480,71.190,71.250,284361,20131514.000,500,71.190,500,71.060,1000,71.050,500,71.030,800,71.020,300,71.250,800,71.260,900,71.270,200,71.280,300,71.290,2019-01-04,09:36:56,00";
var hq_str_sh603259="药明康德,70.800,71.620,71.180,71.300,70.480,71.180,71.190,298061,21107122.000,200,71.180,3200,71.170,100,71.160,200,71.150,1200,71.110,1500,71.190,2100,71.200,100,71.250,100,71.260,300,71.290,2019-01-04,09:37:59,00";
var hq_str_sh603259="药明康德,70.800,71.620,71.390,71.390,70.480,71.390,71.450,307561,21783602.000,600,71.390,100,71.380,300,71.340,3000,71.300,100,71.290,200,71.450,200,71.490,300,71.500,500,71.600,900,71.610,2019-01-04,09:38:59,00";
var hq_str_sh603259="药明康德,70.800,71.620,71.490,71.580,70.480,71.480,71.490,316861,22448504.000,100,71.480,600,71.460,1200,71.390,500,71.330,1300,71.300,800,71.490,600,71.550,1000,71.580,100,71.590,700,71.600,2019-01-04,09:39:56,00";
var hq_str_sh603259="药明康德,70.800,71.620,71.320,71.580,70.480,71.300,71.320,321461,22777021.000,1800,71.300,100,71.290,5300,71.220,200,71.210,600,71.200,5600,71.320,600,71.380,600,71.390,200,71.410,500,71.420,2019-01-04,09:40:56,00";
var hq_str_sh603259="药明康德,70.800,71.620,71.320,71.580,70.480,71.310,71.320,333361,23625130.000,600,71.310,1100,71.300,2000,71.290,1400,71.240,200,71.230,4900,71.320,400,71.380,300,71.390,200,71.410,2400,71.450,2019-01-04,09:41:56,00";
var hq_str_sh603259="药明康德,70.800,71.620,71.580,71.580,70.480,71.520,71.580,346461,24560344.000,1300,71.520,100,71.510,900,71.500,100,71.450,1300,71.390,500,71.580,100,71.590,100,71.600,800,71.610,2900,71.620,2019-01-04,09:43:05,00";
var hq_str_sh603259="药明康德,70.800,71.620,71.500,71.590,70.480,71.500,71.540,354361,25125480.000,100,71.500,200,71.410,400,71.400,500,71.380,1000,71.330,100,71.540,600,71.550,100,71.560,135,71.580,800,71.590,2019-01-04,09:43:56,00";
var hq_str_sh603259="药明康德,70.800,71.620,71.380,71.590,70.480,71.360,71.380,357961,25382614.000,100,71.360,500,71.340,1000,71.330,600,71.320,300,71.310,400,71.380,1400,71.400,300,71.480,2600,71.490,3300,71.500,2019-01-04,09:44:56,00";
var hq_str_sh603259="药明康德,70.800,71.620,71.310,71.590,70.480,71.300,71.310,362961,25739330.000,300,71.300,200,71.280,400,71.250,200,71.230,600,71.200,200,71.310,1100,71.320,200,71.330,900,71.400,100,71.470,2019-01-04,09:45:56,00";
var hq_str_sh603259="药明康德,70.800,71.620,71.300,71.590,70.480,71.250,71.310,368161,26110088.000,2500,71.250,500,71.230,700,71.200,300,71.180,1200,71.170,2800,71.310,3000,71.320,200,71.330,1000,71.400,100,71.470,2019-01-04,09:46:59,00";
var hq_str_sh603259="药明康德,70.800,71.620,71.310,71.590,70.480,71.260,71.310,374461,26559287.000,600,71.260,600,71.250,200,71.230,900,71.200,300,71.180,2700,71.310,3000,71.320,2000,71.330,2000,71.350,1000,71.400,2019-01-04,09:47:56,00";
var hq_str_sh603259="药明康德,70.800,71.620,71.290,71.590,70.480,71.280,71.290,391361,27764159.000,1100,71.280,200,71.270,600,71.250,200,71.230,900,71.200,800,71.290,6908,71.300,2900,71.320,2000,71.330,2000,71.350,2019-01-04,09:48:56,00";
var hq_str_sh603259="药明康德,70.800,71.620,71.290,71.590,70.480,71.290,71.300,397061,28170495.000,100,71.290,900,71.280,1900,71.270,800,71.250,100,71.230,5308,71.300,2900,71.320,2000,71.330,2000,71.350,1000,71.400,2019-01-04,09:49:56,00";
var hq_str_sh603259="药明康德,70.800,71.620,71.330,71.590,70.480,71.320,71.330,414961,29447040.000,1800,71.320,5700,71.300,900,71.290,800,71.280,1200,71.270,1008,71.330,500,71.350,1000,71.400,100,71.470,200,71.480,2019-01-04,09:50:56,00";
var hq_str_sh603259="药明康德,70.800,71.620,71.380,71.590,70.480,71.370,71.380,440761,31288510.000,300,71.370,1500,71.360,1400,71.350,700,71.340,400,71.330,28708,71.380,800,71.400,100,71.470,200,71.480,1000,71.490,2019-01-04,09:51:56,00";
var hq_str_sh603259="药明康德,70.800,71.620,71.550,71.590,70.480,71.550,71.580,476669,33852071.000,3400,71.550,700,71.500,100,71.490,700,71.480,1600,71.410,235,71.580,500,71.590,900,71.600,800,71.610,2800,71.620,2019-01-04,09:52:56,00";
var hq_str_sh603259="药明康德,70.800,71.620,71.740,71.780,70.480,71.720,71.800,485404,34478261.000,1000,71.720,600,71.710,700,71.700,700,71.690,700,71.680,900,71.800,500,71.860,200,71.900,400,71.920,100,71.960,2019-01-04,09:53:56,00";
var hq_str_sh603259="药明康德,70.800,71.620,71.690,71.850,70.480,71.690,71.700,496704,35289175.000,600,71.690,500,71.680,100,71.640,100,71.630,100,71.620,100,71.700,2700,71.730,2300,71.760,500,71.770,100,71.780,2019-01-04,09:54:56,00";
var hq_str_sh603259="药明康德,70.800,71.620,71.650,71.850,70.480,71.650,71.680,501804,35654636.000,100,71.650,2700,71.610,3600,71.600,300,71.580,200,71.560,300,71.680,200,71.690,700,71.700,300,71.720,200,71.750,2019-01-04,09:55:56,00";
var hq_str_sh603259="药明康德,70.800,71.620,71.600,71.850,70.480,71.600,71.660,513304,36478328.000,600,71.600,300,71.580,200,71.560,1000,71.510,400,71.500,700,71.660,100,71.670,900,71.680,200,71.690,500,71.700,2019-01-04,09:56:56,00";
var hq_str_sh603259="药明康德,70.800,71.620,71.610,71.850,70.480,71.600,71.610,515604,36643007.000,100,71.600,300,71.580,1200,71.560,400,71.520,1000,71.510,900,71.610,800,71.660,300,71.680,100,71.690,2500,71.700,2019-01-04,09:57:59,00";
var hq_str_sh603259="药明康德,70.800,71.620,71.500,71.850,70.480,71.500,71.560,522504,37136807.000,100,71.500,600,71.410,1000,71.400,1500,71.380,300,71.370,900,71.560,98300,71.580,900,71.660,300,71.680,100,71.690,2019-01-04,09:58:59,00";
var hq_str_sh603259="药明康德,70.800,71.620,71.410,71.850,70.480,71.400,71.410,525304,37336818.000,1200,71.400,1500,71.380,300,71.370,300,71.350,700,71.340,700,71.410,200,71.440,400,71.480,1700,71.500,400,71.520,2019-01-04,09:59:56,00";
var hq_str_sh603259="药明康德,70.800,71.620,71.410,71.850,70.480,71.410,71.460,527704,37508208.000,800,71.410,1500,71.400,100,71.390,1500,71.380,300,71.370,200,71.460,400,71.480,1400,71.500,400,71.520,98300,71.580,2019-01-04,10:00:56,00";
var hq_str_sh603259="药明康德,70.800,71.620,71.430,71.850,70.480,71.420,71.450,529704,37651067.000,300,71.420,4300,71.410,1500,71.400,100,71.390,600,71.380,100,71.450,200,71.480,300,71.520,98300,71.580,600,71.660,2019-01-04,10:01:59,00";
var hq_str_sh603259="药明康德,70.800,71.620,71.410,71.850,70.480,71.410,71.440,532804,37872485.000,3800,71.410,1200,71.400,100,71.390,600,71.380,300,71.370,200,71.440,800,71.450,300,71.500,300,71.520,200,71.570,2019-01-04,10:02:56,00";
var hq_str_sh603259="药明康德,70.800,71.620,71.430,71.850,70.480,71.420,71.430,535204,38043922.000,1300,71.420,3600,71.410,1400,71.400,100,71.390,600,71.380,500,71.430,600,71.450,300,71.500,300,71.520,800,71.570,2019-01-04,10:03:56,00";
var hq_str_sh603259="药明康德,70.800,71.620,71.580,71.850,70.480,71.430,71.580,544404,38702009.000,600,71.430,1600,71.420,3600,71.410,1300,71.400,100,71.390,93300,71.580,500,71.660,100,71.680,100,71.690,2700,71.700,2019-01-04,10:05:05,00";
var hq_str_sh603259="药明康德,70.800,71.620,71.500,71.850,70.480,71.500,71.580,545604,38787854.000,700,71.500,1000,71.440,2900,71.430,1900,71.420,3300,71.410,93400,71.580,500,71.660,100,71.680,100,71.690,2700,71.700,2019-01-04,10:05:55,00";
var hq_str_sh603259="药明康德,70.800,71.620,71.500,71.850,70.480,71.500,71.570,550404,39131356.000,300,71.500,200,71.450,1100,71.440,2700,71.430,1900,71.420,100,71.570,90000,71.580,500,71.660,100,71.680,100,71.690,2019-01-04,10:06:56,00";
var hq_str_sh603259="药明康德,70.800,71.620,71.450,71.850,70.480,71.430,71.570,555204,39474582.000,2000,71.430,2000,71.420,3300,71.410,1500,71.400,100,71.390,20800,71.570,90100,71.580,500,71.660,100,71.680,100,71.690,2019-01-04,10:07:59,00";
var hq_str_sh603259="药明康德,70.800,71.620,71.390,71.850,70.480,71.320,71.390,567504,40352889.000,100,71.320,1100,71.310,4700,71.300,700,71.290,300,71.280,100,71.390,200,71.410,464,71.420,4400,71.430,300,71.460,2019-01-04,10:08:56,00";
var hq_str_sh603259="药明康德,70.800,71.620,71.300,71.850,70.480,71.290,71.300,574904,40880527.000,300,71.290,600,71.280,600,71.270,600,71.250,100,71.230,7135,71.300,500,71.310,400,71.320,100,71.380,200,71.390,2019-01-04,10:09:59,00";
var hq_str_sh603259="药明康德,70.800,71.620,71.280,71.850,70.480,71.270,71.280,584204,41543546.000,1100,71.270,600,71.250,100,71.230,200,71.210,1500,71.200,2000,71.280,2135,71.300,400,71.310,200,71.320,100,71.380,2019-01-04,10:10:59,00";
var hq_str_sh603259="药明康德,70.800,71.620,71.270,71.850,70.480,71.270,71.280,587204,41757357.000,300,71.270,100,71.260,800,71.250,200,71.230,100,71.210,600,71.280,2435,71.300,100,71.380,200,71.390,200,71.410,2019-01-04,10:11:56,00";
var hq_str_sh603259="药明康德,70.800,71.620,71.300,71.850,70.480,71.270,71.300,589004,41885660.000,100,71.270,800,71.260,800,71.250,200,71.230,200,71.210,2435,71.300,100,71.380,200,71.390,464,71.420,2500,71.430,2019-01-04,10:12:56,00";
var hq_str_sh603259="药明康德,70.800,71.620,71.290,71.850,70.480,71.290,71.300,592404,42128056.000,200,71.290,1400,71.280,800,71.260,800,71.250,200,71.230,1035,71.300,100,71.380,200,71.390,464,71.420,2500,71.430,2019-01-04,10:13:56,00";
var hq_str_sh603259="药明康德,70.800,71.620,71.260,71.850,70.480,71.250,71.260,596104,42391759.000,400,71.250,200,71.230,300,71.210,2100,71.200,500,71.180,500,71.260,1735,71.300,100,71.380,200,71.390,464,71.420,2019-01-04,10:14:56,00";
var hq_str_sh603259="药明康德,70.800,71.620,71.170,71.850,70.480,71.160,71.180,602504,42847419.000,100,71.160,100,71.120,500,71.100,200,71.070,800,71.020,1000,71.180,600,71.200,100,71.250,200,71.260,1335,71.300,2019-01-04,10:16:02,00";
var hq_str_sh603259="药明康德,70.800,71.620,71.250,71.850,70.480,71.200,71.260,606904,43160607.000,300,71.200,100,71.190,1200,71.180,600,71.160,500,71.120,100,71.260,1335,71.300,100,71.380,200,71.390,464,71.420,2019-01-04,10:16:59,00";
var hq_str_sh603259="药明康德,70.800,71.620,71.300,71.850,70.480,71.230,71.300,608104,43246127.000,100,71.230,2500,71.220,400,71.200,100,71.190,600,71.180,835,71.300,100,71.380,200,71.390,964,71.420,2500,71.430,2019-01-04,10:17:56,00";
var hq_str_sh603259="药明康德,70.800,71.620,71.370,71.850,70.480,71.370,71.420,610939,43448283.000,2000,71.370,1000,71.310,965,71.300,2500,71.230,1500,71.220,964,71.420,2500,71.430,300,71.450,300,71.460,600,71.560,2019-01-04,10:18:56,00";
var hq_str_sh603259="药明康德,70.800,71.620,71.340,71.850,70.480,71.310,71.340,615839,43797971.000,100,71.310,665,71.300,2500,71.230,1500,71.220,500,71.200,300,71.340,800,71.370,48900,71.400,964,71.420,2500,71.430,2019-01-04,10:19:56,00";
var hq_str_sh603259="药明康德,70.800,71.620,71.370,71.850,70.480,71.350,71.370,623939,44376057.000,100,71.350,2200,71.340,565,71.300,500,71.240,2500,71.230,800,71.370,1000,71.380,100,71.390,48900,71.400,964,71.420,2019-01-04,10:20:59,00";
var hq_str_sh603259="药明康德,70.800,71.620,71.370,71.850,70.480,71.350,71.370,627039,44597310.000,300,71.350,2300,71.340,565,71.300,100,71.250,500,71.240,8600,71.370,300,71.380,100,71.390,48900,71.400,964,71.420,2019-01-04,10:21:56,00";
var hq_str_sh603259="药明康德,70.800,71.620,71.370,71.850,70.480,71.360,71.370,628839,44725752.000,100,71.360,200,71.350,2200,71.340,565,71.300,100,71.250,8400,71.370,300,71.380,100,71.390,48900,71.400,964,71.420,2019-01-04,10:22:55,00";
var hq_str_sh603259="药明康德,70.800,71.620,71.320,71.850,70.480,71.300,71.320,640939,45589166.000,665,71.300,400,71.250,500,71.240,2400,71.230,1500,71.220,1500,71.320,5000,71.370,300,71.380,100,71.390,48900,71.400,2019-01-04,10:23:56,00";
var hq_str_sh603259="药明康德,70.800,71.620,71.400,71.850,70.480,71.390,71.400,647839,46081545.000,300,71.390,1900,71.370,3700,71.320,2365,71.300,600,71.250,48700,71.400,964,71.420,2500,71.430,1800,71.490,3000,71.500,2019-01-04,10:24:56,00";
var hq_str_sh603259="药明康德,70.800,71.620,71.400,71.850,70.480,71.390,71.400,653639,46495659.000,500,71.390,500,71.380,1900,71.370,3700,71.320,2065,71.300,43500,71.400,964,71.420,2500,71.430,1800,71.490,3100,71.500,2019-01-04,10:25:59,00";
var hq_str_sh603259="药明康德,70.800,71.620,71.400,71.850,70.480,71.390,71.400,658139,46816959.000,500,71.390,600,71.380,1900,71.370,500,71.330,3700,71.320,39000,71.400,964,71.420,2500,71.430,1800,71.490,3100,71.500,2019-01-04,10:26:56,00";
var hq_str_sh603259="药明康德,70.800,71.620,71.400,71.850,70.480,71.390,71.400,666839,47438128.000,4000,71.390,2000,71.380,1900,71.370,500,71.330,3700,71.320,36400,71.400,964,71.420,2500,71.430,1800,71.490,3100,71.500,2019-01-04,10:27:56,00";
var hq_str_sh603259="药明康德,70.800,71.620,71.400,71.850,70.480,71.390,71.400,677339,48187819.000,3200,71.390,1900,71.380,1900,71.370,1500,71.330,3700,71.320,26800,71.400,964,71.420,2500,71.430,1800,71.490,3100,71.500,2019-01-04,10:28:56,00";
var hq_str_sh603259="药明康德,70.800,71.620,71.400,71.850,70.480,71.390,71.400,682039,48523378.000,2200,71.390,1600,71.380,1800,71.370,100,71.350,1500,71.330,75800,71.400,964,71.420,2500,71.430,100,71.490,3200,71.500,2019-01-04,10:29:56,00";
var hq_str_sh603259="药明康德,70.800,71.620,71.370,71.850,70.480,71.360,71.370,688839,49008722.000,200,71.360,600,71.340,2600,71.330,4500,71.320,2400,71.300,300,71.370,300,71.380,47400,71.390,75800,71.400,964,71.420,2019-01-04,10:30:56,00";
var hq_str_sh603259="药明康德,70.800,71.620,71.380,71.850,70.480,71.360,71.380,695539,49486861.000,500,71.360,2600,71.350,1000,71.340,3600,71.330,4500,71.320,420,71.380,46700,71.390,74800,71.400,964,71.420,100,71.490,2019-01-04,10:31:56,00";
var hq_str_sh603259="药明康德,70.800,71.620,71.420,71.850,70.480,71.410,71.420,775259,55178849.000,400,71.410,4400,71.400,900,71.390,280,71.380,1500,71.370,164,71.420,3200,71.500,600,71.570,89700,71.580,2800,71.600,2019-01-04,10:32:59,00";
var hq_str_sh603259="药明康德,70.800,71.620,71.580,71.850,70.480,71.570,71.580,791623,56349795.000,1900,71.570,400,71.560,600,71.550,1100,71.510,2000,71.500,79700,71.580,300,71.600,900,71.650,500,71.660,100,71.680,2019-01-04,10:33:56,00";
var hq_str_sh603259="药明康德,70.800,71.620,71.580,71.850,70.480,71.570,71.580,808823,57580965.000,1900,71.570,200,71.560,600,71.550,400,71.520,1100,71.510,63200,71.580,900,71.650,500,71.660,100,71.680,200,71.690,2019-01-04,10:34:56,00";
var hq_str_sh603259="药明康德,70.800,71.620,71.560,71.850,70.480,71.550,71.560,820923,58447008.000,800,71.550,400,71.520,1100,71.510,2000,71.500,100,71.490,1500,71.560,19600,71.570,58500,71.580,2400,71.590,900,71.650,2019-01-04,10:35:56,00";
var hq_str_sh603259="药明康德,70.800,71.620,71.570,71.850,70.480,71.550,71.570,841223,59899847.000,400,71.550,800,71.520,200,71.510,1600,71.500,100,71.490,2500,71.570,58200,71.580,900,71.650,500,71.660,100,71.680,2019-01-04,10:36:56,00";
var hq_str_sh603259="药明康德,70.800,71.620,71.580,71.850,70.480,71.570,71.580,900923,64172872.000,1100,71.570,400,71.530,200,71.520,1200,71.510,2400,71.500,23500,71.580,1000,71.650,600,71.660,100,71.680,200,71.690,2019-01-04,10:37:56,00";
var hq_str_sh603259="药明康德,70.800,71.620,71.700,71.850,70.480,71.700,71.720,929523,66220537.000,200,71.700,200,71.680,1400,71.660,700,71.650,400,71.600,300,71.720,400,71.750,300,71.780,1300,71.800,500,71.840,2019-01-04,10:38:56,00";
var hq_str_sh603259="药明康德,70.800,71.620,71.780,71.850,70.480,71.770,71.780,938323,66851844.000,700,71.770,100,71.750,100,71.720,200,71.700,100,71.680,300,71.780,800,71.800,600,71.850,900,71.860,700,71.870,2019-01-04,10:39:56,00";
var hq_str_sh603259="药明康德,70.800,71.620,71.850,71.850,70.480,71.800,71.850,943723,67239584.000,300,71.800,800,71.780,200,71.770,100,71.750,100,71.720,300,71.850,700,71.860,700,71.870,400,71.880,800,71.900,2019-01-04,10:40:56,00";
var hq_str_sh603259="药明康德,70.800,71.620,71.770,71.850,70.480,71.720,71.800,951323,67785319.000,2200,71.720,400,71.700,100,71.680,500,71.660,500,71.650,400,71.800,900,71.810,400,71.840,2000,71.850,900,71.860,2019-01-04,10:41:56,00";
var hq_str_sh603259="药明康德,70.800,71.620,71.810,71.850,70.480,71.810,71.830,958823,68323393.000,300,71.810,400,71.800,1000,71.770,2000,71.760,1000,71.720,500,71.830,1000,71.840,2100,71.850,700,71.860,700,71.870,2019-01-04,10:42:56,00";
var hq_str_sh603259="药明康德,70.800,71.620,71.850,71.850,70.480,71.840,71.850,962723,68603512.000,500,71.840,300,71.810,1700,71.800,1000,71.770,2000,71.760,1900,71.850,500,71.860,700,71.870,500,71.880,800,71.900,2019-01-04,10:43:56,00";
var hq_str_sh603259="药明康德,70.800,71.620,71.810,71.850,70.480,71.800,71.840,965123,68775903.000,1700,71.800,1000,71.770,1000,71.720,400,71.710,200,71.700,1300,71.840,1500,71.850,500,71.860,700,71.870,500,71.880,2019-01-04,10:44:56,00";
var hq_str_sh603259="药明康德,70.800,71.620,71.850,71.850,70.480,71.830,71.850,969623,69099188.000,1400,71.830,1600,71.800,1000,71.720,400,71.710,200,71.700,200,71.850,500,71.860,700,71.870,500,71.880,600,71.900,2019-01-04,10:45:59,00";
var hq_str_sh603259="药明康德,70.800,71.620,71.900,71.900,70.480,71.900,71.920,973723,69393830.000,100,71.900,600,71.880,400,71.870,1600,71.850,400,71.830,300,71.920,300,71.960,5700,71.980,1800,71.990,12300,72.000,2019-01-04,10:46:56,00";
var hq_str_sh603259="药明康德,70.800,71.620,71.980,71.990,70.480,71.980,71.990,984923,70199943.000,6300,71.980,400,71.960,300,71.930,400,71.920,300,71.910,2800,71.990,11600,72.000,200,72.050,300,72.060,100,72.070,2019-01-04,10:47:56,00";
var hq_str_sh603259="药明康德,70.800,71.620,72.120,72.170,70.480,72.120,72.170,1005023,71647344.000,100,72.120,100,72.110,300,72.100,1200,72.090,1400,72.070,100,72.170,600,72.180,1100,72.190,1400,72.200,100,72.210,2019-01-04,10:48:56,00";
var hq_str_sh603259="药明康德,70.800,71.620,72.030,72.170,70.480,72.030,72.050,1016123,72447208.000,200,72.030,2400,72.020,6000,72.010,17600,72.000,3300,71.990,700,72.050,1000,72.060,800,72.070,200,72.080,1700,72.090,2019-01-04,10:49:56,00";
var hq_str_sh603259="药明康德,70.800,71.620,72.030,72.170,70.480,72.030,72.040,1030023,73448337.000,2500,72.030,2800,72.020,6000,72.010,10000,72.000,11800,71.990,600,72.040,300,72.050,300,72.060,800,72.070,400,72.080,2019-01-04,10:50:56,00";
var hq_str_sh603259="药明康德,70.800,71.620,72.020,72.170,70.480,72.020,72.030,1039523,74132609.000,1900,72.020,6000,72.010,9200,72.000,11800,71.990,4600,71.980,100,72.030,200,72.040,500,72.050,300,72.060,600,72.070,2019-01-04,10:51:56,00";
var hq_str_sh603259="药明康德,70.800,71.620,72.020,72.170,70.480,72.010,72.020,1045623,74571995.000,7600,72.010,7800,72.000,11800,71.990,4600,71.980,200,71.960,700,72.020,500,72.050,300,72.060,600,72.070,700,72.080,2019-01-04,10:52:56,00";
var hq_str_sh603259="药明康德,70.800,71.620,72.040,72.170,70.480,72.010,72.040,1049523,74852864.000,5500,72.010,7800,72.000,11800,71.990,4600,71.980,200,71.960,300,72.040,500,72.050,200,72.060,600,72.070,700,72.080,2019-01-04,10:53:56,00";
var hq_str_sh603259="药明康德,70.800,71.620,72.010,72.170,70.480,72.000,72.020,1052823,75090505.000,8400,72.000,11800,71.990,4600,71.980,200,71.960,200,71.920,100,72.020,100,72.030,1300,72.040,800,72.050,300,72.060,2019-01-04,10:54:57,00";
var hq_str_sh603259="药明康德,70.800,71.620,72.050,72.170,70.480,72.000,72.050,1058723,75515448.000,7700,72.000,11800,71.990,4600,71.980,200,71.960,200,71.920,100,72.050,300,72.060,600,72.070,600,72.080,200,72.100,2019-01-04,10:55:56,00";
var hq_str_sh603259="药明康德,70.800,71.620,72.050,72.170,70.480,72.010,72.040,1059323,75558678.000,200,72.010,7700,72.000,11900,71.990,4600,71.980,200,71.960,200,72.040,2300,72.050,300,72.060,600,72.070,600,72.080,2019-01-04,10:56:59,00";
var hq_str_sh603259="药明康德,70.800,71.620,72.010,72.170,70.480,72.010,72.040,1060923,75673932.000,2500,72.010,7700,72.000,11900,71.990,4600,71.980,200,71.960,1600,72.040,2200,72.050,300,72.060,600,72.070,600,72.080,2019-01-04,10:57:59,00";
var hq_str_sh603259="药明康德,70.800,71.620,72.180,72.180,70.480,72.150,72.180,1070523,76365867.000,200,72.150,1500,72.010,7700,72.000,11900,71.990,4600,71.980,700,72.180,100,72.190,2300,72.200,100,72.210,300,72.220,2019-01-04,10:58:56,00";
var hq_str_sh603259="药明康德,70.800,71.620,72.180,72.200,70.480,72.180,72.200,1076423,76791688.000,1800,72.180,400,72.160,400,72.050,200,72.040,700,72.020,1600,72.200,100,72.210,1800,72.220,200,72.240,1300,72.250,2019-01-04,10:59:56,00";
var hq_str_sh603259="药明康德,70.800,71.620,72.040,72.200,70.480,72.020,72.040,1080523,77087477.000,1600,72.020,3400,72.010,8000,72.000,11900,71.990,4600,71.980,100,72.040,49800,72.050,2000,72.060,100,72.160,2100,72.180,2019-01-04,11:00:56,00";
var hq_str_sh603259="药明康德,70.800,71.620,72.020,72.200,70.480,71.980,72.020,1164023,83099456.000,400,71.980,200,71.960,1200,71.920,400,71.910,34300,71.900,46800,72.020,1400,72.040,49800,72.050,100,72.160,1500,72.180,2019-01-04,11:01:56,00";
var hq_str_sh603259="药明康德,70.800,71.620,71.990,72.200,70.480,71.970,71.990,1170923,83596202.000,2300,71.970,300,71.920,700,71.910,34500,71.900,300,71.880,3555,71.990,48000,72.000,47300,72.020,100,72.030,1400,72.040,2019-01-04,11:02:56,00";
var hq_str_sh603259="药明康德,70.800,71.620,72.000,72.200,70.480,71.980,71.990,1180923,84316048.000,1000,71.980,700,71.920,2200,71.910,34500,71.900,300,71.880,400,71.990,46255,72.000,47200,72.020,1400,72.040,49600,72.050,2019-01-04,11:03:56,00";
var hq_str_sh603259="药明康德,70.800,71.620,71.990,72.200,70.480,71.980,72.000,1186623,84726432.000,700,71.980,100,71.950,700,71.920,2500,71.910,34500,71.900,42055,72.000,47200,72.020,1400,72.040,51200,72.050,100,72.160,2019-01-04,11:04:56,00";
var hq_str_sh603259="药明康德,70.800,71.620,72.000,72.200,70.480,71.990,72.000,1196323,85424786.000,7100,71.990,200,71.980,600,71.950,100,71.930,1200,71.920,36255,72.000,47200,72.020,500,72.040,51200,72.050,100,72.160,2019-01-04,11:05:56,00";
var hq_str_sh603259="药明康德,70.800,71.620,72.000,72.200,70.480,71.990,72.000,1233723,88117554.000,7600,71.990,300,71.980,200,71.950,600,71.930,1200,71.920,11882,72.000,47200,72.020,500,72.040,51200,72.050,100,72.160,2019-01-04,11:06:56,00";
var hq_str_sh603259="药明康德,70.800,71.620,72.000,72.200,70.480,71.990,72.000,1244123,88866313.000,3600,71.990,400,71.980,600,71.950,600,71.930,1200,71.920,5782,72.000,200,72.010,47200,72.020,500,72.040,51200,72.050,2019-01-04,11:07:56,00";
var hq_str_sh603259="药明康德,70.800,71.620,71.990,72.200,70.480,71.980,71.990,1255423,89679864.000,500,71.980,100,71.960,600,71.950,600,71.930,1200,71.920,1900,71.990,135464,72.000,200,72.010,47200,72.020,500,72.040,2019-01-04,11:08:53,00";
var hq_str_sh603259="药明康德,70.800,71.620,71.990,72.200,70.480,71.990,72.000,1260723,90061370.000,100,71.990,200,71.960,1200,71.950,600,71.930,1200,71.920,135764,72.000,1000,72.010,47200,72.020,500,72.040,51200,72.050,2019-01-04,11:09:56,00";
var hq_str_sh603259="药明康德,70.800,71.620,71.980,72.200,70.480,71.950,71.980,1264023,90298874.000,500,71.950,300,71.940,600,71.930,1200,71.920,900,71.910,1100,71.980,500,71.990,135564,72.000,1000,72.010,47300,72.020,2019-01-04,11:10:57,00";
var hq_str_sh603259="药明康德,70.800,71.620,71.990,72.200,70.480,71.950,71.990,1268923,90651520.000,500,71.950,100,71.940,300,71.930,1200,71.920,900,71.910,3900,71.990,138864,72.000,1000,72.010,47300,72.020,500,72.040,2019-01-04,11:11:56,00";
var hq_str_sh603259="药明康德,70.800,71.620,71.980,72.200,70.480,71.960,71.980,1276323,91184246.000,400,71.960,700,71.950,400,71.940,700,71.930,1200,71.920,1000,71.980,3200,71.990,138064,72.000,1000,72.010,47500,72.020,2019-01-04,11:12:56,00";
var hq_str_sh603259="药明康德,70.800,71.620,71.980,72.200,70.480,71.980,72.000,1381123,98729759.000,1600,71.980,1200,71.970,300,71.960,500,71.950,400,71.940,39564,72.000,1000,72.010,47500,72.020,500,72.040,51200,72.050,2019-01-04,11:13:59,00";
var hq_str_sh603259="药明康德,70.800,71.620,72.050,72.200,70.480,72.020,72.050,1483287,106087164.000,1600,72.020,1800,72.010,8236,72.000,2300,71.990,1100,71.980,39000,72.050,3300,72.180,300,72.190,3200,72.200,100,72.210,2019-01-04,11:14:57,00";
var hq_str_sh603259="药明康德,70.800,71.620,72.250,72.250,70.480,72.240,72.250,1537787,110015697.000,100,72.240,1100,72.220,500,72.210,1200,72.200,300,72.190,7000,72.250,300,72.260,900,72.290,900,72.300,100,72.350,2019-01-04,11:15:56,00";
var hq_str_sh603259="药明康德,70.800,71.620,72.400,72.400,70.480,72.380,72.400,1562487,111801848.000,100,72.380,900,72.340,300,72.310,300,72.300,1100,72.290,1300,72.400,900,72.410,4000,72.420,200,72.470,1900,72.480,2019-01-04,11:16:57,00";
var hq_str_sh603259="药明康德,70.800,71.620,72.290,72.410,70.480,72.260,72.290,1576287,112800080.000,200,72.260,200,72.240,1100,72.220,200,72.210,100,72.200,900,72.290,900,72.330,200,72.340,800,72.360,500,72.370,2019-01-04,11:17:56,00";
var hq_str_sh603259="药明康德,70.800,71.620,72.290,72.410,70.480,72.260,72.270,1581287,113161495.000,100,72.260,200,72.250,300,72.240,1100,72.220,200,72.210,200,72.270,100,72.290,600,72.300,100,72.330,200,72.340,2019-01-04,11:18:57,00";
var hq_str_sh603259="药明康德,70.800,71.620,72.350,72.410,70.480,72.300,72.350,1584987,113429049.000,100,72.300,500,72.290,600,72.280,1100,72.270,1900,72.260,800,72.350,500,72.360,400,72.370,400,72.380,700,72.390,2019-01-04,11:19:57,00";
var hq_str_sh603259="药明康德,70.800,71.620,72.390,72.410,70.480,72.360,72.380,1594687,114130892.000,200,72.360,1400,72.330,300,72.320,2200,72.310,1100,72.300,200,72.380,700,72.390,2500,72.400,100,72.410,4100,72.420,2019-01-04,11:20:57,00";
var hq_str_sh603259="药明康德,70.800,71.620,72.500,72.500,70.480,72.500,72.520,1622587,116152768.000,500,72.500,600,72.470,100,72.460,900,72.430,200,72.420,200,72.520,200,72.540,400,72.550,100,72.560,2300,72.580,2019-01-04,11:22:00,00";
var hq_str_sh603259="药明康德,70.800,71.620,72.560,72.600,70.480,72.550,72.610,1634087,116987271.000,800,72.550,1400,72.540,900,72.500,100,72.470,100,72.460,600,72.610,1000,72.630,1100,72.650,900,72.660,600,72.670,2019-01-04,11:22:57,00";
var hq_str_sh603259="药明康德,70.800,71.620,72.600,72.640,70.480,72.560,72.600,1643887,117698971.000,200,72.560,800,72.550,1400,72.540,1300,72.500,100,72.470,2300,72.600,900,72.610,800,72.630,200,72.640,1400,72.650,2019-01-04,11:23:57,00";
var hq_str_sh603259="药明康德,70.800,71.620,72.670,72.670,70.480,72.660,72.670,1661987,119013221.000,13300,72.660,1000,72.590,2100,72.580,1000,72.560,300,72.550,600,72.670,400,72.680,900,72.690,1700,72.700,1100,72.720,2019-01-04,11:25:00,00";
var hq_str_sh603259="药明康德,70.800,71.620,72.780,72.800,70.480,72.790,72.800,1674187,119900456.000,200,72.790,300,72.780,700,72.770,300,72.740,300,72.720,3100,72.800,11000,72.810,100,72.820,100,72.830,2200,72.880,2019-01-04,11:25:57,00";
var hq_str_sh603259="药明康德,70.800,71.620,72.950,72.960,70.480,72.950,72.960,1695787,121474566.000,8200,72.950,2200,72.940,1000,72.930,700,72.900,200,72.880,100,72.960,500,72.970,4100,72.980,7200,72.990,17500,73.000,2019-01-04,11:26:57,00";
var hq_str_sh603259="药明康德,70.800,71.620,73.080,73.090,70.480,73.080,73.090,1748587,125328807.000,1000,73.080,300,73.030,1300,73.020,200,73.010,2100,73.000,5900,73.090,1300,73.100,100,73.130,100,73.190,600,73.200,2019-01-04,11:27:57,00";
var hq_str_sh603259="药明康德,70.800,71.620,72.960,73.090,70.480,72.960,72.980,1759787,126146673.000,100,72.960,2400,72.950,2500,72.930,100,72.900,100,72.880,1500,72.980,600,72.990,3200,73.000,1300,73.010,3500,73.020,2019-01-04,11:28:57,00";
var hq_str_sh603259="药明康德,70.800,71.620,72.900,73.090,70.480,72.900,72.910,1769087,126824874.000,200,72.900,200,72.870,300,72.840,4500,72.830,5400,72.810,900,72.910,800,72.920,1400,72.930,500,72.940,7300,72.950,2019-01-04,11:29:59,00";
var hq_str_sh603259="药明康德,70.800,71.620,72.900,73.090,70.480,72.900,72.910,1769087,126824874.000,200,72.900,200,72.870,300,72.840,4500,72.830,5400,72.810,900,72.910,800,72.920,1400,72.930,500,72.940,7300,72.950,2019-01-04,11:30:00,00";
var hq_str_sh603259="药明康德,70.800,71.620,72.990,73.090,70.480,72.980,72.990,1788987,128276415.000,1200,72.980,300,72.960,500,72.940,200,72.930,400,72.920,300,72.990,2800,73.000,700,73.010,1800,73.020,200,73.050,2019-01-04,13:00:56,00";
var hq_str_sh603259="药明康德,70.800,71.620,72.920,73.090,70.480,72.920,73.090,1806187,129531845.000,500,72.920,7000,72.910,2700,72.900,600,72.880,500,72.870,1300,73.090,1700,73.100,100,73.130,100,73.150,100,73.160,2019-01-04,13:01:57,00";
var hq_str_sh603259="药明康德,70.800,71.620,73.060,73.100,70.480,73.000,73.050,1814687,130152773.000,4000,73.000,300,72.980,300,72.950,2200,72.930,600,72.920,200,73.050,2400,73.060,600,73.070,300,73.090,300,73.100,2019-01-04,13:02:57,00";
var hq_str_sh603259="药明康德,70.800,71.620,73.100,73.120,70.480,73.100,73.120,1827687,131102663.000,1300,73.100,6700,73.090,800,73.010,4100,73.000,300,72.980,100,73.120,100,73.130,200,73.140,1000,73.150,400,73.160,2019-01-04,13:03:57,00";
var hq_str_sh603259="药明康德,70.800,71.620,73.130,73.130,70.480,73.120,73.140,1838487,131892250.000,1000,73.120,8200,73.090,300,73.080,900,73.060,800,73.010,1100,73.140,6000,73.150,400,73.160,200,73.170,600,73.180,2019-01-04,13:04:57,00";
var hq_str_sh603259="药明康德,70.800,71.620,73.090,73.150,70.480,73.080,73.090,1856487,133208455.000,2300,73.080,200,73.060,400,73.010,4100,73.000,300,72.980,1000,73.090,1900,73.100,100,73.110,1400,73.120,200,73.140,2019-01-04,13:05:57,00";
var hq_str_sh603259="药明康德,70.800,71.620,73.040,73.150,70.480,73.020,73.040,1862487,133646838.000,200,73.020,400,73.010,3900,73.000,300,72.980,300,72.950,400,73.040,600,73.050,500,73.070,1200,73.080,5200,73.090,2019-01-04,13:06:57,00";
var hq_str_sh603259="药明康德,70.800,71.620,72.990,73.150,70.480,72.990,73.000,1873687,134464407.000,200,72.990,4600,72.980,300,72.950,8000,72.910,2900,72.900,2800,73.000,1600,73.010,500,73.020,600,73.040,1100,73.050,2019-01-04,13:07:57,00";
var hq_str_sh603259="药明康德,70.800,71.620,72.980,73.150,70.480,72.950,72.980,1881687,135048264.000,700,72.950,700,72.920,7900,72.910,2500,72.900,600,72.880,100,72.980,800,72.990,2700,73.000,1100,73.010,300,73.020,2019-01-04,13:08:57,00";
var hq_str_sh603259="药明康德,70.800,71.620,72.980,73.150,70.480,72.980,72.990,1886887,135427738.000,100,72.980,600,72.920,7900,72.910,2500,72.900,1000,72.890,1200,72.990,2400,73.000,1100,73.010,300,73.020,1200,73.050,2019-01-04,13:09:57,00";
var hq_str_sh603259="药明康德,70.800,71.620,72.960,73.150,70.480,72.930,72.960,1896787,136150104.000,700,72.930,7900,72.910,2400,72.900,1000,72.890,600,72.880,900,72.960,100,72.980,700,73.000,200,73.010,400,73.020,2019-01-04,13:10:57,00";
var hq_str_sh603259="药明康德,70.800,71.620,72.910,73.150,70.480,72.910,72.930,1900487,136419926.000,7700,72.910,2500,72.900,1000,72.890,600,72.880,500,72.870,1500,72.930,200,72.950,600,72.960,100,72.980,900,73.000,2019-01-04,13:11:57,00";
var hq_str_sh603259="药明康德,70.800,71.620,72.870,73.150,70.480,72.850,72.870,1915287,137498849.000,700,72.850,200,72.840,4700,72.830,5500,72.810,1600,72.800,300,72.870,400,72.880,2200,72.890,700,72.900,700,72.930,2019-01-04,13:12:57,00";
var hq_str_sh603259="药明康德,70.800,71.620,72.880,73.150,70.480,72.850,72.880,1920387,137870459.000,1000,72.850,800,72.840,4700,72.830,5500,72.810,1700,72.800,300,72.880,2000,72.890,300,72.900,600,72.930,500,72.960,2019-01-04,13:13:57,00";
var hq_str_sh603259="药明康德,70.800,71.620,72.830,73.150,70.480,72.830,72.840,1924187,138147285.000,4200,72.830,5400,72.810,1700,72.800,1000,72.790,1000,72.700,1400,72.840,900,72.850,200,72.870,1300,72.880,200,72.890,2019-01-04,13:14:57,00";
var hq_str_sh603259="药明康德,70.800,71.620,72.810,73.150,70.480,72.800,72.810,1936287,139028418.000,2000,72.800,1000,72.790,1500,72.700,700,72.680,300,72.670,24200,72.810,100,72.820,1800,72.830,700,72.840,600,72.850,2019-01-04,13:15:57,00";
var hq_str_sh603259="药明康德,70.800,71.620,72.780,73.150,70.480,72.780,72.790,1944287,139610608.000,100,72.780,200,72.710,100,72.690,700,72.680,300,72.670,500,72.790,3800,72.800,24200,72.810,100,72.820,700,72.830,2019-01-04,13:16:57,00";
var hq_str_sh603259="药明康德,70.800,71.620,72.770,73.150,70.480,72.770,72.800,1949387,139981703.000,1600,72.770,300,72.730,2000,72.720,800,72.710,800,72.700,600,72.800,24200,72.810,100,72.820,700,72.830,700,72.840,2019-01-04,13:18:00,00";
var hq_str_sh603259="药明康德,70.800,71.620,72.770,73.150,70.480,72.740,72.780,1956687,140512946.000,100,72.740,200,72.730,500,72.720,1000,72.710,700,72.700,200,72.780,24100,72.810,700,72.830,700,72.840,2600,72.850,2019-01-04,13:18:57,00";
var hq_str_sh603259="药明康德,70.800,71.620,72.790,73.150,70.480,72.790,72.800,1957787,140593011.000,200,72.790,1800,72.770,700,72.750,400,72.740,200,72.730,200,72.800,24100,72.810,700,72.830,2700,72.840,2600,72.850,2019-01-04,13:19:57,00";
var hq_str_sh603259="药明康德,70.800,71.620,72.810,73.150,70.480,72.800,72.810,1965687,141168200.000,500,72.800,500,72.790,200,72.780,1700,72.770,600,72.750,18300,72.810,700,72.830,2700,72.840,2600,72.850,400,72.860,2019-01-04,13:20:57,00";
var hq_str_sh603259="药明康德,70.800,71.620,72.810,73.150,70.480,72.800,72.810,1983687,142478775.000,1100,72.800,200,72.790,1400,72.780,1700,72.770,600,72.750,900,72.810,200,72.820,700,72.830,2700,72.840,2500,72.850,2019-01-04,13:21:57,00";
var hq_str_sh603259="药明康德,70.800,71.620,72.790,73.150,70.480,72.780,72.800,1990787,142995660.000,1300,72.780,1400,72.770,100,72.750,900,72.730,500,72.720,2600,72.800,200,72.820,3200,72.830,2400,72.840,2500,72.850,2019-01-04,13:22:57,00";
var hq_str_sh603259="药明康德,70.800,71.620,72.810,73.150,70.480,72.810,72.820,1995487,143337781.000,400,72.810,800,72.800,600,72.790,400,72.780,1200,72.770,1600,72.820,3200,72.830,2800,72.840,2500,72.850,400,72.860,2019-01-04,13:23:57,00";
var hq_str_sh603259="药明康德,70.800,71.620,72.810,73.150,70.480,72.810,72.820,2001187,143752872.000,800,72.810,1500,72.800,600,72.790,300,72.780,1200,72.770,700,72.820,1500,72.830,2800,72.840,2500,72.850,1400,72.860,2019-01-04,13:24:57,00";
var hq_str_sh603259="药明康德,70.800,71.620,72.820,73.150,70.480,72.800,72.830,2008687,144298998.000,800,72.800,500,72.790,600,72.780,1200,72.770,1100,72.750,1900,72.830,2800,72.840,2500,72.850,1400,72.860,200,72.870,2019-01-04,13:25:57,00";
var hq_str_sh603259="药明康德,70.800,71.620,72.740,73.150,70.480,72.740,72.750,2014387,144713812.000,2700,72.740,1100,72.730,2000,72.720,200,72.710,1400,72.700,800,72.750,400,72.770,200,72.800,600,72.810,800,72.820,2019-01-04,13:26:57,00";
var hq_str_sh603259="药明康德,70.800,71.620,72.700,73.150,70.480,72.680,72.690,2022287,145288364.000,600,72.680,300,72.670,200,72.660,600,72.650,700,72.630,100,72.690,2000,72.700,700,72.730,2366,72.740,5100,72.750,2019-01-04,13:27:57,00";
var hq_str_sh603259="药明康德,70.800,71.620,72.630,73.150,70.480,72.620,72.640,2027387,145658905.000,300,72.620,500,72.610,500,72.600,800,72.580,200,72.550,1000,72.640,7300,72.650,5700,72.660,200,72.670,4400,72.680,2019-01-04,13:28:57,00";
var hq_str_sh603259="药明康德,70.800,71.620,72.590,73.150,70.480,72.580,72.600,2032787,146050938.000,500,72.580,300,72.560,1800,72.550,1500,72.540,100,72.520,800,72.600,200,72.610,1400,72.620,3300,72.630,300,72.640,2019-01-04,13:29:57,00";
var hq_str_sh603259="药明康德,70.800,71.620,72.540,73.150,70.480,72.520,72.540,2043387,146820042.000,100,72.520,700,72.510,4100,72.500,100,72.480,100,72.470,2700,72.540,1000,72.550,16200,72.560,1100,72.580,2400,72.600,2019-01-04,13:30:57,00";
var hq_str_sh603259="药明康德,70.800,71.620,72.550,73.150,70.480,72.500,72.550,2055853,147724019.000,1434,72.500,500,72.490,900,72.480,500,72.470,300,72.460,1000,72.550,15200,72.560,1100,72.580,1600,72.600,200,72.610,2019-01-04,13:31:56,00";
var hq_str_sh603259="药明康德,70.800,71.620,72.560,73.150,70.480,72.550,72.560,2071353,148848654.000,800,72.550,2700,72.540,100,72.530,100,72.510,1534,72.500,4800,72.560,700,72.580,1400,72.600,200,72.610,1400,72.620,2019-01-04,13:32:54,00";
var hq_str_sh603259="药明康德,70.800,71.620,72.580,73.150,70.480,72.570,72.580,2083953,149762915.000,300,72.570,1800,72.560,1000,72.550,2700,72.540,100,72.510,200,72.580,500,72.600,200,72.610,1400,72.620,1400,72.630,2019-01-04,13:33:57,00";
var hq_str_sh603259="药明康德,70.800,71.620,72.620,73.150,70.480,72.600,72.620,2087353,150009773.000,1300,72.600,1500,72.590,2100,72.580,200,72.570,1800,72.560,3200,72.620,1400,72.630,300,72.640,1400,72.660,3700,72.680,2019-01-04,13:35:00,00";
var hq_str_sh603259="药明康德,70.800,71.620,72.590,73.150,70.480,72.590,72.600,2092553,150387230.000,200,72.590,600,72.550,2700,72.540,100,72.510,1434,72.500,1600,72.600,4100,72.620,1300,72.630,300,72.640,1400,72.660,2019-01-04,13:35:57,00";
var hq_str_sh603259="药明康德,70.800,71.620,72.500,73.150,70.480,72.500,72.540,2098753,150836998.000,434,72.500,100,72.480,500,72.470,300,72.460,900,72.450,900,72.540,4200,72.550,1300,72.560,500,72.580,5500,72.590,2019-01-04,13:36:54,00";
var hq_str_sh603259="药明康德,70.800,71.620,72.450,73.150,70.480,72.400,72.450,2104453,151249928.000,2834,72.400,500,72.390,600,72.380,700,72.360,700,72.350,400,72.450,1600,72.480,1200,72.500,2700,72.540,700,72.560,2019-01-04,13:38:00,00";
var hq_str_sh603259="药明康德,70.800,71.620,72.450,73.150,70.480,72.450,72.460,2107653,151481677.000,100,72.450,100,72.440,4700,72.430,1000,72.420,500,72.410,100,72.460,300,72.470,1500,72.480,1700,72.500,2700,72.540,2019-01-04,13:38:57,00";
var hq_str_sh603259="药明康德,70.800,71.620,72.440,73.150,70.480,72.430,72.440,2121753,152502951.000,5200,72.430,600,72.420,700,72.410,3234,72.400,500,72.390,100,72.440,100,72.460,300,72.470,300,72.480,1800,72.500,2019-01-04,13:39:57,00";
var hq_str_sh603259="药明康德,70.800,71.620,72.460,73.150,70.480,72.460,72.470,2125453,152771002.000,500,72.460,4000,72.450,600,72.440,3900,72.430,500,72.420,300,72.470,300,72.480,800,72.490,1900,72.500,400,72.560,2019-01-04,13:40:56,00";
var hq_str_sh603259="药明康德,70.800,71.620,72.570,73.150,70.480,72.560,72.590,2130653,153148004.000,500,72.560,600,72.510,2000,72.500,1000,72.480,1200,72.460,500,72.590,500,72.600,500,72.610,2900,72.620,900,72.630,2019-01-04,13:41:56,00";
var hq_str_sh603259="药明康德,70.800,71.620,72.590,73.150,70.480,72.590,72.610,2133153,153329478.000,300,72.590,700,72.560,700,72.530,3000,72.520,3800,72.510,900,72.610,2900,72.620,900,72.630,4000,72.660,4000,72.680,2019-01-04,13:42:57,00";
var hq_str_sh603259="药明康德,70.800,71.620,72.570,73.150,70.480,72.570,72.600,2136353,153561772.000,2300,72.570,1500,72.560,700,72.530,3300,72.520,3800,72.510,5627,72.600,1100,72.610,2300,72.620,900,72.630,4600,72.660,2019-01-04,13:43:57,00";
var hq_str_sh603259="药明康德,70.800,71.620,72.570,73.150,70.480,72.530,72.570,2143453,154077013.000,700,72.530,300,72.520,3800,72.510,2000,72.500,1200,72.460,3000,72.570,200,72.590,9827,72.600,3500,72.610,2700,72.620,2019-01-04,13:44:57,00";
var hq_str_sh603259="药明康德,70.800,71.620,72.540,73.150,70.480,72.540,72.560,2147353,154359881.000,100,72.540,500,72.530,1300,72.520,2300,72.510,2000,72.500,1100,72.560,2800,72.570,1000,72.590,13527,72.600,3000,72.610,2019-01-04,13:45:56,00";
var hq_str_sh603259="药明康德,70.800,71.620,72.470,73.150,70.480,72.460,72.470,2157153,155070368.000,1200,72.460,3300,72.450,300,72.440,100,72.420,2800,72.400,600,72.470,300,72.490,19300,72.500,900,72.520,1500,72.530,2019-01-04,13:46:57,00";
var hq_str_sh603259="药明康德,70.800,71.620,72.440,73.150,70.480,72.420,72.440,2163053,155497842.000,100,72.420,1500,72.400,800,72.380,100,72.370,700,72.360,1300,72.440,1800,72.450,8500,72.460,1800,72.470,200,72.490,2019-01-04,13:47:57,00";
var hq_str_sh603259="药明康德,70.800,71.620,72.330,73.150,70.480,72.330,72.400,2167853,155845274.000,300,72.330,1500,72.320,1100,72.300,3400,72.290,200,72.270,3600,72.400,1000,72.410,300,72.420,900,72.440,2400,72.450,2019-01-04,13:48:57,00";
var hq_str_sh603259="药明康德,70.800,71.620,72.350,73.150,70.480,72.340,72.350,2175053,156366020.000,1300,72.340,200,72.330,100,72.320,1800,72.310,7700,72.300,100,72.350,100,72.380,3000,72.390,4000,72.400,1000,72.410,2019-01-04,13:50:00,00";
var hq_str_sh603259="药明康德,70.800,71.620,72.320,73.150,70.480,72.310,72.320,2180553,156763841.000,2300,72.310,7500,72.300,200,72.270,500,72.260,3100,72.250,2900,72.320,400,72.340,200,72.350,500,72.380,3000,72.390,2019-01-04,13:50:57,00";
var hq_str_sh603259="药明康德,70.800,71.620,72.320,73.150,70.480,72.310,72.320,2186553,157197788.000,1800,72.310,7500,72.300,400,72.270,500,72.260,3100,72.250,100,72.320,800,72.340,900,72.350,400,72.380,2900,72.390,2019-01-04,13:51:57,00";
var hq_str_sh603259="药明康德,70.800,71.620,72.390,73.150,70.480,72.380,72.390,2193353,157689856.000,1800,72.380,1400,72.360,700,72.350,100,72.340,1800,72.320,400,72.390,5100,72.400,1000,72.410,300,72.420,200,72.440,2019-01-04,13:53:00,00";
var hq_str_sh603259="药明康德,70.800,71.620,72.380,73.150,70.480,72.370,72.380,2205753,158587605.000,200,72.370,300,72.360,200,72.350,100,72.330,2100,72.320,7600,72.380,100,72.400,5449,72.460,900,72.470,100,72.480,2019-01-04,13:53:57,00";
var hq_str_sh603259="药明康德,70.800,71.620,72.320,73.150,70.480,72.320,72.370,2210879,158958578.000,1774,72.320,1500,72.310,7500,72.300,500,72.290,400,72.270,500,72.370,4519,72.380,600,72.400,5449,72.460,900,72.470,2019-01-04,13:54:54,00";
var hq_str_sh603259="药明康德,70.800,71.620,72.300,73.150,70.480,72.300,72.320,2224032,159909699.000,621,72.300,500,72.290,400,72.270,200,72.260,3200,72.250,200,72.320,100,72.330,400,72.370,4919,72.380,100,72.400,2019-01-04,13:55:57,00";
var hq_str_sh603259="药明康德,70.800,71.620,72.310,73.150,70.480,72.310,72.320,2230809,160399744.000,100,72.310,14644,72.300,500,72.290,400,72.270,200,72.260,200,72.320,900,72.370,4919,72.380,100,72.400,5449,72.460,2019-01-04,13:56:57,00";
var hq_str_sh603259="药明康德,70.800,71.620,72.350,73.150,70.480,72.350,72.370,2232230,160502548.000,379,72.350,2600,72.320,1400,72.310,15044,72.300,600,72.290,2900,72.370,4919,72.380,100,72.400,5449,72.460,900,72.470,2019-01-04,13:57:57,00";
var hq_str_sh603259="药明康德,70.800,71.620,72.350,73.150,70.480,72.320,72.350,2236109,160783207.000,6900,72.320,2600,72.310,6300,72.300,600,72.290,200,72.280,1200,72.350,3411,72.360,2700,72.370,5219,72.380,100,72.400,2019-01-04,13:58:57,00";
var hq_str_sh603259="药明康德,70.800,71.620,72.340,73.150,70.480,72.340,72.350,2242067,161214251.000,550,72.340,1700,72.330,6592,72.320,2800,72.310,6300,72.300,200,72.350,3411,72.360,500,72.370,5219,72.380,100,72.390,2019-01-04,13:59:54,00";
var hq_str_sh603259="药明康德,70.800,71.620,72.350,73.150,70.480,72.340,72.350,2245667,161474710.000,750,72.340,1800,72.330,6592,72.320,2400,72.310,5900,72.300,1300,72.350,3311,72.360,5219,72.380,100,72.390,100,72.400,2019-01-04,14:00:57,00";
var hq_str_sh603259="药明康德,70.800,71.620,72.320,73.150,70.480,72.320,72.350,2257034,162296875.000,275,72.320,2400,72.310,6000,72.300,600,72.290,400,72.280,500,72.350,3511,72.360,700,72.380,100,72.390,100,72.400,2019-01-04,14:01:57,00";
var hq_str_sh603259="药明康德,70.800,71.620,72.300,73.150,70.480,72.280,72.300,2274060,163527931.000,149,72.280,300,72.270,300,72.260,3200,72.250,1300,72.220,3711,72.300,300,72.320,200,72.350,3511,72.360,700,72.380,2019-01-04,14:03:00,00";
var hq_str_sh603259="药明康德,70.800,71.620,72.260,73.150,70.480,72.260,72.270,2284400,164275375.000,209,72.260,3200,72.250,1300,72.220,700,72.210,7600,72.200,4700,72.270,62,72.280,200,72.350,3511,72.360,700,72.380,2019-01-04,14:03:57,00";
var hq_str_sh603259="药明康德,70.800,71.620,72.210,73.150,70.480,72.210,72.260,2296390,165141342.000,110,72.210,3309,72.200,2800,72.180,100,72.170,200,72.140,1500,72.260,462,72.280,100,72.300,200,72.350,3511,72.360,2019-01-04,14:04:57,00";
var hq_str_sh603259="药明康德,70.800,71.620,72.240,73.150,70.480,72.220,72.250,2297904,165250708.000,100,72.220,796,72.210,4609,72.200,100,72.190,2800,72.180,1900,72.250,900,72.260,62,72.280,100,72.300,200,72.350,2019-01-04,14:05:59,00";
var hq_str_sh603259="药明康德,70.800,71.620,72.170,73.150,70.480,72.160,72.170,2307209,165922472.000,100,72.160,400,72.140,600,72.120,2400,72.110,1200,72.100,2400,72.170,4400,72.180,2395,72.200,500,72.220,6200,72.250,2019-01-04,14:06:54,00";
var hq_str_sh603259="药明康德,70.800,71.620,72.060,73.150,70.480,72.060,72.080,2323209,167075670.000,2000,72.060,4100,72.050,100,72.040,2000,72.030,7600,72.020,100,72.080,5400,72.100,100,72.140,500,72.170,500,72.180,2019-01-04,14:07:57,00";
var hq_str_sh603259="药明康德,70.800,71.620,72.080,73.150,70.480,72.050,72.080,2336609,168041149.000,800,72.050,4600,72.040,7200,72.030,7900,72.020,3900,72.010,200,72.080,300,72.100,100,72.140,200,72.170,500,72.180,2019-01-04,14:08:57,00";
var hq_str_sh603259="药明康德,70.800,71.620,72.180,73.150,70.480,72.160,72.240,2338909,168207070.000,100,72.160,600,72.150,1300,72.130,100,72.120,100,72.110,100,72.240,3400,72.250,400,72.270,62,72.280,100,72.300,2019-01-04,14:10:00,00";
var hq_str_sh603259="药明康德,70.800,71.620,72.130,73.150,70.480,72.130,72.150,2341909,168423553.000,1000,72.130,100,72.110,1900,72.100,100,72.080,100,72.060,1000,72.150,12000,72.160,300,72.200,3000,72.250,400,72.270,2019-01-04,14:10:57,00";
var hq_str_sh603259="药明康德,70.800,71.620,72.050,73.150,70.480,72.050,72.100,2354709,169346068.000,4900,72.050,4200,72.040,6800,72.030,7800,72.020,1600,72.010,800,72.100,200,72.120,400,72.130,900,72.150,11300,72.160,2019-01-04,14:11:57,00";
var hq_str_sh603259="药明康德,70.800,71.620,72.060,73.150,70.480,72.070,72.130,2362209,169886726.000,300,72.070,3300,72.060,5900,72.050,4200,72.040,6800,72.030,1000,72.130,541,72.150,11300,72.160,100,72.190,3000,72.250,2019-01-04,14:12:57,00";
var hq_str_sh603259="药明康德,70.800,71.620,72.150,73.150,70.480,72.100,72.150,2367109,170240106.000,800,72.100,1800,72.080,400,72.070,6000,72.060,5400,72.050,141,72.150,11300,72.160,100,72.190,3000,72.250,400,72.270,2019-01-04,14:13:59,00";
var hq_str_sh603259="药明康德,70.800,71.620,72.150,73.150,70.480,72.130,72.150,2368509,170341102.000,2400,72.130,1100,72.120,1600,72.100,100,72.090,3100,72.080,41,72.150,12800,72.160,100,72.190,3000,72.250,400,72.270,2019-01-04,14:14:57,00";
var hq_str_sh603259="药明康德,70.800,71.620,72.160,73.150,70.480,72.160,72.190,2386050,171606775.000,459,72.160,400,72.130,1200,72.120,1700,72.100,100,72.090,100,72.190,2000,72.250,400,72.270,62,72.280,100,72.300,2019-01-04,14:15:57,00";
var hq_str_sh603259="药明康德,70.800,71.620,72.170,73.150,70.480,72.170,72.250,2390550,171931685.000,1000,72.170,2659,72.160,100,72.140,2400,72.130,1200,72.120,500,72.250,400,72.270,62,72.280,100,72.300,500,72.330,2019-01-04,14:16:57,00";
var hq_str_sh603259="药明康德,70.800,71.620,72.250,73.150,70.480,72.210,72.250,2393350,172133877.000,1800,72.210,1300,72.200,600,72.190,1000,72.180,1500,72.170,200,72.250,62,72.280,100,72.300,500,72.330,500,72.350,2019-01-04,14:17:57,00";
var hq_str_sh603259="药明康德,70.800,71.620,72.330,73.150,70.480,72.330,72.350,2395412,172282943.000,700,72.330,100,72.300,838,72.280,400,72.250,500,72.220,1300,72.350,3411,72.360,1300,72.380,100,72.400,5949,72.460,2019-01-04,14:18:57,00";
var hq_str_sh603259="药明康德,70.800,71.620,72.300,73.150,70.480,72.280,72.290,2397812,172456561.000,338,72.280,500,72.250,700,72.220,1600,72.210,900,72.200,100,72.290,200,72.330,2000,72.340,3400,72.350,3211,72.360,2019-01-04,14:19:57,00";
var hq_str_sh603259="药明康德,70.800,71.620,72.300,73.150,70.480,72.260,72.300,2401412,172716841.000,100,72.260,438,72.250,1500,72.220,1600,72.210,900,72.200,600,72.300,100,72.310,100,72.330,1900,72.340,300,72.350,2019-01-04,14:20:57,00";
var hq_str_sh603259="药明康德,70.800,71.620,72.260,73.150,70.480,72.260,72.290,2404712,172955334.000,100,72.260,200,72.250,300,72.240,400,72.230,838,72.220,300,72.290,11700,72.300,400,72.350,3211,72.360,1300,72.380,2019-01-04,14:21:57,00";
var hq_str_sh603259="药明康德,70.800,71.620,72.300,73.150,70.480,72.290,72.300,2405412,173005939.000,400,72.290,100,72.260,200,72.250,400,72.230,838,72.220,1100,72.300,300,72.330,400,72.350,3211,72.360,1300,72.380,2019-01-04,14:22:57,00";
var hq_str_sh603259="药明康德,70.800,71.620,72.300,73.150,70.480,72.270,72.310,2407512,173157763.000,500,72.270,300,72.260,700,72.250,300,72.230,838,72.220,100,72.310,300,72.330,3400,72.350,3211,72.360,1300,72.380,2019-01-04,14:23:57,00";
var hq_str_sh603259="药明康德,70.800,71.620,72.300,73.150,70.480,72.300,72.330,2409112,173273464.000,400,72.300,1300,72.290,100,72.270,200,72.260,700,72.250,400,72.330,4900,72.350,3211,72.360,1300,72.380,200,72.390,2019-01-04,14:24:57,00";
var hq_str_sh603259="药明康德,70.800,71.620,72.290,73.150,70.480,72.260,72.290,2416112,173779498.000,600,72.260,400,72.250,300,72.230,738,72.220,2600,72.210,900,72.290,500,72.330,5000,72.340,4700,72.350,3211,72.360,2019-01-04,14:25:57,00";
var hq_str_sh603259="药明康德,70.800,71.620,72.340,73.150,70.480,72.310,72.340,2419612,174032547.000,400,72.310,100,72.300,900,72.290,400,72.260,500,72.250,4900,72.340,4700,72.350,3211,72.360,1300,72.380,400,72.390,2019-01-04,14:26:57,00";
var hq_str_sh603259="药明康德,70.800,71.620,72.290,73.150,70.480,72.290,72.300,2423523,174315301.000,389,72.290,2300,72.250,100,72.240,100,72.230,838,72.220,4000,72.300,2000,72.310,4900,72.340,3300,72.350,100,72.360,2019-01-04,14:28:00,00";
var hq_str_sh603259="药明康德,70.800,71.620,72.260,73.150,70.480,72.260,72.280,2427823,174626048.000,100,72.260,389,72.250,838,72.220,2600,72.210,1200,72.200,10500,72.280,400,72.290,3900,72.300,5400,72.330,4900,72.340,2019-01-04,14:28:57,00";
var hq_str_sh603259="药明康德,70.800,71.620,72.160,73.150,70.480,72.160,72.170,2441050,175580945.000,1700,72.160,100,72.150,2000,72.130,1100,72.120,2300,72.100,100,72.170,7373,72.180,200,72.260,3900,72.300,4100,72.330,2019-01-04,14:29:57,00";
var hq_str_sh603259="药明康德,70.800,71.620,72.250,73.150,70.480,72.190,72.250,2450650,176274046.000,2400,72.190,500,72.180,600,72.170,1700,72.160,100,72.150,9800,72.250,2400,72.280,3473,72.300,4100,72.330,4900,72.340,2019-01-04,14:30:57,00";
var hq_str_sh603259="药明康德,70.800,71.620,72.190,73.150,70.480,72.180,72.190,2455450,176620604.000,300,72.180,1800,72.170,1700,72.160,500,72.150,2000,72.130,1700,72.190,100,72.210,100,72.240,14700,72.250,2200,72.280,2019-01-04,14:31:57,00";
var hq_str_sh603259="药明康德,70.800,71.620,72.250,73.150,70.480,72.210,72.250,2464550,177277519.000,600,72.210,2400,72.200,800,72.190,100,72.170,1000,72.160,13700,72.250,3473,72.300,200,72.320,4100,72.330,4900,72.340,2019-01-04,14:32:57,00";
var hq_str_sh603259="药明康德,70.800,71.620,72.250,73.150,70.480,72.200,72.250,2472650,177862475.000,100,72.200,100,72.170,1600,72.160,100,72.150,2100,72.130,11900,72.250,200,72.290,3573,72.300,100,72.310,200,72.320,2019-01-04,14:33:54,00";
var hq_str_sh603259="药明康德,70.800,71.620,72.330,73.150,70.480,72.300,72.330,2497533,179660554.000,400,72.300,3317,72.250,3900,72.210,200,72.200,100,72.180,2500,72.330,4900,72.340,800,72.350,100,72.360,300,72.380,2019-01-04,14:34:57,00";
var hq_str_sh603259="药明康德,70.800,71.620,72.310,73.150,70.480,72.310,72.340,2505633,180246428.000,100,72.310,1400,72.300,4200,72.260,2117,72.250,200,72.220,2000,72.340,500,72.350,100,72.360,300,72.380,400,72.390,2019-01-04,14:35:57,00";
var hq_str_sh603259="药明康德,70.800,71.620,72.350,73.150,70.480,72.320,72.350,2516833,181056725.000,400,72.320,600,72.310,1800,72.300,3900,72.260,600,72.250,2100,72.350,7500,72.380,100,72.390,300,72.400,500,72.450,2019-01-04,14:37:00,00";
var hq_str_sh603259="药明康德,70.800,71.620,72.350,73.150,70.480,72.350,72.380,2522833,181490820.000,800,72.350,2500,72.330,1300,72.320,500,72.310,4500,72.300,7500,72.380,100,72.390,300,72.400,600,72.450,5849,72.460,2019-01-04,14:37:57,00";
var hq_str_sh603259="药明康德,70.800,71.620,72.400,73.150,70.480,72.350,72.450,2536133,182453350.000,3500,72.350,2500,72.330,1200,72.320,2300,72.310,4500,72.300,800,72.450,5849,72.460,900,72.470,100,72.480,100,72.490,2019-01-04,14:38:57,00";
var hq_str_sh603259="药明康德,70.800,71.620,72.430,73.150,70.480,72.370,72.430,2542533,182916877.000,300,72.370,4900,72.360,3900,72.350,2500,72.330,1200,72.320,300,72.430,1000,72.450,5749,72.460,900,72.470,100,72.480,2019-01-04,14:40:00,00";
var hq_str_sh603259="药明康德,70.800,71.620,72.470,73.150,70.480,72.420,72.450,2552133,183612372.000,400,72.420,7300,72.400,2400,72.380,500,72.370,4900,72.360,200,72.450,100,72.460,849,72.470,200,72.480,1700,72.490,2019-01-04,14:40:57,00";
var hq_str_sh603259="药明康德,70.800,71.620,72.570,73.150,70.480,72.570,72.590,2580382,185660469.000,100,72.570,3900,72.560,300,72.530,8200,72.500,1251,72.460,100,72.590,1600,72.600,2300,72.620,100,72.630,200,72.650,2019-01-04,14:41:58,00";
var hq_str_sh603259="药明康德,70.800,71.620,72.680,73.150,70.480,72.660,72.680,2602582,187272957.000,700,72.660,2200,72.600,3200,72.570,700,72.560,8100,72.500,200,72.680,1100,72.690,900,72.700,200,72.720,100,72.750,2019-01-04,14:43:01,00";
var hq_str_sh603259="药明康德,70.800,71.620,72.570,73.150,70.480,72.560,72.570,2609982,187810178.000,800,72.560,8100,72.500,1051,72.460,800,72.430,2600,72.420,800,72.570,800,72.600,100,72.640,3700,72.660,100,72.670,2019-01-04,14:43:58,00";
var hq_str_sh603259="药明康德,70.800,71.620,72.520,73.150,70.480,72.520,72.550,2613882,188093098.000,2100,72.520,4300,72.510,10100,72.500,1051,72.460,200,72.450,100,72.550,2600,72.560,2000,72.570,800,72.600,200,72.640,2019-01-04,14:44:57,00";
var hq_str_sh603259="药明康德,70.800,71.620,72.450,73.150,70.480,72.430,72.460,2634033,189554040.000,4600,72.430,2600,72.420,22100,72.400,2800,72.380,900,72.370,100,72.460,200,72.490,3849,72.500,100,72.540,100,72.550,2019-01-04,14:45:55,00";
var hq_str_sh603259="药明康德,70.800,71.620,72.440,73.150,70.480,72.440,72.450,2639133,189923524.000,3000,72.440,4700,72.430,5800,72.420,22100,72.400,2900,72.380,200,72.450,1800,72.490,3649,72.500,100,72.540,200,72.550,2019-01-04,14:46:58,00";
var hq_str_sh603259="药明康德,70.800,71.620,72.500,73.150,70.480,72.490,72.500,2647433,190525146.000,100,72.490,300,72.480,400,72.460,2600,72.450,600,72.440,2049,72.500,100,72.540,200,72.550,2400,72.560,900,72.570,2019-01-04,14:47:55,00";
var hq_str_sh603259="药明康德,70.800,71.620,72.500,73.150,70.480,72.480,72.500,2660833,191496400.000,2800,72.480,1000,72.460,5600,72.450,600,72.440,1700,72.430,1049,72.500,600,72.540,1700,72.550,2300,72.560,900,72.570,2019-01-04,14:48:57,00";
var hq_str_sh603259="药明康德,70.800,71.620,72.550,73.150,70.480,72.510,72.540,2667482,191978631.000,900,72.510,1951,72.500,200,72.490,2800,72.480,600,72.460,300,72.540,100,72.550,1600,72.560,900,72.570,100,72.580,2019-01-04,14:49:57,00";
var hq_str_sh603259="药明康德,70.800,71.620,72.520,73.150,70.480,72.520,72.530,2672582,192348572.000,1100,72.520,3200,72.510,1951,72.500,200,72.490,2600,72.480,300,72.530,5200,72.550,500,72.560,900,72.570,200,72.580,2019-01-04,14:50:53,00";
var hq_str_sh603259="药明康德,70.800,71.620,72.500,73.150,70.480,72.500,72.510,2683582,193146255.000,651,72.500,100,72.490,1500,72.480,200,72.460,1300,72.450,900,72.510,3400,72.520,600,72.530,5000,72.550,800,72.560,2019-01-04,14:51:52,00";
var hq_str_sh603259="药明康德,70.800,71.620,72.520,73.150,70.480,72.500,72.520,2693482,193864050.000,9751,72.500,500,72.490,3800,72.480,400,72.460,900,72.450,2200,72.520,900,72.530,8300,72.550,700,72.560,900,72.570,2019-01-04,14:52:55,00";
var hq_str_sh603259="药明康德,70.800,71.620,72.550,73.150,70.480,72.540,72.550,2707482,194879267.000,100,72.540,500,72.530,1000,72.520,500,72.510,5551,72.500,6900,72.550,700,72.560,900,72.570,200,72.580,900,72.600,2019-01-04,14:53:55,00";
var hq_str_sh603259="药明康德,70.800,71.620,72.650,73.150,70.480,72.640,72.670,2732382,196687029.000,1400,72.640,100,72.630,200,72.620,2300,72.610,1500,72.600,100,72.670,600,72.680,2000,72.690,1800,72.700,200,72.720,2019-01-04,14:54:54,00";
var hq_str_sh603259="药明康德,70.800,71.620,72.630,73.150,70.480,72.630,72.640,2745582,197645872.000,200,72.630,700,72.620,100,72.600,1100,72.590,300,72.580,2900,72.640,4300,72.650,900,72.660,500,72.670,1600,72.680,2019-01-04,14:55:59,00";
var hq_str_sh603259="药明康德,70.800,71.620,72.610,73.150,70.480,72.600,72.620,2756782,198459083.000,3800,72.600,2300,72.590,300,72.580,1100,72.570,3100,72.550,2400,72.620,2800,72.630,3300,72.640,4000,72.650,1000,72.660,2019-01-04,14:56:55,00";
var hq_str_sh603259="药明康德,70.800,71.620,72.600,73.150,70.480,72.600,72.600,2758882,198611549.000,12000,72.600,0,0.000,0,0.000,0,0.000,0,0.000,12000,72.600,3900,0.000,0,0.000,0,0.000,0,0.000,2019-01-04,14:57:57,00";
var hq_str_sh603259="药明康德,70.800,71.620,72.600,73.150,70.480,72.600,72.600,2758882,198611549.000,20500,72.600,0,0.000,0,0.000,0,0.000,0,0.000,20500,72.600,10500,0.000,0,0.000,0,0.000,0,0.000,2019-01-04,14:58:57,00";
