var hq_str_sh603259="药明康德,85.990,86.000,85.990,85.990,85.990,85.510,85.990,19300,1659607.000,500,85.510,2200,85.500,100,85.460,500,85.330,1000,85.250,1200,85.990,7700,86.000,900,86.490,200,86.500,100,86.510,2019-09-27,09:29:52,00,";
var hq_str_sh603259="药明康德,85.990,86.000,85.400,85.990,85.250,85.400,85.420,67300,5763069.000,2010,85.400,200,85.330,100,85.260,700,85.250,100,85.230,100,85.420,400,85.430,100,85.500,1500,85.510,880,85.880,2019-09-27,09:30:58,00,";
var hq_str_sh603259="药明康德,85.990,86.000,85.500,85.990,85.250,85.540,85.580,127812,10932454.000,100,85.540,300,85.520,236,85.500,800,85.460,500,85.400,200,85.580,300,85.820,100,85.890,100,85.900,600,85.920,2019-09-27,09:31:58,00,";
var hq_str_sh603259="药明康德,85.990,86.000,85.900,86.190,85.250,85.850,85.900,158475,13565115.000,200,85.850,70,85.840,100,85.780,1000,85.630,1200,85.600,200,85.900,100,85.910,100,85.980,500,86.000,300,86.090,2019-09-27,09:32:57,00,";
var hq_str_sh603259="药明康德,85.990,86.000,85.600,86.190,85.250,85.550,85.610,188545,16142355.000,3200,85.550,1600,85.540,1224,85.510,100,85.500,1100,85.410,300,85.610,500,85.620,1900,85.640,100,85.650,100,85.670,2019-09-27,09:33:58,00,";
var hq_str_sh603259="药明康德,85.990,86.000,85.310,86.190,85.250,85.300,85.320,236669,20256993.000,2200,85.300,800,85.250,6100,85.220,500,85.210,1900,85.200,300,85.320,600,85.330,2100,85.350,600,85.370,700,85.380,2019-09-27,09:34:58,00,";
var hq_str_sh603259="药明康德,85.990,86.000,84.100,86.190,84.100,84.140,84.410,360869,30804225.000,100,84.140,11600,84.120,600,84.100,200,84.020,100,84.010,900,84.410,700,84.510,700,84.600,100,84.710,400,84.730,2019-09-27,09:35:58,00,";
var hq_str_sh603259="药明康德,85.990,86.000,84.190,86.190,84.010,84.190,84.210,461169,39258979.000,700,84.190,1100,84.180,5000,84.120,3400,84.110,5800,84.100,2700,84.210,3200,84.220,1000,84.230,200,84.350,2100,84.360,2019-09-27,09:36:57,00,";
var hq_str_sh603259="药明康德,85.990,86.000,83.590,86.190,83.400,83.610,83.650,633913,53744343.000,2600,83.610,200,83.580,996,83.560,12700,83.500,200,83.460,1000,83.650,100,83.680,1200,83.690,2000,83.730,6200,83.800,2019-09-27,09:37:57,00,";
var hq_str_sh603259="药明康德,85.990,86.000,83.740,86.190,83.400,83.730,83.800,751820,63615331.000,3200,83.730,900,83.710,400,83.700,10100,83.690,1893,83.650,100,83.800,100,83.850,200,83.860,1073,83.890,5100,83.900,2019-09-27,09:38:58,00,";
var hq_str_sh603259="药明康德,85.990,86.000,83.900,86.190,83.400,83.900,83.930,839744,70994669.000,4976,83.900,400,83.880,500,83.870,200,83.820,1000,83.810,800,83.930,300,83.940,100,83.970,300,84.000,400,84.050,2019-09-27,09:39:58,00,";
var hq_str_sh603259="药明康德,85.990,86.000,83.810,86.190,83.400,83.810,83.880,980320,82769358.000,300,83.810,1500,83.750,100,83.740,200,83.650,600,83.640,200,83.880,100,83.990,500,84.000,111,84.100,500,84.120,2019-09-27,09:40:58,00,";
var hq_str_sh603259="药明康德,85.990,86.000,84.500,86.190,83.400,84.500,84.520,1019810,86091296.000,13,84.500,200,84.490,400,84.440,5680,84.360,1700,84.350,200,84.520,1900,84.700,600,84.780,1100,84.800,100,84.880,2019-09-27,09:41:58,00,";
var hq_str_sh603259="药明康德,85.990,86.000,84.400,86.190,83.400,84.390,84.400,1064777,89890728.000,400,84.390,4072,84.360,300,84.350,700,84.300,5000,84.230,400,84.400,300,84.550,300,84.560,100,84.580,700,84.650,2019-09-27,09:42:57,00,";
var hq_str_sh603259="药明康德,85.990,86.000,84.440,86.190,83.400,84.450,84.490,1116400,94250333.000,300,84.450,200,84.430,100,84.420,3119,84.360,300,84.350,2400,84.490,200,84.510,100,84.520,100,84.530,200,84.540,2019-09-27,09:43:57,00,";
var hq_str_sh603259="药明康德,85.990,86.000,84.560,86.190,83.400,84.520,84.560,1150800,97155246.000,600,84.520,200,84.510,5400,84.500,1400,84.490,100,84.470,300,84.560,300,84.580,200,84.680,100,84.690,2300,84.700,2019-09-27,09:44:58,00,";
var hq_str_sh603259="药明康德,85.990,86.000,85.000,86.190,83.400,84.970,85.000,1194718,100879449.000,200,84.970,700,84.960,600,84.950,400,84.880,800,84.850,1100,85.000,300,85.200,100,85.250,100,85.300,400,85.350,2019-09-27,09:45:57,00,";
var hq_str_sh603259="药明康德,85.990,86.000,84.920,86.190,83.400,84.760,84.780,1252218,105761436.000,300,84.760,1300,84.700,300,84.690,100,84.680,300,84.580,300,84.780,88,84.920,2900,84.960,100,84.970,602,85.000,2019-09-27,09:46:58,00,";
var hq_str_sh603259="药明康德,85.990,86.000,84.990,86.190,83.400,84.990,85.000,1295025,109400306.000,898,84.990,1000,84.960,20,84.880,200,84.840,3000,84.830,524,85.000,700,85.070,1900,85.100,4700,85.140,1000,85.150,2019-09-27,09:47:57,00,";
var hq_str_sh603259="药明康德,85.990,86.000,84.810,86.190,83.400,84.800,84.810,1347243,113836325.000,1400,84.800,4500,84.780,300,84.770,1000,84.760,663,84.700,81,84.810,1200,84.820,2400,84.830,100,84.840,200,84.860,2019-09-27,09:48:58,00,";
var hq_str_sh603259="药明康德,85.990,86.000,85.100,86.190,83.400,85.070,85.100,1375950,116272122.000,900,85.070,200,85.050,300,85.010,4100,85.000,300,84.980,1400,85.100,4200,85.140,700,85.150,200,85.160,100,85.180,2019-09-27,09:49:58,00,";
var hq_str_sh603259="药明康德,85.990,86.000,85.380,86.190,83.400,85.340,85.390,1408303,119028420.000,1400,85.340,4000,85.300,3600,85.290,449,85.270,2600,85.160,3000,85.390,100,85.400,100,85.430,100,85.450,400,85.460,2019-09-27,09:50:58,00,";
var hq_str_sh603259="药明康德,85.990,86.000,84.900,86.190,83.400,84.900,84.990,1444583,122121390.000,2700,84.900,500,84.880,3569,84.820,100,84.760,663,84.700,200,84.990,1160,85.100,500,85.260,200,85.270,1400,85.280,2019-09-27,09:51:57,00,";
var hq_str_sh603259="药明康德,85.990,86.000,85.040,86.190,83.400,85.000,85.040,1473471,124578422.000,1200,85.000,3072,84.990,400,84.910,300,84.900,200,84.880,200,85.040,4700,85.090,3180,85.100,280,85.240,800,85.250,2019-09-27,09:52:58,00,";
var hq_str_sh603259="药明康德,85.990,86.000,85.520,86.190,83.400,85.500,85.550,1564942,132385946.000,3002,85.500,746,85.450,500,85.250,800,85.240,800,85.100,100,85.550,100,85.570,1400,85.600,200,85.640,700,85.650,2019-09-27,09:53:58,00,";
var hq_str_sh603259="药明康德,85.990,86.000,85.640,86.190,83.400,85.640,85.650,1605694,135868976.000,2700,85.640,500,85.560,2348,85.550,300,85.520,400,85.350,800,85.650,3100,85.680,1000,85.690,1100,85.700,1000,85.730,2019-09-27,09:54:57,00,";
var hq_str_sh603259="药明康德,85.990,86.000,85.620,86.190,83.400,85.620,85.630,1651089,139755858.000,1400,85.620,10000,85.560,1053,85.550,3100,85.500,300,85.350,900,85.630,1100,85.640,3200,85.650,1300,85.670,3100,85.680,2019-09-27,09:55:58,00,";
var hq_str_sh603259="药明康德,85.990,86.000,85.450,86.190,83.400,85.450,85.480,1677651,142027495.000,500,85.450,1191,85.300,800,85.240,1000,85.110,800,85.100,700,85.480,200,85.490,700,85.500,1500,85.550,2700,85.560,2019-09-27,09:56:58,00,";
var hq_str_sh603259="药明康德,85.990,86.000,85.380,86.190,83.400,85.390,85.450,1692454,143291500.000,400,85.390,700,85.380,600,85.370,4900,85.350,300,85.250,500,85.450,500,85.500,100,85.540,100,85.550,600,85.560,2019-09-27,09:57:58,00,";
var hq_str_sh603259="药明康德,85.990,86.000,85.540,86.190,83.400,85.540,85.600,1724651,146043702.000,1800,85.540,4523,85.500,2847,85.400,133,85.370,2900,85.350,1800,85.600,1300,85.620,400,85.630,100,85.640,1000,85.650,2019-09-27,09:58:57,00,";
var hq_str_sh603259="药明康德,85.990,86.000,85.430,86.190,83.400,85.430,85.500,1748061,148044439.000,638,85.430,2922,85.400,133,85.370,2900,85.350,100,85.300,1677,85.500,600,85.540,1000,85.590,2400,85.600,1300,85.620,2019-09-27,09:59:58,00,";
var hq_str_sh603259="药明康德,85.990,86.000,85.540,86.190,83.400,85.540,85.580,1778138,150618119.000,1700,85.540,133,85.370,300,85.300,800,85.240,100,85.200,900,85.580,3800,85.600,1200,85.620,400,85.630,100,85.650,2019-09-27,10:00:58,00,";
var hq_str_sh603259="药明康德,85.990,86.000,85.350,86.190,83.400,85.390,85.500,1788742,151524393.000,7800,85.390,722,85.330,1400,85.300,800,85.240,700,85.200,700,85.500,300,85.530,400,85.540,200,85.550,200,85.560,2019-09-27,10:01:57,00,";
var hq_str_sh603259="药明康德,85.990,86.000,85.480,86.190,83.400,85.400,85.490,1820082,154204199.000,1862,85.400,100,85.390,2300,85.370,1000,85.360,100,85.350,800,85.490,400,85.500,100,85.510,300,85.520,796,85.530,2019-09-27,10:02:58,00,";
var hq_str_sh603259="药明康德,85.990,86.000,85.730,86.190,83.400,85.700,85.760,1847326,156536955.000,4900,85.700,5000,85.660,800,85.600,800,85.540,17804,85.530,300,85.760,1300,85.800,2400,85.870,5200,85.880,900,85.900,2019-09-27,10:03:57,00,";
var hq_str_sh603259="药明康德,85.990,86.000,85.760,86.190,83.400,85.760,85.780,1857398,157400743.000,628,85.760,200,85.730,100,85.710,4500,85.700,5000,85.660,1200,85.780,2200,85.800,300,85.860,2400,85.870,5500,85.880,2019-09-27,10:04:58,00,";
var hq_str_sh603259="药明康德,85.990,86.000,85.710,86.190,83.400,85.700,85.710,1877697,159140794.000,1129,85.700,5000,85.660,400,85.550,17804,85.530,400,85.480,100,85.710,200,85.730,1300,85.760,600,85.770,1000,85.800,2019-09-27,10:05:57,00,";
var hq_str_sh603259="药明康德,85.990,86.000,85.860,86.190,83.400,85.810,85.860,1890278,160219761.000,800,85.810,9600,85.800,8000,85.760,15600,85.700,5219,85.660,200,85.860,2300,85.870,5200,85.880,800,85.900,500,85.930,2019-09-27,10:06:58,00,";
var hq_str_sh603259="药明康德,85.990,86.000,85.820,86.190,83.400,85.800,85.820,1906678,161627550.000,9600,85.800,1700,85.760,600,85.750,100,85.720,15600,85.700,200,85.820,435,85.830,1740,85.860,215,85.870,5480,85.880,2019-09-27,10:07:58,00,";
var hq_str_sh603259="药明康德,85.990,86.000,85.800,86.190,83.400,85.760,85.800,1918778,162665741.000,1600,85.760,600,85.750,100,85.720,1000,85.710,15600,85.700,2645,85.800,800,85.820,2235,85.830,300,85.840,1140,85.860,2019-09-27,10:08:57,00,";
var hq_str_sh603259="药明康德,85.990,86.000,85.800,86.190,83.400,85.800,85.810,1936243,164163959.000,14100,85.800,114,85.750,500,85.720,1400,85.710,15600,85.700,1000,85.810,800,85.820,2235,85.830,300,85.840,140,85.860,2019-09-27,10:09:58,00,";
var hq_str_sh603259="药明康德,85.990,86.000,85.810,86.190,83.400,85.810,85.820,1947054,165091628.000,200,85.810,9489,85.800,1400,85.760,2300,85.750,500,85.720,100,85.820,1535,85.830,300,85.840,100,85.850,215,85.870,2019-09-27,10:10:58,00,";
var hq_str_sh603259="药明康德,85.990,86.000,85.810,86.190,83.400,85.810,85.830,1965215,166650911.000,3920,85.810,9608,85.800,500,85.720,1700,85.710,15600,85.700,4586,85.830,1900,85.900,1700,85.910,500,85.930,1700,85.950,2019-09-27,10:11:58,00,";
var hq_str_sh603259="药明康德,85.990,86.000,85.800,86.190,83.400,85.800,85.810,1995029,169209652.000,2914,85.800,500,85.720,3700,85.710,15600,85.700,1300,85.690,200,85.810,100,85.820,1000,85.890,3000,85.900,700,85.930,2019-09-27,10:12:58,00,";
var hq_str_sh603259="药明康德,85.990,86.000,85.920,86.190,83.400,85.910,85.920,2014475,170879983.000,165,85.910,5289,85.900,1100,85.820,1400,85.810,6014,85.800,100,85.920,200,85.930,7000,85.950,600,85.970,1100,85.980,2019-09-27,10:13:58,00,";
var hq_str_sh603259="药明康德,85.990,86.000,85.850,86.190,83.400,85.870,85.890,2039087,172994266.000,200,85.870,24177,85.850,1100,85.820,1400,85.810,6014,85.800,600,85.890,385,85.920,500,85.930,300,85.940,7900,85.950,2019-09-27,10:14:58,00,";
var hq_str_sh603259="药明康德,85.990,86.000,85.950,86.190,83.400,85.950,86.000,2069822,175636080.000,500,85.950,1936,85.930,1046,85.920,200,85.870,23677,85.850,2220,86.000,5000,86.060,200,86.070,600,86.080,5400,86.090,2019-09-27,10:15:59,00,";
var hq_str_sh603259="药明康德,85.990,86.000,86.060,86.190,83.400,86.020,86.060,2093483,177671148.000,269,86.020,1600,86.010,3270,86.000,500,85.940,636,85.930,4900,86.060,200,86.070,600,86.080,5400,86.090,200,86.100,2019-09-27,10:16:58,00,";
var hq_str_sh603259="药明康德,85.990,86.000,85.970,86.190,83.400,85.940,85.970,2112163,179277719.000,471,85.940,636,85.930,1046,85.920,800,85.870,200,85.860,1500,85.970,1600,85.990,2132,86.020,100,86.030,8200,86.040,2019-09-27,10:17:59,00,";
var hq_str_sh603259="药明康德,85.990,86.000,85.850,86.190,83.400,85.850,85.870,2136421,181361672.000,24098,85.850,1100,85.820,1000,85.810,714,85.800,500,85.720,200,85.870,800,85.880,400,85.910,654,85.920,1500,85.940,2019-09-27,10:18:58,00,";
var hq_str_sh603259="药明康德,85.990,86.000,85.800,86.190,83.400,85.720,85.800,2171052,184334639.000,700,85.720,1400,85.710,10400,85.700,1400,85.690,100,85.670,2886,85.800,1200,85.810,2100,85.850,500,85.870,600,85.880,2019-09-27,10:20:01,00,";
var hq_str_sh603259="药明康德,85.990,86.000,85.710,86.190,83.400,85.700,85.710,2192009,186131243.000,10043,85.700,1300,85.690,100,85.670,400,85.550,17804,85.530,1571,85.710,2741,85.720,2200,85.730,100,85.750,500,85.780,2019-09-27,10:20:58,00,";
var hq_str_sh603259="药明康德,85.990,86.000,85.550,86.190,83.400,85.540,85.550,2220952,188611230.000,4400,85.540,17804,85.530,400,85.510,200,85.500,600,85.480,948,85.550,600,85.620,3800,85.700,3171,85.710,2441,85.720,2019-09-27,10:21:58,00,";
var hq_str_sh603259="药明康德,85.990,86.000,85.550,86.190,83.400,85.550,85.580,2245857,190742404.000,21995,85.550,4000,85.540,17804,85.530,400,85.510,300,85.500,600,85.580,1000,85.600,100,85.620,2200,85.700,671,85.710,2019-09-27,10:22:58,00,";
var hq_str_sh603259="药明康德,85.990,86.000,85.640,86.190,83.400,85.640,85.690,2262586,192174869.000,1205,85.640,2166,85.630,1000,85.580,400,85.560,21895,85.550,300,85.690,3000,85.700,671,85.710,17,85.800,2300,85.860,2019-09-27,10:23:58,00,";
var hq_str_sh603259="药明康德,85.990,86.000,85.670,86.190,83.400,85.650,85.670,2275087,193245668.000,804,85.650,2000,85.640,1766,85.630,1000,85.580,200,85.560,400,85.670,2800,85.700,671,85.710,117,85.800,2300,85.860,2019-09-27,10:24:59,00,";
var hq_str_sh603259="药明康德,85.990,86.000,85.530,86.190,83.400,85.530,85.540,2326124,197612477.000,7532,85.530,100,85.520,500,85.510,300,85.500,162,85.400,1200,85.540,9228,85.550,1600,85.670,2500,85.700,571,85.710,2019-09-27,10:25:58,00,";
var hq_str_sh603259="药明康德,85.990,86.000,85.550,86.190,83.400,85.540,85.550,2353172,199925635.000,2246,85.540,100,85.520,100,85.500,100,85.450,100,85.330,7528,85.550,200,85.650,900,85.670,1500,85.700,571,85.710,2019-09-27,10:26:59,00,";
var hq_str_sh603259="药明康德,85.990,86.000,85.320,86.190,83.400,85.320,85.490,2360546,200555803.000,1372,85.320,300,85.310,1800,85.300,600,85.200,400,85.160,2900,85.490,100,85.520,700,85.540,300,85.550,200,85.650,2019-09-27,10:27:58,00,";
var hq_str_sh603259="药明康德,85.990,86.000,85.240,86.190,83.400,85.080,85.180,2375873,201861959.000,800,85.080,1000,85.070,1000,85.060,800,85.010,5972,85.000,700,85.180,1000,85.240,500,85.270,1500,85.300,300,85.320,2019-09-27,10:28:58,00,";
var hq_str_sh603259="药明康德,85.990,86.000,85.620,86.190,83.400,85.590,85.620,2392752,203303155.000,7100,85.590,1900,85.540,1200,85.490,300,85.310,100,85.300,200,85.620,200,85.670,300,85.680,1400,85.700,571,85.710,2019-09-27,10:29:58,00,";
var hq_str_sh603259="药明康德,85.990,86.000,85.480,86.190,83.400,85.190,85.550,2422786,205868536.000,700,85.190,200,85.160,4199,85.090,1000,85.080,200,85.070,100,85.550,2000,85.560,400,85.580,500,85.590,1900,85.640,2019-09-27,10:30:58,00,";
var hq_str_sh603259="药明康德,85.990,86.000,85.260,86.190,83.400,85.180,85.260,2481169,210846284.000,413,85.180,500,85.100,2100,85.070,1500,85.060,800,85.040,900,85.260,300,85.590,1700,85.610,400,85.630,1700,85.640,2019-09-27,10:31:59,00,";
var hq_str_sh603259="药明康德,85.990,86.000,85.610,86.190,83.400,85.210,85.610,2511999,213477710.000,24100,85.210,600,85.190,4370,85.180,300,85.110,500,85.100,2700,85.610,800,85.620,400,85.630,1700,85.640,1200,85.670,2019-09-27,10:32:58,00,";
var hq_str_sh603259="药明康德,85.990,86.000,85.490,86.190,83.400,85.490,85.540,2523342,214446712.000,131,85.490,100,85.420,735,85.340,500,85.330,400,85.320,100,85.540,760,85.580,2200,85.600,600,85.610,1700,85.640,2019-09-27,10:33:58,00,";
var hq_str_sh603259="药明康德,85.990,86.000,85.670,86.190,83.400,85.650,85.670,2535208,215462400.000,200,85.650,800,85.600,500,85.580,2300,85.490,100,85.420,600,85.670,300,85.680,100,85.700,571,85.710,117,85.800,2019-09-27,10:34:58,00,";
var hq_str_sh603259="药明康德,85.990,86.000,85.730,86.190,83.400,85.730,85.770,2558090,217425737.000,518,85.730,100,85.670,100,85.640,500,85.580,3500,85.490,100,85.770,3540,85.800,400,85.810,2664,85.830,300,85.880,2019-09-27,10:35:58,00,";
var hq_str_sh603259="药明康德,85.990,86.000,85.810,86.190,83.400,85.800,85.810,2569336,218390347.000,672,85.800,100,85.750,300,85.730,300,85.680,100,85.670,200,85.810,2464,85.830,200,85.880,54,85.920,200,85.940,2019-09-27,10:36:58,00,";
var hq_str_sh603259="药明康德,85.990,86.000,85.830,86.190,83.400,85.830,85.880,2579171,219234306.000,137,85.830,500,85.730,300,85.680,100,85.670,100,85.640,300,85.880,54,85.920,100,85.940,1100,85.970,1500,85.980,2019-09-27,10:37:59,00,";
var hq_str_sh603259="药明康德,85.990,86.000,85.990,86.190,83.400,85.990,86.000,2590772,220231491.000,1900,85.990,1066,85.960,100,85.950,92,85.940,441,85.930,3700,86.000,100,86.010,932,86.020,300,86.030,8200,86.040,2019-09-27,10:38:58,00,";
var hq_str_sh603259="药明康德,85.990,86.000,86.050,86.190,83.400,86.010,86.060,2623575,223053559.000,1068,86.010,400,86.000,429,85.990,500,85.960,92,85.940,2300,86.060,200,86.070,640,86.080,5100,86.090,1600,86.100,2019-09-27,10:39:58,00,";
var hq_str_sh603259="药明康德,85.990,86.000,85.970,86.190,83.400,85.970,85.980,2653681,225643201.000,89,85.970,490,85.950,92,85.940,200,85.930,437,85.830,300,85.980,1300,86.000,1200,86.010,500,86.040,1900,86.050,2019-09-27,10:40:58,00,";
var hq_str_sh603259="药明康德,85.990,86.000,85.830,86.190,83.400,85.800,85.830,2657634,225982837.000,2600,85.800,100,85.740,500,85.730,300,85.680,100,85.670,1000,85.830,500,85.940,300,85.950,711,85.970,300,85.990,2019-09-27,10:41:59,00,";
var hq_str_sh603259="药明康德,85.990,86.000,85.670,86.190,83.400,85.640,85.670,2670957,227125422.000,19177,85.640,600,85.510,1200,85.490,600,85.480,200,85.400,200,85.670,100,85.680,140,85.700,1900,85.720,200,85.730,2019-09-27,10:42:58,00,";
var hq_str_sh603259="药明康德,85.990,86.000,85.850,86.190,83.400,85.680,85.850,2692601,228982153.000,100,85.680,2200,85.660,47400,85.650,17733,85.640,300,85.580,107,85.850,200,85.880,700,85.900,500,85.910,100,85.940,2019-09-27,10:43:58,00,";
var hq_str_sh603259="药明康德,85.990,86.000,85.920,86.190,83.400,85.900,85.920,2699068,229537223.000,1900,85.900,152,85.760,400,85.720,2623,85.710,200,85.700,300,85.920,100,85.950,711,85.970,2300,86.000,1200,86.010,2019-09-27,10:44:58,00,";
var hq_str_sh603259="药明康德,85.990,86.000,85.880,86.190,83.400,85.860,85.880,2704399,229994931.000,2700,85.860,221,85.720,2623,85.710,500,85.690,1900,85.660,700,85.880,626,85.900,711,85.970,100,86.000,1200,86.010,2019-09-27,10:45:58,00,";
var hq_str_sh603259="药明康德,85.990,86.000,85.720,86.190,83.400,85.720,85.880,2710443,230513782.000,453,85.720,2547,85.710,500,85.690,800,85.660,47200,85.650,800,85.880,526,85.900,711,85.970,400,86.000,1100,86.010,2019-09-27,10:46:59,00,";
var hq_str_sh603259="药明康德,85.990,86.000,85.950,86.190,83.400,85.940,85.950,2719925,231328124.000,414,85.940,263,85.910,45800,85.880,100,85.800,2441,85.710,100,85.950,400,86.000,1000,86.010,1100,86.050,1900,86.060,2019-09-27,10:47:58,00,";
var hq_str_sh603259="药明康德,85.990,86.000,86.050,86.190,83.400,86.030,86.050,2734697,232598818.000,1500,86.030,2028,86.020,114,85.940,263,85.910,46000,85.880,400,86.050,1540,86.080,5300,86.090,1800,86.100,200,86.120,2019-09-27,10:48:58,00,";
var hq_str_sh603259="药明康德,85.990,86.000,85.910,86.190,83.400,85.880,85.910,2744226,233418343.000,45962,85.880,2441,85.710,400,85.660,700,85.650,17733,85.640,700,85.910,337,86.020,100,86.030,100,86.040,200,86.050,2019-09-27,10:49:58,00,";
var hq_str_sh603259="药明康德,85.990,86.000,85.890,86.190,83.400,85.890,85.960,2761579,234908882.000,2300,85.890,41209,85.880,100,85.800,2441,85.710,400,85.660,700,85.960,200,86.000,5100,86.020,100,86.040,700,86.050,2019-09-27,10:50:58,00,";
var hq_str_sh603259="药明康德,85.990,86.000,86.050,86.190,83.400,86.050,86.060,2798749,238107256.000,300,86.050,38854,85.880,100,85.800,2441,85.710,1400,85.660,1600,86.060,500,86.100,100,86.120,200,86.150,100,86.160,2019-09-27,10:51:58,00,";
var hq_str_sh603259="药明康德,85.990,86.000,86.010,86.190,83.400,86.000,86.040,2842777,241894838.000,6572,86.000,37954,85.880,100,85.800,2441,85.710,1400,85.660,900,86.040,100,86.050,300,86.060,4600,86.070,10000,86.090,2019-09-27,10:52:58,00,";
var hq_str_sh603259="药明康德,85.990,86.000,86.050,86.190,83.400,85.890,85.900,2924977,248961084.000,500,85.890,4754,85.880,100,85.800,2441,85.710,1400,85.660,2500,85.900,100,86.020,4100,86.050,8900,86.090,600,86.100,2019-09-27,10:53:58,00,";
var hq_str_sh603259="药明康德,85.990,86.000,85.900,86.190,83.400,85.950,85.980,2934998,249821780.000,6800,85.950,100,85.910,200,85.890,23133,85.880,400,85.800,400,85.980,600,86.010,100,86.020,500,86.040,3500,86.050,2019-09-27,10:54:58,00,";
var hq_str_sh603259="药明康德,85.990,86.000,86.010,86.190,83.400,85.950,86.010,2940685,250310747.000,6813,85.950,100,85.910,700,85.890,23333,85.880,900,85.800,300,86.010,100,86.020,1500,86.040,3500,86.050,200,86.060,2019-09-27,10:55:58,00,";
var hq_str_sh603259="药明康德,85.990,86.000,86.110,86.190,83.400,86.110,86.120,3012142,256461987.000,1700,86.110,728,85.950,1200,85.900,22748,85.880,900,85.800,400,86.120,1900,86.130,1900,86.140,400,86.150,100,86.160,2019-09-27,10:56:58,00,";
var hq_str_sh603259="药明康德,85.990,86.000,86.060,86.190,83.400,86.110,86.130,3038499,258731141.000,600,86.110,13800,86.100,2600,86.060,1400,86.000,1400,85.960,2300,86.130,200,86.150,600,86.160,2114,86.170,1800,86.180,2019-09-27,10:57:58,00,";
var hq_str_sh603259="药明康德,85.990,86.000,86.230,86.230,83.400,86.200,86.230,3063055,260846999.000,5300,86.200,1000,86.190,700,86.180,3300,86.170,300,86.160,300,86.230,100,86.250,1400,86.260,1400,86.270,4900,86.280,2019-09-27,10:58:58,00,";
var hq_str_sh603259="药明康德,85.990,86.000,86.300,86.300,83.400,86.300,86.320,3086442,262864385.000,8513,86.300,500,86.270,3000,86.260,1300,86.240,10300,86.230,1200,86.320,500,86.350,800,86.360,1680,86.370,2100,86.390,2019-09-27,10:59:58,00,";
var hq_str_sh603259="药明康德,85.990,86.000,86.410,86.480,83.400,86.410,86.420,3121444,265887523.000,10700,86.410,100,86.280,8900,86.270,400,86.260,1300,86.240,800,86.420,100,86.460,1420,86.480,1220,86.490,2860,86.500,2019-09-27,11:00:58,00,";
var hq_str_sh603259="药明康德,85.990,86.000,86.410,86.500,83.400,86.410,86.500,3146498,268053416.000,2846,86.410,100,86.280,7100,86.270,1300,86.240,10000,86.230,2120,86.500,100,86.510,200,86.580,100,86.590,3100,86.600,2019-09-27,11:01:58,00,";
var hq_str_sh603259="药明康德,85.990,86.000,86.270,86.500,83.400,86.280,86.340,3173427,270378115.000,1600,86.280,1317,86.270,1800,86.240,10000,86.230,100,86.200,1200,86.340,7454,86.410,100,86.450,100,86.480,800,86.500,2019-09-27,11:02:58,00,";
var hq_str_sh603259="药明康德,85.990,86.000,86.000,86.500,83.400,86.010,86.170,3230144,275272944.000,1000,86.010,6800,86.000,100,85.960,200,85.910,20000,85.890,237,86.170,9,86.200,2038,86.230,500,86.240,1300,86.310,2019-09-27,11:03:58,00,";
var hq_str_sh603259="药明康德,85.990,86.000,86.000,86.500,83.400,85.990,86.000,3254342,277354879.000,100,85.990,2800,85.970,402,85.910,2400,85.900,20000,85.890,500,86.000,100,86.010,100,86.110,900,86.200,1000,86.210,2019-09-27,11:04:58,00,";
var hq_str_sh603259="药明康德,85.990,86.000,86.110,86.500,83.400,86.010,86.110,3261751,277992438.000,191,86.010,8200,86.000,1000,85.970,100,85.910,4300,85.900,9500,86.110,700,86.190,700,86.200,2609,86.220,638,86.230,2019-09-27,11:05:55,00,";
var hq_str_sh603259="药明康德,85.990,86.000,86.060,86.500,83.400,86.060,86.110,3275165,279146244.000,3100,86.060,900,86.010,6477,86.000,1000,85.970,100,85.910,9309,86.110,1700,86.190,1100,86.200,2609,86.220,638,86.230,2019-09-27,11:06:58,00,";
var hq_str_sh603259="药明康德,85.990,86.000,86.000,86.500,83.400,86.000,86.020,3295107,280862691.000,5535,86.000,16000,85.970,100,85.910,4700,85.900,20100,85.890,1600,86.020,100,86.050,1780,86.060,700,86.190,1100,86.200,2019-09-27,11:07:58,00,";
var hq_str_sh603259="药明康德,85.990,86.000,86.010,86.500,83.400,86.000,86.010,3310936,282224027.000,4006,86.000,200,85.980,16000,85.970,100,85.910,3700,85.900,1600,86.010,1800,86.020,500,86.050,880,86.060,600,86.180,2019-09-27,11:08:58,00,";
var hq_str_sh603259="药明康德,85.990,86.000,85.980,86.500,83.400,85.970,85.980,3353010,285842415.000,8432,85.970,200,85.910,3700,85.900,20100,85.890,22448,85.880,1200,85.980,245,86.000,400,86.020,480,86.060,400,86.130,2019-09-27,11:09:58,00,";
var hq_str_sh603259="药明康德,85.990,86.000,86.220,86.500,83.400,86.180,86.220,3372012,287478132.000,2532,86.180,100,86.070,1000,86.060,300,86.010,10400,86.000,2509,86.220,638,86.230,500,86.240,300,86.250,1000,86.280,2019-09-27,11:11:00,00,";
var hq_str_sh603259="药明康德,85.990,86.000,86.090,86.500,83.400,86.070,86.090,3393144,289298747.000,1700,86.070,200,86.040,10300,86.030,200,86.020,600,86.010,200,86.090,500,86.110,300,86.160,775,86.180,1200,86.200,2019-09-27,11:11:58,00,";
var hq_str_sh603259="药明康德,85.990,86.000,86.150,86.500,83.400,86.120,86.140,3404209,290251440.000,10285,86.120,100,86.060,9828,86.030,600,86.010,11000,86.000,100,86.140,300,86.180,200,86.190,709,86.220,138,86.230,2019-09-27,11:12:58,00,";
var hq_str_sh603259="药明康德,85.990,86.000,86.210,86.500,83.400,86.190,86.210,3418660,291496705.000,349,86.190,900,86.140,7785,86.120,100,86.060,9828,86.030,700,86.210,100,86.220,838,86.230,2500,86.240,400,86.250,2019-09-27,11:14:01,00,";
var hq_str_sh603259="药明康德,85.990,86.000,86.150,86.500,83.400,86.120,86.180,3431385,292592763.000,6709,86.120,100,86.060,9828,86.030,600,86.010,11000,86.000,300,86.180,10151,86.190,100,86.210,638,86.230,2500,86.240,2019-09-27,11:14:58,00,";
var hq_str_sh603259="药明康德,85.990,86.000,86.170,86.500,83.400,86.140,86.170,3442855,293580820.000,1100,86.140,1300,86.120,100,86.060,9628,86.030,600,86.010,100,86.170,3700,86.180,10151,86.190,100,86.200,100,86.210,2019-09-27,11:15:58,00,";
var hq_str_sh603259="药明康德,85.990,86.000,86.150,86.500,83.400,86.030,86.150,3451250,294303923.000,9133,86.030,600,86.010,11000,86.000,200,85.990,5598,85.970,200,86.150,2980,86.180,10251,86.190,200,86.200,100,86.210,2019-09-27,11:16:58,00,";
var hq_str_sh603259="药明康德,85.990,86.000,86.100,86.500,83.400,86.100,86.120,3477609,296574897.000,200,86.100,9574,86.030,600,86.010,11000,86.000,200,85.990,500,86.120,2254,86.140,4900,86.150,3631,86.190,300,86.200,2019-09-27,11:17:58,00,";
var hq_str_sh603259="药明康德,85.990,86.000,86.030,86.500,83.400,86.080,86.100,3498136,298341441.000,6353,86.080,2500,86.030,10994,86.000,200,85.990,5598,85.970,1300,86.100,4354,86.150,3631,86.190,300,86.200,138,86.230,2019-09-27,11:18:58,00,";
var hq_str_sh603259="药明康德,85.990,86.000,86.060,86.500,83.400,86.010,86.060,3515062,299797816.000,1700,86.010,7421,86.000,200,85.990,5598,85.970,100,85.910,10100,86.060,1500,86.070,900,86.080,1200,86.100,4354,86.150,2019-09-27,11:19:58,00,";
var hq_str_sh603259="药明康德,85.990,86.000,86.020,86.500,83.400,86.020,86.040,3533923,301420004.000,1700,86.020,360,86.000,200,85.990,5598,85.970,500,85.910,100,86.040,9532,86.060,800,86.080,400,86.090,1100,86.100,2019-09-27,11:20:58,00,";
var hq_str_sh603259="药明康德,85.990,86.000,86.010,86.500,83.400,86.000,86.010,3554524,303192218.000,24340,86.000,5217,85.970,500,85.910,5600,85.900,20500,85.890,3700,86.010,1200,86.020,2713,86.060,500,86.090,3300,86.100,2019-09-27,11:21:58,00,";
var hq_str_sh603259="药明康德,85.990,86.000,86.000,86.500,83.400,86.000,86.010,3574995,304953072.000,11169,86.000,5217,85.970,500,85.910,5600,85.900,20500,85.890,400,86.010,3013,86.060,900,86.090,2800,86.100,3954,86.150,2019-09-27,11:22:58,00,";
var hq_str_sh603259="药明康德,85.990,86.000,86.140,86.500,83.400,86.100,86.140,3596997,306847532.000,3822,86.100,100,86.050,2176,86.010,11269,86.000,5217,85.970,1100,86.140,1085,86.190,500,86.200,138,86.230,2000,86.240,2019-09-27,11:23:58,00,";
var hq_str_sh603259="药明康德,85.990,86.000,86.150,86.500,83.400,86.130,86.150,3618297,308682222.000,600,86.130,3022,86.100,100,86.050,1500,86.020,2176,86.010,700,86.150,85,86.190,400,86.200,338,86.230,2000,86.240,2019-09-27,11:24:52,00,";
var hq_str_sh603259="药明康德,85.990,86.000,86.100,86.500,83.400,86.100,86.130,3627062,309437079.000,657,86.100,100,86.050,2176,86.010,10869,86.000,5217,85.970,100,86.130,2000,86.180,85,86.190,500,86.200,338,86.230,2019-09-27,11:25:58,00,";
var hq_str_sh603259="药明康德,85.990,86.000,86.020,86.500,83.400,86.010,86.020,3633455,309987249.000,1540,86.010,20869,86.000,5217,85.970,500,85.910,5600,85.900,300,86.020,400,86.030,100,86.110,2100,86.180,85,86.190,2019-09-27,11:26:58,00,";
var hq_str_sh603259="药明康德,85.990,86.000,86.130,86.500,83.400,86.080,86.130,3645155,310994716.000,100,86.080,200,86.070,3100,86.020,1140,86.010,21069,86.000,1132,86.130,500,86.140,2100,86.180,85,86.190,1300,86.200,2019-09-27,11:28:00,00,";
var hq_str_sh603259="药明康德,85.990,86.000,86.020,86.500,83.400,86.020,86.080,3667889,312953712.000,11,86.020,1440,86.010,21069,86.000,5217,85.970,500,85.910,600,86.080,200,86.090,200,86.240,658,86.280,300,86.290,2019-09-27,11:28:55,00,";
var hq_str_sh603259="药明康德,85.990,86.000,86.240,86.500,83.400,86.240,86.250,3678289,313850495.000,1000,86.240,200,86.120,300,86.100,400,86.020,551,86.010,700,86.250,3147,86.280,300,86.290,4358,86.300,500,86.390,2019-09-27,11:29:58,00,";
var hq_str_sh603259="药明康德,85.990,86.000,86.240,86.500,83.400,86.240,86.280,3678552,313873177.000,737,86.240,200,86.120,300,86.100,400,86.020,551,86.010,3147,86.280,300,86.290,4358,86.300,500,86.390,300,86.400,2019-09-27,11:30:00,00,";
var hq_str_sh603259="药明康德,85.990,86.000,86.560,86.560,83.400,86.530,86.580,3741038,319271958.000,1300,86.530,3695,86.510,5200,86.400,300,86.290,1100,86.280,900,86.580,300,86.590,3500,86.600,1000,86.640,2160,86.650,2019-09-27,13:00:58,00,";
var hq_str_sh603259="药明康德,85.990,86.000,86.680,86.750,83.400,86.640,86.680,3785847,323154695.000,100,86.640,100,86.620,100,86.590,400,86.580,200,86.570,1764,86.680,100,86.690,3500,86.700,100,86.750,200,86.760,2019-09-27,13:01:58,00,";
var hq_str_sh603259="药明康德,85.990,86.000,86.580,86.750,83.400,86.530,86.580,3814629,325647480.000,218,86.530,400,86.510,700,86.400,300,86.290,1100,86.280,700,86.580,900,86.590,2800,86.640,1841,86.650,964,86.680,2019-09-27,13:02:58,00,";
var hq_str_sh603259="药明康德,85.990,86.000,86.450,86.750,83.400,86.450,86.470,3831948,327145197.000,2400,86.450,558,86.400,600,86.300,300,86.290,1100,86.280,900,86.470,8241,86.480,300,86.500,400,86.520,300,86.530,2019-09-27,13:03:58,00,";
var hq_str_sh603259="药明康德,85.990,86.000,86.360,86.750,83.400,86.340,86.400,3843570,328149454.000,100,86.340,1900,86.330,100,86.310,5936,86.300,300,86.290,400,86.400,200,86.420,100,86.450,200,86.470,8000,86.480,2019-09-27,13:04:55,00,";
var hq_str_sh603259="药明康德,85.990,86.000,86.430,86.750,83.400,86.410,86.430,3862252,329764011.000,276,86.410,10300,86.380,100,86.370,200,86.350,100,86.340,700,86.430,300,86.470,2300,86.480,600,86.500,1800,86.510,2019-09-27,13:05:58,00,";
var hq_str_sh603259="药明康德,85.990,86.000,86.450,86.750,83.400,86.500,86.510,3881828,331455919.000,1300,86.500,100,86.450,800,86.400,2000,86.390,10300,86.380,844,86.510,100,86.550,200,86.590,700,86.630,1000,86.640,2019-09-27,13:06:58,00,";
var hq_str_sh603259="药明康德,85.990,86.000,86.530,86.750,83.400,86.550,86.560,3895128,332606986.000,100,86.550,900,86.520,2400,86.510,4700,86.500,1000,86.450,1800,86.560,1241,86.650,600,86.670,2000,86.680,100,86.690,2019-09-27,13:07:58,00,";
var hq_str_sh603259="药明康德,85.990,86.000,86.650,86.750,83.400,86.560,86.650,3913128,334165969.000,100,86.560,800,86.550,500,86.530,800,86.520,2400,86.510,541,86.650,1000,86.670,2400,86.680,100,86.690,2800,86.700,2019-09-27,13:08:58,00,";
var hq_str_sh603259="药明康德,85.990,86.000,86.610,86.750,83.400,86.600,86.610,3920728,334824414.000,4300,86.600,400,86.560,1000,86.550,500,86.530,2500,86.510,500,86.610,1640,86.620,1500,86.670,2600,86.680,100,86.690,2019-09-27,13:09:58,00,";
var hq_str_sh603259="药明康德,85.990,86.000,86.610,86.750,83.400,86.560,86.620,3945028,336928835.000,400,86.560,3200,86.550,700,86.530,1100,86.510,4800,86.500,1000,86.620,500,86.650,640,86.680,900,86.690,6100,86.700,2019-09-27,13:10:58,00,";
var hq_str_sh603259="药明康德,85.990,86.000,86.620,86.750,83.400,86.660,86.680,3954728,337768838.000,100,86.660,2100,86.620,11800,86.600,9900,86.570,1400,86.560,840,86.680,900,86.690,5200,86.700,400,86.750,200,86.760,2019-09-27,13:11:58,00,";
var hq_str_sh603259="药明康德,85.990,86.000,86.650,86.750,83.400,86.670,86.680,3969428,339042642.000,300,86.670,2500,86.620,500,86.610,11700,86.600,9900,86.570,1100,86.680,500,86.690,2040,86.700,400,86.750,200,86.760,2019-09-27,13:12:58,00,";
var hq_str_sh603259="药明康德,85.990,86.000,86.650,86.750,83.400,86.610,86.650,3973728,339415147.000,700,86.610,12000,86.600,10000,86.570,1400,86.560,3000,86.550,100,86.650,500,86.680,500,86.690,2140,86.700,1800,86.750,2019-09-27,13:13:58,00,";
var hq_str_sh603259="药明康德,85.990,86.000,86.680,86.750,83.400,86.650,86.680,3984128,340316327.000,1900,86.650,300,86.610,10900,86.600,100,86.580,10000,86.570,200,86.680,2840,86.700,100,86.710,400,86.750,200,86.760,2019-09-27,13:14:55,00,";
var hq_str_sh603259="药明康德,85.990,86.000,86.740,86.790,83.400,86.740,86.790,4001728,341842815.000,1800,86.740,100,86.730,1100,86.610,10500,86.600,100,86.580,9940,86.790,2600,86.800,600,86.840,2000,86.860,1000,86.870,2019-09-27,13:15:55,00,";
var hq_str_sh603259="药明康德,85.990,86.000,86.770,86.880,83.400,86.750,86.780,4068128,347607433.000,10500,86.750,200,86.740,1100,86.610,10300,86.600,100,86.580,1600,86.780,800,86.800,4540,86.880,1300,86.890,11900,86.900,2019-09-27,13:16:58,00,";
var hq_str_sh603259="药明康德,85.990,86.000,86.900,86.950,83.400,86.900,86.920,4127568,352770356.000,5260,86.900,10200,86.840,9800,86.800,100,86.760,10500,86.750,700,86.920,1500,86.950,300,86.960,1000,86.970,3600,86.980,2019-09-27,13:17:58,00,";
var hq_str_sh603259="药明康德,85.990,86.000,86.920,86.990,83.400,86.910,86.920,4200168,359083052.000,4100,86.910,8560,86.900,200,86.890,700,86.840,1000,86.830,6500,86.920,300,86.930,200,86.980,2100,86.990,11980,87.000,2019-09-27,13:18:58,00,";
var hq_str_sh603259="药明康德,85.990,86.000,86.900,87.150,83.400,86.900,87.000,4335048,370818151.000,5960,86.900,200,86.890,700,86.840,1000,86.830,100,86.760,400,87.000,500,87.080,100,87.100,700,87.120,600,87.130,2019-09-27,13:19:58,00,";
var hq_str_sh603259="药明康德,85.990,86.000,86.900,87.230,83.400,86.900,86.910,4446848,380550162.000,1860,86.900,200,86.890,800,86.840,1000,86.830,100,86.760,1900,86.910,12900,86.920,100,86.990,3800,87.000,200,87.150,2019-09-27,13:20:55,00,";
var hq_str_sh603259="药明康德,85.990,86.000,87.210,87.240,83.400,87.220,87.240,4521148,387017923.000,3500,87.220,300,87.210,5400,87.180,200,87.120,200,86.990,400,87.240,900,87.250,300,87.270,1500,87.280,200,87.290,2019-09-27,13:21:58,00,";
var hq_str_sh603259="药明康德,85.990,86.000,87.340,87.350,83.400,87.340,87.350,4575348,391750091.000,3500,87.340,1000,87.300,6400,87.280,1400,87.270,300,87.230,1200,87.350,100,87.370,1100,87.380,10000,87.390,600,87.400,2019-09-27,13:22:58,00,";
var hq_str_sh603259="药明康德,85.990,86.000,87.350,87.390,83.400,87.320,87.350,4656348,398827297.000,500,87.320,2700,87.300,500,87.290,1200,87.270,200,87.230,200,87.350,400,87.360,1260,87.370,2400,87.380,14000,87.390,2019-09-27,13:23:55,00,";
var hq_str_sh603259="药明康德,85.990,86.000,87.500,87.570,83.400,87.570,87.580,4769408,408715517.000,1980,87.570,3000,87.460,300,87.440,700,87.400,300,87.390,1600,87.580,10000,87.590,4300,87.600,200,87.650,700,87.660,2019-09-27,13:24:55,00,";
var hq_str_sh603259="药明康德,85.990,86.000,87.440,87.580,83.400,87.440,87.450,4881388,418515504.000,5300,87.440,200,87.350,200,87.310,2500,87.300,500,87.290,100,87.450,2700,87.460,1900,87.470,800,87.490,400,87.540,2019-09-27,13:25:58,00,";
var hq_str_sh603259="药明康德,85.990,86.000,87.530,87.580,83.400,87.500,87.530,4941088,423735525.000,200,87.500,3200,87.490,8600,87.470,2300,87.460,6700,87.440,400,87.530,800,87.540,16340,87.550,35800,87.560,900,87.570,2019-09-27,13:26:58,00,";
var hq_str_sh603259="药明康德,85.990,86.000,87.530,87.580,83.400,87.500,87.530,5050788,433338896.000,100,87.500,3400,87.490,4300,87.470,100,87.460,100,87.430,4700,87.530,200,87.550,1280,87.560,900,87.570,600,87.580,2019-09-27,13:27:58,00,";
var hq_str_sh603259="药明康德,85.990,86.000,87.700,87.710,83.400,87.700,87.710,5144146,441517528.000,12642,87.700,100,87.610,500,87.600,1200,87.540,400,87.530,1600,87.710,1000,87.720,400,87.740,1400,87.750,100,87.760,2019-09-27,13:28:58,00,";
var hq_str_sh603259="药明康德,85.990,86.000,87.550,87.710,83.400,87.540,87.550,5191488,445666809.000,200,87.540,200,87.530,300,87.510,4300,87.470,100,87.460,500,87.550,400,87.570,100,87.600,200,87.630,700,87.650,2019-09-27,13:29:58,00,";
var hq_str_sh603259="药明康德,85.990,86.000,87.210,87.710,83.400,87.120,87.210,5236388,449591531.000,100,87.120,1400,87.110,3000,87.100,500,87.020,2400,87.010,200,87.210,800,87.290,100,87.370,3000,87.390,8400,87.400,2019-09-27,13:30:58,00,";
var hq_str_sh603259="药明康德,85.990,86.000,87.340,87.710,83.400,87.340,87.370,5256688,451364593.000,500,87.340,300,87.320,9400,87.310,100,87.300,800,87.290,300,87.370,100,87.390,3500,87.400,100,87.420,2000,87.460,2019-09-27,13:31:58,00,";
var hq_str_sh603259="药明康德,85.990,86.000,87.600,87.710,83.400,87.600,87.650,5293988,454627928.000,100,87.600,500,87.540,3600,87.530,9200,87.520,2000,87.510,1200,87.650,100,87.670,1100,87.680,600,87.690,8358,87.700,2019-09-27,13:32:55,00,";
var hq_str_sh603259="药明康德,85.990,86.000,87.660,87.710,83.400,87.660,87.680,5351488,459666766.000,500,87.660,3000,87.650,200,87.630,1000,87.620,5000,87.540,3100,87.680,900,87.690,9658,87.700,2500,87.710,100,87.720,2019-09-27,13:33:55,00,";
var hq_str_sh603259="药明康德,85.990,86.000,87.710,87.740,83.400,87.700,87.710,5425346,466144003.000,1500,87.700,342,87.680,1300,87.670,600,87.660,100,87.650,2600,87.710,1400,87.730,2900,87.740,1800,87.750,100,87.760,2019-09-27,13:34:58,00,";
var hq_str_sh603259="药明康德,85.990,86.000,87.730,87.780,83.400,87.700,87.710,5491646,471960615.000,1700,87.700,342,87.680,1300,87.670,500,87.660,200,87.650,2300,87.710,800,87.730,1200,87.740,2500,87.760,900,87.780,2019-09-27,13:35:58,00,";
var hq_str_sh603259="药明康德,85.990,86.000,87.610,87.780,83.400,87.610,87.650,5571888,478995767.000,900,87.610,1700,87.590,15800,87.580,2600,87.560,4000,87.550,800,87.650,200,87.660,6100,87.700,2000,87.710,200,87.740,2019-09-27,13:36:58,00,";
var hq_str_sh603259="药明康德,85.990,86.000,87.690,87.780,83.400,87.690,87.710,5619088,483133933.000,1900,87.690,5500,87.660,18600,87.650,700,87.640,200,87.630,3200,87.710,200,87.730,300,87.740,300,87.750,4600,87.760,2019-09-27,13:37:58,00,";
var hq_str_sh603259="药明康德,85.990,86.000,87.400,87.780,83.400,87.350,87.400,5730888,492927750.000,9900,87.350,200,87.300,100,87.290,100,87.250,200,87.220,10800,87.400,7000,87.460,1100,87.480,4400,87.500,200,87.510,2019-09-27,13:38:58,00,";
var hq_str_sh603259="药明康德,85.990,86.000,87.360,87.780,83.400,87.350,87.360,5763628,495786916.000,300,87.350,4300,87.340,8800,87.330,1060,87.320,200,87.230,100,87.360,1100,87.400,5400,87.460,200,87.500,100,87.510,2019-09-27,13:39:58,00,";
var hq_str_sh603259="药明康德,85.990,86.000,87.200,87.780,83.400,87.020,87.200,5814188,500199134.000,400,87.020,2400,87.010,1300,87.000,300,86.950,1560,86.900,100,87.200,1240,87.210,400,87.220,1000,87.310,100,87.320,2019-09-27,13:40:58,00,";
var hq_str_sh603259="药明康德,85.990,86.000,87.210,87.780,83.400,87.100,87.210,5833701,501900437.000,300,87.100,1500,87.080,2400,87.070,8800,87.060,2420,87.050,2000,87.210,300,87.280,1000,87.310,100,87.320,2880,87.340,2019-09-27,13:41:58,00,";
var hq_str_sh603259="药明康德,85.990,86.000,87.150,87.780,83.400,87.150,87.160,5866701,504776621.000,100,87.150,700,87.070,700,87.060,2420,87.050,200,87.040,1200,87.160,900,87.180,5100,87.210,1540,87.220,100,87.270,2019-09-27,13:42:58,00,";
var hq_str_sh603259="药明康德,85.990,86.000,87.070,87.780,83.400,87.070,87.220,5920221,509439778.000,200,87.070,300,87.050,800,87.030,2000,87.020,1107,87.010,40,87.220,1400,87.240,100,87.270,300,87.280,3300,87.310,2019-09-27,13:43:58,00,";
var hq_str_sh603259="药明康德,85.990,86.000,87.210,87.780,83.400,87.150,87.210,5939961,511160397.000,2000,87.150,2400,87.140,100,87.130,4960,87.120,1000,87.070,4500,87.210,1240,87.280,4100,87.310,2880,87.340,5000,87.400,2019-09-27,13:44:58,00,";
var hq_str_sh603259="药明康德,85.990,86.000,87.410,87.780,83.400,87.340,87.410,6005961,516925513.000,14600,87.340,500,87.330,200,87.260,4700,87.250,3900,87.210,1200,87.410,13520,87.500,700,87.510,500,87.530,100,87.550,2019-09-27,13:45:58,00,";
var hq_str_sh603259="药明康德,85.990,86.000,87.400,87.780,83.400,87.300,87.400,6055861,521282640.000,300,87.300,4900,87.290,7500,87.280,200,87.270,100,87.260,1400,87.400,500,87.410,5700,87.490,12220,87.500,500,87.530,2019-09-27,13:46:55,00,";
var hq_str_sh603259="药明康德,85.990,86.000,87.300,87.780,83.400,87.300,87.310,6120459,526924796.000,5800,87.300,3702,87.290,1300,87.280,500,87.270,100,87.260,800,87.310,1500,87.340,100,87.370,1600,87.400,200,87.450,2019-09-27,13:47:58,00,";
var hq_str_sh603259="药明康德,85.990,86.000,87.310,87.780,83.400,87.310,87.320,6140459,528671202.000,6600,87.310,5100,87.300,100,87.290,1300,87.280,500,87.270,500,87.320,3100,87.340,2500,87.380,1600,87.400,9100,87.450,2019-09-27,13:48:58,00,";
var hq_str_sh603259="药明康德,85.990,86.000,87.400,87.780,83.400,87.450,87.460,6184259,532499586.000,100,87.450,3100,87.400,9000,87.360,1000,87.340,200,87.330,400,87.460,500,87.480,200,87.490,7720,87.500,500,87.530,2019-09-27,13:49:55,00,";
var hq_str_sh603259="药明康德,85.990,86.000,87.460,87.780,83.400,87.450,87.460,6218359,535480892.000,7700,87.450,2700,87.420,1200,87.410,1000,87.340,5300,87.300,100,87.460,800,87.480,200,87.490,7720,87.500,500,87.530,2019-09-27,13:50:58,00,";
var hq_str_sh603259="药明康德,85.990,86.000,87.620,87.780,83.400,87.600,87.620,6267479,539782112.000,1700,87.600,600,87.580,700,87.570,5600,87.560,1300,87.550,3700,87.620,200,87.630,800,87.650,600,87.680,900,87.690,2019-09-27,13:51:58,00,";
var hq_str_sh603259="药明康德,85.990,86.000,87.470,87.780,83.400,87.460,87.470,6327259,545017757.000,200,87.460,100,87.450,2000,87.420,100,87.410,1000,87.340,20,87.470,900,87.520,100,87.570,10100,87.580,200,87.600,2019-09-27,13:52:58,00,";
var hq_str_sh603259="药明康德,85.990,86.000,87.600,87.780,83.400,87.590,87.600,6374979,549196960.000,15300,87.590,6600,87.580,880,87.420,1000,87.340,2100,87.300,500,87.600,4480,87.610,400,87.620,200,87.630,300,87.640,2019-09-27,13:53:55,00,";
var hq_str_sh603259="药明康德,85.990,86.000,87.620,87.780,83.400,87.610,87.620,6411479,552396072.000,10300,87.610,800,87.600,8000,87.590,200,87.580,600,87.550,900,87.620,1400,87.650,900,87.670,1000,87.690,13120,87.700,2019-09-27,13:54:58,00,";
var hq_str_sh603259="药明康德,85.990,86.000,87.700,87.780,83.400,87.660,87.700,6467079,557270418.000,20500,87.660,3900,87.650,7900,87.640,1000,87.630,400,87.620,11320,87.700,6800,87.720,200,87.730,300,87.740,2300,87.750,2019-09-27,13:55:58,00,";
var hq_str_sh603259="药明康德,85.990,86.000,87.710,87.780,83.400,87.700,87.710,6549479,564495932.000,4500,87.700,5800,87.660,1600,87.650,7900,87.640,1000,87.630,1800,87.710,1820,87.720,400,87.730,400,87.740,2300,87.750,2019-09-27,13:56:55,00,";
var hq_str_sh603259="药明康德,85.990,86.000,87.800,87.810,83.400,87.760,87.800,6598979,568839446.000,1000,87.760,11000,87.740,5400,87.730,1000,87.720,9000,87.700,10219,87.800,1400,87.810,400,87.840,300,87.850,500,87.860,2019-09-27,13:57:58,00,";
var hq_str_sh603259="药明康德,85.990,86.000,87.830,87.880,83.400,87.830,87.850,6678664,575838278.000,13000,87.830,834,87.820,300,87.810,12400,87.800,3381,87.760,800,87.850,100,87.880,200,87.890,2200,87.900,900,87.910,2019-09-27,13:58:56,00,";
var hq_str_sh603259="药明康德,85.990,86.000,87.960,87.980,83.400,87.960,87.970,6721664,579619239.000,2100,87.960,17000,87.950,200,87.940,800,87.920,2200,87.900,600,87.970,7800,87.980,22500,87.990,59300,88.000,1100,88.010,2019-09-27,13:59:58,00,";
var hq_str_sh603259="药明康德,85.990,86.000,87.810,88.000,83.400,87.800,87.810,6868064,592495174.000,100,87.800,5000,87.740,500,87.720,1000,87.630,200,87.610,1800,87.810,1100,87.830,4100,87.840,200,87.850,400,87.860,2019-09-27,14:00:59,00,";
var hq_str_sh603259="药明康德,85.990,86.000,87.500,88.000,83.400,87.500,87.520,6901464,595422676.000,200,87.500,880,87.420,600,87.400,500,87.310,12300,87.300,700,87.520,100,87.550,100,87.570,1000,87.580,2460,87.590,2019-09-27,14:01:59,00,";
var hq_str_sh603259="药明康德,85.990,86.000,87.580,88.000,83.400,87.560,87.580,6918464,596911227.000,2900,87.560,1300,87.550,500,87.500,1100,87.440,900,87.430,200,87.580,5260,87.590,100,87.600,1800,87.610,4700,87.630,2019-09-27,14:02:55,00,";
var hq_str_sh603259="药明康德,85.990,86.000,87.630,88.000,83.400,87.630,87.660,6947724,599474482.000,1900,87.630,1500,87.610,12140,87.590,2100,87.560,1700,87.500,800,87.660,1500,87.700,900,87.720,6880,87.800,1300,87.810,2019-09-27,14:03:56,00,";
var hq_str_sh603259="药明康德,85.990,86.000,87.560,88.000,83.400,87.510,87.550,7091364,612067238.000,400,87.510,1500,87.500,100,87.430,1880,87.420,1300,87.400,900,87.550,200,87.560,800,87.570,1700,87.590,400,87.600,2019-09-27,14:04:58,00,";
var hq_str_sh603259="药明康德,85.990,86.000,87.690,88.000,83.400,87.620,87.780,7107664,613494727.000,900,87.620,6400,87.610,11500,87.600,10200,87.590,1300,87.570,300,87.780,2100,87.800,600,87.820,1060,87.830,1300,87.840,2019-09-27,14:05:58,00,";
var hq_str_sh603259="药明康德,85.990,86.000,87.810,88.000,83.400,87.810,87.830,7123844,614914563.000,2200,87.810,300,87.800,4320,87.780,100,87.640,1100,87.620,200,87.830,60,87.840,2300,87.860,12300,87.870,400,87.880,2019-09-27,14:06:59,00,";
var hq_str_sh603259="药明康德,85.990,86.000,87.840,88.000,83.400,87.840,87.850,7150004,617212764.000,1740,87.840,100,87.800,4220,87.780,400,87.640,100,87.610,300,87.850,3600,87.870,1000,87.880,200,87.890,2800,87.900,2019-09-27,14:07:56,00,";
var hq_str_sh603259="药明康德,85.990,86.000,88.000,88.030,83.400,88.000,88.030,7272135,627957866.000,1669,88.000,100,87.980,100,87.970,3100,87.960,500,87.950,100,88.030,200,88.040,1700,88.050,300,88.060,100,88.070,2019-09-27,14:08:59,00,";
var hq_str_sh603259="药明康德,85.990,86.000,88.200,88.200,83.400,88.130,88.150,7331275,633167345.000,1100,88.130,900,88.110,26760,88.100,2500,88.050,700,88.040,600,88.150,7500,88.200,300,88.230,1220,88.250,400,88.260,2019-09-27,14:09:59,00,";
var hq_str_sh603259="药明康德,85.990,86.000,88.250,88.250,83.400,88.230,88.250,7362015,635878376.000,100,88.230,3440,88.200,1000,88.190,2900,88.180,4400,88.170,400,88.250,300,88.260,5000,88.270,3000,88.280,500,88.290,2019-09-27,14:10:56,00,";
var hq_str_sh603259="药明康德,85.990,86.000,88.290,88.340,83.400,88.290,88.330,7423415,641299262.000,12200,88.290,3800,88.280,4300,88.270,2600,88.260,2600,88.250,320,88.330,3000,88.340,1100,88.350,600,88.360,5000,88.370,2019-09-27,14:11:59,00,";
var hq_str_sh603259="药明康德,85.990,86.000,88.380,88.420,83.400,88.350,88.380,7494715,647599850.000,10000,88.350,1700,88.340,600,88.330,1900,88.300,100,88.290,1600,88.380,1100,88.400,12900,88.420,200,88.430,1100,88.450,2019-09-27,14:12:59,00,";
var hq_str_sh603259="药明康德,85.990,86.000,87.970,88.420,83.400,87.950,87.970,7628935,659442913.000,1300,87.950,2100,87.930,200,87.900,100,87.880,9100,87.860,600,87.970,900,87.980,1800,87.990,9400,88.000,1800,88.020,2019-09-27,14:13:56,00,";
var hq_str_sh603259="药明康德,85.990,86.000,87.990,88.420,83.400,87.960,87.990,7659835,662159534.000,600,87.960,11900,87.950,200,87.920,500,87.910,100,87.900,900,87.990,2100,88.000,300,88.120,500,88.130,500,88.150,2019-09-27,14:14:55,00,";
var hq_str_sh603259="药明康德,85.990,86.000,88.100,88.420,83.400,88.020,88.100,7684712,664348814.000,4400,88.020,6923,88.010,800,88.000,1000,87.990,600,87.960,1400,88.100,500,88.110,600,88.120,5900,88.150,2700,88.160,2019-09-27,14:15:59,00,";
var hq_str_sh603259="药明康德,85.990,86.000,87.650,88.420,83.400,87.640,87.650,7749535,670049045.000,300,87.640,700,87.600,100,87.590,100,87.580,400,87.510,1400,87.650,300,87.660,700,87.700,5000,87.780,500,87.900,2019-09-27,14:16:59,00,";
var hq_str_sh603259="药明康德,85.990,86.000,87.740,88.420,83.400,87.700,87.770,7762909,671221679.000,900,87.700,100,87.690,200,87.670,500,87.660,800,87.650,200,87.770,4200,87.780,100,87.800,500,87.900,100,87.930,2019-09-27,14:17:56,00,";
var hq_str_sh603259="药明康德,85.990,86.000,87.400,88.420,83.400,87.400,87.500,7872315,680784660.000,2300,87.400,6400,87.340,2100,87.330,2900,87.320,1700,87.300,1800,87.500,400,87.560,140,87.590,200,87.600,500,87.660,2019-09-27,14:20:14,00,";
var hq_str_sh603259="药明康德,85.990,86.000,87.320,88.420,83.400,87.300,87.320,7900415,683239369.000,600,87.300,700,87.280,600,87.270,100,87.240,7900,87.220,1200,87.320,1500,87.400,40,87.450,1500,87.480,1500,87.500,2019-09-27,14:20:56,00,";
var hq_str_sh603259="药明康德,85.990,86.000,87.310,88.420,83.400,87.300,87.310,7949315,687514221.000,200,87.300,100,87.290,1500,87.280,600,87.270,800,87.250,100,87.310,1000,87.320,300,87.360,100,87.410,2640,87.450,2019-09-27,14:21:59,00,";
var hq_str_sh603259="药明康德,85.990,86.000,87.270,88.420,83.400,87.250,87.270,7971215,689425629.000,14900,87.250,5100,87.240,1300,87.230,6400,87.220,1600,87.210,2400,87.270,5300,87.290,600,87.300,1000,87.320,2640,87.450,2019-09-27,14:22:59,00,";
var hq_str_sh603259="药明康德,85.990,86.000,87.400,88.420,83.400,87.400,87.450,7988115,690900977.000,2200,87.400,400,87.360,600,87.300,700,87.290,100,87.280,2240,87.450,200,87.460,100,87.490,100,87.500,900,87.520,2019-09-27,14:23:59,00,";
var hq_str_sh603259="药明康德,85.990,86.000,87.400,88.420,83.400,87.360,87.400,8010215,692832882.000,400,87.360,1300,87.300,700,87.290,200,87.280,1000,87.270,2200,87.400,2800,87.430,40,87.440,1400,87.460,100,87.490,2019-09-27,14:24:59,00,";
var hq_str_sh603259="药明康德,85.990,86.000,87.300,88.420,83.400,87.290,87.300,8020215,693705928.000,1700,87.290,2800,87.280,2600,87.270,3700,87.260,15000,87.250,500,87.300,100,87.350,500,87.360,200,87.390,4300,87.400,2019-09-27,14:25:56,00,";
var hq_str_sh603259="药明康德,85.990,86.000,86.900,88.420,83.400,86.880,86.900,8127175,703026930.000,500,86.880,400,86.850,1000,86.810,2600,86.800,700,86.780,440,86.900,1400,86.920,400,86.930,1600,87.000,200,87.060,2019-09-27,14:26:56,00,";
var hq_str_sh603259="药明康德,85.990,86.000,86.970,88.420,83.400,86.990,87.010,8146515,704708401.000,400,86.990,1600,86.970,1500,86.950,2200,86.940,1760,86.920,300,87.010,300,87.060,3700,87.080,700,87.140,600,87.150,2019-09-27,14:27:59,00,";
var hq_str_sh603259="药明康德,85.990,86.000,87.030,88.420,83.400,87.030,87.090,8170755,706817860.000,5260,87.030,1800,87.020,500,87.010,3700,87.000,400,86.990,400,87.090,900,87.120,4900,87.140,600,87.150,400,87.180,2019-09-27,14:28:59,00,";
var hq_str_sh603259="药明康德,85.990,86.000,87.140,88.420,83.400,87.120,87.140,8188895,708397176.000,500,87.120,1060,87.110,700,87.100,3900,87.090,1400,87.070,3400,87.140,1100,87.150,300,87.180,500,87.200,100,87.250,2019-09-27,14:29:59,00,";
var hq_str_sh603259="药明康德,85.990,86.000,87.450,88.420,83.400,87.450,87.490,8224533,711508643.000,800,87.450,3000,87.400,100,87.350,5300,87.300,5500,87.250,400,87.490,1500,87.500,400,87.520,700,87.600,500,87.700,2019-09-27,14:30:59,00,";
var hq_str_sh603259="药明康德,85.990,86.000,87.180,88.420,83.400,87.180,87.300,8268333,715333000.000,1100,87.180,1400,87.160,12000,87.150,1800,87.140,100,87.130,3700,87.300,1100,87.380,900,87.390,100,87.430,500,87.480,2019-09-27,14:31:56,00,";
var hq_str_sh603259="药明康德,85.990,86.000,87.320,88.420,83.400,87.300,87.320,8291933,717390953.000,100,87.300,600,87.220,5100,87.200,1800,87.180,5200,87.160,300,87.320,1100,87.380,200,87.430,800,87.490,100,87.500,2019-09-27,14:32:59,00,";
var hq_str_sh603259="药明康德,85.990,86.000,87.290,88.420,83.400,87.290,87.300,8308633,718848161.000,600,87.290,500,87.220,5000,87.200,5000,87.180,5200,87.160,1500,87.300,5900,87.320,600,87.380,100,87.430,800,87.490,2019-09-27,14:33:59,00,";
var hq_str_sh603259="药明康德,85.990,86.000,87.000,88.420,83.400,87.000,87.200,8364133,723685676.000,2960,87.000,300,86.990,100,86.980,1700,86.970,800,86.940,5940,87.200,1500,87.210,200,87.240,400,87.270,10500,87.290,2019-09-27,14:34:56,00,";
var hq_str_sh603259="药明康德,85.990,86.000,86.980,88.420,83.400,86.980,86.990,8379593,725031745.000,400,86.980,1700,86.970,800,86.940,100,86.930,1660,86.920,200,86.990,2740,87.000,100,87.020,2300,87.180,10600,87.200,2019-09-27,14:35:59,00,";
var hq_str_sh603259="药明康德,85.990,86.000,86.880,88.420,83.400,86.880,86.890,8399653,726775228.000,4200,86.880,900,86.860,6200,86.810,3500,86.800,600,86.780,900,86.890,318,86.900,200,86.920,1300,86.940,300,86.970,2019-09-27,14:36:59,00,";
var hq_str_sh603259="药明康德,85.990,86.000,86.980,88.420,83.400,86.960,86.980,8424271,728916317.000,1600,86.960,2182,86.950,300,86.920,600,86.910,1200,86.900,600,86.980,1000,86.990,1540,87.000,100,87.010,500,87.180,2019-09-27,14:37:59,00,";
var hq_str_sh603259="药明康德,85.990,86.000,87.180,88.420,83.400,87.190,87.200,8441711,730433878.000,300,87.190,300,87.150,1200,87.010,4960,87.000,4400,86.990,6300,87.200,400,87.270,7500,87.290,1300,87.300,300,87.390,2019-09-27,14:38:59,00,";
var hq_str_sh603259="药明康德,85.990,86.000,87.130,88.420,83.400,87.050,87.150,8453311,731445181.000,100,87.050,100,87.030,100,87.020,1700,87.010,4760,87.000,1800,87.150,200,87.170,2100,87.190,3200,87.200,1500,87.240,2019-09-27,14:39:59,00,";
var hq_str_sh603259="药明康德,85.990,86.000,87.000,88.420,83.400,86.990,87.000,8479171,733697479.000,3700,86.990,500,86.980,3200,86.970,800,86.960,2282,86.950,3840,87.000,7300,87.100,700,87.130,100,87.170,2100,87.180,2019-09-27,14:40:56,00,";
var hq_str_sh603259="药明康德,85.990,86.000,87.000,88.420,83.400,86.980,86.990,8497071,735254799.000,1800,86.980,3200,86.970,800,86.960,2582,86.950,5800,86.910,600,86.990,600,87.080,7620,87.100,500,87.170,2100,87.180,2019-09-27,14:41:59,00,";
var hq_str_sh603259="药明康德,85.990,86.000,87.070,88.420,83.400,87.080,87.090,8503518,735815966.000,500,87.080,1000,87.070,1400,87.030,5400,87.020,100,87.010,1800,87.090,7420,87.100,100,87.150,300,87.170,2100,87.180,2019-09-27,14:42:59,00,";
var hq_str_sh603259="药明康德,85.990,86.000,87.030,88.420,83.400,87.030,87.050,8512838,736627486.000,800,87.030,5400,87.020,1653,87.000,500,86.990,1800,86.980,800,87.050,400,87.070,800,87.080,1100,87.090,10120,87.100,2019-09-27,14:43:56,00,";
var hq_str_sh603259="药明康德,85.990,86.000,86.990,88.420,83.400,86.980,86.990,8530291,738146095.000,1500,86.980,200,86.970,500,86.960,2582,86.950,5900,86.910,47,86.990,200,87.020,6500,87.030,9591,87.050,600,87.070,2019-09-27,14:44:56,00,";
var hq_str_sh603259="药明康德,85.990,86.000,87.000,88.420,83.400,86.970,86.990,8546091,739520634.000,300,86.970,2500,86.960,2582,86.950,400,86.920,5900,86.910,400,86.990,200,87.020,2647,87.030,9191,87.050,600,87.070,2019-09-27,14:45:56,00,";
var hq_str_sh603259="药明康德,85.990,86.000,86.920,88.420,83.400,86.920,86.950,8565273,741188640.000,200,86.920,5900,86.910,1100,86.900,3200,86.880,2900,86.860,718,86.950,100,86.980,780,87.000,2700,87.020,2847,87.030,2019-09-27,14:46:59,00,";
var hq_str_sh603259="药明康德,85.990,86.000,87.000,88.420,83.400,86.940,87.000,8576291,742146493.000,100,86.940,2800,86.920,6582,86.910,1600,86.900,3200,86.880,900,87.000,2700,87.020,647,87.030,7791,87.050,600,87.070,2019-09-27,14:47:59,00,";
var hq_str_sh603259="药明康德,85.990,86.000,86.930,88.420,83.400,86.930,86.990,8603411,744504085.000,400,86.930,4300,86.920,4262,86.910,2100,86.900,3500,86.880,1200,86.990,6000,87.000,2100,87.010,2700,87.020,647,87.030,2019-09-27,14:48:59,00,";
var hq_str_sh603259="药明康德,85.990,86.000,87.020,88.420,83.400,86.940,87.020,8625511,746426340.000,400,86.940,2000,86.930,3900,86.920,6462,86.910,12000,86.900,1960,87.020,547,87.030,200,87.050,600,87.070,1300,87.080,2019-09-27,14:49:56,00,";
var hq_str_sh603259="药明康德,85.990,86.000,86.960,88.420,83.400,86.960,86.970,8635111,747261288.000,100,86.960,11100,86.940,10100,86.930,2300,86.920,8562,86.910,400,86.970,1200,86.980,800,87.000,460,87.020,547,87.030,2019-09-27,14:50:56,00,";
var hq_str_sh603259="药明康德,85.990,86.000,87.020,88.420,83.400,87.020,87.060,8662518,749646124.000,1900,87.020,3100,87.010,2400,87.000,100,86.980,2600,86.970,200,87.060,1600,87.070,1300,87.080,1100,87.090,1800,87.100,2019-09-27,14:51:59,00,";
var hq_str_sh603259="药明康德,85.990,86.000,87.040,88.420,83.400,87.040,87.050,8687118,751787399.000,900,87.040,2100,87.030,10500,87.020,2400,87.000,2500,86.970,200,87.050,1300,87.060,500,87.070,900,87.080,3500,87.090,2019-09-27,14:52:56,00,";
var hq_str_sh603259="药明康德,85.990,86.000,87.090,88.420,83.400,87.090,87.120,8713318,754068649.000,100,87.090,1400,87.070,4100,87.060,1700,87.050,700,87.040,1700,87.120,200,87.170,700,87.190,3900,87.200,500,87.210,2019-09-27,14:53:56,00,";
var hq_str_sh603259="药明康德,85.990,86.000,87.060,88.420,83.400,87.060,87.070,8749618,757228740.000,1100,87.060,1000,87.050,2400,87.040,3300,87.030,5300,87.020,1400,87.070,200,87.080,500,87.090,300,87.100,400,87.150,2019-09-27,14:54:56,00,";
var hq_str_sh603259="药明康德,85.990,86.000,87.040,88.420,83.400,87.040,87.050,8790598,760795927.000,220,87.040,4400,87.030,3500,87.020,11300,87.010,5300,87.000,100,87.050,440,87.060,1300,87.070,200,87.080,500,87.090,2019-09-27,14:55:59,00,";
var hq_str_sh603259="药明康德,85.990,86.000,87.030,88.420,83.400,87.030,87.040,8809573,762447503.000,2700,87.030,500,87.020,11600,87.010,4100,87.000,1000,86.980,520,87.040,480,87.050,100,87.070,200,87.080,500,87.090,2019-09-27,14:56:56,00,";
var hq_str_sh603259="药明康德,85.990,86.000,87.040,88.420,83.400,87.040,87.040,8809973,762482319.000,14420,87.040,2880,0.000,0,0.000,0,0.000,0,0.000,14420,87.040,0,0.000,0,0.000,0,0.000,0,0.000,2019-09-27,14:57:59,00,";
var hq_str_sh603259="药明康德,85.990,86.000,87.040,88.420,83.400,87.040,87.040,8809973,762482319.000,26635,87.040,5265,0.000,0,0.000,0,0.000,0,0.000,26635,87.040,0,0.000,0,0.000,0,0.000,0,0.000,2019-09-27,14:58:59,00,";
