var hq_str_sh603259="药明康德,67.730,67.970,67.730,67.730,67.730,67.620,67.730,111600,7558668.000,2000,67.620,200,67.600,100,67.550,1000,67.540,800,67.530,9471,67.730,7440,67.740,800,67.750,1360,67.770,1300,67.780,2019-07-03,09:29:52,00";
var hq_str_sh603259="药明康德,67.730,67.970,66.930,67.730,66.930,66.930,67.000,250440,16900763.000,9860,66.930,500,66.910,1300,66.880,1700,66.830,600,66.800,5400,67.000,12760,67.010,400,67.040,37960,67.050,140,67.060,2019-07-03,09:30:57,00";
var hq_str_sh603259="药明康德,67.730,67.970,66.620,67.730,66.500,66.620,66.690,472040,31680094.000,1320,66.620,2100,66.610,4200,66.600,100,66.560,2200,66.550,3280,66.690,6080,66.700,980,66.730,4460,66.750,840,66.800,2019-07-03,09:32:00,00";
var hq_str_sh603259="药明康德,67.730,67.970,66.860,67.730,66.500,66.830,66.860,688120,46112620.000,3320,66.830,400,66.820,7820,66.810,1500,66.800,300,66.790,1100,66.860,580,66.980,3040,66.990,5860,67.000,8820,67.010,2019-07-03,09:33:00,00";
var hq_str_sh603259="药明康德,67.730,67.970,66.870,67.730,66.500,66.870,66.890,846280,56684627.000,8280,66.870,1800,66.810,300,66.770,1300,66.710,4060,66.700,280,66.890,5540,66.900,560,66.950,100,66.960,60,66.970,2019-07-03,09:34:00,00";
var hq_str_sh603259="药明康德,67.730,67.970,66.700,67.730,66.500,66.760,66.800,970291,64964846.000,100,66.760,200,66.750,400,66.730,100,66.720,5429,66.700,7040,66.800,520,66.820,1000,66.860,16960,66.870,180,66.890,2019-07-03,09:35:00,00";
var hq_str_sh603259="药明康德,67.730,67.970,66.830,67.730,66.500,66.800,66.870,1101011,73696765.000,1000,66.800,640,66.790,9300,66.780,1300,66.770,6500,66.760,1340,66.870,280,66.880,10180,66.890,1300,66.900,1900,66.950,2019-07-03,09:35:58,00";
var hq_str_sh603259="药明康德,67.730,67.970,67.250,67.730,66.500,67.220,67.230,1185411,79358944.000,100,67.220,100,67.200,900,67.180,100,67.170,1320,67.140,280,67.230,900,67.250,1100,67.290,1000,67.300,240,67.310,2019-07-03,09:37:00,00";
var hq_str_sh603259="药明康德,67.730,67.970,67.030,67.730,66.500,67.020,67.030,1227051,82152875.000,2300,67.020,2180,67.010,17600,67.000,2500,66.990,200,66.980,7300,67.030,800,67.090,1120,67.100,880,67.150,700,67.180,2019-07-03,09:37:57,00";
var hq_str_sh603259="药明康德,67.730,67.970,67.100,67.730,66.500,67.100,67.130,1310351,87738661.000,200,67.100,16980,67.000,2800,66.990,200,66.980,3100,66.970,740,67.130,1176,67.140,440,67.150,300,67.170,8700,67.180,2019-07-03,09:38:58,00";
var hq_str_sh603259="药明康德,67.730,67.970,67.050,67.730,66.500,67.050,67.090,1403251,93968434.000,500,67.050,400,67.020,2480,67.000,2900,66.990,200,66.980,2360,67.090,9060,67.100,4740,67.110,500,67.120,1400,67.130,2019-07-03,09:39:58,00";
var hq_str_sh603259="药明康德,67.730,67.970,67.030,67.730,66.500,67.000,67.020,1463151,97984028.000,36780,67.000,2800,66.990,800,66.980,3100,66.970,400,66.960,400,67.020,200,67.030,1700,67.040,600,67.070,400,67.080,2019-07-03,09:40:57,00";
var hq_str_sh603259="药明康德,67.730,67.970,67.190,67.730,66.500,67.150,67.190,1531947,102600685.000,5400,67.150,2440,67.140,760,67.120,200,67.110,2624,67.080,180,67.190,4780,67.200,1200,67.220,140,67.230,1200,67.240,2019-07-03,09:41:57,00";
var hq_str_sh603259="药明康德,67.730,67.970,67.410,67.730,66.500,67.300,67.410,1576867,105622103.000,180,67.300,400,67.290,400,67.250,3200,67.240,800,67.230,140,67.410,200,67.490,8320,67.500,500,67.510,100,67.530,2019-07-03,09:43:00,00";
var hq_str_sh603259="药明康德,67.730,67.970,67.400,67.730,66.500,67.350,67.380,1618867,108454725.000,100,67.350,980,67.300,400,67.290,3500,67.250,2000,67.240,600,67.380,300,67.400,2500,67.410,900,67.420,100,67.430,2019-07-03,09:43:57,00";
var hq_str_sh603259="药明康德,67.730,67.970,67.300,67.730,66.500,67.230,67.300,1658987,111155984.000,560,67.230,500,67.200,7700,67.180,400,67.160,2100,67.150,7560,67.300,5700,67.350,2200,67.370,1140,67.380,3840,67.390,2019-07-03,09:44:57,00";
var hq_str_sh603259="药明康德,67.730,67.970,67.250,67.730,66.500,67.250,67.270,1700927,113975872.000,840,67.250,400,67.200,100,67.190,4980,67.180,1300,67.160,7860,67.270,23820,67.280,5700,67.290,3860,67.300,240,67.340,2019-07-03,09:45:57,00";
var hq_str_sh603259="药明康德,67.730,67.970,67.260,67.730,66.500,67.260,67.270,1755687,117658775.000,2360,67.260,1020,67.250,60,67.240,11400,67.220,4560,67.210,900,67.270,14340,67.280,5700,67.290,3940,67.300,240,67.320,2019-07-03,09:47:00,00";
var hq_str_sh603259="药明康德,67.730,67.970,67.380,67.730,66.500,67.350,67.380,1813027,121518759.000,800,67.350,4700,67.330,400,67.320,700,67.300,2000,67.290,4240,67.380,3980,67.390,2680,67.400,1240,67.410,1000,67.420,2019-07-03,09:47:58,00";
var hq_str_sh603259="药明康德,67.730,67.970,67.290,67.730,66.500,67.290,67.300,1854127,124286648.000,3700,67.290,10600,67.280,5700,67.270,50260,67.260,100,67.250,3960,67.300,180,67.310,100,67.320,1100,67.330,1300,67.350,2019-07-03,09:48:58,00";
var hq_str_sh603259="药明康德,67.730,67.970,67.290,67.730,66.500,67.290,67.350,1901147,127451505.000,740,67.290,13400,67.280,6000,67.270,50360,67.260,300,67.250,7200,67.350,6480,67.360,840,67.370,7140,67.380,2820,67.390,2019-07-03,09:49:58,00";
var hq_str_sh603259="药明康德,67.730,67.970,67.270,67.730,66.500,67.260,67.270,1954887,131067875.000,50360,67.260,300,67.250,160,67.240,200,67.230,10800,67.220,4600,67.270,100,67.290,520,67.300,560,67.310,540,67.320,2019-07-03,09:50:57,00";
var hq_str_sh603259="药明康德,67.730,67.970,67.280,67.730,66.500,67.260,67.270,2003927,134367254.000,48520,67.260,600,67.250,1060,67.240,200,67.230,10200,67.220,220,67.270,300,67.280,80,67.290,1960,67.300,6080,67.310,2019-07-03,09:51:58,00";
var hq_str_sh603259="药明康德,67.730,67.970,67.250,67.730,66.500,67.240,67.250,2098727,140742626.000,100,67.240,30100,67.230,5240,67.210,15140,67.200,10000,67.190,8920,67.250,1120,67.260,500,67.270,160,67.280,140,67.290,2019-07-03,09:52:58,00";
var hq_str_sh603259="药明康德,67.730,67.970,67.350,67.730,66.500,67.350,67.360,2200004,147559945.000,2003,67.350,3000,67.330,1100,67.280,300,67.270,5860,67.250,4420,67.360,640,67.370,6700,67.380,2820,67.390,10060,67.400,2019-07-03,09:53:57,00";
var hq_str_sh603259="药明康德,67.730,67.970,67.260,67.730,66.500,67.260,67.280,2249647,150901500.000,960,67.260,6260,67.250,2100,67.240,29160,67.230,1300,67.220,1340,67.280,4400,67.300,40,67.310,2580,67.330,180,67.340,2019-07-03,09:54:57,00";
var hq_str_sh603259="药明康德,67.730,67.970,67.230,67.730,66.500,67.240,67.330,2300087,154294490.000,900,67.240,21740,67.230,1300,67.220,4340,67.210,14240,67.200,1100,67.330,600,67.340,15177,67.350,600,67.360,1160,67.370,2019-07-03,09:55:58,00";
var hq_str_sh603259="药明康德,67.730,67.970,67.190,67.730,66.500,67.090,67.160,2424707,162667038.000,900,67.090,400,67.030,200,67.020,584,67.010,51620,67.000,2700,67.160,480,67.190,5480,67.200,500,67.210,5040,67.230,2019-07-03,09:56:57,00";
var hq_str_sh603259="药明康德,67.730,67.970,66.950,67.730,66.500,66.910,66.950,2511551,168486779.000,460,66.910,1200,66.900,1100,66.890,15400,66.880,100,66.870,400,66.950,2540,66.960,2980,66.990,6136,67.000,400,67.080,2019-07-03,09:57:57,00";
var hq_str_sh603259="药明康德,67.730,67.970,66.880,67.730,66.500,66.880,66.890,2580211,173079977.000,11300,66.880,100,66.870,1500,66.860,1600,66.850,100,66.830,380,66.890,2320,66.960,480,66.980,1000,66.990,10476,67.000,2019-07-03,09:58:57,00";
var hq_str_sh603259="药明康德,67.730,67.970,67.060,67.730,66.500,67.060,67.100,2629831,176402988.000,1200,67.060,600,67.050,300,67.020,1000,67.010,6620,67.000,5500,67.100,600,67.170,7000,67.180,2940,67.190,8640,67.200,2019-07-03,10:00:00,00";
var hq_str_sh603259="药明康德,67.730,67.970,67.010,67.730,66.500,67.010,67.030,2662391,178584952.000,640,67.010,2240,66.960,200,66.950,1100,66.940,1000,66.920,7080,67.030,260,67.040,2360,67.050,2300,67.060,1220,67.090,2019-07-03,10:00:57,00";
var hq_str_sh603259="药明康德,67.730,67.970,66.980,67.730,66.500,66.980,66.990,2683211,179979845.000,3120,66.980,240,66.960,900,66.950,100,66.940,100,66.930,5540,66.990,2940,67.000,2300,67.010,7520,67.020,6560,67.030,2019-07-03,10:02:00,00";
var hq_str_sh603259="药明康德,67.730,67.970,66.940,67.730,66.500,66.910,66.940,2711471,181871600.000,1000,66.910,4540,66.900,980,66.890,13100,66.880,100,66.870,200,66.940,5960,66.950,500,66.960,580,66.970,5600,66.980,2019-07-03,10:02:57,00";
var hq_str_sh603259="药明康德,67.730,67.970,67.010,67.730,66.500,66.980,66.990,2755871,184844683.000,720,66.980,120,66.970,200,66.940,560,66.920,300,66.910,100,66.990,1420,67.010,10580,67.020,6560,67.030,2900,67.050,2019-07-03,10:03:57,00";
var hq_str_sh603259="药明康德,67.730,67.970,67.080,67.730,66.500,67.070,67.300,2842131,190628954.000,460,67.070,500,67.040,1500,67.010,1500,67.000,500,66.990,660,67.300,2000,67.310,2060,67.340,10177,67.350,840,67.360,2019-07-03,10:04:57,00";
var hq_str_sh603259="药明康德,67.730,67.970,67.380,67.730,66.500,67.370,67.380,2891008,193921208.000,300,67.370,523,67.350,100,67.340,200,67.330,400,67.290,40,67.380,560,67.390,9540,67.400,40,67.410,1740,67.420,2019-07-03,10:05:57,00";
var hq_str_sh603259="药明康德,67.730,67.970,67.350,67.730,66.500,67.330,67.350,2937371,197045677.000,200,67.330,100,67.300,400,67.290,500,67.200,600,67.110,377,67.350,420,67.390,2540,67.400,1080,67.420,1180,67.430,2019-07-03,10:07:00,00";
var hq_str_sh603259="药明康德,67.730,67.970,67.340,67.730,66.500,67.340,67.350,2959191,198515280.000,3680,67.340,300,67.290,400,67.270,400,67.250,2900,67.210,180,67.350,300,67.380,1360,67.390,10157,67.400,1080,67.420,2019-07-03,10:08:00,00";
var hq_str_sh603259="药明康德,67.730,67.970,67.350,67.730,66.500,67.290,67.350,2995011,200928272.000,500,67.290,400,67.270,100,67.250,1900,67.210,500,67.200,2620,67.350,10417,67.400,1220,67.420,800,67.430,10060,67.450,2019-07-03,10:09:00,00";
var hq_str_sh603259="药明康德,67.730,67.970,67.400,67.730,66.500,67.380,67.400,3017551,202446973.000,200,67.380,100,67.360,6100,67.350,2260,67.310,16800,67.300,1877,67.400,1080,67.420,1500,67.430,10060,67.450,2420,67.460,2019-07-03,10:09:57,00";
var hq_str_sh603259="药明康德,67.730,67.970,67.450,67.730,66.500,67.390,67.440,3042911,204156305.000,200,67.390,1100,67.380,3840,67.360,6400,67.350,2160,67.310,2000,67.440,7917,67.450,2420,67.460,1920,67.480,10800,67.490,2019-07-03,10:11:00,00";
var hq_str_sh603259="药明康德,67.730,67.970,67.450,67.730,66.500,67.440,67.450,3067591,205820526.000,720,67.440,2600,67.400,3500,67.390,300,67.380,100,67.370,997,67.450,2420,67.460,2520,67.480,10800,67.490,17700,67.500,2019-07-03,10:11:57,00";
var hq_str_sh603259="药明康德,67.730,67.970,67.400,67.730,66.500,67.400,67.440,3099211,207953055.000,1200,67.400,3800,67.390,300,67.380,100,67.370,3840,67.360,180,67.440,2380,67.450,580,67.460,3780,67.470,2900,67.480,2019-07-03,10:13:00,00";
var hq_str_sh603259="药明康德,67.730,67.970,67.350,67.730,66.500,67.350,67.370,3137971,210565257.000,380,67.350,2160,67.310,14700,67.300,200,67.290,300,67.280,160,67.370,2060,67.410,460,67.420,540,67.440,3740,67.450,2019-07-03,10:13:57,00";
var hq_str_sh603259="药明康德,67.730,67.970,67.370,67.730,66.500,67.370,67.390,3159731,212031330.000,260,67.370,100,67.360,100,67.350,1000,67.330,600,67.320,900,67.390,160,67.440,3380,67.450,1140,67.460,3780,67.470,2019-07-03,10:14:57,00";
var hq_str_sh603259="药明康德,67.730,67.970,67.500,67.730,66.500,67.500,67.550,3226331,216525982.000,61620,67.500,100,67.460,700,67.450,1900,67.410,600,67.380,3000,67.550,6200,67.560,140,67.570,10100,67.580,200,67.590,2019-07-03,10:15:57,00";
var hq_str_sh603259="药明康德,67.730,67.970,67.630,67.730,66.500,67.630,67.660,3314091,222454789.000,240,67.630,200,67.620,100,67.600,900,67.590,100,67.570,380,67.660,200,67.670,500,67.680,540,67.690,1180,67.700,2019-07-03,10:17:00,00";
var hq_str_sh603259="药明康德,67.730,67.970,67.700,67.730,66.500,67.680,67.700,3357491,225392544.000,100,67.680,600,67.660,240,67.630,200,67.620,700,67.600,140,67.700,1380,67.710,11240,67.720,5180,67.730,220,67.750,2019-07-03,10:17:57,00";
var hq_str_sh603259="药明康德,67.730,67.970,67.600,67.730,66.500,67.580,67.680,3406831,228732615.000,100,67.580,1500,67.570,500,67.550,1000,67.530,200,67.520,980,67.680,20,67.690,15520,67.700,2360,67.720,5080,67.730,2019-07-03,10:19:00,00";
var hq_str_sh603259="药明康德,67.730,67.970,67.660,67.730,66.500,67.630,67.660,3443751,231230200.000,100,67.630,500,67.600,1000,67.590,600,67.580,1400,67.570,180,67.660,280,67.670,1640,67.680,5640,67.690,14820,67.700,2019-07-03,10:19:57,00";
var hq_str_sh603259="药明康德,67.730,67.970,67.530,67.730,66.500,67.520,67.530,3470691,233050929.000,8800,67.520,9480,67.510,63080,67.500,200,67.490,200,67.480,3400,67.530,3500,67.550,280,67.580,3700,67.590,4000,67.600,2019-07-03,10:20:57,00";
var hq_str_sh603259="药明康德,67.730,67.970,67.490,67.730,66.500,67.450,67.490,3575151,240102810.000,100,67.450,1300,67.420,1900,67.410,1100,67.400,500,67.360,2400,67.490,4100,67.500,800,67.570,2100,67.580,3600,67.590,2019-07-03,10:21:57,00";
var hq_str_sh603259="药明康德,67.730,67.970,67.470,67.730,66.500,67.500,67.580,3597791,241630106.000,1500,67.500,1220,67.470,1000,67.460,600,67.450,40,67.440,600,67.580,280,67.600,260,67.630,1820,67.640,3380,67.650,2019-07-03,10:23:00,00";
var hq_str_sh603259="药明康德,67.730,67.970,67.450,67.730,66.500,67.450,67.550,3620011,243130428.000,600,67.450,1140,67.440,400,67.430,100,67.420,900,67.410,700,67.550,1200,67.570,1400,67.590,200,67.600,500,67.620,2019-07-03,10:23:57,00";
var hq_str_sh603259="药明康德,67.730,67.970,67.600,67.730,66.500,67.600,67.630,3653871,245418450.000,140,67.600,100,67.570,600,67.560,6100,67.460,4800,67.450,3800,67.630,1820,67.640,6380,67.650,80,67.660,100,67.670,2019-07-03,10:24:57,00";
var hq_str_sh603259="药明康德,67.730,67.970,67.620,67.730,66.500,67.590,67.600,3672451,246673896.000,200,67.590,1740,67.580,3300,67.570,200,67.560,100,67.500,140,67.600,1680,67.620,3800,67.630,1740,67.640,7380,67.650,2019-07-03,10:25:57,00";
var hq_str_sh603259="药明康德,67.730,67.970,67.480,67.730,66.500,67.480,67.490,3698591,248440009.000,5500,67.480,200,67.470,6000,67.460,5200,67.450,1440,67.440,200,67.490,80,67.510,1400,67.550,200,67.570,740,67.580,2019-07-03,10:27:00,00";
var hq_str_sh603259="药明康德,67.730,67.970,67.520,67.730,66.500,67.490,67.520,3737591,251074842.000,200,67.490,6200,67.480,200,67.470,6100,67.460,5000,67.450,1880,67.520,3580,67.570,200,67.580,100,67.590,1300,67.600,2019-07-03,10:28:00,00";
var hq_str_sh603259="药明康德,67.730,67.970,67.500,67.730,66.500,67.500,67.510,3755671,252295528.000,3020,67.500,900,67.490,4500,67.480,400,67.470,6100,67.460,1400,67.510,140,67.520,2140,67.580,2180,67.590,1180,67.600,2019-07-03,10:29:00,00";
var hq_str_sh603259="药明康德,67.730,67.970,67.460,67.730,66.500,67.460,67.480,3786491,254375604.000,3500,67.460,5800,67.450,800,67.440,300,67.430,100,67.420,200,67.480,5260,67.500,200,67.510,260,67.520,7980,67.560,2019-07-03,10:29:57,00";
var hq_str_sh603259="药明康德,67.730,67.970,67.460,67.730,66.500,67.110,67.460,3900431,262038982.000,400,67.110,1800,67.080,5000,67.070,2000,67.060,5260,67.000,780,67.460,1500,67.500,840,67.510,40,67.520,1800,67.530,2019-07-03,10:30:57,00";
var hq_str_sh603259="药明康德,67.730,67.970,67.190,67.730,66.500,67.180,67.200,3927751,263875860.000,60,67.180,280,67.160,2300,67.150,1600,67.140,1100,67.130,27960,67.200,520,67.410,2020,67.420,1880,67.430,1600,67.440,2019-07-03,10:31:57,00";
var hq_str_sh603259="药明康德,67.730,67.970,67.250,67.730,66.500,67.260,67.390,3969911,266708777.000,980,67.260,300,67.250,3000,67.230,2600,67.220,1100,67.210,1500,67.390,2400,67.400,2520,67.410,2020,67.420,1880,67.430,2019-07-03,10:32:57,00";
var hq_str_sh603259="药明康德,67.730,67.970,67.390,67.730,66.500,67.340,67.360,3989511,268028867.000,2100,67.340,1320,67.330,2300,67.320,3100,67.310,3500,67.300,1800,67.360,2460,67.400,2520,67.410,1400,67.420,1880,67.430,2019-07-03,10:33:57,00";
var hq_str_sh603259="药明康德,67.730,67.970,67.380,67.730,66.500,67.380,67.400,4018551,269985474.000,1140,67.380,1200,67.360,900,67.350,2120,67.340,1920,67.330,44580,67.400,2520,67.410,1400,67.420,1880,67.430,1500,67.440,2019-07-03,10:34:57,00";
var hq_str_sh603259="药明康德,67.730,67.970,67.220,67.730,66.500,67.210,67.220,4052711,272284631.000,1600,67.210,1700,67.200,11000,67.190,4300,67.180,8300,67.170,900,67.220,400,67.250,100,67.260,1300,67.300,2800,67.320,2019-07-03,10:36:00,00";
var hq_str_sh603259="药明康德,67.730,67.970,67.200,67.730,66.500,67.200,67.210,4083951,274384048.000,5620,67.200,3640,67.190,4700,67.180,5300,67.170,10740,67.160,140,67.210,2320,67.240,400,67.250,100,67.260,1300,67.300,2019-07-03,10:37:00,00";
var hq_str_sh603259="药明康德,67.730,67.970,67.240,67.730,66.500,67.220,67.240,4109971,276133230.000,200,67.220,700,67.210,1800,67.200,3540,67.190,4700,67.180,2440,67.240,1180,67.250,1000,67.280,1240,67.300,2800,67.320,2019-07-03,10:37:57,00";
var hq_str_sh603259="药明康德,67.730,67.970,67.210,67.730,66.500,67.190,67.210,4130871,277537877.000,140,67.190,4800,67.180,5700,67.170,10840,67.160,1060,67.150,4320,67.210,2100,67.220,1940,67.250,1000,67.280,1240,67.300,2019-07-03,10:38:57,00";
var hq_str_sh603259="药明康德,67.730,67.970,67.190,67.730,66.500,67.180,67.190,4154071,279096895.000,1940,67.180,5800,67.170,10840,67.160,1060,67.150,100,67.120,800,67.190,20160,67.200,3520,67.210,2400,67.220,1140,67.250,2019-07-03,10:40:00,00";
var hq_str_sh603259="药明康德,67.730,67.970,67.190,67.730,66.500,67.160,67.190,4215051,283190845.000,260,67.160,100,67.110,700,67.100,1800,67.070,2600,67.060,640,67.190,19120,67.200,400,67.210,2200,67.220,1040,67.250,2019-07-03,10:41:00,00";
var hq_str_sh603259="药明康德,67.730,67.970,67.070,67.730,66.500,67.070,67.080,4224831,283847162.000,1200,67.070,1580,67.060,400,67.040,1000,67.020,2700,67.010,2300,67.080,100,67.100,900,67.110,100,67.130,200,67.150,2019-07-03,10:42:00,00";
var hq_str_sh603259="药明康德,67.730,67.970,67.000,67.730,66.500,67.000,67.090,4262691,286385404.000,1780,67.000,800,66.990,200,66.980,800,66.930,4400,66.920,500,67.090,180,67.100,100,67.130,60,67.150,420,67.160,2019-07-03,10:42:57,00";
var hq_str_sh603259="药明康德,67.730,67.970,66.930,67.730,66.500,66.930,66.940,4283271,287763960.000,860,66.930,3480,66.920,10600,66.910,5500,66.900,1380,66.890,1400,66.940,1700,66.990,8320,67.000,4480,67.010,240,67.020,2019-07-03,10:44:00,00";
var hq_str_sh603259="药明康德,67.730,67.970,66.950,67.730,66.500,66.930,66.950,4309731,289534991.000,2300,66.930,2200,66.920,6880,66.910,6300,66.900,1480,66.890,800,66.950,1220,66.990,4420,67.000,1680,67.010,1120,67.100,2019-07-03,10:44:57,00";
var hq_str_sh603259="药明康德,67.730,67.970,67.000,67.730,66.500,66.960,67.000,4337031,291362597.000,100,66.960,2700,66.920,7180,66.910,15100,66.900,1380,66.890,1240,67.000,2080,67.010,140,67.080,120,67.100,420,67.160,2019-07-03,10:45:57,00";
var hq_str_sh603259="药明康德,67.730,67.970,67.010,67.730,66.500,67.000,67.010,4366871,293360792.000,8880,67.000,3500,66.950,12900,66.940,7300,66.930,2900,66.920,680,67.010,140,67.080,120,67.100,320,67.160,800,67.180,2019-07-03,10:46:57,00";
var hq_str_sh603259="药明康德,67.730,67.970,67.100,67.730,66.500,67.140,67.160,4393691,295157835.000,100,67.140,180,67.100,400,67.060,2100,67.020,560,67.010,420,67.160,800,67.180,580,67.190,240,67.200,1300,67.210,2019-07-03,10:48:00,00";
var hq_str_sh603259="药明康德,67.730,67.970,67.010,67.730,66.500,67.000,67.010,4402891,295774886.000,1260,67.000,100,66.980,1500,66.970,600,66.960,5800,66.950,2060,67.010,440,67.020,100,67.110,20880,67.120,60,67.160,2019-07-03,10:49:00,00";
var hq_str_sh603259="药明康德,67.730,67.970,67.120,67.730,66.500,67.090,67.110,4432571,297766352.000,2100,67.090,4300,67.080,200,67.070,1860,67.040,700,67.030,200,67.110,380,67.120,100,67.130,1600,67.150,60,67.160,2019-07-03,10:49:57,00";
var hq_str_sh603259="药明康德,67.730,67.970,67.110,67.730,66.500,67.100,67.110,4468051,300147446.000,200,67.100,1100,67.090,3120,67.080,400,67.070,960,67.040,800,67.110,2280,67.150,60,67.160,60,67.180,1580,67.190,2019-07-03,10:50:57,00";
var hq_str_sh603259="药明康德,67.730,67.970,67.070,67.730,66.500,67.040,67.070,4486571,301390258.000,960,67.040,500,67.030,1100,67.020,5540,67.010,1460,67.000,200,67.070,640,67.130,31580,67.150,60,67.160,60,67.180,2019-07-03,10:51:57,00";
var hq_str_sh603259="药明康德,67.730,67.970,67.010,67.730,66.500,67.010,67.030,4499271,302241825.000,5500,67.010,1660,67.000,100,66.980,1000,66.970,1300,66.960,600,67.030,580,67.040,2000,67.060,1620,67.100,30720,67.150,2019-07-03,10:52:57,00";
var hq_str_sh603259="药明康德,67.730,67.970,67.000,67.730,66.500,66.990,67.000,4517971,303494924.000,800,66.990,160,66.980,1000,66.970,1300,66.960,6000,66.950,12620,67.000,560,67.090,1820,67.100,1000,67.120,30720,67.150,2019-07-03,10:53:57,00";
var hq_str_sh603259="药明康德,67.730,67.970,66.990,67.730,66.500,66.990,67.000,4534691,304615096.000,2720,66.990,1320,66.980,1200,66.970,1900,66.960,6400,66.950,3740,67.000,560,67.090,1820,67.100,1000,67.120,30720,67.150,2019-07-03,10:55:00,00";
var hq_str_sh603259="药明康德,67.730,67.970,66.990,67.730,66.500,66.980,67.000,4548211,305520726.000,1800,66.980,220,66.970,2400,66.960,6400,66.950,12700,66.940,6860,67.000,520,67.010,140,67.020,560,67.090,1820,67.100,2019-07-03,10:55:57,00";
var hq_str_sh603259="药明康德,67.730,67.970,66.940,67.730,66.500,66.930,66.940,4583531,307885369.000,3600,66.930,1800,66.920,9280,66.910,6100,66.900,1280,66.890,8076,66.940,1280,66.960,80,66.980,3640,67.000,520,67.010,2019-07-03,10:57:00,00";
var hq_str_sh603259="药明康德,67.730,67.970,67.000,67.730,66.500,67.000,67.010,4632971,311194415.000,5640,67.000,1300,66.940,2100,66.910,8900,66.900,1380,66.890,320,67.010,140,67.020,500,67.080,560,67.090,3420,67.100,2019-07-03,10:57:57,00";
var hq_str_sh603259="药明康德,67.730,67.970,67.210,67.730,66.500,67.200,67.210,4677491,314183245.000,340,67.200,560,67.160,100,67.150,100,67.100,900,67.090,1000,67.210,100,67.220,540,67.250,200,67.280,2820,67.300,2019-07-03,10:58:57,00";
var hq_str_sh603259="药明康德,67.730,67.970,67.200,67.730,66.500,67.180,67.190,4691231,315106495.000,60,67.180,2200,67.170,100,67.150,100,67.100,500,67.050,800,67.190,3980,67.200,840,67.210,380,67.220,540,67.250,2019-07-03,10:59:57,00";
var hq_str_sh603259="药明康德,67.730,67.970,67.290,67.730,66.500,67.250,67.290,4709751,316351503.000,280,67.250,100,67.210,14780,67.200,200,67.180,2080,67.170,300,67.290,3820,67.300,40,67.310,2880,67.320,2000,67.350,2019-07-03,11:01:00,00";
var hq_str_sh603259="药明康德,67.730,67.970,67.350,67.730,66.500,67.300,67.350,4726191,317457955.000,1040,67.300,100,67.290,1200,67.280,1900,67.250,14880,67.200,1120,67.350,2000,67.360,4200,67.390,1780,67.400,2520,67.410,2019-07-03,11:01:57,00";
var hq_str_sh603259="药明康德,67.730,67.970,67.420,67.730,66.500,67.420,67.430,4773611,320653859.000,1380,67.420,4720,67.390,9220,67.350,200,67.280,1700,67.250,60,67.430,400,67.440,4700,67.450,100,67.460,2200,67.470,2019-07-03,11:02:57,00";
var hq_str_sh603259="药明康德,67.730,67.970,67.440,67.730,66.500,67.440,67.450,4788091,321630457.000,100,67.440,200,67.400,5620,67.390,8320,67.350,200,67.280,7340,67.450,2000,67.460,2520,67.470,5160,67.480,1220,67.490,2019-07-03,11:03:57,00";
var hq_str_sh603259="药明康德,67.730,67.970,67.280,67.730,66.500,67.230,67.280,4809791,323092275.000,200,67.230,1000,67.210,14780,67.200,3400,67.180,100,67.170,700,67.280,1000,67.340,4440,67.350,2420,67.410,500,67.430,2019-07-03,11:04:57,00";
var hq_str_sh603259="药明康德,67.730,67.970,67.250,67.730,66.500,67.250,67.280,4816911,323571188.000,2760,67.250,1320,67.240,700,67.230,2400,67.220,13300,67.210,1420,67.280,240,67.310,100,67.340,3440,67.350,560,67.360,2019-07-03,11:05:57,00";
var hq_str_sh603259="药明康德,67.730,67.970,67.270,67.730,66.500,67.270,67.280,4846711,325575234.000,600,67.270,600,67.250,300,67.240,600,67.230,2300,67.220,2520,67.280,240,67.310,100,67.340,3640,67.350,560,67.360,2019-07-03,11:06:54,00";
var hq_str_sh603259="药明康德,67.730,67.970,67.360,67.730,66.500,67.270,67.360,4859611,326443431.000,100,67.270,700,67.250,100,67.240,600,67.230,2500,67.220,80,67.360,600,67.400,2000,67.410,500,67.430,2820,67.440,2019-07-03,11:07:57,00";
var hq_str_sh603259="药明康德,67.730,67.970,67.290,67.730,66.500,67.280,67.290,4864111,326746266.000,100,67.280,700,67.270,1400,67.260,12700,67.250,500,67.230,11420,67.290,180,67.300,1000,67.350,1580,67.360,2960,67.390,2019-07-03,11:08:57,00";
var hq_str_sh603259="药明康德,67.730,67.970,67.280,67.730,66.500,67.270,67.280,4897411,328987006.000,900,67.270,11100,67.260,12700,67.250,500,67.230,2500,67.220,800,67.280,7900,67.290,2000,67.300,100,67.310,1100,67.350,2019-07-03,11:09:57,00";
var hq_str_sh603259="药明康德,67.730,67.970,67.250,67.730,66.500,67.250,67.280,4929871,331170347.000,5820,67.250,200,67.240,500,67.230,2500,67.220,13100,67.210,200,67.280,4900,67.290,2000,67.300,1000,67.350,560,67.380,2019-07-03,11:10:57,00";
var hq_str_sh603259="药明康德,67.730,67.970,67.230,67.730,66.500,67.230,67.240,4938891,331776941.000,100,67.230,2400,67.220,23100,67.210,14880,67.200,100,67.190,100,67.240,100,67.250,1820,67.260,1000,67.280,4840,67.290,2019-07-03,11:11:54,00";
var hq_str_sh603259="药明康德,67.730,67.970,67.330,67.730,66.500,67.340,67.350,4953011,332726947.000,100,67.340,2600,67.330,460,67.320,60,67.290,400,67.270,980,67.350,11660,67.380,4140,67.390,600,67.400,2000,67.410,2019-07-03,11:13:00,00";
var hq_str_sh603259="药明康德,67.730,67.970,67.290,67.730,66.500,67.300,67.310,4960771,333249392.000,860,67.300,200,67.280,400,67.270,1100,67.260,600,67.250,200,67.310,11480,67.320,5680,67.330,34100,67.350,560,67.380,2019-07-03,11:13:57,00";
var hq_str_sh603259="药明康德,67.730,67.970,67.240,67.730,66.500,67.240,67.250,4995451,335581577.000,10180,67.240,1000,67.230,500,67.220,22100,67.210,15080,67.200,1200,67.250,4740,67.280,40,67.290,1000,67.310,11480,67.320,2019-07-03,11:14:57,00";
var hq_str_sh603259="药明康德,67.730,67.970,67.270,67.730,66.500,67.230,67.270,5022331,337389132.000,1200,67.230,1100,67.220,22100,67.210,15080,67.200,400,67.180,2260,67.270,4740,67.280,40,67.290,40,67.300,3420,67.310,2019-07-03,11:15:57,00";
var hq_str_sh603259="药明康德,67.730,67.970,67.170,67.730,66.500,67.120,67.180,5068811,340512877.000,200,67.120,100,67.110,500,67.100,100,67.090,8400,67.080,600,67.180,60720,67.200,3180,67.240,240,67.260,900,67.270,2019-07-03,11:16:57,00";
var hq_str_sh603259="药明康德,67.730,67.970,67.120,67.730,66.500,67.120,67.130,5087651,341777074.000,60,67.120,2400,67.100,700,67.090,7580,67.080,700,67.050,100,67.130,4300,67.150,360,67.180,3180,67.240,240,67.260,2019-07-03,11:17:54,00";
var hq_str_sh603259="药明康德,67.730,67.970,67.080,67.730,66.500,67.080,67.100,5098051,342474809.000,3640,67.080,100,67.070,200,67.050,1000,67.030,7980,67.010,24200,67.100,1000,67.120,200,67.130,4300,67.150,360,67.180,2019-07-03,11:18:57,00";
var hq_str_sh603259="药明康德,67.730,67.970,66.970,67.730,66.500,66.960,66.980,5131551,344719783.000,2200,66.960,400,66.950,8400,66.930,200,66.910,9400,66.900,2240,66.980,120,66.990,28080,67.000,1100,67.030,680,67.040,2019-07-03,11:19:57,00";
var hq_str_sh603259="药明康德,67.730,67.970,66.960,67.730,66.500,66.960,67.000,5160811,346678760.000,700,66.960,100,66.940,500,66.920,400,66.910,8440,66.900,6640,67.000,960,67.040,21740,67.100,200,67.130,360,67.180,2019-07-03,11:20:57,00";
var hq_str_sh603259="药明康德,67.730,67.970,67.040,67.730,66.500,67.040,67.050,5178331,347852660.000,6540,67.040,1000,67.010,42640,67.000,200,66.970,400,66.950,3200,67.050,2000,67.080,21840,67.100,200,67.130,540,67.180,2019-07-03,11:22:00,00";
var hq_str_sh603259="药明康德,67.730,67.970,67.040,67.730,66.500,67.000,67.040,5240511,352019339.000,300,67.000,200,66.970,900,66.950,1800,66.940,300,66.920,1620,67.040,1500,67.070,2300,67.080,2000,67.090,21840,67.100,2019-07-03,11:23:00,00";
var hq_str_sh603259="药明康德,67.730,67.970,67.070,67.730,66.500,67.070,67.080,5256651,353101172.000,100,67.070,300,67.040,300,67.010,2160,67.000,200,66.970,2040,67.080,2000,67.090,21840,67.100,200,67.130,200,67.140,2019-07-03,11:23:57,00";
var hq_str_sh603259="药明康德,67.730,67.970,67.020,67.730,66.500,67.020,67.030,5268231,353877708.000,600,67.020,320,67.010,2160,67.000,200,66.970,200,66.960,1420,67.030,21100,67.100,200,67.130,200,67.140,540,67.180,2019-07-03,11:24:57,00";
var hq_str_sh603259="药明康德,67.730,67.970,67.020,67.730,66.500,67.010,67.020,5277351,354488820.000,6620,67.010,2040,67.000,400,66.980,200,66.970,500,66.960,1320,67.020,1420,67.030,140,67.050,420,67.090,29360,67.100,2019-07-03,11:25:57,00";
var hq_str_sh603259="药明康德,67.730,67.970,67.020,67.730,66.500,67.020,67.030,5292511,355504749.000,1240,67.020,100,67.010,3740,67.000,400,66.980,200,66.970,1420,67.030,140,67.050,420,67.090,9040,67.100,200,67.130,2019-07-03,11:26:57,00";
var hq_str_sh603259="药明康德,67.730,67.970,66.980,67.730,66.500,66.980,67.000,5323331,357569778.000,7560,66.980,7000,66.970,600,66.960,6300,66.950,1500,66.940,1800,67.000,4320,67.020,120,67.030,240,67.050,420,67.090,2019-07-03,11:27:57,00";
var hq_str_sh603259="药明康德,67.730,67.970,66.990,67.730,66.500,66.980,66.990,5330351,358040022.000,4540,66.980,7000,66.970,700,66.960,6300,66.950,1500,66.940,900,66.990,2160,67.000,4320,67.020,120,67.030,240,67.050,2019-07-03,11:29:00,00";
var hq_str_sh603259="药明康德,67.730,67.970,67.050,67.730,66.500,67.070,67.090,5349891,359349493.000,260,67.070,100,67.050,580,67.020,100,67.000,1300,66.990,420,67.090,780,67.100,200,67.130,200,67.140,180,67.180,2019-07-03,11:29:51,00";
var hq_str_sh603259="药明康德,67.730,67.970,67.050,67.730,66.500,67.070,67.090,5349891,359349493.000,260,67.070,100,67.050,580,67.020,100,67.000,1300,66.990,420,67.090,780,67.100,200,67.130,200,67.140,180,67.180,2019-07-03,11:30:00,00";
var hq_str_sh603259="药明康德,67.730,67.970,67.070,67.730,66.500,67.050,67.070,5372351,360856070.000,2200,67.050,100,67.040,100,67.030,480,67.020,100,67.010,880,67.070,1180,67.180,1140,67.190,1500,67.200,100,67.240,2019-07-03,13:01:00,00";
var hq_str_sh603259="药明康德,67.730,67.970,67.140,67.730,66.500,67.140,67.190,5377451,361198561.000,1980,67.140,900,67.130,1100,67.110,2120,67.070,480,67.020,420,67.190,1500,67.200,100,67.240,240,67.250,240,67.260,2019-07-03,13:01:57,00";
var hq_str_sh603259="药明康德,67.730,67.970,67.170,67.730,66.500,67.140,67.170,5383531,361606946.000,1880,67.140,900,67.130,2000,67.120,1600,67.110,200,67.090,640,67.170,900,67.180,920,67.190,1600,67.200,100,67.240,2019-07-03,13:02:57,00";
var hq_str_sh603259="药明康德,67.730,67.970,67.160,67.730,66.500,67.160,67.170,5388871,361965570.000,160,67.160,900,67.130,2000,67.120,1600,67.110,200,67.090,260,67.170,900,67.180,920,67.190,1600,67.200,100,67.240,2019-07-03,13:03:57,00";
var hq_str_sh603259="药明康德,67.730,67.970,67.140,67.730,66.500,67.130,67.140,5394731,362359097.000,1000,67.130,2100,67.120,1600,67.110,200,67.090,2120,67.070,2100,67.140,500,67.150,9240,67.160,420,67.170,920,67.190,2019-07-03,13:04:57,00";
var hq_str_sh603259="药明康德,67.730,67.970,67.130,67.730,66.500,67.120,67.130,5403771,362966067.000,2060,67.120,1700,67.110,200,67.090,2120,67.070,480,67.020,200,67.130,1680,67.140,2100,67.160,300,67.170,920,67.190,2019-07-03,13:05:57,00";
var hq_str_sh603259="药明康德,67.730,67.970,67.140,67.730,66.500,67.130,67.140,5409171,363328594.000,200,67.130,2060,67.120,1700,67.110,200,67.090,2120,67.070,1380,67.140,1040,67.150,2100,67.160,300,67.170,2920,67.190,2019-07-03,13:06:57,00";
var hq_str_sh603259="药明康德,67.730,67.970,67.070,67.730,66.500,67.060,67.070,5419451,364018413.000,100,67.060,1580,67.020,1100,67.010,14100,67.000,600,66.990,1640,67.070,15700,67.080,9380,67.100,1000,67.110,780,67.130,2019-07-03,13:07:57,00";
var hq_str_sh603259="药明康德,67.730,67.970,67.010,67.730,66.500,67.010,67.040,5427851,364581542.000,2880,67.010,14300,67.000,600,66.990,4740,66.980,7000,66.970,15200,67.040,2300,67.060,3800,67.070,3140,67.100,280,67.130,2019-07-03,13:08:57,00";
var hq_str_sh603259="药明康德,67.730,67.970,67.060,67.730,66.500,67.060,67.070,5458711,366650010.000,440,67.060,600,67.010,10840,67.000,400,66.990,4740,66.980,2640,67.070,3420,67.100,280,67.130,980,67.150,160,67.170,2019-07-03,13:09:57,00";
var hq_str_sh603259="药明康德,67.730,67.970,67.000,67.730,66.500,66.990,67.000,5490471,368778996.000,3400,66.990,4740,66.980,7000,66.970,500,66.960,6400,66.950,1300,67.000,960,67.070,100,67.090,7620,67.100,980,67.150,2019-07-03,13:10:57,00";
var hq_str_sh603259="药明康德,67.730,67.970,67.020,67.730,66.500,66.990,67.020,5516591,370529103.000,1720,66.990,7000,66.970,500,66.960,6400,66.950,800,66.940,440,67.020,100,67.050,4180,67.070,100,67.090,7620,67.100,2019-07-03,13:12:01,00";
var hq_str_sh603259="药明康德,67.730,67.970,67.100,67.730,66.500,67.050,67.080,5540711,372146445.000,600,67.050,200,67.030,1060,67.020,5700,67.000,2740,66.990,3100,67.080,1780,67.100,3980,67.150,160,67.170,200,67.180,2019-07-03,13:12:58,00";
var hq_str_sh603259="药明康德,67.730,67.970,67.020,67.730,66.500,67.000,67.020,5575391,374470290.000,200,67.000,3320,66.990,2000,66.980,7400,66.970,2000,66.960,2400,67.020,5200,67.080,1900,67.090,1780,67.100,3980,67.150,2019-07-03,13:13:57,00";
var hq_str_sh603259="药明康德,67.730,67.970,67.020,67.730,66.500,67.020,67.030,5588391,375341472.000,3200,67.020,2100,67.010,300,67.000,5400,66.990,2200,66.980,400,67.030,1000,67.070,5800,67.080,1900,67.090,2060,67.100,2019-07-03,13:14:58,00";
var hq_str_sh603259="药明康德,67.730,67.970,67.100,67.730,66.500,67.100,67.150,5639431,378763303.000,7920,67.100,100,67.080,380,67.070,1000,67.030,1900,67.020,5480,67.150,160,67.170,200,67.180,2920,67.190,3820,67.200,2019-07-03,13:15:58,00";
var hq_str_sh603259="药明康德,67.730,67.970,67.270,67.730,66.500,67.270,67.290,5669251,380768220.000,800,67.270,400,67.250,2300,67.240,100,67.210,7220,67.200,1700,67.290,1020,67.300,2140,67.320,4180,67.330,1400,67.340,2019-07-03,13:16:55,00";
var hq_str_sh603259="药明康德,67.730,67.970,67.250,67.730,66.500,67.240,67.250,5685951,381891860.000,2200,67.240,7320,67.200,2600,67.100,200,67.070,100,67.050,780,67.250,300,67.280,200,67.290,19200,67.300,2140,67.320,2019-07-03,13:17:57,00";
var hq_str_sh603259="药明康德,67.730,67.970,67.250,67.730,66.500,67.210,67.250,5695651,382544089.000,100,67.210,7320,67.200,300,67.110,2600,67.100,200,67.070,300,67.250,980,67.290,18640,67.300,2140,67.320,4180,67.330,2019-07-03,13:18:58,00";
var hq_str_sh603259="药明康德,67.730,67.970,67.300,67.730,66.500,67.220,67.300,5733451,385087523.000,200,67.220,300,67.210,5220,67.200,300,67.110,3600,67.100,260,67.300,940,67.320,6180,67.330,13160,67.340,12060,67.350,2019-07-03,13:19:58,00";
var hq_str_sh603259="药明康德,67.730,67.970,67.320,67.730,66.500,67.310,67.320,5744471,385829337.000,2380,67.310,14400,67.300,6800,67.230,300,67.210,5220,67.200,4780,67.320,8680,67.330,13160,67.340,12060,67.350,2180,67.360,2019-07-03,13:20:58,00";
var hq_str_sh603259="药明康德,67.730,67.970,67.300,67.730,66.500,67.300,67.310,5758971,386805442.000,27300,67.300,6800,67.230,300,67.220,300,67.210,200,67.200,220,67.310,1460,67.320,10380,67.330,13160,67.340,12240,67.350,2019-07-03,13:21:58,00";
var hq_str_sh603259="药明康德,67.730,67.970,67.310,67.730,66.500,67.300,67.310,5770211,387561958.000,20760,67.300,6800,67.230,300,67.220,300,67.210,500,67.200,1900,67.310,4580,67.320,9380,67.330,13160,67.340,12240,67.350,2019-07-03,13:22:58,00";
var hq_str_sh603259="药明康德,67.730,67.970,67.310,67.730,66.500,67.310,67.330,5801651,389678376.000,960,67.310,42660,67.300,100,67.280,6800,67.230,300,67.220,3260,67.330,13160,67.340,12340,67.350,4100,67.360,2600,67.370,2019-07-03,13:23:58,00";
var hq_str_sh603259="药明康德,67.730,67.970,67.410,67.730,66.500,67.400,67.410,5864131,393886957.000,5860,67.400,900,67.390,100,67.370,3300,67.360,100,67.330,1700,67.410,2640,67.430,2840,67.440,4420,67.450,2200,67.460,2019-07-03,13:24:58,00";
var hq_str_sh603259="药明康德,67.730,67.970,67.440,67.730,66.500,67.420,67.440,5879791,394942931.000,100,67.420,100,67.400,1400,67.390,3300,67.360,900,67.330,100,67.440,2820,67.450,4200,67.460,3020,67.470,4960,67.480,2019-07-03,13:25:58,00";
var hq_str_sh603259="药明康德,67.730,67.970,67.390,67.730,66.500,67.380,67.390,5894191,395913481.000,100,67.380,300,67.370,3400,67.360,900,67.330,8400,67.320,620,67.390,973,67.410,2700,67.420,800,67.430,5460,67.440,2019-07-03,13:26:58,00";
var hq_str_sh603259="药明康德,67.730,67.970,67.380,67.730,66.500,67.330,67.380,5908153,396854153.000,638,67.330,8600,67.320,100,67.310,41680,67.300,200,67.230,1620,67.380,600,67.390,4500,67.400,1273,67.410,2380,67.420,2019-07-03,13:27:58,00";
var hq_str_sh603259="药明康德,67.730,67.970,67.340,67.730,66.500,67.330,67.340,5918453,397547715.000,1100,67.330,4038,67.320,11000,67.310,41680,67.300,200,67.230,762,67.340,1060,67.370,920,67.380,1040,67.390,5100,67.400,2019-07-03,13:28:55,00";
var hq_str_sh603259="药明康德,67.730,67.970,67.330,67.730,66.500,67.330,67.340,5933715,398575283.000,860,67.330,5316,67.320,11100,67.310,41580,67.300,200,67.230,302,67.340,1660,67.370,340,67.390,5440,67.400,300,67.410,2019-07-03,13:29:58,00";
var hq_str_sh603259="药明康德,67.730,67.970,67.420,67.730,66.500,67.390,67.420,5947972,399535895.000,3000,67.390,7359,67.380,3320,67.350,4377,67.340,4987,67.330,1740,67.420,500,67.430,3940,67.440,3320,67.450,5000,67.460,2019-07-03,13:30:58,00";
var hq_str_sh603259="药明康德,67.730,67.970,67.420,67.730,66.500,67.420,67.440,5976194,401438633.000,339,67.420,3639,67.390,7759,67.380,320,67.350,600,67.340,1200,67.440,1360,67.450,5000,67.460,2520,67.470,4960,67.480,2019-07-03,13:31:58,00";
var hq_str_sh603259="药明康德,67.730,67.970,67.420,67.730,66.500,67.420,67.450,6002336,403201125.000,4578,67.420,660,67.400,7379,67.380,220,67.350,100,67.340,3340,67.450,4240,67.460,6520,67.470,4960,67.480,3040,67.490,2019-07-03,13:32:58,00";
var hq_str_sh603259="药明康德,67.730,67.970,67.460,67.730,66.500,67.410,67.460,6019338,404347685.000,1059,67.410,1460,67.400,7579,67.380,220,67.350,100,67.340,1200,67.460,6520,67.470,4960,67.480,5240,67.490,21500,67.500,2019-07-03,13:33:58,00";
var hq_str_sh603259="药明康德,67.730,67.970,67.430,67.730,66.500,67.390,67.430,6033525,405304310.000,820,67.390,7591,67.380,220,67.350,100,67.340,187,67.330,1360,67.430,1720,67.440,1900,67.450,1200,67.460,4240,67.470,2019-07-03,13:34:58,00";
var hq_str_sh603259="药明康德,67.730,67.970,67.430,67.730,66.500,67.420,67.430,6049365,406372215.000,100,67.420,5000,67.400,1671,67.380,1320,67.350,187,67.330,400,67.430,800,67.440,2680,67.450,1840,67.460,4240,67.470,2019-07-03,13:35:58,00";
var hq_str_sh603259="药明康德,67.730,67.970,67.450,67.730,66.500,67.420,67.450,6064745,407409419.000,10360,67.420,100,67.410,3660,67.400,100,67.390,1571,67.380,9360,67.450,1300,67.460,16340,67.470,5060,67.480,7260,67.490,2019-07-03,13:36:58,00";
var hq_str_sh603259="药明康德,67.730,67.970,67.450,67.730,66.500,67.440,67.450,6078385,408329335.000,100,67.440,300,67.430,10520,67.420,100,67.410,4960,67.400,2740,67.450,980,67.460,16480,67.470,5060,67.480,7260,67.490,2019-07-03,13:37:58,00";
var hq_str_sh603259="药明康德,67.730,67.970,67.430,67.730,66.500,67.430,67.460,6100205,409800894.000,600,67.430,4900,67.420,5360,67.400,2500,67.390,1571,67.380,1700,67.460,15640,67.470,5560,67.480,7160,67.490,25020,67.500,2019-07-03,13:38:58,00";
var hq_str_sh603259="药明康德,67.730,67.970,67.450,67.730,66.500,67.440,67.450,6127785,411660120.000,1360,67.440,3820,67.390,1571,67.380,1320,67.350,1800,67.340,2160,67.450,1680,67.460,15840,67.470,5060,67.480,9860,67.490,2019-07-03,13:39:58,00";
var hq_str_sh603259="药明康德,67.730,67.970,67.380,67.730,66.500,67.370,67.380,6143736,412735149.000,100,67.370,2500,67.360,1320,67.350,1800,67.340,1387,67.330,1929,67.380,4920,67.390,24440,67.400,1000,67.440,3680,67.450,2019-07-03,13:40:58,00";
var hq_str_sh603259="药明康德,67.730,67.970,67.390,67.730,66.500,67.340,67.380,6168996,414437083.000,200,67.340,1347,67.330,200,67.320,41680,67.300,1000,67.280,100,67.380,2320,67.390,22989,67.400,1000,67.440,4280,67.450,2019-07-03,13:41:58,00";
var hq_str_sh603259="药明康德,67.730,67.970,67.310,67.730,66.500,67.310,67.320,6190063,415856383.000,260,67.310,42960,67.300,1300,67.280,200,67.250,200,67.230,140,67.320,12333,67.330,1000,67.350,400,67.380,17669,67.400,2019-07-03,13:42:58,00";
var hq_str_sh603259="药明康德,67.730,67.970,67.300,67.730,66.500,67.300,67.310,6204843,416851312.000,43280,67.300,2100,67.280,200,67.250,200,67.230,1300,67.210,15200,67.310,100,67.320,3800,67.330,2040,67.350,400,67.380,2019-07-03,13:43:58,00";
var hq_str_sh603259="药明康德,67.730,67.970,67.250,67.730,66.500,67.250,67.270,6304263,423542025.000,100,67.250,300,67.240,600,67.230,1300,67.210,3100,67.200,920,67.270,35200,67.280,1000,67.290,33698,67.300,13600,67.310,2019-07-03,13:44:58,00";
var hq_str_sh603259="药明康德,67.730,67.970,67.240,67.730,66.500,67.200,67.240,6326916,425064585.000,300,67.200,2000,67.190,300,67.180,200,67.170,300,67.150,600,67.240,13960,67.250,640,67.270,33778,67.300,13600,67.310,2019-07-03,13:45:58,00";
var hq_str_sh603259="药明康德,67.730,67.970,67.190,67.730,66.500,67.130,67.140,6348956,426545372.000,200,67.130,2100,67.110,3000,67.100,200,67.070,200,67.060,100,67.140,1400,67.200,1000,67.230,440,67.240,14340,67.250,2019-07-03,13:46:58,00";
var hq_str_sh603259="药明康德,67.730,67.970,67.120,67.730,66.500,67.100,67.120,6385296,428984623.000,3460,67.100,200,67.070,200,67.060,700,67.050,2000,67.040,780,67.120,200,67.150,560,67.200,840,67.220,1000,67.230,2019-07-03,13:47:58,00";
var hq_str_sh603259="药明康德,67.730,67.970,67.160,67.730,66.500,67.150,67.160,6398276,429856580.000,2980,67.150,1320,67.130,100,67.120,5460,67.100,100,67.090,700,67.160,200,67.210,540,67.230,680,67.240,14340,67.250,2019-07-03,13:48:58,00";
var hq_str_sh603259="药明康德,67.730,67.970,67.150,67.730,66.500,67.140,67.150,6418276,431198973.000,1760,67.140,1400,67.100,300,67.090,200,67.070,1200,67.060,26740,67.150,600,67.160,200,67.200,200,67.210,540,67.230,2019-07-03,13:49:58,00";
var hq_str_sh603259="药明康德,67.730,67.970,67.150,67.730,66.500,67.120,67.150,6459436,433962262.000,700,67.120,100,67.100,300,67.090,1200,67.080,1300,67.070,11660,67.150,600,67.160,100,67.180,1000,67.200,100,67.210,2019-07-03,13:50:58,00";
var hq_str_sh603259="药明康德,67.730,67.970,67.250,67.730,66.500,67.170,67.250,6497036,436487049.000,1100,67.170,200,67.150,3200,67.080,1300,67.070,1400,67.060,140,67.250,640,67.270,100,67.290,33838,67.300,13600,67.310,2019-07-03,13:51:58,00";
var hq_str_sh603259="药明康德,67.730,67.970,67.190,67.730,66.500,67.180,67.190,6506336,437112031.000,100,67.180,100,67.170,500,67.150,100,67.140,2500,67.130,3600,67.190,800,67.200,220,67.250,1240,67.270,100,67.280,2019-07-03,13:52:58,00";
var hq_str_sh603259="药明康德,67.730,67.970,67.130,67.730,66.500,67.100,67.130,6533536,438940429.000,100,67.100,400,67.090,2100,67.080,200,67.070,1400,67.060,1820,67.130,2500,67.150,400,67.250,840,67.290,30278,67.300,2019-07-03,13:53:58,00";
var hq_str_sh603259="药明康德,67.730,67.970,67.200,67.730,66.500,67.160,67.200,6546776,439829272.000,320,67.160,320,67.140,100,67.130,200,67.120,100,67.090,880,67.200,400,67.250,3400,67.280,440,67.290,29478,67.300,2019-07-03,13:54:58,00";
var hq_str_sh603259="药明康德,67.730,67.970,67.140,67.730,66.500,67.110,67.140,6557856,440573284.000,200,67.110,600,67.100,80,67.090,620,67.080,200,67.070,623,67.140,200,67.190,3020,67.200,400,67.250,100,67.260,2019-07-03,13:55:58,00";
var hq_str_sh603259="药明康德,67.730,67.970,67.140,67.730,66.500,67.140,67.200,6583699,442306840.000,877,67.140,200,67.060,200,67.050,11300,67.040,2700,67.030,3020,67.200,400,67.250,100,67.260,3400,67.280,940,67.290,2019-07-03,13:56:58,00";
var hq_str_sh603259="药明康德,67.730,67.970,67.100,67.730,66.500,67.090,67.100,6621199,444820968.000,3200,67.090,100,67.070,2777,67.010,22000,67.000,960,66.990,1300,67.100,200,67.140,120,67.160,1520,67.180,4000,67.190,2019-07-03,13:57:58,00";
var hq_str_sh603259="药明康德,67.730,67.970,67.090,67.730,66.500,67.080,67.140,6633299,445633606.000,300,67.080,500,67.020,3977,67.010,24200,67.000,960,66.990,300,67.140,2500,67.190,1980,67.200,1000,67.250,100,67.260,2019-07-03,13:58:58,00";
var hq_str_sh603259="药明康德,67.730,67.970,67.280,67.730,66.500,67.240,67.280,6649359,446713055.000,1200,67.240,500,67.200,1660,67.190,1000,67.120,100,67.110,1500,67.280,940,67.290,29778,67.300,13600,67.310,380,67.320,2019-07-03,13:59:58,00";
var hq_str_sh603259="药明康德,67.730,67.970,67.250,67.730,66.500,67.250,67.280,6664959,447762571.000,100,67.250,39300,67.220,300,67.210,1500,67.200,1660,67.190,2880,67.280,22460,67.290,30078,67.300,13600,67.310,380,67.320,2019-07-03,14:00:58,00";
var hq_str_sh603259="药明康德,67.730,67.970,67.220,67.730,66.500,67.220,67.230,6688019,449312953.000,34840,67.220,300,67.210,600,67.200,300,67.140,200,67.110,4540,67.230,380,67.260,400,67.270,2780,67.280,23460,67.290,2019-07-03,14:01:58,00";
var hq_str_sh603259="药明康德,67.730,67.970,67.270,67.730,66.500,67.270,67.280,6732299,452289847.000,1780,67.270,11080,67.220,400,67.210,700,67.200,200,67.110,2900,67.280,23320,67.290,30498,67.300,13600,67.310,380,67.320,2019-07-03,14:02:58,00";
var hq_str_sh603259="药明康德,67.730,67.970,67.290,67.730,66.500,67.270,67.290,6745359,453168481.000,7020,67.270,500,67.230,10680,67.220,300,67.210,700,67.200,21220,67.290,30778,67.300,13600,67.310,380,67.320,700,67.330,2019-07-03,14:03:58,00";
var hq_str_sh603259="药明康德,67.730,67.970,67.270,67.730,66.500,67.260,67.270,6772879,455020108.000,100,67.260,100,67.250,1100,67.230,10580,67.220,300,67.210,9400,67.270,6480,67.290,31278,67.300,13600,67.310,380,67.320,2019-07-03,14:04:58,00";
var hq_str_sh603259="药明康德,67.730,67.970,67.230,67.730,66.500,67.230,67.240,6788159,456047836.000,400,67.230,10980,67.220,300,67.210,2700,67.200,200,67.110,200,67.240,14800,67.250,2340,67.270,280,67.280,6900,67.290,2019-07-03,14:05:58,00";
var hq_str_sh603259="药明康德,67.730,67.970,67.250,67.730,66.500,67.230,67.250,6815359,457876579.000,1100,67.230,1180,67.220,300,67.210,2700,67.200,100,67.110,13520,67.250,1800,67.270,280,67.280,7780,67.290,31038,67.300,2019-07-03,14:06:58,00";
var hq_str_sh603259="药明康德,67.730,67.970,67.250,67.730,66.500,67.210,67.290,6838579,459438185.000,60,67.210,3700,67.200,600,67.180,100,67.110,100,67.100,4760,67.290,31358,67.300,13600,67.310,380,67.320,700,67.330,2019-07-03,14:07:58,00";
var hq_str_sh603259="药明康德,67.730,67.970,67.180,67.730,66.500,67.110,67.180,6856839,460665300.000,600,67.110,200,67.100,200,67.090,400,67.080,300,67.070,80,67.180,32780,67.200,3500,67.210,2580,67.220,1100,67.240,2019-07-03,14:08:58,00";
var hq_str_sh603259="药明康德,67.730,67.970,67.100,67.730,66.500,67.150,67.160,6870739,461599068.000,3000,67.150,200,67.090,200,67.080,300,67.070,1000,67.060,300,67.160,300,67.180,27720,67.200,1300,67.210,500,67.220,2019-07-03,14:09:58,00";
var hq_str_sh603259="药明康德,67.730,67.970,67.100,67.730,66.500,67.150,67.160,6887559,462728366.000,2500,67.150,80,67.070,1000,67.060,400,67.050,1200,67.030,300,67.160,800,67.180,2160,67.190,27640,67.200,300,67.210,2019-07-03,14:10:58,00";
var hq_str_sh603259="药明康德,67.730,67.970,67.190,67.730,66.500,67.190,67.200,6919959,464905427.000,2900,67.190,2500,67.150,3000,67.100,480,67.070,1000,67.060,5740,67.200,300,67.210,500,67.220,320,67.250,5600,67.260,2019-07-03,14:11:58,00";
var hq_str_sh603259="药明康德,67.730,67.970,67.220,67.730,66.500,67.220,67.250,6934419,465877140.000,800,67.220,140,67.200,100,67.190,100,67.180,4200,67.170,1320,67.250,37500,67.280,6820,67.290,30838,67.300,13600,67.310,2019-07-03,14:12:58,00";
var hq_str_sh603259="药明康德,67.730,67.970,67.270,67.730,66.500,67.230,67.270,6950199,466938214.000,1800,67.230,60,67.170,600,67.110,3000,67.100,480,67.070,1000,67.270,37500,67.280,5820,67.290,30838,67.300,13600,67.310,2019-07-03,14:13:58,00";
var hq_str_sh603259="药明康德,67.730,67.970,67.230,67.730,66.500,67.170,67.230,6969759,468253150.000,1300,67.170,700,67.130,200,67.110,4500,67.100,480,67.070,640,67.230,2340,67.240,12200,67.250,40,67.260,5600,67.270,2019-07-03,14:14:58,00";
var hq_str_sh603259="药明康德,67.730,67.970,67.240,67.730,66.500,67.240,67.250,6989659,469590808.000,220,67.240,500,67.210,1200,67.180,1760,67.170,300,67.150,11320,67.250,40,67.260,400,67.270,39800,67.280,4520,67.290,2019-07-03,14:15:55,00";
var hq_str_sh603259="药明康德,67.730,67.970,67.240,67.730,66.500,67.230,67.240,7014779,471279969.000,5500,67.230,1200,67.180,800,67.170,100,67.160,300,67.150,400,67.240,1340,67.250,40,67.260,6000,67.270,39800,67.280,2019-07-03,14:16:58,00";
var hq_str_sh603259="药明康德,67.730,67.970,67.200,67.730,66.500,67.200,67.220,7031979,472436053.000,100,67.200,100,67.180,800,67.170,100,67.160,400,67.150,720,67.220,600,67.230,380,67.240,500,67.250,40,67.260,2019-07-03,14:17:58,00";
var hq_str_sh603259="药明康德,67.730,67.970,67.250,67.730,66.500,67.230,67.250,7046279,473397553.000,300,67.230,920,67.220,820,67.200,200,67.190,100,67.180,4160,67.250,580,67.270,2600,67.280,5140,67.290,30658,67.300,2019-07-03,14:18:58,00";
var hq_str_sh603259="药明康德,67.730,67.970,67.240,67.730,66.500,67.240,67.250,7057719,474166603.000,1600,67.240,100,67.210,300,67.200,100,67.180,800,67.170,5700,67.250,2000,67.260,880,67.270,2600,67.280,4840,67.290,2019-07-03,14:19:58,00";
var hq_str_sh603259="药明康德,67.730,67.970,67.220,67.730,66.500,67.200,67.240,7064919,474650761.000,1200,67.200,500,67.180,800,67.170,100,67.160,400,67.150,2440,67.240,1600,67.250,2000,67.260,880,67.270,4600,67.280,2019-07-03,14:20:55,00";
var hq_str_sh603259="药明康德,67.730,67.970,67.260,67.730,66.500,67.190,67.260,7080319,475685891.000,200,67.190,2100,67.180,2100,67.170,1500,67.160,400,67.150,240,67.260,880,67.270,4600,67.280,4840,67.290,36198,67.300,2019-07-03,14:21:58,00";
var hq_str_sh603259="药明康德,67.730,67.970,67.250,67.730,66.500,67.210,67.250,7094319,476627144.000,100,67.210,100,67.200,200,67.190,2100,67.180,300,67.170,900,67.250,340,67.260,1660,67.270,4600,67.280,4840,67.290,2019-07-03,14:22:58,00";
var hq_str_sh603259="药明康德,67.730,67.970,67.190,67.730,66.500,67.180,67.190,7108819,477601948.000,1700,67.180,600,67.170,1400,67.160,2200,67.150,200,67.130,500,67.190,7520,67.200,460,67.210,300,67.220,200,67.240,2019-07-03,14:23:58,00";
var hq_str_sh603259="药明康德,67.730,67.970,67.190,67.730,66.500,67.150,67.180,7126639,478799025.000,480,67.150,200,67.140,200,67.130,200,67.120,1300,67.110,700,67.180,21900,67.190,5700,67.200,460,67.210,3200,67.240,2019-07-03,14:24:58,00";
var hq_str_sh603259="药明康德,67.730,67.970,67.180,67.730,66.500,67.170,67.190,7139559,479666585.000,2360,67.170,400,67.130,200,67.110,3300,67.100,1800,67.080,540,67.190,1440,67.200,460,67.210,100,67.220,3200,67.240,2019-07-03,14:25:58,00";
var hq_str_sh603259="药明康德,67.730,67.970,67.150,67.730,66.500,67.130,67.160,7149619,480342216.000,200,67.130,300,67.120,1500,67.110,3200,67.100,1800,67.080,1264,67.160,1640,67.200,460,67.210,420,67.220,3200,67.240,2019-07-03,14:26:58,00";
var hq_str_sh603259="药明康德,67.730,67.970,66.990,67.730,66.500,66.970,66.990,7208959,484319863.000,1600,66.970,1100,66.960,6200,66.950,1300,66.940,100,66.930,2040,66.990,1160,67.000,300,67.050,1000,67.160,1260,67.170,2019-07-03,14:27:58,00";
var hq_str_sh603259="药明康德,67.730,67.970,66.950,67.730,66.500,66.930,66.950,7240099,486404981.000,200,66.930,100,66.920,8960,66.910,13140,66.900,1980,66.890,1720,66.950,800,66.960,1900,66.990,10020,67.000,840,67.030,2019-07-03,14:28:58,00";
var hq_str_sh603259="药明康德,67.730,67.970,66.780,67.730,66.500,66.770,66.780,7343379,493309913.000,400,66.770,2400,66.760,1500,66.750,5000,66.730,200,66.720,1040,66.780,5160,66.800,7180,66.810,100,66.840,300,66.850,2019-07-03,14:29:58,00";
var hq_str_sh603259="药明康德,67.730,67.970,66.860,67.730,66.500,66.860,66.880,7413599,497999003.000,2340,66.860,1200,66.850,440,66.830,300,66.810,1000,66.780,1560,66.880,920,66.900,140,66.940,600,66.950,1400,66.990,2019-07-03,14:30:58,00";
var hq_str_sh603259="药明康德,67.730,67.970,66.850,67.730,66.500,66.830,66.850,7444139,500040573.000,740,66.830,200,66.820,700,66.810,2800,66.800,1000,66.780,11300,66.850,4380,66.860,660,66.880,1420,66.900,140,66.940,2019-07-03,14:31:58,00";
var hq_str_sh603259="药明康德,67.730,67.970,66.800,67.730,66.500,66.780,66.800,7479379,502395121.000,200,66.780,2700,66.770,600,66.760,900,66.750,100,66.730,640,66.800,1400,66.840,5580,66.850,4380,66.860,660,66.880,2019-07-03,14:32:58,00";
var hq_str_sh603259="药明康德,67.730,67.970,66.700,67.730,66.500,66.690,66.700,7523768,505357567.000,7200,66.690,300,66.680,1100,66.670,13600,66.660,100,66.650,22411,66.700,9860,66.760,820,66.770,5300,66.780,16520,66.790,2019-07-03,14:33:58,00";
var hq_str_sh603259="药明康德,67.730,67.970,66.660,67.730,66.500,66.650,66.660,7572668,508617943.000,300,66.650,200,66.630,900,66.620,3100,66.610,22300,66.600,4000,66.660,14280,66.670,8120,66.680,5860,66.690,21111,66.700,2019-07-03,14:34:58,00";
var hq_str_sh603259="药明康德,67.730,67.970,66.690,67.730,66.500,66.680,66.690,7622644,511948862.000,4300,66.680,3500,66.670,180,66.660,100,66.650,1360,66.630,9580,66.690,21111,66.700,300,66.710,700,66.720,100,66.730,2019-07-03,14:35:58,00";
var hq_str_sh603259="药明康德,67.730,67.970,66.680,67.730,66.500,66.690,66.700,7688304,516327374.000,200,66.690,1220,66.680,500,66.670,1000,66.660,1400,66.650,6991,66.700,300,66.710,700,66.720,100,66.730,4760,66.750,2019-07-03,14:36:58,00";
var hq_str_sh603259="药明康德,67.730,67.970,66.660,67.730,66.500,66.650,66.660,7724124,518716125.000,1600,66.650,2300,66.630,1800,66.620,8724,66.610,26300,66.600,100,66.660,40,66.670,811,66.680,44120,66.690,240,66.700,2019-07-03,14:37:58,00";
var hq_str_sh603259="药明康德,67.730,67.970,66.590,67.730,66.500,66.580,66.600,7805148,524112891.000,5000,66.580,2900,66.560,2200,66.550,100,66.540,500,66.530,4316,66.600,2300,66.610,500,66.620,44700,66.640,1080,66.650,2019-07-03,14:38:58,00";
var hq_str_sh603259="药明康德,67.730,67.970,66.510,67.730,66.500,66.500,66.510,7913748,531339272.000,40700,66.500,700,66.490,800,66.480,200,66.450,200,66.430,14260,66.510,140,66.520,520,66.530,39300,66.540,1940,66.550,2019-07-03,14:39:58,00";
var hq_str_sh603259="药明康德,67.730,67.970,66.450,67.730,66.400,66.430,66.450,8012468,537901418.000,1040,66.430,700,66.420,3940,66.410,13100,66.400,9100,66.380,5000,66.450,1580,66.480,1040,66.490,12520,66.500,6380,66.510,2019-07-03,14:40:58,00";
var hq_str_sh603259="药明康德,67.730,67.970,66.560,67.730,66.400,66.530,66.560,8090288,543075653.000,800,66.530,400,66.520,1200,66.510,2100,66.500,1460,66.490,40,66.560,900,66.600,100,66.610,216,66.620,200,66.640,2019-07-03,14:41:58,00";
var hq_str_sh603259="药明康德,67.730,67.970,66.540,67.730,66.400,66.520,66.540,8163948,547974937.000,200,66.520,2740,66.500,1460,66.490,6000,66.480,500,66.460,10300,66.540,64020,66.550,1680,66.560,1180,66.600,100,66.610,2019-07-03,14:42:58,00";
var hq_str_sh603259="药明康德,67.730,67.970,66.540,67.730,66.400,66.520,66.540,8189288,549660445.000,1720,66.520,2820,66.510,2860,66.500,960,66.490,5800,66.480,14240,66.540,620,66.550,1680,66.560,1180,66.600,100,66.610,2019-07-03,14:43:58,00";
var hq_str_sh603259="药明康德,67.730,67.970,66.480,67.730,66.400,66.470,66.480,8244348,553321895.000,800,66.470,6100,66.460,38640,66.450,1040,66.430,1400,66.420,5220,66.480,6860,66.500,5900,66.510,1000,66.520,6300,66.530,2019-07-03,14:44:58,00";
var hq_str_sh603259="药明康德,67.730,67.970,66.490,67.730,66.400,66.490,66.500,8308568,557591395.000,800,66.490,460,66.470,7260,66.460,41300,66.450,1000,66.440,6920,66.500,5200,66.510,2000,66.520,7220,66.530,11740,66.540,2019-07-03,14:45:58,00";
var hq_str_sh603259="药明康德,67.730,67.970,66.500,67.730,66.400,66.490,66.500,8348808,560267622.000,200,66.490,1500,66.480,2860,66.470,8100,66.460,8400,66.450,140,66.500,4920,66.520,2240,66.530,11540,66.540,320,66.550,2019-07-03,14:46:58,00";
var hq_str_sh603259="药明康德,67.730,67.970,66.550,67.730,66.400,66.510,66.550,8403328,563894735.000,4320,66.510,4100,66.500,5700,66.490,3200,66.480,2960,66.470,260,66.550,1680,66.560,900,66.600,200,66.610,216,66.620,2019-07-03,14:47:58,00";
var hq_str_sh603259="药明康德,67.730,67.970,66.640,67.730,66.400,66.600,66.640,8427837,565526841.000,1760,66.600,600,66.590,5400,66.580,1700,66.560,1500,66.550,84580,66.640,200,66.650,140,66.660,1200,66.680,44220,66.690,2019-07-03,14:48:58,00";
var hq_str_sh603259="药明康德,67.730,67.970,66.550,67.730,66.400,66.550,66.560,8456797,567455377.000,1900,66.550,100,66.540,300,66.530,500,66.520,5220,66.510,1700,66.560,2400,66.570,78700,66.580,420,66.590,360,66.620,2019-07-03,14:49:58,00";
var hq_str_sh603259="药明康德,67.730,67.970,66.850,67.730,66.400,66.690,66.850,8615417,578025529.000,100,66.690,400,66.630,200,66.610,1600,66.600,600,66.590,1600,66.850,660,66.880,920,66.900,5000,66.910,1200,66.950,2019-07-03,14:50:58,00";
var hq_str_sh603259="药明康德,67.730,67.970,66.900,67.730,66.400,66.890,66.900,8654237,580621077.000,600,66.890,19980,66.880,200,66.870,1500,66.860,2900,66.850,9180,66.900,5000,66.910,1800,66.950,420,66.980,1400,66.990,2019-07-03,14:51:58,00";
var hq_str_sh603259="药明康德,67.730,67.970,66.800,67.730,66.400,66.790,66.800,8712237,584500018.000,100,66.790,400,66.780,100,66.710,1000,66.700,600,66.690,16320,66.800,35920,66.880,6500,66.890,4860,66.900,3160,66.910,2019-07-03,14:52:58,00";
var hq_str_sh603259="药明康德,67.730,67.970,66.800,67.730,66.400,66.790,66.800,8744037,586623913.000,860,66.790,200,66.770,100,66.750,2800,66.730,2480,66.710,12821,66.800,140,66.810,700,66.830,1440,66.840,300,66.850,2019-07-03,14:53:58,00";
var hq_str_sh603259="药明康德,67.730,67.970,66.790,67.730,66.400,66.750,66.790,8772617,588532521.000,900,66.750,100,66.740,1600,66.730,2000,66.720,2480,66.710,700,66.790,8221,66.800,300,66.820,120,66.830,1440,66.840,2019-07-03,14:54:58,00";
var hq_str_sh603259="药明康德,67.730,67.970,66.770,67.730,66.400,66.780,66.790,8800117,590368921.000,1100,66.780,3140,66.770,700,66.760,7900,66.750,1900,66.730,3980,66.790,13301,66.800,100,66.810,1060,66.820,400,66.850,2019-07-03,14:55:58,00";
var hq_str_sh603259="药明康德,67.730,67.970,66.750,67.730,66.400,66.700,66.750,8842397,593190943.000,640,66.700,500,66.690,1600,66.680,3500,66.670,600,66.660,4320,66.750,560,66.760,1640,66.770,7040,66.780,3320,66.790,2019-07-03,14:56:58,00";
var hq_str_sh603259="药明康德,67.730,67.970,66.700,67.730,66.400,66.780,66.780,8842897,593224293.000,30500,66.780,0,0.000,0,0.000,0,0.000,0,0.000,30500,66.780,7400,0.000,0,0.000,0,0.000,0,0.000,2019-07-03,14:57:54,00";
var hq_str_sh603259="药明康德,67.730,67.970,66.700,67.730,66.400,66.760,66.760,8842897,593224293.000,39600,66.760,0,0.000,0,0.000,0,0.000,0,0.000,39600,66.760,1800,0.000,0,0.000,0,0.000,0,0.000,2019-07-03,14:58:58,00";
