var hq_str_sh603259="药明康德,81.370,81.120,81.370,81.370,81.370,81.370,81.490,7700,626549.000,100,81.370,400,81.240,3200,81.200,100,81.160,200,81.130,700,81.490,100,81.680,700,81.700,100,81.830,600,81.870,2019-05-22,09:29:49,00";
var hq_str_sh603259="药明康德,81.370,81.120,81.660,81.800,81.370,81.540,81.660,25900,2110652.000,100,81.540,200,81.530,1200,81.500,200,81.490,200,81.480,400,81.660,300,81.670,200,81.680,200,81.730,400,81.800,2019-05-22,09:30:59,00";
var hq_str_sh603259="药明康德,81.370,81.120,81.500,81.800,81.370,81.470,81.500,44100,3594057.000,100,81.470,100,81.400,900,81.370,100,81.330,600,81.270,200,81.500,1500,81.520,400,81.540,3900,81.550,1200,81.630,2019-05-22,09:31:59,00";
var hq_str_sh603259="药明康德,81.370,81.120,81.000,81.800,81.000,80.990,81.000,60000,4884061.000,200,80.990,200,80.940,600,80.910,300,80.900,600,80.890,2800,81.000,1100,81.010,700,81.090,100,81.120,6500,81.130,2019-05-22,09:32:59,00";
var hq_str_sh603259="药明康德,81.370,81.120,81.200,81.800,80.940,81.250,81.330,79900,6497446.000,500,81.250,1000,81.180,200,81.130,300,81.060,5100,81.050,200,81.330,400,81.370,100,81.380,200,81.400,200,81.490,2019-05-22,09:33:58,00";
var hq_str_sh603259="药明康德,81.370,81.120,81.250,81.800,80.940,81.210,81.250,93300,7587409.000,300,81.210,200,81.200,1000,81.180,200,81.130,200,81.060,2700,81.250,200,81.300,700,81.320,4000,81.330,500,81.360,2019-05-22,09:34:56,00";
var hq_str_sh603259="药明康德,81.370,81.120,81.000,81.800,80.880,80.900,81.000,139300,11313857.000,3500,80.900,1300,80.890,5400,80.880,200,80.870,300,80.850,7200,81.000,500,81.020,200,81.180,100,81.200,100,81.210,2019-05-22,09:35:59,00";
var hq_str_sh603259="药明康德,81.370,81.120,81.030,81.800,80.880,81.050,81.130,153800,12488043.000,300,81.050,1000,81.030,100,81.020,1300,81.000,1500,80.950,4000,81.130,100,81.200,100,81.210,200,81.250,300,81.300,2019-05-22,09:36:59,00";
var hq_str_sh603259="药明康德,81.370,81.120,81.200,81.800,80.880,81.130,81.200,165600,13445341.000,1600,81.130,300,81.040,1500,81.030,1400,81.020,1400,81.000,100,81.200,200,81.210,200,81.250,300,81.300,600,81.320,2019-05-22,09:37:56,00";
var hq_str_sh603259="药明康德,81.370,81.120,80.890,81.800,80.880,80.890,80.900,186700,15154587.000,1600,80.890,5400,80.880,500,80.870,700,80.850,1200,80.810,400,80.900,200,80.980,2000,81.000,3300,81.020,1100,81.030,2019-05-22,09:38:58,00";
var hq_str_sh603259="药明康德,81.370,81.120,80.910,81.800,80.880,80.910,81.000,200200,16246758.000,5000,80.910,4500,80.880,500,80.870,800,80.850,8300,80.810,800,81.000,2100,81.020,1100,81.030,100,81.040,2300,81.130,2019-05-22,09:39:59,00";
var hq_str_sh603259="药明康德,81.370,81.120,80.880,81.800,80.880,80.880,80.910,212900,17274262.000,2500,80.880,500,80.870,1300,80.850,100,80.820,8300,80.810,200,80.910,500,80.990,1600,81.000,2100,81.020,2300,81.130,2019-05-22,09:40:56,00";
var hq_str_sh603259="药明康德,81.370,81.120,80.930,81.800,80.870,80.930,80.980,227000,18414837.000,200,80.930,300,80.880,800,80.870,1300,80.850,100,80.820,400,80.980,500,80.990,1100,81.000,2100,81.020,2300,81.130,2019-05-22,09:41:56,00";
var hq_str_sh603259="药明康德,81.370,81.120,81.000,81.800,80.870,80.990,81.020,233300,18924943.000,3300,80.990,300,80.900,300,80.890,1600,80.880,800,80.870,2100,81.020,2700,81.130,400,81.200,100,81.230,100,81.280,2019-05-22,09:42:59,00";
var hq_str_sh603259="药明康德,81.370,81.120,81.020,81.800,80.870,80.990,81.020,236800,19208445.000,3100,80.990,1000,80.900,300,80.890,2100,80.880,800,80.870,1800,81.020,2700,81.130,400,81.200,100,81.230,700,81.290,2019-05-22,09:43:59,00";
var hq_str_sh603259="药明康德,81.370,81.120,81.300,81.800,80.870,81.300,81.320,248100,20125507.000,2500,81.300,1400,81.020,1900,80.990,1000,80.900,300,80.890,800,81.320,4000,81.330,600,81.440,100,81.480,3200,81.500,2019-05-22,09:44:56,00";
var hq_str_sh603259="药明康德,81.370,81.120,81.060,81.800,80.870,81.060,81.240,253900,20596261.000,5000,81.060,3300,81.050,200,81.030,2000,81.020,200,81.010,200,81.240,1400,81.250,2000,81.260,1900,81.280,2200,81.290,2019-05-22,09:46:02,00";
var hq_str_sh603259="药明康德,81.370,81.120,81.200,81.800,80.870,81.080,81.200,256800,20831741.000,100,81.080,1800,81.070,5100,81.060,1500,81.050,200,81.030,800,81.200,1500,81.250,1700,81.260,1600,81.280,2200,81.290,2019-05-22,09:46:59,00";
var hq_str_sh603259="药明康德,81.370,81.120,81.090,81.800,80.870,81.100,81.150,278800,22618556.000,200,81.100,2000,81.090,3200,81.080,2200,81.070,5100,81.060,600,81.150,700,81.200,1400,81.300,1200,81.320,4000,81.330,2019-05-22,09:47:59,00";
var hq_str_sh603259="药明康德,81.370,81.120,81.100,81.800,80.870,81.100,81.290,305700,24800709.000,700,81.100,1100,81.090,900,81.050,300,81.020,1100,81.000,1000,81.290,2500,81.300,800,81.320,4000,81.330,600,81.440,2019-05-22,09:48:58,00";
var hq_str_sh603259="药明康德,81.370,81.120,80.900,81.800,80.870,80.890,80.900,334300,27116405.000,200,80.890,3000,80.880,700,80.870,1200,80.850,200,80.820,3100,80.900,200,81.010,200,81.190,300,81.200,100,81.230,2019-05-22,09:49:58,00";
var hq_str_sh603259="药明康德,81.370,81.120,81.180,81.800,80.870,81.090,81.180,353400,28664016.000,100,81.090,5200,81.000,200,80.910,600,80.900,1400,80.890,200,81.180,800,81.200,100,81.230,700,81.270,4000,81.280,2019-05-22,09:50:59,00";
var hq_str_sh603259="药明康德,81.370,81.120,81.030,81.800,80.870,81.030,81.150,364600,29572509.000,3600,81.030,2600,81.020,4600,81.000,700,80.910,1100,80.900,200,81.150,100,81.190,2800,81.200,3300,81.230,1200,81.270,2019-05-22,09:51:58,00";
var hq_str_sh603259="药明康德,81.370,81.120,81.300,81.800,80.870,81.300,81.330,395900,32112711.000,900,81.300,2000,81.250,8600,81.200,400,81.070,1900,81.060,4000,81.330,200,81.340,600,81.440,300,81.450,300,81.480,2019-05-22,09:52:59,00";
var hq_str_sh603259="药明康德,81.370,81.120,81.470,81.800,80.870,81.450,81.480,421100,34165028.000,3500,81.450,3500,81.330,100,81.320,2700,81.250,100,81.210,4000,81.480,800,81.490,6000,81.500,500,81.600,100,81.630,2019-05-22,09:53:59,00";
var hq_str_sh603259="药明康德,81.370,81.120,81.300,81.800,80.870,81.300,81.500,457000,37088488.000,1800,81.300,600,81.260,1800,81.250,1100,81.210,8600,81.200,11100,81.500,1300,81.600,100,81.630,100,81.660,200,81.670,2019-05-22,09:54:53,00";
var hq_str_sh603259="药明康德,81.370,81.120,81.550,81.800,80.870,81.500,81.550,520600,42263174.000,4000,81.500,16200,81.350,4600,81.070,1900,81.060,1600,81.050,300,81.550,500,81.600,100,81.630,1400,81.670,200,81.680,2019-05-22,09:55:59,00";
var hq_str_sh603259="药明康德,81.370,81.120,81.450,81.800,80.870,81.360,81.450,573000,46531354.000,300,81.360,300,81.350,200,81.250,500,81.120,1400,81.110,9700,81.450,700,81.500,200,81.550,100,81.590,500,81.600,2019-05-22,09:56:59,00";
var hq_str_sh603259="药明康德,81.370,81.120,81.500,81.800,80.870,81.490,81.500,600400,48763446.000,3900,81.490,100,81.480,3400,81.450,600,81.350,900,81.300,20500,81.500,100,81.550,200,81.580,800,81.600,100,81.620,2019-05-22,09:57:58,00";
var hq_str_sh603259="药明康德,81.370,81.120,81.440,81.800,80.870,81.440,81.450,633800,51483153.000,500,81.440,100,81.430,1000,81.410,1400,81.400,2100,81.350,300,81.450,300,81.460,300,81.480,600,81.490,18000,81.500,2019-05-22,09:58:59,00";
var hq_str_sh603259="药明康德,81.370,81.120,81.410,81.800,80.870,81.410,81.500,664900,54016832.000,2700,81.410,5200,81.400,2100,81.350,1100,81.300,200,81.250,1000,81.500,100,81.530,100,81.550,1100,81.600,100,81.620,2019-05-22,09:59:56,00";
var hq_str_sh603259="药明康德,81.370,81.120,81.440,81.800,80.870,81.400,81.440,694200,56401287.000,1600,81.400,300,81.300,4500,81.200,100,81.130,2600,81.120,200,81.440,1000,81.480,3200,81.500,200,81.530,200,81.550,2019-05-22,10:00:38,00";
var hq_str_sh603259="药明康德,81.370,81.120,81.200,81.800,80.870,81.200,81.400,710016,57687458.000,84,81.200,800,81.140,600,81.130,1800,81.120,800,81.110,200,81.400,1000,81.470,1200,81.490,3100,81.500,300,81.510,2019-05-22,10:01:32,00";
var hq_str_sh603259="药明康德,81.370,81.120,81.280,81.800,80.870,81.280,81.400,742316,60313456.000,7500,81.280,10500,81.270,7384,81.200,100,81.150,1300,81.140,5900,81.400,100,81.470,1300,81.500,300,81.510,2100,81.530,2019-05-22,10:02:32,00";
var hq_str_sh603259="药明康德,81.370,81.120,81.530,81.800,80.870,81.530,81.550,769416,62519088.000,400,81.530,1000,81.500,3400,81.420,1000,81.410,15900,81.400,300,81.550,200,81.590,1400,81.600,200,81.610,200,81.620,2019-05-22,10:03:44,00";
var hq_str_sh603259="药明康德,81.370,81.120,81.500,81.800,80.870,81.500,81.520,796716,64743524.000,9900,81.500,3200,81.440,200,81.430,2800,81.420,11800,81.410,800,81.520,34000,81.530,200,81.590,1400,81.600,200,81.610,2019-05-22,10:04:59,00";
var hq_str_sh603259="药明康德,81.370,81.120,81.610,81.800,80.870,81.580,81.610,839516,68233047.000,200,81.580,300,81.550,1200,81.530,12200,81.520,20700,81.500,100,81.610,2200,81.620,1200,81.630,500,81.650,700,81.660,2019-05-22,10:05:58,00";
var hq_str_sh603259="药明康德,81.370,81.120,81.620,81.800,80.870,81.560,81.620,855216,69514084.000,3200,81.560,9600,81.550,12100,81.520,20700,81.500,100,81.460,200,81.620,1100,81.630,500,81.650,10000,81.660,300,81.670,2019-05-22,10:06:56,00";
var hq_str_sh603259="药明康德,81.370,81.120,81.580,81.800,80.870,81.580,81.600,876716,71267845.000,100,81.580,4900,81.570,700,81.560,1800,81.550,9100,81.520,700,81.600,1900,81.620,1100,81.630,2100,81.650,10000,81.660,2019-05-22,10:07:59,00";
var hq_str_sh603259="药明康德,81.370,81.120,81.610,81.800,80.870,81.610,81.620,895616,72809816.000,400,81.610,2000,81.580,10400,81.570,700,81.560,1800,81.550,2000,81.620,1100,81.630,200,81.640,2100,81.650,10700,81.660,2019-05-22,10:08:56,00";
var hq_str_sh603259="药明康德,81.370,81.120,81.580,81.800,80.870,81.580,81.600,899516,73128016.000,3400,81.580,3600,81.570,300,81.560,1800,81.550,9100,81.520,2400,81.600,2200,81.610,2300,81.620,200,81.640,2200,81.650,2019-05-22,10:09:59,00";
var hq_str_sh603259="药明康德,81.370,81.120,81.560,81.800,80.870,81.520,81.590,936916,76179764.000,9100,81.520,10200,81.500,100,81.460,200,81.430,11000,81.410,500,81.590,400,81.600,2300,81.610,1700,81.620,2200,81.650,2019-05-22,10:10:56,00";
var hq_str_sh603259="药明康德,81.370,81.120,81.700,81.800,80.870,81.680,81.700,982716,79918394.000,300,81.680,300,81.670,2600,81.660,300,81.640,1700,81.630,1700,81.700,100,81.740,2900,81.750,4300,81.760,200,81.780,2019-05-22,10:11:59,00";
var hq_str_sh603259="药明康德,81.370,81.120,81.710,81.800,80.870,81.710,81.740,1013416,82426533.000,800,81.710,3200,81.700,100,81.680,8400,81.660,1400,81.610,1100,81.740,3000,81.750,14300,81.760,200,81.780,1200,81.790,2019-05-22,10:12:58,00";
var hq_str_sh603259="药明康德,81.370,81.120,81.760,81.810,80.870,81.760,81.790,1053816,85729812.000,100,81.760,1900,81.740,300,81.720,200,81.710,3300,81.660,400,81.790,900,81.810,1900,81.820,100,81.830,2400,81.850,2019-05-22,10:13:56,00";
var hq_str_sh603259="药明康德,81.370,81.120,81.850,81.850,80.870,81.840,81.850,1063516,86523150.000,3000,81.840,600,81.830,100,81.810,1300,81.760,4500,81.750,1900,81.850,300,81.860,600,81.870,900,81.880,700,81.890,2019-05-22,10:14:59,00";
var hq_str_sh603259="药明康德,81.370,81.120,81.870,81.870,80.870,81.860,81.880,1071216,87153398.000,5500,81.860,300,81.850,1800,81.840,100,81.810,200,81.800,900,81.880,1200,81.890,3200,81.900,700,81.940,6200,81.960,2019-05-22,10:15:59,00";
var hq_str_sh603259="药明康德,81.370,81.120,81.920,81.990,80.870,81.920,81.980,1115016,90741370.000,600,81.920,2300,81.900,300,81.890,400,81.870,1300,81.860,1000,81.980,7900,81.990,10800,82.000,800,82.010,100,82.020,2019-05-22,10:16:59,00";
var hq_str_sh603259="药明康德,81.370,81.120,82.100,82.100,80.870,82.080,82.100,1154016,93939325.000,1200,82.080,2000,82.030,4800,82.020,5300,82.010,9800,82.000,5400,82.100,1000,82.120,400,82.130,100,82.140,100,82.170,2019-05-22,10:17:58,00";
var hq_str_sh603259="药明康德,81.370,81.120,82.210,82.270,80.870,82.200,82.210,1181216,96174500.000,6600,82.200,700,82.120,4300,82.100,1400,82.090,1000,82.080,800,82.210,100,82.260,400,82.270,2300,82.280,7800,82.290,2019-05-22,10:18:58,00";
var hq_str_sh603259="药明康德,81.370,81.120,82.270,82.280,80.870,82.250,82.270,1211416,98657812.000,200,82.250,1400,82.230,4000,82.220,200,82.210,100,82.200,2200,82.270,1800,82.280,800,82.290,2500,82.300,2000,82.330,2019-05-22,10:19:59,00";
var hq_str_sh603259="药明康德,81.370,81.120,82.280,82.290,80.870,82.280,82.290,1224116,99702674.000,800,82.280,4900,82.260,200,82.250,3900,82.240,3600,82.220,4200,82.290,3000,82.300,1000,82.310,2000,82.330,100,82.340,2019-05-22,10:20:56,00";
var hq_str_sh603259="药明康德,81.370,81.120,82.330,82.330,80.870,82.320,82.330,1243316,101282685.000,600,82.320,1400,82.300,700,82.290,100,82.270,4100,82.260,1500,82.330,100,82.340,400,82.350,900,82.360,100,82.370,2019-05-22,10:21:59,00";
var hq_str_sh603259="药明康德,81.370,81.120,82.300,82.380,80.870,82.300,82.310,1262616,102871705.000,500,82.300,100,82.270,3300,82.260,400,82.250,3400,82.240,600,82.310,1100,82.320,1000,82.330,100,82.340,600,82.380,2019-05-22,10:22:56,00";
var hq_str_sh603259="药明康德,81.370,81.120,82.270,82.380,80.870,82.270,82.290,1280616,104352851.000,3300,82.270,1900,82.260,1000,82.250,3400,82.240,200,82.210,1000,82.290,3500,82.300,10300,82.310,200,82.320,500,82.330,2019-05-22,10:23:59,00";
var hq_str_sh603259="药明康德,81.370,81.120,82.120,82.380,80.870,82.120,82.130,1327416,108202395.000,500,82.120,3600,82.100,400,82.090,5100,82.010,2000,82.000,2200,82.130,100,82.230,201,82.240,5100,82.300,10200,82.310,2019-05-22,10:24:59,00";
var hq_str_sh603259="药明康德,81.370,81.120,82.000,82.380,80.870,82.000,82.010,1351263,110159384.000,353,82.000,300,81.930,500,81.900,100,81.890,400,81.870,400,82.010,200,82.030,3000,82.090,1600,82.120,3200,82.130,2019-05-22,10:25:56,00";
var hq_str_sh603259="药明康德,81.370,81.120,82.050,82.380,80.870,82.010,82.050,1373916,112017208.000,1900,82.010,100,82.000,900,81.940,400,81.930,500,81.900,300,82.050,100,82.070,100,82.090,347,82.110,1100,82.130,2019-05-22,10:26:59,00";
var hq_str_sh603259="药明康德,81.370,81.120,82.050,82.380,80.870,82.010,82.130,1384374,112875083.000,1200,82.010,3242,82.000,600,81.940,200,81.930,500,81.900,647,82.130,100,82.190,300,82.200,300,82.230,300,82.250,2019-05-22,10:27:58,00";
var hq_str_sh603259="药明康德,81.370,81.120,82.180,82.380,80.870,82.110,82.180,1389621,113306036.000,2653,82.110,500,82.070,300,82.060,900,82.020,700,82.010,1300,82.180,400,82.190,2600,82.200,400,82.230,400,82.250,2019-05-22,10:28:59,00";
var hq_str_sh603259="药明康德,81.370,81.120,82.080,82.380,80.870,82.080,82.100,1395819,113815013.000,300,82.080,155,82.070,400,82.060,700,82.020,700,82.010,200,82.100,2547,82.110,300,82.150,500,82.160,600,82.180,2019-05-22,10:29:59,00";
var hq_str_sh603259="药明康德,81.370,81.120,82.050,82.380,80.870,82.030,82.060,1403374,114434897.000,500,82.030,500,82.020,600,82.010,3142,82.000,500,81.940,200,82.060,100,82.070,445,82.080,300,82.090,1100,82.100,2019-05-22,10:30:59,00";
var hq_str_sh603259="药明康德,81.370,81.120,81.970,82.380,80.870,81.940,81.970,1411248,115080639.000,368,81.940,200,81.930,500,81.900,200,81.880,400,81.870,900,81.970,426,81.980,1500,82.000,200,82.010,1800,82.020,2019-05-22,10:31:59,00";
var hq_str_sh603259="药明康德,81.370,81.120,81.950,82.380,80.870,81.950,82.000,1419656,115769574.000,200,81.950,200,81.920,4400,81.910,3160,81.900,600,81.880,1468,82.000,600,82.010,1200,82.020,200,82.030,100,82.050,2019-05-22,10:32:58,00";
var hq_str_sh603259="药明康德,81.370,81.120,82.010,82.380,80.870,82.010,82.020,1429924,116611691.000,1900,82.010,132,82.000,300,81.970,200,81.920,4400,81.910,100,82.020,100,82.050,100,82.070,445,82.080,500,82.090,2019-05-22,10:33:57,00";
var hq_str_sh603259="药明康德,81.370,81.120,82.180,82.380,80.870,82.110,82.180,1442916,117678155.000,2053,82.110,100,82.100,3300,82.090,1000,82.070,100,82.010,200,82.180,4400,82.200,100,82.230,400,82.250,300,82.260,2019-05-22,10:34:59,00";
var hq_str_sh603259="药明康德,81.370,81.120,82.270,82.380,80.870,82.250,82.270,1454116,118599048.000,2100,82.250,900,82.240,3500,82.220,200,82.200,500,82.180,100,82.270,100,82.280,700,82.290,3600,82.300,10100,82.310,2019-05-22,10:35:56,00";
var hq_str_sh603259="药明康德,81.370,81.120,82.290,82.380,80.870,82.290,82.310,1471816,120055684.000,1100,82.290,700,82.280,300,82.270,200,82.250,3000,82.220,7200,82.310,200,82.330,500,82.350,100,82.360,200,82.370,2019-05-22,10:36:54,00";
var hq_str_sh603259="药明康德,81.370,81.120,82.270,82.380,80.870,82.250,82.270,1488916,121463006.000,100,82.250,100,82.240,3000,82.220,200,82.200,500,82.180,100,82.270,1400,82.280,3700,82.300,1200,82.310,900,82.330,2019-05-22,10:37:57,00";
var hq_str_sh603259="药明康德,81.370,81.120,82.190,82.380,80.870,82.190,82.200,1502516,122580991.000,200,82.190,1153,82.110,100,82.100,100,82.010,2232,82.000,6000,82.200,7900,82.220,200,82.240,400,82.250,6900,82.270,2019-05-22,10:39:00,00";
var hq_str_sh603259="药明康德,81.370,81.120,82.110,82.380,80.870,82.110,82.150,1507216,122966978.000,3853,82.110,100,82.100,100,82.010,2232,82.000,300,81.970,300,82.150,1500,82.160,300,82.170,2700,82.180,800,82.190,2019-05-22,10:39:57,00";
var hq_str_sh603259="药明康德,81.370,81.120,82.020,82.380,80.870,82.020,82.080,1515969,123685897.000,300,82.020,100,82.010,2232,82.000,300,81.970,4400,81.910,200,82.080,600,82.090,21347,82.100,100,82.140,500,82.150,2019-05-22,10:40:57,00";
var hq_str_sh603259="药明康德,81.370,81.120,82.220,82.380,80.870,82.220,82.240,1561916,127459762.000,200,82.220,3400,82.200,3200,82.190,4300,82.180,100,82.140,200,82.240,300,82.250,6900,82.270,5200,82.280,300,82.290,2019-05-22,10:42:00,00";
var hq_str_sh603259="药明康德,81.370,81.120,82.280,82.380,80.870,82.280,82.290,1582016,129113420.000,1100,82.280,1600,82.270,1400,82.250,400,82.230,3300,82.200,100,82.290,13000,82.300,1000,82.310,3000,82.320,900,82.330,2019-05-22,10:43:00,00";
var hq_str_sh603259="药明康德,81.370,81.120,82.170,82.380,80.870,82.020,82.160,1607916,131242411.000,2600,82.020,100,82.010,3432,82.000,300,81.970,4400,81.910,200,82.160,500,82.170,2000,82.190,1600,82.210,400,82.230,2019-05-22,10:43:57,00";
var hq_str_sh603259="药明康德,81.370,81.120,82.190,82.380,80.870,82.180,82.200,1617216,132006467.000,8800,82.180,200,82.030,200,82.010,432,82.000,300,81.970,1000,82.200,1100,82.210,400,82.230,1700,82.290,13500,82.300,2019-05-22,10:44:57,00";
var hq_str_sh603259="药明康德,81.370,81.120,82.020,82.380,80.870,82.020,82.100,1633016,133304614.000,8900,82.020,100,82.010,432,82.000,300,81.970,4400,81.910,5100,82.100,700,82.140,7200,82.150,3200,82.180,16100,82.200,2019-05-22,10:45:57,00";
var hq_str_sh603259="药明康德,81.370,81.120,82.080,82.380,80.870,81.960,82.080,1650648,134751212.000,1300,81.960,1100,81.920,4400,81.910,60,81.900,400,81.870,300,82.080,1600,82.090,568,82.100,200,82.130,700,82.140,2019-05-22,10:47:00,00";
var hq_str_sh603259="药明康德,81.370,81.120,81.970,82.380,80.870,81.990,82.010,1662108,135690166.000,700,81.990,3000,81.980,300,81.940,100,81.920,500,81.910,200,82.010,200,82.070,1600,82.090,868,82.100,1700,82.130,2019-05-22,10:47:57,00";
var hq_str_sh603259="药明康德,81.370,81.120,81.990,82.380,80.870,81.990,82.070,1683148,137414661.000,600,81.990,1000,81.960,100,81.940,800,81.910,2760,81.900,600,82.070,200,82.080,868,82.100,1700,82.130,7200,82.150,2019-05-22,10:48:59,00";
var hq_str_sh603259="药明康德,81.370,81.120,82.000,82.380,80.870,82.000,82.070,1690548,138021508.000,500,82.000,500,81.990,300,81.970,1000,81.960,100,81.940,500,82.070,868,82.100,1700,82.130,7200,82.150,2100,82.180,2019-05-22,10:49:51,00";
var hq_str_sh603259="药明康德,81.370,81.120,81.970,82.380,80.870,81.970,82.000,1699648,138767863.000,100,81.970,1000,81.960,100,81.940,300,81.910,2760,81.900,100,82.000,200,82.020,389,82.090,3100,82.100,1700,82.130,2019-05-22,10:50:57,00";
var hq_str_sh603259="药明康德,81.370,81.120,81.900,82.380,80.870,81.900,81.990,1707048,139374316.000,1660,81.900,100,81.890,200,81.880,1000,81.850,100,81.820,300,81.990,2300,82.000,200,82.020,389,82.090,3400,82.100,2019-05-22,10:51:54,00";
var hq_str_sh603259="药明康德,81.370,81.120,81.930,82.380,80.870,81.930,82.000,1711848,139767653.000,1600,81.930,1000,81.920,760,81.900,100,81.890,200,81.880,1600,82.000,400,82.020,200,82.050,100,82.060,389,82.090,2019-05-22,10:52:51,00";
var hq_str_sh603259="药明康德,81.370,81.120,81.940,82.380,80.870,81.930,81.940,1722748,140660820.000,1500,81.930,2800,81.920,760,81.900,100,81.890,200,81.880,200,81.940,900,81.950,500,82.000,700,82.010,200,82.050,2019-05-22,10:53:53,00";
var hq_str_sh603259="药明康德,81.370,81.120,81.960,82.380,80.870,81.950,81.990,1732748,141480305.000,200,81.950,800,81.930,2300,81.920,1060,81.900,100,81.890,200,81.990,200,82.000,5700,82.010,200,82.050,100,82.060,2019-05-22,10:55:00,00";
var hq_str_sh603259="药明康德,81.370,81.120,81.930,82.380,80.870,81.900,81.950,1739848,142062124.000,360,81.900,100,81.890,200,81.880,200,81.860,1000,81.850,100,81.950,1000,81.990,1400,82.000,5700,82.010,200,82.050,2019-05-22,10:55:57,00";
var hq_str_sh603259="药明康德,81.370,81.120,81.960,82.380,80.870,81.960,81.980,1755748,143365734.000,7300,81.960,400,81.950,360,81.900,100,81.890,200,81.880,200,81.980,300,81.990,14600,82.000,5000,82.010,200,82.050,2019-05-22,10:57:00,00";
var hq_str_sh603259="药明康德,81.370,81.120,81.950,82.380,80.870,81.900,81.950,1777048,145111810.000,1260,81.900,100,81.890,200,81.880,200,81.860,1000,81.850,14600,81.950,7900,82.000,5000,82.010,200,82.050,400,82.060,2019-05-22,10:57:57,00";
var hq_str_sh603259="药明康德,81.370,81.120,82.200,82.380,80.870,82.190,82.200,1831837,149606360.000,211,82.190,3000,82.040,2000,82.030,1600,82.020,700,82.010,14600,82.200,100,82.220,100,82.250,500,82.260,100,82.280,2019-05-22,10:58:57,00";
var hq_str_sh603259="药明康德,81.370,81.120,82.170,82.380,80.870,82.030,82.170,1860648,151972654.000,2400,82.030,3100,81.950,300,81.910,1160,81.900,100,81.890,100,82.170,400,82.180,400,82.190,7089,82.200,100,82.220,2019-05-22,10:59:57,00";
var hq_str_sh603259="药明康德,81.370,81.120,82.000,82.380,80.870,81.950,82.000,1868448,152612254.000,1300,81.950,300,81.910,1160,81.900,100,81.890,200,81.880,12600,82.000,100,82.030,1700,82.150,900,82.160,1000,82.170,2019-05-22,11:00:54,00";
var hq_str_sh603259="药明康德,81.370,81.120,81.960,82.380,80.870,81.960,82.000,1892348,154571428.000,260,81.960,300,81.910,1300,81.900,100,81.890,200,81.880,13800,82.000,500,82.030,1600,82.150,900,82.160,1000,82.170,2019-05-22,11:01:54,00";
var hq_str_sh603259="药明康德,81.370,81.120,81.960,82.380,80.870,81.930,81.960,1904608,155576587.000,300,81.930,300,81.920,600,81.910,1200,81.900,100,81.890,4040,81.960,7100,82.000,400,82.030,200,82.080,1600,82.150,2019-05-22,11:02:57,00";
var hq_str_sh603259="药明康德,81.370,81.120,81.960,82.380,80.870,81.900,81.960,1918308,156698934.000,2200,81.900,800,81.880,2000,81.860,100,81.820,200,81.810,200,81.960,1800,82.000,400,82.030,200,82.080,300,82.100,2019-05-22,11:03:57,00";
var hq_str_sh603259="药明康德,81.370,81.120,81.960,82.380,80.870,81.960,81.980,1924148,157177404.000,200,81.960,560,81.900,800,81.880,1900,81.820,200,81.810,600,81.980,500,81.990,26300,82.000,1300,82.030,200,82.080,2019-05-22,11:05:00,00";
var hq_str_sh603259="药明康德,81.370,81.120,81.990,82.380,80.870,81.990,82.000,1945348,158915599.000,100,81.990,560,81.900,800,81.880,1900,81.820,200,81.810,17500,82.000,1300,82.030,200,82.080,300,82.100,600,82.150,2019-05-22,11:05:57,00";
var hq_str_sh603259="药明康德,81.370,81.120,81.990,82.380,80.870,81.990,82.090,1968348,160801684.000,200,81.990,100,81.910,200,81.900,200,81.890,1400,81.880,100,82.090,15500,82.100,1600,82.150,900,82.160,1000,82.170,2019-05-22,11:06:57,00";
var hq_str_sh603259="药明康德,81.370,81.120,82.090,82.380,80.870,82.090,82.100,1979848,161745698.000,800,82.090,3200,81.920,200,81.900,400,81.890,1400,81.880,10700,82.100,600,82.150,900,82.160,1000,82.170,2200,82.190,2019-05-22,11:07:57,00";
var hq_str_sh603259="药明康德,81.370,81.120,82.100,82.380,80.870,81.920,82.100,1991448,162697924.000,200,81.920,500,81.900,800,81.890,1400,81.880,1900,81.820,400,82.100,600,82.150,900,82.160,1000,82.170,2200,82.190,2019-05-22,11:08:57,00";
var hq_str_sh603259="药明康德,81.370,81.120,81.970,82.380,80.870,81.970,82.000,1994448,162944104.000,3000,81.970,400,81.960,300,81.930,400,81.920,500,81.910,200,82.000,600,82.010,10400,82.100,500,82.140,10900,82.150,2019-05-22,11:10:00,00";
var hq_str_sh603259="药明康德,81.370,81.120,82.100,82.380,80.870,82.010,82.100,2009048,164142582.000,2400,82.010,100,81.970,400,81.960,300,81.930,200,81.920,300,82.100,500,82.140,10800,82.150,900,82.160,1000,82.170,2019-05-22,11:10:57,00";
var hq_str_sh603259="药明康德,81.370,81.120,81.960,82.380,80.870,81.970,82.000,2013148,164479092.000,3100,81.970,300,81.960,200,81.930,200,81.920,500,81.910,3789,82.000,1098,82.100,500,82.130,1200,82.140,10800,82.150,2019-05-22,11:11:57,00";
var hq_str_sh603259="药明康德,81.370,81.120,81.980,82.380,80.870,81.980,81.990,2015648,164684053.000,2100,81.980,300,81.960,200,81.930,200,81.920,600,81.910,600,81.990,3189,82.000,100,82.080,500,82.090,1098,82.100,2019-05-22,11:12:57,00";
var hq_str_sh603259="药明康德,81.370,81.120,81.930,82.380,80.870,81.920,81.930,2018948,164954565.000,200,81.920,600,81.910,500,81.900,300,81.890,800,81.880,100,81.930,498,81.980,400,81.990,2989,82.000,100,82.080,2019-05-22,11:13:54,00";
var hq_str_sh603259="药明康德,81.370,81.120,81.910,82.380,80.870,81.900,81.920,2023248,165306815.000,500,81.900,300,81.890,800,81.880,1900,81.820,300,81.810,1900,81.920,400,81.990,2989,82.000,100,82.080,500,82.090,2019-05-22,11:14:57,00";
var hq_str_sh603259="药明康德,81.370,81.120,81.890,82.380,80.870,81.890,81.900,2024048,165372332.000,200,81.890,800,81.880,1900,81.820,300,81.810,1800,81.800,1500,81.900,1300,81.920,100,81.980,100,81.990,3189,82.000,2019-05-22,11:15:57,00";
var hq_str_sh603259="药明康德,81.370,81.120,81.890,82.380,80.870,81.890,81.900,2027648,165667120.000,2500,81.890,300,81.880,2000,81.820,300,81.810,1800,81.800,1400,81.900,1300,81.920,100,81.980,100,81.990,3189,82.000,2019-05-22,11:16:57,00";
var hq_str_sh603259="药明康德,81.370,81.120,81.900,82.380,80.870,81.890,81.900,2030248,165880047.000,1700,81.890,300,81.880,500,81.830,2000,81.820,300,81.810,300,81.900,200,81.920,100,81.980,100,81.990,3189,82.000,2019-05-22,11:17:57,00";
var hq_str_sh603259="药明康德,81.370,81.120,81.920,82.380,80.870,81.900,81.980,2033148,166117546.000,200,81.900,3100,81.890,200,81.880,500,81.830,2000,81.820,100,81.980,500,81.990,3289,82.000,100,82.080,500,82.090,2019-05-22,11:18:57,00";
var hq_str_sh603259="药明康德,81.370,81.120,81.830,82.380,80.870,81.830,81.850,2037048,166436955.000,400,81.830,2000,81.820,300,81.810,1800,81.800,300,81.760,400,81.850,500,81.860,2800,81.880,100,81.890,7200,81.900,2019-05-22,11:19:57,00";
var hq_str_sh603259="药明康德,81.370,81.120,81.810,82.380,80.870,81.820,81.830,2041848,166829691.000,1000,81.820,3000,81.810,1200,81.800,300,81.760,800,81.750,100,81.830,100,81.850,100,81.860,200,81.880,7200,81.900,2019-05-22,11:21:00,00";
var hq_str_sh603259="药明康德,81.370,81.120,81.830,82.380,80.870,81.820,81.830,2045348,167116093.000,200,81.820,200,81.810,1600,81.800,300,81.760,800,81.750,3300,81.830,600,81.850,100,81.860,200,81.880,7200,81.900,2019-05-22,11:21:57,00";
var hq_str_sh603259="药明康德,81.370,81.120,81.750,82.380,80.870,81.740,81.750,2052948,167737519.000,3000,81.740,1100,81.710,700,81.700,1000,81.650,100,81.630,1889,81.750,100,81.820,2600,81.830,100,81.850,100,81.860,2019-05-22,11:22:57,00";
var hq_str_sh603259="药明康德,81.370,81.120,81.650,82.380,80.870,81.620,81.700,2067648,168938130.000,1600,81.620,1000,81.610,1100,81.600,700,81.580,1000,81.570,1689,81.700,700,81.710,700,81.750,2600,81.830,100,81.860,2019-05-22,11:24:00,00";
var hq_str_sh603259="药明康德,81.370,81.120,81.900,82.380,80.870,81.890,81.900,2075976,169619300.000,1000,81.890,1000,81.880,2300,81.830,500,81.800,300,81.760,1,81.900,2000,81.970,200,81.990,400,82.000,100,82.080,2019-05-22,11:24:57,00";
var hq_str_sh603259="药明康德,81.370,81.120,81.970,82.380,80.870,81.960,81.970,2078977,169865214.000,200,81.960,2299,81.920,1000,81.900,1300,81.880,1500,81.800,2100,81.970,300,81.990,400,82.000,400,82.020,100,82.080,2019-05-22,11:25:54,00";
var hq_str_sh603259="药明康德,81.370,81.120,81.760,82.380,80.870,81.760,81.920,2092277,170954729.000,200,81.760,100,81.710,1300,81.700,200,81.650,2300,81.630,100,81.920,100,81.930,4144,81.960,800,82.000,400,82.020,2019-05-22,11:26:57,00";
var hq_str_sh603259="药明康德,81.370,81.120,81.940,82.380,80.870,81.710,81.860,2101777,171730836.000,700,81.710,400,81.660,400,81.620,1200,81.610,1100,81.600,400,81.860,2500,81.940,900,81.950,14144,81.960,800,82.000,2019-05-22,11:28:00,00";
var hq_str_sh603259="药明康德,81.370,81.120,81.680,82.380,80.870,81.680,81.730,2107177,172172110.000,400,81.680,2600,81.670,1300,81.660,100,81.630,400,81.620,100,81.730,400,81.860,100,81.900,600,81.920,1800,81.940,2019-05-22,11:28:51,00";
var hq_str_sh603259="药明康德,81.370,81.120,81.680,82.380,80.870,81.680,81.700,2111321,172510679.000,800,81.680,1356,81.670,1300,81.660,100,81.650,100,81.630,200,81.700,100,81.860,600,81.920,300,81.930,1800,81.940,2019-05-22,11:29:54,00";
var hq_str_sh603259="药明康德,81.370,81.120,81.680,82.380,80.870,81.680,81.700,2111321,172510679.000,800,81.680,1356,81.670,1300,81.660,100,81.650,100,81.630,300,81.700,600,81.920,300,81.930,1800,81.940,800,81.950,2019-05-22,11:30:00,00";
var hq_str_sh603259="药明康德,81.370,81.120,81.700,82.380,80.870,81.700,81.880,2118321,173082435.000,100,81.700,4256,81.670,1300,81.660,100,81.650,100,81.630,300,81.880,300,81.910,200,81.920,300,81.930,1800,81.940,2019-05-22,13:00:57,00";
var hq_str_sh603259="药明康德,81.370,81.120,81.670,82.380,80.870,81.670,81.890,2125421,173663872.000,56,81.670,1300,81.660,100,81.650,100,81.630,600,81.620,400,81.890,400,81.930,1200,81.940,1100,81.950,10200,81.960,2019-05-22,13:01:54,00";
var hq_str_sh603259="药明康德,81.370,81.120,81.880,82.380,80.870,81.670,81.880,2131721,174179116.000,1556,81.670,1300,81.660,100,81.650,100,81.630,600,81.620,200,81.880,300,81.910,400,81.930,1100,81.940,1100,81.950,2019-05-22,13:02:57,00";
var hq_str_sh603259="药明康德,81.370,81.120,81.680,82.380,80.870,81.670,81.680,2134221,174383353.000,1656,81.670,1300,81.660,100,81.650,100,81.630,600,81.620,3400,81.680,1000,81.860,200,81.900,400,81.930,1100,81.940,2019-05-22,13:03:54,00";
var hq_str_sh603259="药明康德,81.370,81.120,81.660,82.380,80.870,81.660,81.670,2144677,175237310.000,1000,81.660,100,81.650,100,81.630,600,81.620,1200,81.610,8900,81.670,16044,81.680,600,81.850,6000,81.860,5200,81.900,2019-05-22,13:04:51,00";
var hq_str_sh603259="药明康德,81.370,81.120,81.670,82.380,80.870,81.650,81.670,2148377,175539465.000,300,81.650,200,81.630,700,81.620,1200,81.610,1100,81.600,7800,81.670,15944,81.680,600,81.850,6000,81.860,5200,81.900,2019-05-22,13:05:54,00";
var hq_str_sh603259="药明康德,81.370,81.120,81.640,82.380,80.870,81.640,81.650,2152177,175849706.000,1900,81.640,300,81.630,700,81.620,1200,81.610,1100,81.600,100,81.650,7500,81.670,15944,81.680,100,81.800,600,81.850,2019-05-22,13:07:00,00";
var hq_str_sh603259="药明康德,81.370,81.120,81.660,82.380,80.870,81.660,81.670,2155977,176159996.000,400,81.660,100,81.650,300,81.640,300,81.630,700,81.620,6500,81.670,15944,81.680,100,81.710,100,81.800,600,81.850,2019-05-22,13:07:54,00";
var hq_str_sh603259="药明康德,81.370,81.120,81.650,82.380,80.870,81.650,81.670,2158477,176364144.000,3900,81.650,500,81.640,300,81.630,700,81.620,1200,81.610,6100,81.670,15944,81.680,100,81.710,100,81.800,600,81.850,2019-05-22,13:08:54,00";
var hq_str_sh603259="药明康德,81.370,81.120,81.650,82.380,80.870,81.650,81.660,2166877,177050009.000,200,81.650,300,81.640,300,81.630,700,81.620,1200,81.610,300,81.660,5300,81.670,15944,81.680,100,81.710,200,81.800,2019-05-22,13:09:54,00";
var hq_str_sh603259="药明康德,81.370,81.120,81.650,82.380,80.870,81.640,81.650,2169477,177262287.000,4100,81.640,300,81.630,700,81.620,1200,81.610,1100,81.600,3800,81.650,5200,81.670,15944,81.680,100,81.710,200,81.800,2019-05-22,13:10:54,00";
var hq_str_sh603259="药明康德,81.370,81.120,81.650,82.380,80.870,81.640,81.650,2180077,178127692.000,800,81.640,700,81.620,1200,81.610,1100,81.600,700,81.580,400,81.650,5200,81.670,15944,81.680,100,81.710,200,81.800,2019-05-22,13:11:57,00";
var hq_str_sh603259="药明康德,81.370,81.120,81.650,82.380,80.870,81.650,81.660,2185177,178544184.000,3300,81.650,100,81.640,400,81.630,1400,81.620,1200,81.610,200,81.660,2000,81.670,15944,81.680,100,81.710,200,81.750,2019-05-22,13:12:54,00";
var hq_str_sh603259="药明康德,81.370,81.120,81.630,82.380,80.870,81.620,81.630,2192277,179123940.000,1400,81.620,1200,81.610,1100,81.600,700,81.580,1000,81.570,4900,81.630,500,81.640,6700,81.650,11900,81.660,2000,81.670,2019-05-22,13:14:00,00";
var hq_str_sh603259="药明康德,81.370,81.120,81.630,82.380,80.870,81.620,81.630,2197077,179515699.000,3000,81.620,1200,81.600,1000,81.580,1000,81.570,300,81.560,4300,81.630,5600,81.640,11700,81.650,16700,81.660,2000,81.670,2019-05-22,13:14:57,00";
var hq_str_sh603259="药明康德,81.370,81.120,81.620,82.380,80.870,81.620,81.630,2200477,179793217.000,1700,81.620,100,81.610,1300,81.600,1000,81.580,1000,81.570,3400,81.630,5700,81.640,11700,81.650,16500,81.660,2000,81.670,2019-05-22,13:15:54,00";
var hq_str_sh603259="药明康德,81.370,81.120,81.630,82.380,80.870,81.620,81.630,2203677,180054419.000,1800,81.620,1100,81.610,1400,81.600,1000,81.580,1000,81.570,1700,81.630,5600,81.640,11700,81.650,16500,81.660,2000,81.670,2019-05-22,13:16:57,00";
var hq_str_sh603259="药明康德,81.370,81.120,81.620,82.380,80.870,81.620,81.630,2209177,180503347.000,2400,81.620,800,81.610,1300,81.600,1000,81.580,1000,81.570,200,81.630,5600,81.640,11700,81.650,15500,81.660,2000,81.670,2019-05-22,13:17:57,00";
var hq_str_sh603259="药明康德,81.370,81.120,81.630,82.380,80.870,81.630,81.640,2213877,180887001.000,400,81.630,400,81.620,800,81.610,1200,81.600,1000,81.580,4500,81.640,10700,81.650,15500,81.660,2000,81.670,15944,81.680,2019-05-22,13:18:51,00";
var hq_str_sh603259="药明康德,81.370,81.120,81.630,82.380,80.870,81.630,81.640,2216477,181099251.000,3400,81.630,400,81.620,800,81.610,1200,81.600,1000,81.580,3200,81.640,10700,81.650,20500,81.660,2000,81.670,15944,81.680,2019-05-22,13:19:57,00";
var hq_str_sh603259="药明康德,81.370,81.120,81.650,82.380,80.870,81.640,81.650,2221877,181540110.000,300,81.640,2500,81.630,400,81.620,800,81.610,1200,81.600,9900,81.650,20500,81.660,2000,81.670,15944,81.680,600,81.700,2019-05-22,13:20:57,00";
var hq_str_sh603259="药明康德,81.370,81.120,81.650,82.380,80.870,81.640,81.650,2223677,181687071.000,1500,81.640,1300,81.630,400,81.620,800,81.610,1200,81.600,9000,81.650,20500,81.660,2000,81.670,16244,81.680,600,81.700,2019-05-22,13:21:57,00";
var hq_str_sh603259="药明康德,81.370,81.120,81.640,82.380,80.870,81.640,81.650,2225677,181850357.000,4100,81.640,900,81.630,900,81.620,800,81.610,1200,81.600,8600,81.650,20500,81.660,2000,81.670,16244,81.680,600,81.700,2019-05-22,13:23:00,00";
var hq_str_sh603259="药明康德,81.370,81.120,81.640,82.380,80.870,81.640,81.650,2231177,182299420.000,4000,81.640,900,81.630,900,81.620,800,81.610,1200,81.600,4300,81.650,20500,81.660,2000,81.670,16244,81.680,600,81.700,2019-05-22,13:24:00,00";
var hq_str_sh603259="药明康德,81.370,81.120,81.610,82.380,80.870,81.610,81.620,2242677,183238185.000,300,81.610,500,81.600,700,81.580,1000,81.570,1000,81.550,200,81.620,1700,81.630,9000,81.640,3200,81.650,25500,81.660,2019-05-22,13:24:57,00";
var hq_str_sh603259="药明康德,81.370,81.120,81.610,82.380,80.870,81.560,81.610,2249277,183776619.000,3100,81.560,200,81.550,1200,81.530,6100,81.520,500,81.510,500,81.610,1200,81.630,9000,81.640,3200,81.650,30500,81.660,2019-05-22,13:25:57,00";
var hq_str_sh603259="药明康德,81.370,81.120,81.630,82.380,80.870,81.620,81.630,2260377,184682307.000,300,81.620,400,81.610,5500,81.600,200,81.590,100,81.570,10600,81.630,8900,81.640,3200,81.650,30500,81.660,2000,81.670,2019-05-22,13:26:57,00";
var hq_str_sh603259="药明康德,81.370,81.120,81.630,82.380,80.870,81.630,81.640,2277277,186061888.000,3400,81.630,1000,81.620,300,81.610,200,81.590,100,81.570,4500,81.640,3300,81.650,30800,81.660,2000,81.670,16544,81.680,2019-05-22,13:28:00,00";
var hq_str_sh603259="药明康德,81.370,81.120,81.630,82.380,80.870,81.630,81.640,2282377,186478220.000,600,81.630,1000,81.620,300,81.610,200,81.590,100,81.570,3300,81.640,3600,81.650,30500,81.660,2000,81.670,16244,81.680,2019-05-22,13:28:57,00";
var hq_str_sh603259="药明康德,81.370,81.120,81.620,82.380,80.870,81.620,81.630,2288177,186951650.000,2800,81.620,300,81.610,200,81.590,100,81.570,700,81.550,3500,81.630,3100,81.640,3200,81.650,35600,81.660,2000,81.670,2019-05-22,13:29:57,00";
var hq_str_sh603259="药明康德,81.370,81.120,81.620,82.380,80.870,81.610,81.630,2293677,187400569.000,400,81.610,200,81.590,100,81.570,700,81.550,1200,81.530,2000,81.630,2600,81.640,3200,81.650,35500,81.660,2000,81.670,2019-05-22,13:30:54,00";
var hq_str_sh603259="药明康德,81.370,81.120,81.520,82.380,80.870,81.520,81.560,2301377,188028513.000,5700,81.520,400,81.510,10600,81.500,300,81.490,300,81.450,700,81.560,800,81.590,500,81.600,500,81.620,1900,81.630,2019-05-22,13:31:57,00";
var hq_str_sh603259="药明康德,81.370,81.120,81.620,82.380,80.870,81.600,81.620,2329977,190362061.000,11500,81.600,800,81.520,400,81.510,10700,81.500,300,81.490,700,81.620,2100,81.650,35500,81.660,2000,81.670,16244,81.680,2019-05-22,13:32:57,00";
var hq_str_sh603259="药明康德,81.370,81.120,81.900,82.380,80.870,81.890,81.900,2411221,197000963.000,500,81.890,10000,81.860,2500,81.760,700,81.730,200,81.690,4100,81.900,200,81.920,300,81.930,100,81.940,6000,81.950,2019-05-22,13:33:57,00";
var hq_str_sh603259="药明康德,81.370,81.120,81.960,82.380,80.870,81.950,81.960,2453421,200458502.000,2100,81.950,200,81.920,200,81.910,800,81.550,300,81.540,10300,81.960,4200,81.980,200,81.990,5900,82.000,5300,82.050,2019-05-22,13:34:57,00";
var hq_str_sh603259="药明康德,81.370,81.120,82.080,82.380,80.870,82.060,82.080,2494921,203861735.000,300,82.060,5500,82.050,400,82.020,100,81.990,900,81.960,300,82.080,600,82.090,6800,82.100,1000,82.130,100,82.140,2019-05-22,13:35:57,00";
var hq_str_sh603259="药明康德,81.370,81.120,82.020,82.380,80.870,82.030,82.040,2513921,205421187.000,300,82.030,300,82.020,900,81.960,200,81.910,6000,81.600,100,82.040,400,82.050,400,82.060,500,82.070,100,82.080,2019-05-22,13:36:57,00";
var hq_str_sh603259="药明康德,81.370,81.120,81.740,82.380,80.870,81.700,81.740,2519521,205879384.000,400,81.700,2000,81.680,800,81.650,1000,81.640,900,81.610,300,81.740,100,81.790,500,81.910,100,81.930,100,81.940,2019-05-22,13:37:57,00";
var hq_str_sh603259="药明康德,81.370,81.120,81.910,82.380,80.870,81.910,81.920,2522721,206141080.000,1400,81.910,5000,81.850,3000,81.800,700,81.790,400,81.750,400,81.920,100,81.930,300,81.960,100,81.980,200,81.990,2019-05-22,13:38:57,00";
var hq_str_sh603259="药明康德,81.370,81.120,82.010,82.380,80.870,82.010,82.020,2528721,206632836.000,200,82.010,7100,82.000,3100,81.910,1000,81.900,100,81.860,300,82.020,1600,82.050,400,82.080,3400,82.090,4700,82.100,2019-05-22,13:39:57,00";
var hq_str_sh603259="药明康德,81.370,81.120,82.020,82.380,80.870,82.020,82.030,2535421,207182357.000,1700,82.020,500,82.010,7100,82.000,100,81.910,1000,81.900,300,82.030,1100,82.040,1600,82.050,200,82.080,4000,82.090,2019-05-22,13:40:51,00";
var hq_str_sh603259="药明康德,81.370,81.120,82.000,82.380,80.870,82.000,82.010,2551121,208469797.000,10000,82.000,1100,81.900,100,81.860,400,81.750,100,81.730,1600,82.010,900,82.020,600,82.040,2211,82.050,700,82.080,2019-05-22,13:42:00,00";
var hq_str_sh603259="药明康德,81.370,81.120,82.050,82.380,80.870,82.030,82.050,2566621,209741067.000,2000,82.030,100,82.020,100,82.010,4900,82.000,800,81.900,2811,82.050,1300,82.080,3500,82.090,5800,82.100,2100,82.130,2019-05-22,13:43:00,00";
var hq_str_sh603259="药明康德,81.370,81.120,82.070,82.380,80.870,82.070,82.080,2587432,211448142.000,400,82.070,100,82.060,1989,82.050,800,81.900,100,81.860,1200,82.080,3500,82.090,5800,82.100,2100,82.130,100,82.140,2019-05-22,13:43:57,00";
var hq_str_sh603259="药明康德,81.370,81.120,82.000,82.380,80.870,82.000,82.030,2604221,212826256.000,5900,82.000,2900,81.910,700,81.900,100,81.860,700,81.750,200,82.030,1100,82.050,100,82.080,500,82.090,8600,82.100,2019-05-22,13:44:57,00";
var hq_str_sh603259="药明康德,81.370,81.120,82.070,82.380,80.870,82.040,82.070,2612321,213490709.000,1000,82.040,300,82.020,5100,82.000,700,81.900,100,81.860,4900,82.070,300,82.080,1100,82.090,13800,82.100,200,82.110,2019-05-22,13:45:57,00";
var hq_str_sh603259="药明康德,81.370,81.120,82.080,82.380,80.870,82.060,82.090,2622521,214327599.000,800,82.060,1000,82.050,9400,82.040,2700,82.010,4100,82.000,1400,82.090,13600,82.100,300,82.110,1500,82.120,1600,82.130,2019-05-22,13:46:57,00";
var hq_str_sh603259="药明康德,81.370,81.120,82.090,82.380,80.870,82.090,82.100,2652021,216749480.000,1500,82.090,9300,82.040,4000,82.000,700,81.900,100,81.860,3300,82.100,500,82.120,1600,82.130,100,82.140,1100,82.150,2019-05-22,13:47:54,00";
var hq_str_sh603259="药明康德,81.370,81.120,81.990,82.380,80.870,81.990,82.000,2674421,218586867.000,500,81.990,700,81.900,100,81.860,100,81.800,800,81.750,900,82.000,1200,82.020,400,82.030,300,82.040,500,82.050,2019-05-22,13:48:57,00";
var hq_str_sh603259="药明康德,81.370,81.120,81.770,82.380,80.870,81.770,81.840,2679221,218979658.000,700,81.770,600,81.760,1000,81.750,100,81.730,300,81.710,600,81.840,100,81.900,300,81.970,400,81.980,200,82.000,2019-05-22,13:49:57,00";
var hq_str_sh603259="药明康德,81.370,81.120,81.960,82.380,80.870,81.910,81.960,2708421,221373036.000,300,81.910,400,81.860,900,81.850,900,81.780,200,81.770,9300,81.960,500,82.010,400,82.030,300,82.040,13600,82.090,2019-05-22,13:50:57,00";
var hq_str_sh603259="药明康德,81.370,81.120,82.040,82.380,80.870,82.040,82.050,2735021,223554150.000,11000,82.040,7000,81.960,2600,81.950,100,81.900,100,81.870,800,82.050,100,82.070,7300,82.090,62100,82.100,500,82.120,2019-05-22,13:51:57,00";
var hq_str_sh603259="药明康德,81.370,81.120,82.060,82.380,80.870,81.920,82.060,2766021,226098868.000,100,81.920,20100,81.900,300,81.860,100,81.800,900,81.780,8600,82.060,4400,82.070,300,82.080,7500,82.090,55900,82.100,2019-05-22,13:52:57,00";
var hq_str_sh603259="药明康德,81.370,81.120,82.000,82.380,80.870,82.040,82.050,2778941,227157719.000,300,82.040,300,82.030,5280,82.000,300,81.930,100,81.900,2400,82.050,1400,82.070,7700,82.090,56200,82.100,5300,82.110,2019-05-22,13:54:00,00";
var hq_str_sh603259="药明康德,81.370,81.120,81.930,82.380,80.870,81.910,81.950,2787221,227836628.000,400,81.910,100,81.900,300,81.860,100,81.800,900,81.780,900,81.950,5600,81.960,4320,82.000,200,82.030,300,82.050,2019-05-22,13:54:51,00";
var hq_str_sh603259="药明康德,81.370,81.120,82.050,82.380,80.870,82.070,82.080,2804141,229224012.000,2800,82.070,10380,82.000,700,81.920,100,81.910,500,81.900,600,82.080,8400,82.090,56000,82.100,5300,82.110,500,82.120,2019-05-22,13:55:57,00";
var hq_str_sh603259="药明康德,81.370,81.120,82.010,82.380,80.870,82.010,82.040,2818441,230397833.000,600,82.010,10380,82.000,300,81.920,100,81.910,500,81.900,1100,82.040,2200,82.070,12800,82.080,3700,82.090,52700,82.100,2019-05-22,13:56:57,00";
var hq_str_sh603259="药明康德,81.370,81.120,82.020,82.380,80.870,82.030,82.040,2824941,230930995.000,200,82.030,300,82.010,10380,82.000,100,81.980,300,81.920,3800,82.040,100,82.050,2000,82.070,13100,82.080,1200,82.090,2019-05-22,13:58:00,00";
var hq_str_sh603259="药明康德,81.370,81.120,82.040,82.380,80.870,82.040,82.060,2836141,231849903.000,2800,82.040,400,82.010,10480,82.000,100,81.980,300,81.920,100,82.060,1800,82.070,13200,82.080,1200,82.090,53500,82.100,2019-05-22,13:59:00,00";
var hq_str_sh603259="药明康德,81.370,81.120,82.070,82.380,80.870,82.090,82.100,2908741,237809831.000,4900,82.090,300,82.070,4400,82.060,1900,82.050,2100,82.040,3300,82.100,5200,82.110,500,82.120,1600,82.130,2200,82.150,2019-05-22,13:59:57,00";
var hq_str_sh603259="药明康德,81.370,81.120,82.320,82.380,80.870,82.320,82.330,2987941,244322154.000,100,82.320,500,82.310,500,82.300,1800,82.290,100,82.280,1600,82.330,1900,82.350,300,82.360,1800,82.370,4900,82.380,2019-05-22,14:00:54,00";
var hq_str_sh603259="药明康德,81.370,81.120,82.380,82.400,80.870,82.380,82.400,3008641,246027059.000,800,82.380,1800,82.370,500,82.350,1600,82.320,1100,82.310,2600,82.400,500,82.410,4500,82.430,500,82.440,2500,82.450,2019-05-22,14:01:54,00";
var hq_str_sh603259="药明康德,81.370,81.120,82.320,82.400,80.870,82.320,82.380,3022441,247163950.000,300,82.320,100,82.310,500,82.300,500,82.230,500,82.220,2800,82.380,1500,82.390,2300,82.400,500,82.410,200,82.420,2019-05-22,14:02:54,00";
var hq_str_sh603259="药明康德,81.370,81.120,82.280,82.400,80.870,82.150,82.280,3028141,247632500.000,100,82.150,2000,82.130,500,82.120,300,82.060,800,82.050,1000,82.280,700,82.290,1500,82.300,300,82.320,1200,82.350,2019-05-22,14:03:57,00";
var hq_str_sh603259="药明康德,81.370,81.120,82.260,82.400,80.870,82.220,82.260,3037141,248372194.000,100,82.220,200,82.160,3200,82.150,400,82.130,500,82.120,200,82.260,1100,82.280,500,82.290,1500,82.300,300,82.320,2019-05-22,14:04:57,00";
var hq_str_sh603259="药明康德,81.370,81.120,82.200,82.400,80.870,82.210,82.250,3047141,249194020.000,500,82.210,1600,82.200,300,82.140,400,82.130,500,82.120,2800,82.250,2100,82.260,700,82.270,600,82.280,500,82.290,2019-05-22,14:05:57,00";
var hq_str_sh603259="药明康德,81.370,81.120,82.430,82.430,80.870,82.420,82.430,3084141,252240034.000,300,82.420,1100,82.410,300,82.310,200,82.290,700,82.270,4400,82.430,700,82.440,2000,82.450,2000,82.470,5900,82.480,2019-05-22,14:06:57,00";
var hq_str_sh603259="药明康德,81.370,81.120,82.500,82.500,80.870,82.490,82.500,3138541,256726610.000,1400,82.490,300,82.480,2000,82.430,3500,82.420,100,82.410,8700,82.500,800,82.520,100,82.530,1000,82.560,300,82.570,2019-05-22,14:08:00,00";
var hq_str_sh603259="药明康德,81.370,81.120,82.150,82.560,80.870,82.150,82.240,3180141,260156957.000,700,82.150,500,82.140,200,82.120,1000,82.110,200,82.050,100,82.240,100,82.250,700,82.260,1500,82.270,1000,82.280,2019-05-22,14:08:57,00";
var hq_str_sh603259="药明康德,81.370,81.120,82.170,82.560,80.870,82.150,82.160,3188841,260871626.000,500,82.150,1400,82.130,3600,82.120,1000,82.110,100,82.050,100,82.160,100,82.170,200,82.250,100,82.270,100,82.300,2019-05-22,14:09:57,00";
var hq_str_sh603259="药明康德,81.370,81.120,82.300,82.560,80.870,82.300,82.350,3193241,261233430.000,300,82.300,300,82.250,2700,82.210,400,82.200,600,82.190,600,82.350,2800,82.380,400,82.400,1000,82.420,2000,82.430,2019-05-22,14:10:54,00";
var hq_str_sh603259="药明康德,81.370,81.120,82.300,82.560,80.870,82.300,82.310,3207341,262393898.000,3400,82.300,600,82.290,900,82.250,400,82.200,600,82.190,2100,82.310,400,82.320,600,82.330,800,82.350,100,82.360,2019-05-22,14:11:57,00";
var hq_str_sh603259="药明康德,81.370,81.120,82.290,82.560,80.870,82.280,82.290,3219741,263414364.000,200,82.280,400,82.200,600,82.190,2000,82.180,500,82.130,200,82.290,7700,82.300,800,82.310,600,82.330,500,82.350,2019-05-22,14:12:57,00";
var hq_str_sh603259="药明康德,81.370,81.120,82.260,82.560,80.870,82.260,82.270,3235741,264730871.000,2900,82.260,500,82.200,600,82.190,2000,82.180,500,82.130,500,82.270,4000,82.280,500,82.290,3400,82.300,100,82.310,2019-05-22,14:14:00,00";
var hq_str_sh603259="药明康德,81.370,81.120,82.190,82.560,80.870,82.190,82.260,3244341,265438275.000,600,82.190,2000,82.180,500,82.130,500,82.120,1000,82.110,4200,82.260,600,82.270,2600,82.280,600,82.290,3600,82.300,2019-05-22,14:14:54,00";
var hq_str_sh603259="药明康德,81.370,81.120,82.190,82.560,80.870,82.200,82.270,3262441,266927387.000,2900,82.200,400,82.190,2000,82.180,600,82.130,500,82.120,500,82.270,300,82.280,400,82.290,3100,82.300,100,82.310,2019-05-22,14:15:57,00";
var hq_str_sh603259="药明康德,81.370,81.120,82.280,82.560,80.870,82.270,82.280,3266841,267289298.000,1700,82.270,6000,82.260,200,82.210,400,82.200,100,82.190,200,82.280,200,82.290,4000,82.300,100,82.310,1500,82.350,2019-05-22,14:16:57,00";
var hq_str_sh603259="药明康德,81.370,81.120,82.340,82.560,80.870,82.340,82.370,3279741,268351169.000,2000,82.340,200,82.310,500,82.300,1700,82.280,600,82.270,300,82.370,200,82.380,900,82.400,1000,82.420,2000,82.430,2019-05-22,14:17:57,00";
var hq_str_sh603259="药明康德,81.370,81.120,82.500,82.560,80.870,82.480,82.500,3298175,269870824.000,200,82.480,600,82.460,2400,82.450,100,82.430,400,82.370,8400,82.500,500,82.540,4400,82.550,3300,82.560,300,82.570,2019-05-22,14:18:57,00";
var hq_str_sh603259="药明康德,81.370,81.120,82.490,82.560,80.870,82.480,82.490,3321775,271817691.000,3200,82.480,100,82.430,100,82.310,2000,82.290,1600,82.280,900,82.490,1800,82.500,700,82.510,700,82.520,1000,82.530,2019-05-22,14:19:57,00";
var hq_str_sh603259="药明康德,81.370,81.120,82.480,82.560,80.870,82.460,82.480,3337775,273137397.000,700,82.460,800,82.320,600,82.310,3400,82.300,1600,82.280,700,82.480,1600,82.500,600,82.510,800,82.520,1000,82.530,2019-05-22,14:20:57,00";
var hq_str_sh603259="药明康德,81.370,81.120,82.320,82.560,80.870,82.320,82.330,3341475,273442144.000,300,82.320,600,82.310,3400,82.300,1600,82.280,600,82.270,400,82.330,100,82.430,300,82.450,1000,82.460,400,82.480,2019-05-22,14:21:54,00";
var hq_str_sh603259="药明康德,81.370,81.120,82.390,82.560,80.870,82.340,82.390,3347075,273903203.000,1600,82.340,600,82.310,3400,82.300,1600,82.280,600,82.270,800,82.390,1500,82.400,900,82.440,1600,82.450,900,82.460,2019-05-22,14:22:57,00";
var hq_str_sh603259="药明康德,81.370,81.120,82.310,82.560,80.870,82.310,82.350,3350675,274199675.000,300,82.310,3400,82.300,1600,82.280,600,82.270,100,82.260,200,82.350,200,82.380,400,82.390,1500,82.400,200,82.430,2019-05-22,14:23:51,00";
var hq_str_sh603259="药明康德,81.370,81.120,82.370,82.560,80.870,82.350,82.390,3353275,274413741.000,300,82.350,2500,82.320,500,82.310,3400,82.300,1600,82.280,400,82.390,1700,82.400,100,82.420,200,82.430,900,82.440,2019-05-22,14:24:57,00";
var hq_str_sh603259="药明康德,81.370,81.120,82.380,82.560,80.870,82.350,82.380,3357875,274792715.000,2800,82.350,500,82.330,400,82.320,400,82.310,3400,82.300,1200,82.380,300,82.390,2900,82.400,100,82.420,200,82.430,2019-05-22,14:25:54,00";
var hq_str_sh603259="药明康德,81.370,81.120,82.390,82.560,80.870,82.390,82.420,3367875,275616534.000,1000,82.390,400,82.360,1900,82.350,500,82.330,400,82.320,300,82.420,200,82.430,500,82.440,500,82.450,700,82.460,2019-05-22,14:26:57,00";
var hq_str_sh603259="药明康德,81.370,81.120,82.380,82.560,80.870,82.370,82.380,3370875,275863679.000,300,82.370,1300,82.360,1900,82.350,500,82.330,400,82.320,1100,82.380,600,82.390,400,82.410,200,82.430,500,82.440,2019-05-22,14:27:54,00";
var hq_str_sh603259="药明康德,81.370,81.120,82.320,82.560,80.870,82.300,82.320,3382375,276810794.000,3500,82.300,1600,82.280,300,82.270,100,82.260,100,82.200,1100,82.320,5000,82.330,7900,82.350,8300,82.360,1800,82.380,2019-05-22,14:28:57,00";
var hq_str_sh603259="药明康德,81.370,81.120,82.320,82.560,80.870,82.320,82.330,3398475,278136356.000,2700,82.320,200,82.310,3200,82.300,1600,82.280,300,82.270,600,82.330,1400,82.340,10300,82.350,13300,82.360,6800,82.380,2019-05-22,14:29:54,00";
var hq_str_sh603259="药明康德,81.370,81.120,82.280,82.560,80.870,82.280,82.290,3407975,278918224.000,400,82.280,300,82.270,100,82.260,100,82.200,2000,82.180,1200,82.290,9300,82.300,10300,82.310,12900,82.320,800,82.340,2019-05-22,14:30:57,00";
var hq_str_sh603259="药明康德,81.370,81.120,82.220,82.560,80.870,82.210,82.220,3410675,279140304.000,3000,82.210,400,82.200,2000,82.180,100,82.130,1200,82.120,400,82.220,100,82.230,300,82.250,5400,82.260,1800,82.270,2019-05-22,14:31:57,00";
var hq_str_sh603259="药明康德,81.370,81.120,82.180,82.560,80.870,82.180,82.210,3418775,279806178.000,1900,82.180,500,82.130,1200,82.120,1000,82.110,100,82.050,19800,82.210,300,82.220,200,82.230,5600,82.250,5400,82.260,2019-05-22,14:32:57,00";
var hq_str_sh603259="药明康德,81.370,81.120,82.230,82.560,80.870,82.230,82.250,3451775,282518860.000,400,82.230,1500,82.210,300,82.200,2300,82.190,1500,82.140,5700,82.250,5400,82.260,1800,82.270,300,82.280,5300,82.290,2019-05-22,14:33:57,00";
var hq_str_sh603259="药明康德,81.370,81.120,82.230,82.560,80.870,82.220,82.240,3464375,283555087.000,700,82.220,4200,82.210,600,82.140,400,82.130,500,82.120,500,82.240,1300,82.250,5400,82.260,1800,82.270,300,82.280,2019-05-22,14:34:57,00";
var hq_str_sh603259="药明康德,81.370,81.120,82.230,82.560,80.870,82.230,82.240,3466275,283711327.000,3100,82.230,400,82.220,3800,82.210,600,82.140,400,82.130,1100,82.240,2100,82.250,5400,82.260,1800,82.270,300,82.280,2019-05-22,14:35:57,00";
var hq_str_sh603259="药明康德,81.370,81.120,82.240,82.560,80.870,82.240,82.250,3469075,283941594.000,5700,82.240,900,82.230,400,82.220,3800,82.210,600,82.140,2300,82.250,5500,82.260,300,82.280,5300,82.290,9200,82.300,2019-05-22,14:36:57,00";
var hq_str_sh603259="药明康德,81.370,81.120,82.170,82.560,80.870,82.140,82.170,3489675,285635550.000,1200,82.140,400,82.130,500,82.120,7000,82.110,100,82.050,2000,82.170,800,82.210,1000,82.220,300,82.240,1000,82.250,2019-05-22,14:38:00,00";
var hq_str_sh603259="药明康德,81.370,81.120,82.000,82.560,80.870,82.000,82.010,3508575,287186722.000,400,82.000,5000,81.980,1400,81.960,400,81.910,1800,81.900,100,82.010,100,82.060,700,82.100,900,82.110,300,82.200,2019-05-22,14:38:57,00";
var hq_str_sh603259="药明康德,81.370,81.120,82.080,82.560,80.870,82.010,82.060,3512875,287539457.000,200,82.010,200,82.000,5200,81.980,700,81.910,1800,81.900,200,82.060,700,82.100,100,82.110,200,82.200,200,82.210,2019-05-22,14:39:57,00";
var hq_str_sh603259="药明康德,81.370,81.120,82.070,82.560,80.870,82.070,82.100,3514275,287654347.000,2100,82.070,600,82.060,400,82.040,100,82.030,200,82.010,1200,82.100,100,82.110,100,82.180,300,82.200,200,82.210,2019-05-22,14:40:57,00";
var hq_str_sh603259="药明康德,81.370,81.120,82.090,82.560,80.870,82.090,82.100,3518875,288031881.000,100,82.090,300,82.080,1200,82.070,100,82.060,500,82.050,500,82.100,100,82.110,100,82.180,300,82.200,200,82.210,2019-05-22,14:41:57,00";
var hq_str_sh603259="药明康德,81.370,81.120,82.100,82.560,80.870,82.100,82.110,3521775,288269944.000,2100,82.100,300,82.080,1000,82.070,100,82.060,500,82.050,300,82.110,100,82.120,100,82.180,200,82.200,200,82.210,2019-05-22,14:42:57,00";
var hq_str_sh603259="药明康德,81.370,81.120,82.080,82.560,80.870,82.070,82.110,3530475,288984223.000,600,82.070,100,82.060,500,82.050,400,82.040,100,82.030,100,82.110,100,82.140,200,82.180,200,82.200,200,82.210,2019-05-22,14:44:00,00";
var hq_str_sh603259="药明康德,81.370,81.120,82.040,82.560,80.870,82.030,82.040,3536275,289460284.000,100,82.030,100,82.020,500,82.010,900,82.000,100,81.990,200,82.040,200,82.050,200,82.070,5200,82.080,1000,82.140,2019-05-22,14:44:57,00";
var hq_str_sh603259="药明康德,81.370,81.120,82.000,82.560,80.870,81.990,82.000,3545875,290247720.000,1900,81.990,4900,81.980,700,81.910,1900,81.900,600,81.880,2100,82.000,200,82.050,2600,82.070,5200,82.080,1300,82.150,2019-05-22,14:46:00,00";
var hq_str_sh603259="药明康德,81.370,81.120,81.970,82.560,80.870,81.900,81.970,3559275,291345937.000,4200,81.900,400,81.890,500,81.880,1400,81.870,200,81.850,5400,81.970,6800,81.980,10100,81.990,5200,82.000,6200,82.050,2019-05-22,14:46:57,00";
var hq_str_sh603259="药明康德,81.370,81.120,81.850,82.560,80.870,81.850,81.870,3581775,293188793.000,1100,81.850,5800,81.840,500,81.830,300,81.820,1000,81.810,3800,81.870,5700,81.880,5200,81.890,300,81.900,1800,81.960,2019-05-22,14:47:57,00";
var hq_str_sh603259="药明康德,81.370,81.120,81.850,82.560,80.870,81.840,81.850,3597575,294481962.000,1400,81.840,700,81.830,700,81.820,1000,81.810,6500,81.800,2900,81.850,2600,81.870,5700,81.880,5100,81.890,300,81.900,2019-05-22,14:48:57,00";
var hq_str_sh603259="药明康德,81.370,81.120,81.850,82.560,80.870,81.830,81.850,3613875,295816199.000,600,81.830,1300,81.820,1000,81.810,7000,81.800,300,81.780,9600,81.850,6900,81.860,5000,81.880,5100,81.890,200,81.900,2019-05-22,14:49:57,00";
var hq_str_sh603259="药明康德,81.370,81.120,81.800,82.560,80.870,81.800,81.810,3633175,297395084.000,3900,81.800,400,81.790,1300,81.780,100,81.750,400,81.730,7900,81.810,600,81.820,300,81.830,600,81.840,13400,81.850,2019-05-22,14:50:57,00";
var hq_str_sh603259="药明康德,81.370,81.120,81.840,82.560,80.870,81.840,81.850,3648975,298687861.000,2300,81.840,100,81.830,1300,81.820,1400,81.810,1600,81.800,10100,81.850,6900,81.860,5000,81.880,5100,81.890,300,81.900,2019-05-22,14:51:57,00";
var hq_str_sh603259="药明康德,81.370,81.120,81.840,82.560,80.870,81.830,81.840,3659275,299530816.000,1700,81.830,1400,81.810,3600,81.800,200,81.790,100,81.750,500,81.840,14900,81.850,6900,81.860,10000,81.880,5100,81.890,2019-05-22,14:52:57,00";
var hq_str_sh603259="药明康德,81.370,81.120,81.880,82.560,80.870,81.860,81.880,3688475,301920865.000,1200,81.860,2400,81.850,3800,81.840,100,81.830,1700,81.810,9400,81.880,5000,81.890,300,81.900,1800,81.960,11700,81.970,2019-05-22,14:53:57,00";
var hq_str_sh603259="药明康德,81.370,81.120,81.870,82.560,80.870,81.870,81.880,3696275,302559501.000,3300,81.870,600,81.860,300,81.850,3800,81.840,100,81.830,7800,81.880,5100,81.890,500,81.900,1800,81.960,11700,81.970,2019-05-22,14:54:57,00";
var hq_str_sh603259="药明康德,81.370,81.120,81.890,82.560,80.870,81.880,81.890,3710875,303754965.000,4500,81.880,300,81.870,100,81.860,1300,81.850,4700,81.840,2900,81.890,300,81.900,1800,81.960,11700,81.970,6800,81.980,2019-05-22,14:55:57,00";
var hq_str_sh603259="药明康德,81.370,81.120,81.960,82.560,80.870,81.960,81.970,3721775,304648098.000,400,81.960,400,81.900,300,81.890,7200,81.880,200,81.870,7600,81.970,6800,81.980,10000,81.990,500,82.000,200,82.020,2019-05-22,14:56:51,00";
var hq_str_sh603259="药明康德,81.370,81.120,81.970,82.560,80.870,81.970,81.970,3722175,304680886.000,9600,81.970,0,0.000,0,0.000,0,0.000,0,0.000,9600,81.970,2100,0.000,0,0.000,0,0.000,0,0.000,2019-05-22,14:57:50,00";
var hq_str_sh603259="药明康德,81.370,81.120,81.970,82.560,80.870,81.970,81.970,3722175,304680886.000,11100,81.970,0,0.000,0,0.000,0,0.000,0,0.000,11100,81.970,6400,0.000,0,0.000,0,0.000,0,0.000,2019-05-22,14:58:57,00";
