var hq_str_sh603259="药明康德,91.020,91.800,91.020,91.020,91.020,91.020,91.400,18200,1656564.000,900,91.020,5500,91.010,6200,91.000,700,90.980,100,90.900,100,91.400,400,91.790,200,91.850,200,91.870,500,91.990,2019-04-23,09:29:52,00";
var hq_str_sh603259="药明康德,91.020,91.800,91.350,91.850,91.020,91.300,91.350,53574,4889196.000,4600,91.300,100,91.210,400,91.200,100,91.180,200,91.120,600,91.350,100,91.500,600,91.770,700,91.780,1300,91.790,2019-04-23,09:30:58,00";
var hq_str_sh603259="药明康德,91.020,91.800,91.340,91.850,91.020,91.340,91.660,65574,5985530.000,500,91.340,200,91.310,5000,91.300,300,91.220,200,91.210,100,91.660,400,91.670,200,91.680,1700,91.690,3000,91.700,2019-04-23,09:31:58,00";
var hq_str_sh603259="药明康德,91.020,91.800,91.200,91.850,91.020,91.200,91.230,91474,8350137.000,1000,91.200,100,91.190,200,91.180,300,91.120,100,91.110,200,91.230,300,91.270,200,91.300,100,91.350,400,91.360,2019-04-23,09:32:58,00";
var hq_str_sh603259="药明康德,91.020,91.800,91.310,91.850,91.020,91.370,91.400,105874,9665028.000,300,91.370,500,91.360,700,91.310,100,91.300,1100,91.240,400,91.400,4900,91.680,1600,91.690,3200,91.700,600,91.740,2019-04-23,09:33:58,00";
var hq_str_sh603259="药明康德,91.020,91.800,91.140,91.850,91.020,91.100,91.160,131674,12019114.000,3000,91.100,100,91.080,1200,91.070,100,91.060,700,91.050,300,91.160,1300,91.180,1500,91.200,1400,91.210,100,91.220,2019-04-23,09:34:58,00";
var hq_str_sh603259="药明康德,91.020,91.800,91.020,91.850,91.020,91.020,91.040,169174,15433434.000,7100,91.020,6200,91.010,13200,91.000,1000,90.980,200,90.970,600,91.040,100,91.050,500,91.070,100,91.080,400,91.100,2019-04-23,09:35:58,00";
var hq_str_sh603259="药明康德,91.020,91.800,90.810,91.850,90.800,90.800,90.810,227374,20727497.000,2800,90.800,400,90.780,500,90.770,200,90.750,100,90.720,700,90.810,100,90.870,300,90.900,500,90.910,700,90.960,2019-04-23,09:36:58,00";
var hq_str_sh603259="药明康德,91.020,91.800,90.800,91.850,90.550,90.780,90.800,263174,23976250.000,1100,90.780,1600,90.770,1100,90.700,300,90.680,100,90.630,2900,90.800,400,90.810,100,90.820,6400,90.840,400,90.850,2019-04-23,09:37:58,00";
var hq_str_sh603259="药明康德,91.020,91.800,90.600,91.850,90.550,90.580,90.600,286874,26126167.000,400,90.580,600,90.560,1200,90.550,700,90.540,3600,90.530,1100,90.600,1200,90.630,700,90.680,600,90.700,400,90.710,2019-04-23,09:38:58,00";
var hq_str_sh603259="药明康德,91.020,91.800,90.560,91.850,90.530,90.600,90.700,311674,28372388.000,300,90.600,300,90.580,100,90.570,500,90.560,100,90.550,1200,90.700,100,90.710,300,90.760,200,90.770,500,90.780,2019-04-23,09:39:57,00";
var hq_str_sh603259="药明康德,91.020,91.800,90.650,91.850,90.530,90.650,90.690,341374,31062834.000,100,90.650,1600,90.630,600,90.590,4200,90.580,3400,90.570,300,90.690,200,90.770,500,90.780,100,90.790,100,90.810,2019-04-23,09:40:58,00";
var hq_str_sh603259="药明康德,91.020,91.800,90.900,91.850,90.530,90.810,90.900,364774,33185354.000,200,90.810,100,90.750,100,90.740,300,90.730,600,90.700,300,90.900,700,90.960,400,90.980,400,91.000,100,91.020,2019-04-23,09:41:58,00";
var hq_str_sh603259="药明康德,91.020,91.800,90.780,91.850,90.530,90.770,90.780,382274,34773968.000,600,90.770,400,90.750,1000,90.710,2600,90.700,200,90.690,300,90.780,200,90.950,100,90.980,600,91.000,100,91.020,2019-04-23,09:42:58,00";
var hq_str_sh603259="药明康德,91.020,91.800,91.350,91.850,90.530,91.160,91.330,390974,35566921.000,200,91.160,1300,91.140,5400,91.080,400,91.070,100,91.020,400,91.330,1900,91.350,200,91.360,200,91.370,100,91.490,2019-04-23,09:43:58,00";
var hq_str_sh603259="药明康德,91.020,91.800,91.180,91.850,90.530,91.180,91.270,415574,37810292.000,6700,91.180,400,91.170,600,91.160,500,91.150,2100,91.100,200,91.270,200,91.280,400,91.290,600,91.300,300,91.320,2019-04-23,09:44:58,00";
var hq_str_sh603259="药明康德,91.020,91.800,91.390,91.850,90.530,91.390,91.490,440874,40118849.000,100,91.390,1400,91.360,800,91.290,600,91.190,3600,91.180,100,91.490,700,91.500,3000,91.510,500,91.520,600,91.600,2019-04-23,09:45:58,00";
var hq_str_sh603259="药明康德,91.020,91.800,91.300,91.850,90.530,91.300,91.350,460074,41871030.000,1800,91.300,1100,91.100,200,91.090,200,91.070,100,91.020,900,91.350,800,91.360,300,91.380,2200,91.390,600,91.400,2019-04-23,09:46:58,00";
var hq_str_sh603259="药明康德,91.020,91.800,91.260,91.850,90.530,91.130,91.250,466374,42445902.000,700,91.130,300,91.110,300,91.100,200,91.090,200,91.070,200,91.250,1300,91.260,300,91.270,300,91.290,400,91.300,2019-04-23,09:47:58,00";
var hq_str_sh603259="药明康德,91.020,91.800,91.100,91.850,90.530,91.090,91.110,475974,43320715.000,500,91.090,200,91.070,100,91.020,200,91.010,1300,91.000,8400,91.110,300,91.130,500,91.250,200,91.270,200,91.280,2019-04-23,09:48:58,00";
var hq_str_sh603259="药明康德,91.020,91.800,90.800,91.850,90.530,90.800,90.810,486874,44312965.000,600,90.800,1800,90.780,100,90.770,200,90.750,200,90.720,2600,90.810,5900,90.820,1500,90.870,100,90.950,100,91.020,2019-04-23,09:49:58,00";
var hq_str_sh603259="药明康德,91.020,91.800,91.080,91.850,90.530,90.850,91.080,525978,47867104.000,200,90.850,100,90.830,100,90.820,100,90.810,5600,90.800,2400,91.080,4800,91.100,100,91.270,100,91.290,300,91.300,2019-04-23,09:50:58,00";
var hq_str_sh603259="药明康德,91.020,91.800,91.100,91.850,90.530,90.920,91.190,542378,49360687.000,500,90.920,1100,90.910,2300,90.900,200,90.880,2000,90.860,1000,91.190,500,91.240,500,91.250,100,91.270,500,91.290,2019-04-23,09:51:58,00";
var hq_str_sh603259="药明康德,91.020,91.800,91.500,91.850,90.530,91.320,91.500,569178,51803476.000,200,91.320,800,91.310,2000,91.300,10000,91.100,1300,91.000,1100,91.500,3000,91.510,200,91.570,700,91.600,600,91.740,2019-04-23,09:52:58,00";
var hq_str_sh603259="药明康德,91.020,91.800,91.570,91.850,90.530,91.530,91.570,587092,53443253.000,200,91.530,800,91.520,2486,91.510,100,91.310,200,91.300,700,91.570,500,91.590,1300,91.600,500,91.650,600,91.740,2019-04-23,09:53:55,00";
var hq_str_sh603259="药明康德,91.020,91.800,91.320,91.850,90.530,91.310,91.320,596592,54312530.000,300,91.310,200,91.300,700,91.120,2000,91.110,100,91.100,7300,91.320,1100,91.500,700,91.520,800,91.530,200,91.580,2019-04-23,09:54:58,00";
var hq_str_sh603259="药明康德,91.020,91.800,91.500,91.850,90.530,91.490,91.500,611992,55719771.000,500,91.490,200,91.350,100,91.340,600,91.330,25000,91.320,1800,91.500,200,91.510,100,91.520,100,91.530,400,91.550,2019-04-23,09:55:58,00";
var hq_str_sh603259="药明康德,91.020,91.800,91.360,91.850,90.530,91.350,91.360,629892,57356204.000,1100,91.350,1600,91.340,4400,91.330,24600,91.320,200,91.310,2100,91.360,200,91.380,100,91.400,100,91.450,100,91.460,2019-04-23,09:56:58,00";
var hq_str_sh603259="药明康德,91.020,91.800,91.450,91.850,90.530,91.400,91.450,637392,58041560.000,3400,91.400,800,91.350,1100,91.340,3200,91.330,24700,91.320,700,91.450,800,91.480,1100,91.500,100,91.520,200,91.530,2019-04-23,09:57:58,00";
var hq_str_sh603259="药明康德,91.020,91.800,91.480,91.850,90.530,91.450,91.480,656292,59770755.000,1300,91.450,1900,91.400,100,91.380,700,91.350,1100,91.340,600,91.480,600,91.520,500,91.540,1000,91.550,100,91.560,2019-04-23,09:58:58,00";
var hq_str_sh603259="药明康德,91.020,91.800,91.410,91.850,90.530,91.400,91.410,664692,60539046.000,1800,91.400,100,91.380,700,91.350,1100,91.340,3200,91.330,1400,91.410,100,91.450,100,91.460,100,91.480,100,91.500,2019-04-23,09:59:55,00";
var hq_str_sh603259="药明康德,91.020,91.800,91.400,91.850,90.530,91.400,91.410,675892,61563086.000,300,91.400,200,91.380,900,91.350,1100,91.340,3200,91.330,3800,91.410,300,91.450,200,91.460,100,91.500,200,91.510,2019-04-23,10:00:55,00";
var hq_str_sh603259="药明康德,91.020,91.800,91.460,91.850,90.530,91.460,91.510,686592,62541425.000,1800,91.460,700,91.450,600,91.420,2000,91.410,1300,91.400,100,91.510,600,91.520,500,91.540,500,91.550,100,91.560,2019-04-23,10:01:58,00";
var hq_str_sh603259="药明康德,91.020,91.800,91.450,91.850,90.530,91.450,91.460,700892,63849814.000,200,91.450,600,91.420,2000,91.410,100,91.400,200,91.380,5400,91.460,4200,91.490,3300,91.500,1900,91.510,200,91.520,2019-04-23,10:02:55,00";
var hq_str_sh603259="药明康德,91.020,91.800,91.330,91.850,90.530,91.330,91.340,710392,64717913.000,1600,91.330,24600,91.320,200,91.310,2000,91.300,400,91.200,4600,91.340,3200,91.350,100,91.410,100,91.440,200,91.460,2019-04-23,10:03:55,00";
var hq_str_sh603259="药明康德,91.020,91.800,91.330,91.850,90.530,91.320,91.330,740392,67457586.000,4100,91.320,300,91.310,2100,91.300,200,91.250,400,91.200,9200,91.330,100,91.340,100,91.410,100,91.440,500,91.500,2019-04-23,10:04:58,00";
var hq_str_sh603259="药明康德,91.020,91.800,91.230,91.850,90.530,91.230,91.250,758692,69127254.000,600,91.230,300,91.180,100,91.140,300,91.130,500,91.120,100,91.250,800,91.320,200,91.330,100,91.410,3000,91.420,2019-04-23,10:05:58,00";
var hq_str_sh603259="药明康德,91.020,91.800,91.100,91.850,90.530,91.100,91.120,762092,69437223.000,1600,91.100,1000,91.080,300,91.060,800,91.020,1900,91.010,5400,91.120,2000,91.140,200,91.180,200,91.190,200,91.230,2019-04-23,10:06:58,00";
var hq_str_sh603259="药明康德,91.020,91.800,91.080,91.850,90.530,91.070,91.080,768692,70038436.000,200,91.070,400,91.060,100,91.030,900,91.020,2000,91.010,2500,91.080,12700,91.090,600,91.100,100,91.230,100,91.250,2019-04-23,10:07:58,00";
var hq_str_sh603259="药明康德,91.020,91.800,90.990,91.850,90.530,90.980,91.000,783192,71358134.000,200,90.980,200,90.970,200,90.940,700,90.910,500,90.900,16700,91.000,1941,91.010,1400,91.020,700,91.030,200,91.040,2019-04-23,10:08:58,00";
var hq_str_sh603259="药明康德,91.020,91.800,90.750,91.850,90.530,90.720,90.750,803492,73201775.000,400,90.720,300,90.710,100,90.700,100,90.650,200,90.640,2400,90.750,9400,90.770,1000,90.780,10900,90.850,2000,90.880,2019-04-23,10:09:58,00";
var hq_str_sh603259="药明康德,91.020,91.800,90.550,91.850,90.520,90.550,90.590,852492,77640950.000,900,90.550,100,90.540,100,90.530,1096,90.520,1500,90.510,2300,90.590,700,90.600,5000,90.610,1300,90.620,1000,90.780,2019-04-23,10:10:58,00";
var hq_str_sh603259="药明康德,91.020,91.800,90.620,91.850,90.480,90.620,90.900,904788,82375157.000,1700,90.620,100,90.610,600,90.600,100,90.570,1000,90.560,100,90.900,500,90.960,300,90.970,200,91.000,800,91.010,2019-04-23,10:11:58,00";
var hq_str_sh603259="药明康德,91.020,91.800,90.700,91.850,90.480,90.690,90.700,913888,83201124.000,200,90.690,300,90.680,1200,90.670,1600,90.660,4600,90.650,11500,90.700,200,90.720,1600,90.880,1000,90.900,100,90.910,2019-04-23,10:12:58,00";
var hq_str_sh603259="药明康德,91.020,91.800,90.620,91.850,90.480,90.620,90.630,931088,84760542.000,100,90.620,100,90.610,3600,90.600,200,90.580,300,90.570,200,90.630,8800,90.640,3200,90.650,1800,90.660,200,90.670,2019-04-23,10:13:58,00";
var hq_str_sh603259="药明康德,91.020,91.800,90.550,91.850,90.480,90.550,90.560,950488,86517882.000,7100,90.550,400,90.540,100,90.530,800,90.520,2900,90.510,2800,90.560,6200,90.570,200,90.590,12100,90.600,3000,90.610,2019-04-23,10:14:58,00";
var hq_str_sh603259="药明康德,91.020,91.800,90.690,91.850,90.480,90.690,90.700,988888,89996916.000,1500,90.690,1300,90.680,700,90.670,600,90.660,5800,90.650,100,90.700,100,90.710,100,90.910,500,90.960,1200,91.000,2019-04-23,10:15:58,00";
var hq_str_sh603259="药明康德,91.020,91.800,90.760,91.850,90.480,90.750,90.760,1001088,91103994.000,1900,90.750,1200,90.740,1200,90.730,500,90.710,2200,90.700,1100,90.760,6500,90.850,400,90.860,200,90.880,100,90.900,2019-04-23,10:16:58,00";
var hq_str_sh603259="药明康德,91.020,91.800,90.740,91.850,90.480,90.730,90.740,1011388,92038760.000,800,90.730,200,90.720,600,90.710,1700,90.700,300,90.690,4000,90.740,600,90.760,300,90.900,100,90.910,400,90.990,2019-04-23,10:17:58,00";
var hq_str_sh603259="药明康德,91.020,91.800,90.710,91.850,90.480,90.700,90.710,1020888,92900511.000,1300,90.700,500,90.690,1400,90.680,200,90.670,6000,90.650,9400,90.710,100,90.740,100,90.900,100,90.910,900,90.980,2019-04-23,10:18:58,00";
var hq_str_sh603259="药明康德,91.020,91.800,90.680,91.850,90.480,90.690,90.700,1036488,94315326.000,400,90.690,800,90.680,900,90.670,300,90.660,6000,90.650,1300,90.700,600,90.710,100,90.900,100,90.910,5000,90.920,2019-04-23,10:19:58,00";
var hq_str_sh603259="药明康德,91.020,91.800,90.880,91.850,90.480,90.800,90.870,1046288,95204992.000,100,90.800,600,90.730,1800,90.720,700,90.710,1400,90.700,3100,90.870,600,90.910,4600,90.920,900,90.980,400,90.990,2019-04-23,10:20:58,00";
var hq_str_sh603259="药明康德,91.020,91.800,90.900,91.850,90.480,90.760,90.900,1054488,95949240.000,200,90.760,1200,90.750,400,90.740,1400,90.730,1500,90.720,800,90.900,500,90.910,4600,90.920,900,90.980,5000,90.990,2019-04-23,10:21:58,00";
var hq_str_sh603259="药明康德,91.020,91.800,90.760,91.850,90.480,90.750,90.760,1074688,97784187.000,2400,90.750,300,90.740,1400,90.730,1500,90.720,300,90.710,2800,90.760,3500,90.770,200,90.920,400,90.980,5000,90.990,2019-04-23,10:22:55,00";
var hq_str_sh603259="药明康德,91.020,91.800,90.730,91.850,90.480,90.720,90.730,1081488,98401220.000,1700,90.720,900,90.710,2700,90.700,200,90.690,2100,90.680,3900,90.730,3800,90.740,23700,90.750,200,90.920,100,90.980,2019-04-23,10:23:58,00";
var hq_str_sh603259="药明康德,91.020,91.800,90.700,91.850,90.480,90.690,90.700,1093188,99462475.000,800,90.690,2700,90.680,1800,90.670,1700,90.660,200,90.650,9800,90.700,100,90.710,900,90.740,23600,90.750,200,90.920,2019-04-23,10:24:58,00";
var hq_str_sh603259="药明康德,91.020,91.800,90.630,91.850,90.480,90.620,90.630,1109888,100976718.000,100,90.620,1600,90.610,4400,90.600,500,90.580,1700,90.570,2300,90.630,5700,90.640,2600,90.650,1100,90.660,200,90.670,2019-04-23,10:25:58,00";
var hq_str_sh603259="药明康德,91.020,91.800,90.450,91.850,90.450,90.450,90.480,1168588,106291269.000,500,90.450,700,90.440,3400,90.430,100,90.410,3300,90.400,17900,90.480,6800,90.490,200,90.500,2200,90.630,200,90.670,2019-04-23,10:26:58,00";
var hq_str_sh603259="药明康德,91.020,91.800,90.410,91.850,90.300,90.410,90.440,1216388,110612283.000,300,90.410,700,90.300,1200,90.280,100,90.260,400,90.210,1000,90.440,600,90.460,200,90.480,100,90.630,200,90.680,2019-04-23,10:27:58,00";
var hq_str_sh603259="药明康德,91.020,91.800,90.300,91.850,90.280,90.300,90.360,1234588,112256662.000,2300,90.300,500,90.290,3900,90.280,1200,90.260,1000,90.220,2600,90.360,3200,90.370,200,90.410,600,90.460,200,90.480,2019-04-23,10:28:58,00";
var hq_str_sh603259="药明康德,91.020,91.800,90.390,91.850,90.280,90.380,90.390,1246688,113350014.000,200,90.380,100,90.370,1700,90.360,800,90.350,500,90.310,500,90.390,400,90.420,600,90.460,400,90.480,100,90.490,2019-04-23,10:29:58,00";
var hq_str_sh603259="药明康德,91.020,91.800,90.390,91.850,90.280,90.390,90.440,1262188,114751255.000,400,90.390,1200,90.370,1400,90.360,1300,90.350,100,90.320,3500,90.440,4300,90.450,200,90.460,800,90.480,100,90.630,2019-04-23,10:30:58,00";
var hq_str_sh603259="药明康德,91.020,91.800,90.460,91.850,90.280,90.440,90.460,1276788,116071186.000,1200,90.440,100,90.430,300,90.400,2700,90.390,300,90.380,300,90.460,200,90.470,800,90.480,100,90.630,5200,90.680,2019-04-23,10:31:52,00";
var hq_str_sh603259="药明康德,91.020,91.800,90.420,91.850,90.280,90.400,90.420,1284188,116740329.000,900,90.400,3000,90.390,400,90.380,1100,90.370,300,90.360,7900,90.420,2700,90.440,800,90.480,100,90.630,200,90.670,2019-04-23,10:32:58,00";
var hq_str_sh603259="药明康德,91.020,91.800,90.290,91.850,90.280,90.290,90.320,1299788,118149767.000,500,90.290,3600,90.280,1000,90.260,200,90.220,3700,90.210,2500,90.320,7500,90.330,1100,90.350,100,90.360,900,90.370,2019-04-23,10:33:58,00";
var hq_str_sh603259="药明康德,91.020,91.800,90.080,91.850,90.080,90.070,90.080,1348888,122576494.000,100,90.070,1700,90.060,2000,90.050,4000,90.030,8300,90.020,6200,90.080,3600,90.090,6000,90.100,10000,90.110,4800,90.120,2019-04-23,10:34:58,00";
var hq_str_sh603259="药明康德,91.020,91.800,90.000,91.850,90.000,90.000,90.010,1431788,130038577.000,2200,90.000,1500,89.990,1100,89.980,200,89.970,2100,89.960,2100,90.010,200,90.020,200,90.040,5400,90.050,1700,90.060,2019-04-23,10:35:58,00";
var hq_str_sh603259="药明康德,91.020,91.800,89.980,91.850,89.960,89.960,89.980,1463388,132882477.000,1900,89.960,700,89.950,100,89.920,2000,89.910,1100,89.900,2700,89.980,2200,89.990,3300,90.000,2300,90.010,100,90.040,2019-04-23,10:36:58,00";
var hq_str_sh603259="药明康德,91.020,91.800,90.020,91.850,89.920,90.020,90.070,1496888,135897433.000,700,90.020,700,90.010,200,90.000,800,89.990,700,89.980,300,90.070,200,90.080,5000,90.110,1000,90.120,5000,90.180,2019-04-23,10:37:58,00";
var hq_str_sh603259="药明康德,91.020,91.800,90.040,91.850,89.920,90.030,90.040,1509188,137004666.000,700,90.030,8300,90.020,2400,90.010,9200,90.000,300,89.990,4600,90.040,3800,90.050,300,90.070,5000,90.110,1000,90.120,2019-04-23,10:38:58,00";
var hq_str_sh603259="药明康德,91.020,91.800,90.020,91.850,89.920,90.020,90.030,1536788,139489325.000,900,90.020,7000,90.000,1700,89.990,5400,89.980,300,89.970,600,90.030,500,90.040,200,90.070,5000,90.110,400,90.120,2019-04-23,10:39:59,00";
var hq_str_sh603259="药明康德,91.020,91.800,90.020,91.850,89.920,90.020,90.040,1549288,140614499.000,100,90.020,200,90.010,2700,90.000,1700,89.990,5500,89.980,4100,90.040,4600,90.050,300,90.060,100,90.080,5000,90.110,2019-04-23,10:40:55,00";
var hq_str_sh603259="药明康德,91.020,91.800,89.990,91.850,89.920,89.980,89.990,1571588,142621451.000,2300,89.980,300,89.970,900,89.960,3100,89.950,800,89.940,1700,89.990,1100,90.000,1400,90.010,1200,90.020,100,90.060,2019-04-23,10:41:58,00";
var hq_str_sh603259="药明康德,91.020,91.800,89.780,91.850,89.780,89.780,89.800,1619588,146935324.000,100,89.780,700,89.770,600,89.750,200,89.730,1200,89.720,3600,89.800,700,89.810,3500,89.850,1200,89.900,1300,89.910,2019-04-23,10:42:59,00";
var hq_str_sh603259="药明康德,91.020,91.800,89.850,91.850,89.730,89.830,89.840,1649788,149646956.000,1900,89.830,1200,89.810,200,89.800,3600,89.790,300,89.780,100,89.840,400,89.850,100,89.860,600,89.940,100,89.950,2019-04-23,10:43:59,00";
var hq_str_sh603259="药明康德,91.020,91.800,89.750,91.850,89.730,89.740,89.750,1675488,151954572.000,100,89.740,800,89.730,1300,89.720,2800,89.710,900,89.700,7900,89.750,200,89.770,100,89.780,200,89.800,700,89.810,2019-04-23,10:44:59,00";
var hq_str_sh603259="药明康德,91.020,91.800,89.940,91.850,89.730,89.940,89.950,1701388,154281490.000,800,89.940,4100,89.920,400,89.900,700,89.880,200,89.870,4900,89.950,2300,89.960,26300,89.970,100,89.980,4400,89.990,2019-04-23,10:45:59,00";
var hq_str_sh603259="药明康德,91.020,91.800,89.930,91.850,89.730,89.920,89.930,1732888,157115067.000,3500,89.920,700,89.900,600,89.890,5700,89.880,200,89.870,8800,89.930,1400,89.950,19500,89.970,200,89.980,4400,89.990,2019-04-23,10:46:59,00";
var hq_str_sh603259="药明康德,91.020,91.800,89.870,91.850,89.730,89.850,89.870,1757588,159335619.000,100,89.850,400,89.830,200,89.820,100,89.810,1300,89.800,3600,89.870,200,89.890,300,89.910,1800,89.920,700,89.930,2019-04-23,10:47:59,00";
var hq_str_sh603259="药明康德,91.020,91.800,89.820,91.850,89.730,89.810,89.820,1771388,160575314.000,1000,89.810,2500,89.800,1400,89.790,5000,89.780,600,89.770,500,89.820,3100,89.830,1200,89.840,600,89.850,3500,89.870,2019-04-23,10:48:59,00";
var hq_str_sh603259="药明康德,91.020,91.800,89.830,91.850,89.730,89.820,89.830,1790388,162281677.000,800,89.820,900,89.810,1300,89.800,900,89.790,5400,89.780,1800,89.830,600,89.850,100,89.890,1100,89.950,500,89.960,2019-04-23,10:49:56,00";
var hq_str_sh603259="药明康德,91.020,91.800,89.790,91.850,89.730,89.790,89.800,1809688,164014771.000,1700,89.790,2600,89.780,900,89.770,1300,89.750,1200,89.740,5500,89.800,2100,89.810,900,89.830,2500,89.850,1100,89.950,2019-04-23,10:50:56,00";
var hq_str_sh603259="药明康德,91.020,91.800,89.810,91.850,89.730,89.800,89.810,1831388,165963486.000,15200,89.800,1300,89.790,900,89.780,600,89.770,1100,89.760,900,89.810,1100,89.830,100,89.840,2500,89.850,1100,89.950,2019-04-23,10:51:59,00";
var hq_str_sh603259="药明康德,91.020,91.800,89.920,91.850,89.730,89.860,89.920,1848888,167535617.000,600,89.860,1300,89.840,700,89.810,13600,89.800,1600,89.790,3600,89.920,4000,89.930,100,89.940,1400,89.950,500,89.960,2019-04-23,10:52:56,00";
var hq_str_sh603259="药明康德,91.020,91.800,89.790,91.850,89.730,89.780,89.790,1877488,170104166.000,1900,89.780,600,89.770,1200,89.760,1500,89.750,1100,89.740,200,89.790,2000,89.800,2800,89.810,300,89.820,900,89.850,2019-04-23,10:53:56,00";
var hq_str_sh603259="药明康德,91.020,91.800,89.700,91.850,89.700,89.700,89.720,1908088,172849927.000,1500,89.700,700,89.690,7800,89.680,200,89.660,300,89.650,1900,89.720,10900,89.730,2600,89.740,4000,89.750,300,89.760,2019-04-23,10:54:56,00";
var hq_str_sh603259="药明康德,91.020,91.800,89.600,91.850,89.600,89.600,89.610,1934188,175190329.000,5100,89.600,100,89.590,900,89.580,600,89.570,300,89.550,5900,89.610,1500,89.630,1100,89.640,1300,89.650,800,89.660,2019-04-23,10:55:56,00";
var hq_str_sh603259="药明康德,91.020,91.800,89.470,91.850,89.460,89.460,89.470,1989288,180123315.000,500,89.460,10700,89.450,400,89.440,700,89.430,1000,89.400,3400,89.470,500,89.480,6300,89.500,2400,89.510,9900,89.530,2019-04-23,10:56:56,00";
var hq_str_sh603259="药明康德,91.020,91.800,89.580,91.850,89.450,89.580,89.610,2050788,185628680.000,100,89.580,400,89.550,400,89.540,400,89.530,100,89.510,100,89.610,4400,89.620,800,89.660,13300,89.680,100,89.700,2019-04-23,10:57:59,00";
var hq_str_sh603259="药明康德,91.020,91.800,89.560,91.850,89.450,89.550,89.560,2061388,186578115.000,400,89.550,400,89.520,1300,89.510,8700,89.500,3100,89.480,3000,89.560,7200,89.580,1300,89.590,3000,89.620,800,89.660,2019-04-23,10:58:59,00";
var hq_str_sh603259="药明康德,91.020,91.800,89.480,91.850,89.450,89.480,89.560,2088788,189030905.000,2100,89.480,14900,89.470,3100,89.460,10200,89.450,200,89.440,500,89.560,500,89.580,3000,89.620,800,89.660,1700,89.670,2019-04-23,10:59:59,00";
var hq_str_sh603259="药明康德,91.020,91.800,89.540,91.850,89.450,89.530,89.540,2099588,189997645.000,200,89.530,500,89.520,100,89.510,2200,89.500,600,89.490,10500,89.540,100,89.550,2200,89.560,100,89.580,3000,89.620,2019-04-23,11:00:56,00";
var hq_str_sh603259="药明康德,91.020,91.800,89.490,91.850,89.450,89.480,89.500,2131788,192878970.000,400,89.480,6200,89.470,4700,89.460,19200,89.450,200,89.440,1300,89.500,300,89.530,100,89.550,1000,89.560,100,89.580,2019-04-23,11:01:53,00";
var hq_str_sh603259="药明康德,91.020,91.800,89.450,91.850,89.450,89.450,89.470,2166188,195956547.000,9400,89.450,700,89.440,900,89.430,100,89.420,700,89.410,6800,89.470,800,89.480,18800,89.490,300,89.530,100,89.550,2019-04-23,11:02:56,00";
var hq_str_sh603259="药明康德,91.020,91.800,89.410,91.850,89.400,89.400,89.410,2197088,198720186.000,2500,89.400,300,89.390,2800,89.380,200,89.370,1100,89.360,2100,89.410,1200,89.430,100,89.440,1200,89.480,18800,89.490,2019-04-23,11:03:56,00";
var hq_str_sh603259="药明康德,91.020,91.800,89.400,91.850,89.390,89.390,89.400,2216288,200436848.000,900,89.390,3200,89.380,600,89.370,1100,89.360,15300,89.350,3500,89.400,3400,89.410,1600,89.480,18800,89.490,300,89.530,2019-04-23,11:04:56,00";
var hq_str_sh603259="药明康德,91.020,91.800,89.430,91.850,89.390,89.440,89.470,2235688,202171370.000,200,89.440,800,89.430,800,89.420,2200,89.410,12300,89.400,200,89.470,1600,89.480,18800,89.490,300,89.530,100,89.550,2019-04-23,11:05:59,00";
var hq_str_sh603259="药明康德,91.020,91.800,89.500,91.850,89.390,89.510,89.520,2278388,205992616.000,1000,89.510,500,89.500,4000,89.490,2600,89.480,400,89.470,5300,89.520,3800,89.530,1000,89.560,200,89.580,3000,89.620,2019-04-23,11:06:56,00";
var hq_str_sh603259="药明康德,91.020,91.800,89.500,91.850,89.390,89.490,89.500,2293388,207335191.000,1600,89.490,2900,89.480,300,89.470,100,89.460,1100,89.450,1800,89.500,300,89.510,100,89.530,1000,89.560,200,89.580,2019-04-23,11:07:56,00";
var hq_str_sh603259="药明康德,91.020,91.800,89.460,91.850,89.390,89.450,89.460,2314588,209232390.000,300,89.450,500,89.440,5200,89.430,700,89.420,2500,89.410,2600,89.460,4800,89.480,19000,89.500,300,89.510,100,89.530,2019-04-23,11:08:56,00";
var hq_str_sh603259="药明康德,91.020,91.800,89.420,91.850,89.390,89.410,89.420,2328888,210511336.000,2700,89.410,14100,89.400,6400,89.390,4900,89.380,600,89.370,5600,89.420,4600,89.430,600,89.450,1200,89.460,100,89.490,2019-04-23,11:09:56,00";
var hq_str_sh603259="药明康德,91.020,91.800,89.400,91.850,89.390,89.390,89.400,2365588,213792536.000,6600,89.390,5900,89.380,600,89.370,2100,89.360,15900,89.350,700,89.400,500,89.410,1500,89.420,2800,89.430,200,89.490,2019-04-23,11:10:56,00";
var hq_str_sh603259="药明康德,91.020,91.800,89.290,91.850,89.290,89.290,89.300,2422288,218858498.000,700,89.290,1700,89.280,700,89.260,1100,89.250,100,89.240,3000,89.300,500,89.320,1100,89.330,600,89.370,300,89.380,2019-04-23,11:11:59,00";
var hq_str_sh603259="药明康德,91.020,91.800,89.180,91.850,89.180,89.180,89.200,2449388,221276656.000,800,89.180,300,89.170,1800,89.160,6000,89.150,1400,89.140,9900,89.200,1400,89.210,4500,89.230,800,89.240,1400,89.250,2019-04-23,11:12:56,00";
var hq_str_sh603259="药明康德,91.020,91.800,89.000,91.850,88.990,88.990,89.000,2582388,233119341.000,200,88.990,700,88.980,100,88.970,100,88.950,200,88.940,1000,89.000,400,89.010,1600,89.050,4104,89.060,300,89.110,2019-04-23,11:13:56,00";
var hq_str_sh603259="药明康德,91.020,91.800,89.050,91.850,88.960,89.030,89.050,2634888,237791944.000,700,89.030,100,89.010,4400,89.000,10300,88.990,1300,88.980,2100,89.050,2400,89.060,300,89.110,2000,89.210,100,89.240,2019-04-23,11:14:56,00";
var hq_str_sh603259="药明康德,91.020,91.800,89.200,91.850,88.960,89.060,89.200,2655488,239626609.000,1500,89.060,600,89.050,1200,89.040,900,89.030,300,89.020,1100,89.200,1900,89.210,200,89.290,3000,89.300,600,89.370,2019-04-23,11:15:56,00";
var hq_str_sh603259="药明康德,91.020,91.800,89.080,91.850,88.960,89.070,89.080,2671888,241088221.000,1100,89.070,3600,89.060,1800,89.050,1100,89.040,400,89.030,2900,89.080,2400,89.090,1300,89.100,200,89.130,800,89.190,2019-04-23,11:16:56,00";
var hq_str_sh603259="药明康德,91.020,91.800,89.070,91.850,88.960,89.020,89.070,2709388,244427284.000,100,89.020,3200,89.010,2600,89.000,10200,88.990,23900,88.980,5300,89.070,700,89.190,400,89.200,1900,89.210,200,89.290,2019-04-23,11:17:56,00";
var hq_str_sh603259="药明康德,91.020,91.800,89.060,91.850,88.960,89.000,89.060,2730188,246279202.000,7800,89.000,10700,88.990,24100,88.980,1200,88.970,2800,88.960,4300,89.060,3700,89.190,400,89.200,1900,89.210,200,89.290,2019-04-23,11:18:56,00";
var hq_str_sh603259="药明康德,91.020,91.800,89.030,91.850,88.960,89.010,89.030,2750288,248068418.000,900,89.010,11000,89.000,10600,88.990,24300,88.980,3200,88.970,300,89.030,100,89.060,2200,89.180,3700,89.190,500,89.200,2019-04-23,11:19:56,00";
var hq_str_sh603259="药明康德,91.020,91.800,89.030,91.850,88.960,89.030,89.130,2780088,250721359.000,1000,89.030,100,89.020,1600,89.010,5700,89.000,9800,88.990,3900,89.130,4100,89.140,200,89.160,1300,89.180,3700,89.190,2019-04-23,11:20:59,00";
var hq_str_sh603259="药明康德,91.020,91.800,89.210,91.850,88.960,89.110,89.210,2837288,255829879.000,200,89.110,600,89.100,200,89.090,200,89.060,1300,89.050,600,89.210,1000,89.350,600,89.370,2500,89.490,2400,89.500,2019-04-23,11:21:59,00";
var hq_str_sh603259="药明康德,91.020,91.800,89.190,91.850,88.960,89.120,89.180,2847488,256738738.000,300,89.120,200,89.110,3800,89.100,200,89.080,200,89.060,6100,89.180,100,89.210,600,89.430,2500,89.450,1000,89.470,2019-04-23,11:22:56,00";
var hq_str_sh603259="药明康德,91.020,91.800,89.070,91.850,88.960,89.070,89.080,2865888,258378395.000,300,89.070,300,89.060,1800,89.050,2200,89.040,10500,89.030,1800,89.080,500,89.110,400,89.120,300,89.190,100,89.210,2019-04-23,11:23:56,00";
var hq_str_sh603259="药明康德,91.020,91.800,89.100,91.850,88.960,89.090,89.100,2881788,259794823.000,3200,89.090,8500,89.080,300,89.070,1500,89.060,200,89.050,3000,89.100,3600,89.110,400,89.430,5000,89.450,1300,89.480,2019-04-23,11:24:56,00";
var hq_str_sh603259="药明康德,91.020,91.800,89.410,91.850,88.960,89.110,89.410,2921682,263348486.000,1000,89.110,100,89.090,1100,89.050,800,89.040,6106,89.030,300,89.410,1300,89.420,5000,89.450,600,89.480,3200,89.500,2019-04-23,11:25:59,00";
var hq_str_sh603259="药明康德,91.020,91.800,89.150,91.850,88.960,89.200,89.380,2938282,264830270.000,100,89.200,1700,89.150,600,89.130,100,89.110,400,89.100,1000,89.380,500,89.390,200,89.400,300,89.410,100,89.480,2019-04-23,11:26:59,00";
var hq_str_sh603259="药明康德,91.020,91.800,89.350,91.850,88.960,89.350,89.390,2951682,266027175.000,5900,89.350,100,89.330,200,89.320,5600,89.310,900,89.300,2000,89.390,400,89.480,1300,89.490,2800,89.500,1300,89.560,2019-04-23,11:27:59,00";
var hq_str_sh603259="药明康德,91.020,91.800,89.350,91.850,88.960,89.350,89.450,2973382,267967002.000,1000,89.350,11800,89.320,5500,89.310,900,89.300,400,89.230,3100,89.450,2500,89.470,1100,89.490,2800,89.500,1300,89.560,2019-04-23,11:28:59,00";
var hq_str_sh603259="药明康德,91.020,91.800,89.500,91.850,88.960,89.520,89.560,3005552,270842405.000,100,89.520,300,89.500,100,89.430,100,89.420,300,89.360,1200,89.560,200,89.580,100,89.600,3000,89.620,5000,89.650,2019-04-23,11:29:53,00";
var hq_str_sh603259="药明康德,91.020,91.800,89.520,91.850,88.960,89.500,89.520,3005652,270851357.000,300,89.500,200,89.450,100,89.430,100,89.420,300,89.360,1400,89.520,1200,89.560,200,89.580,100,89.600,3000,89.620,2019-04-23,11:30:00,00";
var hq_str_sh603259="药明康德,91.020,91.800,89.500,91.850,88.960,89.500,89.530,3030852,273107410.000,5700,89.500,400,89.450,300,89.420,200,89.410,700,89.400,900,89.530,500,89.600,700,89.610,3000,89.620,5500,89.650,2019-04-23,13:00:56,00";
var hq_str_sh603259="药明康德,91.020,91.800,89.380,91.850,88.960,89.370,89.380,3040452,273966278.000,400,89.370,1300,89.360,200,89.350,1800,89.340,900,89.330,1400,89.380,1900,89.420,400,89.500,100,89.590,500,89.600,2019-04-23,13:01:56,00";
var hq_str_sh603259="药明康德,91.020,91.800,89.340,91.850,88.960,89.330,89.340,3051352,274940245.000,500,89.330,9230,89.320,5900,89.310,1800,89.300,100,89.250,4400,89.340,300,89.350,100,89.360,500,89.370,300,89.380,2019-04-23,13:02:59,00";
var hq_str_sh603259="药明康德,91.020,91.800,89.320,91.850,88.960,89.310,89.320,3073882,276952534.000,5100,89.310,2200,89.300,200,89.290,100,89.250,400,89.230,4070,89.320,100,89.330,200,89.340,100,89.360,300,89.380,2019-04-23,13:03:59,00";
var hq_str_sh603259="药明康德,91.020,91.800,89.150,91.850,88.960,89.150,89.170,3088282,278238011.000,1000,89.150,200,89.130,200,89.120,100,89.110,4300,89.100,800,89.170,5500,89.180,2100,89.190,200,89.200,500,89.270,2019-04-23,13:04:56,00";
var hq_str_sh603259="药明康德,91.020,91.800,89.050,91.850,88.960,89.040,89.050,3107382,279940123.000,2100,89.040,600,89.030,2400,89.020,4200,89.010,27700,89.000,6300,89.050,100,89.090,300,89.100,2500,89.110,300,89.150,2019-04-23,13:05:59,00";
var hq_str_sh603259="药明康德,91.020,91.800,89.010,91.850,88.960,89.000,89.010,3132299,282158190.000,24283,89.000,9900,88.990,21400,88.980,2400,88.970,4300,88.960,300,89.010,100,89.020,900,89.090,1200,89.100,200,89.110,2019-04-23,13:06:56,00";
var hq_str_sh603259="药明康德,91.020,91.800,89.070,91.850,88.960,89.070,89.090,3150199,283751499.000,1600,89.070,100,89.050,100,89.030,2600,89.020,2000,89.010,900,89.090,1200,89.100,200,89.200,100,89.270,2600,89.300,2019-04-23,13:07:56,00";
var hq_str_sh603259="药明康德,91.020,91.800,89.080,91.850,88.960,89.070,89.080,3162899,284882618.000,100,89.070,3300,89.060,4500,89.050,400,89.030,2700,89.020,100,89.080,400,89.090,100,89.100,200,89.200,100,89.270,2019-04-23,13:08:56,00";
var hq_str_sh603259="药明康德,91.020,91.800,89.100,91.850,88.960,89.100,89.190,3169099,285434961.000,600,89.100,300,89.090,300,89.080,1300,89.070,3300,89.060,100,89.190,2100,89.200,100,89.270,2600,89.300,300,89.380,2019-04-23,13:09:56,00";
var hq_str_sh603259="药明康德,91.020,91.800,89.210,91.850,88.960,89.200,89.210,3184774,286833354.000,7025,89.200,200,89.150,1100,89.110,100,89.100,500,89.090,1400,89.210,100,89.270,2600,89.300,300,89.380,100,89.400,2019-04-23,13:10:59,00";
var hq_str_sh603259="药明康德,91.020,91.800,89.270,91.850,88.960,89.220,89.300,3191274,287413331.000,200,89.220,1200,89.210,5125,89.200,200,89.150,1100,89.110,2600,89.300,300,89.380,100,89.400,1000,89.440,100,89.470,2019-04-23,13:11:56,00";
var hq_str_sh603259="药明康德,91.020,91.800,89.320,91.850,88.960,89.300,89.380,3204874,288627644.000,1700,89.300,200,89.270,1000,89.220,1700,89.210,2825,89.200,400,89.380,100,89.400,1000,89.440,100,89.470,1000,89.500,2019-04-23,13:12:59,00";
var hq_str_sh603259="药明康德,91.020,91.800,89.310,91.850,88.960,89.300,89.310,3209174,289011732.000,4000,89.300,300,89.270,1000,89.220,1700,89.210,2925,89.200,100,89.310,200,89.330,200,89.380,100,89.400,1000,89.440,2019-04-23,13:13:59,00";
var hq_str_sh603259="药明康德,91.020,91.800,89.220,91.850,88.960,89.210,89.220,3217074,289716959.000,1300,89.210,2925,89.200,200,89.150,1200,89.110,900,89.100,4600,89.220,4600,89.230,400,89.270,100,89.290,200,89.300,2019-04-23,13:14:56,00";
var hq_str_sh603259="药明康德,91.020,91.800,89.080,91.850,88.960,89.070,89.100,3231099,290967266.000,1400,89.070,3100,89.060,4300,89.050,600,89.040,700,89.030,6100,89.100,100,89.110,600,89.120,200,89.200,100,89.210,2019-04-23,13:15:59,00";
var hq_str_sh603259="药明康德,91.020,91.800,89.070,91.850,88.960,89.060,89.070,3239099,291679883.000,3200,89.060,4300,89.050,600,89.040,900,89.030,2100,89.020,3400,89.070,4400,89.080,200,89.100,800,89.110,200,89.200,2019-04-23,13:16:59,00";
var hq_str_sh603259="药明康德,91.020,91.800,89.030,91.850,88.960,89.020,89.030,3257299,293300536.000,2100,89.020,4100,89.010,47483,89.000,10700,88.990,21600,88.980,3200,89.030,300,89.040,4100,89.050,200,89.070,200,89.080,2019-04-23,13:17:56,00";
var hq_str_sh603259="药明康德,91.020,91.800,89.070,91.850,88.960,89.070,89.080,3283399,295624152.000,700,89.070,1300,89.050,1800,89.030,1300,89.020,2500,89.010,200,89.080,800,89.110,300,89.200,100,89.210,400,89.270,2019-04-23,13:18:56,00";
var hq_str_sh603259="药明康德,91.020,91.800,89.270,91.850,88.960,89.110,89.260,3290199,296230413.000,100,89.110,2300,89.100,200,89.090,2600,89.080,500,89.060,200,89.260,600,89.270,900,89.300,1000,89.330,200,89.380,2019-04-23,13:19:59,00";
var hq_str_sh603259="药明康德,91.020,91.800,89.070,91.850,88.960,89.060,89.070,3312599,298225662.000,1100,89.060,1200,89.050,500,89.040,4300,89.030,2500,89.020,1700,89.070,2300,89.080,100,89.270,900,89.300,1000,89.330,2019-04-23,13:20:53,00";
var hq_str_sh603259="药明康德,91.020,91.800,89.340,91.850,88.960,89.330,89.340,3323799,299224525.000,1600,89.330,1000,89.300,100,89.220,200,89.120,1600,89.100,1400,89.340,4600,89.460,100,89.470,600,89.480,1000,89.500,2019-04-23,13:21:59,00";
var hq_str_sh603259="药明康德,91.020,91.800,89.200,91.850,88.960,89.200,89.230,3337999,300492164.000,300,89.200,600,89.120,800,89.110,1700,89.100,700,89.090,4100,89.230,100,89.280,100,89.290,700,89.330,100,89.450,2019-04-23,13:22:56,00";
var hq_str_sh603259="药明康德,91.020,91.800,89.100,91.850,88.960,89.140,89.190,3357699,302247522.000,100,89.140,200,89.100,3100,89.090,1200,89.080,4700,89.070,700,89.190,100,89.290,200,89.330,100,89.450,600,89.480,2019-04-23,13:23:56,00";
var hq_str_sh603259="药明康德,91.020,91.800,89.290,91.850,88.960,89.290,89.450,3369599,303308420.000,700,89.290,700,89.160,1300,89.150,2100,89.130,800,89.110,100,89.450,600,89.480,1100,89.500,500,89.600,1200,89.610,2019-04-23,13:24:59,00";
var hq_str_sh603259="药明康德,91.020,91.800,89.470,91.850,88.960,89.500,89.590,3378199,304077738.000,500,89.500,800,89.470,100,89.460,700,89.450,100,89.320,900,89.590,600,89.600,1200,89.610,3000,89.620,5100,89.650,2019-04-23,13:25:59,00";
var hq_str_sh603259="药明康德,91.020,91.800,89.490,91.850,88.960,89.480,89.490,3391899,305303922.000,900,89.480,400,89.470,300,89.460,800,89.450,200,89.420,2500,89.490,600,89.550,600,89.590,700,89.600,1300,89.610,2019-04-23,13:26:59,00";
var hq_str_sh603259="药明康德,91.020,91.800,89.520,91.850,88.960,89.500,89.550,3400599,306082542.000,3200,89.500,7700,89.490,500,89.480,900,89.470,300,89.460,100,89.550,400,89.580,900,89.590,800,89.600,1200,89.610,2019-04-23,13:27:56,00";
var hq_str_sh603259="药明康德,91.020,91.800,89.560,91.850,88.960,89.520,89.580,3415499,307416570.000,2200,89.520,300,89.510,5100,89.500,7700,89.490,400,89.480,400,89.580,500,89.590,800,89.600,1700,89.610,3000,89.620,2019-04-23,13:28:59,00";
var hq_str_sh603259="药明康德,91.020,91.800,89.490,91.850,88.960,89.490,89.500,3450599,310559100.000,5200,89.490,400,89.480,800,89.470,1200,89.460,500,89.450,400,89.500,100,89.510,1294,89.520,300,89.540,1700,89.620,2019-04-23,13:29:59,00";
var hq_str_sh603259="药明康德,91.020,91.800,89.500,91.850,88.960,89.490,89.500,3468299,312143280.000,4900,89.490,600,89.480,800,89.470,1200,89.460,1000,89.450,100,89.500,594,89.520,2300,89.540,300,89.600,600,89.610,2019-04-23,13:30:56,00";
var hq_str_sh603259="药明康德,91.020,91.800,89.520,91.850,88.960,89.500,89.520,3474499,312698238.000,900,89.500,4600,89.490,600,89.480,800,89.470,1200,89.460,794,89.520,2100,89.540,100,89.590,300,89.600,600,89.610,2019-04-23,13:31:59,00";
var hq_str_sh603259="药明康德,91.020,91.800,89.490,91.850,88.960,89.490,89.500,3485199,313655913.000,3900,89.490,700,89.480,800,89.470,1400,89.460,1000,89.450,5100,89.500,100,89.510,2394,89.520,100,89.540,100,89.590,2019-04-23,13:32:59,00";
var hq_str_sh603259="药明康德,91.020,91.800,89.400,91.850,88.960,89.400,89.440,3496599,314675910.000,200,89.400,500,89.390,200,89.380,100,89.310,100,89.300,2800,89.440,500,89.450,100,89.460,1600,89.470,2600,89.490,2019-04-23,13:33:56,00";
var hq_str_sh603259="药明康德,91.020,91.800,89.280,91.850,88.960,89.220,89.270,3506599,315569173.000,100,89.220,300,89.200,100,89.190,100,89.160,300,89.150,1200,89.270,200,89.300,2900,89.310,200,89.380,300,89.390,2019-04-23,13:34:56,00";
var hq_str_sh603259="药明康德,91.020,91.800,89.380,91.850,88.960,89.230,89.380,3519099,316684704.000,400,89.230,700,89.220,1700,89.200,100,89.190,100,89.160,1900,89.380,200,89.390,100,89.430,500,89.450,200,89.460,2019-04-23,13:35:56,00";
var hq_str_sh603259="药明康德,91.020,91.800,89.600,91.850,88.960,89.400,89.610,3534999,318106172.000,100,89.400,200,89.390,2700,89.380,3900,89.370,2100,89.360,194,89.610,800,89.620,5400,89.650,100,89.670,100,89.750,2019-04-23,13:36:56,00";
var hq_str_sh603259="药明康德,91.020,91.800,89.620,91.850,88.960,89.610,89.620,3544699,318975182.000,6100,89.610,100,89.600,5800,89.450,2900,89.430,2300,89.420,1200,89.620,100,89.730,200,89.760,300,89.770,2000,89.790,2019-04-23,13:37:56,00";
var hq_str_sh603259="药明康德,91.020,91.800,89.750,91.850,88.960,89.610,89.750,3560199,320364415.000,700,89.610,100,89.600,200,89.590,1000,89.500,200,89.460,100,89.750,200,89.760,2300,89.770,2100,89.790,1200,89.800,2019-04-23,13:38:59,00";
var hq_str_sh603259="药明康德,91.020,91.800,89.830,91.850,88.960,89.850,89.880,3577299,321900809.000,200,89.850,4700,89.830,1200,89.800,1100,89.790,6900,89.780,1600,89.880,800,89.930,100,89.970,6500,90.000,600,90.010,2019-04-23,13:39:59,00";
var hq_str_sh603259="药明康德,91.020,91.800,89.920,91.850,88.960,89.920,89.930,3595599,323545508.000,1600,89.920,900,89.900,3400,89.880,800,89.870,2700,89.860,100,89.930,2500,89.960,300,89.980,1700,89.990,6900,90.000,2019-04-23,13:40:56,00";
var hq_str_sh603259="药明康德,91.020,91.800,89.920,91.850,88.960,89.920,89.930,3603999,324300894.000,200,89.920,1800,89.910,3100,89.900,5500,89.880,1100,89.870,400,89.930,200,89.940,1800,89.950,2000,89.960,7100,89.980,2019-04-23,13:41:56,00";
var hq_str_sh603259="药明康德,91.020,91.800,89.900,91.850,88.960,89.900,89.910,3621799,325901410.000,7300,89.900,5800,89.880,1100,89.870,1600,89.860,1200,89.850,6100,89.910,100,89.920,200,89.940,900,89.950,2000,89.960,2019-04-23,13:42:59,00";
var hq_str_sh603259="药明康德,91.020,91.800,89.920,91.850,88.960,89.920,89.940,3637599,327321984.000,600,89.920,1100,89.910,6600,89.900,400,89.890,3000,89.880,700,89.940,1100,89.950,1900,89.960,400,89.970,6700,89.980,2019-04-23,13:43:56,00";
var hq_str_sh603259="药明康德,91.020,91.800,89.920,91.850,88.960,89.900,89.920,3653399,328742575.000,4400,89.900,600,89.890,3000,89.880,1100,89.870,1600,89.860,1200,89.920,400,89.940,1100,89.950,1800,89.960,6700,89.980,2019-04-23,13:44:59,00";
var hq_str_sh603259="药明康德,91.020,91.800,89.930,91.850,88.960,89.920,89.930,3661199,329443994.000,1100,89.920,1500,89.910,4500,89.900,400,89.890,3000,89.880,100,89.930,200,89.940,1100,89.950,2000,89.960,100,89.970,2019-04-23,13:45:59,00";
var hq_str_sh603259="药明康德,91.020,91.800,89.920,91.850,88.960,89.920,89.950,3676499,330819901.000,100,89.920,1100,89.910,5900,89.900,400,89.890,3000,89.880,900,89.950,1800,89.960,300,89.970,6600,89.980,1000,89.990,2019-04-23,13:46:59,00";
var hq_str_sh603259="药明康德,91.020,91.800,89.960,91.850,88.960,89.950,89.960,3690399,332070171.000,100,89.950,200,89.940,200,89.930,2100,89.920,600,89.910,1200,89.960,1400,89.970,6600,89.980,1000,89.990,5900,90.000,2019-04-23,13:47:59,00";
var hq_str_sh603259="药明康德,91.020,91.800,89.920,91.850,88.960,89.910,89.920,3706999,333563060.000,800,89.910,6600,89.900,400,89.890,2700,89.880,800,89.870,100,89.920,200,89.940,500,89.950,800,89.960,1500,89.970,2019-04-23,13:48:59,00";
var hq_str_sh603259="药明康德,91.020,91.800,89.900,91.850,88.960,89.890,89.900,3719099,334650927.000,500,89.890,2700,89.880,800,89.870,1800,89.860,1500,89.850,100,89.900,6300,89.910,100,89.920,300,89.930,100,89.940,2019-04-23,13:49:59,00";
var hq_str_sh603259="药明康德,91.020,91.800,89.880,91.850,88.960,89.870,89.880,3725099,335190235.000,800,89.870,1800,89.860,1500,89.850,4700,89.830,900,89.810,5100,89.880,3100,89.890,700,89.900,6100,89.910,100,89.920,2019-04-23,13:50:56,00";
var hq_str_sh603259="药明康德,91.020,91.800,89.850,91.850,88.960,89.830,89.850,3744099,336897616.000,2200,89.830,900,89.810,2600,89.800,500,89.790,1900,89.780,1400,89.850,1000,89.860,2500,89.870,3200,89.880,1000,89.900,2019-04-23,13:51:56,00";
var hq_str_sh603259="药明康德,91.020,91.800,89.750,91.850,88.960,89.750,89.760,3759699,338298395.000,100,89.750,100,89.740,200,89.720,800,89.700,1000,89.690,8800,89.760,1000,89.790,1200,89.800,300,89.830,100,89.850,2019-04-23,13:52:59,00";
var hq_str_sh603259="药明康德,91.020,91.800,89.630,91.850,88.960,89.610,89.630,3769199,339150386.000,3500,89.610,1700,89.600,200,89.590,300,89.530,2700,89.500,900,89.630,7300,89.640,100,89.700,200,89.720,1000,89.750,2019-04-23,13:53:59,00";
var hq_str_sh603259="药明康德,91.020,91.800,89.600,91.850,88.960,89.600,89.610,3779199,340046578.000,700,89.600,200,89.590,300,89.530,200,89.510,3300,89.500,2100,89.610,5200,89.620,800,89.640,200,89.700,100,89.720,2019-04-23,13:54:56,00";
var hq_str_sh603259="药明康德,91.020,91.800,89.460,91.850,88.960,89.450,89.460,3790899,341093904.000,100,89.450,1000,89.440,2400,89.430,1100,89.420,400,89.410,2900,89.460,600,89.480,3000,89.500,300,89.530,100,89.590,2019-04-23,13:55:56,00";
var hq_str_sh603259="药明康德,91.020,91.800,89.410,91.850,88.960,89.400,89.410,3806899,342524824.000,2900,89.400,1900,89.390,1300,89.380,1200,89.370,200,89.360,1000,89.410,1700,89.430,2300,89.440,500,89.450,3000,89.500,2019-04-23,13:56:59,00";
var hq_str_sh603259="药明康德,91.020,91.800,89.530,91.850,88.960,89.520,89.530,3823699,344028028.000,700,89.520,100,89.510,3700,89.500,800,89.430,100,89.410,1100,89.530,100,89.590,100,89.610,700,89.620,100,89.700,2019-04-23,13:57:56,00";
var hq_str_sh603259="药明康德,91.020,91.800,89.460,91.850,88.960,89.450,89.460,3854899,346818947.000,8300,89.450,200,89.410,900,89.400,100,89.390,300,89.380,2000,89.460,2500,89.500,800,89.520,100,89.590,100,89.610,2019-04-23,13:58:56,00";
var hq_str_sh603259="药明康德,91.020,91.800,89.470,91.850,88.960,89.460,89.470,3865399,347758472.000,2700,89.460,6200,89.450,100,89.420,200,89.410,1100,89.400,1200,89.470,400,89.500,500,89.510,100,89.590,100,89.610,2019-04-23,13:59:56,00";
var hq_str_sh603259="药明康德,91.020,91.800,89.510,91.850,88.960,89.510,89.590,3880999,349154326.000,400,89.510,500,89.480,1300,89.470,1300,89.460,16300,89.450,200,89.590,100,89.610,700,89.620,100,89.700,500,89.730,2019-04-23,14:00:56,00";
var hq_str_sh603259="药明康德,91.020,91.800,89.500,91.850,88.960,89.500,89.550,3886699,349664637.000,300,89.500,100,89.490,300,89.480,1200,89.470,1800,89.460,400,89.550,300,89.620,300,89.700,500,89.730,800,89.750,2019-04-23,14:01:56,00";
var hq_str_sh603259="药明康德,91.020,91.800,89.370,91.850,88.960,89.310,89.370,3922999,352910981.000,400,89.310,2700,89.300,900,89.280,500,89.250,100,89.240,3300,89.370,300,89.380,900,89.400,1800,89.460,800,89.490,2019-04-23,14:02:56,00";
var hq_str_sh603259="药明康德,91.020,91.800,89.490,91.850,88.960,89.500,89.600,3935999,354073475.000,3100,89.500,300,89.460,4200,89.410,13900,89.400,100,89.380,2000,89.600,300,89.700,500,89.730,800,89.750,700,89.760,2019-04-23,14:03:56,00";
var hq_str_sh603259="药明康德,91.020,91.800,89.520,91.850,88.960,89.500,89.520,3946699,355031400.000,500,89.500,300,89.460,1100,89.420,6600,89.410,14100,89.400,2300,89.520,600,89.540,200,89.550,200,89.560,200,89.570,2019-04-23,14:04:56,00";
var hq_str_sh603259="药明康德,91.020,91.800,89.540,91.850,88.960,89.500,89.540,3959699,356194788.000,2000,89.500,2100,89.480,500,89.470,100,89.460,400,89.430,1000,89.540,1900,89.600,400,89.700,500,89.730,800,89.750,2019-04-23,14:05:56,00";
var hq_str_sh603259="药明康德,91.020,91.800,89.510,91.850,88.960,89.500,89.510,3969399,357063743.000,2600,89.500,1800,89.480,200,89.460,400,89.430,800,89.420,5100,89.510,400,89.570,100,89.600,200,89.670,300,89.680,2019-04-23,14:06:56,00";
var hq_str_sh603259="药明康德,91.020,91.800,89.460,91.850,88.960,89.440,89.460,3987799,358710384.000,200,89.440,800,89.430,1200,89.420,2500,89.410,14600,89.400,1800,89.460,200,89.480,1600,89.500,100,89.510,2400,89.550,2019-04-23,14:07:56,00";
var hq_str_sh603259="药明康德,91.020,91.800,89.420,91.850,88.960,89.410,89.480,4007899,360507918.000,2300,89.410,16500,89.400,300,89.380,200,89.370,100,89.360,200,89.480,1900,89.500,100,89.510,2400,89.550,200,89.670,2019-04-23,14:08:59,00";
var hq_str_sh603259="药明康德,91.020,91.800,89.510,91.850,88.960,89.440,89.510,4017499,361366706.000,300,89.440,2200,89.410,16700,89.400,400,89.380,200,89.370,500,89.510,2400,89.550,200,89.670,300,89.680,200,89.690,2019-04-23,14:09:56,00";
var hq_str_sh603259="药明康德,91.020,91.800,89.470,91.850,88.960,89.450,89.460,4027199,362234822.000,1000,89.450,700,89.440,500,89.420,4200,89.410,15700,89.400,1000,89.460,1800,89.470,100,89.490,100,89.510,200,89.540,2019-04-23,14:10:56,00";
var hq_str_sh603259="药明康德,91.020,91.800,89.450,91.850,88.960,89.430,89.450,4042099,363567832.000,800,89.430,3500,89.410,19400,89.400,100,89.390,1000,89.380,900,89.450,400,89.550,600,89.600,300,89.660,200,89.670,2019-04-23,14:11:59,00";
var hq_str_sh603259="药明康德,91.020,91.800,89.420,91.850,88.960,89.410,89.420,4058101,364998751.000,498,89.410,19400,89.400,100,89.390,600,89.380,300,89.360,2700,89.420,1400,89.430,1000,89.450,200,89.550,100,89.600,2019-04-23,14:12:59,00";
var hq_str_sh603259="药明康德,91.020,91.800,89.450,91.850,88.960,89.430,89.440,4066701,365767829.000,1300,89.430,2600,89.420,1298,89.410,19600,89.400,100,89.390,600,89.440,400,89.450,400,89.550,300,89.660,200,89.670,2019-04-23,14:13:56,00";
var hq_str_sh603259="药明康德,91.020,91.800,89.420,91.850,88.960,89.410,89.420,4074001,366420638.000,1498,89.410,19700,89.400,100,89.390,600,89.380,300,89.360,4500,89.420,3000,89.430,600,89.550,500,89.650,300,89.660,2019-04-23,14:14:53,00";
var hq_str_sh603259="药明康德,91.020,91.800,89.400,91.850,88.960,89.400,89.410,4090399,367886697.000,10900,89.400,200,89.390,600,89.380,300,89.360,500,89.330,602,89.410,600,89.550,500,89.650,300,89.660,200,89.670,2019-04-23,14:15:56,00";
var hq_str_sh603259="药明康德,91.020,91.800,89.550,91.850,88.960,89.410,89.650,4114164,370011404.000,635,89.410,2300,89.400,200,89.390,600,89.380,300,89.360,500,89.650,300,89.660,200,89.670,200,89.680,200,89.690,2019-04-23,14:16:53,00";
var hq_str_sh603259="药明康德,91.020,91.800,89.670,91.850,88.960,89.670,89.690,4118664,370414194.000,100,89.670,100,89.500,100,89.480,400,89.460,4100,89.450,1000,89.690,300,89.700,500,89.730,800,89.750,700,89.760,2019-04-23,14:17:56,00";
var hq_str_sh603259="药明康德,91.020,91.800,89.480,91.850,88.960,89.470,89.480,4125364,371014444.000,300,89.470,1400,89.460,4200,89.450,300,89.430,2300,89.420,1800,89.480,4400,89.490,200,89.500,100,89.600,3500,89.660,2019-04-23,14:18:59,00";
var hq_str_sh603259="药明康德,91.020,91.800,89.450,91.850,88.960,89.450,89.500,4139464,372275757.000,13400,89.450,300,89.430,2100,89.420,835,89.410,2000,89.400,2200,89.500,100,89.600,2000,89.650,2300,89.660,600,89.670,2019-04-23,14:19:56,00";
var hq_str_sh603259="药明康德,91.020,91.800,89.640,91.850,88.960,89.600,89.670,4161764,374273670.000,300,89.600,200,89.590,13900,89.500,100,89.470,1200,89.460,500,89.670,600,89.690,300,89.700,600,89.730,2500,89.780,2019-04-23,14:20:56,00";
var hq_str_sh603259="药明康德,91.020,91.800,89.690,91.850,88.960,89.670,89.690,4167464,374784850.000,1000,89.670,200,89.650,2300,89.640,100,89.620,200,89.600,900,89.690,300,89.700,1000,89.730,500,89.770,2500,89.780,2019-04-23,14:21:56,00";
var hq_str_sh603259="药明康德,91.020,91.800,89.560,91.850,88.960,89.510,89.560,4177464,375681236.000,400,89.510,15300,89.500,100,89.470,300,89.460,200,89.450,3600,89.560,2000,89.570,1300,89.590,500,89.600,100,89.640,2019-04-23,14:22:56,00";
var hq_str_sh603259="药明康德,91.020,91.800,89.500,91.850,88.960,89.500,89.510,4192964,377068675.000,8100,89.500,100,89.470,300,89.460,200,89.450,100,89.430,1700,89.510,200,89.520,100,89.560,500,89.600,1300,89.700,2019-04-23,14:23:56,00";
var hq_str_sh603259="药明康德,91.020,91.800,89.510,91.850,88.960,89.510,89.650,4208764,378483490.000,200,89.510,4300,89.500,100,89.490,100,89.470,300,89.460,600,89.650,200,89.690,1300,89.700,1000,89.730,500,89.770,2019-04-23,14:24:56,00";
var hq_str_sh603259="药明康德,91.020,91.800,89.650,91.850,88.960,89.510,89.650,4218564,379361023.000,500,89.510,3000,89.500,200,89.470,300,89.460,300,89.450,100,89.650,300,89.690,1400,89.700,1000,89.730,500,89.770,2019-04-23,14:25:56,00";
var hq_str_sh603259="药明康德,91.020,91.800,89.520,91.850,88.960,89.500,89.520,4224664,379907303.000,4600,89.500,100,89.470,400,89.460,200,89.450,400,89.430,1400,89.520,200,89.530,2100,89.540,3800,89.550,300,89.680,2019-04-23,14:26:59,00";
var hq_str_sh603259="药明康德,91.020,91.800,89.450,91.850,88.960,89.430,89.450,4234364,380775443.000,600,89.430,2100,89.420,300,89.410,2400,89.400,1600,89.390,1600,89.450,3800,89.460,900,89.470,100,89.510,200,89.520,2019-04-23,14:27:56,00";
var hq_str_sh603259="药明康德,91.020,91.800,89.390,91.850,88.960,89.380,89.390,4246164,381830517.000,900,89.380,400,89.370,800,89.360,1900,89.350,500,89.330,1300,89.390,4600,89.400,100,89.410,200,89.420,300,89.450,2019-04-23,14:28:59,00";
var hq_str_sh603259="药明康德,91.020,91.800,89.380,91.850,88.960,89.360,89.410,4261164,383171220.000,800,89.360,1900,89.350,500,89.330,500,89.320,400,89.310,200,89.410,200,89.450,200,89.520,200,89.630,2000,89.640,2019-04-23,14:29:56,00";
var hq_str_sh603259="药明康德,91.020,91.800,89.400,91.850,88.960,89.390,89.400,4272364,384172360.000,100,89.390,3800,89.380,1100,89.360,1900,89.350,100,89.340,1900,89.400,2900,89.410,100,89.420,100,89.430,200,89.450,2019-04-23,14:30:56,00";
var hq_str_sh603259="药明康德,91.020,91.800,89.400,91.850,88.960,89.390,89.400,4283964,385209291.000,200,89.390,1100,89.380,1100,89.360,2000,89.350,100,89.340,2600,89.400,100,89.410,100,89.420,200,89.450,100,89.520,2019-04-23,14:31:56,00";
var hq_str_sh603259="药明康德,91.020,91.800,89.350,91.850,88.960,89.340,89.350,4293264,386040397.000,100,89.340,700,89.330,200,89.320,900,89.310,6800,89.300,7800,89.350,800,89.360,100,89.370,200,89.380,1000,89.390,2019-04-23,14:32:56,00";
var hq_str_sh603259="药明康德,91.020,91.800,89.310,91.850,88.960,89.300,89.310,4312264,387737297.000,2500,89.300,900,89.280,2300,89.250,100,89.230,600,89.220,1400,89.310,100,89.320,7200,89.330,200,89.340,1100,89.350,2019-04-23,14:33:59,00";
var hq_str_sh603259="药明康德,91.020,91.800,89.290,91.850,88.960,89.280,89.290,4320464,388469581.000,1000,89.280,600,89.260,2300,89.250,200,89.240,300,89.230,1000,89.290,6700,89.300,2000,89.310,200,89.320,7100,89.330,2019-04-23,14:34:56,00";
var hq_str_sh603259="药明康德,91.020,91.800,89.190,91.850,88.960,89.170,89.180,4333264,389611738.000,1800,89.170,300,89.150,200,89.140,700,89.130,1100,89.120,500,89.180,2700,89.190,7100,89.200,100,89.210,100,89.230,2019-04-23,14:35:56,00";
var hq_str_sh603259="药明康德,91.020,91.800,89.110,91.850,88.960,89.080,89.090,4352164,391296192.000,1400,89.080,1000,89.070,400,89.060,1500,89.050,400,89.040,4300,89.090,2500,89.100,3800,89.120,800,89.130,800,89.140,2019-04-23,14:36:56,00";
var hq_str_sh603259="药明康德,91.020,91.800,89.020,91.850,88.960,89.010,89.020,4378764,393664707.000,4900,89.010,68083,89.000,13100,88.990,21300,88.980,5000,88.970,2400,89.020,6400,89.030,2800,89.040,100,89.060,300,89.080,2019-04-23,14:37:56,00";
var hq_str_sh603259="药明康德,91.020,91.800,89.100,91.850,88.960,89.100,89.130,4477964,402494853.000,4400,89.100,100,89.080,1300,89.030,1000,89.020,500,89.010,1800,89.130,100,89.270,600,89.300,200,89.320,1600,89.350,2019-04-23,14:38:56,00";
var hq_str_sh603259="药明康德,91.020,91.800,89.110,91.850,88.960,89.120,89.300,4491464,403697910.000,100,89.120,600,89.110,400,89.100,100,89.090,100,89.080,1100,89.300,200,89.320,1600,89.350,200,89.380,1000,89.390,2019-04-23,14:39:56,00";
var hq_str_sh603259="药明康德,91.020,91.800,89.140,91.850,88.960,89.130,89.140,4502264,404660879.000,400,89.130,400,89.120,5600,89.110,11700,89.100,400,89.080,7300,89.140,3800,89.210,3800,89.230,400,89.300,200,89.320,2019-04-23,14:40:56,00";
var hq_str_sh603259="药明康德,91.020,91.800,89.110,91.850,88.960,89.130,89.140,4528264,406978196.000,400,89.130,3800,89.110,13000,89.100,1400,89.080,600,89.070,500,89.140,100,89.160,100,89.170,400,89.300,100,89.320,2019-04-23,14:41:56,00";
var hq_str_sh603259="药明康德,91.020,91.800,89.190,91.850,88.960,89.180,89.190,4540764,408093029.000,200,89.180,1200,89.130,1100,89.120,3300,89.110,12900,89.100,2300,89.190,7900,89.200,100,89.210,500,89.250,400,89.300,2019-04-23,14:42:56,00";
var hq_str_sh603259="药明康德,91.020,91.800,89.140,91.850,88.960,89.140,89.160,4564564,410214512.000,700,89.140,600,89.130,1700,89.120,3000,89.110,13500,89.100,500,89.160,1400,89.180,1600,89.200,600,89.210,500,89.250,2019-04-23,14:43:59,00";
var hq_str_sh603259="药明康德,91.020,91.800,89.120,91.850,88.960,89.100,89.120,4590064,412487230.000,14500,89.100,200,89.090,1400,89.080,600,89.070,200,89.060,1700,89.120,200,89.130,1100,89.180,1500,89.200,600,89.210,2019-04-23,14:44:59,00";
var hq_str_sh603259="药明康德,91.020,91.800,89.130,91.850,88.960,89.110,89.130,4605964,413904475.000,2800,89.110,13600,89.100,100,89.090,1400,89.080,100,89.070,100,89.130,2300,89.200,600,89.210,500,89.250,100,89.280,2019-04-23,14:45:56,00";
var hq_str_sh603259="药明康德,91.020,91.800,89.120,91.850,88.960,89.120,89.130,4627764,415847217.000,100,89.120,600,89.110,11400,89.100,100,89.090,1500,89.080,700,89.130,200,89.140,1400,89.190,2700,89.200,600,89.210,2019-04-23,14:46:59,00";
var hq_str_sh603259="药明康德,91.020,91.800,89.110,91.850,88.960,89.100,89.110,4654464,418226473.000,1900,89.100,200,89.090,1300,89.080,100,89.070,200,89.060,3100,89.110,1000,89.120,800,89.160,3100,89.180,1300,89.190,2019-04-23,14:47:56,00";
var hq_str_sh603259="药明康德,91.020,91.800,89.050,91.850,88.960,89.040,89.050,4675164,420070626.000,1200,89.040,1200,89.030,3200,89.020,6000,89.010,19283,89.000,400,89.050,6500,89.060,1500,89.080,300,89.090,1000,89.110,2019-04-23,14:48:56,00";
var hq_str_sh603259="药明康德,91.020,91.800,89.030,91.850,88.960,89.030,89.080,4703364,422581363.000,4000,89.030,3300,89.020,4900,89.010,22583,89.000,11200,88.990,7400,89.080,100,89.090,200,89.120,100,89.130,800,89.160,2019-04-23,14:49:56,00";
var hq_str_sh603259="药明康德,91.020,91.800,89.050,91.850,88.960,89.050,89.070,4731164,425057104.000,2400,89.050,2300,89.040,1800,89.030,4300,89.020,6900,89.010,1400,89.070,1400,89.080,100,89.090,100,89.110,200,89.120,2019-04-23,14:50:56,00";
var hq_str_sh603259="药明康德,91.020,91.800,89.110,91.850,88.960,89.100,89.110,4748864,426633766.000,1000,89.100,4200,89.090,500,89.080,300,89.070,600,89.060,100,89.110,200,89.120,100,89.130,800,89.160,1300,89.180,2019-04-23,14:51:56,00";
var hq_str_sh603259="药明康德,91.020,91.800,89.100,91.850,88.960,89.090,89.100,4773364,428816949.000,200,89.090,900,89.080,1200,89.060,15200,89.050,200,89.040,1042,89.100,4900,89.110,800,89.160,1300,89.180,1200,89.200,2019-04-23,14:52:56,00";
var hq_str_sh603259="药明康德,91.020,91.800,89.180,91.850,88.960,89.180,89.200,4787164,430047098.000,100,89.180,5400,89.150,700,89.140,800,89.130,1300,89.120,1800,89.200,500,89.210,500,89.250,200,89.280,4000,89.290,2019-04-23,14:53:56,00";
var hq_str_sh603259="药明康德,91.020,91.800,89.190,91.850,88.960,89.180,89.190,4812864,432339192.000,200,89.180,1400,89.160,3600,89.150,1000,89.130,1500,89.120,3000,89.190,2100,89.200,200,89.210,600,89.250,500,89.260,2019-04-23,14:54:59,00";
var hq_str_sh603259="药明康德,91.020,91.800,89.280,91.850,88.960,89.200,89.280,4829764,433846694.000,200,89.200,5900,89.190,300,89.180,1200,89.170,3500,89.160,300,89.280,200,89.300,200,89.360,1000,89.390,200,89.450,2019-04-23,14:55:50,00";
var hq_str_sh603259="药明康德,91.020,91.800,89.300,91.850,88.960,89.210,89.300,4843126,435038745.000,700,89.210,1000,89.200,4438,89.190,700,89.180,1200,89.170,100,89.300,100,89.310,300,89.360,1000,89.390,200,89.450,2019-04-23,14:56:56,00";
var hq_str_sh603259="药明康德,91.020,91.800,89.300,91.850,88.960,89.250,89.250,4843126,435038745.000,5800,89.250,0,0.000,0,0.000,0,0.000,0,0.000,5800,89.250,1600,0.000,0,0.000,0,0.000,0,0.000,2019-04-23,14:57:58,00";
var hq_str_sh603259="药明康德,91.020,91.800,89.300,91.850,88.960,89.250,89.250,4843126,435038745.000,18500,89.250,0,0.000,0,0.000,0,0.000,0,0.000,18500,89.250,600,0.000,0,0.000,0,0.000,0,0.000,2019-04-23,14:58:59,00";
