var hq_str_sh603259="药明康德,97.930,98.340,98.010,98.010,97.820,98.000,98.170,80796,7913704.000,16604,98.000,100,97.820,200,97.810,10500,97.800,1300,97.770,200,98.170,100,98.290,400,98.300,900,98.330,500,98.340,2019-11-15,09:30:00,00,";
var hq_str_sh603259="药明康德,97.930,98.340,98.040,98.280,97.800,98.040,98.200,167448,16408916.000,3100,98.040,100,98.010,8000,98.000,1300,97.980,300,97.970,9400,98.200,8900,98.230,1500,98.240,300,98.260,3200,98.270,2019-11-15,09:30:59,00,";
var hq_str_sh603259="药明康德,97.930,98.340,98.190,98.340,97.800,98.190,98.340,254748,24977978.000,400,98.190,1500,98.180,100,98.170,2100,98.120,1000,98.110,1600,98.340,300,98.350,200,98.420,500,98.480,800,98.490,2019-11-15,09:32:00,00,";
var hq_str_sh603259="药明康德,97.930,98.340,98.480,98.580,97.800,98.010,98.480,375448,36861557.000,600,98.010,6700,98.000,100,97.990,1600,97.980,200,97.970,200,98.480,100,98.490,200,98.500,4200,98.570,900,98.580,2019-11-15,09:32:59,00,";
var hq_str_sh603259="药明康德,97.930,98.340,98.350,98.580,97.800,98.350,98.370,449848,44185986.000,100,98.350,11000,98.320,700,98.310,900,98.300,900,98.150,800,98.370,100,98.380,1000,98.390,100,98.400,23840,98.410,2019-11-15,09:33:59,00,";
var hq_str_sh603259="药明康德,97.930,98.340,98.300,98.580,97.800,98.260,98.290,503848,49488937.000,300,98.260,600,98.250,100,98.240,100,98.230,100,98.220,800,98.290,840,98.300,1100,98.330,200,98.350,200,98.360,2019-11-15,09:35:00,00,";
var hq_str_sh603259="药明康德,97.930,98.340,98.000,98.580,97.800,98.010,98.280,614348,60334532.000,4000,98.010,2100,98.000,100,97.990,1300,97.980,200,97.970,900,98.280,100,98.290,200,98.340,1000,98.350,300,98.370,2019-11-15,09:35:59,00,";
var hq_str_sh603259="药明康德,97.930,98.340,98.000,98.580,97.800,98.000,98.060,664948,65297126.000,100,98.000,1100,97.990,200,97.970,100,97.960,300,97.950,1100,98.060,6400,98.200,300,98.250,600,98.280,100,98.300,2019-11-15,09:36:59,00,";
var hq_str_sh603259="药明康德,97.930,98.340,98.230,98.580,97.800,98.230,98.280,691948,67946642.000,200,98.230,100,98.200,8500,98.180,1000,98.130,100,98.080,600,98.280,1500,98.300,2700,98.350,800,98.370,2740,98.380,2019-11-15,09:38:00,00,";
var hq_str_sh603259="药明康德,97.930,98.340,98.500,98.580,97.800,98.490,98.500,749688,73626668.000,100,98.490,3300,98.400,2000,98.390,300,98.380,300,98.360,3600,98.500,100,98.520,400,98.530,2000,98.550,100,98.570,2019-11-15,09:38:59,00,";
var hq_str_sh603259="药明康德,97.930,98.340,98.490,98.580,97.800,98.370,98.380,817288,80279432.000,200,98.370,100,98.330,600,98.310,12400,98.300,4400,98.280,100,98.380,100,98.480,2100,98.490,6400,98.500,100,98.570,2019-11-15,09:39:59,00,";
var hq_str_sh603259="药明康德,97.930,98.340,98.230,98.580,97.800,98.240,98.280,843388,82845071.000,400,98.240,1300,98.190,100,98.140,100,98.130,3800,98.110,800,98.280,400,98.290,500,98.300,100,98.310,300,98.380,2019-11-15,09:40:59,00,";
var hq_str_sh603259="药明康德,97.930,98.340,98.400,98.580,97.800,98.420,98.460,864093,84878427.000,400,98.420,300,98.400,300,98.380,100,98.350,100,98.340,100,98.460,800,98.470,100,98.480,1700,98.490,8118,98.500,2019-11-15,09:42:00,00,";
var hq_str_sh603259="药明康德,97.930,98.340,98.420,98.580,97.800,98.420,98.440,883793,86817686.000,28200,98.420,200,98.380,6000,98.340,19700,98.330,500,98.320,1000,98.440,300,98.470,500,98.480,1100,98.490,5418,98.500,2019-11-15,09:42:59,00,";
var hq_str_sh603259="药明康德,97.930,98.340,98.490,98.580,97.800,98.480,98.500,903493,88757551.000,800,98.480,700,98.470,800,98.450,1200,98.440,6200,98.430,1818,98.500,200,98.510,100,98.520,1500,98.550,800,98.570,2019-11-15,09:43:59,00,";
var hq_str_sh603259="药明康德,97.930,98.340,98.590,98.590,97.800,98.560,98.590,920188,90402505.000,1100,98.560,22900,98.550,10100,98.520,12123,98.510,1682,98.500,840,98.590,11700,98.600,300,98.650,100,98.660,1000,98.680,2019-11-15,09:44:59,00,";
var hq_str_sh603259="药明康德,97.930,98.340,98.800,98.800,97.800,98.740,98.800,989108,97201991.000,500,98.740,1300,98.720,500,98.710,1620,98.700,6400,98.610,2400,98.800,300,98.810,100,98.850,12500,98.880,1300,98.890,2019-11-15,09:46:00,00,";
var hq_str_sh603259="药明康德,97.930,98.340,98.990,99.300,97.800,98.790,98.960,1271708,125174920.000,200,98.790,200,98.720,1000,98.710,1000,98.700,500,98.630,800,98.960,4400,98.970,2400,98.990,33100,99.000,100,99.010,2019-11-15,09:46:59,00,";
var hq_str_sh603259="药明康德,97.930,98.340,98.900,99.300,97.800,98.810,98.900,1299308,127902896.000,5600,98.810,1500,98.760,1000,98.750,400,98.720,1300,98.710,4200,98.900,1400,98.980,11400,98.990,33400,99.000,100,99.010,2019-11-15,09:47:59,00,";
var hq_str_sh603259="药明康德,97.930,98.340,98.800,99.300,97.800,98.800,98.810,1336188,131550192.000,1700,98.800,700,98.770,920,98.760,900,98.750,400,98.720,600,98.810,200,98.890,200,98.900,300,98.940,1300,98.950,2019-11-15,09:48:59,00,";
var hq_str_sh603259="药明康德,97.930,98.340,98.580,99.300,97.800,98.580,98.630,1357608,133665649.000,400,98.580,100,98.530,8400,98.520,900,98.510,500,98.500,100,98.630,1600,98.690,700,98.700,100,98.710,100,98.720,2019-11-15,09:49:59,00,";
var hq_str_sh603259="药明康德,97.930,98.340,98.390,99.300,97.800,98.320,98.390,1427808,140577972.000,500,98.320,1200,98.310,400,98.300,300,98.290,200,98.280,100,98.390,1500,98.400,400,98.410,680,98.420,100,98.430,2019-11-15,09:50:59,00,";
var hq_str_sh603259="药明康德,97.930,98.340,98.100,99.300,97.800,98.100,98.170,1462008,143934071.000,3400,98.100,200,98.080,800,98.060,600,98.050,2900,98.040,200,98.170,300,98.190,200,98.200,400,98.220,400,98.240,2019-11-15,09:51:59,00,";
var hq_str_sh603259="药明康德,97.930,98.340,98.390,99.300,97.800,98.300,98.390,1472008,144916161.000,800,98.300,7400,98.290,600,98.270,100,98.260,400,98.250,380,98.390,100,98.400,400,98.410,100,98.420,200,98.430,2019-11-15,09:52:59,00,";
var hq_str_sh603259="药明康德,97.930,98.340,98.380,99.300,97.800,98.350,98.380,1490208,146706215.000,600,98.350,2700,98.330,9400,98.320,1800,98.300,900,98.290,1600,98.380,200,98.390,1400,98.400,400,98.410,100,98.420,2019-11-15,09:53:59,00,";
var hq_str_sh603259="药明康德,97.930,98.340,98.200,99.300,97.800,98.190,98.220,1520808,149713794.000,5500,98.190,300,98.170,400,98.160,100,98.130,300,98.110,400,98.220,400,98.230,400,98.260,300,98.290,1100,98.300,2019-11-15,09:54:59,00,";
var hq_str_sh603259="药明康德,97.930,98.340,98.090,99.300,97.800,98.060,98.080,1545908,152176672.000,600,98.060,1100,98.050,100,98.040,1000,98.020,500,98.010,400,98.080,400,98.090,3000,98.100,200,98.130,100,98.170,2019-11-15,09:55:59,00,";
var hq_str_sh603259="药明康德,97.930,98.340,97.980,99.300,97.800,97.980,97.990,1585683,156075516.000,125,97.980,2500,97.970,200,97.950,300,97.910,900,97.900,100,97.990,3200,98.000,400,98.030,1800,98.050,1180,98.080,2019-11-15,09:56:59,00,";
var hq_str_sh603259="药明康德,97.930,98.340,97.870,99.300,97.750,97.870,97.880,1618108,159248403.000,1200,97.870,2600,97.850,100,97.840,200,97.830,100,97.820,1000,97.880,375,97.970,3925,97.980,500,98.000,300,98.030,2019-11-15,09:58:00,00,";
var hq_str_sh603259="药明康德,97.930,98.340,97.770,99.300,97.730,97.760,97.770,1640208,161409842.000,300,97.760,2300,97.750,2600,97.730,1300,97.710,10800,97.700,1100,97.770,1900,97.780,500,97.790,100,97.830,3025,97.850,2019-11-15,09:58:59,00,";
var hq_str_sh603259="药明康德,97.930,98.340,97.610,99.300,97.610,97.610,97.650,1669408,164263306.000,2800,97.610,400,97.600,300,97.570,100,97.560,2200,97.550,800,97.650,100,97.660,7400,97.700,500,97.730,4300,97.750,2019-11-15,09:59:59,00,";
var hq_str_sh603259="药明康德,97.930,98.340,97.650,99.300,97.550,97.650,97.730,1710833,168306876.000,300,97.650,1000,97.620,19375,97.600,100,97.580,200,97.570,300,97.730,500,97.790,1000,97.800,200,97.810,100,97.850,2019-11-15,10:00:57,00,";
var hq_str_sh603259="药明康德,97.930,98.340,97.880,99.300,97.550,97.860,97.880,1732333,170408399.000,100,97.860,200,97.850,1500,97.800,500,97.780,1100,97.770,200,97.880,200,97.900,100,97.910,2100,97.950,800,97.970,2019-11-15,10:01:59,00,";
var hq_str_sh603259="药明康德,97.930,98.340,97.660,99.300,97.550,97.660,97.710,1788876,175939588.000,1800,97.660,10757,97.650,500,97.640,2000,97.630,800,97.610,700,97.710,200,97.720,1600,97.730,9900,97.760,400,97.790,2019-11-15,10:03:00,00,";
var hq_str_sh603259="药明康德,97.930,98.340,97.370,99.300,97.180,97.190,97.370,1914508,188189733.000,600,97.190,500,97.180,500,97.150,600,97.130,600,97.110,500,97.370,9200,97.380,200,97.390,100,97.420,300,97.430,2019-11-15,10:03:59,00,";
var hq_str_sh603259="药明康德,97.930,98.340,97.210,99.300,97.100,97.210,97.370,1960228,192631259.000,1000,97.210,200,97.200,700,97.180,16360,97.170,1000,97.150,4900,97.370,6100,97.380,100,97.400,400,97.430,21600,97.460,2019-11-15,10:04:59,00,";
var hq_str_sh603259="药明康德,97.930,98.340,97.370,99.300,97.100,97.320,97.370,2005428,197027997.000,300,97.320,1500,97.310,2500,97.300,300,97.280,100,97.270,300,97.370,100,97.380,200,97.430,100,97.450,300,97.460,2019-11-15,10:06:00,00,";
var hq_str_sh603259="药明康德,97.930,98.340,97.370,99.300,97.100,97.370,97.600,2033904,199802481.000,4024,97.370,600,97.360,400,97.350,2700,97.340,300,97.330,200,97.600,200,97.630,1000,97.650,400,97.660,500,97.680,2019-11-15,10:06:57,00,";
var hq_str_sh603259="药明康德,97.930,98.340,97.300,99.300,97.100,97.340,97.350,2078504,204143546.000,500,97.340,2224,97.300,100,97.270,300,97.230,1000,97.220,700,97.350,700,97.360,3100,97.380,200,97.440,1000,97.480,2019-11-15,10:08:00,00,";
var hq_str_sh603259="药明康德,97.930,98.340,97.370,99.300,97.100,97.360,97.370,2099058,206144440.000,500,97.360,900,97.350,3700,97.340,100,97.330,100,97.320,4100,97.370,2200,97.380,500,97.500,100,97.580,200,97.590,2019-11-15,10:08:57,00,";
var hq_str_sh603259="药明康德,97.930,98.340,97.300,99.300,97.100,97.270,97.300,2138282,209962545.000,100,97.270,800,97.230,1000,97.220,1800,97.210,18900,97.200,1776,97.300,7500,97.350,600,97.360,56700,97.370,1400,97.380,2019-11-15,10:10:00,00,";
var hq_str_sh603259="药明康德,97.930,98.340,97.220,99.300,97.100,97.200,97.220,2214082,217336797.000,4300,97.200,100,97.190,2000,97.180,6860,97.170,1000,97.150,100,97.220,800,97.230,300,97.270,18676,97.300,2000,97.360,2019-11-15,10:11:00,00,";
var hq_str_sh603259="药明康德,97.930,98.340,97.290,99.300,97.100,97.290,97.300,2248062,220640906.000,1100,97.290,3600,97.270,100,97.250,300,97.230,7000,97.210,12276,97.300,100,97.350,38400,97.370,1400,97.380,500,97.500,2019-11-15,10:11:59,00,";
var hq_str_sh603259="药明康德,97.930,98.340,97.370,99.300,97.100,97.340,97.370,2288718,224598501.000,2700,97.340,2900,97.330,2600,97.320,1000,97.310,724,97.300,19460,97.370,1400,97.380,400,97.490,24400,97.500,100,97.580,2019-11-15,10:12:59,00,";
var hq_str_sh603259="药明康德,97.930,98.340,97.250,99.300,97.100,97.250,97.300,2371638,232662437.000,5100,97.250,200,97.240,4700,97.220,800,97.210,500,97.110,1400,97.300,58,97.320,28000,97.330,200,97.360,18860,97.370,2019-11-15,10:14:00,00,";
var hq_str_sh603259="药明康德,97.930,98.340,97.280,99.300,97.100,97.280,97.300,2381100,233582925.000,2100,97.280,1038,97.270,300,97.260,7100,97.250,5100,97.220,1100,97.300,1000,97.320,28000,97.330,18860,97.370,1400,97.380,2019-11-15,10:14:59,00,";
var hq_str_sh603259="药明康德,97.930,98.340,97.160,99.300,97.100,97.160,97.220,2413938,236775486.000,100,97.160,500,97.130,400,97.120,3500,97.110,2060,97.100,500,97.220,7300,97.250,462,97.300,1000,97.320,28100,97.330,2019-11-15,10:15:59,00,";
var hq_str_sh603259="药明康德,97.930,98.340,97.010,99.300,97.000,97.000,97.010,2455698,240828589.000,17100,97.000,1200,96.980,100,96.960,200,96.950,100,96.890,5700,97.010,700,97.050,100,97.060,300,97.070,1740,97.080,2019-11-15,10:16:59,00,";
var hq_str_sh603259="药明康德,97.930,98.340,96.780,99.300,96.720,96.780,96.790,2512638,246344821.000,800,96.780,2300,96.770,100,96.740,260,96.730,1200,96.720,100,96.790,12923,96.800,200,96.970,200,96.980,50800,97.000,2019-11-15,10:17:59,00,";
var hq_str_sh603259="药明康德,97.930,98.340,96.950,99.300,96.720,96.900,96.970,2576661,252550490.000,900,96.900,100,96.880,100,96.850,300,96.840,1500,96.820,700,96.970,1100,96.980,25600,96.990,24600,97.000,4300,97.010,2019-11-15,10:18:59,00,";
var hq_str_sh603259="药明康德,97.930,98.340,96.820,99.300,96.720,96.810,96.830,2639561,258641102.000,300,96.810,400,96.800,1100,96.790,1200,96.780,500,96.770,1600,96.830,2740,96.860,200,96.870,6900,96.880,100,96.900,2019-11-15,10:20:00,00,";
var hq_str_sh603259="药明康德,97.930,98.340,96.790,99.300,96.720,96.790,96.800,2727661,267169919.000,500,96.790,300,96.780,2400,96.770,377,96.760,400,96.750,27900,96.800,400,96.820,900,96.830,2000,96.840,4540,96.880,2019-11-15,10:20:59,00,";
var hq_str_sh603259="药明康德,97.930,98.340,96.700,99.300,96.680,96.700,96.720,2783438,272566524.000,500,96.700,1700,96.690,1000,96.680,100,96.660,300,96.650,1400,96.720,500,96.750,1700,96.780,100,96.790,18300,96.800,2019-11-15,10:22:00,00,";
var hq_str_sh603259="药明康德,97.930,98.340,96.940,99.300,96.680,96.930,96.940,2826038,276689887.000,800,96.930,500,96.920,1300,96.900,3900,96.840,100,96.830,1200,96.940,4400,96.950,1000,96.960,10600,96.970,100,96.980,2019-11-15,10:22:57,00,";
var hq_str_sh603259="药明康德,97.930,98.340,96.900,99.300,96.680,96.910,96.930,2863096,280281356.000,500,96.910,1900,96.900,442,96.870,1600,96.860,200,96.850,400,96.930,300,96.950,1000,96.960,11040,96.970,800,96.980,2019-11-15,10:23:59,00,";
var hq_str_sh603259="药明康德,97.930,98.340,97.310,99.300,96.680,97.310,97.330,2900836,283943262.000,900,97.310,400,97.300,300,97.250,3000,97.240,100,97.220,700,97.330,1000,97.350,1000,97.360,200,97.460,3000,97.500,2019-11-15,10:24:57,00,";
var hq_str_sh603259="药明康德,97.930,98.340,97.300,99.300,96.680,97.300,97.310,2933336,287106158.000,3800,97.300,300,97.180,600,97.150,400,97.120,100,97.110,3200,97.310,1100,97.330,100,97.390,100,97.450,2200,97.460,2019-11-15,10:25:59,00,";
var hq_str_sh603259="药明康德,97.930,98.340,97.300,99.300,96.680,97.180,97.300,2950336,288760467.000,300,97.180,100,97.150,400,97.120,100,97.110,1300,97.020,3700,97.300,200,97.330,2700,97.430,1300,97.440,1100,97.450,2019-11-15,10:26:59,00,";
var hq_str_sh603259="药明康德,97.930,98.340,97.260,99.300,96.680,97.150,97.220,2960036,289703133.000,1100,97.150,500,97.140,700,97.130,400,97.120,200,97.110,200,97.220,100,97.260,3200,97.300,300,97.430,1000,97.440,2019-11-15,10:27:59,00,";
var hq_str_sh603259="药明康德,97.930,98.340,97.290,99.300,96.680,97.290,97.300,2970136,290685529.000,700,97.290,200,97.280,1700,97.250,2400,97.230,1000,97.220,3100,97.300,1000,97.440,1100,97.450,600,97.460,2400,97.470,2019-11-15,10:28:57,00,";
var hq_str_sh603259="药明康德,97.930,98.340,97.300,99.300,96.680,97.280,97.300,2977196,291372438.000,540,97.280,1700,97.250,2400,97.230,200,97.160,100,97.150,1200,97.300,100,97.340,1000,97.440,100,97.450,600,97.460,2019-11-15,10:30:00,00,";
var hq_str_sh603259="药明康德,97.930,98.340,97.230,99.300,96.680,97.160,97.230,2987636,292387909.000,200,97.160,100,97.150,100,97.140,500,97.130,300,97.120,1100,97.230,100,97.260,1500,97.270,100,97.280,200,97.290,2019-11-15,10:30:57,00,";
var hq_str_sh603259="药明康德,97.930,98.340,97.060,99.300,96.680,97.020,97.060,2998936,293485177.000,500,97.020,6400,97.010,10900,97.000,160,96.980,700,96.960,600,97.060,200,97.070,800,97.100,700,97.110,100,97.120,2019-11-15,10:32:00,00,";
var hq_str_sh603259="药明康德,97.930,98.340,97.060,99.300,96.680,97.020,97.120,3018636,295396599.000,1100,97.020,200,97.010,9400,97.000,160,96.980,700,96.960,300,97.120,3400,97.140,100,97.160,400,97.230,800,97.270,2019-11-15,10:33:00,00,";
var hq_str_sh603259="药明康德,97.930,98.340,97.180,99.300,96.680,97.140,97.180,3037236,297203393.000,3300,97.140,1300,97.080,200,97.030,900,97.020,300,97.010,720,97.180,700,97.270,800,97.280,560,97.300,3100,97.440,2019-11-15,10:33:57,00,";
var hq_str_sh603259="药明康德,97.930,98.340,96.960,99.300,96.680,96.960,96.980,3058996,299314929.000,100,96.960,2000,96.950,100,96.930,100,96.900,1200,96.880,1400,96.980,600,96.990,6300,97.000,900,97.030,300,97.080,2019-11-15,10:35:00,00,";
var hq_str_sh603259="药明康德,97.930,98.340,97.080,99.300,96.680,97.030,97.080,3079896,301341967.000,100,97.030,2700,97.010,1900,97.000,200,96.990,200,96.980,600,97.080,100,97.150,800,97.280,560,97.300,3100,97.440,2019-11-15,10:35:59,00,";
var hq_str_sh603259="药明康德,97.930,98.340,97.020,99.300,96.680,97.020,97.070,3090296,302351162.000,500,97.020,2500,97.010,700,97.000,200,96.990,200,96.980,100,97.070,600,97.080,200,97.150,700,97.280,560,97.300,2019-11-15,10:36:59,00,";
var hq_str_sh603259="药明康德,97.930,98.340,97.100,99.300,96.680,97.090,97.100,3097796,303079167.000,200,97.090,1900,97.080,500,97.070,1100,97.040,600,97.020,4700,97.100,100,97.200,700,97.280,560,97.300,300,97.430,2019-11-15,10:37:59,00,";
var hq_str_sh603259="药明康德,97.930,98.340,97.300,99.300,96.680,97.300,97.400,3114056,304659122.000,200,97.300,1000,97.110,1940,97.100,900,97.090,700,97.080,1000,97.400,200,97.420,6100,97.430,3100,97.440,600,97.460,2019-11-15,10:38:57,00,";
var hq_str_sh603259="药明康德,97.930,98.340,97.400,99.300,96.680,97.390,97.400,3120156,305252982.000,400,97.390,1200,97.290,200,97.280,700,97.250,400,97.150,3000,97.400,1100,97.430,3100,97.440,600,97.460,2400,97.470,2019-11-15,10:39:57,00,";
var hq_str_sh603259="药明康德,97.930,98.340,97.470,99.300,96.680,97.460,97.470,3158956,309037412.000,2500,97.460,1900,97.450,400,97.440,200,97.430,600,97.400,400,97.470,200,97.550,500,97.590,500,97.660,100,97.750,2019-11-15,10:40:57,00,";
var hq_str_sh603259="药明康德,97.930,98.340,97.590,99.300,96.680,97.600,97.680,3170436,310157124.000,500,97.600,700,97.590,100,97.580,1200,97.570,220,97.560,500,97.680,2900,97.690,2600,97.700,100,97.750,1000,97.780,2019-11-15,10:41:57,00,";
var hq_str_sh603259="药明康德,97.930,98.340,97.750,99.300,96.680,97.690,97.780,3177636,310860438.000,1100,97.690,1200,97.680,800,97.670,300,97.650,200,97.600,1200,97.780,900,97.790,300,97.800,100,97.820,300,97.860,2019-11-15,10:43:00,00,";
var hq_str_sh603259="药明康德,97.930,98.340,97.700,99.300,96.680,97.700,97.750,3183636,311446704.000,300,97.700,3600,97.690,1100,97.680,300,97.670,300,97.650,2200,97.750,4200,97.760,900,97.770,1200,97.780,300,97.800,2019-11-15,10:43:57,00,";
var hq_str_sh603259="药明康德,97.930,98.340,97.610,99.300,96.680,97.600,97.610,3196236,312677348.000,200,97.600,200,97.580,800,97.570,1100,97.550,4500,97.500,2000,97.610,1100,97.640,600,97.650,200,97.670,2400,97.690,2019-11-15,10:44:57,00,";
var hq_str_sh603259="药明康德,97.930,98.340,97.670,99.300,96.680,97.610,97.670,3216376,314643341.000,1660,97.610,1500,97.590,1000,97.580,800,97.570,200,97.560,100,97.670,1000,97.680,2000,97.690,2000,97.700,900,97.740,2019-11-15,10:45:57,00,";
var hq_str_sh603259="药明康德,97.930,98.340,97.570,99.300,96.680,97.500,97.570,3229036,315878991.000,4500,97.500,100,97.470,100,97.460,1100,97.440,7900,97.420,740,97.570,1300,97.590,3400,97.600,3100,97.620,100,97.680,2019-11-15,10:46:59,00,";
var hq_str_sh603259="药明康德,97.930,98.340,97.460,99.300,96.680,97.450,97.460,3235436,316503134.000,900,97.450,2100,97.440,4000,97.430,8100,97.420,100,97.400,1840,97.460,1000,97.490,1800,97.550,100,97.580,100,97.590,2019-11-15,10:47:59,00,";
var hq_str_sh603259="药明康德,97.930,98.340,97.460,99.300,96.680,97.460,97.550,3242076,317150308.000,100,97.460,1960,97.450,1100,97.440,4000,97.430,7900,97.420,1800,97.550,100,97.580,100,97.590,3400,97.600,3100,97.620,2019-11-15,10:48:57,00,";
var hq_str_sh603259="药明康德,97.930,98.340,97.550,99.300,96.680,97.500,97.550,3248876,317813369.000,1000,97.500,1200,97.490,1400,97.470,800,97.460,1060,97.450,100,97.550,100,97.580,3400,97.600,3100,97.620,1900,97.690,2019-11-15,10:49:59,00,";
var hq_str_sh603259="药明康德,97.930,98.340,97.600,99.300,96.680,97.590,97.600,3261076,319004030.000,2400,97.590,800,97.580,200,97.570,100,97.550,600,97.500,3200,97.600,2900,97.620,1900,97.690,2000,97.700,3700,97.750,2019-11-15,10:50:51,00,";
var hq_str_sh603259="药明康德,97.930,98.340,97.530,99.300,96.680,97.530,97.590,3279716,320823340.000,360,97.530,800,97.500,200,97.490,100,97.460,360,97.450,4200,97.590,5100,97.600,300,97.680,1900,97.690,2000,97.700,2019-11-15,10:52:00,00,";
var hq_str_sh603259="药明康德,97.930,98.340,97.550,99.300,96.680,97.500,97.550,3289616,321788663.000,1000,97.500,2000,97.460,1500,97.450,1600,97.440,2120,97.430,4100,97.550,3300,97.590,300,97.680,1900,97.690,2000,97.700,2019-11-15,10:52:57,00,";
var hq_str_sh603259="药明康德,97.930,98.340,97.510,99.300,96.680,97.500,97.510,3299856,322787117.000,300,97.500,160,97.490,400,97.480,1200,97.470,1700,97.450,1080,97.510,1300,97.540,1100,97.590,300,97.680,1900,97.690,2019-11-15,10:54:00,00,";
var hq_str_sh603259="药明康德,97.930,98.340,97.600,99.300,96.680,97.590,97.600,3310736,323848116.000,500,97.590,400,97.540,700,97.500,3700,97.490,1100,97.470,900,97.600,300,97.680,1900,97.690,2000,97.700,3700,97.750,2019-11-15,10:54:57,00,";
var hq_str_sh603259="药明康德,97.930,98.340,97.610,99.300,96.680,97.610,97.660,3315636,324326568.000,3000,97.610,1700,97.600,600,97.590,100,97.540,400,97.500,900,97.660,3000,97.670,200,97.680,1500,97.690,2000,97.700,2019-11-15,10:56:00,00,";
var hq_str_sh603259="药明康德,97.930,98.340,97.750,99.300,96.680,97.700,97.750,3330836,325811361.000,500,97.700,1100,97.690,2900,97.680,1400,97.670,1800,97.660,3100,97.750,1200,97.760,300,97.770,700,97.780,300,97.800,2019-11-15,10:56:57,00,";
var hq_str_sh603259="药明康德,97.930,98.340,97.720,99.300,96.680,97.720,97.750,3341336,326837288.000,500,97.720,1000,97.710,300,97.700,400,97.690,1500,97.680,1200,97.750,1200,97.760,300,97.770,700,97.780,300,97.800,2019-11-15,10:57:57,00,";
var hq_str_sh603259="药明康德,97.930,98.340,97.740,99.300,96.680,97.740,97.750,3348836,327570394.000,2400,97.740,1100,97.720,400,97.700,1500,97.670,300,97.660,800,97.750,300,97.770,600,97.780,300,97.800,100,97.810,2019-11-15,10:58:57,00,";
var hq_str_sh603259="药明康德,97.930,98.340,97.870,99.300,96.680,97.860,97.870,3365536,329204468.000,100,97.860,100,97.830,100,97.820,200,97.760,900,97.750,1200,97.870,2700,97.890,100,97.900,100,97.930,900,97.960,2019-11-15,11:00:00,00,";
var hq_str_sh603259="药明康德,97.930,98.340,97.830,99.300,96.680,97.790,97.850,3373636,329996871.000,1700,97.790,500,97.780,700,97.770,900,97.750,500,97.740,2500,97.850,100,97.860,1300,97.880,2600,97.890,200,97.900,2019-11-15,11:00:57,00,";
var hq_str_sh603259="药明康德,97.930,98.340,97.630,99.300,96.680,97.570,97.630,3387436,331345239.000,300,97.570,100,97.560,11900,97.550,100,97.530,400,97.520,1900,97.630,1000,97.650,200,97.670,200,97.710,200,97.720,2019-11-15,11:02:00,00,";
var hq_str_sh603259="药明康德,97.930,98.340,97.680,99.300,96.680,97.670,97.680,3394936,332077747.000,700,97.670,100,97.660,2400,97.650,3100,97.630,200,97.560,500,97.680,1500,97.710,200,97.740,200,97.750,300,97.780,2019-11-15,11:02:57,00,";
var hq_str_sh603259="药明康德,97.930,98.340,97.750,99.300,96.680,97.730,97.750,3403736,332937643.000,100,97.730,100,97.710,200,97.680,100,97.660,2500,97.650,1500,97.750,300,97.780,300,97.790,200,97.800,900,97.870,2019-11-15,11:03:57,00,";
var hq_str_sh603259="药明康德,97.930,98.340,97.710,99.300,96.680,97.700,97.710,3416436,334178735.000,300,97.700,500,97.690,100,97.680,200,97.660,2500,97.650,600,97.710,300,97.780,300,97.790,200,97.800,900,97.870,2019-11-15,11:04:57,00,";
var hq_str_sh603259="药明康德,97.930,98.340,97.810,99.300,96.680,97.810,97.870,3423936,334912230.000,4000,97.810,500,97.800,400,97.710,2400,97.660,2500,97.650,4300,97.870,1300,97.880,2500,97.890,200,97.900,3000,97.970,2019-11-15,11:06:00,00,";
var hq_str_sh603259="药明康德,97.930,98.340,97.850,99.300,96.680,97.820,97.850,3434036,335900433.000,1700,97.820,600,97.800,400,97.710,300,97.700,2400,97.660,400,97.850,1600,97.860,1700,97.870,1300,97.880,2500,97.890,2019-11-15,11:07:00,00,";
var hq_str_sh603259="药明康德,97.930,98.340,97.880,99.300,96.680,97.860,97.880,3442536,336732211.000,200,97.860,5200,97.830,1000,97.820,500,97.810,600,97.800,700,97.880,2500,97.890,700,97.900,3000,97.970,200,97.980,2019-11-15,11:07:57,00,";
var hq_str_sh603259="药明康德,97.930,98.340,97.840,99.300,96.680,97.830,97.850,3455636,338014221.000,2100,97.830,500,97.810,500,97.800,100,97.750,500,97.710,4300,97.850,1600,97.860,300,97.870,4000,97.880,2500,97.890,2019-11-15,11:09:00,00,";
var hq_str_sh603259="药明康德,97.930,98.340,97.750,99.300,96.680,97.750,97.800,3464336,338865219.000,2800,97.750,400,97.710,300,97.700,500,97.680,2600,97.660,1200,97.800,1300,97.810,700,97.830,400,97.840,14300,97.850,2019-11-15,11:09:57,00,";
var hq_str_sh603259="药明康德,97.930,98.340,97.770,99.300,96.680,97.760,97.770,3475836,339989813.000,1900,97.760,200,97.750,500,97.710,300,97.700,500,97.680,4800,97.770,3600,97.800,900,97.830,700,97.840,10000,97.850,2019-11-15,11:11:00,00,";
var hq_str_sh603259="药明康德,97.930,98.340,97.810,99.300,96.680,97.720,97.790,3497836,342141274.000,400,97.720,800,97.710,300,97.700,800,97.680,2500,97.660,100,97.790,1400,97.810,600,97.830,1400,97.840,10000,97.850,2019-11-15,11:11:54,00,";
var hq_str_sh603259="药明康德,97.930,98.340,97.680,99.300,96.680,97.660,97.680,3509336,343264671.000,2000,97.660,100,97.650,3200,97.630,3400,97.600,1300,97.510,1100,97.680,400,97.710,1600,97.720,400,97.730,500,97.800,2019-11-15,11:12:57,00,";
var hq_str_sh603259="药明康德,97.930,98.340,97.710,99.300,96.680,97.640,97.710,3518036,344114322.000,2000,97.640,3100,97.630,4300,97.600,1300,97.510,7200,97.500,2400,97.710,1600,97.720,400,97.730,700,97.800,1400,97.810,2019-11-15,11:13:57,00,";
var hq_str_sh603259="药明康德,97.930,98.340,97.640,99.300,96.680,97.630,97.650,3529760,345259133.000,3376,97.630,700,97.600,1400,97.510,7700,97.500,1000,97.470,1300,97.650,1500,97.660,2500,97.700,1600,97.720,300,97.730,2019-11-15,11:14:57,00,";
var hq_str_sh603259="药明康德,97.930,98.340,97.680,99.300,96.680,97.680,97.700,3540960,346352952.000,500,97.680,100,97.670,500,97.660,5800,97.650,2400,97.640,100,97.700,100,97.730,500,97.750,200,97.800,300,97.830,2019-11-15,11:15:57,00,";
var hq_str_sh603259="药明康德,97.930,98.340,97.680,99.300,96.680,97.670,97.680,3543560,346606921.000,5100,97.670,700,97.660,5800,97.650,400,97.640,100,97.630,2000,97.680,600,97.690,600,97.700,100,97.730,200,97.800,2019-11-15,11:17:00,00,";
var hq_str_sh603259="药明康德,97.930,98.340,97.820,99.300,96.680,97.690,97.820,3561860,348395219.000,400,97.690,900,97.660,5800,97.650,800,97.600,1400,97.510,1800,97.820,100,97.830,300,97.840,10000,97.850,500,97.860,2019-11-15,11:17:57,00,";
var hq_str_sh603259="药明康德,97.930,98.340,97.720,99.300,96.680,97.720,97.730,3575160,349694814.000,1100,97.720,1800,97.710,500,97.680,2300,97.660,2100,97.650,1200,97.730,400,97.740,1700,97.800,10000,97.810,7400,97.820,2019-11-15,11:18:57,00,";
var hq_str_sh603259="药明康德,97.930,98.340,97.690,99.300,96.680,97.670,97.680,3584860,350642396.000,3100,97.670,700,97.660,2100,97.650,1000,97.600,200,97.580,2700,97.680,500,97.710,2900,97.720,100,97.750,200,97.790,2019-11-15,11:19:57,00,";
var hq_str_sh603259="药明康德,97.930,98.340,97.580,99.300,96.680,97.580,97.590,3600160,352136426.000,3400,97.580,1400,97.510,7800,97.500,7600,97.440,7900,97.420,400,97.590,3000,97.600,2100,97.650,300,97.660,100,97.710,2019-11-15,11:20:57,00,";
var hq_str_sh603259="药明康德,97.930,98.340,97.580,99.300,96.680,97.530,97.570,3616360,353716573.000,700,97.530,2800,97.520,600,97.510,1800,97.500,500,97.450,900,97.570,800,97.580,2100,97.650,300,97.660,100,97.710,2019-11-15,11:22:00,00,";
var hq_str_sh603259="药明康德,97.930,98.340,97.580,99.300,96.680,97.570,97.580,3627660,354818682.000,100,97.570,1000,97.560,6700,97.550,100,97.520,1100,97.510,100,97.580,300,97.660,600,97.710,300,97.720,200,97.790,2019-11-15,11:22:57,00,";
var hq_str_sh603259="药明康德,97.930,98.340,97.770,99.300,96.680,97.630,97.770,3634660,355502544.000,2200,97.630,2200,97.620,300,97.580,6700,97.550,2000,97.520,400,97.770,3100,97.790,1000,97.800,10200,97.810,6700,97.820,2019-11-15,11:24:01,00,";
var hq_str_sh603259="药明康德,97.930,98.340,97.650,99.300,96.680,97.610,97.650,3648160,356820905.000,300,97.610,1800,97.580,700,97.560,6900,97.550,2000,97.520,1960,97.650,4900,97.770,400,97.790,1000,97.800,10200,97.810,2019-11-15,11:24:57,00,";
var hq_str_sh603259="药明康德,97.930,98.340,97.770,99.300,96.680,97.690,97.770,3655920,357578955.000,2300,97.690,2500,97.680,200,97.670,9940,97.650,100,97.610,3700,97.770,400,97.790,1000,97.800,10200,97.810,6700,97.820,2019-11-15,11:25:57,00,";
var hq_str_sh603259="药明康德,97.930,98.340,97.890,99.300,96.680,97.890,97.900,3694220,361325714.000,1000,97.890,1400,97.870,4700,97.860,5700,97.850,6400,97.820,200,97.900,1000,97.910,100,97.980,8500,97.990,1100,98.000,2019-11-15,11:27:00,00,";
var hq_str_sh603259="药明康德,97.930,98.340,97.910,99.300,96.680,97.910,97.920,3709820,362853407.000,300,97.910,600,97.890,2800,97.880,1300,97.870,1800,97.860,300,97.920,1200,97.930,700,97.950,1500,97.960,500,97.980,2019-11-15,11:27:57,00,";
var hq_str_sh603259="药明康德,97.930,98.340,97.800,99.300,96.680,97.800,97.810,3734720,365290719.000,400,97.800,200,97.790,5500,97.700,200,97.670,10540,97.650,1800,97.810,600,97.820,400,97.830,400,97.840,5500,97.850,2019-11-15,11:28:57,00,";
var hq_str_sh603259="药明康德,97.930,98.340,97.820,99.300,96.680,97.810,97.820,3744620,366258964.000,400,97.810,700,97.800,200,97.790,200,97.720,100,97.710,300,97.820,100,97.880,10300,97.890,400,97.900,1700,97.950,2019-11-15,11:29:57,00,";
var hq_str_sh603259="药明康德,97.930,98.340,97.820,99.300,96.680,97.840,97.880,3744920,366288310.000,1200,97.840,400,97.810,700,97.800,200,97.790,200,97.720,100,97.880,10300,97.890,400,97.900,1700,97.950,100,97.980,2019-11-15,11:30:00,00,";
var hq_str_sh603259="药明康德,97.930,98.340,98.020,99.300,96.680,98.010,98.020,3790420,370743579.000,400,98.010,2200,98.000,200,97.980,600,97.950,4600,97.940,600,98.020,2000,98.100,400,98.130,500,98.140,800,98.160,2019-11-15,13:00:58,00,";
var hq_str_sh603259="药明康德,97.930,98.340,98.010,99.300,96.680,98.010,98.070,3803520,372027724.000,1700,98.010,1200,98.000,600,97.950,200,97.940,300,97.900,1400,98.070,300,98.090,1800,98.100,400,98.130,500,98.140,2019-11-15,13:01:58,00,";
var hq_str_sh603259="药明康德,97.930,98.340,97.910,99.300,96.680,97.880,97.910,3814120,373066380.000,1600,97.880,1500,97.820,200,97.800,200,97.790,200,97.720,2800,97.910,100,97.930,500,97.940,1000,97.950,300,98.000,2019-11-15,13:02:55,00,";
var hq_str_sh603259="药明康德,97.930,98.340,98.060,99.300,96.680,98.000,98.060,3824620,374094575.000,600,98.000,2000,97.930,2900,97.880,1500,97.820,200,97.800,600,98.060,200,98.090,400,98.130,300,98.140,800,98.160,2019-11-15,13:03:58,00,";
var hq_str_sh603259="药明康德,97.930,98.340,98.140,99.300,96.680,98.080,98.130,3830320,374653458.000,800,98.080,300,98.060,100,98.050,2000,98.040,1400,98.020,400,98.130,800,98.160,200,98.180,620,98.200,1100,98.250,2019-11-15,13:04:55,00,";
var hq_str_sh603259="药明康德,97.930,98.340,98.120,99.300,96.680,98.130,98.150,3840720,375673980.000,100,98.130,700,98.120,200,98.100,2800,98.090,1100,97.880,300,98.150,100,98.160,200,98.180,300,98.190,620,98.200,2019-11-15,13:05:58,00,";
var hq_str_sh603259="药明康德,97.930,98.340,98.270,99.300,96.680,98.270,98.310,3859540,377523253.000,500,98.270,1300,98.240,1200,98.230,180,98.200,100,98.190,200,98.310,2200,98.320,400,98.330,200,98.340,200,98.350,2019-11-15,13:06:58,00,";
var hq_str_sh603259="药明康德,97.930,98.340,98.250,99.300,96.680,98.250,98.260,3873740,378918693.000,600,98.250,380,98.200,200,98.130,200,98.120,1000,97.880,800,98.260,100,98.350,2200,98.400,100,98.430,100,98.480,2019-11-15,13:07:55,00,";
var hq_str_sh603259="药明康德,97.930,98.340,98.300,99.300,96.680,98.300,98.310,3887440,380265087.000,1600,98.300,300,98.280,1700,98.250,280,98.200,200,98.130,3300,98.310,400,98.340,100,98.350,700,98.380,4100,98.390,2019-11-15,13:08:58,00,";
var hq_str_sh603259="药明康德,97.930,98.340,98.250,99.300,96.680,98.250,98.300,3901040,381601616.000,400,98.250,300,98.210,4680,98.200,200,98.130,200,98.120,1100,98.300,1700,98.310,300,98.340,100,98.350,900,98.380,2019-11-15,13:09:58,00,";
var hq_str_sh603259="药明康德,97.930,98.340,98.010,99.300,96.680,98.000,98.040,3919320,383395899.000,8000,98.000,100,97.990,1100,97.880,500,97.830,1400,97.820,1300,98.040,300,98.070,100,98.110,300,98.120,900,98.130,2019-11-15,13:10:58,00,";
var hq_str_sh603259="药明康德,97.930,98.340,98.040,99.300,96.680,98.040,98.050,3929320,384376229.000,100,98.040,7000,98.000,100,97.990,1100,97.880,600,97.830,300,98.050,1400,98.060,200,98.090,1000,98.100,800,98.110,2019-11-15,13:11:58,00,";
var hq_str_sh603259="药明康德,97.930,98.340,98.090,99.300,96.680,98.040,98.080,3943020,385719471.000,3300,98.040,100,98.020,6500,98.010,4800,98.000,100,97.990,100,98.080,200,98.090,400,98.100,200,98.110,100,98.120,2019-11-15,13:12:58,00,";
var hq_str_sh603259="药明康德,97.930,98.340,98.160,99.300,96.680,98.160,98.180,3953260,386724041.000,100,98.160,200,98.130,900,98.110,400,98.100,7160,98.080,200,98.180,400,98.200,600,98.210,1100,98.240,8300,98.250,2019-11-15,13:13:58,00,";
var hq_str_sh603259="药明康德,97.930,98.340,98.140,99.300,96.680,98.160,98.170,3962860,387666249.000,2300,98.160,300,98.140,700,98.110,200,98.100,2460,98.080,500,98.170,700,98.180,800,98.200,600,98.210,2200,98.240,2019-11-15,13:14:58,00,";
var hq_str_sh603259="药明康德,97.930,98.340,98.090,99.300,96.680,98.080,98.090,3975760,388932245.000,2560,98.080,6600,98.010,4800,98.000,100,97.990,500,97.920,3400,98.090,100,98.100,100,98.110,100,98.140,1100,98.150,2019-11-15,13:15:58,00,";
var hq_str_sh603259="药明康德,97.930,98.340,98.000,99.300,96.680,98.000,98.010,3995320,390849807.000,3600,98.000,100,97.990,500,97.920,1100,97.880,600,97.830,5000,98.010,300,98.020,200,98.030,100,98.040,540,98.060,2019-11-15,13:16:58,00,";
var hq_str_sh603259="药明康德,97.930,98.340,97.930,99.300,96.680,97.920,97.930,4003220,391623773.000,2700,97.920,1100,97.880,100,97.840,900,97.830,1400,97.820,900,97.930,700,97.940,100,97.950,900,97.970,5700,98.000,2019-11-15,13:17:58,00,";
var hq_str_sh603259="药明康德,97.930,98.340,97.930,99.300,96.680,97.930,97.940,4011420,392426873.000,7300,97.930,600,97.920,1000,97.880,1100,97.830,1400,97.820,2400,97.940,5300,98.000,1000,98.010,300,98.020,540,98.060,2019-11-15,13:18:58,00,";
var hq_str_sh603259="药明康德,97.930,98.340,97.940,99.300,96.680,97.940,98.000,4017520,393024307.000,6000,97.940,7000,97.930,400,97.920,1000,97.880,900,97.830,6796,98.000,1000,98.010,300,98.020,540,98.060,500,98.090,2019-11-15,13:19:55,00,";
var hq_str_sh603259="药明康德,97.930,98.340,97.950,99.300,96.680,97.940,97.950,4029120,394160431.000,3600,97.940,4700,97.930,400,97.920,1000,97.880,900,97.830,996,97.950,7000,98.000,1000,98.010,300,98.020,500,98.030,2019-11-15,13:20:58,00,";
var hq_str_sh603259="药明康德,97.930,98.340,98.000,99.300,96.680,98.000,98.010,4065816,397755740.000,5604,98.000,2200,97.930,200,97.920,1000,97.880,900,97.830,1000,98.010,500,98.030,540,98.060,100,98.080,500,98.090,2019-11-15,13:21:55,00,";
var hq_str_sh603259="药明康德,97.930,98.340,98.030,99.300,96.680,98.000,98.030,4074716,398627983.000,14904,98.000,500,97.970,900,97.930,200,97.920,1000,97.880,200,98.030,640,98.060,200,98.100,100,98.110,600,98.140,2019-11-15,13:22:58,00,";
var hq_str_sh603259="药明康德,97.930,98.340,98.110,99.300,96.680,98.120,98.140,4080056,399151559.000,500,98.120,200,98.070,1360,98.060,1800,98.050,3300,98.010,100,98.140,500,98.150,4000,98.160,200,98.180,200,98.200,2019-11-15,13:23:58,00,";
var hq_str_sh603259="药明康德,97.930,98.340,98.140,99.300,96.680,98.140,98.150,4089856,400113224.000,600,98.140,1400,98.130,400,98.120,1560,98.060,800,98.010,700,98.150,6400,98.160,200,98.180,200,98.200,300,98.210,2019-11-15,13:24:58,00,";
var hq_str_sh603259="药明康德,97.930,98.340,98.010,99.300,96.680,98.000,98.010,4102316,401335327.000,12000,98.000,500,97.970,900,97.930,200,97.920,1000,97.880,900,98.010,100,98.040,2400,98.050,1200,98.070,200,98.080,2019-11-15,13:25:58,00,";
var hq_str_sh603259="药明康德,97.930,98.340,98.010,99.300,96.680,98.000,98.010,4122916,403354628.000,12800,98.000,500,97.970,800,97.930,200,97.920,1100,97.880,3140,98.010,400,98.040,200,98.060,200,98.070,200,98.080,2019-11-15,13:26:58,00,";
var hq_str_sh603259="药明康德,97.930,98.340,98.020,99.300,96.680,98.010,98.020,4151456,406151469.000,260,98.010,39600,98.000,1600,97.970,1600,97.930,300,97.920,3900,98.020,200,98.060,200,98.070,200,98.080,100,98.120,2019-11-15,13:27:58,00,";
var hq_str_sh603259="药明康德,97.930,98.340,98.010,99.300,96.680,98.010,98.020,4168656,407837217.000,1200,98.010,11300,98.000,1600,97.970,100,97.940,600,97.930,800,98.020,200,98.060,200,98.070,200,98.080,200,98.120,2019-11-15,13:28:58,00,";
var hq_str_sh603259="药明康德,97.930,98.340,98.150,99.300,96.680,98.020,98.150,4173556,408317579.000,100,98.020,11500,98.010,21000,98.000,1600,97.970,100,97.940,1000,98.150,2400,98.160,200,98.180,200,98.200,300,98.210,2019-11-15,13:29:58,00,";
var hq_str_sh603259="药明康德,97.930,98.340,98.210,99.300,96.680,98.170,98.210,4186656,409602938.000,2600,98.170,4000,98.110,100,98.100,3000,98.090,6900,98.010,1600,98.210,500,98.240,8200,98.250,2100,98.260,500,98.280,2019-11-15,13:30:58,00,";
var hq_str_sh603259="药明康德,97.930,98.340,98.180,99.300,96.680,98.170,98.180,4203856,411292188.000,5300,98.170,2800,98.090,700,98.010,21000,98.000,1600,97.970,1100,98.180,200,98.240,4500,98.250,2300,98.260,800,98.280,2019-11-15,13:31:58,00,";
var hq_str_sh603259="药明康德,97.930,98.340,98.170,99.300,96.680,98.170,98.250,4222656,413137700.000,300,98.170,2800,98.100,2900,98.090,800,98.010,39300,98.000,4600,98.250,2300,98.260,900,98.280,100,98.290,2800,98.300,2019-11-15,13:32:58,00,";
var hq_str_sh603259="药明康德,97.930,98.340,98.260,99.300,96.680,98.280,98.290,4263245,417124519.000,700,98.280,200,98.260,4800,98.250,800,98.230,200,98.220,700,98.290,2800,98.300,200,98.310,200,98.340,1600,98.350,2019-11-15,13:33:58,00,";
var hq_str_sh603259="药明康德,97.930,98.340,98.380,99.300,96.680,98.380,98.400,4284725,419236557.000,200,98.380,4100,98.370,1300,98.360,9500,98.340,5100,98.300,300,98.400,100,98.430,400,98.450,600,98.480,1800,98.490,2019-11-15,13:34:58,00,";
var hq_str_sh603259="药明康德,97.930,98.340,98.540,99.300,96.680,98.540,98.570,4303525,421088612.000,100,98.540,4200,98.530,100,98.510,11200,98.500,3100,98.470,900,98.570,900,98.580,100,98.610,300,98.630,1000,98.640,2019-11-15,13:35:58,00,";
var hq_str_sh603259="药明康德,97.930,98.340,98.550,99.300,96.680,98.550,98.560,4338225,424508387.000,700,98.550,1600,98.530,700,98.510,13200,98.500,13200,98.400,1700,98.560,1400,98.570,300,98.600,300,98.610,300,98.630,2019-11-15,13:36:58,00,";
var hq_str_sh603259="药明康德,97.930,98.340,98.200,99.300,96.680,98.200,98.230,4386525,429262497.000,35411,98.200,100,98.170,100,98.120,1500,98.110,8200,98.100,600,98.230,900,98.250,200,98.290,1600,98.300,1900,98.380,2019-11-15,13:37:58,00,";
var hq_str_sh603259="药明康德,97.930,98.340,98.300,99.300,96.680,98.300,98.390,4414965,432057289.000,600,98.300,500,98.250,1700,98.240,200,98.230,800,98.210,1100,98.390,31000,98.400,100,98.490,6200,98.500,200,98.510,2019-11-15,13:38:58,00,";
var hq_str_sh603259="药明康德,97.930,98.340,98.330,99.300,96.680,98.330,98.340,4459065,436396123.000,4400,98.330,700,98.320,600,98.300,500,98.250,200,98.230,1500,98.340,100,98.360,3200,98.370,200,98.380,200,98.390,2019-11-15,13:39:58,00,";
var hq_str_sh603259="药明康德,97.930,98.340,98.370,99.300,96.680,98.370,98.390,4472565,437723966.000,1500,98.370,800,98.360,2200,98.350,200,98.340,200,98.330,1300,98.390,2900,98.400,3400,98.490,6200,98.500,400,98.540,2019-11-15,13:40:58,00,";
var hq_str_sh603259="药明康德,97.930,98.340,98.450,99.300,96.680,98.390,98.450,4495365,439968619.000,3200,98.390,100,98.370,100,98.360,200,98.340,100,98.330,900,98.450,200,98.460,300,98.480,1100,98.490,2500,98.500,2019-11-15,13:41:58,00,";
var hq_str_sh603259="药明康德,97.930,98.340,98.530,99.300,96.680,98.530,98.540,4515465,441948545.000,2800,98.530,5800,98.500,2700,98.490,100,98.480,200,98.460,3000,98.540,2700,98.550,1400,98.560,1400,98.570,100,98.600,2019-11-15,13:42:58,00,";
var hq_str_sh603259="药明康德,97.930,98.340,98.500,99.300,96.680,98.500,98.510,4532665,443643021.000,1000,98.500,3000,98.490,200,98.450,500,98.390,200,98.340,1600,98.510,2200,98.530,1000,98.540,4300,98.550,1400,98.560,2019-11-15,13:43:58,00,";
var hq_str_sh603259="药明康德,97.930,98.340,98.400,99.300,96.680,98.400,98.430,4545165,444874171.000,2500,98.400,8500,98.340,400,98.320,11300,98.300,500,98.250,3000,98.430,3500,98.440,1400,98.450,400,98.480,1000,98.490,2019-11-15,13:44:58,00,";
var hq_str_sh603259="药明康德,97.930,98.340,98.420,99.300,96.680,98.420,98.440,4553365,445681154.000,1600,98.420,3200,98.410,600,98.400,100,98.350,8200,98.340,1100,98.440,300,98.450,1000,98.490,700,98.500,1200,98.510,2019-11-15,13:45:58,00,";
var hq_str_sh603259="药明康德,97.930,98.340,98.350,99.300,96.680,98.350,98.400,4571965,447511669.000,600,98.350,9900,98.340,400,98.320,12600,98.300,500,98.250,1100,98.400,400,98.410,300,98.420,500,98.450,800,98.490,2019-11-15,13:46:58,00,";
var hq_str_sh603259="药明康德,97.930,98.340,98.340,99.300,96.680,98.320,98.340,4590165,449301549.000,400,98.320,12400,98.300,500,98.250,200,98.230,100,98.170,1500,98.340,4871,98.350,100,98.380,500,98.400,500,98.410,2019-11-15,13:47:58,00,";
var hq_str_sh603259="药明康德,97.930,98.340,98.170,99.300,96.680,98.170,98.190,4609065,451159241.000,700,98.170,1300,98.110,300,98.030,1300,98.020,2500,98.010,900,98.190,900,98.200,1800,98.230,3300,98.240,100,98.250,2019-11-15,13:48:58,00,";
var hq_str_sh603259="药明康德,97.930,98.340,98.230,99.300,96.680,98.170,98.230,4624265,452650707.000,600,98.170,100,98.150,400,98.120,600,98.110,10700,98.100,500,98.230,300,98.300,100,98.310,400,98.340,671,98.350,2019-11-15,13:49:58,00,";
var hq_str_sh603259="药明康德,97.930,98.340,98.230,99.300,96.680,98.170,98.190,4638665,454065484.000,700,98.170,100,98.150,500,98.110,9200,98.100,100,98.050,100,98.190,580,98.230,100,98.300,100,98.350,2371,98.400,2019-11-15,13:50:58,00,";
var hq_str_sh603259="药明康德,97.930,98.340,98.250,99.300,96.680,98.250,98.290,4647353,454918764.000,712,98.250,800,98.230,700,98.200,600,98.170,200,98.150,1000,98.290,900,98.340,100,98.350,3371,98.400,600,98.410,2019-11-15,13:51:58,00,";
var hq_str_sh603259="药明康德,97.930,98.340,98.310,99.300,96.680,98.310,98.340,4661396,456299699.000,1957,98.310,800,98.230,200,98.200,600,98.170,100,98.150,300,98.340,3500,98.360,6800,98.390,3171,98.400,1300,98.410,2019-11-15,13:52:58,00,";
var hq_str_sh603259="药明康德,97.930,98.340,98.240,99.300,96.680,98.240,98.310,4670796,457223927.000,1800,98.240,1300,98.230,200,98.200,600,98.170,100,98.150,400,98.310,302,98.330,1800,98.360,500,98.380,6600,98.390,2019-11-15,13:53:55,00,";
var hq_str_sh603259="药明康德,97.930,98.340,98.340,99.300,96.680,98.300,98.310,4690096,459122405.000,7200,98.300,900,98.230,200,98.200,600,98.110,200,98.100,700,98.310,500,98.360,100,98.400,1173,98.410,1500,98.420,2019-11-15,13:54:58,00,";
var hq_str_sh603259="药明康德,97.930,98.340,98.340,99.300,96.680,98.340,98.350,4697098,459810868.000,800,98.340,400,98.330,1700,98.310,4298,98.300,100,98.280,1900,98.350,1373,98.410,1500,98.420,200,98.430,300,98.470,2019-11-15,13:55:58,00,";
var hq_str_sh603259="药明康德,97.930,98.340,98.480,99.300,96.680,98.390,98.410,4709698,461050632.000,100,98.390,2200,98.370,7300,98.350,4000,98.340,800,98.330,73,98.410,3200,98.490,3400,98.500,1400,98.530,2700,98.550,2019-11-15,13:56:55,00,";
var hq_str_sh603259="药明康德,97.930,98.340,98.470,99.300,96.680,98.470,98.490,4728371,462889441.000,1000,98.470,3800,98.450,300,98.410,100,98.400,6800,98.350,300,98.490,1400,98.530,2700,98.550,1400,98.560,600,98.570,2019-11-15,13:57:58,00,";
var hq_str_sh603259="药明康德,97.930,98.340,98.470,99.300,96.680,98.470,98.530,4750171,465036158.000,300,98.470,1400,98.460,100,98.450,200,98.410,800,98.400,300,98.530,600,98.540,2700,98.550,1400,98.560,600,98.570,2019-11-15,13:58:58,00,";
var hq_str_sh603259="药明康德,97.930,98.340,98.530,99.300,96.680,98.530,98.540,4761171,466119821.000,2000,98.530,300,98.470,300,98.460,700,98.450,200,98.410,900,98.540,3400,98.550,1400,98.560,600,98.570,1500,98.600,2019-11-15,13:59:58,00,";
var hq_str_sh603259="药明康德,97.930,98.340,98.550,99.300,96.680,98.560,98.590,4796971,469647954.000,200,98.560,3400,98.550,5100,98.500,200,98.460,800,98.450,300,98.590,500,98.600,200,98.610,400,98.620,1300,98.630,2019-11-15,14:00:58,00,";
var hq_str_sh603259="药明康德,97.930,98.340,98.500,99.300,96.680,98.450,98.500,4838371,473727928.000,700,98.450,500,98.410,100,98.400,7000,98.350,600,98.330,1200,98.500,1300,98.510,100,98.550,300,98.560,100,98.570,2019-11-15,14:02:01,00,";
var hq_str_sh603259="药明康德,97.930,98.340,98.400,99.300,96.680,98.430,98.450,4855571,475420851.000,200,98.430,400,98.420,500,98.410,1800,98.400,300,98.370,300,98.450,600,98.460,2400,98.510,700,98.550,2900,98.600,2019-11-15,14:02:58,00,";
var hq_str_sh603259="药明康德,97.930,98.340,98.400,99.300,96.680,98.400,98.500,4873671,477201699.000,3000,98.400,600,98.360,2500,98.350,800,98.330,900,98.300,1100,98.500,1000,98.550,6800,98.580,3200,98.600,200,98.610,2019-11-15,14:03:58,00,";
var hq_str_sh603259="药明康德,97.930,98.340,98.170,99.300,96.680,98.170,98.200,4899371,479728926.000,2300,98.170,1100,98.110,1500,98.100,100,98.050,900,98.030,300,98.200,1200,98.220,100,98.230,400,98.250,500,98.330,2019-11-15,14:04:58,00,";
var hq_str_sh603259="药明康德,97.930,98.340,98.340,99.300,96.680,98.340,98.400,4920711,481826502.000,700,98.340,100,98.310,800,98.300,300,98.210,6800,98.200,1000,98.400,100,98.440,5000,98.490,300,98.500,300,98.550,2019-11-15,14:05:58,00,";
var hq_str_sh603259="药明康德,97.930,98.340,98.230,99.300,96.680,98.220,98.230,4947311,484439971.000,300,98.220,4500,98.200,300,98.190,18300,98.180,1000,98.110,900,98.230,200,98.240,1500,98.300,500,98.310,340,98.330,2019-11-15,14:06:58,00,";
var hq_str_sh603259="药明康德,97.930,98.340,98.310,99.300,96.680,98.310,98.330,4958671,485556070.000,200,98.310,3840,98.240,1900,98.230,2700,98.220,4000,98.200,140,98.330,400,98.340,2700,98.400,200,98.440,5000,98.490,2019-11-15,14:07:58,00,";
var hq_str_sh603259="药明康德,97.930,98.340,98.240,99.300,96.680,98.240,98.250,4969271,486598038.000,1100,98.240,100,98.230,1800,98.220,3800,98.200,400,98.190,1000,98.250,200,98.320,100,98.330,400,98.340,200,98.390,2019-11-15,14:08:58,00,";
var hq_str_sh603259="药明康德,97.930,98.340,98.270,99.300,96.680,98.270,98.320,4979671,487620210.000,2800,98.270,300,98.250,600,98.240,2100,98.230,1800,98.220,200,98.320,1700,98.400,200,98.440,5000,98.490,1800,98.500,2019-11-15,14:09:58,00,";
var hq_str_sh603259="药明康德,97.930,98.340,98.200,99.300,96.680,98.200,98.210,4997071,489329934.000,4700,98.200,200,98.190,20700,98.180,800,98.110,2500,98.100,1200,98.210,500,98.220,700,98.230,700,98.240,500,98.260,2019-11-15,14:10:58,00,";
var hq_str_sh603259="药明康德,97.930,98.340,98.180,99.300,96.680,98.180,98.190,5019871,491568675.000,11500,98.180,900,98.110,1500,98.100,100,98.050,900,98.030,4000,98.190,700,98.200,900,98.210,500,98.260,100,98.310,2019-11-15,14:11:58,00,";
var hq_str_sh603259="药明康德,97.930,98.340,98.210,99.300,96.680,98.220,98.300,5037971,493346026.000,100,98.220,5100,98.210,5800,98.200,200,98.190,3700,98.180,600,98.300,100,98.310,100,98.390,11900,98.400,200,98.440,2019-11-15,14:12:58,00,";
var hq_str_sh603259="药明康德,97.930,98.340,98.300,99.300,96.680,98.300,98.310,5071471,496640169.000,1000,98.300,500,98.250,6000,98.220,300,98.210,5900,98.200,1200,98.310,500,98.400,300,98.420,200,98.430,200,98.440,2019-11-15,14:13:58,00,";
var hq_str_sh603259="药明康德,97.930,98.340,98.410,99.300,96.680,98.410,98.430,5079380,497418218.000,2700,98.410,8000,98.340,800,98.320,6191,98.310,8000,98.300,300,98.430,500,98.460,400,98.480,5200,98.490,8280,98.500,2019-11-15,14:14:58,00,";
var hq_str_sh603259="药明康德,97.930,98.340,98.420,99.300,96.680,98.400,98.420,5089380,498402395.000,200,98.400,1100,98.350,9200,98.340,4791,98.310,8100,98.300,400,98.420,300,98.450,2800,98.460,200,98.480,5200,98.490,2019-11-15,14:15:58,00,";
var hq_str_sh603259="药明康德,97.930,98.340,98.350,99.300,96.680,98.350,98.390,5099680,499416042.000,2200,98.350,9200,98.340,5091,98.310,8100,98.300,300,98.210,400,98.390,1900,98.400,500,98.410,1000,98.480,5200,98.490,2019-11-15,14:16:58,00,";
var hq_str_sh603259="药明康德,97.930,98.340,98.410,99.300,96.680,98.410,98.430,5108780,500311521.000,300,98.410,1900,98.400,200,98.390,3900,98.360,100,98.350,100,98.430,500,98.470,200,98.480,5200,98.490,9180,98.500,2019-11-15,14:17:58,00,";
var hq_str_sh603259="药明康德,97.930,98.340,98.520,99.300,96.680,98.400,98.510,5154780,504841831.000,300,98.400,200,98.390,100,98.350,400,98.340,4300,98.310,600,98.510,2180,98.520,2400,98.530,100,98.540,300,98.550,2019-11-15,14:18:58,00,";
var hq_str_sh603259="药明康德,97.930,98.340,98.360,99.300,96.680,98.360,98.390,5169980,506337701.000,700,98.360,1100,98.320,3800,98.310,300,98.300,300,98.210,1300,98.390,1100,98.400,500,98.510,100,98.520,300,98.550,2019-11-15,14:19:58,00,";
var hq_str_sh603259="药明康德,97.930,98.340,98.200,99.300,96.680,98.200,98.300,5188680,508175348.000,5200,98.200,400,98.190,4300,98.180,100,98.160,800,98.110,500,98.300,100,98.310,600,98.350,2100,98.360,1000,98.380,2019-11-15,14:20:58,00,";
var hq_str_sh603259="药明康德,97.930,98.340,98.190,99.300,96.680,98.190,98.240,5205080,509785992.000,800,98.190,3200,98.180,900,98.110,1700,98.100,2100,98.050,1000,98.240,500,98.300,100,98.310,100,98.340,600,98.350,2019-11-15,14:21:58,00,";
var hq_str_sh603259="药明康德,97.930,98.340,98.240,99.300,96.680,98.240,98.260,5217980,511053828.000,3800,98.240,300,98.200,3300,98.180,200,98.170,800,98.110,1900,98.260,1100,98.340,1440,98.350,1900,98.360,1000,98.380,2019-11-15,14:22:58,00,";
var hq_str_sh603259="药明康德,97.930,98.340,98.260,99.300,96.680,98.280,98.310,5228980,512134897.000,400,98.280,400,98.270,1000,98.260,100,98.250,4600,98.240,300,98.310,140,98.360,1000,98.380,1500,98.400,100,98.490,2019-11-15,14:23:58,00,";
var hq_str_sh603259="药明康德,97.930,98.340,98.460,99.300,96.680,98.400,98.460,5277920,516954331.000,200,98.400,300,98.390,400,98.380,2900,98.360,160,98.340,1100,98.460,7100,98.500,400,98.510,1200,98.540,600,98.550,2019-11-15,14:24:58,00,";
var hq_str_sh603259="药明康德,97.930,98.340,98.350,99.300,96.680,98.340,98.350,5302020,519325535.000,500,98.340,10500,98.300,1000,98.270,100,98.260,600,98.240,3200,98.350,300,98.360,800,98.370,27500,98.380,1900,98.400,2019-11-15,14:25:58,00,";
var hq_str_sh603259="药明康德,97.930,98.340,98.300,99.300,96.680,98.300,98.310,5335820,522648348.000,3000,98.300,700,98.280,1000,98.270,100,98.260,8000,98.250,500,98.310,400,98.340,500,98.350,400,98.370,27500,98.380,2019-11-15,14:26:58,00,";
var hq_str_sh603259="药明康德,97.930,98.340,98.310,99.300,96.680,98.300,98.310,5400120,528973277.000,10700,98.300,2000,98.290,600,98.280,900,98.270,100,98.260,100,98.310,1000,98.330,1300,98.340,4800,98.380,100,98.390,2019-11-15,14:27:58,00,";
var hq_str_sh603259="药明康德,97.930,98.340,98.310,99.300,96.680,98.310,98.320,5424520,531371914.000,900,98.310,4200,98.300,300,98.290,800,98.280,1000,98.270,200,98.320,400,98.340,3700,98.380,1400,98.400,100,98.410,2019-11-15,14:28:58,00,";
var hq_str_sh603259="药明康德,97.930,98.340,98.300,99.300,96.680,98.300,98.310,5440420,532935362.000,600,98.300,200,98.290,800,98.280,900,98.270,300,98.260,400,98.310,400,98.320,4400,98.380,1400,98.400,100,98.410,2019-11-15,14:29:58,00,";
var hq_str_sh603259="药明康德,97.930,98.340,98.200,99.300,96.680,98.200,98.300,5483420,537160475.000,21400,98.200,100,98.190,900,98.180,200,98.170,800,98.110,1100,98.300,300,98.310,100,98.320,3500,98.380,1500,98.400,2019-11-15,14:30:58,00,";
var hq_str_sh603259="药明康德,97.930,98.340,98.160,99.300,96.680,98.130,98.160,5545020,543208914.000,100,98.130,3200,98.120,500,98.110,17100,98.100,2100,98.050,1200,98.160,3000,98.200,1200,98.220,2500,98.380,1500,98.400,2019-11-15,14:31:58,00,";
var hq_str_sh603259="药明康德,97.930,98.340,98.250,99.300,96.680,98.230,98.250,5566620,545330570.000,900,98.230,1600,98.220,1700,98.210,3400,98.200,25500,98.160,300,98.250,400,98.370,600,98.380,1500,98.400,100,98.410,2019-11-15,14:32:58,00,";
var hq_str_sh603259="药明康德,97.930,98.340,98.260,99.300,96.680,98.240,98.260,5576120,546264077.000,500,98.240,2200,98.230,1100,98.220,24600,98.200,600,98.170,500,98.260,900,98.310,700,98.350,600,98.370,1700,98.380,2019-11-15,14:33:58,00,";
var hq_str_sh603259="药明康德,97.930,98.340,98.220,99.300,96.680,98.220,98.230,5596020,548219041.000,1200,98.220,800,98.210,25200,98.200,200,98.170,25500,98.160,2700,98.230,300,98.250,3000,98.260,600,98.310,100,98.340,2019-11-15,14:34:58,00,";
var hq_str_sh603259="药明康德,97.930,98.340,98.120,99.300,96.680,98.110,98.140,5661120,554610470.000,400,98.110,17500,98.100,2100,98.050,800,98.030,300,98.020,900,98.140,3200,98.150,3700,98.160,2100,98.170,9800,98.200,2019-11-15,14:35:58,00,";
var hq_str_sh603259="药明康德,97.930,98.340,97.970,99.300,96.680,97.970,97.980,5697720,558199592.000,1300,97.970,400,97.950,200,97.930,200,97.920,300,97.900,1300,97.980,600,97.990,1900,98.000,4900,98.010,200,98.020,2019-11-15,14:36:58,00,";
var hq_str_sh603259="药明康德,97.930,98.340,97.850,99.300,96.680,97.850,97.900,5716820,560068924.000,500,97.850,400,97.830,400,97.820,1300,97.810,3200,97.800,600,97.900,5600,97.930,100,97.950,3300,98.000,300,98.050,2019-11-15,14:37:58,00,";
var hq_str_sh603259="药明康德,97.930,98.340,97.810,99.300,96.680,97.800,97.820,5728520,561213495.000,3800,97.800,400,97.790,100,97.780,3300,97.770,100,97.760,4200,97.820,1000,97.890,300,97.900,5600,97.930,100,97.950,2019-11-15,14:38:58,00,";
var hq_str_sh603259="药明康德,97.930,98.340,97.790,99.300,96.680,97.790,97.800,5744820,562807666.000,400,97.790,4100,97.780,6800,97.770,200,97.710,13000,97.700,11120,97.800,3500,97.810,300,97.890,300,97.900,100,97.950,2019-11-15,14:39:58,00,";
var hq_str_sh603259="药明康德,97.930,98.340,97.790,99.300,96.680,97.780,97.790,5757820,564078830.000,2200,97.780,6600,97.770,1800,97.710,13100,97.700,100,97.680,2600,97.790,12520,97.800,3500,97.810,300,97.890,200,97.900,2019-11-15,14:40:58,00,";
var hq_str_sh603259="药明康德,97.930,98.340,97.710,99.300,96.680,97.710,97.720,5788420,567069749.000,800,97.710,14600,97.700,100,97.680,200,97.660,800,97.610,2900,97.720,300,97.740,200,97.770,300,97.780,3200,97.790,2019-11-15,14:41:58,00,";
var hq_str_sh603259="药明康德,97.930,98.340,97.700,99.300,96.680,97.700,97.710,5816820,569844564.000,900,97.700,200,97.690,300,97.680,100,97.670,200,97.660,2100,97.710,1800,97.720,400,97.780,2400,97.790,7220,97.800,2019-11-15,14:42:58,00,";
var hq_str_sh603259="药明康德,97.930,98.340,97.890,99.300,96.680,97.810,97.890,5851640,573249071.000,500,97.810,3780,97.800,300,97.770,100,97.730,1900,97.720,300,97.890,100,97.950,400,98.000,300,98.150,300,98.160,2019-11-15,14:43:58,00,";
var hq_str_sh603259="药明康德,97.930,98.340,97.800,99.300,96.680,97.770,97.800,5870920,575135134.000,2200,97.770,200,97.730,200,97.720,9600,97.710,500,97.700,2960,97.800,100,97.810,800,97.830,800,97.850,1300,97.870,2019-11-15,14:44:58,00,";
var hq_str_sh603259="药明康德,97.930,98.340,97.750,99.300,96.680,97.770,97.830,5889220,576924044.000,200,97.770,300,97.750,200,97.730,2300,97.720,11200,97.710,460,97.830,200,97.850,1300,97.870,300,97.880,1100,97.890,2019-11-15,14:45:58,00,";
var hq_str_sh603259="药明康德,97.930,98.340,97.700,99.300,96.680,97.660,97.680,5929920,580901011.000,600,97.660,200,97.650,800,97.580,3700,97.570,100,97.560,300,97.680,800,97.700,500,97.710,200,97.720,100,97.800,2019-11-15,14:46:58,00,";
var hq_str_sh603259="药明康德,97.930,98.340,97.590,99.300,96.680,97.580,97.650,5945720,582443085.000,800,97.580,3800,97.570,100,97.560,300,97.550,1100,97.530,600,97.650,900,97.680,200,97.720,300,97.860,400,97.870,2019-11-15,14:47:58,00,";
var hq_str_sh603259="药明康德,97.930,98.340,97.580,99.300,96.680,97.580,97.590,5955220,583370197.000,900,97.580,3700,97.570,300,97.560,400,97.550,900,97.530,15200,97.590,1400,97.600,300,97.650,900,97.680,600,97.790,2019-11-15,14:48:58,00,";
var hq_str_sh603259="药明康德,97.930,98.340,97.530,99.300,96.680,97.530,97.540,5972832,585088607.000,100,97.530,100,97.520,2100,97.510,1700,97.500,1700,97.490,600,97.540,100,97.550,300,97.560,2000,97.580,11900,97.590,2019-11-15,14:49:58,00,";
var hq_str_sh603259="药明康德,97.930,98.340,97.140,99.300,96.680,97.120,97.140,6009058,588617426.000,100,97.120,900,97.100,200,97.090,500,97.080,800,97.060,100,97.140,300,97.210,800,97.230,500,97.290,500,97.310,2019-11-15,14:51:01,00,";
var hq_str_sh603259="药明康德,97.930,98.340,97.130,99.300,96.680,97.130,97.170,6046047,592209445.000,201,97.130,500,97.120,6302,97.110,12900,97.100,500,97.090,1100,97.170,400,97.290,500,97.310,10000,97.490,600,97.500,2019-11-15,14:51:58,00,";
var hq_str_sh603259="药明康德,97.930,98.340,97.060,99.300,96.680,97.060,97.070,6118250,599221708.000,9099,97.060,1500,97.050,200,97.040,100,97.030,7700,97.020,1700,97.070,6760,97.100,800,97.130,1000,97.180,2200,97.280,2019-11-15,14:52:58,00,";
var hq_str_sh603259="药明康德,97.930,98.340,96.920,99.300,96.680,96.900,96.920,6222983,609379727.000,16900,96.900,6166,96.880,500,96.870,1000,96.820,3900,96.810,1328,96.920,400,96.970,18749,97.000,1000,97.040,200,97.060,2019-11-15,14:53:58,00,";
var hq_str_sh603259="药明康德,97.930,98.340,97.080,99.300,96.680,97.080,97.100,6293892,616255105.000,100,97.080,1700,97.070,1000,97.060,2100,97.050,500,97.040,700,97.100,200,97.130,1000,97.180,2000,97.280,1400,97.290,2019-11-15,14:54:58,00,";
var hq_str_sh603259="药明康德,97.930,98.340,96.980,99.300,96.680,96.980,97.000,6326792,619448107.000,1500,96.980,3000,96.970,200,96.960,500,96.950,200,96.940,1100,97.000,1000,97.010,1380,97.040,12400,97.070,1000,97.100,2019-11-15,14:56:01,00,";
var hq_str_sh603259="药明康德,97.930,98.340,96.980,99.300,96.680,96.960,96.980,6359992,622668016.000,800,96.960,500,96.950,200,96.940,1700,96.930,1000,96.920,1180,96.980,900,97.000,700,97.070,1900,97.110,6000,97.180,2019-11-15,14:56:58,00,";
var hq_str_sh603259="药明康德,97.930,98.340,96.980,99.300,96.680,97.250,97.250,6359992,622668016.000,31480,97.250,28820,0.000,0,0.000,0,0.000,0,0.000,31480,97.250,0,0.000,0,0.000,0,0.000,0,0.000,2019-11-15,14:57:58,00,";
var hq_str_sh603259="药明康德,97.930,98.340,96.980,99.300,96.680,97.230,97.230,6359992,622668016.000,68900,97.230,0,0.000,0,0.000,0,0.000,0,0.000,68900,97.230,14280,0.000,0,0.000,0,0.000,0,0.000,2019-11-15,14:58:58,00,";
