var hq_str_sh603259="药明康德,85.850,86.700,85.850,85.850,85.850,85.850,85.900,39194,3364805.000,3906,85.850,1200,85.830,11500,85.800,600,85.750,2000,85.720,140,85.900,200,85.990,200,86.040,200,86.200,900,86.640,2019-10-08,09:29:48,00,";
var hq_str_sh603259="药明康德,85.850,86.700,86.020,86.640,85.850,86.010,86.020,218092,18790288.000,300,86.010,4730,86.000,200,85.910,700,85.900,200,85.870,200,86.020,1000,86.180,1300,86.200,3000,86.510,1500,86.590,2019-10-08,09:30:59,00,";
var hq_str_sh603259="药明康德,85.850,86.700,86.600,86.640,85.850,86.620,86.640,277092,23887227.000,3800,86.620,12500,86.600,600,86.590,600,86.580,2900,86.570,1351,86.640,700,86.650,500,86.660,500,86.700,100,86.750,2019-10-08,09:31:56,00,";
var hq_str_sh603259="药明康德,85.850,86.700,87.190,87.220,85.850,87.190,87.200,355543,30708772.000,2300,87.190,800,87.070,900,87.060,200,87.020,200,86.990,1000,87.200,1000,87.220,100,87.240,100,87.300,100,87.380,2019-10-08,09:32:59,00,";
var hq_str_sh603259="药明康德,85.850,86.700,86.850,87.220,85.850,86.740,86.850,420743,36380805.000,300,86.740,5900,86.700,400,86.660,600,86.650,1100,86.640,600,86.850,1900,86.860,2600,86.870,600,86.970,100,86.990,2019-10-08,09:33:56,00,";
var hq_str_sh603259="药明康德,85.850,86.700,87.060,87.220,85.850,87.050,87.060,494343,42785367.000,4800,87.050,600,86.970,5000,86.900,400,86.890,700,86.870,100,87.060,9400,87.070,100,87.110,200,87.150,1280,87.170,2019-10-08,09:34:59,00,";
var hq_str_sh603259="药明康德,85.850,86.700,86.950,87.220,85.850,86.900,86.950,557743,48300847.000,2500,86.900,400,86.890,700,86.870,100,86.860,100,86.850,3500,86.950,2600,86.960,1700,86.970,3200,87.000,100,87.020,2019-10-08,09:35:56,00,";
var hq_str_sh603259="药明康德,85.850,86.700,87.250,87.270,85.850,87.250,87.300,653403,56626917.000,5400,87.250,500,87.240,2900,87.230,2300,87.220,300,87.210,200,87.300,2200,87.360,300,87.380,1000,87.420,600,87.440,2019-10-08,09:36:59,00,";
var hq_str_sh603259="药明康德,85.850,86.700,87.660,87.840,85.850,87.660,87.760,759603,65929363.000,200,87.660,700,87.650,3000,87.640,300,87.620,200,87.600,300,87.760,2100,87.800,300,87.830,2340,87.840,600,87.850,2019-10-08,09:37:59,00,";
var hq_str_sh603259="药明康德,85.850,86.700,87.680,87.840,85.850,87.680,87.840,859583,74694544.000,3100,87.680,1620,87.620,300,87.600,1600,87.550,1700,87.520,580,87.840,300,87.850,300,87.860,6500,87.870,5500,87.880,2019-10-08,09:38:59,00,";
var hq_str_sh603259="药明康德,85.850,86.700,87.700,87.870,85.850,87.700,87.760,942883,82001685.000,2600,87.700,1600,87.680,400,87.670,1700,87.660,1100,87.640,3400,87.760,1500,87.830,300,87.840,3400,87.860,1000,87.870,2019-10-08,09:39:56,00,";
var hq_str_sh603259="药明康德,85.850,86.700,87.650,87.870,85.850,87.640,87.650,1015183,88346195.000,800,87.640,400,87.630,520,87.620,100,87.610,1000,87.600,10000,87.650,3000,87.660,100,87.670,200,87.680,100,87.690,2019-10-08,09:40:56,00,";
var hq_str_sh603259="药明康德,85.850,86.700,87.500,87.870,85.850,87.440,87.500,1075603,93634864.000,300,87.440,4100,87.420,400,87.380,4000,87.370,400,87.300,290,87.500,300,87.530,2200,87.550,800,87.620,5400,87.650,2019-10-08,09:41:59,00,";
var hq_str_sh603259="药明康德,85.850,86.700,87.710,87.870,85.850,87.700,87.710,1120313,97554713.000,480,87.700,200,87.650,100,87.570,500,87.540,9400,87.530,3800,87.710,300,87.720,1300,87.750,100,87.760,100,87.770,2019-10-08,09:42:56,00,";
var hq_str_sh603259="药明康德,85.850,86.700,87.540,87.870,85.850,87.530,87.540,1196893,104265410.000,6600,87.530,300,87.520,1000,87.510,200,87.500,200,87.450,1100,87.540,3341,87.550,3700,87.570,2600,87.700,200,87.710,2019-10-08,09:43:59,00,";
var hq_str_sh603259="药明康德,85.850,86.700,87.500,87.870,85.850,87.500,87.510,1236193,107705590.000,5700,87.500,600,87.450,200,87.380,12400,87.370,100,87.330,3200,87.510,2000,87.520,700,87.530,100,87.540,2741,87.550,2019-10-08,09:44:56,00,";
var hq_str_sh603259="药明康德,85.850,86.700,87.470,87.870,85.850,87.470,87.530,1309834,114148376.000,1600,87.470,1359,87.370,100,87.330,500,87.310,400,87.300,100,87.530,3700,87.550,500,87.570,400,87.670,2900,87.680,2019-10-08,09:45:59,00,";
var hq_str_sh603259="药明康德,85.850,86.700,87.310,87.870,85.850,87.310,87.380,1367293,119169817.000,1600,87.310,100,87.230,2800,87.210,200,87.200,400,87.170,2300,87.380,10600,87.420,2100,87.430,100,87.440,500,87.450,2019-10-08,09:46:56,00,";
var hq_str_sh603259="药明康德,85.850,86.700,86.900,87.870,85.850,86.900,87.000,1447893,126196514.000,800,86.900,300,86.890,500,86.860,1000,86.800,300,86.740,600,87.000,1700,87.050,600,87.080,4740,87.300,1000,87.330,2019-10-08,09:47:56,00,";
var hq_str_sh603259="药明康德,85.850,86.700,86.820,87.870,85.850,86.800,86.820,1486093,129514773.000,900,86.800,200,86.740,800,86.710,4400,86.700,100,86.680,700,86.820,1200,86.850,900,86.890,100,86.900,100,87.000,2019-10-08,09:48:56,00,";
var hq_str_sh603259="药明康德,85.850,86.700,86.870,87.870,85.850,86.920,87.000,1515693,132085132.000,1400,86.920,1000,86.870,1900,86.810,1500,86.800,200,86.740,5300,87.000,500,87.030,800,87.080,100,87.210,3740,87.300,2019-10-08,09:49:59,00,";
var hq_str_sh603259="药明康德,85.850,86.700,86.880,87.870,85.850,86.890,86.950,1578293,137524176.000,1700,86.890,300,86.880,100,86.750,200,86.740,500,86.720,800,86.950,700,86.960,2400,87.000,800,87.080,100,87.210,2019-10-08,09:50:59,00,";
var hq_str_sh603259="药明康德,85.850,86.700,87.050,87.870,85.850,86.950,87.050,1603293,139697872.000,1500,86.950,100,86.930,300,86.900,1400,86.890,600,86.880,800,87.050,680,87.070,200,87.080,100,87.210,700,87.220,2019-10-08,09:51:59,00,";
var hq_str_sh603259="药明康德,85.850,86.700,87.150,87.870,85.850,87.150,87.210,1618624,141033226.000,3349,87.150,900,87.090,1400,87.080,300,87.060,2000,87.050,100,87.210,700,87.220,700,87.280,100,87.290,3740,87.300,2019-10-08,09:52:56,00,";
var hq_str_sh603259="药明康德,85.850,86.700,86.980,87.870,85.850,86.980,87.070,1644673,143301396.000,1800,86.980,1600,86.880,300,86.750,200,86.740,400,86.720,100,87.070,500,87.080,300,87.100,440,87.150,200,87.180,2019-10-08,09:53:56,00,";
var hq_str_sh603259="药明康德,85.850,86.700,87.030,87.870,85.850,87.030,87.150,1681273,146488953.000,2700,87.030,500,86.980,2400,86.950,1200,86.930,200,86.900,3340,87.150,300,87.200,300,87.260,700,87.280,200,87.290,2019-10-08,09:54:56,00,";
var hq_str_sh603259="药明康德,85.850,86.700,86.800,87.870,85.850,86.800,86.810,1733673,151047363.000,8700,86.800,300,86.750,200,86.740,400,86.720,900,86.710,1500,86.810,900,86.830,1200,86.850,200,86.870,380,86.960,2019-10-08,09:55:59,00,";
var hq_str_sh603259="药明康德,85.850,86.700,86.930,87.870,85.850,86.880,86.930,1787573,155722604.000,3100,86.880,400,86.830,600,86.750,500,86.700,1000,86.690,200,86.930,480,86.960,200,86.980,900,87.000,100,87.180,2019-10-08,09:56:56,00,";
var hq_str_sh603259="药明康德,85.850,86.700,87.000,87.870,85.850,86.990,87.000,1814153,158033608.000,200,86.990,100,86.980,2500,86.900,800,86.880,200,86.830,6600,87.000,200,87.010,100,87.180,300,87.200,3900,87.210,2019-10-08,09:57:56,00,";
var hq_str_sh603259="药明康德,85.850,86.700,86.900,87.870,85.850,86.900,86.910,1846593,160853126.000,460,86.900,100,86.880,200,86.830,1200,86.810,8400,86.750,200,86.910,700,86.930,500,86.950,300,86.970,5300,87.000,2019-10-08,09:58:56,00,";
var hq_str_sh603259="药明康德,85.850,86.700,86.930,87.870,85.850,86.920,86.930,1867293,162652114.000,700,86.920,260,86.870,4600,86.840,200,86.830,1200,86.810,500,86.930,700,86.950,300,86.970,5300,87.000,100,87.180,2019-10-08,09:59:59,00,";
var hq_str_sh603259="药明康德,85.850,86.700,86.960,87.870,85.850,86.960,87.000,1887411,164401518.000,3600,86.960,1500,86.950,60,86.940,100,86.930,1522,86.890,400,87.000,100,87.180,1200,87.200,3900,87.210,200,87.260,2019-10-08,10:00:56,00,";
var hq_str_sh603259="药明康德,85.850,86.700,87.150,87.870,85.850,87.030,87.090,1905811,166004640.000,100,87.030,300,87.010,2000,87.000,100,86.980,100,86.970,700,87.090,1200,87.150,1700,87.160,100,87.170,200,87.190,2019-10-08,10:01:59,00,";
var hq_str_sh603259="药明康德,85.850,86.700,86.900,87.870,85.850,86.900,86.910,1937411,168752990.000,700,86.900,1522,86.890,360,86.870,4600,86.840,200,86.810,200,86.910,1600,86.920,24800,86.960,400,87.060,1700,87.160,2019-10-08,10:02:56,00,";
var hq_str_sh603259="药明康德,85.850,86.700,86.800,87.870,85.850,86.790,86.800,2004493,174580444.000,8000,86.790,10900,86.760,5500,86.750,2900,86.710,400,86.700,900,86.800,900,86.810,8363,86.840,600,86.890,1300,86.900,2019-10-08,10:03:59,00,";
var hq_str_sh603259="药明康德,85.850,86.700,86.770,87.870,85.850,86.760,86.770,2045893,178173570.000,3800,86.760,5500,86.750,2800,86.710,600,86.700,800,86.680,700,86.770,2100,86.800,100,86.810,2763,86.840,200,86.910,2019-10-08,10:04:56,00,";
var hq_str_sh603259="药明康德,85.850,86.700,86.620,87.870,85.850,86.630,86.660,2084193,181494859.000,100,86.630,5600,86.620,9400,86.600,200,86.550,4200,86.520,200,86.660,3900,86.680,1400,86.740,6400,86.750,2100,86.800,2019-10-08,10:05:56,00,";
var hq_str_sh603259="药明康德,85.850,86.700,86.920,87.870,85.850,86.700,86.920,2139956,186330262.000,14600,86.700,1200,86.690,5537,86.680,5500,86.660,5000,86.650,800,86.920,100,86.940,1500,87.000,100,87.080,900,87.150,2019-10-08,10:06:56,00,";
var hq_str_sh603259="药明康德,85.850,86.700,86.810,87.870,85.850,86.780,86.790,2171056,189030866.000,5700,86.780,100,86.770,4200,86.750,3200,86.730,2300,86.710,600,86.790,400,86.810,100,86.820,1180,86.840,600,86.920,2019-10-08,10:07:59,00,";
var hq_str_sh603259="药明康德,85.850,86.700,86.900,87.870,85.850,86.890,86.920,2208370,192270137.000,600,86.890,2300,86.880,500,86.870,2200,86.810,1400,86.800,700,86.920,100,86.940,300,86.990,2000,87.000,100,87.080,2019-10-08,10:08:55,00,";
var hq_str_sh603259="药明康德,85.850,86.700,86.940,87.870,85.850,86.940,86.960,2232070,194329987.000,5500,86.940,400,86.930,100,86.920,300,86.900,700,86.880,1300,86.960,1500,86.990,2100,87.000,100,87.080,6500,87.100,2019-10-08,10:09:59,00,";
var hq_str_sh603259="药明康德,85.850,86.700,86.910,87.870,85.850,86.910,87.000,2274070,197982040.000,400,86.910,2800,86.900,600,86.880,4400,86.860,6700,86.830,600,87.000,100,87.080,6500,87.100,900,87.150,1200,87.160,2019-10-08,10:10:56,00,";
var hq_str_sh603259="药明康德,85.850,86.700,86.800,87.870,85.850,86.800,86.810,2327270,202603544.000,1300,86.800,4666,86.790,100,86.780,6600,86.750,5000,86.720,700,86.810,1500,86.820,300,86.860,200,86.910,500,86.990,2019-10-08,10:11:59,00,";
var hq_str_sh603259="药明康德,85.850,86.700,86.910,87.870,85.850,86.700,86.770,2396536,208610525.000,100,86.700,3037,86.690,400,86.680,100,86.660,4400,86.650,400,86.770,500,86.990,2300,87.000,400,87.050,300,87.060,2019-10-08,10:12:56,00,";
var hq_str_sh603259="药明康德,85.850,86.700,86.700,87.870,85.850,86.680,86.690,2425036,211081858.000,137,86.680,100,86.670,700,86.660,4500,86.650,1300,86.630,2500,86.690,700,86.700,800,86.790,100,86.810,500,86.990,2019-10-08,10:13:56,00,";
var hq_str_sh603259="药明康德,85.850,86.700,87.000,87.870,85.850,86.840,87.000,2473473,215291945.000,1000,86.840,2100,86.690,100,86.680,3000,86.660,4600,86.650,13300,87.000,2500,87.010,400,87.050,300,87.060,100,87.080,2019-10-08,10:14:56,00,";
var hq_str_sh603259="药明康德,85.850,86.700,86.510,87.870,85.850,86.440,86.510,2546473,221614429.000,400,86.440,600,86.410,200,86.380,3100,86.300,1000,86.260,9000,86.510,700,86.520,600,86.550,800,86.580,400,86.590,2019-10-08,10:15:56,00,";
var hq_str_sh603259="药明康德,85.850,86.700,86.350,87.870,85.850,86.330,86.400,2637773,229505721.000,2400,86.330,2500,86.310,3000,86.300,1000,86.260,100,86.250,600,86.400,800,86.580,8500,86.700,100,86.800,1000,86.990,2019-10-08,10:16:56,00,";
var hq_str_sh603259="药明康德,85.850,86.700,86.170,87.870,85.850,86.110,86.150,2719973,236600163.000,500,86.110,200,86.100,300,86.090,400,86.060,100,86.050,200,86.150,1000,86.170,17430,86.200,500,86.210,100,86.250,2019-10-08,10:17:56,00,";
var hq_str_sh603259="药明康德,85.850,86.700,85.830,87.870,85.830,85.840,85.870,2799663,243445368.000,1400,85.840,2416,85.830,1900,85.810,9300,85.800,100,85.750,2200,85.870,800,86.090,100,86.110,200,86.200,200,86.300,2019-10-08,10:18:56,00,";
var hq_str_sh603259="药明康德,85.850,86.700,86.350,87.870,85.830,86.330,86.340,2817463,244978615.000,1400,86.330,21000,86.300,600,86.240,1200,86.210,45600,86.200,400,86.340,400,86.350,1700,86.410,1600,86.520,1400,86.530,2019-10-08,10:19:56,00,";
var hq_str_sh603259="药明康德,85.850,86.700,86.500,87.870,85.830,86.500,86.510,2890663,251306608.000,17600,86.500,100,86.490,8600,86.450,700,86.410,500,86.400,200,86.510,1800,86.520,1400,86.530,1200,86.550,300,86.570,2019-10-08,10:20:59,00,";
var hq_str_sh603259="药明康德,85.850,86.700,85.930,87.870,85.830,85.930,85.960,2958663,257178460.000,1200,85.930,500,85.920,3100,85.910,1400,85.900,1000,85.890,800,85.960,1000,85.970,1500,86.000,900,86.040,900,86.100,2019-10-08,10:21:56,00,";
var hq_str_sh603259="药明康德,85.850,86.700,86.050,87.870,85.830,86.050,86.070,3016963,262189994.000,3000,86.050,100,86.010,30800,86.000,900,85.960,100,85.940,900,86.070,100,86.110,1200,86.170,2700,86.300,600,86.330,2019-10-08,10:22:56,00,";
var hq_str_sh603259="药明康德,85.850,86.700,85.610,87.870,85.560,85.610,85.620,3132079,272078912.000,3600,85.610,1600,85.600,700,85.580,400,85.560,1200,85.550,9700,85.620,300,85.690,200,85.710,200,85.800,5784,85.820,2019-10-08,10:23:56,00,";
var hq_str_sh603259="药明康德,85.850,86.700,85.530,87.870,85.340,85.530,85.590,3207179,278501812.000,900,85.530,2000,85.500,200,85.400,200,85.370,500,85.350,1800,85.590,10700,85.600,400,85.610,1400,85.620,5784,85.820,2019-10-08,10:24:56,00,";
var hq_str_sh603259="药明康德,85.850,86.700,85.520,87.870,85.340,85.520,85.560,3306479,286990988.000,10300,85.520,200,85.510,100,85.470,400,85.460,300,85.450,900,85.560,300,85.600,200,85.620,5600,85.650,5784,85.820,2019-10-08,10:25:56,00,";
var hq_str_sh603259="药明康德,85.850,86.700,85.460,87.870,85.260,85.460,85.500,3407755,295640636.000,2724,85.460,100,85.300,100,85.290,100,85.280,5700,85.260,10000,85.500,2140,85.560,300,85.590,5000,85.600,200,85.620,2019-10-08,10:26:56,00,";
var hq_str_sh603259="药明康德,85.850,86.700,85.210,87.870,85.160,85.180,85.210,3508979,304270379.000,300,85.180,5800,85.160,800,85.150,300,85.140,100,85.120,400,85.210,1800,85.250,5200,85.300,100,85.340,200,85.390,2019-10-08,10:27:56,00,";
var hq_str_sh603259="药明康德,85.850,86.700,85.240,87.870,85.100,85.240,85.270,3602779,312260832.000,6000,85.240,100,85.210,2500,85.190,4900,85.180,100,85.170,1200,85.270,500,85.310,1000,85.390,8000,85.400,800,85.460,2019-10-08,10:28:59,00,";
var hq_str_sh603259="药明康德,85.850,86.700,85.320,87.870,85.100,85.310,85.320,3639179,315368360.000,200,85.310,400,85.270,1300,85.260,7400,85.250,11500,85.240,100,85.320,1200,85.390,9080,85.400,500,85.430,200,85.450,2019-10-08,10:29:59,00,";
var hq_str_sh603259="药明康德,85.850,86.700,85.370,87.870,85.100,85.370,85.400,3716079,321931663.000,300,85.370,400,85.360,100,85.350,1300,85.330,4100,85.320,700,85.400,1200,85.470,1100,85.490,10000,85.500,400,85.560,2019-10-08,10:30:56,00,";
var hq_str_sh603259="药明康德,85.850,86.700,85.400,87.870,85.100,85.400,85.430,3750404,324864208.000,1875,85.400,2300,85.390,2000,85.380,600,85.370,1500,85.360,500,85.430,3900,85.450,2100,85.490,10100,85.500,400,85.560,2019-10-08,10:31:56,00,";
var hq_str_sh603259="药明康德,85.850,86.700,85.380,87.870,85.100,85.370,85.380,3781479,327518198.000,1000,85.370,200,85.360,1500,85.350,400,85.330,3500,85.320,100,85.380,800,85.400,100,85.420,300,85.450,1800,85.490,2019-10-08,10:32:56,00,";
var hq_str_sh603259="药明康德,85.850,86.700,85.180,87.870,85.100,85.180,85.240,3851679,333504957.000,500,85.180,1100,85.170,3500,85.150,100,85.140,12100,85.130,1300,85.240,4800,85.320,400,85.330,10000,85.350,200,85.360,2019-10-08,10:33:59,00,";
var hq_str_sh603259="药明康德,85.850,86.700,85.160,87.870,85.100,85.150,85.160,3891379,336886486.000,2400,85.150,800,85.140,2400,85.130,1900,85.120,8800,85.110,2300,85.160,1900,85.170,500,85.190,11000,85.200,1300,85.240,2019-10-08,10:34:59,00,";
var hq_str_sh603259="药明康德,85.850,86.700,84.880,87.870,84.880,84.880,84.890,3979779,344403233.000,2000,84.880,100,84.860,2500,84.840,1100,84.810,2800,84.800,400,84.890,6580,84.900,200,84.970,500,84.990,400,85.010,2019-10-08,10:35:56,00,";
var hq_str_sh603259="药明康德,85.850,86.700,84.640,87.870,84.580,84.560,84.640,4070179,352065510.000,1000,84.560,200,84.530,100,84.520,2600,84.510,6600,84.500,2800,84.640,4000,84.650,1800,84.660,20200,84.700,200,84.710,2019-10-08,10:36:59,00,";
var hq_str_sh603259="药明康德,85.850,86.700,84.500,87.870,84.410,84.500,84.520,4174747,360900386.000,1900,84.500,200,84.470,1000,84.460,2400,84.450,2400,84.430,3600,84.520,2600,84.640,200,84.650,900,84.660,6100,84.700,2019-10-08,10:37:56,00,";
var hq_str_sh603259="药明康德,85.850,86.700,84.690,87.870,84.410,84.690,84.700,4240347,366449723.000,500,84.690,2500,84.650,100,84.620,1700,84.610,12300,84.600,6000,84.700,5000,84.750,100,84.770,400,84.780,100,84.790,2019-10-08,10:38:59,00,";
var hq_str_sh603259="药明康德,85.850,86.700,84.820,87.870,84.410,84.840,84.860,4307947,372177453.000,200,84.840,1100,84.820,200,84.810,200,84.800,300,84.780,300,84.860,580,84.900,200,84.970,300,84.990,500,85.030,2019-10-08,10:39:59,00,";
var hq_str_sh603259="药明康德,85.850,86.700,85.020,87.870,84.410,85.020,85.060,4342527,375115187.000,4500,85.020,900,85.010,29000,85.000,700,84.990,400,84.950,400,85.060,2100,85.100,500,85.200,400,85.250,800,85.300,2019-10-08,10:40:56,00,";
var hq_str_sh603259="药明康德,85.850,86.700,85.130,87.870,84.410,85.090,85.190,4361127,376698806.000,1200,85.090,600,85.070,500,85.030,1000,85.020,500,85.010,400,85.190,3700,85.200,1100,85.250,2000,85.300,200,85.320,2019-10-08,10:41:56,00,";
var hq_str_sh603259="药明康德,85.850,86.700,85.370,87.870,84.410,85.360,85.370,4402031,380186309.000,1300,85.360,600,85.350,700,85.330,1600,85.300,100,85.190,200,85.370,1300,85.430,500,85.480,2700,85.490,10200,85.500,2019-10-08,10:42:56,00,";
var hq_str_sh603259="药明康德,85.850,86.700,85.300,87.870,84.410,85.300,85.320,4452031,384452198.000,2168,85.300,100,85.190,3600,85.140,1400,85.090,100,85.080,900,85.320,8700,85.350,900,85.430,400,85.490,5600,85.500,2019-10-08,10:43:56,00,";
var hq_str_sh603259="药明康德,85.850,86.700,85.070,87.870,84.410,85.060,85.070,4492799,387923398.000,1300,85.060,500,85.040,3400,85.030,1000,85.020,500,85.010,198,85.070,200,85.080,7632,85.100,1300,85.300,800,85.320,2019-10-08,10:44:56,00,";
var hq_str_sh603259="药明康德,85.850,86.700,84.900,87.870,84.410,84.880,84.900,4556099,393304861.000,100,84.880,1900,84.860,1100,84.850,1100,84.840,300,84.810,100,84.900,1500,84.950,300,84.990,9700,85.000,700,85.030,2019-10-08,10:45:56,00,";
var hq_str_sh603259="药明康德,85.850,86.700,84.850,87.870,84.410,84.850,84.860,4568799,394382395.000,300,84.850,100,84.830,100,84.820,600,84.810,3900,84.800,100,84.860,100,84.880,14900,85.000,700,85.030,100,85.070,2019-10-08,10:46:56,00,";
var hq_str_sh603259="药明康德,85.850,86.700,84.750,87.870,84.410,84.680,84.750,4620739,398784021.000,4160,84.680,1100,84.660,400,84.650,100,84.640,200,84.630,5941,84.750,500,84.760,1400,84.780,100,84.790,600,84.800,2019-10-08,10:47:56,00,";
var hq_str_sh603259="药明康德,85.850,86.700,84.620,87.870,84.410,84.620,84.650,4692997,404899195.000,400,84.620,502,84.600,400,84.580,1400,84.560,100,84.530,900,84.650,1300,84.660,1141,84.780,100,84.790,600,84.800,2019-10-08,10:48:59,00,";
var hq_str_sh603259="药明康德,85.850,86.700,84.560,87.870,84.410,84.530,84.560,4752999,409972947.000,300,84.530,1000,84.510,2600,84.500,1000,84.480,300,84.470,400,84.560,1340,84.570,5600,84.600,300,84.620,4900,84.700,2019-10-08,10:49:56,00,";
var hq_str_sh603259="药明康德,85.850,86.700,84.600,87.870,84.410,84.600,84.620,4795399,413559508.000,500,84.600,300,84.560,600,84.550,500,84.520,3000,84.510,1400,84.620,2600,84.630,2940,84.700,100,84.760,200,84.770,2019-10-08,10:50:56,00,";
var hq_str_sh603259="药明康德,85.850,86.700,84.510,87.870,84.410,84.490,84.510,4820099,415648043.000,300,84.490,1700,84.480,500,84.470,5700,84.460,16200,84.450,500,84.510,1200,84.520,400,84.540,4700,84.580,6600,84.600,2019-10-08,10:51:56,00,";
var hq_str_sh603259="药明康德,85.850,86.700,84.490,87.870,84.410,84.480,84.490,4853699,418488370.000,700,84.480,1500,84.470,7000,84.460,17900,84.450,1200,84.440,1800,84.490,26240,84.500,140,84.560,5400,84.580,6600,84.600,2019-10-08,10:52:56,00,";
var hq_str_sh603259="药明康德,85.850,86.700,84.810,87.870,84.410,84.810,84.980,4928539,424819027.000,900,84.810,1500,84.800,300,84.790,100,84.770,1000,84.710,1000,84.980,500,84.990,700,85.000,300,85.020,200,85.200,2019-10-08,10:53:59,00,";
var hq_str_sh603259="药明康德,85.850,86.700,84.960,87.870,84.410,84.960,84.970,4946939,426382334.000,1600,84.960,600,84.900,5100,84.820,700,84.810,100,84.800,500,84.970,15800,85.000,200,85.200,200,85.270,1300,85.300,2019-10-08,10:54:56,00,";
var hq_str_sh603259="药明康德,85.850,86.700,84.900,87.870,84.410,84.820,84.910,4958339,427350858.000,5100,84.820,1800,84.810,15000,84.800,300,84.790,100,84.770,200,84.910,400,84.930,1300,84.960,100,84.980,4300,84.990,2019-10-08,10:55:56,00,";
var hq_str_sh603259="药明康德,85.850,86.700,84.680,87.870,84.410,84.680,84.720,5000539,430930055.000,100,84.680,500,84.650,1000,84.620,50300,84.600,100,84.590,1200,84.720,100,84.750,2700,84.770,1300,84.790,5100,84.800,2019-10-08,10:56:56,00,";
var hq_str_sh603259="药明康德,85.850,86.700,84.840,87.870,84.410,84.830,84.840,5042239,434466823.000,2200,84.830,200,84.820,5800,84.800,100,84.760,200,84.740,700,84.840,700,84.870,3000,84.900,100,84.910,200,84.920,2019-10-08,10:57:59,00,";
var hq_str_sh603259="药明康德,85.850,86.700,84.830,87.870,84.410,84.800,84.820,5069682,436794601.000,557,84.800,100,84.760,200,84.740,100,84.700,400,84.690,1600,84.820,6900,84.830,3000,84.900,100,84.910,400,84.930,2019-10-08,10:58:56,00,";
var hq_str_sh603259="药明康德,85.850,86.700,84.650,87.870,84.410,84.660,84.670,5077739,437477151.000,300,84.660,3200,84.650,1500,84.620,23900,84.610,51100,84.600,400,84.670,1900,84.690,400,84.710,200,84.740,700,84.800,2019-10-08,10:59:59,00,";
var hq_str_sh603259="药明康德,85.850,86.700,84.500,87.870,84.410,84.490,84.500,5225839,450009267.000,700,84.490,700,84.480,1400,84.470,5200,84.460,16800,84.450,30200,84.500,900,84.570,1400,84.580,900,84.590,8020,84.600,2019-10-08,11:00:56,00,";
var hq_str_sh603259="药明康德,85.850,86.700,84.220,87.870,84.220,84.220,84.340,5349139,460419574.000,732,84.220,100,84.210,3900,84.200,100,84.190,300,84.180,1700,84.340,700,84.380,9520,84.400,300,84.420,1800,84.430,2019-10-08,11:01:56,00,";
var hq_str_sh603259="药明康德,85.850,86.700,84.130,87.870,84.000,84.060,84.130,5506849,473677873.000,1200,84.060,3500,84.050,300,84.040,6780,84.030,1300,84.020,1500,84.130,700,84.380,900,84.400,3200,84.470,15800,84.500,2019-10-08,11:02:59,00,";
var hq_str_sh603259="药明康德,85.850,86.700,84.210,87.870,84.000,84.210,84.300,5577649,479631213.000,1700,84.210,2500,84.120,600,84.080,11300,84.070,1300,84.060,1800,84.300,1500,84.400,2500,84.470,900,84.490,15800,84.500,2019-10-08,11:03:59,00,";
var hq_str_sh603259="药明康德,85.850,86.700,84.130,87.870,84.000,84.130,84.160,5630449,484073013.000,400,84.130,3700,84.120,8200,84.100,1000,84.090,2600,84.080,800,84.160,2200,84.210,1000,84.280,400,84.300,1000,84.400,2019-10-08,11:04:56,00,";
var hq_str_sh603259="药明康德,85.850,86.700,84.300,87.870,84.000,84.300,84.400,5647149,485479351.000,4500,84.300,3200,84.280,200,84.210,21900,84.200,5200,84.190,1500,84.400,100,84.410,2500,84.470,4500,84.480,400,84.490,2019-10-08,11:05:56,00,";
var hq_str_sh603259="药明康德,85.850,86.700,84.400,87.870,84.000,84.400,84.450,5703149,490206693.000,4700,84.400,200,84.380,200,84.360,100,84.350,300,84.330,2400,84.450,600,84.460,2100,84.470,4500,84.480,400,84.490,2019-10-08,11:06:59,00,";
var hq_str_sh603259="药明康德,85.850,86.700,84.360,87.870,84.000,84.360,84.380,5732185,492657638.000,1364,84.360,100,84.350,300,84.330,4900,84.300,200,84.280,1300,84.380,1000,84.400,800,84.410,4300,84.430,200,84.450,2019-10-08,11:07:56,00,";
var hq_str_sh603259="药明康德,85.850,86.700,84.400,87.870,84.000,84.410,84.450,5799085,498305111.000,800,84.410,500,84.400,300,84.380,1564,84.360,300,84.330,4000,84.450,300,84.460,4500,84.480,700,84.490,16100,84.500,2019-10-08,11:08:59,00,";
var hq_str_sh603259="药明康德,85.850,86.700,84.360,87.870,84.000,84.360,84.370,5838283,501613933.000,166,84.360,500,84.330,5400,84.300,200,84.280,400,84.240,100,84.370,1700,84.460,900,84.470,4500,84.480,700,84.490,2019-10-08,11:09:56,00,";
var hq_str_sh603259="药明康德,85.850,86.700,84.370,87.870,84.000,84.370,84.400,5899449,506772859.000,700,84.370,100,84.250,700,84.240,2100,84.230,600,84.220,300,84.400,5480,84.500,300,84.550,8420,84.600,2800,84.800,2019-10-08,11:10:56,00,";
var hq_str_sh603259="药明康德,85.850,86.700,84.470,87.870,84.000,84.470,84.590,5923209,508780310.000,100,84.470,100,84.410,8020,84.400,300,84.390,5000,84.280,6600,84.590,400,84.600,2800,84.800,300,84.810,6300,84.830,2019-10-08,11:11:56,00,";
var hq_str_sh603259="药明康德,85.850,86.700,84.380,87.870,84.000,84.370,84.450,5969669,512705150.000,100,84.370,200,84.300,5000,84.280,300,84.250,1300,84.240,800,84.450,1534,84.530,700,84.570,100,84.590,200,84.780,2019-10-08,11:12:56,00,";
var hq_str_sh603259="药明康德,85.850,86.700,84.280,87.870,84.000,84.280,84.360,6003269,515536671.000,2300,84.280,5000,84.240,15800,84.200,5000,84.190,1300,84.180,500,84.360,500,84.390,12700,84.400,300,84.460,1700,84.500,2019-10-08,11:13:56,00,";
var hq_str_sh603259="药明康德,85.850,86.700,84.340,87.870,84.000,84.340,84.400,6024169,517300119.000,3000,84.340,1400,84.330,200,84.310,9800,84.300,1200,84.280,6800,84.400,5700,84.500,2934,84.530,700,84.570,2700,84.590,2019-10-08,11:14:56,00,";
var hq_str_sh603259="药明康德,85.850,86.700,84.590,87.870,84.000,84.590,84.600,6061103,520420088.000,2800,84.590,4200,84.560,600,84.530,700,84.500,4600,84.480,100,84.600,300,84.660,200,84.780,1000,84.790,2200,84.800,2019-10-08,11:15:59,00,";
var hq_str_sh603259="药明康德,85.850,86.700,84.860,87.870,84.000,84.880,84.890,6088003,522701400.000,600,84.880,4200,84.860,3000,84.850,3400,84.840,700,84.830,1500,84.890,2500,84.900,100,84.910,400,84.930,300,84.950,2019-10-08,11:16:56,00,";
var hq_str_sh603259="药明康德,85.850,86.700,84.800,87.870,84.000,84.660,84.790,6124203,525774202.000,800,84.660,2600,84.600,300,84.590,500,84.500,700,84.440,300,84.790,400,84.800,600,84.810,200,84.820,2400,84.840,2019-10-08,11:17:56,00,";
var hq_str_sh603259="药明康德,85.850,86.700,84.730,87.870,84.000,84.740,84.750,6139103,527036131.000,1000,84.740,100,84.730,3600,84.700,300,84.690,1100,84.670,400,84.750,400,84.800,600,84.810,3600,84.870,200,84.880,2019-10-08,11:18:59,00,";
var hq_str_sh603259="药明康德,85.850,86.700,84.660,87.870,84.000,84.660,84.750,6186103,531015409.000,3300,84.660,1000,84.640,8200,84.630,1000,84.600,100,84.590,600,84.750,3700,84.760,5000,84.770,1700,84.800,2200,84.810,2019-10-08,11:19:56,00,";
var hq_str_sh603259="药明康德,85.850,86.700,84.730,87.870,84.000,84.730,84.740,6257706,537081839.000,700,84.730,10000,84.710,997,84.700,10000,84.670,7800,84.630,1800,84.740,1700,84.800,2200,84.810,2600,84.850,3600,84.870,2019-10-08,11:20:59,00,";
var hq_str_sh603259="药明康德,85.850,86.700,84.800,87.870,84.000,84.800,84.810,6319206,542295413.000,100,84.800,100,84.780,400,84.770,5700,84.750,13800,84.710,1600,84.810,900,84.830,4500,84.870,100,84.880,800,84.900,2019-10-08,11:21:56,00,";
var hq_str_sh603259="药明康德,85.850,86.700,84.900,87.870,84.000,84.900,84.910,6346206,544586911.000,1800,84.900,200,84.880,200,84.870,500,84.850,700,84.840,8300,84.910,10000,84.980,4700,84.990,19600,85.000,1000,85.150,2019-10-08,11:22:56,00,";
var hq_str_sh603259="药明康德,85.850,86.700,84.830,87.870,84.000,84.820,84.830,6371906,546767769.000,5300,84.820,600,84.810,8300,84.800,200,84.750,200,84.720,300,84.830,200,84.840,4300,84.860,200,84.880,700,84.900,2019-10-08,11:23:59,00,";
var hq_str_sh603259="药明康德,85.850,86.700,84.840,87.870,84.000,84.840,84.850,6382546,547670522.000,100,84.840,4700,84.820,500,84.810,13300,84.800,4200,84.720,2700,84.850,1400,84.860,200,84.880,700,84.900,2100,84.970,2019-10-08,11:24:56,00,";
var hq_str_sh603259="药明康德,85.850,86.700,84.890,87.870,84.000,84.890,84.900,6397846,548969021.000,8700,84.890,100,84.870,15000,84.860,100,84.820,500,84.810,1000,84.900,2100,84.970,10000,84.980,4700,84.990,19600,85.000,2019-10-08,11:25:59,00,";
var hq_str_sh603259="药明康德,85.850,86.700,84.960,87.870,84.000,84.950,84.960,6413146,550268040.000,1100,84.950,12000,84.900,300,84.890,1800,84.880,1700,84.860,700,84.960,3400,84.970,10000,84.980,5700,84.990,19600,85.000,2019-10-08,11:26:56,00,";
var hq_str_sh603259="药明康德,85.850,86.700,84.850,87.870,84.000,84.850,84.860,6452046,553571343.000,100,84.850,200,84.820,500,84.810,13400,84.800,997,84.700,900,84.860,1840,84.880,200,84.890,3500,84.900,9960,84.930,2019-10-08,11:27:59,00,";
var hq_str_sh603259="药明康德,85.850,86.700,84.860,87.870,84.000,84.860,84.880,6464346,554615112.000,900,84.860,4300,84.850,100,84.820,500,84.810,13400,84.800,1440,84.880,3500,84.900,9960,84.930,3900,84.980,5700,84.990,2019-10-08,11:28:56,00,";
var hq_str_sh603259="药明康德,85.850,86.700,84.890,87.870,84.000,84.850,84.880,6476246,555625155.000,2400,84.850,100,84.840,100,84.820,500,84.810,13400,84.800,400,84.880,100,84.890,2040,84.900,9960,84.930,3900,84.980,2019-10-08,11:29:59,00,";
var hq_str_sh603259="药明康德,85.850,86.700,84.890,87.870,84.000,84.850,84.880,6476246,555625155.000,2400,84.850,100,84.840,100,84.820,500,84.810,13400,84.800,400,84.880,100,84.890,2040,84.900,9960,84.930,3900,84.980,2019-10-08,11:30:00,00,";
var hq_str_sh603259="药明康德,85.850,86.700,84.700,87.870,84.000,84.700,84.740,6569946,563575932.000,1997,84.700,10000,84.670,100,84.660,7800,84.630,2100,84.600,1500,84.740,900,84.800,900,84.810,8440,84.850,300,84.870,2019-10-08,13:00:57,00,";
var hq_str_sh603259="药明康德,85.850,86.700,85.030,87.870,84.000,85.030,85.180,6609786,566958515.000,100,85.030,100,85.000,400,84.950,1100,84.930,2200,84.920,200,85.180,1000,85.190,20200,85.200,200,85.280,2400,85.300,2019-10-08,13:01:57,00,";
var hq_str_sh603259="药明康德,85.850,86.700,85.200,87.870,84.000,85.200,85.280,6649086,570306434.000,3700,85.200,1200,85.180,400,85.170,200,85.150,100,85.140,600,85.280,1400,85.300,300,85.320,500,85.340,3000,85.350,2019-10-08,13:02:57,00,";
var hq_str_sh603259="药明康德,85.850,86.700,85.580,87.870,84.000,85.550,85.580,6685086,573381201.000,1000,85.550,400,85.540,4000,85.490,100,85.410,100,85.390,2400,85.580,1000,85.590,1200,85.600,1600,85.630,100,85.640,2019-10-08,13:03:57,00,";
var hq_str_sh603259="药明康德,85.850,86.700,85.600,87.870,84.000,85.600,85.650,6747486,578723839.000,4600,85.600,200,85.570,3000,85.540,300,85.500,4000,85.490,2000,85.650,300,85.670,1100,85.680,1100,85.700,300,85.730,2019-10-08,13:04:57,00,";
var hq_str_sh603259="药明康德,85.850,86.700,85.490,87.870,84.000,85.480,85.490,6765586,580272912.000,1200,85.480,100,85.410,1500,85.350,100,85.300,900,85.290,900,85.490,1100,85.500,700,85.550,4400,85.560,100,85.570,2019-10-08,13:05:57,00,";
var hq_str_sh603259="药明康德,85.850,86.700,85.400,87.870,84.000,85.320,85.400,6793586,582664785.000,500,85.320,800,85.290,200,85.200,200,85.180,200,85.150,12200,85.400,400,85.500,100,85.540,300,85.550,2800,85.560,2019-10-08,13:06:56,00,";
var hq_str_sh603259="药明康德,85.850,86.700,85.310,87.870,84.000,85.310,85.320,6818986,584832249.000,2300,85.310,200,85.290,100,85.280,200,85.260,100,85.250,300,85.320,5800,85.350,300,85.370,5700,85.400,6600,85.500,2019-10-08,13:07:57,00,";
var hq_str_sh603259="药明康德,85.850,86.700,85.400,87.870,84.000,85.330,85.400,6839086,586547387.000,500,85.330,2100,85.320,400,85.160,700,85.150,100,85.050,4800,85.400,6300,85.500,100,85.540,2700,85.560,1420,85.600,2019-10-08,13:08:57,00,";
var hq_str_sh603259="药明康德,85.850,86.700,85.180,87.870,84.000,85.180,85.230,6850186,587494397.000,1500,85.180,100,85.170,100,85.150,100,85.050,100,85.010,600,85.230,300,85.310,600,85.350,400,85.390,4800,85.400,2019-10-08,13:09:57,00,";
var hq_str_sh603259="药明康德,85.850,86.700,85.320,87.870,84.000,85.210,85.320,6868386,589046354.000,300,85.210,1700,85.180,2200,85.030,1500,85.000,400,84.880,200,85.320,300,85.340,2700,85.350,200,85.390,400,85.400,2019-10-08,13:10:57,00,";
var hq_str_sh603259="药明康德,85.850,86.700,85.320,87.870,84.000,85.320,85.340,6894386,591261970.000,29000,85.320,1600,85.090,1400,85.080,100,85.060,300,85.030,300,85.340,2500,85.350,200,85.390,400,85.400,700,85.500,2019-10-08,13:11:57,00,";
var hq_str_sh603259="药明康德,85.850,86.700,85.380,87.870,84.000,85.380,85.400,6926486,594002672.000,400,85.380,1500,85.350,30800,85.320,200,85.310,700,85.270,23000,85.400,100,85.420,100,85.440,16300,85.500,900,85.540,2019-10-08,13:12:57,00,";
var hq_str_sh603259="药明康德,85.850,86.700,85.350,87.870,84.000,85.320,85.350,6936086,594822281.000,32100,85.320,200,85.310,300,85.120,2300,85.100,700,85.040,700,85.350,100,85.380,10400,85.390,21800,85.400,100,85.440,2019-10-08,13:13:57,00,";
var hq_str_sh603259="药明康德,85.850,86.700,85.320,87.870,84.000,85.320,85.350,6965346,597319391.000,29940,85.320,200,85.310,100,85.120,2300,85.100,700,85.040,6200,85.350,2700,85.380,10100,85.390,14400,85.400,200,85.490,2019-10-08,13:15:00,00,";
var hq_str_sh603259="药明康德,85.850,86.700,85.150,87.870,84.000,85.160,85.220,7008746,601022265.000,1400,85.160,1200,85.150,100,85.140,100,85.130,2100,85.120,500,85.220,7100,85.290,1500,85.320,2700,85.380,10100,85.390,2019-10-08,13:15:57,00,";
var hq_str_sh603259="药明康德,85.850,86.700,85.130,87.870,84.000,85.100,85.130,7027746,602640072.000,2000,85.100,1100,85.040,1400,85.000,200,84.900,400,84.880,200,85.130,3600,85.140,700,85.160,360,85.180,100,85.260,2019-10-08,13:16:57,00,";
var hq_str_sh603259="药明康德,85.850,86.700,85.100,87.870,84.000,85.070,85.090,7042546,603900288.000,1500,85.070,100,85.060,900,85.040,2100,85.000,300,84.900,500,85.090,100,85.100,300,85.160,1800,85.180,700,85.210,2019-10-08,13:17:57,00,";
var hq_str_sh603259="药明康德,85.850,86.700,84.950,87.870,84.000,84.880,84.950,7063546,605686027.000,300,84.880,2500,84.810,2600,84.800,600,84.770,100,84.750,100,84.950,600,85.030,600,85.040,21612,85.050,200,85.130,2019-10-08,13:18:57,00,";
var hq_str_sh603259="药明康德,85.850,86.700,84.810,87.870,84.000,84.740,84.880,7122758,610709170.000,8288,84.740,200,84.700,10000,84.670,100,84.640,7800,84.630,1700,84.880,2100,84.890,200,85.020,100,85.030,100,85.040,2019-10-08,13:19:57,00,";
var hq_str_sh603259="药明康德,85.850,86.700,84.830,87.870,84.000,84.830,84.860,7202658,617482999.000,400,84.830,200,84.770,5000,84.760,100,84.750,200,84.720,1560,84.860,200,84.890,12900,85.000,100,85.030,1000,85.040,2019-10-08,13:21:00,00,";
var hq_str_sh603259="药明康德,85.850,86.700,85.040,87.870,84.000,85.060,85.130,7233418,620096385.000,3100,85.060,1000,85.030,100,85.010,14800,85.000,300,84.920,1200,85.130,100,85.140,1600,85.180,200,85.290,1000,85.380,2019-10-08,13:21:57,00,";
var hq_str_sh603259="药明康德,85.850,86.700,85.270,87.870,84.000,85.270,85.280,7252818,621749017.000,1500,85.270,700,85.260,200,85.250,1500,85.240,100,85.230,2300,85.280,200,85.290,6800,85.300,700,85.350,1500,85.380,2019-10-08,13:23:00,00,";
var hq_str_sh603259="药明康德,85.850,86.700,85.030,87.870,84.000,85.030,85.080,7278218,623912265.000,2900,85.030,15200,85.000,100,84.880,140,84.860,100,84.830,100,85.080,1600,85.110,1800,85.120,1100,85.150,100,85.190,2019-10-08,13:23:57,00,";
var hq_str_sh603259="药明康德,85.850,86.700,84.810,87.870,84.000,84.800,84.810,7313258,626891201.000,600,84.800,5000,84.760,100,84.750,200,84.710,200,84.690,200,84.810,760,84.830,500,84.910,1400,84.970,2500,85.000,2019-10-08,13:24:57,00,";
var hq_str_sh603259="药明康德,85.850,86.700,84.870,87.870,84.000,84.870,84.950,7332158,628495423.000,200,84.870,1400,84.860,100,84.800,200,84.770,1800,84.760,100,84.950,600,84.960,6500,85.000,200,85.040,200,85.060,2019-10-08,13:25:57,00,";
var hq_str_sh603259="药明康德,85.850,86.700,84.840,87.870,84.000,84.860,84.890,7348818,629910043.000,100,84.860,100,84.840,1000,84.830,400,84.800,300,84.770,100,84.890,200,84.920,100,84.960,100,84.990,6500,85.000,2019-10-08,13:26:57,00,";
var hq_str_sh603259="药明康德,85.850,86.700,84.980,87.870,84.000,84.950,84.990,7365618,631337465.000,1400,84.950,200,84.920,300,84.830,200,84.800,200,84.770,1600,84.990,3100,85.000,900,85.120,100,85.160,200,85.200,2019-10-08,13:27:57,00,";
var hq_str_sh603259="药明康德,85.850,86.700,85.110,87.870,84.000,85.110,85.120,7384218,632919025.000,300,85.110,100,85.000,20000,84.990,1300,84.950,300,84.800,1100,85.120,200,85.200,200,85.250,1300,85.290,100,85.300,2019-10-08,13:28:57,00,";
var hq_str_sh603259="药明康德,85.850,86.700,84.950,87.870,84.000,84.950,84.960,7416618,635673580.000,400,84.950,700,84.800,200,84.770,1800,84.760,200,84.750,1600,84.960,7900,84.990,200,85.000,500,85.100,10000,85.180,2019-10-08,13:29:57,00,";
var hq_str_sh603259="药明康德,85.850,86.700,84.700,87.870,84.000,84.680,84.700,7433818,637131085.000,700,84.680,6888,84.670,100,84.640,7800,84.630,100,84.620,300,84.700,1300,84.720,1700,84.760,200,84.930,11500,84.990,2019-10-08,13:30:57,00,";
var hq_str_sh603259="药明康德,85.850,86.700,84.700,87.870,84.000,84.700,84.720,7469918,640186727.000,4188,84.700,100,84.680,200,84.630,3500,84.580,4600,84.510,500,84.720,900,84.750,900,84.810,180,84.930,2000,84.950,2019-10-08,13:31:57,00,";
var hq_str_sh603259="药明康德,85.850,86.700,84.610,87.870,84.000,84.610,84.620,7500206,642749941.000,1700,84.610,4700,84.600,4500,84.590,1700,84.580,100,84.520,500,84.620,700,84.630,400,84.650,5012,84.700,180,84.930,2019-10-08,13:32:57,00,";
var hq_str_sh603259="药明康德,85.850,86.700,84.600,87.870,84.000,84.600,84.610,7523906,644754998.000,4100,84.600,2600,84.590,500,84.580,800,84.520,3300,84.510,4700,84.610,1000,84.650,5012,84.700,480,84.930,1100,84.980,2019-10-08,13:33:57,00,";
var hq_str_sh603259="药明康德,85.850,86.700,84.580,87.870,84.000,84.580,84.590,7559806,647792022.000,500,84.580,100,84.550,300,84.530,800,84.520,1500,84.510,3400,84.590,100,84.600,1112,84.700,2100,84.920,480,84.930,2019-10-08,13:34:57,00,";
var hq_str_sh603259="药明康德,85.850,86.700,84.340,87.870,84.000,84.340,84.350,7612706,652260811.000,100,84.340,200,84.330,100,84.320,100,84.310,1800,84.300,1300,84.350,1500,84.400,100,84.440,1000,84.500,4300,84.510,2019-10-08,13:36:00,00,";
var hq_str_sh603259="药明康德,85.850,86.700,84.410,87.870,84.000,84.410,84.420,7664906,656663447.000,600,84.410,300,84.320,4200,84.310,10100,84.300,100,84.290,900,84.420,500,84.440,400,84.500,200,84.510,100,84.520,2019-10-08,13:36:57,00,";
var hq_str_sh603259="药明康德,85.850,86.700,84.350,87.870,84.000,84.350,84.400,7689706,658755178.000,2800,84.350,1700,84.330,2700,84.320,4300,84.310,10600,84.300,4500,84.400,100,84.410,500,84.440,400,84.500,200,84.510,2019-10-08,13:37:57,00,";
var hq_str_sh603259="药明康德,85.850,86.700,84.400,87.870,84.000,84.360,84.370,7709706,660442507.000,100,84.360,2600,84.350,1500,84.330,2800,84.320,2800,84.310,200,84.370,40,84.400,100,84.410,500,84.440,400,84.500,2019-10-08,13:38:57,00,";
var hq_str_sh603259="药明康德,85.850,86.700,84.200,87.870,84.000,84.200,84.240,7780806,666435146.000,4800,84.200,5000,84.190,2100,84.180,700,84.170,300,84.160,700,84.240,100,84.250,3100,84.270,500,84.280,8100,84.300,2019-10-08,13:39:57,00,";
var hq_str_sh603259="药明康德,85.850,86.700,84.030,87.870,84.000,84.030,84.050,7888406,675485378.000,800,84.030,2700,84.020,21200,84.010,29142,84.000,200,83.990,3413,84.050,2100,84.100,100,84.150,1400,84.180,600,84.210,2019-10-08,13:40:57,00,";
var hq_str_sh603259="药明康德,85.850,86.700,83.820,87.870,83.820,83.820,83.860,8017148,686297523.000,100,83.820,500,83.810,4900,83.800,100,83.790,100,83.750,4000,83.860,500,83.870,6700,83.880,1800,83.890,300,83.920,2019-10-08,13:41:57,00,";
var hq_str_sh603259="药明康德,85.850,86.700,83.790,87.870,83.660,83.790,83.800,8104843,693642584.000,3000,83.790,100,83.750,300,83.740,4100,83.720,6340,83.710,1000,83.800,100,83.810,600,83.860,900,83.880,1800,83.890,2019-10-08,13:42:57,00,";
var hq_str_sh603259="药明康德,85.850,86.700,83.820,87.870,83.660,83.820,83.900,8158543,698143942.000,3900,83.820,100,83.790,500,83.760,100,83.740,3000,83.730,1300,83.900,360,84.000,100,84.020,200,84.040,9600,84.090,2019-10-08,13:43:57,00,";
var hq_str_sh603259="药明康德,85.850,86.700,83.910,87.870,83.660,83.910,83.950,8176843,699678659.000,3200,83.910,200,83.900,1100,83.890,1200,83.870,700,83.860,200,83.950,7260,84.000,100,84.020,300,84.040,1000,84.080,2019-10-08,13:44:57,00,";
var hq_str_sh603259="药明康德,85.850,86.700,83.840,87.870,83.660,83.840,83.910,8212943,702706586.000,1300,83.840,1500,83.830,6500,83.820,400,83.810,2100,83.800,100,83.910,100,83.990,3260,84.000,100,84.020,300,84.040,2019-10-08,13:45:57,00,";
var hq_str_sh603259="药明康德,85.850,86.700,84.000,87.870,83.660,84.000,84.020,8225303,703744131.000,240,84.000,1000,83.960,200,83.950,1500,83.930,1200,83.920,100,84.020,300,84.040,1000,84.080,100,84.090,2500,84.100,2019-10-08,13:46:57,00,";
var hq_str_sh603259="药明康德,85.850,86.700,84.080,87.870,83.660,84.040,84.080,8235183,704574265.000,100,84.040,1200,84.010,2160,84.000,100,83.980,700,83.960,860,84.080,600,84.090,2500,84.100,200,84.110,100,84.170,2019-10-08,13:47:57,00,";
var hq_str_sh603259="药明康德,85.850,86.700,84.000,87.870,83.660,83.990,84.000,8253543,706116582.000,200,83.990,300,83.980,100,83.970,1900,83.960,17500,83.950,300,84.000,500,84.010,280,84.030,860,84.080,700,84.090,2019-10-08,13:48:57,00,";
var hq_str_sh603259="药明康德,85.850,86.700,84.000,87.870,83.660,84.000,84.010,8272323,707694107.000,200,84.000,1920,83.990,1900,83.980,800,83.960,17700,83.950,1800,84.010,300,84.030,3860,84.080,1500,84.090,2500,84.100,2019-10-08,13:49:57,00,";
var hq_str_sh603259="药明康德,85.850,86.700,83.850,87.870,83.660,83.850,83.870,8312224,711043714.000,2500,83.850,200,83.840,10900,83.830,6500,83.820,300,83.810,1500,83.870,300,83.900,100,83.930,300,83.950,100,83.980,2019-10-08,13:50:57,00,";
var hq_str_sh603259="药明康德,85.850,86.700,83.850,87.870,83.660,83.840,83.850,8362526,715260933.000,300,83.840,3791,83.830,1200,83.820,300,83.810,3400,83.800,300,83.850,1300,83.860,300,83.900,300,83.950,300,84.000,2019-10-08,13:51:57,00,";
var hq_str_sh603259="药明康德,85.850,86.700,84.000,87.870,83.660,83.950,83.970,8380426,716762872.000,2700,83.950,1500,83.900,200,83.870,5000,83.860,1900,83.850,700,83.970,400,83.990,2900,84.000,1400,84.030,860,84.080,2019-10-08,13:52:57,00,";
var hq_str_sh603259="药明康德,85.850,86.700,84.000,87.870,83.660,84.000,84.010,8403909,718735268.000,22100,84.000,3700,83.990,1500,83.960,1217,83.950,300,83.900,500,84.010,500,84.030,1260,84.080,100,84.090,1300,84.100,2019-10-08,13:53:57,00,";
var hq_str_sh603259="药明康德,85.850,86.700,83.860,87.870,83.660,83.900,83.960,8443309,722044566.000,100,83.900,4200,83.860,900,83.850,600,83.840,2100,83.830,1300,83.960,3368,83.990,300,84.030,1260,84.080,100,84.090,2019-10-08,13:54:57,00,";
var hq_str_sh603259="药明康德,85.850,86.700,83.870,87.870,83.660,83.860,83.870,8459012,723362000.000,3997,83.860,1400,83.850,600,83.840,2100,83.830,1100,83.820,100,83.870,600,83.960,200,83.970,400,84.000,500,84.010,2019-10-08,13:55:57,00,";
var hq_str_sh603259="药明康德,85.850,86.700,83.750,87.870,83.660,83.750,83.760,8493809,726278221.000,800,83.750,400,83.740,2500,83.720,900,83.710,6300,83.700,1500,83.760,500,83.770,2300,83.840,1000,83.860,100,83.870,2019-10-08,13:56:57,00,";
var hq_str_sh603259="药明康德,85.850,86.700,83.580,87.870,83.580,83.580,83.590,8540874,730216448.000,300,83.580,500,83.560,100,83.550,300,83.530,1000,83.520,1600,83.590,1300,83.600,300,83.680,6000,83.730,400,83.750,2019-10-08,13:57:57,00,";
var hq_str_sh603259="药明康德,85.850,86.700,83.380,87.870,83.370,83.360,83.380,8664974,740578067.000,800,83.360,1800,83.350,100,83.340,4500,83.330,300,83.310,1400,83.380,2200,83.390,1100,83.400,1000,83.410,400,83.490,2019-10-08,13:58:57,00,";
var hq_str_sh603259="药明康德,85.850,86.700,83.300,87.870,83.260,83.300,83.310,8748667,747550342.000,600,83.300,5000,83.270,11607,83.260,2600,83.250,200,83.240,2000,83.310,200,83.320,300,83.350,100,83.380,500,83.390,2019-10-08,13:59:57,00,";
var hq_str_sh603259="药明康德,85.850,86.700,83.510,87.870,83.260,83.430,83.490,8803587,752127915.000,700,83.430,800,83.410,2100,83.400,500,83.390,2200,83.380,100,83.490,196,83.510,400,83.550,1000,83.590,200,83.680,2019-10-08,14:00:57,00,";
var hq_str_sh603259="药明康德,85.850,86.700,83.870,87.870,83.260,83.870,83.980,8879312,758478024.000,776,83.870,1300,83.850,600,83.800,300,83.760,600,83.690,300,83.980,1000,84.010,960,84.080,100,84.090,1300,84.100,2019-10-08,14:01:57,00,";
var hq_str_sh603259="药明康德,85.850,86.700,84.180,87.870,83.260,84.180,84.250,8902672,760440242.000,1200,84.180,200,84.160,200,84.120,400,84.110,400,84.100,300,84.250,1000,84.270,200,84.280,200,84.380,500,84.440,2019-10-08,14:02:57,00,";
var hq_str_sh603259="药明康德,85.850,86.700,84.090,87.870,83.260,84.090,84.100,8951050,764509605.000,222,84.090,1700,84.080,600,84.010,28700,84.000,200,83.980,12100,84.100,3400,84.110,6500,84.130,1000,84.160,2700,84.180,2019-10-08,14:03:57,00,";
var hq_str_sh603259="药明康德,85.850,86.700,83.860,87.870,83.260,83.710,83.860,9003287,768893414.000,1500,83.710,5400,83.690,500,83.680,100,83.660,100,83.600,400,83.860,2000,83.870,100,83.950,700,83.960,500,83.970,2019-10-08,14:04:57,00,";
var hq_str_sh603259="药明康德,85.850,86.700,83.650,87.870,83.260,83.650,83.670,9046772,772531600.000,400,83.650,500,83.640,3200,83.630,900,83.600,5300,83.580,400,83.670,120,83.850,400,83.860,100,83.950,700,83.960,2019-10-08,14:05:57,00,";
var hq_str_sh603259="药明康德,85.850,86.700,83.690,87.870,83.260,83.690,83.850,9059172,773568867.000,2000,83.690,1000,83.660,1300,83.650,3400,83.640,3900,83.630,120,83.850,100,83.950,700,83.960,600,83.980,4000,84.000,2019-10-08,14:06:57,00,";
var hq_str_sh603259="药明康德,85.850,86.700,83.640,87.870,83.260,83.640,83.670,9092972,776397806.000,1300,83.640,4700,83.630,1300,83.600,5300,83.580,600,83.560,4200,83.670,140,83.770,1900,83.820,20,83.850,700,83.950,2019-10-08,14:07:57,00,";
var hq_str_sh603259="药明康德,85.850,86.700,83.500,87.870,83.260,83.500,83.520,9152952,781407127.000,9860,83.500,800,83.420,500,83.410,1960,83.400,500,83.390,400,83.520,300,83.550,8640,83.570,1000,83.640,4000,83.670,2019-10-08,14:08:57,00,";
var hq_str_sh603259="药明康德,85.850,86.700,83.550,87.870,83.260,83.550,83.560,9198992,785254335.000,300,83.550,4300,83.540,5800,83.530,1700,83.520,600,83.510,400,83.560,600,83.570,1100,83.600,100,83.700,100,83.770,2019-10-08,14:09:57,00,";
var hq_str_sh603259="药明康德,85.850,86.700,83.710,87.870,83.260,83.710,83.730,9215672,786649043.000,300,83.710,3120,83.700,3100,83.600,3000,83.570,500,83.550,400,83.730,100,83.770,200,83.790,5100,83.800,1900,83.820,2019-10-08,14:10:57,00,";
var hq_str_sh603259="药明康德,85.850,86.700,83.620,87.870,83.260,83.620,83.650,9238292,788541746.000,1000,83.620,2200,83.610,4100,83.600,3000,83.570,1100,83.550,12600,83.650,820,83.690,8080,83.700,600,83.710,100,83.770,2019-10-08,14:11:57,00,";
var hq_str_sh603259="药明康德,85.850,86.700,83.600,87.870,83.260,83.560,83.600,9331632,796344530.000,3000,83.560,300,83.540,200,83.530,7430,83.500,100,83.480,100,83.600,820,83.690,8080,83.700,100,83.770,1200,83.790,2019-10-08,14:12:57,00,";
var hq_str_sh603259="药明康德,85.850,86.700,83.690,87.870,83.260,83.690,83.700,9360592,798765524.000,100,83.690,2320,83.600,100,83.550,100,83.530,400,83.510,2500,83.700,100,83.770,1100,83.790,5100,83.800,1900,83.820,2019-10-08,14:13:57,00,";
var hq_str_sh603259="药明康德,85.850,86.700,83.530,87.870,83.260,83.530,83.550,9380312,800414341.000,400,83.530,1700,83.520,2900,83.510,8550,83.500,100,83.480,7200,83.550,400,83.620,800,83.630,3400,83.650,1800,83.690,2019-10-08,14:14:57,00,";
var hq_str_sh603259="药明康德,85.850,86.700,83.580,87.870,83.260,83.580,83.620,9423792,804047729.000,200,83.580,200,83.570,1000,83.560,5700,83.550,1120,83.540,300,83.620,1800,83.690,2500,83.700,100,83.770,1100,83.790,2019-10-08,14:15:57,00,";
var hq_str_sh603259="药明康德,85.850,86.700,83.620,87.870,83.260,83.610,83.620,9437792,805218070.000,1900,83.610,1700,83.600,2200,83.590,1000,83.570,200,83.560,3500,83.620,900,83.690,2500,83.700,200,83.770,1100,83.790,2019-10-08,14:16:57,00,";
var hq_str_sh603259="药明康德,85.850,86.700,83.630,87.870,83.260,83.630,83.690,9450392,806271732.000,400,83.630,1800,83.610,2900,83.600,2200,83.590,1000,83.570,2200,83.690,1900,83.700,200,83.770,1100,83.790,5100,83.800,2019-10-08,14:17:57,00,";
var hq_str_sh603259="药明康德,85.850,86.700,83.630,87.870,83.260,83.630,83.640,9467832,807730545.000,160,83.630,100,83.620,4100,83.610,2000,83.600,5200,83.590,900,83.640,2100,83.650,200,83.660,700,83.680,1100,83.690,2019-10-08,14:19:00,00,";
var hq_str_sh603259="药明康德,85.850,86.700,83.650,87.870,83.260,83.650,83.660,9519701,812068375.000,620,83.650,200,83.630,1900,83.600,3571,83.590,100,83.580,400,83.660,700,83.680,500,83.690,1900,83.700,100,83.770,2019-10-08,14:19:57,00,";
var hq_str_sh603259="药明康德,85.850,86.700,83.830,87.870,83.260,83.830,83.900,9555940,815104151.000,1600,83.830,5761,83.800,2200,83.790,3800,83.770,200,83.730,1500,83.900,5600,83.950,300,83.980,1500,83.990,3100,84.000,2019-10-08,14:21:00,00,";
var hq_str_sh603259="药明康德,85.850,86.700,84.060,87.870,83.260,84.050,84.060,9579240,817060688.000,3000,84.050,2000,84.040,1000,84.010,6200,84.000,100,83.970,100,84.060,100,84.080,4900,84.090,6378,84.100,800,84.130,2019-10-08,14:21:57,00,";
var hq_str_sh603259="药明康德,85.850,86.700,84.080,87.870,83.260,84.080,84.100,9631644,821465531.000,200,84.080,15496,84.050,200,84.020,200,84.010,5800,84.000,8578,84.100,800,84.130,300,84.140,300,84.180,100,84.190,2019-10-08,14:22:57,00,";
var hq_str_sh603259="药明康德,85.850,86.700,84.130,87.870,83.260,84.130,84.160,9651822,823162553.000,1600,84.130,100,84.100,1100,84.090,14296,84.050,200,84.020,300,84.160,700,84.200,700,84.220,400,84.230,5100,84.240,2019-10-08,14:23:57,00,";
var hq_str_sh603259="药明康德,85.850,86.700,84.050,87.870,83.260,84.050,84.200,9689522,826336752.000,9996,84.050,200,84.020,200,84.010,800,84.000,100,83.900,400,84.200,1900,84.210,100,84.230,920,84.270,200,84.280,2019-10-08,14:24:57,00,";
var hq_str_sh603259="药明康德,85.850,86.700,84.200,87.870,83.260,84.190,84.200,9735042,830169897.000,100,84.190,2700,84.170,10396,84.050,200,84.020,200,84.010,2300,84.200,300,84.240,800,84.280,2880,84.290,4900,84.300,2019-10-08,14:25:57,00,";
var hq_str_sh603259="药明康德,85.850,86.700,84.000,87.870,83.260,84.000,84.020,9793162,835059655.000,100,84.000,4137,83.800,200,83.770,17200,83.700,3000,83.660,300,84.020,97800,84.050,900,84.190,24340,84.200,200,84.230,2019-10-08,14:26:57,00,";
var hq_str_sh603259="药明康德,85.850,86.700,83.740,87.870,83.260,83.740,83.760,9813479,836761845.000,200,83.740,2700,83.730,1000,83.710,13520,83.700,3000,83.660,100,83.760,1900,83.770,100,83.790,89063,83.800,300,83.830,2019-10-08,14:27:57,00,";
var hq_str_sh603259="药明康德,85.850,86.700,83.730,87.870,83.260,83.710,83.730,9827579,837942503.000,3600,83.710,14020,83.700,3000,83.660,300,83.650,200,83.630,200,83.730,88800,83.740,1600,83.770,4900,83.780,100,83.790,2019-10-08,14:28:57,00,";
var hq_str_sh603259="药明康德,85.850,86.700,83.530,87.870,83.260,83.530,83.540,9879790,842308617.000,4200,83.530,200,83.520,1400,83.510,6350,83.500,500,83.480,89200,83.540,4529,83.550,6800,83.590,1200,83.650,2180,83.660,2019-10-08,14:29:57,00,";
var hq_str_sh603259="药明康德,85.850,86.700,83.600,87.870,83.260,83.600,83.680,10031462,854982943.000,1257,83.600,1100,83.590,100,83.580,100,83.560,2100,83.550,800,83.680,400,83.710,1000,83.730,200,83.740,800,83.770,2019-10-08,14:30:57,00,";
var hq_str_sh603259="药明康德,85.850,86.700,84.080,87.870,83.260,84.080,84.170,10050362,856568357.000,800,84.080,500,84.020,700,84.000,1700,83.990,1600,83.830,1000,84.170,1040,84.200,900,84.280,2680,84.290,5000,84.300,2019-10-08,14:31:57,00,";
var hq_str_sh603259="药明康德,85.850,86.700,84.200,87.870,83.260,84.170,84.200,10064262,857738400.000,600,84.170,1700,84.100,200,84.090,700,84.080,400,84.000,2840,84.200,200,84.210,700,84.270,1900,84.280,2780,84.290,2019-10-08,14:32:57,00,";
var hq_str_sh603259="药明康德,85.850,86.700,84.180,87.870,83.260,84.180,84.200,10078182,858910286.000,720,84.180,3800,84.170,200,84.130,700,84.100,200,84.090,2300,84.200,2100,84.210,1100,84.220,3700,84.270,2100,84.280,2019-10-08,14:33:57,00,";
var hq_str_sh603259="药明康德,85.850,86.700,84.090,87.870,83.260,84.100,84.120,10092682,860130510.000,200,84.100,2100,84.090,4000,84.080,200,84.000,100,83.990,400,84.120,100,84.160,1500,84.170,200,84.180,2900,84.200,2019-10-08,14:34:57,00,";
var hq_str_sh603259="药明康德,85.850,86.700,84.140,87.870,83.260,84.140,84.170,10100582,860795122.000,1200,84.140,1100,84.130,1500,84.120,2000,84.090,3700,84.080,1000,84.170,200,84.180,100,84.190,2900,84.200,1100,84.220,2019-10-08,14:35:57,00,";
var hq_str_sh603259="药明康德,85.850,86.700,84.120,87.870,83.260,84.120,84.140,10122402,862631165.000,80,84.120,3100,84.080,300,84.000,100,83.990,1000,83.850,5400,84.140,1800,84.180,600,84.190,3000,84.200,100,84.230,2019-10-08,14:36:57,00,";
var hq_str_sh603259="药明康德,85.850,86.700,83.840,87.870,83.260,83.840,83.990,10134082,863612670.000,1020,83.840,1000,83.830,200,83.770,3100,83.710,100,83.700,4300,83.990,100,84.000,800,84.030,100,84.100,300,84.110,2019-10-08,14:37:57,00,";
var hq_str_sh603259="药明康德,85.850,86.700,83.930,87.870,83.260,83.930,83.990,10145322,864555877.000,200,83.930,200,83.920,200,83.910,2200,83.840,800,83.830,1000,83.990,100,84.000,300,84.020,800,84.030,500,84.070,2019-10-08,14:38:57,00,";
var hq_str_sh603259="药明康德,85.850,86.700,83.940,87.870,83.260,83.930,83.940,10155422,865403703.000,1400,83.930,500,83.910,1500,83.840,400,83.830,500,83.800,3800,83.940,5900,83.950,1400,83.990,100,84.000,100,84.030,2019-10-08,14:39:57,00,";
var hq_str_sh603259="药明康德,85.850,86.700,83.840,87.870,83.260,83.770,83.780,10169822,866611038.000,500,83.770,300,83.760,100,83.700,300,83.680,600,83.660,1100,83.780,8200,83.840,700,83.850,5900,83.870,2100,83.890,2019-10-08,14:40:57,00,";
var hq_str_sh603259="药明康德,85.850,86.700,83.740,87.870,83.260,83.730,83.740,10184122,867808559.000,900,83.730,700,83.710,100,83.700,300,83.680,600,83.660,4400,83.740,100,83.750,700,83.760,1700,83.770,500,83.840,2019-10-08,14:41:57,00,";
var hq_str_sh603259="药明康德,85.850,86.700,83.600,87.870,83.260,83.620,83.670,10217122,870568257.000,100,83.620,1400,83.600,100,83.580,600,83.560,2300,83.550,700,83.670,200,83.680,200,83.690,100,83.700,1600,83.710,2019-10-08,14:42:57,00,";
var hq_str_sh603259="药明康德,85.850,86.700,83.670,87.870,83.260,83.620,83.670,10245822,872968026.000,300,83.620,400,83.600,100,83.580,2100,83.570,300,83.560,700,83.670,600,83.700,200,83.710,400,83.720,2300,83.730,2019-10-08,14:44:00,00,";
var hq_str_sh603259="药明康德,85.850,86.700,83.750,87.870,83.260,83.750,83.760,10260442,874191256.000,1200,83.750,1000,83.740,1080,83.700,200,83.660,18800,83.650,500,83.760,100,83.800,3700,83.940,1300,83.990,100,84.000,2019-10-08,14:44:57,00,";
var hq_str_sh603259="药明康德,85.850,86.700,83.930,87.870,83.260,83.940,84.000,10281402,875949316.000,2300,83.940,1300,83.930,2460,83.920,4400,83.910,2100,83.900,1100,84.000,100,84.100,300,84.110,800,84.120,100,84.130,2019-10-08,14:45:57,00,";
var hq_str_sh603259="药明康德,85.850,86.700,83.980,87.870,83.260,83.970,84.000,10304282,877870452.000,960,83.970,15800,83.960,15500,83.950,1600,83.920,4800,83.910,1400,84.000,100,84.030,700,84.040,100,84.090,1900,84.100,2019-10-08,14:46:57,00,";
var hq_str_sh603259="药明康德,85.850,86.700,83.990,87.870,83.260,83.990,84.100,10333942,880361326.000,1760,83.990,100,83.980,900,83.970,2100,83.960,1900,83.920,600,84.100,300,84.110,800,84.120,100,84.130,200,84.140,2019-10-08,14:47:57,00,";
var hq_str_sh603259="药明康德,85.850,86.700,83.940,87.870,83.260,83.900,83.980,10391202,885166964.000,11800,83.900,200,83.890,900,83.880,200,83.790,300,83.730,100,83.980,1600,83.990,13500,84.000,1500,84.100,300,84.110,2019-10-08,14:48:57,00,";
var hq_str_sh603259="药明康德,85.850,86.700,83.820,87.870,83.260,83.760,83.880,10441702,889403177.000,1300,83.760,4600,83.750,600,83.720,300,83.650,500,83.640,2300,83.880,2100,83.890,100,83.900,4000,83.920,100,83.940,2019-10-08,14:49:57,00,";
var hq_str_sh603259="药明康德,85.850,86.700,83.650,87.870,83.260,83.610,83.650,10505802,894767721.000,600,83.610,500,83.600,1700,83.580,500,83.570,500,83.560,1800,83.650,300,83.750,800,83.800,200,83.810,1200,83.850,2019-10-08,14:50:57,00,";
var hq_str_sh603259="药明康德,85.850,86.700,83.880,87.870,83.260,83.810,83.880,10545702,898107496.000,100,83.810,15000,83.800,100,83.710,100,83.700,600,83.650,900,83.880,300,83.900,400,83.910,4000,83.920,100,83.940,2019-10-08,14:51:57,00,";
var hq_str_sh603259="药明康德,85.850,86.700,83.860,87.870,83.260,83.840,83.870,10592342,902017388.000,300,83.840,2300,83.820,300,83.810,1960,83.800,300,83.750,500,83.870,100,83.880,800,83.900,400,83.910,4000,83.920,2019-10-08,14:52:58,00,";
var hq_str_sh603259="药明康德,85.850,86.700,83.900,87.870,83.260,83.890,83.900,10628242,905029345.000,400,83.890,900,83.880,1100,83.860,600,83.840,5100,83.830,1400,83.900,300,83.950,2800,83.960,1800,83.980,2300,83.990,2019-10-08,14:53:58,00,";
var hq_str_sh603259="药明康德,85.850,86.700,83.900,87.870,83.260,83.890,83.900,10679542,909335946.000,2300,83.890,500,83.880,1200,83.860,300,83.840,5100,83.830,8020,83.900,500,83.910,100,83.920,100,83.930,100,83.960,2019-10-08,14:54:58,00,";
var hq_str_sh603259="药明康德,85.850,86.700,83.750,87.870,83.260,83.730,83.760,10707902,911713871.000,200,83.730,100,83.710,200,83.700,700,83.650,1600,83.630,300,83.760,500,83.770,23340,83.800,100,83.820,5500,83.830,2019-10-08,14:55:58,00,";
var hq_str_sh603259="药明康德,85.850,86.700,83.700,87.870,83.260,83.700,83.830,10762542,916290453.000,2660,83.700,100,83.690,100,83.680,100,83.650,800,83.630,1200,83.830,100,83.840,500,83.880,1500,83.900,100,83.920,2019-10-08,14:56:58,00,";
var hq_str_sh603259="药明康德,85.850,86.700,83.700,87.870,83.260,83.740,83.740,10763042,916332303.000,24800,83.740,0,0.000,0,0.000,0,0.000,0,0.000,24800,83.740,1800,0.000,0,0.000,0,0.000,0,0.000,2019-10-08,14:57:57,00,";
var hq_str_sh603259="药明康德,85.850,86.700,83.700,87.870,83.260,83.700,83.700,10763042,916332303.000,54760,83.700,0,0.000,0,0.000,0,0.000,0,0.000,54760,83.700,1640,0.000,0,0.000,0,0.000,0,0.000,2019-10-08,14:58:58,00,";
