var hq_str_sh603259="药明康德,92.010,92.600,92.010,92.010,92.010,92.010,92.480,18997,1747914.000,4903,92.010,7800,92.000,200,91.990,5500,91.830,400,91.810,3100,92.480,200,92.500,9000,92.600,3200,92.780,1500,92.880,2019-12-24,09:29:49,00,";
var hq_str_sh603259="药明康德,92.010,92.600,92.150,92.480,92.010,92.160,92.450,51697,4761843.000,400,92.160,100,92.150,900,92.140,300,92.090,500,92.070,200,92.450,700,92.460,500,92.470,1600,92.480,300,92.500,2019-12-24,09:30:59,00,";
var hq_str_sh603259="药明康德,92.010,92.600,92.210,92.480,92.010,92.150,92.210,68297,6291368.000,4100,92.150,100,92.140,100,92.130,300,92.120,100,92.110,100,92.210,200,92.280,500,92.300,100,92.390,200,92.400,2019-12-24,09:31:59,00,";
var hq_str_sh603259="药明康德,92.010,92.600,92.600,92.600,92.010,92.600,92.700,93997,8668734.000,1700,92.600,400,92.590,200,92.500,400,92.480,200,92.450,200,92.700,100,92.750,726,92.770,4200,92.780,1500,92.880,2019-12-24,09:32:56,00,";
var hq_str_sh603259="药明康德,92.010,92.600,92.570,92.700,92.010,92.540,92.550,123197,11372219.000,2700,92.540,5300,92.400,100,92.390,700,92.380,400,92.310,500,92.550,400,92.590,600,92.600,2180,92.660,800,92.690,2019-12-24,09:33:59,00,";
var hq_str_sh603259="药明康德,92.010,92.600,92.500,92.700,92.010,92.400,92.500,176677,16321211.000,5600,92.400,1000,92.380,900,92.310,11000,92.300,100,92.280,9300,92.500,600,92.660,1100,92.690,100,92.700,700,92.710,2019-12-24,09:34:59,00,";
var hq_str_sh603259="药明康德,92.010,92.600,92.500,92.700,92.010,92.450,92.500,246477,22776575.000,100,92.450,100,92.440,200,92.410,100,92.400,1100,92.380,1800,92.500,2300,92.520,500,92.600,1000,92.640,500,92.650,2019-12-24,09:35:59,00,";
var hq_str_sh603259="药明康德,92.010,92.600,92.310,92.700,92.010,92.310,92.350,263677,24364873.000,3300,92.310,1900,92.300,300,92.280,400,92.250,700,92.210,400,92.350,1200,92.380,2500,92.400,900,92.410,1500,92.500,2019-12-24,09:36:59,00,";
var hq_str_sh603259="药明康德,92.010,92.600,92.200,92.700,92.010,92.200,92.220,308277,28477796.000,4300,92.200,500,92.190,200,92.160,800,92.150,400,92.120,300,92.220,1600,92.260,100,92.310,300,92.320,300,92.350,2019-12-24,09:37:59,00,";
var hq_str_sh603259="药明康德,92.010,92.600,92.160,92.700,92.010,92.160,92.210,360077,33251412.000,200,92.160,9500,92.150,1600,92.140,300,92.110,16100,92.100,200,92.210,100,92.310,300,92.320,300,92.350,100,92.490,2019-12-24,09:38:59,00,";
var hq_str_sh603259="药明康德,92.010,92.600,92.180,92.700,92.010,92.170,92.180,435077,40187309.000,800,92.170,2400,92.150,5700,92.110,11300,92.100,600,92.090,400,92.180,600,92.190,2700,92.200,600,92.210,100,92.300,2019-12-24,09:39:59,00,";
var hq_str_sh603259="药明康德,92.010,92.600,92.250,92.700,92.010,92.220,92.250,454477,41975961.000,200,92.220,1200,92.210,10800,92.200,1600,92.180,900,92.170,1300,92.250,5800,92.260,100,92.330,1100,92.550,1200,92.600,2019-12-24,09:40:59,00,";
var hq_str_sh603259="药明康德,92.010,92.600,92.230,92.700,92.010,92.230,92.270,481477,44466555.000,5100,92.230,400,92.210,8500,92.200,500,92.180,800,92.170,300,92.270,200,92.280,100,92.290,500,92.300,200,92.480,2019-12-24,09:41:59,00,";
var hq_str_sh603259="药明康德,92.010,92.600,92.540,92.700,92.010,92.500,92.550,487677,45038887.000,2700,92.500,200,92.490,1700,92.410,5400,92.400,4400,92.330,1200,92.550,3200,92.600,5000,92.610,1400,92.640,1000,92.650,2019-12-24,09:42:59,00,";
var hq_str_sh603259="药明康德,92.010,92.600,92.510,92.700,92.010,92.500,92.510,565977,52280112.000,65700,92.500,200,92.330,100,92.310,9700,92.300,500,92.290,1600,92.510,2700,92.520,300,92.530,200,92.540,100,92.550,2019-12-24,09:43:59,00,";
var hq_str_sh603259="药明康德,92.010,92.600,92.500,92.700,92.010,92.500,92.510,623097,57563882.000,22280,92.500,1200,92.480,200,92.330,2300,92.310,9800,92.300,300,92.510,1200,92.520,100,92.550,400,92.560,6000,92.590,2019-12-24,09:44:59,00,";
var hq_str_sh603259="药明康德,92.010,92.600,92.630,92.700,92.010,92.600,92.630,650497,60100275.000,100,92.600,700,92.530,200,92.520,500,92.510,18780,92.500,100,92.630,1000,92.640,500,92.670,500,92.680,200,92.690,2019-12-24,09:45:56,00,";
var hq_str_sh603259="药明康德,92.010,92.600,92.600,92.700,92.010,92.600,92.610,662097,61174674.000,100,92.600,2800,92.560,700,92.550,900,92.520,4300,92.510,200,92.610,100,92.620,200,92.630,100,92.640,400,92.650,2019-12-24,09:46:59,00,";
var hq_str_sh603259="药明康德,92.010,92.600,92.640,92.700,92.010,92.620,92.640,676197,62480682.000,2100,92.620,11600,92.610,700,92.600,700,92.550,800,92.520,200,92.640,100,92.650,200,92.670,600,92.680,400,92.690,2019-12-24,09:47:56,00,";
var hq_str_sh603259="药明康德,92.010,92.600,92.750,92.750,92.010,92.720,92.740,688097,63583387.000,900,92.720,1000,92.680,200,92.670,600,92.630,1300,92.620,500,92.740,200,92.750,700,92.760,726,92.770,4200,92.780,2019-12-24,09:49:00,00,";
var hq_str_sh603259="药明康德,92.010,92.600,92.610,92.780,92.010,92.610,92.620,708697,65492323.000,1100,92.610,800,92.600,700,92.570,600,92.550,800,92.520,900,92.620,500,92.640,800,92.680,2600,92.690,1100,92.700,2019-12-24,09:50:00,00,";
var hq_str_sh603259="药明康德,92.010,92.600,92.680,92.780,92.010,92.640,92.670,725397,67039640.000,300,92.640,400,92.620,400,92.610,1000,92.600,800,92.570,400,92.670,1140,92.690,300,92.700,100,92.710,4800,92.720,2019-12-24,09:51:00,00,";
var hq_str_sh603259="药明康德,92.010,92.600,92.330,92.780,92.010,92.320,92.330,775997,71717549.000,300,92.320,1080,92.310,9200,92.300,500,92.290,200,92.280,2800,92.330,1900,92.370,200,92.410,200,92.420,200,92.450,2019-12-24,09:51:59,00,";
var hq_str_sh603259="药明康德,92.010,92.600,92.350,92.780,92.010,92.340,92.360,791197,73120977.000,2700,92.340,100,92.330,2800,92.320,980,92.310,10500,92.300,100,92.360,700,92.410,800,92.420,400,92.450,200,92.600,2019-12-24,09:52:59,00,";
var hq_str_sh603259="药明康德,92.010,92.600,92.590,92.780,92.010,92.460,92.590,798297,73777099.000,600,92.460,7400,92.450,1800,92.420,1100,92.410,6600,92.400,1100,92.590,200,92.600,300,92.680,1280,92.690,500,92.700,2019-12-24,09:54:00,00,";
var hq_str_sh603259="药明康德,92.010,92.600,92.580,92.780,92.010,92.500,92.580,811097,74961560.000,2500,92.500,500,92.460,7000,92.450,1900,92.420,1200,92.410,200,92.580,1100,92.600,300,92.680,1040,92.690,500,92.700,2019-12-24,09:55:00,00,";
var hq_str_sh603259="药明康德,92.010,92.600,92.540,92.780,92.010,92.500,92.540,834197,77099953.000,2200,92.500,800,92.460,7200,92.450,1900,92.420,1200,92.410,4000,92.540,300,92.560,6900,92.580,800,92.600,1200,92.680,2019-12-24,09:56:00,00,";
var hq_str_sh603259="药明康德,92.010,92.600,92.490,92.780,92.010,92.470,92.490,841397,77765889.000,2100,92.470,200,92.460,7200,92.450,1900,92.420,1200,92.410,500,92.490,400,92.500,1615,92.510,3400,92.540,300,92.570,2019-12-24,09:56:57,00,";
var hq_str_sh603259="药明康德,92.010,92.600,92.480,92.780,92.010,92.450,92.460,857097,79217746.000,3600,92.450,400,92.420,1200,92.410,7100,92.400,200,92.360,900,92.460,100,92.480,215,92.510,2700,92.540,300,92.570,2019-12-24,09:57:56,00,";
var hq_str_sh603259="药明康德,92.010,92.600,92.410,92.780,92.010,92.400,92.410,870997,80502429.000,8600,92.400,300,92.370,200,92.360,2300,92.350,1800,92.320,200,92.410,600,92.420,300,92.450,100,92.460,100,92.470,2019-12-24,09:59:00,00,";
var hq_str_sh603259="药明康德,92.010,92.600,92.600,92.780,92.010,92.600,92.680,884312,81734572.000,5800,92.600,300,92.550,400,92.540,200,92.510,4685,92.470,1200,92.680,900,92.690,500,92.700,600,92.710,200,92.720,2019-12-24,09:59:56,00,";
var hq_str_sh603259="药明康德,92.010,92.600,92.500,92.780,92.010,92.500,92.510,901812,83354601.000,1400,92.500,4685,92.470,300,92.460,1000,92.450,5000,92.420,400,92.510,2500,92.520,3300,92.600,1200,92.680,900,92.690,2019-12-24,10:01:00,00,";
var hq_str_sh603259="药明康德,92.010,92.600,92.460,92.780,92.010,92.450,92.460,921612,85185807.000,10900,92.450,5000,92.420,8600,92.400,200,92.380,200,92.360,200,92.460,1500,92.520,2900,92.600,500,92.660,1200,92.680,2019-12-24,10:02:00,00,";
var hq_str_sh603259="药明康德,92.010,92.600,92.450,92.780,92.010,92.450,92.510,935012,86424862.000,5000,92.450,5000,92.420,8700,92.400,200,92.380,200,92.360,100,92.510,100,92.520,300,92.590,3100,92.600,500,92.670,2019-12-24,10:02:57,00,";
var hq_str_sh603259="药明康德,92.010,92.600,92.630,92.780,92.010,92.600,92.630,953312,88119468.000,7000,92.600,100,92.590,700,92.510,1800,92.460,5500,92.450,500,92.630,100,92.650,200,92.660,800,92.670,1300,92.680,2019-12-24,10:04:00,00,";
var hq_str_sh603259="药明康德,92.010,92.600,92.600,92.780,92.010,92.510,92.570,965812,89277014.000,2100,92.510,1300,92.460,5500,92.450,5000,92.420,8600,92.400,400,92.570,600,92.600,100,92.610,1000,92.630,1400,92.650,2019-12-24,10:05:00,00,";
var hq_str_sh603259="药明康德,92.010,92.600,92.650,92.780,92.010,92.540,92.650,972012,89851006.000,700,92.540,3200,92.530,300,92.520,1000,92.510,900,92.470,900,92.650,200,92.660,800,92.670,1200,92.680,900,92.690,2019-12-24,10:06:00,00,";
var hq_str_sh603259="药明康德,92.010,92.600,92.700,92.780,92.010,92.700,92.710,983912,90953611.000,100,92.700,500,92.660,1200,92.550,1300,92.540,3500,92.530,200,92.710,1500,92.720,700,92.730,100,92.760,3826,92.780,2019-12-24,10:07:00,00,";
var hq_str_sh603259="药明康德,92.010,92.600,92.800,92.890,92.010,92.780,92.800,1001538,92588919.000,5100,92.780,2674,92.770,4600,92.720,5200,92.710,500,92.660,2100,92.800,100,92.810,400,92.840,100,92.900,100,92.920,2019-12-24,10:08:00,00,";
var hq_str_sh603259="药明康德,92.010,92.600,92.820,92.950,92.010,92.810,92.830,1015238,93861027.000,300,92.810,8800,92.800,4400,92.780,2174,92.770,4600,92.720,200,92.830,1000,92.840,21400,92.850,200,92.880,1600,92.900,2019-12-24,10:09:00,00,";
var hq_str_sh603259="药明康德,92.010,92.600,92.860,92.950,92.010,92.840,92.860,1058338,97862565.000,1200,92.840,400,92.830,400,92.800,300,92.790,2200,92.780,100,92.860,500,92.870,600,92.880,100,92.890,1000,92.900,2019-12-24,10:10:00,00,";
var hq_str_sh603259="药明康德,92.010,92.600,92.910,92.950,92.010,92.910,92.920,1072538,99181617.000,4300,92.910,1900,92.900,200,92.890,100,92.870,600,92.860,1400,92.920,5000,92.930,1400,92.940,1000,92.950,200,92.960,2019-12-24,10:11:00,00,";
var hq_str_sh603259="药明康德,92.010,92.600,92.810,92.950,92.010,92.800,92.810,1088738,100686260.000,400,92.800,400,92.790,2200,92.780,2174,92.770,4600,92.720,100,92.810,2500,92.830,1400,92.840,12600,92.860,900,92.870,2019-12-24,10:12:00,00,";
var hq_str_sh603259="药明康德,92.010,92.600,92.610,92.950,92.010,92.600,92.640,1110912,102742260.000,10100,92.600,500,92.580,500,92.550,1000,92.540,3200,92.530,200,92.640,21200,92.650,100,92.670,100,92.690,2226,92.700,2019-12-24,10:13:00,00,";
var hq_str_sh603259="药明康德,92.010,92.600,92.550,92.950,92.010,92.530,92.550,1177312,108892631.000,600,92.530,100,92.520,1600,92.510,800,92.500,1000,92.480,800,92.550,100,92.570,600,92.580,1700,92.590,2700,92.600,2019-12-24,10:14:00,00,";
var hq_str_sh603259="药明康德,92.010,92.600,92.620,92.950,92.010,92.570,92.590,1194612,110494494.000,100,92.570,1900,92.560,400,92.550,1100,92.530,300,92.520,400,92.590,3100,92.620,200,92.650,100,92.690,300,92.720,2019-12-24,10:15:00,00,";
var hq_str_sh603259="药明康德,92.010,92.600,92.830,92.950,92.010,92.830,92.840,1205912,111541648.000,7800,92.830,800,92.810,300,92.790,100,92.720,100,92.690,600,92.840,200,92.870,1100,92.880,3100,92.900,700,92.910,2019-12-24,10:16:00,00,";
var hq_str_sh603259="药明康德,92.010,92.600,92.580,92.950,92.010,92.570,92.580,1233812,114129608.000,2500,92.570,2500,92.560,10300,92.550,1000,92.540,900,92.530,100,92.580,1700,92.590,100,92.630,100,92.640,800,92.650,2019-12-24,10:16:57,00,";
var hq_str_sh603259="药明康德,92.010,92.600,92.570,92.950,92.010,92.560,92.570,1284512,118826155.000,1800,92.560,10300,92.550,1000,92.540,900,92.530,500,92.520,1000,92.570,2900,92.590,300,92.600,7280,92.650,100,92.690,2019-12-24,10:18:00,00,";
var hq_str_sh603259="药明康德,92.010,92.600,92.540,92.950,92.010,92.550,92.580,1311812,121352597.000,500,92.550,7700,92.540,100,92.510,2600,92.500,2000,92.480,1900,92.580,200,92.590,400,92.600,100,92.690,3200,92.760,2019-12-24,10:18:57,00,";
var hq_str_sh603259="药明康德,92.010,92.600,92.550,92.950,92.010,92.550,92.560,1314812,121630282.000,2300,92.550,7900,92.540,300,92.530,100,92.510,3100,92.500,300,92.560,200,92.570,200,92.580,200,92.590,400,92.600,2019-12-24,10:19:57,00,";
var hq_str_sh603259="药明康德,92.010,92.600,92.680,92.950,92.010,92.620,92.650,1326812,122741104.000,1000,92.620,400,92.610,1900,92.600,1000,92.570,300,92.560,200,92.650,2000,92.750,3200,92.760,100,92.780,1100,92.790,2019-12-24,10:21:00,00,";
var hq_str_sh603259="药明康德,92.010,92.600,92.650,92.950,92.010,92.620,92.650,1333412,123353035.000,900,92.620,600,92.610,2000,92.600,100,92.560,1300,92.550,200,92.650,1500,92.700,200,92.710,5580,92.720,1000,92.730,2019-12-24,10:22:00,00,";
var hq_str_sh603259="药明康德,92.010,92.600,92.660,92.950,92.010,92.660,92.700,1338812,123853437.000,100,92.660,100,92.650,700,92.620,600,92.610,2000,92.600,1900,92.700,1000,92.730,626,92.740,2500,92.750,3200,92.760,2019-12-24,10:23:00,00,";
var hq_str_sh603259="药明康德,92.010,92.600,92.600,92.950,92.010,92.600,92.620,1348812,124779805.000,200,92.600,300,92.590,100,92.560,1100,92.550,5500,92.540,1200,92.620,8300,92.660,200,92.680,1900,92.700,626,92.740,2019-12-24,10:23:57,00,";
var hq_str_sh603259="药明康德,92.010,92.600,92.560,92.950,92.010,92.560,92.600,1357612,125594974.000,100,92.560,1100,92.550,5500,92.540,500,92.530,100,92.510,2300,92.600,200,92.650,4200,92.660,900,92.700,626,92.740,2019-12-24,10:25:00,00,";
var hq_str_sh603259="药明康德,92.010,92.600,92.570,92.950,92.010,92.550,92.570,1361682,125971793.000,330,92.550,5500,92.540,500,92.530,200,92.510,5700,92.500,100,92.570,700,92.600,200,92.650,4200,92.660,900,92.700,2019-12-24,10:26:00,00,";
var hq_str_sh603259="药明康德,92.010,92.600,92.560,92.950,92.010,92.540,92.550,1368082,126564451.000,4930,92.540,300,92.530,200,92.510,5600,92.500,500,92.490,300,92.550,100,92.560,5580,92.610,2000,92.660,900,92.700,2019-12-24,10:26:57,00,";
var hq_str_sh603259="药明康德,92.010,92.600,92.580,92.950,92.010,92.570,92.580,1371562,126886589.000,700,92.570,800,92.560,1200,92.550,4850,92.540,600,92.530,200,92.580,100,92.590,4000,92.600,2000,92.660,1140,92.700,2019-12-24,10:28:00,00,";
var hq_str_sh603259="药明康德,92.010,92.600,92.580,92.950,92.010,92.580,92.590,1373862,127099550.000,700,92.580,8100,92.570,700,92.560,1200,92.550,4850,92.540,400,92.590,2880,92.600,2100,92.660,1140,92.700,100,92.740,2019-12-24,10:28:55,00,";
var hq_str_sh603259="药明康德,92.010,92.600,92.560,92.950,92.010,92.550,92.560,1386862,128303015.000,2300,92.550,4850,92.540,600,92.530,100,92.520,200,92.510,1000,92.560,2200,92.570,1100,92.580,3600,92.590,2880,92.600,2019-12-24,10:30:00,00,";
var hq_str_sh603259="药明康德,92.010,92.600,92.310,92.950,92.010,92.300,92.310,1428592,132161218.000,10800,92.300,500,92.290,1200,92.280,100,92.270,400,92.260,2020,92.310,700,92.320,2200,92.330,1100,92.350,700,92.360,2019-12-24,10:31:00,00,";
var hq_str_sh603259="药明康德,92.010,92.600,92.300,92.950,92.010,92.300,92.400,1471468,136119912.000,8624,92.300,1500,92.290,100,92.280,400,92.270,700,92.260,1100,92.400,900,92.530,100,92.560,500,92.570,3600,92.590,2019-12-24,10:32:00,00,";
var hq_str_sh603259="药明康德,92.010,92.600,92.400,92.950,92.010,92.400,92.560,1475808,136520863.000,2800,92.400,900,92.340,2300,92.330,800,92.320,1560,92.310,500,92.560,500,92.570,3600,92.590,100,92.600,2000,92.660,2019-12-24,10:32:57,00,";
var hq_str_sh603259="药明康德,92.010,92.600,92.400,92.950,92.010,92.400,92.410,1483948,137273107.000,1160,92.400,300,92.390,100,92.370,600,92.340,900,92.320,200,92.410,200,92.420,100,92.480,500,92.560,500,92.570,2019-12-24,10:34:00,00,";
var hq_str_sh603259="药明康德,92.010,92.600,92.370,92.950,92.010,92.340,92.370,1490148,137846039.000,600,92.340,900,92.320,1660,92.310,12524,92.300,1800,92.290,800,92.370,200,92.380,1500,92.400,400,92.550,500,92.560,2019-12-24,10:34:57,00,";
var hq_str_sh603259="药明康德,92.010,92.600,92.230,92.950,92.010,92.220,92.230,1517832,140401385.000,200,92.220,1200,92.210,11000,92.200,200,92.190,3000,92.180,1700,92.230,1916,92.290,400,92.300,5300,92.340,700,92.400,2019-12-24,10:36:00,00,";
var hq_str_sh603259="药明康德,92.010,92.600,92.250,92.950,92.010,92.240,92.250,1535332,142016057.000,500,92.240,600,92.230,2200,92.220,3200,92.210,11000,92.200,300,92.250,200,92.280,5016,92.290,700,92.300,5300,92.340,2019-12-24,10:37:00,00,";
var hq_str_sh603259="药明康德,92.010,92.600,92.230,92.950,92.010,92.230,92.240,1547032,143095223.000,2800,92.230,3500,92.210,11100,92.200,200,92.190,3500,92.180,100,92.240,1600,92.250,4416,92.290,700,92.300,5300,92.340,2019-12-24,10:38:00,00,";
var hq_str_sh603259="药明康德,92.010,92.600,92.300,92.950,92.010,92.260,92.300,1557832,144091720.000,300,92.260,1500,92.250,700,92.240,2300,92.230,900,92.220,416,92.300,5300,92.340,4000,92.500,200,92.530,500,92.560,2019-12-24,10:39:00,00,";
var hq_str_sh603259="药明康德,92.010,92.600,92.310,92.950,92.010,92.300,92.310,1562448,144517833.000,10584,92.300,200,92.290,1500,92.270,1200,92.260,1800,92.250,500,92.310,4900,92.340,4000,92.500,200,92.530,500,92.560,2019-12-24,10:40:00,00,";
var hq_str_sh603259="药明康德,92.010,92.600,92.280,92.950,92.010,92.270,92.280,1585032,146602253.000,3000,92.270,1200,92.260,3800,92.250,400,92.240,500,92.230,300,92.280,5316,92.300,1400,92.330,4900,92.340,4000,92.500,2019-12-24,10:41:00,00,";
var hq_str_sh603259="药明康德,92.010,92.600,92.220,92.950,92.010,92.210,92.220,1597032,147709229.000,1800,92.210,13200,92.200,200,92.190,3400,92.180,1100,92.170,800,92.220,300,92.230,400,92.240,1500,92.250,6800,92.270,2019-12-24,10:42:00,00,";
var hq_str_sh603259="药明康德,92.010,92.600,92.250,92.950,92.010,92.220,92.250,1615132,149378318.000,3400,92.220,1500,92.210,11500,92.200,300,92.190,3400,92.180,500,92.250,7100,92.270,5116,92.300,1000,92.330,4900,92.340,2019-12-24,10:43:00,00,";
var hq_str_sh603259="药明康德,92.010,92.600,92.240,92.950,92.010,92.240,92.250,1628832,150642289.000,200,92.240,1300,92.230,2800,92.220,1100,92.210,12400,92.200,800,92.250,600,92.260,700,92.270,5116,92.300,1000,92.330,2019-12-24,10:44:00,00,";
var hq_str_sh603259="药明康德,92.010,92.600,92.310,92.950,92.010,92.300,92.310,1651128,152700184.000,244,92.300,300,92.270,2700,92.260,2600,92.250,13760,92.240,1700,92.310,200,92.320,1000,92.330,4900,92.340,3000,92.500,2019-12-24,10:45:00,00,";
var hq_str_sh603259="药明康德,92.010,92.600,92.250,92.950,92.010,92.250,92.270,1661952,153698749.000,20,92.250,12660,92.240,800,92.230,2700,92.220,1100,92.210,600,92.270,1656,92.300,800,92.310,1000,92.330,4900,92.340,2019-12-24,10:45:57,00,";
var hq_str_sh603259="药明康德,92.010,92.600,92.240,92.950,92.010,92.240,92.250,1670052,154445913.000,7680,92.240,1800,92.230,2800,92.220,900,92.210,12400,92.200,600,92.250,100,92.260,600,92.270,500,92.290,1656,92.300,2019-12-24,10:47:00,00,";
var hq_str_sh603259="药明康德,92.010,92.600,92.220,92.950,92.010,92.200,92.210,1686032,155919793.000,12600,92.200,200,92.190,3400,92.180,1100,92.170,100,92.160,400,92.210,300,92.220,8420,92.240,300,92.250,100,92.260,2019-12-24,10:48:00,00,";
var hq_str_sh603259="药明康德,92.010,92.600,92.200,92.950,92.010,92.200,92.210,1700732,157275226.000,5600,92.200,300,92.190,3600,92.180,100,92.170,100,92.160,500,92.210,8420,92.240,200,92.250,300,92.260,600,92.270,2019-12-24,10:49:00,00,";
var hq_str_sh603259="药明康德,92.010,92.600,92.150,92.950,92.010,92.150,92.160,1721532,159192496.000,2200,92.150,100,92.130,1000,92.120,6000,92.110,4400,92.100,600,92.160,1000,92.170,100,92.180,1300,92.200,340,92.210,2019-12-24,10:50:00,00,";
var hq_str_sh603259="药明康德,92.010,92.600,92.180,92.950,92.010,92.150,92.200,1756029,162370105.000,200,92.150,400,92.120,2600,92.110,7800,92.100,300,92.090,1200,92.200,140,92.210,8520,92.240,200,92.250,100,92.260,2019-12-24,10:51:00,00,";
var hq_str_sh603259="药明康德,92.010,92.600,92.250,92.950,92.010,92.200,92.220,1763469,163056281.000,4700,92.200,300,92.190,800,92.180,800,92.160,800,92.150,300,92.220,300,92.250,500,92.290,1456,92.300,1000,92.330,2019-12-24,10:52:00,00,";
var hq_str_sh603259="药明康德,92.010,92.600,92.270,92.950,92.010,92.270,92.290,1768269,163499008.000,300,92.270,1000,92.250,300,92.230,2300,92.220,300,92.210,500,92.290,856,92.300,1000,92.330,4900,92.340,2200,92.490,2019-12-24,10:53:00,00,";
var hq_str_sh603259="药明康德,92.010,92.600,92.250,92.950,92.010,92.230,92.250,1771769,163821906.000,600,92.230,2600,92.220,800,92.210,3100,92.200,600,92.180,300,92.250,300,92.280,700,92.290,956,92.300,1000,92.330,2019-12-24,10:53:57,00,";
var hq_str_sh603259="药明康德,92.010,92.600,92.280,92.950,92.010,92.250,92.280,1775869,164200113.000,700,92.250,200,92.240,700,92.230,2200,92.220,800,92.210,100,92.280,800,92.290,956,92.300,1000,92.330,4900,92.340,2019-12-24,10:55:00,00,";
var hq_str_sh603259="药明康德,92.010,92.600,92.270,92.950,92.010,92.250,92.270,1777969,164393858.000,400,92.250,200,92.240,700,92.230,2200,92.220,800,92.210,100,92.270,3000,92.280,800,92.290,956,92.300,1000,92.330,2019-12-24,10:55:57,00,";
var hq_str_sh603259="药明康德,92.010,92.600,92.070,92.950,92.010,92.070,92.080,1800469,166467323.000,600,92.070,1400,92.060,3500,92.050,300,92.040,4200,92.030,300,92.080,500,92.090,300,92.100,300,92.120,500,92.210,2019-12-24,10:57:00,00,";
var hq_str_sh603259="药明康德,92.010,92.600,92.000,92.950,92.000,92.000,92.010,1846019,170658928.000,7550,92.000,100,91.990,1800,91.980,100,91.970,300,91.950,600,92.010,100,92.020,100,92.040,500,92.050,1000,92.060,2019-12-24,10:58:00,00,";
var hq_str_sh603259="药明康德,92.010,92.600,92.070,92.950,92.000,92.060,92.070,1870019,172868006.000,1200,92.060,400,92.030,2100,92.020,800,92.010,7250,92.000,600,92.070,1800,92.090,300,92.120,3700,92.260,600,92.290,2019-12-24,10:59:00,00,";
var hq_str_sh603259="药明康德,92.010,92.600,92.120,92.950,92.000,92.120,92.240,1876319,173447988.000,1100,92.120,2000,92.090,1900,92.080,2600,92.060,21700,92.050,500,92.240,100,92.250,3700,92.260,400,92.290,500,92.300,2019-12-24,11:00:00,00,";
var hq_str_sh603259="药明康德,92.010,92.600,92.220,92.950,92.000,92.220,92.230,1882519,174019612.000,100,92.220,400,92.120,100,92.110,9400,92.100,2000,92.090,100,92.230,500,92.240,1200,92.250,3700,92.260,400,92.290,2019-12-24,11:01:00,00,";
var hq_str_sh603259="药明康德,92.010,92.600,92.120,92.950,92.000,92.120,92.200,1884919,174240818.000,100,92.120,500,92.110,9400,92.100,2000,92.090,1300,92.080,4200,92.200,3400,92.240,1600,92.250,3700,92.260,400,92.290,2019-12-24,11:01:57,00,";
var hq_str_sh603259="药明康德,92.010,92.600,92.100,92.950,92.000,92.100,92.190,1895819,175245098.000,6300,92.100,2000,92.090,1300,92.080,800,92.070,1000,92.060,200,92.190,1600,92.200,700,92.240,1600,92.250,3700,92.260,2019-12-24,11:03:00,00,";
var hq_str_sh603259="药明康德,92.010,92.600,92.100,92.950,92.000,92.100,92.120,1904419,176037462.000,7200,92.100,2000,92.090,1300,92.080,1000,92.070,800,92.060,100,92.120,100,92.160,600,92.200,700,92.240,1600,92.250,2019-12-24,11:04:00,00,";
var hq_str_sh603259="药明康德,92.010,92.600,92.150,92.950,92.000,92.160,92.220,1911419,176682668.000,100,92.160,600,92.150,700,92.120,5600,92.100,2000,92.090,200,92.220,3400,92.240,1100,92.250,3700,92.260,400,92.290,2019-12-24,11:05:00,00,";
var hq_str_sh603259="药明康德,92.010,92.600,92.150,92.950,92.000,92.150,92.210,1915019,177014420.000,500,92.150,3900,92.140,300,92.130,800,92.120,4900,92.100,400,92.210,200,92.220,3400,92.240,300,92.250,3700,92.260,2019-12-24,11:05:57,00,";
var hq_str_sh603259="药明康德,92.010,92.600,92.140,92.950,92.000,92.140,92.150,1923919,177834585.000,1900,92.140,200,92.130,1900,92.120,4100,92.100,2000,92.090,200,92.150,300,92.160,500,92.200,200,92.210,200,92.220,2019-12-24,11:07:00,00,";
var hq_str_sh603259="药明康德,92.010,92.600,92.100,92.950,92.000,92.100,92.140,1931819,178562442.000,2900,92.100,2000,92.090,1200,92.080,1500,92.070,800,92.060,1200,92.140,200,92.210,200,92.220,3400,92.240,300,92.250,2019-12-24,11:07:57,00,";
var hq_str_sh603259="药明康德,92.010,92.600,92.100,92.950,92.000,92.140,92.180,1940519,179363850.000,100,92.140,400,92.100,2000,92.090,1100,92.080,1500,92.070,300,92.180,800,92.220,3400,92.240,1300,92.250,3700,92.260,2019-12-24,11:08:57,00,";
var hq_str_sh603259="药明康德,92.010,92.600,92.130,92.950,92.000,92.120,92.130,1954819,180682466.000,700,92.120,2000,92.100,2000,92.090,1700,92.080,1500,92.070,200,92.130,300,92.160,2400,92.260,100,92.290,600,92.300,2019-12-24,11:09:57,00,";
var hq_str_sh603259="药明康德,92.010,92.600,92.190,92.950,92.000,92.190,92.200,1970519,182128879.000,400,92.190,3300,92.130,1300,92.100,1100,92.090,1600,92.080,100,92.200,600,92.250,2100,92.260,100,92.290,600,92.300,2019-12-24,11:11:00,00,";
var hq_str_sh603259="药明康德,92.010,92.600,92.200,92.950,92.000,92.190,92.200,1974419,182488445.000,900,92.190,1000,92.150,3300,92.130,1800,92.100,1800,92.090,7000,92.200,200,92.220,500,92.250,2100,92.260,100,92.290,2019-12-24,11:12:00,00,";
var hq_str_sh603259="药明康德,92.010,92.600,92.150,92.950,92.000,92.150,92.170,1985019,183465626.000,1300,92.150,200,92.140,3400,92.130,900,92.100,1800,92.090,1200,92.170,300,92.200,400,92.250,2100,92.260,100,92.290,2019-12-24,11:12:57,00,";
var hq_str_sh603259="药明康德,92.010,92.600,92.210,92.950,92.000,92.210,92.240,1990419,183963381.000,100,92.210,2100,92.200,800,92.180,100,92.170,900,92.150,100,92.240,200,92.250,2100,92.260,100,92.290,700,92.300,2019-12-24,11:14:00,00,";
var hq_str_sh603259="药明康德,92.010,92.600,92.210,92.950,92.000,92.200,92.210,1992019,184110929.000,3200,92.200,800,92.180,100,92.170,900,92.150,200,92.140,500,92.210,300,92.240,1200,92.250,2100,92.260,100,92.290,2019-12-24,11:14:57,00,";
var hq_str_sh603259="药明康德,92.010,92.600,92.210,92.950,92.000,92.200,92.210,1994019,184295350.000,3400,92.200,800,92.180,300,92.170,900,92.150,200,92.140,100,92.210,900,92.240,1200,92.250,2100,92.260,100,92.290,2019-12-24,11:15:57,00,";
var hq_str_sh603259="药明康德,92.010,92.600,92.210,92.950,92.000,92.200,92.210,1997319,184599686.000,4200,92.200,100,92.180,300,92.170,900,92.150,200,92.140,100,92.210,300,92.230,200,92.240,200,92.250,2100,92.260,2019-12-24,11:16:57,00,";
var hq_str_sh603259="药明康德,92.010,92.600,92.140,92.950,92.000,92.140,92.160,2011119,185872228.000,100,92.140,3400,92.130,1100,92.100,1800,92.090,6100,92.080,300,92.160,300,92.190,600,92.240,500,92.250,1300,92.260,2019-12-24,11:18:00,00,";
var hq_str_sh603259="药明康德,92.010,92.600,92.150,92.950,92.000,92.150,92.170,2017219,186434260.000,1400,92.150,3200,92.130,400,92.120,100,92.110,1500,92.100,200,92.170,200,92.190,300,92.230,400,92.240,500,92.250,2019-12-24,11:19:00,00,";
var hq_str_sh603259="药明康德,92.010,92.600,92.190,92.950,92.000,92.180,92.190,2019519,186646286.000,100,92.180,100,92.170,200,92.160,2200,92.150,3200,92.130,1300,92.190,400,92.230,400,92.240,1300,92.260,600,92.300,2019-12-24,11:20:00,00,";
var hq_str_sh603259="药明康德,92.010,92.600,92.230,92.950,92.000,92.190,92.230,2027319,187365433.000,700,92.190,300,92.180,100,92.170,1900,92.150,3200,92.130,100,92.230,500,92.260,600,92.300,1000,92.310,2000,92.320,2019-12-24,11:20:56,00,";
var hq_str_sh603259="药明康德,92.010,92.600,92.300,92.950,92.000,92.250,92.300,2030019,187614508.000,200,92.250,200,92.240,100,92.230,100,92.200,700,92.190,1600,92.300,1000,92.310,2000,92.320,4900,92.340,1000,92.420,2019-12-24,11:22:00,00,";
var hq_str_sh603259="药明康德,92.010,92.600,92.130,92.950,92.000,92.120,92.130,2041319,188656087.000,400,92.120,500,92.110,3200,92.100,1800,92.090,6000,92.080,1300,92.130,100,92.150,200,92.170,100,92.190,37500,92.230,2019-12-24,11:22:57,00,";
var hq_str_sh603259="药明康德,92.010,92.600,92.050,92.950,92.000,92.050,92.060,2083919,192578245.000,3400,92.050,2400,92.040,300,92.030,500,92.020,2100,92.010,1600,92.060,1800,92.090,200,92.130,100,92.220,1200,92.300,2019-12-24,11:23:57,00,";
var hq_str_sh603259="药明康德,92.010,92.600,92.220,92.950,92.000,92.120,92.130,2093219,193434566.000,400,92.120,100,92.100,1200,92.060,4000,92.050,2600,92.040,100,92.130,600,92.160,700,92.220,500,92.280,800,92.290,2019-12-24,11:25:00,00,";
var hq_str_sh603259="药明康德,92.010,92.600,92.100,92.950,92.000,92.100,92.110,2097319,193812156.000,4200,92.100,500,92.070,1600,92.060,4600,92.050,2500,92.040,700,92.110,200,92.130,700,92.220,500,92.280,800,92.290,2019-12-24,11:25:57,00,";
var hq_str_sh603259="药明康德,92.010,92.600,92.100,92.950,92.000,92.110,92.170,2101219,194171440.000,200,92.110,4000,92.100,200,92.080,400,92.070,1800,92.060,200,92.170,800,92.220,100,92.270,500,92.280,800,92.290,2019-12-24,11:26:57,00,";
var hq_str_sh603259="药明康德,92.010,92.600,92.150,92.950,92.000,92.150,92.180,2104219,194447830.000,1100,92.150,1700,92.130,200,92.120,3000,92.100,200,92.080,500,92.180,400,92.220,100,92.270,500,92.280,800,92.290,2019-12-24,11:28:00,00,";
var hq_str_sh603259="药明康德,92.010,92.600,92.200,92.950,92.000,92.200,92.230,2107619,194761201.000,1600,92.200,1000,92.160,500,92.150,1000,92.130,400,92.120,300,92.230,500,92.270,500,92.280,800,92.290,2000,92.300,2019-12-24,11:29:00,00,";
var hq_str_sh603259="药明康德,92.010,92.600,92.290,92.950,92.000,92.270,92.290,2111519,195121020.000,1000,92.270,1300,92.210,300,92.200,200,92.180,1000,92.160,200,92.290,2000,92.300,1000,92.310,4800,92.340,1000,92.420,2019-12-24,11:29:59,00,";
var hq_str_sh603259="药明康德,92.010,92.600,92.290,92.950,92.000,92.290,92.300,2116659,195595244.000,3460,92.290,400,92.280,100,92.260,4000,92.220,1300,92.210,2000,92.300,1000,92.310,4800,92.340,1000,92.420,200,92.450,2019-12-24,13:00:00,00,";
var hq_str_sh603259="药明康德,92.010,92.600,91.980,92.950,91.980,91.980,92.000,2212919,204463903.000,950,91.980,500,91.970,100,91.960,500,91.950,100,91.940,300,92.000,2040,92.010,400,92.020,1700,92.170,300,92.180,2019-12-24,13:00:57,00,";
var hq_str_sh603259="药明康德,92.010,92.600,92.000,92.950,91.940,91.990,92.000,2217309,204867688.000,200,91.990,200,91.980,300,91.940,500,91.930,1900,91.910,1400,92.000,300,92.010,400,92.020,300,92.180,100,92.270,2019-12-24,13:01:57,00,";
var hq_str_sh603259="药明康德,92.010,92.600,91.990,92.950,91.940,91.980,91.990,2227609,205815247.000,1500,91.980,200,91.970,1000,91.950,2800,91.940,2500,91.930,800,91.990,26700,92.000,300,92.170,300,92.180,100,92.270,2019-12-24,13:03:00,00,";
var hq_str_sh603259="药明康德,92.010,92.600,92.000,92.950,91.940,91.950,92.000,2235309,206523513.000,6000,91.950,2800,91.940,2500,91.930,500,91.910,2400,91.900,27600,92.000,100,92.010,300,92.180,100,92.270,300,92.290,2019-12-24,13:04:00,00,";
var hq_str_sh603259="药明康德,92.010,92.600,91.790,92.950,91.790,91.790,91.800,2292009,211732499.000,400,91.790,1400,91.780,200,91.750,200,91.740,100,91.730,9400,91.800,1200,91.990,27000,92.000,300,92.180,100,92.270,2019-12-24,13:04:57,00,";
var hq_str_sh603259="药明康德,92.010,92.600,91.690,92.950,91.680,91.700,91.770,2327809,215015714.000,1900,91.700,1300,91.680,800,91.670,1100,91.660,3300,91.650,100,91.770,200,91.790,9400,91.800,200,91.990,28500,92.000,2019-12-24,13:05:57,00,";
var hq_str_sh603259="药明康德,92.010,92.600,91.670,92.950,91.650,91.670,91.680,2360252,217989524.000,400,91.670,1000,91.660,2657,91.650,1100,91.640,500,91.630,1000,91.680,100,91.690,100,91.770,200,91.790,9400,91.800,2019-12-24,13:07:00,00,";
var hq_str_sh603259="药明康德,92.010,92.600,91.710,92.950,91.650,91.710,91.980,2382852,220063400.000,2200,91.710,900,91.700,400,91.690,2700,91.680,700,91.670,800,91.980,1000,91.990,28500,92.000,300,92.180,100,92.270,2019-12-24,13:07:57,00,";
var hq_str_sh603259="药明康德,92.010,92.600,91.890,92.950,91.650,91.890,91.900,2389152,220642116.000,700,91.890,4400,91.720,1100,91.710,4900,91.700,300,91.690,100,91.900,800,91.910,1000,91.920,300,91.970,1000,91.980,2019-12-24,13:09:00,00,";
var hq_str_sh603259="药明康德,92.010,92.600,91.700,92.950,91.650,91.690,91.700,2415552,223063601.000,1300,91.690,2700,91.680,700,91.670,2400,91.660,3757,91.650,6500,91.700,21300,91.720,300,91.730,2400,91.800,900,91.880,2019-12-24,13:09:57,00,";
var hq_str_sh603259="药明康德,92.010,92.600,91.730,92.950,91.650,91.740,91.860,2490852,229978602.000,100,91.740,300,91.720,100,91.710,21000,91.700,2400,91.680,500,91.860,600,91.980,500,91.990,400,92.000,200,92.100,2019-12-24,13:10:57,00,";
var hq_str_sh603259="药明康德,92.010,92.600,92.000,92.950,91.650,92.000,92.010,2506852,231448648.000,3400,92.000,200,91.980,100,91.970,1000,91.820,5400,91.810,500,92.010,200,92.030,1000,92.040,1500,92.100,300,92.180,2019-12-24,13:11:57,00,";
var hq_str_sh603259="药明康德,92.010,92.600,91.980,92.950,91.650,91.980,92.000,2514052,232110640.000,300,91.980,200,91.820,1400,91.810,5500,91.800,4800,91.770,400,92.000,100,92.010,1000,92.030,1000,92.040,1500,92.100,2019-12-24,13:12:57,00,";
var hq_str_sh603259="药明康德,92.010,92.600,92.140,92.950,91.650,92.130,92.150,2529052,233491149.000,100,92.130,200,92.110,200,92.100,8700,92.000,100,91.980,100,92.150,100,92.160,1300,92.180,100,92.190,100,92.200,2019-12-24,13:13:57,00,";
var hq_str_sh603259="药明康德,92.010,92.600,92.220,92.950,91.650,92.200,92.220,2535852,234117790.000,4400,92.200,3000,92.180,500,92.100,9700,92.000,100,91.980,200,92.220,200,92.230,500,92.240,2500,92.250,100,92.270,2019-12-24,13:14:57,00,";
var hq_str_sh603259="药明康德,92.010,92.600,92.100,92.950,91.650,92.100,92.190,2555752,235952671.000,600,92.100,2000,92.010,7900,92.000,100,91.980,200,91.840,100,92.190,1600,92.200,400,92.240,7100,92.250,100,92.270,2019-12-24,13:16:00,00,";
var hq_str_sh603259="药明康德,92.010,92.600,92.010,92.950,91.650,92.000,92.010,2563552,236670409.000,12100,92.000,400,91.840,700,91.830,5500,91.820,500,91.810,200,92.010,300,92.100,100,92.160,1000,92.170,400,92.190,2019-12-24,13:16:57,00,";
var hq_str_sh603259="药明康德,92.010,92.600,92.000,92.950,91.650,92.000,92.010,2577752,237976814.000,4200,92.000,100,91.880,200,91.840,100,91.830,5500,91.820,1100,92.010,300,92.100,500,92.160,1000,92.170,400,92.190,2019-12-24,13:17:57,00,";
var hq_str_sh603259="药明康德,92.010,92.600,91.880,92.950,91.650,91.880,91.890,2586552,238786457.000,1000,91.880,9700,91.840,100,91.830,5500,91.820,500,91.810,300,91.890,5120,92.000,200,92.110,500,92.160,700,92.170,2019-12-24,13:18:57,00,";
var hq_str_sh603259="药明康德,92.010,92.600,92.000,92.950,91.650,92.000,92.050,2595672,239625137.000,3780,92.000,1100,91.940,1000,91.910,300,91.900,2700,91.890,500,92.050,200,92.100,600,92.160,200,92.170,200,92.190,2019-12-24,13:19:57,00,";
var hq_str_sh603259="药明康德,92.010,92.600,92.200,92.950,91.650,92.060,92.200,2603172,240315769.000,2700,92.060,800,92.040,1300,92.000,1000,91.940,1000,91.910,300,92.200,300,92.210,7700,92.250,100,92.270,1100,92.290,2019-12-24,13:20:57,00,";
var hq_str_sh603259="药明康德,92.010,92.600,92.060,92.950,91.650,92.080,92.180,2608772,240831372.000,1200,92.080,900,92.070,100,92.050,700,92.040,100,92.020,200,92.180,500,92.190,2800,92.200,300,92.210,7700,92.250,2019-12-24,13:22:00,00,";
var hq_str_sh603259="药明康德,92.010,92.600,92.130,92.950,91.650,92.130,92.180,2613472,241264446.000,100,92.130,300,92.080,1000,92.070,1100,92.050,400,92.040,400,92.180,500,92.190,2800,92.200,300,92.210,7700,92.250,2019-12-24,13:22:57,00,";
var hq_str_sh603259="药明康德,92.010,92.600,92.070,92.950,91.650,92.050,92.070,2618272,241706536.000,1100,92.050,200,92.040,200,92.020,600,92.010,21800,92.000,100,92.070,1000,92.170,500,92.180,500,92.190,3200,92.200,2019-12-24,13:23:57,00,";
var hq_str_sh603259="药明康德,92.010,92.600,92.010,92.950,91.650,92.010,92.020,2624272,242258768.000,600,92.010,21800,92.000,1000,91.940,1000,91.910,800,91.900,400,92.020,400,92.070,600,92.170,600,92.180,1500,92.190,2019-12-24,13:25:00,00,";
var hq_str_sh603259="药明康德,92.010,92.600,91.900,92.950,91.650,91.880,91.900,2663372,245855383.000,1700,91.880,100,91.870,500,91.850,9700,91.840,5500,91.820,300,91.900,1000,91.910,1000,91.940,21400,92.000,100,92.010,2019-12-24,13:26:00,00,";
var hq_str_sh603259="药明康德,92.010,92.600,92.000,92.950,91.650,92.000,92.030,2699972,249222086.000,12800,92.000,100,91.900,100,91.890,1900,91.880,400,91.870,700,92.030,900,92.070,1200,92.180,1500,92.190,2800,92.200,2019-12-24,13:26:57,00,";
var hq_str_sh603259="药明康德,92.010,92.600,92.010,92.950,91.650,92.010,92.070,2709572,250105338.000,100,92.010,6800,92.000,100,91.900,1200,91.890,2100,91.880,900,92.070,100,92.150,600,92.170,1200,92.180,1500,92.190,2019-12-24,13:28:00,00,";
var hq_str_sh603259="药明康德,92.010,92.600,92.040,92.950,91.650,92.040,92.060,2713872,250501028.000,200,92.040,3300,92.030,200,92.010,6600,92.000,300,91.980,1200,92.060,900,92.070,100,92.150,1000,92.160,1300,92.180,2019-12-24,13:28:57,00,";
var hq_str_sh603259="药明康德,92.010,92.600,92.040,92.950,91.650,92.030,92.040,2719572,251025645.000,700,92.030,100,92.010,6600,92.000,300,91.980,500,91.900,2400,92.040,400,92.060,900,92.070,100,92.080,7100,92.100,2019-12-24,13:29:57,00,";
var hq_str_sh603259="药明康德,92.010,92.600,92.060,92.950,91.650,92.060,92.070,2729292,251920181.000,800,92.060,200,92.050,200,92.040,2300,92.010,5580,92.000,300,92.070,100,92.080,7100,92.100,100,92.150,1000,92.160,2019-12-24,13:30:57,00,";
var hq_str_sh603259="药明康德,92.010,92.600,92.020,92.950,91.650,92.010,92.020,2740792,252978938.000,4500,92.010,6080,92.000,300,91.980,100,91.950,900,91.900,1100,92.020,3800,92.040,1100,92.070,2900,92.100,100,92.150,2019-12-24,13:31:57,00,";
var hq_str_sh603259="药明康德,92.010,92.600,92.020,92.950,91.650,92.020,92.040,2743492,253227395.000,100,92.020,4100,92.010,6180,92.000,300,91.980,100,91.950,3200,92.040,2900,92.100,100,92.150,1000,92.160,1300,92.180,2019-12-24,13:32:57,00,";
var hq_str_sh603259="药明康德,92.010,92.600,92.180,92.950,91.650,92.180,92.200,2761692,254904169.000,1700,92.180,600,92.160,100,92.150,1900,92.100,5100,92.040,300,92.200,300,92.210,600,92.250,100,92.270,1000,92.280,2019-12-24,13:34:00,00,";
var hq_str_sh603259="药明康德,92.010,92.600,92.250,92.950,91.650,92.200,92.260,2765792,255282267.000,1700,92.200,500,92.180,600,92.160,100,92.150,200,92.110,100,92.260,100,92.270,1000,92.280,1200,92.290,100,92.300,2019-12-24,13:35:00,00,";
var hq_str_sh603259="药明康德,92.010,92.600,92.180,92.950,91.650,92.120,92.180,2775712,256196646.000,100,92.120,280,92.110,1200,92.100,100,92.060,7100,92.050,100,92.180,700,92.210,8200,92.220,100,92.260,100,92.270,2019-12-24,13:35:57,00,";
var hq_str_sh603259="药明康德,92.010,92.600,92.220,92.950,91.650,92.210,92.220,2781912,256768110.000,300,92.210,5000,92.180,600,92.150,100,92.120,380,92.110,7500,92.220,100,92.270,700,92.290,200,92.300,200,92.320,2019-12-24,13:36:57,00,";
var hq_str_sh603259="药明康德,92.010,92.600,92.200,92.950,91.650,92.180,92.210,2790612,257570238.000,2900,92.180,600,92.150,100,92.120,280,92.110,1200,92.100,3600,92.210,6400,92.220,100,92.270,700,92.290,200,92.300,2019-12-24,13:38:00,00,";
var hq_str_sh603259="药明康德,92.010,92.600,92.110,92.950,91.650,92.100,92.110,2797592,258213612.000,1000,92.100,400,92.060,7500,92.050,100,92.040,300,92.030,120,92.110,100,92.140,300,92.190,1300,92.200,2600,92.210,2019-12-24,13:39:00,00,";
var hq_str_sh603259="药明康德,92.010,92.600,92.190,92.950,91.650,92.170,92.190,2801312,258556298.000,100,92.170,700,92.160,2000,92.140,800,92.100,600,92.060,400,92.190,1300,92.200,2600,92.210,6400,92.220,14800,92.230,2019-12-24,13:39:57,00,";
var hq_str_sh603259="药明康德,92.010,92.600,92.070,92.950,91.650,92.060,92.070,2812512,259588621.000,500,92.060,7500,92.050,100,92.040,300,92.030,200,92.020,1200,92.070,200,92.100,80,92.200,1300,92.210,6400,92.220,2019-12-24,13:41:00,00,";
var hq_str_sh603259="药明康德,92.010,92.600,92.210,92.950,91.650,92.120,92.200,2814312,259754389.000,200,92.120,100,92.090,6000,92.080,1000,92.070,800,92.060,500,92.200,7680,92.210,6400,92.220,14800,92.230,100,92.270,2019-12-24,13:41:57,00,";
var hq_str_sh603259="药明康德,92.010,92.600,92.150,92.950,91.650,92.130,92.150,2816312,259938750.000,100,92.130,400,92.120,600,92.100,1800,92.090,6000,92.080,100,92.150,1300,92.180,1000,92.190,200,92.200,6480,92.210,2019-12-24,13:43:00,00,";
var hq_str_sh603259="药明康德,92.010,92.600,92.180,92.950,91.650,92.140,92.180,2822512,260509818.000,400,92.140,200,92.120,1200,92.100,800,92.090,5100,92.080,300,92.180,1000,92.190,200,92.200,6480,92.210,6000,92.220,2019-12-24,13:43:57,00,";
var hq_str_sh603259="药明康德,92.010,92.600,92.100,92.950,91.650,92.090,92.100,2827612,260979639.000,1500,92.090,5100,92.080,700,92.060,7700,92.050,100,92.040,6000,92.100,1100,92.190,400,92.200,6480,92.210,6000,92.220,2019-12-24,13:44:57,00,";
var hq_str_sh603259="药明康德,92.010,92.600,92.090,92.950,91.650,92.090,92.100,2832312,261412479.000,300,92.090,5100,92.080,700,92.060,7700,92.050,200,92.040,6000,92.100,1200,92.190,500,92.200,6480,92.210,6100,92.220,2019-12-24,13:46:00,00,";
var hq_str_sh603259="药明康德,92.010,92.600,92.130,92.950,91.650,92.110,92.130,2843612,262453230.000,6600,92.110,6200,92.100,1000,92.090,5100,92.080,700,92.060,400,92.130,100,92.140,1000,92.190,500,92.200,6480,92.210,2019-12-24,13:47:00,00,";
var hq_str_sh603259="药明康德,92.010,92.600,92.200,92.950,91.650,92.200,92.210,2854012,263412072.000,1800,92.200,400,92.190,2100,92.140,600,92.120,4900,92.110,5380,92.210,6100,92.220,14800,92.230,100,92.250,400,92.260,2019-12-24,13:48:00,00,";
var hq_str_sh603259="药明康德,92.010,92.600,92.110,92.950,91.650,92.100,92.140,2873012,265162706.000,3400,92.100,100,92.090,200,92.080,200,92.070,700,92.060,11000,92.140,4880,92.210,6200,92.220,15000,92.230,100,92.250,2019-12-24,13:48:57,00,";
var hq_str_sh603259="药明康德,92.010,92.600,91.980,92.950,91.650,91.950,91.980,2902792,267903614.000,100,91.950,1100,91.910,1200,91.900,2800,91.880,100,91.870,100,91.980,1800,91.990,1520,92.000,1300,92.040,800,92.060,2019-12-24,13:49:57,00,";
var hq_str_sh603259="药明康德,92.010,92.600,92.130,92.950,91.650,92.130,92.140,2924592,269907992.000,700,92.130,100,92.070,320,92.060,3200,92.020,600,92.010,10600,92.140,1000,92.190,300,92.200,4880,92.210,6100,92.220,2019-12-24,13:50:57,00,";
var hq_str_sh603259="药明康德,92.010,92.600,92.130,92.950,91.650,92.080,92.130,2936892,271041282.000,5200,92.080,300,92.070,2300,92.060,100,92.050,500,92.030,1800,92.130,2200,92.140,1000,92.190,600,92.200,4880,92.210,2019-12-24,13:51:57,00,";
var hq_str_sh603259="药明康德,92.010,92.600,92.160,92.950,91.650,92.150,92.160,2944992,271787516.000,1900,92.150,100,92.130,100,92.110,1600,92.100,200,92.090,1300,92.160,1000,92.190,600,92.200,4880,92.210,6400,92.220,2019-12-24,13:53:00,00,";
var hq_str_sh603259="药明康德,92.010,92.600,92.160,92.950,91.650,92.150,92.180,2950592,272303674.000,1500,92.150,100,92.130,1700,92.100,200,92.090,5700,92.080,8000,92.180,1500,92.190,700,92.200,4480,92.210,6600,92.220,2019-12-24,13:53:57,00,";
var hq_str_sh603259="药明康德,92.010,92.600,92.080,92.950,91.650,92.080,92.090,2963592,273501340.000,3300,92.080,100,92.070,2200,92.060,200,92.050,500,92.030,2700,92.090,8700,92.100,700,92.130,700,92.150,300,92.160,2019-12-24,13:55:00,00,";
var hq_str_sh603259="药明康德,92.010,92.600,92.020,92.950,91.650,92.020,92.030,2975292,274578468.000,2400,92.020,1200,92.010,42780,92.000,300,91.970,800,91.930,100,92.030,3100,92.050,100,92.060,600,92.070,800,92.080,2019-12-24,13:55:57,00,";
var hq_str_sh603259="药明康德,92.010,92.600,92.050,92.950,91.650,92.010,92.020,2988292,275774823.000,100,92.010,41980,92.000,100,91.980,300,91.970,100,91.950,1200,92.020,1540,92.050,1200,92.060,100,92.070,800,92.080,2019-12-24,13:56:57,00,";
var hq_str_sh603259="药明康德,92.010,92.600,91.850,92.950,91.650,91.860,91.870,3040472,280574735.000,800,91.860,1100,91.850,400,91.840,4800,91.820,400,91.810,900,91.870,100,91.890,100,91.900,1400,91.930,100,91.980,2019-12-24,13:57:58,00,";
var hq_str_sh603259="药明康德,92.010,92.600,91.880,92.950,91.650,91.870,91.920,3049412,281396054.000,1760,91.870,1100,91.860,700,91.850,1600,91.840,4800,91.820,500,91.920,100,91.980,100,92.000,300,92.020,1640,92.050,2019-12-24,13:58:58,00,";
var hq_str_sh603259="药明康德,92.010,92.600,91.830,92.950,91.650,91.840,91.870,3098039,285861279.000,200,91.840,2733,91.830,1000,91.780,500,91.770,100,91.760,2200,91.870,500,91.910,100,91.980,1640,92.050,1200,92.060,2019-12-24,13:59:58,00,";
var hq_str_sh603259="药明康德,92.010,92.600,91.910,92.950,91.650,91.850,91.960,3109039,286871817.000,100,91.850,1400,91.840,1933,91.830,500,91.810,300,91.800,100,91.960,200,91.970,100,91.980,4440,92.050,1200,92.060,2019-12-24,14:01:00,00,";
var hq_str_sh603259="药明康德,92.010,92.600,92.010,92.950,91.650,91.990,92.030,3113339,287267468.000,300,91.990,1000,91.980,600,91.970,300,91.930,100,91.910,100,92.030,1600,92.040,3840,92.050,1200,92.060,300,92.130,2019-12-24,14:02:00,00,";
var hq_str_sh603259="药明康德,92.010,92.600,92.110,92.950,91.650,92.050,92.130,3122379,288099630.000,100,92.050,300,92.040,100,92.030,100,92.010,400,91.980,300,92.130,200,92.160,800,92.170,1100,92.190,100,92.200,2019-12-24,14:02:58,00,";
var hq_str_sh603259="药明康德,92.010,92.600,92.100,92.950,91.650,92.050,92.100,3125179,288357550.000,400,92.050,300,92.040,100,92.030,100,92.010,400,91.980,1000,92.100,400,92.110,1200,92.130,100,92.150,200,92.160,2019-12-24,14:03:58,00,";
var hq_str_sh603259="药明康德,92.010,92.600,92.040,92.950,91.650,92.070,92.130,3127279,288550898.000,100,92.070,600,92.050,200,92.040,300,92.030,100,92.010,1200,92.130,100,92.150,200,92.160,800,92.170,1100,92.190,2019-12-24,14:04:58,00,";
var hq_str_sh603259="药明康德,92.010,92.600,92.100,92.950,91.650,92.100,92.130,3132479,289029907.000,200,92.100,100,92.090,500,92.050,200,92.040,300,92.030,100,92.130,800,92.160,800,92.170,1100,92.190,500,92.200,2019-12-24,14:05:58,00,";
var hq_str_sh603259="药明康德,92.010,92.600,92.030,92.950,91.650,92.030,92.040,3134679,289232458.000,700,92.030,1200,92.010,11400,92.000,200,91.980,600,91.970,100,92.040,1100,92.050,6400,92.100,600,92.130,800,92.160,2019-12-24,14:06:58,00,";
var hq_str_sh603259="药明康德,92.010,92.600,92.040,92.950,91.650,92.030,92.100,3147579,290420243.000,600,92.030,500,92.020,1200,92.010,12000,92.000,100,91.980,2400,92.100,100,92.130,900,92.160,2900,92.170,1100,92.190,2019-12-24,14:08:00,00,";
var hq_str_sh603259="药明康德,92.010,92.600,92.020,92.950,91.650,92.010,92.020,3150579,290696370.000,2800,92.010,12000,92.000,100,91.980,600,91.970,500,91.960,1800,92.020,100,92.060,2300,92.100,500,92.150,900,92.160,2019-12-24,14:08:58,00,";
var hq_str_sh603259="药明康德,92.010,92.600,91.850,92.950,91.650,91.850,91.890,3181279,293519586.000,100,91.850,100,91.840,2233,91.830,700,91.810,900,91.800,300,91.890,1600,91.940,2300,91.950,2000,91.960,1200,91.970,2019-12-24,14:09:58,00,";
var hq_str_sh603259="药明康德,92.010,92.600,91.860,92.950,91.650,91.830,91.860,3206979,295879469.000,5200,91.830,20733,91.820,500,91.800,100,91.790,200,91.770,100,91.860,1100,91.880,100,91.900,600,91.930,2300,91.950,2019-12-24,14:10:58,00,";
var hq_str_sh603259="药明康德,92.010,92.600,91.710,92.950,91.650,91.700,91.710,3276412,302254652.000,4500,91.700,600,91.690,10400,91.680,900,91.670,4900,91.660,1200,91.710,1700,91.720,1200,91.740,2300,91.780,900,91.800,2019-12-24,14:11:58,00,";
var hq_str_sh603259="药明康德,92.010,92.600,91.530,92.950,91.520,91.520,91.530,3360669,309974849.000,1600,91.520,7000,91.510,16000,91.500,600,91.490,3200,91.480,2000,91.530,6800,91.560,2300,91.590,8343,91.600,3900,91.650,2019-12-24,14:12:58,00,";
var hq_str_sh603259="药明康德,92.010,92.600,91.560,92.950,91.510,91.550,91.560,3442969,317508539.000,3000,91.550,2200,91.540,3000,91.530,7200,91.520,2400,91.510,100,91.560,1500,91.570,8343,91.600,2600,91.650,200,91.770,2019-12-24,14:13:58,00,";
var hq_str_sh603259="药明康德,92.010,92.600,91.630,92.950,91.510,91.620,91.630,3491412,321945595.000,800,91.620,1200,91.610,12200,91.600,1800,91.580,2200,91.570,7000,91.630,3300,91.650,100,91.720,200,91.770,16300,91.850,2019-12-24,14:15:00,00,";
var hq_str_sh603259="药明康德,92.010,92.600,91.550,92.950,91.510,91.550,91.560,3526269,325138295.000,4700,91.550,8000,91.530,5900,91.520,2600,91.510,21000,91.500,343,91.560,2900,91.570,1400,91.580,2000,91.590,6740,91.600,2019-12-24,14:15:58,00,";
var hq_str_sh603259="药明康德,92.010,92.600,91.420,92.950,91.410,91.410,91.420,3592969,331241682.000,26700,91.410,3700,91.400,900,91.390,1000,91.380,100,91.370,100,91.420,400,91.430,800,91.450,6700,91.460,500,91.480,2019-12-24,14:17:00,00,";
var hq_str_sh603259="药明康德,92.010,92.600,91.530,92.950,91.410,91.500,91.530,3661869,337541714.000,1800,91.500,100,91.490,100,91.470,100,91.460,1300,91.430,7900,91.530,6900,91.560,1000,91.570,100,91.590,5200,91.600,2019-12-24,14:17:58,00,";
var hq_str_sh603259="药明康德,92.010,92.600,91.530,92.950,91.410,91.490,91.530,3717469,342629285.000,200,91.490,200,91.480,1500,91.470,2400,91.460,6100,91.450,6500,91.530,6900,91.560,4400,91.570,200,91.590,5200,91.600,2019-12-24,14:19:00,00,";
var hq_str_sh603259="药明康德,92.010,92.600,91.510,92.950,91.410,91.490,91.500,3757469,346289744.000,4300,91.490,7100,91.480,800,91.470,1400,91.460,6400,91.450,300,91.500,600,91.510,1500,91.530,3080,91.560,4400,91.570,2019-12-24,14:19:58,00,";
var hq_str_sh603259="药明康德,92.010,92.600,91.600,92.950,91.410,91.560,91.600,3822949,352282021.000,100,91.560,1000,91.550,1220,91.530,1000,91.520,28600,91.510,4000,91.600,1700,91.650,500,91.660,100,91.820,300,91.900,2019-12-24,14:21:00,00,";
var hq_str_sh603259="药明康德,92.010,92.600,91.710,92.950,91.410,91.670,91.710,3836849,353555712.000,200,91.670,900,91.660,900,91.650,400,91.630,1500,91.620,200,91.710,4200,91.770,100,91.810,100,91.820,300,91.900,2019-12-24,14:21:58,00,";
var hq_str_sh603259="药明康德,92.010,92.600,91.760,92.950,91.410,91.760,91.770,3841849,354014425.000,100,91.760,1200,91.690,1400,91.680,2900,91.670,1500,91.660,3000,91.770,300,91.810,100,91.820,5600,91.840,1000,91.950,2019-12-24,14:22:58,00,";
var hq_str_sh603259="药明康德,92.010,92.600,91.710,92.950,91.410,91.710,91.730,3854649,355188502.000,400,91.710,100,91.700,300,91.690,2600,91.680,2900,91.670,200,91.730,300,91.750,100,91.760,2600,91.770,100,91.820,2019-12-24,14:23:58,00,";
var hq_str_sh603259="药明康德,92.010,92.600,91.710,92.950,91.410,91.710,91.730,3867849,356399096.000,400,91.710,800,91.700,700,91.690,2400,91.680,1300,91.670,300,91.730,200,91.750,2500,91.770,300,91.820,500,91.830,2019-12-24,14:24:58,00,";
var hq_str_sh603259="药明康德,92.010,92.600,91.530,92.950,91.410,91.530,91.550,3891949,358607366.000,1020,91.530,1300,91.520,25200,91.510,17900,91.500,2500,91.490,800,91.550,2200,91.560,1500,91.580,800,91.590,32900,91.600,2019-12-24,14:25:58,00,";
var hq_str_sh603259="药明康德,92.010,92.600,91.460,92.950,91.410,91.460,91.470,3988569,367448840.000,2200,91.460,7000,91.450,2800,91.440,2800,91.430,1100,91.420,2600,91.470,1600,91.490,100,91.500,17380,91.520,200,91.540,2019-12-24,14:26:58,00,";
var hq_str_sh603259="药明康德,92.010,92.600,91.400,92.950,91.390,91.390,91.460,4055969,373611355.000,700,91.390,1300,91.380,500,91.370,400,91.360,1000,91.330,4000,91.460,3200,91.470,100,91.490,10600,91.500,9880,91.520,2019-12-24,14:28:00,00,";
var hq_str_sh603259="药明康德,92.010,92.600,91.380,92.950,91.370,91.380,91.390,4077009,375534017.000,5600,91.380,5460,91.370,1100,91.360,200,91.350,200,91.340,4200,91.390,8400,91.400,5900,91.410,200,91.420,3300,91.470,2019-12-24,14:29:00,00,";
var hq_str_sh603259="药明康德,92.010,92.600,91.500,92.950,91.370,91.500,91.560,4165849,383659830.000,9660,91.500,800,91.410,3000,91.400,5700,91.390,2700,91.380,400,91.560,2300,91.600,5100,91.680,600,91.700,300,91.730,2019-12-24,14:29:58,00,";
var hq_str_sh603259="药明康德,92.010,92.600,91.520,92.950,91.370,91.500,91.540,4192449,386094289.000,2460,91.500,200,91.430,200,91.420,4500,91.410,6700,91.400,100,91.540,1000,91.550,1000,91.600,8200,91.660,5100,91.680,2019-12-24,14:30:58,00,";
var hq_str_sh603259="药明康德,92.010,92.600,91.610,92.950,91.370,91.600,91.620,4202149,386982381.000,1900,91.600,2900,91.570,300,91.560,11000,91.550,500,91.520,1400,91.620,100,91.650,8200,91.660,5100,91.680,600,91.700,2019-12-24,14:31:58,00,";
var hq_str_sh603259="药明康德,92.010,92.600,91.950,92.950,91.370,91.950,91.980,4235649,390055702.000,300,91.950,1400,91.880,500,91.850,100,91.820,8400,91.800,5100,91.980,3700,91.990,2100,92.000,100,92.010,2200,92.030,2019-12-24,14:32:58,00,";
var hq_str_sh603259="药明康德,92.010,92.600,91.880,92.950,91.370,91.880,91.890,4256349,391958051.000,300,91.880,5000,91.830,4600,91.820,1400,91.810,8600,91.800,700,91.890,1400,91.900,100,91.940,1800,91.950,1000,91.980,2019-12-24,14:33:58,00,";
var hq_str_sh603259="药明康德,92.010,92.600,91.910,92.950,91.370,91.890,91.910,4301305,396092275.000,1100,91.890,4144,91.880,100,91.840,5100,91.830,2600,91.820,1700,91.910,600,91.950,700,91.980,3800,91.990,65500,92.000,2019-12-24,14:35:00,00,";
var hq_str_sh603259="药明康德,92.010,92.600,92.000,92.950,91.370,92.000,92.020,4343205,399946585.000,3700,92.000,100,91.990,400,91.980,1000,91.950,200,91.940,700,92.020,600,92.060,3800,92.140,10500,92.150,1700,92.160,2019-12-24,14:35:58,00,";
var hq_str_sh603259="药明康德,92.010,92.600,92.000,92.950,91.370,91.940,91.960,4372305,402624208.000,200,91.940,3500,91.900,1300,91.890,400,91.850,600,91.840,400,91.960,1100,92.000,300,92.020,4200,92.050,500,92.060,2019-12-24,14:36:58,00,";
var hq_str_sh603259="药明康德,92.010,92.600,92.050,92.950,91.370,92.010,92.050,4402505,405402769.000,800,92.010,8000,92.000,100,91.970,3900,91.950,100,91.910,2900,92.050,400,92.060,1100,92.080,200,92.090,700,92.100,2019-12-24,14:37:58,00,";
var hq_str_sh603259="药明康德,92.010,92.600,92.000,92.950,91.370,92.000,92.020,4443905,409212268.000,10400,92.000,3100,91.970,3900,91.950,100,91.910,3900,91.900,13700,92.020,1100,92.030,5800,92.050,2700,92.060,1100,92.080,2019-12-24,14:38:58,00,";
var hq_str_sh603259="药明康德,92.010,92.600,91.970,92.950,91.370,91.950,91.970,4485505,413039588.000,3500,91.950,100,91.910,3900,91.900,1300,91.890,600,91.840,3500,91.970,1300,91.980,300,92.000,1000,92.020,100,92.040,2019-12-24,14:39:58,00,";
var hq_str_sh603259="药明康德,92.010,92.600,91.910,92.950,91.370,91.910,91.940,4514805,415732312.000,1100,91.910,2900,91.900,5000,91.830,2200,91.820,100,91.810,100,91.940,200,91.950,100,91.960,100,91.970,1200,91.980,2019-12-24,14:40:58,00,";
var hq_str_sh603259="药明康德,92.010,92.600,91.990,92.950,91.370,91.920,91.990,4540505,418095215.000,2500,91.920,900,91.900,300,91.890,200,91.880,200,91.860,300,91.990,1000,92.000,400,92.010,900,92.040,5700,92.050,2019-12-24,14:42:00,00,";
var hq_str_sh603259="药明康德,92.010,92.600,91.870,92.950,91.370,91.860,91.880,4565105,420357274.000,200,91.860,300,91.850,100,91.840,5000,91.830,2000,91.820,2600,91.880,700,91.900,600,91.920,600,91.970,1600,91.980,2019-12-24,14:43:00,00,";
var hq_str_sh603259="药明康德,92.010,92.600,91.880,92.950,91.370,91.880,91.900,4612605,424724162.000,900,91.880,300,91.850,600,91.840,7500,91.830,2000,91.820,400,91.900,300,91.910,400,91.930,1000,91.950,500,91.990,2019-12-24,14:44:00,00,";
var hq_str_sh603259="药明康德,92.010,92.600,91.810,92.950,91.370,91.810,91.820,4666205,429645715.000,3800,91.810,100,91.800,2800,91.790,100,91.740,2100,91.710,1900,91.820,4000,91.830,100,91.850,600,91.860,1500,91.880,2019-12-24,14:44:58,00,";
var hq_str_sh603259="药明康德,92.010,92.600,91.700,92.950,91.370,91.680,91.700,4725205,435057818.000,3400,91.680,1500,91.670,1200,91.650,200,91.620,300,91.610,9300,91.700,1400,91.710,100,91.730,100,91.740,3000,91.800,2019-12-24,14:46:00,00,";
var hq_str_sh603259="药明康德,92.010,92.600,91.740,92.950,91.370,91.680,91.740,4783225,440377435.000,3500,91.680,100,91.670,480,91.600,600,91.580,1200,91.560,600,91.740,2600,91.800,1100,91.820,600,91.860,200,91.880,2019-12-24,14:46:58,00,";
var hq_str_sh603259="药明康德,92.010,92.600,91.740,92.950,91.370,91.740,91.800,4801105,442017014.000,3400,91.740,100,91.730,100,91.720,500,91.710,1700,91.700,2600,91.800,1100,91.820,200,91.880,300,91.890,200,91.900,2019-12-24,14:48:00,00,";
var hq_str_sh603259="药明康德,92.010,92.600,91.750,92.950,91.370,91.740,91.760,4816885,443464597.000,7600,91.740,900,91.720,8020,91.710,1200,91.700,200,91.690,400,91.760,7100,91.800,100,91.820,200,91.880,300,91.890,2019-12-24,14:48:58,00,";
var hq_str_sh603259="药明康德,92.010,92.600,91.790,92.950,91.370,91.790,91.810,4831885,444841431.000,1200,91.790,4500,91.780,8800,91.770,5400,91.760,300,91.750,500,91.810,500,91.840,5600,91.880,300,91.890,500,91.900,2019-12-24,14:49:58,00,";
var hq_str_sh603259="药明康德,92.010,92.600,91.980,92.950,91.370,91.890,91.930,4860585,447479028.000,2000,91.890,100,91.880,100,91.870,2100,91.860,100,91.840,1400,91.930,700,91.980,1100,91.990,2600,92.000,200,92.030,2019-12-24,14:50:58,00,";
var hq_str_sh603259="药明康德,92.010,92.600,91.840,92.950,91.370,91.810,91.840,4934485,454265496.000,100,91.810,5300,91.800,500,91.780,8100,91.770,800,91.760,900,91.840,500,91.850,800,91.910,100,91.970,300,91.980,2019-12-24,14:51:58,00,";
var hq_str_sh603259="药明康德,92.010,92.600,91.860,92.950,91.370,91.820,91.860,4965585,457122240.000,700,91.820,2000,91.810,1500,91.800,900,91.790,400,91.780,600,91.860,500,91.900,100,91.950,400,91.960,500,91.980,2019-12-24,14:52:57,00,";
var hq_str_sh603259="药明康德,92.010,92.600,91.950,92.950,91.370,91.950,92.000,5014785,461641888.000,6800,91.950,300,91.910,14400,91.900,400,91.840,4100,91.800,2800,92.000,3100,92.040,1800,92.050,1000,92.080,700,92.100,2019-12-24,14:53:58,00,";
var hq_str_sh603259="药明康德,92.010,92.600,92.060,92.950,91.370,92.020,92.060,5050385,464917833.000,400,92.020,11300,92.000,600,91.990,7000,91.950,200,91.920,100,92.060,1762,92.080,100,92.090,800,92.100,200,92.110,2019-12-24,14:55:00,00,";
var hq_str_sh603259="药明康德,92.010,92.600,92.060,92.950,91.370,92.020,92.060,5094185,468948313.000,300,92.020,11100,92.000,600,91.990,2000,91.950,200,91.920,9100,92.060,1300,92.070,362,92.080,300,92.090,800,92.100,2019-12-24,14:55:58,00,";
var hq_str_sh603259="药明康德,92.010,92.600,92.000,92.950,91.370,92.000,92.020,5134285,472638128.000,1900,92.000,800,91.990,2000,91.950,200,91.920,1000,91.910,300,92.020,400,92.040,700,92.050,3000,92.060,400,92.070,2019-12-24,14:56:58,00,";
var hq_str_sh603259="药明康德,92.010,92.600,92.000,92.950,91.370,92.020,92.020,5134285,472638128.000,10800,92.020,0,0.000,0,0.000,0,0.000,0,0.000,10800,92.020,1100,0.000,0,0.000,0,0.000,0,0.000,2019-12-24,14:57:58,00,";
var hq_str_sh603259="药明康德,92.010,92.600,92.000,92.950,91.370,92.020,92.020,5134285,472638128.000,23800,92.020,0,0.000,0,0.000,0,0.000,0,0.000,23800,92.020,7052,0.000,0,0.000,0,0.000,0,0.000,2019-12-24,14:58:58,00,";
