var hq_str_sh603259="药明康德,86.680,85.050,86.680,86.680,86.680,86.680,86.720,68042,5897881.000,3558,86.680,300,86.670,200,86.660,71900,86.650,1000,86.630,600,86.720,100,86.750,2100,86.780,1100,86.800,200,86.860,2019-06-19,09:29:50,00";
var hq_str_sh603259="药明康德,86.680,85.050,87.050,87.200,86.680,87.050,87.190,151692,13164249.000,2400,87.050,8900,87.000,4800,86.990,4150,86.970,7200,86.950,100,87.190,500,87.200,300,87.230,900,87.250,200,87.280,2019-06-19,09:30:59,00";
var hq_str_sh603259="药明康德,86.680,85.050,87.210,87.430,86.680,87.210,87.290,195692,17005864.000,600,87.210,1100,87.200,2700,87.180,1900,87.000,100,86.990,800,87.290,100,87.300,100,87.340,2900,87.350,200,87.380,2019-06-19,09:31:57,00";
var hq_str_sh603259="药明康德,86.680,85.050,86.840,87.430,86.680,86.840,86.860,258692,22490761.000,6600,86.840,1900,86.750,6600,86.720,200,86.700,29058,86.680,3100,86.860,100,86.870,300,86.900,5600,86.910,8300,86.950,2019-06-19,09:32:57,00";
var hq_str_sh603259="药明康德,86.680,85.050,86.860,87.430,86.680,86.790,86.860,318392,27672307.000,100,86.790,200,86.740,2800,86.710,400,86.700,1800,86.690,3600,86.860,200,86.880,700,86.900,5600,86.950,500,86.980,2019-06-19,09:33:57,00";
var hq_str_sh603259="药明康德,86.680,85.050,86.680,87.430,86.680,86.660,86.680,383650,33330731.000,800,86.660,64700,86.650,3900,86.610,4200,86.600,1200,86.560,16042,86.680,800,86.690,1600,86.700,5700,86.740,3300,86.750,2019-06-19,09:34:57,00";
var hq_str_sh603259="药明康德,86.680,85.050,86.660,87.430,86.500,86.500,86.660,525192,45595600.000,1158,86.500,3500,86.160,100,86.100,11200,86.050,200,86.010,500,86.660,400,86.710,300,86.720,600,86.730,4600,86.740,2019-06-19,09:35:57,00";
var hq_str_sh603259="药明康德,86.680,85.050,86.180,87.430,86.000,86.180,86.300,590650,51243884.000,100,86.180,1100,86.170,3500,86.160,800,86.080,700,86.070,3100,86.300,400,86.390,3300,86.400,500,86.420,1900,86.430,2019-06-19,09:36:57,00";
var hq_str_sh603259="药明康德,86.680,85.050,86.100,87.430,85.970,86.100,86.200,674850,58493301.000,2100,86.100,500,86.090,200,86.050,700,86.040,400,86.020,100,86.200,2800,86.300,5100,86.390,700,86.400,100,86.410,2019-06-19,09:37:59,00";
var hq_str_sh603259="药明康德,86.680,85.050,85.820,87.430,85.800,85.800,85.820,720750,62442925.000,1700,85.800,2700,85.790,300,85.760,900,85.720,100,85.710,900,85.820,100,86.060,1726,86.080,300,86.090,31600,86.100,2019-06-19,09:38:59,00";
var hq_str_sh603259="药明康德,86.680,85.050,86.020,87.430,85.800,86.020,86.090,775150,67121300.000,300,86.020,100,86.000,2600,85.960,300,85.950,100,85.930,1600,86.090,19475,86.100,2000,86.110,300,86.120,100,86.130,2019-06-19,09:39:57,00";
var hq_str_sh603259="药明康德,86.680,85.050,85.950,87.430,85.800,85.950,85.960,833850,72169201.000,500,85.950,1700,85.940,1200,85.930,1400,85.920,1200,85.910,800,85.960,27900,86.000,2000,86.020,100,86.050,500,86.060,2019-06-19,09:40:56,00";
var hq_str_sh603259="药明康德,86.680,85.050,85.900,87.430,85.800,85.890,85.900,881550,76267852.000,1300,85.890,1900,85.880,10800,85.820,2200,85.810,600,85.800,13900,85.900,9600,85.910,7900,85.920,100,85.930,16700,85.940,2019-06-19,09:41:59,00";
var hq_str_sh603259="药明康德,86.680,85.050,85.900,87.430,85.800,85.860,85.890,992350,85785143.000,1500,85.860,2100,85.850,1300,85.830,1800,85.820,1000,85.800,200,85.890,13000,85.900,4500,85.920,3800,85.930,5800,85.940,2019-06-19,09:42:57,00";
var hq_str_sh603259="药明康德,86.680,85.050,85.600,87.430,85.550,85.550,85.600,1048850,90633859.000,400,85.550,400,85.510,2000,85.500,1000,85.450,200,85.430,400,85.600,42300,85.700,61500,85.710,400,85.720,3800,85.760,2019-06-19,09:43:59,00";
var hq_str_sh603259="药明康德,86.680,85.050,85.770,87.430,85.500,85.770,85.800,1232850,106399045.000,400,85.770,1200,85.730,600,85.720,5700,85.710,20200,85.700,100,85.800,100,85.810,3800,85.850,16500,85.860,300,85.880,2019-06-19,09:44:56,00";
var hq_str_sh603259="药明康德,86.680,85.050,85.780,87.430,85.500,85.750,85.780,1287750,111110084.000,200,85.750,500,85.740,1300,85.730,100,85.720,3400,85.710,2100,85.780,5000,85.850,16500,85.860,300,85.880,6400,85.900,2019-06-19,09:45:59,00";
var hq_str_sh603259="药明康德,86.680,85.050,85.730,87.430,85.500,85.730,85.740,1321250,113981528.000,7100,85.730,3200,85.710,100,85.690,400,85.660,1000,85.650,2300,85.740,9700,85.750,1700,85.780,100,85.800,3200,85.850,2019-06-19,09:46:56,00";
var hq_str_sh603259="药明康德,86.680,85.050,85.740,87.430,85.500,85.730,85.740,1359250,117239304.000,2200,85.730,1300,85.720,1100,85.710,100,85.700,400,85.690,900,85.740,5400,85.750,300,85.770,1700,85.780,5100,85.800,2019-06-19,09:47:59,00";
var hq_str_sh603259="药明康德,86.680,85.050,85.860,87.430,85.500,85.850,85.860,1414450,121976332.000,2200,85.850,200,85.840,300,85.820,100,85.810,500,85.800,13400,85.860,400,85.880,6300,85.900,100,85.920,5400,85.940,2019-06-19,09:48:59,00";
var hq_str_sh603259="药明康德,86.680,85.050,85.730,87.430,85.500,85.730,85.780,1454950,125452503.000,2000,85.730,1500,85.720,2500,85.710,100,85.700,400,85.690,300,85.780,2000,85.800,100,85.810,1200,85.830,5600,85.840,2019-06-19,09:49:57,00";
var hq_str_sh603259="药明康德,86.680,85.050,85.820,87.430,85.500,85.810,85.820,1478650,127485599.000,1300,85.810,300,85.770,100,85.760,900,85.750,9300,85.740,100,85.820,5400,85.840,200,85.850,2500,85.860,400,85.880,2019-06-19,09:50:56,00";
var hq_str_sh603259="药明康德,86.680,85.050,85.880,87.430,85.500,85.910,85.920,1513550,130482454.000,100,85.910,100,85.870,1200,85.860,200,85.850,600,85.840,2100,85.920,800,85.930,3800,85.940,8000,85.950,700,85.970,2019-06-19,09:51:57,00";
var hq_str_sh603259="药明康德,86.680,85.050,85.960,87.430,85.500,85.960,86.000,1553350,133902480.000,5100,85.960,1600,85.900,500,85.890,200,85.880,600,85.870,21300,86.000,2000,86.020,100,86.030,500,86.050,3400,86.080,2019-06-19,09:52:56,00";
var hq_str_sh603259="药明康德,86.680,85.050,86.000,87.430,85.500,86.010,86.030,1609950,138770591.000,400,86.010,5200,86.000,400,85.980,300,85.900,1400,85.890,800,86.030,7500,86.080,19154,86.100,2000,86.110,500,86.120,2019-06-19,09:53:56,00";
var hq_str_sh603259="药明康德,86.680,85.050,86.000,87.430,85.500,86.000,86.080,1642950,141610199.000,3600,86.000,100,85.910,300,85.900,600,85.870,1000,85.860,1800,86.080,3100,86.090,18054,86.100,2000,86.110,500,86.120,2019-06-19,09:54:56,00";
var hq_str_sh603259="药明康德,86.680,85.050,86.010,87.430,85.500,85.910,86.010,1674750,144346482.000,700,85.910,1700,85.900,600,85.870,1000,85.860,200,85.850,300,86.010,300,86.040,3900,86.060,200,86.070,2800,86.090,2019-06-19,09:55:59,00";
var hq_str_sh603259="药明康德,86.680,85.050,85.840,87.430,85.500,85.820,85.840,1694050,146005086.000,200,85.820,200,85.770,500,85.750,1000,85.720,2500,85.710,100,85.840,100,85.880,800,85.890,900,85.900,2200,85.990,2019-06-19,09:56:56,00";
var hq_str_sh603259="药明康德,86.680,85.050,85.860,87.430,85.500,85.860,85.890,1714450,147755961.000,3700,85.860,500,85.780,100,85.770,800,85.750,1000,85.730,1300,85.890,900,85.900,100,85.980,2600,85.990,11900,86.000,2019-06-19,09:57:59,00";
var hq_str_sh603259="药明康德,86.680,85.050,85.800,87.430,85.500,85.790,85.800,1752350,151012842.000,200,85.790,1000,85.780,500,85.750,1200,85.740,2300,85.730,100,85.800,200,86.000,2000,86.010,100,86.020,300,86.040,2019-06-19,09:58:59,00";
var hq_str_sh603259="药明康德,86.680,85.050,85.490,87.430,85.360,85.510,85.520,1814350,156317694.000,500,85.510,200,85.490,300,85.450,1400,85.420,700,85.410,3000,85.520,500,85.540,2000,85.550,1000,85.600,400,85.620,2019-06-19,09:59:59,00";
var hq_str_sh603259="药明康德,86.680,85.050,85.890,87.430,85.360,85.890,85.900,1837450,158297713.000,100,85.890,300,85.880,1400,85.800,8300,85.770,100,85.610,1400,85.900,600,85.980,300,85.990,4600,86.000,2200,86.010,2019-06-19,10:00:56,00";
var hq_str_sh603259="药明康德,86.680,85.050,86.010,87.430,85.360,86.010,86.060,1862450,160446805.000,2000,86.010,300,86.000,1800,85.990,1700,85.980,1300,85.970,900,86.060,1200,86.070,100,86.080,2800,86.090,16254,86.100,2019-06-19,10:01:56,00";
var hq_str_sh603259="药明康德,86.680,85.050,86.040,87.430,85.360,85.990,86.040,1900050,163682617.000,1200,85.990,800,85.980,100,85.940,100,85.900,200,85.880,900,86.040,300,86.050,1400,86.090,15954,86.100,2000,86.110,2019-06-19,10:02:59,00";
var hq_str_sh603259="药明康德,86.680,85.050,85.990,87.430,85.360,86.000,86.010,1928850,166161206.000,200,86.000,500,85.990,800,85.980,100,85.940,200,85.880,2500,86.010,300,86.040,5200,86.060,1200,86.080,6400,86.090,2019-06-19,10:03:53,00";
var hq_str_sh603259="药明康德,86.680,85.050,85.980,87.430,85.360,85.880,85.980,1943750,167442463.000,300,85.880,600,85.860,100,85.810,400,85.780,900,85.620,500,85.980,10500,85.990,9000,86.000,2500,86.010,500,86.020,2019-06-19,10:04:56,00";
var hq_str_sh603259="药明康德,86.680,85.050,85.860,87.430,85.360,85.860,85.890,1959350,168783480.000,500,85.860,100,85.810,400,85.780,300,85.710,200,85.660,800,85.890,3400,85.900,600,85.980,3200,85.990,8200,86.000,2019-06-19,10:05:53,00";
var hq_str_sh603259="药明康德,86.680,85.050,86.000,87.430,85.360,85.980,86.000,1982550,170777324.000,1200,85.980,100,85.930,700,85.880,500,85.720,100,85.710,3900,86.000,3500,86.010,500,86.020,300,86.040,600,86.050,2019-06-19,10:06:56,00";
var hq_str_sh603259="药明康德,86.680,85.050,86.000,87.430,85.360,85.980,86.000,2002250,172471387.000,200,85.980,100,85.950,300,85.900,200,85.880,300,85.800,5600,86.000,3200,86.080,3800,86.090,27354,86.100,2000,86.110,2019-06-19,10:07:56,00";
var hq_str_sh603259="药明康德,86.680,85.050,85.930,87.430,85.360,85.830,85.990,2022950,174250583.000,2000,85.830,300,85.800,100,85.770,100,85.750,500,85.730,500,85.990,1300,86.000,4000,86.080,3800,86.090,27354,86.100,2019-06-19,10:08:59,00";
var hq_str_sh603259="药明康德,86.680,85.050,86.240,87.430,85.360,86.230,86.240,2118804,182505855.000,100,86.230,100,86.200,300,86.160,100,86.150,9100,86.010,1200,86.240,800,86.250,400,86.260,100,86.270,1200,86.280,2019-06-19,10:09:59,00";
var hq_str_sh603259="药明康德,86.680,85.050,86.020,87.430,85.360,86.010,86.020,2138204,184176066.000,10400,86.010,300,86.000,2600,85.990,10500,85.880,100,85.770,500,86.020,18600,86.050,600,86.070,5000,86.120,2000,86.150,2019-06-19,10:10:56,00";
var hq_str_sh603259="药明康德,86.680,85.050,86.100,87.430,85.360,86.050,86.100,2182304,187970746.000,1000,86.050,1000,86.020,3700,86.010,2500,85.990,500,85.960,500,86.100,5000,86.120,3800,86.150,4300,86.160,4400,86.190,2019-06-19,10:11:56,00";
var hq_str_sh603259="药明康德,86.680,85.050,86.000,87.430,85.360,85.990,86.000,2208077,190188534.000,1027,85.990,500,85.960,10400,85.900,100,85.890,10700,85.880,200,86.000,400,86.030,3200,86.040,500,86.050,5600,86.060,2019-06-19,10:12:56,00";
var hq_str_sh603259="药明康德,86.680,85.050,86.050,87.430,85.360,86.040,86.050,2244477,193319013.000,2400,86.040,200,86.000,100,85.960,1600,85.950,600,85.920,1700,86.050,4500,86.060,200,86.100,3000,86.110,3500,86.120,2019-06-19,10:13:59,00";
var hq_str_sh603259="药明康德,86.680,85.050,85.960,87.430,85.360,85.960,85.970,2270777,195581012.000,1400,85.960,100,85.950,600,85.920,2800,85.910,500,85.900,1000,85.970,4500,86.000,3500,86.030,3500,86.040,4600,86.050,2019-06-19,10:14:59,00";
var hq_str_sh603259="药明康德,86.680,85.050,86.030,87.430,85.360,85.970,86.030,2311177,199055396.000,5700,85.970,800,85.930,1200,85.920,2800,85.910,6500,85.900,100,86.030,7600,86.050,4700,86.060,3100,86.080,6300,86.100,2019-06-19,10:15:56,00";
var hq_str_sh603259="药明康德,86.680,85.050,86.010,87.430,85.360,86.000,86.010,2345377,201997377.000,6400,86.000,3800,85.970,1000,85.930,1200,85.920,2800,85.910,100,86.010,5400,86.030,5600,86.040,4300,86.060,6400,86.070,2019-06-19,10:17:00,00";
var hq_str_sh603259="药明康德,86.680,85.050,86.000,87.430,85.360,85.980,86.000,2370677,204173506.000,700,85.980,3800,85.970,800,85.960,1000,85.930,1100,85.920,4900,86.000,2000,86.010,2400,86.030,5600,86.040,3600,86.050,2019-06-19,10:17:56,00";
var hq_str_sh603259="药明康德,86.680,85.050,85.980,87.430,85.360,85.970,85.980,2400377,206728122.000,3800,85.970,800,85.960,1000,85.930,1600,85.920,2700,85.910,1100,85.980,500,86.000,6500,86.020,4600,86.030,4800,86.040,2019-06-19,10:18:59,00";
var hq_str_sh603259="药明康德,86.680,85.050,86.020,87.430,85.360,85.980,86.020,2428977,209187565.000,4200,85.980,100,85.970,800,85.960,1000,85.930,1600,85.920,800,86.020,1500,86.030,4800,86.040,3600,86.050,4400,86.060,2019-06-19,10:19:59,00";
var hq_str_sh603259="药明康德,86.680,85.050,86.020,87.430,85.360,86.020,86.030,2481161,213675422.000,400,86.020,1916,86.000,1100,85.990,2400,85.980,600,85.970,3500,86.030,4800,86.040,3600,86.050,4400,86.060,6400,86.070,2019-06-19,10:20:59,00";
var hq_str_sh603259="药明康德,86.680,85.050,86.000,87.430,85.360,86.000,86.030,2517162,216771795.000,915,86.000,800,85.960,100,85.950,1000,85.930,1100,85.920,1700,86.030,2252,86.040,3600,86.050,4400,86.060,6400,86.070,2019-06-19,10:21:59,00";
var hq_str_sh603259="药明康德,86.680,85.050,86.030,87.430,85.360,86.000,86.030,2549962,219592655.000,3100,86.000,600,85.970,1600,85.960,1100,85.950,1000,85.930,15584,86.030,4152,86.040,3600,86.050,4400,86.060,6400,86.070,2019-06-19,10:22:56,00";
var hq_str_sh603259="药明康德,86.680,85.050,85.980,87.430,85.360,85.970,85.980,2569162,221244126.000,3900,85.970,1600,85.960,1100,85.950,1000,85.930,1100,85.920,400,85.980,900,85.990,1900,86.000,385,86.020,9784,86.030,2019-06-19,10:23:59,00";
var hq_str_sh603259="药明康德,86.680,85.050,85.990,87.430,85.360,85.990,86.000,2593420,223330343.000,2200,85.990,342,85.980,200,85.970,2100,85.960,1200,85.950,11900,86.000,3300,86.010,2300,86.020,6339,86.030,4152,86.040,2019-06-19,10:24:56,00";
var hq_str_sh603259="药明康德,86.680,85.050,85.990,87.430,85.360,85.990,86.000,2654920,228619718.000,400,85.990,2900,85.980,1700,85.960,7700,85.950,1000,85.930,2500,86.000,4000,86.030,5791,86.040,6700,86.050,4600,86.060,2019-06-19,10:25:59,00";
var hq_str_sh603259="药明康德,86.680,85.050,85.980,87.430,85.360,85.970,85.980,2680220,230795245.000,600,85.970,24900,85.950,1000,85.930,1100,85.920,2600,85.910,800,85.980,19500,86.000,4000,86.030,5791,86.040,6900,86.050,2019-06-19,10:26:56,00";
var hq_str_sh603259="药明康德,86.680,85.050,86.000,87.430,85.360,85.990,86.000,2725620,234699074.000,1200,85.990,600,85.960,16800,85.950,1000,85.930,1100,85.920,7900,86.000,3100,86.010,3500,86.020,3900,86.030,5791,86.040,2019-06-19,10:27:56,00";
var hq_str_sh603259="药明康德,86.680,85.050,85.950,87.430,85.360,85.950,85.960,2743220,236211961.000,7100,85.950,1000,85.930,1100,85.920,2600,85.910,10700,85.900,100,85.960,7000,86.000,3100,86.010,3500,86.020,3900,86.030,2019-06-19,10:28:59,00";
var hq_str_sh603259="药明康德,86.680,85.050,85.920,87.430,85.360,85.930,85.950,2775820,239013974.000,600,85.930,1000,85.920,2600,85.910,10700,85.900,700,85.880,23484,85.950,1000,85.980,7000,86.000,3100,86.010,3500,86.020,2019-06-19,10:29:59,00";
var hq_str_sh603259="药明康德,86.680,85.050,85.910,87.430,85.360,85.910,85.930,2792120,240414667.000,700,85.910,10700,85.900,700,85.880,1200,85.800,100,85.770,4700,85.930,18368,85.950,1000,85.980,8500,86.000,3100,86.010,2019-06-19,10:30:59,00";
var hq_str_sh603259="药明康德,86.680,85.050,85.980,87.430,85.360,85.980,86.000,2823288,243093293.000,532,85.980,500,85.930,9100,85.900,700,85.880,1200,85.800,9400,86.000,3100,86.010,3500,86.020,3500,86.030,5791,86.040,2019-06-19,10:31:59,00";
var hq_str_sh603259="药明康德,86.680,85.050,85.990,87.430,85.360,85.930,86.000,2837720,244334395.000,300,85.930,9100,85.900,700,85.880,1200,85.800,100,85.770,30068,86.000,3100,86.010,3500,86.020,3500,86.030,5791,86.040,2019-06-19,10:32:56,00";
var hq_str_sh603259="药明康德,86.680,85.050,86.000,87.430,85.360,85.970,86.000,2856520,245951101.000,900,85.970,600,85.940,600,85.930,200,85.910,9100,85.900,17068,86.000,3100,86.010,3500,86.020,3500,86.030,5791,86.040,2019-06-19,10:33:59,00";
var hq_str_sh603259="药明康德,86.680,85.050,85.970,87.430,85.360,85.970,85.980,2871420,247232285.000,1700,85.970,1700,85.950,1800,85.940,600,85.930,200,85.910,1800,85.980,14568,86.000,3100,86.010,3500,86.020,3500,86.030,2019-06-19,10:34:56,00";
var hq_str_sh603259="药明康德,86.680,85.050,85.800,87.430,85.360,85.770,85.800,2902120,249870456.000,100,85.770,500,85.730,300,85.710,400,85.700,200,85.660,100,85.800,600,85.880,1900,85.900,200,85.910,100,85.950,2019-06-19,10:35:56,00";
var hq_str_sh603259="药明康德,86.680,85.050,85.880,87.430,85.360,85.880,85.900,2922220,251595675.000,100,85.880,2000,85.810,3400,85.800,300,85.790,100,85.730,1400,85.900,200,85.910,100,85.950,200,85.970,1400,85.980,2019-06-19,10:36:56,00";
var hq_str_sh603259="药明康德,86.680,85.050,85.730,87.430,85.360,85.710,85.730,2944820,253535342.000,400,85.710,2800,85.700,500,85.660,600,85.650,900,85.620,200,85.730,200,85.800,2100,85.810,1300,85.850,11000,85.880,2019-06-19,10:37:59,00";
var hq_str_sh603259="药明康德,86.680,85.050,85.760,87.430,85.360,85.760,85.800,2961920,255001214.000,3600,85.760,4000,85.740,600,85.710,1700,85.700,500,85.660,400,85.800,2100,85.810,300,85.850,11000,85.880,20000,85.900,2019-06-19,10:38:56,00";
var hq_str_sh603259="药明康德,86.680,85.050,85.800,87.430,85.360,85.760,85.800,2982420,256760815.000,300,85.760,100,85.740,1200,85.710,1700,85.700,200,85.660,500,85.800,9500,85.880,20000,85.900,8600,86.000,3100,86.010,2019-06-19,10:39:59,00";
var hq_str_sh603259="药明康德,86.680,85.050,85.810,87.430,85.360,85.830,85.850,2994320,257781948.000,5200,85.830,200,85.790,300,85.760,100,85.740,900,85.710,2400,85.850,5700,85.870,9500,85.880,20000,85.900,8500,86.000,2019-06-19,10:40:59,00";
var hq_str_sh603259="药明康德,86.680,85.050,85.870,87.430,85.360,85.870,85.880,3014920,259550608.000,400,85.870,200,85.810,700,85.800,100,85.790,400,85.760,9300,85.880,20000,85.900,8800,86.000,3100,86.010,3600,86.020,2019-06-19,10:41:56,00";
var hq_str_sh603259="药明康德,86.680,85.050,85.830,87.430,85.360,85.830,85.860,3030020,260846961.000,400,85.830,600,85.720,900,85.710,1800,85.700,200,85.660,2200,85.860,400,85.880,20000,85.900,8800,86.000,3100,86.010,2019-06-19,10:42:53,00";
var hq_str_sh603259="药明康德,86.680,85.050,85.820,87.430,85.360,85.810,85.820,3053220,262839316.000,200,85.810,600,85.720,900,85.710,1800,85.700,400,85.660,900,85.820,1600,85.860,600,85.890,12500,85.900,2000,85.990,2019-06-19,10:43:59,00";
var hq_str_sh603259="药明康德,86.680,85.050,85.730,87.430,85.360,85.720,85.730,3066120,263947003.000,700,85.720,900,85.710,1800,85.700,400,85.660,600,85.650,200,85.730,300,85.820,100,85.830,100,85.860,7300,85.900,2019-06-19,10:44:56,00";
var hq_str_sh603259="药明康德,86.680,85.050,85.990,87.430,85.360,85.990,86.000,3089420,265948775.000,600,85.990,100,85.850,200,85.800,500,85.740,1400,85.730,9700,86.000,3100,86.010,3500,86.020,3500,86.030,5791,86.040,2019-06-19,10:45:56,00";
var hq_str_sh603259="药明康德,86.680,85.050,85.990,87.430,85.360,85.960,85.990,3096920,266593182.000,600,85.960,300,85.910,100,85.900,1100,85.810,6100,85.800,800,85.990,9900,86.000,3100,86.010,3500,86.020,3500,86.030,2019-06-19,10:46:59,00";
var hq_str_sh603259="药明康德,86.680,85.050,85.900,87.430,85.360,85.880,85.900,3121520,268708270.000,200,85.880,1100,85.810,6200,85.800,500,85.740,1100,85.730,600,85.900,100,85.980,300,85.990,8100,86.000,3100,86.010,2019-06-19,10:48:00,00";
var hq_str_sh603259="药明康德,86.680,85.050,85.980,87.430,85.360,85.980,85.990,3150220,271176131.000,1300,85.980,100,85.830,900,85.810,6200,85.800,500,85.740,6700,85.990,23100,86.000,3100,86.010,3500,86.020,3600,86.030,2019-06-19,10:48:56,00";
var hq_str_sh603259="药明康德,86.680,85.050,85.960,87.430,85.360,85.960,85.980,3160720,272078059.000,4600,85.960,23000,85.910,100,85.880,2000,85.860,200,85.830,2300,85.980,800,85.990,25300,86.000,3100,86.010,3500,86.020,2019-06-19,10:49:59,00";
var hq_str_sh603259="药明康德,86.680,85.050,86.010,87.430,85.360,85.960,86.010,3220020,277177917.000,2000,85.960,900,85.930,1300,85.920,23000,85.910,100,85.880,2600,86.010,500,86.030,4591,86.040,6700,86.050,4500,86.060,2019-06-19,10:50:56,00";
var hq_str_sh603259="药明康德,86.680,85.050,85.920,87.430,85.360,85.920,86.030,3257420,280394173.000,900,85.920,23000,85.910,100,85.880,200,85.830,600,85.820,1700,86.030,4591,86.040,6800,86.050,4500,86.060,7400,86.070,2019-06-19,10:51:56,00";
var hq_str_sh603259="药明康德,86.680,85.050,85.920,87.430,85.360,85.910,85.950,3293920,283530851.000,14900,85.910,200,85.830,600,85.820,500,85.810,6100,85.800,10000,85.950,12400,86.000,4600,86.010,3500,86.020,5100,86.030,2019-06-19,10:52:56,00";
var hq_str_sh603259="药明康德,86.680,85.050,85.920,87.430,85.360,85.920,86.000,3338120,287330295.000,7300,85.920,3600,85.910,800,85.850,800,85.830,2600,85.820,1700,86.000,600,86.010,3100,86.020,5100,86.030,4491,86.040,2019-06-19,10:53:59,00";
var hq_str_sh603259="药明康德,86.680,85.050,85.990,87.430,85.360,85.950,86.030,3357420,288990007.000,100,85.950,600,85.940,200,85.930,5600,85.920,3500,85.910,2200,86.030,4491,86.040,6800,86.050,4500,86.060,7400,86.070,2019-06-19,10:54:56,00";
var hq_str_sh603259="药明康德,86.680,85.050,86.010,87.430,85.360,85.960,86.010,3381520,291063037.000,600,85.960,5900,85.950,100,85.940,300,85.930,6400,85.920,600,86.010,2000,86.020,2591,86.050,4500,86.060,7400,86.070,2019-06-19,10:55:59,00";
var hq_str_sh603259="药明康德,86.680,85.050,85.820,87.430,85.360,85.820,85.950,3421920,294534091.000,4100,85.820,4800,85.810,6100,85.800,200,85.750,500,85.740,15100,85.950,11600,86.000,3800,86.010,7500,86.020,4600,86.030,2019-06-19,10:56:56,00";
var hq_str_sh603259="药明康德,86.680,85.050,85.820,87.430,85.360,85.830,85.950,3442320,296285039.000,400,85.830,800,85.820,1300,85.810,4600,85.800,200,85.750,13400,85.950,11600,86.000,3300,86.010,7500,86.020,4700,86.030,2019-06-19,10:57:56,00";
var hq_str_sh603259="药明康德,86.680,85.050,85.860,87.430,85.360,85.830,85.860,3458920,297710897.000,600,85.830,1600,85.820,6300,85.810,5800,85.800,200,85.750,900,85.860,100,85.930,4900,85.950,11600,86.000,3300,86.010,2019-06-19,10:58:56,00";
var hq_str_sh603259="药明康德,86.680,85.050,85.960,87.430,85.360,85.960,86.000,3477820,299335207.000,600,85.960,3000,85.950,4200,85.890,100,85.860,600,85.830,19300,86.000,3300,86.010,7500,86.020,4700,86.030,5100,86.040,2019-06-19,10:59:59,00";
var hq_str_sh603259="药明康德,86.680,85.050,85.950,87.430,85.360,85.830,85.950,3498220,301089361.000,700,85.830,200,85.820,6200,85.810,5700,85.800,200,85.750,27200,85.950,10000,86.000,3300,86.010,7500,86.020,4700,86.030,2019-06-19,11:00:59,00";
var hq_str_sh603259="药明康德,86.680,85.050,85.870,87.430,85.360,85.870,85.880,3513020,302361091.000,400,85.870,7000,85.860,300,85.830,1000,85.820,6200,85.810,300,85.880,900,85.910,18100,85.950,9300,86.000,3500,86.010,2019-06-19,11:01:53,00";
var hq_str_sh603259="药明康德,86.680,85.050,85.950,87.430,85.360,85.990,86.000,3539820,304664227.000,900,85.990,1000,85.940,100,85.920,300,85.830,1300,85.820,9400,86.000,3500,86.010,7500,86.020,5000,86.030,5200,86.040,2019-06-19,11:02:56,00";
var hq_str_sh603259="药明康德,86.680,85.050,85.970,87.430,85.360,85.970,85.990,3548720,305429366.000,5400,85.970,600,85.910,300,85.830,1100,85.820,6100,85.810,600,85.990,6300,86.000,4500,86.010,7500,86.020,5000,86.030,2019-06-19,11:03:56,00";
var hq_str_sh603259="药明康德,86.680,85.050,85.920,87.430,85.360,85.920,85.970,3566920,306994065.000,500,85.920,100,85.910,900,85.840,800,85.830,4400,85.820,800,85.970,400,86.010,7100,86.020,4700,86.030,5200,86.040,2019-06-19,11:04:56,00";
var hq_str_sh603259="药明康德,86.680,85.050,85.870,87.430,85.360,85.870,85.970,3580420,308154625.000,300,85.870,1500,85.850,1400,85.840,800,85.830,4400,85.820,1000,85.970,30000,86.000,4600,86.010,3300,86.020,4700,86.030,2019-06-19,11:05:56,00";
var hq_str_sh603259="药明康德,86.680,85.050,85.970,87.430,85.360,85.880,85.970,3603720,310157709.000,100,85.880,1100,85.850,700,85.840,700,85.830,4400,85.820,400,85.970,21400,86.000,5100,86.010,3900,86.020,4700,86.030,2019-06-19,11:06:56,00";
var hq_str_sh603259="药明康德,86.680,85.050,85.930,87.430,85.360,85.990,86.000,3633620,312725873.000,100,85.990,1000,85.820,2600,85.810,5600,85.800,1000,85.730,21000,86.000,5100,86.010,3300,86.020,4700,86.030,5200,86.040,2019-06-19,11:07:56,00";
var hq_str_sh603259="药明康德,86.680,85.050,85.880,87.430,85.360,85.880,86.000,3658120,314832059.000,500,85.880,300,85.850,400,85.840,1600,85.830,3500,85.820,7800,86.000,5100,86.010,3300,86.020,4700,86.030,5200,86.040,2019-06-19,11:08:56,00";
var hq_str_sh603259="药明康德,86.680,85.050,86.000,87.430,85.360,85.880,86.000,3665520,315467832.000,3300,85.880,600,85.860,300,85.850,900,85.840,1700,85.830,5300,86.000,5100,86.010,3300,86.020,4700,86.030,5200,86.040,2019-06-19,11:09:56,00";
var hq_str_sh603259="药明康德,86.680,85.050,86.000,87.430,85.360,85.910,86.000,3700620,318485487.000,600,85.910,800,85.900,6900,85.890,2000,85.870,2900,85.860,600,86.000,1300,86.010,3400,86.020,4700,86.030,5200,86.040,2019-06-19,11:11:01,00";
var hq_str_sh603259="药明康德,86.680,85.050,85.910,87.430,85.360,85.920,86.000,3725020,320583326.000,600,85.920,700,85.910,2100,85.900,2000,85.870,2900,85.860,7800,86.000,4400,86.010,5700,86.030,5200,86.040,5291,86.050,2019-06-19,11:11:59,00";
var hq_str_sh603259="药明康德,86.680,85.050,86.000,87.430,85.360,85.950,86.030,3749820,322715994.000,300,85.950,600,85.910,1900,85.900,2500,85.870,200,85.860,3300,86.030,5200,86.040,5291,86.050,4400,86.060,4000,86.070,2019-06-19,11:12:59,00";
var hq_str_sh603259="药明康德,86.680,85.050,85.950,87.430,85.360,85.950,86.040,3766320,324134945.000,300,85.950,600,85.910,5700,85.900,900,85.880,2500,85.870,2600,86.040,5291,86.050,4400,86.060,4000,86.070,400,86.080,2019-06-19,11:13:56,00";
var hq_str_sh603259="药明康德,86.680,85.050,85.960,87.430,85.360,85.960,85.990,3778820,325210084.000,3300,85.960,900,85.920,600,85.910,6200,85.900,900,85.880,1600,85.990,4091,86.050,4400,86.060,4000,86.070,400,86.080,2019-06-19,11:14:56,00";
var hq_str_sh603259="药明康德,86.680,85.050,86.050,87.430,85.360,86.050,86.060,3797511,326818095.000,709,86.050,500,86.000,2900,85.990,600,85.970,3300,85.960,4400,86.060,4000,86.070,300,86.080,35300,86.100,4000,86.110,2019-06-19,11:15:56,00";
var hq_str_sh603259="药明康德,86.680,85.050,86.050,87.430,85.360,86.020,86.050,3809420,327842440.000,6400,86.020,1700,85.980,100,85.970,3300,85.960,400,85.920,3291,86.050,3800,86.060,4000,86.070,300,86.080,35300,86.100,2019-06-19,11:16:59,00";
var hq_str_sh603259="药明康德,86.680,85.050,86.070,87.430,85.360,86.030,86.070,3914511,336889430.000,200,86.030,100,86.020,32400,86.000,1000,85.990,400,85.980,100,86.070,8300,86.100,300,86.110,200,86.120,700,86.130,2019-06-19,11:17:56,00";
var hq_str_sh603259="药明康德,86.680,85.050,86.000,87.430,85.360,86.000,86.010,3941311,339194982.000,25300,86.000,300,85.980,3200,85.960,300,85.920,8000,85.900,1500,86.010,4700,86.070,600,86.080,4400,86.100,300,86.110,2019-06-19,11:18:56,00";
var hq_str_sh603259="药明康德,86.680,85.050,85.980,87.430,85.360,85.990,86.000,3969911,341655343.000,400,85.990,1000,85.970,3200,85.960,100,85.920,7400,85.900,2100,86.000,2000,86.010,500,86.030,3000,86.040,4500,86.050,2019-06-19,11:19:56,00";
var hq_str_sh603259="药明康德,86.680,85.050,85.970,87.430,85.360,85.970,86.000,3986511,343083037.000,300,85.970,3200,85.960,100,85.950,100,85.920,7400,85.900,400,86.000,4400,86.030,900,86.040,4500,86.050,4400,86.070,2019-06-19,11:20:56,00";
var hq_str_sh603259="药明康德,86.680,85.050,86.000,87.430,85.360,85.990,86.000,4007011,344846020.000,5500,85.990,1000,85.970,600,85.960,100,85.950,100,85.920,100,86.000,2000,86.010,2700,86.020,1800,86.050,4400,86.070,2019-06-19,11:21:59,00";
var hq_str_sh603259="药明康德,86.680,85.050,86.070,87.430,85.360,86.000,86.070,4036111,347349090.000,8500,86.000,600,85.960,100,85.950,1100,85.920,3000,85.910,200,86.070,1600,86.080,100,86.090,4000,86.100,400,86.120,2019-06-19,11:22:59,00";
var hq_str_sh603259="药明康德,86.680,85.050,86.020,87.430,85.360,86.020,86.120,4070211,350283489.000,7500,86.020,500,86.010,3800,86.000,700,85.960,200,85.950,300,86.120,700,86.130,1300,86.140,2500,86.150,4300,86.160,2019-06-19,11:23:56,00";
var hq_str_sh603259="药明康德,86.680,85.050,86.050,87.430,85.360,86.050,86.120,4112911,353959302.000,700,86.050,6800,86.020,500,86.010,4300,86.000,600,85.960,2000,86.120,400,86.130,1300,86.140,2500,86.150,4300,86.160,2019-06-19,11:24:56,00";
var hq_str_sh603259="药明康德,86.680,85.050,86.010,87.430,85.360,86.010,86.060,4140011,356291129.000,2700,86.010,800,86.000,600,85.960,200,85.950,100,85.930,2200,86.060,1400,86.100,8200,86.120,400,86.130,1300,86.140,2019-06-19,11:25:56,00";
var hq_str_sh603259="药明康德,86.680,85.050,86.050,87.430,85.360,85.990,86.050,4158211,357857024.000,7300,85.990,500,85.970,400,85.960,200,85.950,4100,85.920,2100,86.050,200,86.090,6600,86.100,8200,86.120,400,86.130,2019-06-19,11:26:59,00";
var hq_str_sh603259="药明康德,86.680,85.050,86.000,87.430,85.360,86.000,86.080,4184111,360086466.000,4000,86.000,600,85.990,100,85.980,600,85.970,400,85.960,4100,86.080,1100,86.090,9400,86.100,8200,86.120,400,86.130,2019-06-19,11:27:53,00";
var hq_str_sh603259="药明康德,86.680,85.050,85.980,87.430,85.360,85.980,85.990,4201011,361539961.000,4800,85.980,4000,85.920,6800,85.900,100,85.880,200,85.860,200,85.990,2100,86.030,3800,86.080,9400,86.100,8200,86.120,2019-06-19,11:28:56,00";
var hq_str_sh603259="药明康德,86.680,85.050,85.950,87.430,85.360,85.940,85.950,4212711,362546119.000,1000,85.940,4200,85.930,5100,85.920,6800,85.900,100,85.880,300,85.950,1000,86.020,9600,86.080,19400,86.100,8500,86.120,2019-06-19,11:29:56,00";
var hq_str_sh603259="药明康德,86.680,85.050,85.950,87.430,85.360,85.940,86.020,4213011,362571904.000,1000,85.940,4200,85.930,5100,85.920,6800,85.900,100,85.880,1000,86.020,10600,86.080,19400,86.100,8500,86.120,400,86.130,2019-06-19,11:30:00,00";
var hq_str_sh603259="药明康德,86.680,85.050,86.020,87.430,85.360,86.000,86.020,4276811,368063471.000,10000,86.000,900,85.960,2700,85.950,900,85.940,3100,85.930,3400,86.020,3200,86.100,7700,86.120,400,86.130,3200,86.140,2019-06-19,13:00:57,00";
var hq_str_sh603259="药明康德,86.680,85.050,86.040,87.430,85.360,85.960,86.040,4310511,370962674.000,1000,85.960,2600,85.950,800,85.940,3000,85.930,5100,85.920,4000,86.040,12400,86.100,7700,86.120,400,86.130,3200,86.140,2019-06-19,13:01:57,00";
var hq_str_sh603259="药明康德,86.680,85.050,86.040,87.430,85.360,85.980,86.020,4318411,371642284.000,10100,85.980,1200,85.960,2600,85.950,800,85.940,3000,85.930,100,86.020,7400,86.040,12400,86.100,200,86.110,7700,86.120,2019-06-19,13:02:57,00";
var hq_str_sh603259="药明康德,86.680,85.050,86.030,87.430,85.360,85.980,86.030,4329111,372562657.000,10000,85.980,1200,85.960,2600,85.950,800,85.940,2100,85.920,3200,86.030,6600,86.040,100,86.090,12400,86.100,200,86.110,2019-06-19,13:03:57,00";
var hq_str_sh603259="药明康德,86.680,85.050,85.990,87.430,85.360,85.980,85.990,4348911,374265809.000,10000,85.980,1200,85.960,2600,85.950,800,85.940,2100,85.920,1900,85.990,3600,86.000,3700,86.030,6500,86.040,200,86.090,2019-06-19,13:04:57,00";
var hq_str_sh603259="药明康德,86.680,85.050,85.990,87.430,85.360,85.980,86.000,4388111,377636885.000,7200,85.980,1200,85.960,2600,85.950,800,85.940,2100,85.920,851,86.000,500,86.010,3600,86.030,6500,86.040,100,86.090,2019-06-19,13:05:57,00";
var hq_str_sh603259="药明康德,86.680,85.050,86.000,87.430,85.360,86.000,86.010,4405211,379107578.000,8300,86.000,2100,85.990,7200,85.980,1200,85.960,1700,85.950,3551,86.010,2800,86.030,7100,86.040,100,86.050,100,86.090,2019-06-19,13:07:00,00";
var hq_str_sh603259="药明康德,86.680,85.050,86.030,87.430,85.360,86.020,86.030,4425162,380823803.000,1100,86.020,2949,86.010,4200,86.000,2300,85.990,7700,85.980,100,86.030,300,86.090,3400,86.100,200,86.110,7700,86.120,2019-06-19,13:08:00,00";
var hq_str_sh603259="药明康德,86.680,85.050,86.010,87.430,85.360,86.010,86.020,4436462,381796028.000,1049,86.010,6300,86.000,2300,85.990,7600,85.980,1300,85.960,100,86.020,800,86.030,3100,86.100,200,86.110,10700,86.120,2019-06-19,13:08:57,00";
var hq_str_sh603259="药明康德,86.680,85.050,86.020,87.430,85.360,86.010,86.020,4447611,382754981.000,1200,86.010,3600,86.000,2300,85.990,6400,85.980,1300,85.960,2251,86.020,3400,86.030,700,86.050,2600,86.100,200,86.110,2019-06-19,13:09:57,00";
var hq_str_sh603259="药明康德,86.680,85.050,85.980,87.430,85.360,85.980,86.000,4467211,384440698.000,3700,85.980,1400,85.960,600,85.950,5800,85.940,2100,85.920,1600,86.000,2800,86.010,1551,86.030,700,86.050,2600,86.100,2019-06-19,13:10:57,00";
var hq_str_sh603259="药明康德,86.680,85.050,85.980,87.430,85.360,85.980,86.010,4485011,385971157.000,400,85.980,4600,85.970,7800,85.960,600,85.950,5800,85.940,2900,86.010,100,86.020,1451,86.030,700,86.050,2600,86.100,2019-06-19,13:11:57,00";
var hq_str_sh603259="药明康德,86.680,85.050,86.010,87.430,85.360,85.970,86.010,4498411,387123625.000,4500,85.970,7800,85.960,600,85.950,5800,85.940,2100,85.920,2600,86.010,1100,86.020,1551,86.030,700,86.050,2600,86.100,2019-06-19,13:12:57,00";
var hq_str_sh603259="药明康德,86.680,85.050,85.990,87.430,85.360,85.990,86.010,4506411,387811593.000,900,85.990,2800,85.980,5500,85.970,7800,85.960,700,85.950,1000,86.010,1500,86.020,1551,86.030,800,86.050,2600,86.100,2019-06-19,13:13:57,00";
var hq_str_sh603259="药明康德,86.680,85.050,86.030,87.430,85.360,86.010,86.030,4524511,389368489.000,600,86.010,6500,86.000,1300,85.990,2800,85.980,5100,85.970,151,86.030,800,86.050,2600,86.100,300,86.110,10600,86.120,2019-06-19,13:15:00,00";
var hq_str_sh603259="药明康德,86.680,85.050,85.980,87.430,85.360,86.000,86.020,4544262,391067111.000,600,86.000,400,85.980,5000,85.970,7700,85.960,600,85.950,2500,86.020,2600,86.030,800,86.050,2600,86.100,2800,86.110,2019-06-19,13:16:00,00";
var hq_str_sh603259="药明康德,86.680,85.050,85.980,87.430,85.360,86.000,86.010,4555062,391995876.000,100,86.000,7600,85.980,4900,85.970,7700,85.960,1000,85.950,1900,86.010,2100,86.020,2500,86.030,800,86.050,2600,86.100,2019-06-19,13:16:57,00";
var hq_str_sh603259="药明康德,86.680,85.050,86.000,87.430,85.360,86.000,86.010,4572062,393457952.000,300,86.000,1200,85.990,5200,85.980,4900,85.970,2600,85.960,1100,86.010,1200,86.020,1100,86.030,800,86.050,2600,86.100,2019-06-19,13:17:57,00";
var hq_str_sh603259="药明康德,86.680,85.050,86.010,87.430,85.360,85.990,86.010,4580262,394163171.000,800,85.990,5100,85.980,4900,85.970,2600,85.960,100,85.950,1400,86.010,2200,86.020,400,86.030,800,86.050,2600,86.100,2019-06-19,13:18:57,00";
var hq_str_sh603259="药明康德,86.680,85.050,85.990,87.430,85.360,85.990,86.030,4600662,395917700.000,2500,85.990,2700,85.980,4900,85.970,2600,85.960,100,85.950,2400,86.030,1000,86.050,2800,86.100,2300,86.110,10600,86.120,2019-06-19,13:20:00,00";
var hq_str_sh603259="药明康德,86.680,85.050,86.000,87.430,85.360,85.990,86.000,4616662,397293792.000,3900,85.990,2700,85.980,4900,85.970,2700,85.960,600,85.950,1900,86.000,3000,86.030,2200,86.050,4300,86.100,2800,86.110,2019-06-19,13:21:00,00";
var hq_str_sh603259="药明康德,86.680,85.050,86.030,87.430,85.360,86.030,86.050,4639862,399289160.000,1300,86.030,2000,85.990,22200,85.980,4900,85.970,1700,85.960,2200,86.050,300,86.090,4300,86.100,2800,86.110,10600,86.120,2019-06-19,13:22:00,00";
var hq_str_sh603259="药明康德,86.680,85.050,85.990,87.430,85.360,85.980,86.050,4653862,400493290.000,21900,85.980,4900,85.970,1600,85.960,600,85.950,800,85.940,6300,86.050,300,86.090,4800,86.100,2800,86.110,10600,86.120,2019-06-19,13:22:57,00";
var hq_str_sh603259="药明康德,86.680,85.050,85.990,87.430,85.360,86.010,86.050,4664662,401422230.000,7000,86.010,20400,85.980,4800,85.970,800,85.960,600,85.950,4800,86.050,300,86.090,4800,86.100,2800,86.110,10600,86.120,2019-06-19,13:24:00,00";
var hq_str_sh603259="药明康德,86.680,85.050,86.000,87.430,85.360,86.000,86.040,4676162,402411699.000,7200,86.000,1500,85.990,20700,85.980,4800,85.970,800,85.960,1300,86.040,2500,86.050,300,86.090,4800,86.100,2800,86.110,2019-06-19,13:24:57,00";
var hq_str_sh603259="药明康德,86.680,85.050,85.980,87.430,85.360,85.980,85.990,4718862,406084291.000,8700,85.980,4800,85.970,800,85.960,600,85.950,800,85.940,100,85.990,1100,86.000,2600,86.010,2400,86.050,200,86.080,2019-06-19,13:25:57,00";
var hq_str_sh603259="药明康德,86.680,85.050,85.980,87.430,85.360,85.970,85.980,4755962,409274579.000,4800,85.970,800,85.960,600,85.950,900,85.920,2300,85.900,600,85.980,1800,86.000,2000,86.050,200,86.080,400,86.090,2019-06-19,13:26:57,00";
var hq_str_sh603259="药明康德,86.680,85.050,85.920,87.430,85.360,85.920,85.980,4768562,410357816.000,400,85.920,2000,85.900,200,85.880,100,85.860,3100,85.850,1000,85.980,3100,86.000,2200,86.050,200,86.080,400,86.090,2019-06-19,13:27:57,00";
var hq_str_sh603259="药明康德,86.680,85.050,86.000,87.430,85.360,85.960,86.030,4784962,411768265.000,200,85.960,100,85.940,700,85.920,300,85.910,22100,85.900,200,86.030,2200,86.050,400,86.090,4800,86.100,2600,86.110,2019-06-19,13:29:00,00";
var hq_str_sh603259="药明康德,86.680,85.050,85.900,87.430,85.360,85.900,85.940,4794562,412593134.000,19600,85.900,200,85.880,100,85.860,3100,85.850,500,85.840,5900,85.940,200,86.000,200,86.010,1100,86.030,2200,86.050,2019-06-19,13:29:57,00";
var hq_str_sh603259="药明康德,86.680,85.050,86.090,87.430,85.360,86.090,86.100,4819362,414725534.000,600,86.090,100,86.060,1200,86.030,100,85.960,500,85.940,4900,86.100,2600,86.110,10600,86.120,400,86.130,3200,86.140,2019-06-19,13:30:57,00";
var hq_str_sh603259="药明康德,86.680,85.050,85.940,87.430,85.360,85.940,85.970,4826362,415327912.000,500,85.940,3300,85.920,1300,85.910,16500,85.900,200,85.880,1300,85.970,200,86.020,2800,86.030,1400,86.060,300,86.080,2019-06-19,13:32:00,00";
var hq_str_sh603259="药明康德,86.680,85.050,86.000,87.430,85.360,86.000,86.020,4831362,415757805.000,1000,86.000,800,85.980,1600,85.970,100,85.940,900,85.930,400,86.020,2800,86.030,1400,86.060,300,86.080,8600,86.090,2019-06-19,13:32:57,00";
var hq_str_sh603259="药明康德,86.680,85.050,85.990,87.430,85.360,85.980,85.990,4841662,416644009.000,900,85.980,900,85.930,2100,85.920,1100,85.910,16500,85.900,700,85.990,1600,86.030,2200,86.060,2100,86.070,200,86.080,2019-06-19,13:33:57,00";
var hq_str_sh603259="药明康德,86.680,85.050,85.980,87.430,85.360,85.980,85.990,4847862,417177084.000,2000,85.980,600,85.940,6500,85.930,2100,85.920,1100,85.910,400,85.990,100,86.000,1300,86.030,2400,86.060,2100,86.070,2019-06-19,13:34:57,00";
var hq_str_sh603259="药明康德,86.680,85.050,85.950,87.430,85.360,85.950,85.970,4875762,419575185.000,600,85.950,800,85.930,16800,85.900,200,85.880,100,85.860,1200,85.970,2100,86.000,200,86.020,1400,86.030,2400,86.060,2019-06-19,13:35:57,00";
var hq_str_sh603259="药明康德,86.680,85.050,85.900,87.430,85.360,85.900,85.950,4887162,420554612.000,16400,85.900,200,85.880,100,85.860,3900,85.850,500,85.840,900,85.950,200,85.960,1200,85.970,2400,86.000,200,86.020,2019-06-19,13:37:00,00";
var hq_str_sh603259="药明康德,86.680,85.050,85.960,87.430,85.360,85.960,85.970,4904862,422075490.000,800,85.960,3200,85.950,400,85.930,1500,85.910,13400,85.900,1800,85.970,2200,86.000,1400,86.030,2200,86.060,2100,86.070,2019-06-19,13:38:00,00";
var hq_str_sh603259="药明康德,86.680,85.050,85.910,87.430,85.360,85.910,85.950,4914162,422874799.000,400,85.910,13400,85.900,200,85.880,100,85.860,3900,85.850,1200,85.950,900,85.960,600,85.970,500,85.990,2100,86.000,2019-06-19,13:38:57,00";
var hq_str_sh603259="药明康德,86.680,85.050,85.910,87.430,85.360,85.940,85.950,4922162,423562377.000,7200,85.940,1600,85.910,13100,85.900,300,85.880,100,85.860,1600,85.950,200,85.960,600,85.970,500,85.990,500,86.000,2019-06-19,13:40:00,00";
var hq_str_sh603259="药明康德,86.680,85.050,85.910,87.430,85.360,85.910,85.990,4932062,424413372.000,1000,85.910,13100,85.900,300,85.880,100,85.860,3900,85.850,1000,85.990,1500,86.000,200,86.010,1400,86.030,500,86.050,2019-06-19,13:41:00,00";
var hq_str_sh603259="药明康德,86.680,85.050,85.930,87.430,85.360,85.920,86.000,4938962,425006649.000,1200,85.920,1300,85.910,13600,85.900,300,85.880,100,85.860,900,86.000,1200,86.010,1400,86.030,3200,86.050,2500,86.060,2019-06-19,13:41:54,00";
var hq_str_sh603259="药明康德,86.680,85.050,86.000,87.430,85.360,86.000,86.030,4951262,426064318.000,300,86.000,100,85.980,1100,85.970,300,85.960,200,85.930,900,86.030,3200,86.050,2200,86.060,2100,86.070,3200,86.080,2019-06-19,13:43:00,00";
var hq_str_sh603259="药明康德,86.680,85.050,85.940,87.430,85.360,85.940,85.970,4955662,426442616.000,400,85.940,3100,85.930,1000,85.920,5400,85.910,13600,85.900,1200,85.970,900,85.980,1500,86.000,2500,86.030,4000,86.040,2019-06-19,13:43:57,00";
var hq_str_sh603259="药明康德,86.680,85.050,85.990,87.430,85.360,85.980,86.000,4963462,427113190.000,2900,85.980,3000,85.960,3100,85.950,400,85.940,3100,85.930,1400,86.000,2500,86.030,4000,86.040,3700,86.050,2200,86.060,2019-06-19,13:45:00,00";
var hq_str_sh603259="药明康德,86.680,85.050,85.950,87.430,85.360,85.980,86.000,4978762,428429048.000,700,85.980,600,85.970,200,85.960,2900,85.950,400,85.940,600,86.000,1700,86.020,2500,86.030,3700,86.050,2200,86.060,2019-06-19,13:45:54,00";
var hq_str_sh603259="药明康德,86.680,85.050,86.020,87.430,85.360,86.020,86.030,4992262,429590072.000,1300,86.020,300,85.980,1000,85.970,4300,85.960,2900,85.950,2400,86.030,6800,86.050,2200,86.060,2100,86.070,3200,86.080,2019-06-19,13:47:00,00";
var hq_str_sh603259="药明康德,86.680,85.050,85.980,87.430,85.360,85.980,86.010,5000862,430329523.000,400,85.980,1500,85.970,4300,85.960,2900,85.950,400,85.940,2000,86.010,2300,86.020,2400,86.030,4300,86.050,2200,86.060,2019-06-19,13:48:00,00";
var hq_str_sh603259="药明康德,86.680,85.050,85.970,87.430,85.360,85.960,85.970,5010462,431155053.000,4400,85.960,2900,85.950,400,85.940,3100,85.930,1000,85.920,100,85.970,600,86.000,1300,86.010,2300,86.020,2500,86.030,2019-06-19,13:48:57,00";
var hq_str_sh603259="药明康德,86.680,85.050,86.000,87.430,85.360,86.000,86.010,5025762,432470641.000,300,86.000,2100,85.970,2900,85.960,2900,85.950,400,85.940,1400,86.010,3300,86.020,2500,86.030,4300,86.050,2200,86.060,2019-06-19,13:49:57,00";
var hq_str_sh603259="药明康德,86.680,85.050,85.980,87.430,85.360,85.980,86.000,5045962,434207764.000,1100,85.980,5200,85.970,2100,85.960,2900,85.950,400,85.940,200,86.000,2900,86.020,2500,86.030,4300,86.050,2200,86.060,2019-06-19,13:50:57,00";
var hq_str_sh603259="药明康德,86.680,85.050,85.900,87.430,85.360,85.900,85.980,5088762,437886668.000,11200,85.900,200,85.880,100,85.860,3900,85.850,1300,85.830,1900,85.980,2200,86.000,300,86.010,3000,86.020,2500,86.030,2019-06-19,13:51:57,00";
var hq_str_sh603259="药明康德,86.680,85.050,85.900,87.430,85.360,85.880,85.900,5102062,439029162.000,800,85.880,900,85.860,4000,85.850,1500,85.830,1700,85.810,1200,85.900,300,85.920,6600,85.980,100,85.990,2300,86.000,2019-06-19,13:52:57,00";
var hq_str_sh603259="药明康德,86.680,85.050,85.950,87.430,85.360,85.930,85.950,5117162,440326359.000,6600,85.930,100,85.920,800,85.910,21700,85.900,1000,85.890,4600,85.950,800,85.970,6600,85.980,2700,86.000,300,86.010,2019-06-19,13:53:57,00";
var hq_str_sh603259="药明康德,86.680,85.050,85.900,87.430,85.360,85.900,85.910,5150062,443152988.000,5600,85.900,1000,85.890,5600,85.880,400,85.860,4000,85.850,1400,85.910,2200,85.940,100,85.950,200,85.970,10100,85.980,2019-06-19,13:54:57,00";
var hq_str_sh603259="药明康德,86.680,85.050,85.850,87.430,85.360,85.830,85.850,5188462,446450917.000,1100,85.830,1700,85.810,1100,85.800,300,85.780,1000,85.750,3200,85.850,5100,85.880,1600,85.900,100,85.950,200,85.970,2019-06-19,13:55:57,00";
var hq_str_sh603259="药明康德,86.680,85.050,85.850,87.430,85.360,85.800,85.850,5203862,447772729.000,1000,85.800,1800,85.780,100,85.760,1000,85.750,100,85.730,2800,85.850,5100,85.880,1600,85.900,3100,85.950,200,85.970,2019-06-19,13:56:57,00";
var hq_str_sh603259="药明康德,86.680,85.050,85.790,87.430,85.360,85.800,85.850,5215362,448759470.000,200,85.800,900,85.790,1800,85.760,1000,85.750,100,85.730,5900,85.850,5100,85.880,1600,85.900,3000,85.950,200,85.970,2019-06-19,13:58:00,00";
var hq_str_sh603259="药明康德,86.680,85.050,85.720,87.430,85.360,85.720,85.850,5232962,450269254.000,1200,85.720,6900,85.700,5600,85.660,1000,85.650,100,85.620,3400,85.850,5400,85.880,1600,85.900,3000,85.950,200,85.970,2019-06-19,13:58:54,00";
var hq_str_sh603259="药明康德,86.680,85.050,85.730,87.430,85.360,85.720,85.730,5240462,450912190.000,3900,85.720,600,85.710,6300,85.700,1200,85.660,1000,85.650,7400,85.730,26600,85.750,14800,85.850,2200,85.880,3000,85.950,2019-06-19,13:59:57,00";
var hq_str_sh603259="药明康德,86.680,85.050,85.700,87.430,85.360,85.660,85.700,5273662,453758212.000,1400,85.660,1000,85.650,500,85.620,5600,85.610,25900,85.600,2000,85.700,2000,85.710,100,85.730,1000,85.740,25000,85.750,2019-06-19,14:01:00,00";
var hq_str_sh603259="药明康德,86.680,85.050,85.650,87.430,85.360,85.640,85.650,5281262,454409256.000,100,85.640,400,85.630,2700,85.620,6200,85.610,26400,85.600,1600,85.650,300,85.660,5500,85.700,100,85.730,25000,85.750,2019-06-19,14:01:54,00";
var hq_str_sh603259="药明康德,86.680,85.050,85.690,87.430,85.360,85.650,85.690,5295062,455591669.000,4600,85.650,400,85.630,2700,85.620,6600,85.610,26400,85.600,100,85.690,200,85.700,100,85.730,25000,85.750,6700,85.850,2019-06-19,14:02:57,00";
var hq_str_sh603259="药明康德,86.680,85.050,85.660,87.430,85.360,85.660,85.680,5308962,456783033.000,100,85.660,2900,85.650,500,85.630,2700,85.620,2200,85.610,900,85.680,400,85.690,12300,85.750,2200,85.880,3000,85.950,2019-06-19,14:03:57,00";
var hq_str_sh603259="药明康德,86.680,85.050,85.680,87.430,85.360,85.680,85.710,5322262,457922601.000,400,85.680,1500,85.670,2400,85.660,2800,85.650,1100,85.630,1400,85.710,100,85.740,11800,85.750,700,85.830,2200,85.880,2019-06-19,14:04:51,00";
var hq_str_sh603259="药明康德,86.680,85.050,85.700,87.430,85.360,85.700,85.750,5338662,459328416.000,1700,85.700,3000,85.680,1800,85.670,900,85.660,1500,85.650,5600,85.750,100,85.800,700,85.830,2300,85.880,3000,85.950,2019-06-19,14:05:57,00";
var hq_str_sh603259="药明康德,86.680,85.050,85.730,87.430,85.360,85.730,85.750,5345862,459945571.000,300,85.730,400,85.710,300,85.700,3400,85.680,1800,85.670,4800,85.750,100,85.800,700,85.830,2300,85.880,3000,85.950,2019-06-19,14:06:57,00";
var hq_str_sh603259="药明康德,86.680,85.050,85.780,87.430,85.360,85.780,85.830,5359862,461146107.000,700,85.780,2300,85.750,200,85.740,2800,85.730,100,85.710,600,85.830,100,85.850,1000,85.870,2300,85.880,3000,85.950,2019-06-19,14:07:57,00";
var hq_str_sh603259="药明康德,86.680,85.050,85.680,87.430,85.360,85.670,85.680,5369862,462003414.000,1800,85.670,900,85.660,1300,85.650,1300,85.630,2900,85.620,400,85.680,300,85.690,400,85.700,2100,85.710,1100,85.730,2019-06-19,14:08:57,00";
var hq_str_sh603259="药明康德,86.680,85.050,85.710,87.430,85.360,85.710,85.730,5384762,463280118.000,2000,85.710,1300,85.680,1600,85.660,1600,85.650,1300,85.630,100,85.730,300,85.740,27300,85.750,500,85.760,300,85.780,2019-06-19,14:09:57,00";
var hq_str_sh603259="药明康德,86.680,85.050,85.740,87.430,85.360,85.680,85.740,5398762,464480419.000,1700,85.680,2400,85.660,1600,85.650,800,85.630,2500,85.620,1500,85.740,24300,85.750,500,85.760,300,85.780,600,85.830,2019-06-19,14:10:57,00";
var hq_str_sh603259="药明康德,86.680,85.050,85.700,87.430,85.360,85.700,85.750,5416062,465963454.000,1800,85.700,100,85.680,200,85.670,2400,85.660,1600,85.650,17600,85.750,500,85.760,300,85.780,600,85.830,100,85.850,2019-06-19,14:11:57,00";
var hq_str_sh603259="药明康德,86.680,85.050,85.700,87.430,85.360,85.670,85.700,5443062,468278293.000,1100,85.670,1300,85.660,1600,85.650,900,85.630,2600,85.620,800,85.700,6800,85.750,500,85.760,200,85.780,600,85.830,2019-06-19,14:12:57,00";
var hq_str_sh603259="药明康德,86.680,85.050,85.670,87.430,85.360,85.660,85.670,5448662,468758169.000,1300,85.660,1500,85.650,100,85.640,1300,85.630,2600,85.620,100,85.670,2900,85.710,2200,85.740,20900,85.750,500,85.760,2019-06-19,14:13:54,00";
var hq_str_sh603259="药明康德,86.680,85.050,85.620,87.430,85.360,85.620,85.740,5477462,471225677.000,1400,85.620,14200,85.610,26400,85.600,2400,85.580,100,85.560,3300,85.740,18600,85.750,500,85.760,200,85.780,100,85.800,2019-06-19,14:15:00,00";
var hq_str_sh603259="药明康德,86.680,85.050,85.720,87.430,85.360,85.680,85.720,5509262,473951492.000,200,85.680,6900,85.620,3300,85.610,26400,85.600,2400,85.580,500,85.720,1000,85.740,2400,85.750,500,85.760,200,85.780,2019-06-19,14:16:00,00";
var hq_str_sh603259="药明康德,86.680,85.050,85.630,87.430,85.360,85.630,85.640,5523862,475202929.000,700,85.630,7000,85.620,2300,85.610,26500,85.600,2400,85.580,900,85.640,4900,85.730,400,85.760,200,85.780,100,85.800,2019-06-19,14:16:57,00";
var hq_str_sh603259="药明康德,86.680,85.050,85.620,87.430,85.360,85.610,85.620,5547162,477197973.000,5400,85.610,26500,85.600,2300,85.580,100,85.560,2100,85.530,600,85.620,1400,85.630,400,85.640,200,85.690,300,85.700,2019-06-19,14:17:57,00";
var hq_str_sh603259="药明康德,86.680,85.050,85.530,87.430,85.360,85.530,85.580,5586062,480527866.000,1900,85.530,100,85.520,1000,85.510,4900,85.500,500,85.460,300,85.580,5200,85.600,1700,85.610,600,85.700,4900,85.730,2019-06-19,14:18:57,00";
var hq_str_sh603259="药明康德,86.680,85.050,85.450,87.430,85.360,85.440,85.450,5609862,482563509.000,2100,85.440,1300,85.430,100,85.420,300,85.410,3400,85.400,300,85.450,100,85.500,1900,85.580,100,85.590,1100,85.600,2019-06-19,14:19:57,00";
var hq_str_sh603259="药明康德,86.680,85.050,85.500,87.430,85.360,85.500,85.530,5623062,483691793.000,1500,85.500,5200,85.470,1300,85.460,6100,85.450,400,85.440,1100,85.530,300,85.580,100,85.590,1100,85.600,600,85.700,2019-06-19,14:20:57,00";
var hq_str_sh603259="药明康德,86.680,85.050,85.490,87.430,85.360,85.460,85.500,5647162,485752711.000,2200,85.460,6000,85.450,500,85.440,1400,85.430,100,85.420,400,85.500,2300,85.530,6200,85.550,900,85.580,300,85.590,2019-06-19,14:21:57,00";
var hq_str_sh603259="药明康德,86.680,85.050,85.300,87.430,85.280,85.280,85.300,5673162,487973116.000,900,85.280,100,85.250,100,85.240,100,85.230,1900,85.200,200,85.300,1800,85.350,4400,85.360,900,85.400,200,85.430,2019-06-19,14:22:57,00";
var hq_str_sh603259="药明康德,86.680,85.050,85.440,87.430,85.200,85.390,85.430,5694862,489824692.000,100,85.390,1400,85.360,1500,85.310,3400,85.300,1600,85.260,200,85.430,1300,85.450,2100,85.460,200,85.500,2300,85.530,2019-06-19,14:23:57,00";
var hq_str_sh603259="药明康德,86.680,85.050,85.570,87.430,85.200,85.570,85.650,5720362,492006514.000,1600,85.570,200,85.430,100,85.410,100,85.360,500,85.320,3300,85.650,6000,85.660,2000,85.690,12400,85.700,300,85.730,2019-06-19,14:24:57,00";
var hq_str_sh603259="药明康德,86.680,85.050,85.570,87.430,85.200,85.460,85.570,5730662,492888018.000,7300,85.460,100,85.420,300,85.410,5000,85.400,100,85.330,4800,85.570,500,85.630,3200,85.650,6000,85.660,2000,85.690,2019-06-19,14:25:57,00";
var hq_str_sh603259="药明康德,86.680,85.050,85.630,87.430,85.200,85.630,85.650,5744362,494060690.000,500,85.630,200,85.580,200,85.430,400,85.420,600,85.410,3200,85.650,6100,85.660,2000,85.690,12400,85.700,500,85.730,2019-06-19,14:26:57,00";
var hq_str_sh603259="药明康德,86.680,85.050,85.560,87.430,85.200,85.560,85.610,5751162,494642813.000,200,85.560,1600,85.420,10500,85.410,5000,85.400,1000,85.360,600,85.610,3300,85.650,6100,85.660,2000,85.690,12400,85.700,2019-06-19,14:28:00,00";
var hq_str_sh603259="药明康德,86.680,85.050,85.590,87.430,85.200,85.560,85.590,5766162,495926903.000,100,85.560,200,85.500,300,85.430,1500,85.420,10500,85.410,100,85.590,2900,85.640,10900,85.650,6100,85.660,2000,85.690,2019-06-19,14:28:57,00";
var hq_str_sh603259="药明康德,86.680,85.050,85.430,87.430,85.200,85.420,85.430,5772162,496440114.000,1800,85.420,600,85.410,5000,85.400,1000,85.360,100,85.350,2000,85.430,8900,85.600,2900,85.640,6100,85.660,2000,85.690,2019-06-19,14:29:57,00";
var hq_str_sh603259="药明康德,86.680,85.050,85.500,87.430,85.200,85.450,85.500,5792793,498202714.000,100,85.450,4000,85.430,2400,85.420,24500,85.410,5000,85.400,800,85.500,100,85.550,1300,85.590,9000,85.600,2900,85.640,2019-06-19,14:30:57,00";
var hq_str_sh603259="药明康德,86.680,85.050,85.400,87.430,85.200,85.400,85.430,5821393,500645237.000,1400,85.400,1600,85.390,2200,85.360,100,85.350,900,85.320,1600,85.430,2600,85.500,300,85.550,9000,85.600,2900,85.640,2019-06-19,14:31:57,00";
var hq_str_sh603259="药明康德,86.680,85.050,85.590,87.430,85.200,85.540,85.590,5848793,502986797.000,100,85.540,500,85.530,200,85.490,600,85.410,500,85.370,800,85.590,9000,85.600,6100,85.660,1800,85.680,500,85.730,2019-06-19,14:32:57,00";
var hq_str_sh603259="药明康德,86.680,85.050,85.590,87.430,85.200,85.590,85.600,5859393,503893673.000,2200,85.590,600,85.550,4100,85.540,500,85.530,200,85.500,9000,85.600,6100,85.660,1800,85.680,500,85.730,2000,85.750,2019-06-19,14:33:57,00";
var hq_str_sh603259="药明康德,86.680,85.050,85.580,87.430,85.200,85.580,85.590,5869193,504732448.000,6800,85.580,600,85.560,3200,85.550,500,85.530,300,85.500,4200,85.590,5100,85.600,1000,85.650,6100,85.660,1800,85.680,2019-06-19,14:34:57,00";
var hq_str_sh603259="药明康德,86.680,85.050,85.410,87.430,85.200,85.420,85.550,5910693,508282948.000,100,85.420,700,85.410,10300,85.400,400,85.370,1700,85.360,10876,85.550,100,85.580,100,85.590,1000,85.650,6100,85.660,2019-06-19,14:35:57,00";
var hq_str_sh603259="药明康德,86.680,85.050,85.550,87.430,85.200,85.540,85.550,5917693,508881135.000,300,85.540,700,85.520,1400,85.510,100,85.500,100,85.480,11776,85.550,100,85.580,100,85.590,100,85.600,1000,85.650,2019-06-19,14:36:57,00";
var hq_str_sh603259="药明康德,86.680,85.050,85.460,87.430,85.200,85.420,85.460,5935493,510403493.000,100,85.420,1700,85.410,1600,85.400,2000,85.380,400,85.370,400,85.460,1100,85.480,800,85.500,1576,85.550,1100,85.580,2019-06-19,14:37:57,00";
var hq_str_sh603259="药明康德,86.680,85.050,85.450,87.430,85.200,85.440,85.450,5944993,511215233.000,1000,85.440,500,85.410,1800,85.400,2300,85.380,400,85.370,600,85.450,76,85.460,1100,85.480,800,85.500,200,85.550,2019-06-19,14:38:57,00";
var hq_str_sh603259="药明康德,86.680,85.050,85.500,87.430,85.200,85.480,85.500,5960993,512583076.000,1700,85.480,300,85.470,800,85.420,1500,85.410,1800,85.400,6576,85.500,200,85.510,1000,85.540,5500,85.550,1700,85.580,2019-06-19,14:40:00,00";
var hq_str_sh603259="药明康德,86.680,85.050,85.420,87.430,85.200,85.410,85.420,5972493,513566013.000,1600,85.410,1700,85.400,2300,85.380,400,85.370,300,85.350,2054,85.420,2700,85.440,900,85.480,4676,85.500,200,85.510,2019-06-19,14:40:54,00";
var hq_str_sh603259="药明康德,86.680,85.050,85.480,87.430,85.200,85.460,85.480,5987947,514886095.000,5400,85.460,1900,85.450,100,85.420,146,85.410,1700,85.400,300,85.480,4676,85.500,200,85.510,500,85.540,4400,85.550,2019-06-19,14:41:57,00";
var hq_str_sh603259="药明康德,86.680,85.050,85.420,87.430,85.200,85.420,85.460,6004647,516313021.000,3600,85.420,4500,85.410,1700,85.400,2300,85.380,100,85.370,600,85.460,300,85.500,200,85.510,500,85.540,4400,85.550,2019-06-19,14:42:57,00";
var hq_str_sh603259="药明康德,86.680,85.050,85.420,87.430,85.200,85.420,85.490,6015547,517244587.000,1600,85.420,1700,85.400,2300,85.380,200,85.350,100,85.330,3000,85.490,2000,85.500,1000,85.510,500,85.540,4400,85.550,2019-06-19,14:43:57,00";
var hq_str_sh603259="药明康德,86.680,85.050,85.440,87.430,85.200,85.440,85.450,6029847,518466806.000,200,85.440,600,85.430,1500,85.420,1700,85.400,500,85.390,1300,85.450,600,85.490,400,85.500,500,85.540,4400,85.550,2019-06-19,14:44:57,00";
var hq_str_sh603259="药明康德,86.680,85.050,85.480,87.430,85.200,85.480,85.490,6039847,519321387.000,1200,85.480,2700,85.450,600,85.430,1500,85.420,1800,85.400,400,85.490,30400,85.500,500,85.540,4400,85.550,700,85.580,2019-06-19,14:45:57,00";
var hq_str_sh603259="药明康德,86.680,85.050,85.490,87.430,85.200,85.460,85.490,6057065,520793354.000,700,85.460,1000,85.450,600,85.430,1300,85.420,2700,85.400,3576,85.490,20800,85.500,500,85.540,1700,85.550,700,85.580,2019-06-19,14:46:57,00";
var hq_str_sh603259="药明康德,86.680,85.050,85.420,87.430,85.200,85.420,85.490,6068365,521758990.000,600,85.420,3200,85.400,500,85.390,2500,85.380,900,85.350,1576,85.490,21900,85.500,500,85.540,1700,85.550,700,85.580,2019-06-19,14:47:57,00";
var hq_str_sh603259="药明康德,86.680,85.050,85.400,87.430,85.200,85.400,85.420,6072865,522143375.000,1700,85.400,1000,85.390,1800,85.380,1000,85.350,300,85.330,400,85.420,2000,85.450,1000,85.460,976,85.490,22100,85.500,2019-06-19,14:48:57,00";
var hq_str_sh603259="药明康德,86.680,85.050,85.430,87.430,85.200,85.420,85.440,6077165,522510663.000,600,85.420,100,85.410,2900,85.400,1000,85.390,1800,85.380,200,85.440,1700,85.450,1000,85.460,1200,85.480,1476,85.490,2019-06-19,14:50:00,00";
var hq_str_sh603259="药明康德,86.680,85.050,85.420,87.430,85.200,85.410,85.420,6086565,523313834.000,1500,85.410,3000,85.400,1000,85.390,1800,85.380,1000,85.350,300,85.420,100,85.450,400,85.460,1200,85.480,4376,85.490,2019-06-19,14:50:57,00";
var hq_str_sh603259="药明康德,86.680,85.050,85.410,87.430,85.200,85.390,85.420,6098365,524321751.000,1000,85.390,1800,85.380,1600,85.350,300,85.330,400,85.320,200,85.420,1200,85.450,500,85.460,1200,85.480,3876,85.490,2019-06-19,14:51:57,00";
var hq_str_sh603259="药明康德,86.680,85.050,85.420,87.430,85.200,85.410,85.450,6107465,525099085.000,700,85.410,600,85.400,500,85.390,1800,85.380,2600,85.350,200,85.450,700,85.460,1200,85.480,4376,85.490,22400,85.500,2019-06-19,14:53:00,00";
var hq_str_sh603259="药明康德,86.680,85.050,85.490,87.430,85.200,85.470,85.490,6148765,528629243.000,600,85.470,2000,85.450,500,85.400,100,85.390,1400,85.380,2600,85.490,3176,85.500,500,85.540,2500,85.550,700,85.580,2019-06-19,14:53:57,00";
var hq_str_sh603259="药明康德,86.680,85.050,85.470,87.430,85.200,85.450,85.470,6160965,529671912.000,100,85.450,500,85.410,700,85.400,100,85.390,1500,85.380,3300,85.470,300,85.480,3400,85.490,3376,85.500,500,85.540,2019-06-19,14:54:57,00";
var hq_str_sh603259="药明康德,86.680,85.050,85.500,87.430,85.200,85.500,85.530,6181065,531390204.000,5200,85.500,300,85.470,500,85.450,500,85.410,700,85.400,300,85.530,400,85.540,1976,85.550,700,85.580,2200,85.600,2019-06-19,14:55:54,00";
var hq_str_sh603259="药明康德,86.680,85.050,85.470,87.430,85.200,85.470,85.500,6197765,532818351.000,100,85.470,500,85.450,600,85.410,800,85.400,1600,85.380,500,85.500,700,85.560,476,85.580,900,85.590,2200,85.600,2019-06-19,14:56:59,00";
var hq_str_sh603259="药明康德,86.680,85.050,85.470,87.430,85.200,85.790,85.790,6197765,532818351.000,19200,85.790,0,0.000,0,0.000,0,0.000,0,0.000,19200,85.790,76,0.000,0,0.000,0,0.000,0,0.000,2019-06-19,14:57:57,00";
var hq_str_sh603259="药明康德,86.680,85.050,85.470,87.430,85.200,85.790,85.790,6197765,532818351.000,20600,85.790,0,0.000,0,0.000,0,0.000,0,0.000,20600,85.790,3076,0.000,0,0.000,0,0.000,0,0.000,2019-06-19,14:59:00,00";
