var hq_str_sh603259="药明康德,108.000,106.500,108.000,108.000,108.000,108.000,108.010,62900,6793200.000,6400,108.000,200,107.930,1600,107.880,100,107.830,2000,107.820,300,108.010,200,108.040,200,108.060,300,108.090,300,108.100,2020-06-01,09:29:47,00,";
var hq_str_sh603259="药明康德,108.000,106.500,107.900,108.350,107.900,107.880,107.900,238300,25753780.000,1500,107.880,200,107.870,1100,107.830,2700,107.820,37600,107.810,100,107.900,4900,108.000,500,108.010,2800,108.080,600,108.110,2020-06-01,09:30:56,00,";
var hq_str_sh603259="药明康德,108.000,106.500,107.550,108.350,107.300,107.520,107.550,389800,42075943.000,2100,107.520,100,107.510,12800,107.500,300,107.350,700,107.340,200,107.550,600,107.580,200,107.590,1000,107.600,1000,107.610,2020-06-01,09:31:59,00,";
var hq_str_sh603259="药明康德,108.000,106.500,108.100,108.350,107.300,108.030,108.090,493601,53273559.000,100,108.030,900,108.010,6600,108.000,3600,107.980,3900,107.950,200,108.090,1000,108.100,2300,108.110,100,108.130,100,108.180,2020-06-01,09:32:59,00,";
var hq_str_sh603259="药明康德,108.000,106.500,108.110,108.350,107.300,108.110,108.130,568841,61401988.000,300,108.110,100,108.090,400,108.070,300,108.040,200,108.030,300,108.130,400,108.140,600,108.150,8000,108.180,2200,108.190,2020-06-01,09:33:59,00,";
var hq_str_sh603259="药明康德,108.000,106.500,108.360,108.360,107.300,108.390,108.400,641541,69269592.000,400,108.390,2400,108.350,500,108.320,300,108.250,400,108.240,1100,108.400,1100,108.460,3500,108.480,700,108.490,2800,108.500,2020-06-01,09:34:56,00,";
var hq_str_sh603259="药明康德,108.000,106.500,108.070,108.460,107.300,108.020,108.070,711641,76862310.000,100,108.020,200,108.010,8860,108.000,100,107.990,600,107.980,100,108.070,4900,108.100,300,108.120,200,108.140,500,108.170,2020-06-01,09:35:56,00,";
var hq_str_sh603259="药明康德,108.000,106.500,107.600,108.460,107.300,107.580,107.600,853101,92118003.000,100,107.580,800,107.550,300,107.530,2800,107.520,10600,107.500,100,107.600,2400,107.670,800,107.680,1200,107.710,2000,107.720,2020-06-01,09:36:59,00,";
var hq_str_sh603259="药明康德,108.000,106.500,107.900,108.460,107.300,107.890,107.900,947101,102244223.000,1500,107.890,1700,107.860,200,107.840,5000,107.810,200,107.800,1000,107.900,200,107.970,1400,107.990,500,108.000,400,108.010,2020-06-01,09:37:56,00,";
var hq_str_sh603259="药明康德,108.000,106.500,108.100,108.460,107.300,108.080,108.120,1005801,108582543.000,8800,108.080,1000,108.020,100,107.960,400,107.940,2100,107.920,1300,108.120,200,108.140,400,108.150,100,108.160,200,108.170,2020-06-01,09:38:56,00,";
var hq_str_sh603259="药明康德,108.000,106.500,108.380,108.460,107.300,108.290,108.380,1038301,112099984.000,400,108.290,1800,108.280,7800,108.260,4000,108.200,2000,108.190,100,108.380,1200,108.390,1957,108.400,400,108.410,600,108.420,2020-06-01,09:39:56,00,";
var hq_str_sh603259="药明康德,108.000,106.500,108.360,108.460,107.300,108.360,108.380,1110858,119964779.000,2000,108.360,200,108.350,4200,108.330,1000,108.310,1500,108.300,1600,108.380,3400,108.390,1900,108.400,900,108.420,100,108.430,2020-06-01,09:40:59,00,";
var hq_str_sh603259="药明康德,108.000,106.500,108.870,108.870,107.300,108.870,108.880,1209958,130722802.000,500,108.870,3500,108.860,600,108.830,2500,108.820,14900,108.800,3000,108.880,300,108.900,300,108.930,700,108.970,1500,108.980,2020-06-01,09:41:59,00,";
var hq_str_sh603259="药明康德,108.000,106.500,109.290,109.400,107.300,109.270,109.350,1325410,143325381.000,1000,109.270,200,109.250,800,109.210,500,109.200,8300,109.190,2200,109.350,2800,109.380,900,109.390,100,109.400,400,109.410,2020-06-01,09:42:56,00,";
var hq_str_sh603259="药明康德,108.000,106.500,109.430,109.530,107.300,109.430,109.440,1416210,153259617.000,300,109.430,4900,109.410,300,109.380,200,109.320,100,109.290,28100,109.440,300,109.450,100,109.530,900,109.550,400,109.560,2020-06-01,09:43:56,00,";
var hq_str_sh603259="药明康德,108.000,106.500,109.510,109.570,107.300,109.450,109.510,1501310,162573451.000,1500,109.450,600,109.420,700,109.400,200,109.330,400,109.320,5000,109.510,12400,109.520,100,109.550,200,109.570,900,109.580,2020-06-01,09:44:56,00,";
var hq_str_sh603259="药明康德,108.000,106.500,109.180,109.570,107.300,109.110,109.180,1609810,174443294.000,100,109.110,1900,109.100,100,109.030,1600,109.000,3700,108.970,100,109.180,5000,109.200,500,109.210,100,109.230,800,109.280,2020-06-01,09:45:59,00,";
var hq_str_sh603259="药明康德,108.000,106.500,109.130,109.570,107.300,109.120,109.130,1659935,179911385.000,500,109.120,1100,109.110,600,109.100,200,109.050,100,109.030,1200,109.130,700,109.180,1300,109.190,43500,109.200,2600,109.210,2020-06-01,09:46:59,00,";
var hq_str_sh603259="药明康德,108.000,106.500,108.760,109.570,107.300,108.780,108.790,1710535,185422821.000,1200,108.780,200,108.760,1000,108.700,200,108.690,300,108.680,2600,108.790,1200,108.800,100,108.810,300,108.860,1600,108.870,2020-06-01,09:47:59,00,";
var hq_str_sh603259="药明康德,108.000,106.500,108.900,109.570,107.300,108.900,108.920,1762235,191050255.000,400,108.900,1000,108.880,6400,108.870,2000,108.860,7300,108.850,300,108.920,3800,108.940,700,108.950,200,108.970,900,108.980,2020-06-01,09:48:59,00,";
var hq_str_sh603259="药明康德,108.000,106.500,109.020,109.570,107.300,109.020,109.030,1851235,200747727.000,1700,109.020,500,109.010,3200,109.000,500,108.990,600,108.980,1300,109.030,800,109.040,1200,109.050,300,109.070,100,109.080,2020-06-01,09:49:59,00,";
var hq_str_sh603259="药明康德,108.000,106.500,109.110,109.570,107.300,109.110,109.120,1930679,209410323.000,456,109.110,600,109.100,1800,109.080,500,109.060,100,109.050,1900,109.120,2800,109.130,300,109.160,700,109.180,1300,109.190,2020-06-01,09:50:59,00,";
var hq_str_sh603259="药明康德,108.000,106.500,108.980,109.570,107.300,108.980,108.990,1968235,213506166.000,2900,108.980,100,108.960,100,108.950,1200,108.920,3300,108.910,1700,108.990,1100,109.000,600,109.020,600,109.040,2100,109.050,2020-06-01,09:51:59,00,";
var hq_str_sh603259="药明康德,108.000,106.500,108.760,109.570,107.300,108.760,108.840,2058735,223357619.000,1900,108.760,1100,108.710,6000,108.600,400,108.570,100,108.550,400,108.840,2700,108.850,200,108.870,800,108.880,3000,108.890,2020-06-01,09:52:59,00,";
var hq_str_sh603259="药明康德,108.000,106.500,108.890,109.570,107.300,108.880,108.890,2083035,226002258.000,6000,108.880,6300,108.870,1900,108.860,200,108.830,1100,108.820,900,108.890,600,108.910,200,108.920,3500,108.950,30500,108.960,2020-06-01,09:53:59,00,";
var hq_str_sh603259="药明康德,108.000,106.500,108.960,109.570,107.300,108.900,108.960,2165335,234967750.000,500,108.900,5100,108.890,1600,108.880,500,108.870,1600,108.860,1400,108.960,300,108.990,3500,109.000,700,109.010,500,109.040,2020-06-01,09:54:59,00,";
var hq_str_sh603259="药明康德,108.000,106.500,109.100,109.570,107.300,109.100,109.120,2206679,239475930.000,1256,109.100,500,109.070,300,109.050,200,108.990,300,108.960,100,109.120,100,109.130,500,109.160,200,109.190,4300,109.200,2020-06-01,09:55:59,00,";
var hq_str_sh603259="药明康德,108.000,106.500,109.240,109.570,107.300,109.240,109.250,2250079,244214246.000,100,109.240,300,109.230,1000,109.200,200,109.190,100,109.150,300,109.250,1700,109.270,1600,109.280,1300,109.290,400,109.300,2020-06-01,09:56:59,00,";
var hq_str_sh603259="药明康德,108.000,106.500,108.950,109.570,107.300,108.950,108.980,2287779,248329922.000,200,108.950,2100,108.900,600,108.880,300,108.870,300,108.860,500,108.980,3000,108.990,23600,109.000,800,109.010,400,109.040,2020-06-01,09:57:59,00,";
var hq_str_sh603259="药明康德,108.000,106.500,109.200,109.570,107.300,109.190,109.200,2380160,258405649.000,100,109.190,200,109.170,3000,109.100,3700,109.050,6519,109.000,4400,109.200,1200,109.250,200,109.270,400,109.280,900,109.290,2020-06-01,09:58:59,00,";
var hq_str_sh603259="药明康德,108.000,106.500,109.240,109.570,107.300,109.240,109.250,2456960,266785710.000,400,109.240,200,109.220,500,108.970,100,108.960,400,108.950,900,109.250,400,109.270,300,109.280,1500,109.290,4000,109.300,2020-06-01,09:59:59,00,";
var hq_str_sh603259="药明康德,108.000,106.500,108.990,109.570,107.300,108.970,108.990,2509760,272543893.000,300,108.970,6500,108.960,200,108.900,1000,108.880,300,108.870,600,108.990,100,109.000,200,109.060,100,109.070,200,109.080,2020-06-01,10:00:59,00,";
var hq_str_sh603259="药明康德,108.000,106.500,109.100,109.570,107.300,109.100,109.120,2572860,279426318.000,800,109.100,600,109.000,400,108.990,200,108.980,2100,108.970,200,109.120,600,109.130,2400,109.140,5300,109.150,100,109.160,2020-06-01,10:01:56,00,";
var hq_str_sh603259="药明康德,108.000,106.500,109.350,109.570,107.300,109.390,109.410,2641260,286896350.000,500,109.390,100,109.360,2000,109.350,4700,109.300,2100,109.290,2600,109.410,100,109.420,100,109.440,800,109.450,700,109.470,2020-06-01,10:02:59,00,";
var hq_str_sh603259="药明康德,108.000,106.500,109.400,109.570,107.300,109.400,109.440,2737960,297470406.000,4700,109.400,1500,109.380,8200,109.360,100,109.340,500,109.290,400,109.440,600,109.470,900,109.480,1300,109.490,16400,109.500,2020-06-01,10:03:59,00,";
var hq_str_sh603259="药明康德,108.000,106.500,109.710,109.760,107.300,109.710,109.760,2845800,309288108.000,600,109.710,860,109.700,5200,109.690,10300,109.680,6500,109.670,5300,109.760,100,109.770,600,109.780,300,109.790,6000,109.800,2020-06-01,10:04:59,00,";
var hq_str_sh603259="药明康德,108.000,106.500,109.950,109.980,107.300,109.970,109.980,2933100,318878271.000,400,109.970,100,109.920,6100,109.910,3100,109.900,2600,109.890,14900,109.980,18500,109.990,74388,110.000,800,110.010,200,110.020,2020-06-01,10:05:59,00,";
var hq_str_sh603259="药明康德,108.000,106.500,109.990,110.000,107.300,109.990,110.000,3104600,337742068.000,5000,109.990,7200,109.980,2200,109.970,200,109.950,500,109.910,9288,110.000,1500,110.010,400,110.020,600,110.030,500,110.050,2020-06-01,10:06:59,00,";
var hq_str_sh603259="药明康德,108.000,106.500,110.300,110.380,107.300,110.350,110.370,3188748,347012069.000,1000,110.350,600,110.310,200,110.260,3100,110.220,1700,110.210,400,110.370,200,110.390,600,110.400,100,110.430,4000,110.450,2020-06-01,10:07:59,00,";
var hq_str_sh603259="药明康德,108.000,106.500,110.080,110.380,107.300,110.080,110.090,3251508,353931481.000,300,110.080,200,110.050,200,110.040,5500,110.000,1300,109.980,100,110.090,2000,110.100,400,110.120,1700,110.140,2700,110.150,2020-06-01,10:08:59,00,";
var hq_str_sh603259="药明康德,108.000,106.500,110.150,110.380,107.300,110.150,110.170,3293508,358557709.000,2200,110.150,200,110.060,300,110.050,200,110.040,1100,110.010,100,110.170,100,110.180,1400,110.190,900,110.200,100,110.210,2020-06-01,10:09:59,00,";
var hq_str_sh603259="药明康德,108.000,106.500,110.000,110.380,107.300,110.000,110.020,3338608,363521266.000,400,110.000,1200,109.980,800,109.970,100,109.950,500,109.910,200,110.020,600,110.060,700,110.080,2000,110.090,600,110.100,2020-06-01,10:10:59,00,";
var hq_str_sh603259="药明康德,108.000,106.500,109.810,110.380,107.300,109.800,109.890,3421708,372656148.000,4700,109.800,600,109.760,1100,109.710,2100,109.700,10000,109.680,200,109.890,1200,109.900,100,109.910,500,109.920,100,109.940,2020-06-01,10:11:59,00,";
var hq_str_sh603259="药明康德,108.000,106.500,109.810,110.380,107.300,109.810,109.850,3453708,376169928.000,800,109.810,2000,109.800,800,109.790,2600,109.780,100,109.760,1100,109.850,100,109.880,200,109.890,1800,109.900,100,109.910,2020-06-01,10:12:59,00,";
var hq_str_sh603259="药明康德,108.000,106.500,109.890,110.380,107.300,109.830,109.890,3481188,379187608.000,2020,109.830,2200,109.810,2000,109.800,400,109.790,6400,109.780,500,109.890,1800,109.900,100,109.910,100,109.940,3100,109.950,2020-06-01,10:13:56,00,";
var hq_str_sh603259="药明康德,108.000,106.500,109.900,110.380,107.300,109.890,109.900,3541899,385861345.000,1789,109.890,400,109.860,200,109.850,2000,109.810,1100,109.800,11140,109.900,1800,109.940,2000,109.960,100,109.970,22212,110.000,2020-06-01,10:14:59,00,";
var hq_str_sh603259="药明康德,108.000,106.500,109.990,110.380,107.300,109.960,109.990,3583139,390395543.000,300,109.960,10649,109.940,500,109.920,5700,109.910,1500,109.890,2700,109.990,10584,110.000,1300,110.010,100,110.020,1040,110.080,2020-06-01,10:15:59,00,";
var hq_str_sh603259="药明康德,108.000,106.500,110.110,110.380,107.300,110.110,110.130,3631263,395689624.000,1000,110.110,500,110.100,4200,110.080,1900,110.070,60,110.050,200,110.130,700,110.150,200,110.160,1000,110.180,900,110.190,2020-06-01,10:16:59,00,";
var hq_str_sh603259="药明康德,108.000,106.500,110.200,110.380,107.300,110.190,110.200,3693763,402575400.000,3600,110.190,400,110.180,300,110.160,2500,110.150,2200,110.080,4320,110.200,400,110.220,1600,110.230,800,110.240,1000,110.250,2020-06-01,10:17:59,00,";
var hq_str_sh603259="药明康德,108.000,106.500,110.020,110.380,107.300,110.000,110.020,3740763,407752151.000,900,110.000,1500,109.950,7249,109.940,100,109.880,100,109.850,1500,110.020,1400,110.030,500,110.040,1900,110.060,700,110.070,2020-06-01,10:18:59,00,";
var hq_str_sh603259="药明康德,108.000,106.500,109.980,110.380,107.300,109.980,110.000,3768863,410843224.000,900,109.980,6300,109.970,1300,109.960,1800,109.950,7349,109.940,7900,110.000,576,110.020,5200,110.030,100,110.040,1900,110.060,2020-06-01,10:19:59,00,";
var hq_str_sh603259="药明康德,108.000,106.500,109.990,110.380,107.300,109.990,110.000,3809363,415297867.000,5000,109.990,500,109.970,2600,109.960,1200,109.950,7249,109.940,1700,110.000,200,110.010,976,110.020,4800,110.030,100,110.050,2020-06-01,10:20:59,00,";
var hq_str_sh603259="药明康德,108.000,106.500,110.030,110.380,107.300,110.000,110.010,3837163,418356123.000,300,110.000,1200,109.990,100,109.970,3100,109.960,1100,109.950,500,110.010,876,110.030,600,110.040,100,110.060,100,110.080,2020-06-01,10:21:59,00,";
var hq_str_sh603259="药明康德,108.000,106.500,110.010,110.380,107.300,110.000,110.010,3883163,423415585.000,1600,110.000,1500,109.980,7000,109.970,1000,109.950,7249,109.940,300,110.010,200,110.020,100,110.030,800,110.040,100,110.050,2020-06-01,10:22:59,00,";
var hq_str_sh603259="药明康德,108.000,106.500,110.000,110.380,107.300,110.000,110.010,3909323,426293140.000,2840,110.000,1200,109.990,2000,109.980,5700,109.970,400,109.960,1300,110.010,900,110.020,100,110.030,800,110.040,100,110.050,2020-06-01,10:23:59,00,";
var hq_str_sh603259="药明康德,108.000,106.500,109.990,110.380,107.300,109.980,110.000,3945823,430308120.000,800,109.980,5600,109.970,300,109.960,900,109.950,7249,109.940,7400,110.000,1200,110.010,400,110.020,200,110.030,800,110.040,2020-06-01,10:24:59,00,";
var hq_str_sh603259="药明康德,108.000,106.500,110.100,110.380,107.300,110.100,110.110,3980923,434169432.000,400,110.100,1300,110.090,700,110.060,700,110.050,100,110.040,100,110.110,400,110.150,500,110.180,1400,110.190,2500,110.200,2020-06-01,10:25:59,00,";
var hq_str_sh603259="药明康德,108.000,106.500,110.240,110.380,107.300,110.210,110.240,4003663,436674822.000,600,110.210,800,110.200,4000,110.190,400,110.170,500,110.110,120,110.240,2800,110.250,900,110.260,100,110.280,1800,110.290,2020-06-01,10:26:59,00,";
var hq_str_sh603259="药明康德,108.000,106.500,110.290,110.380,107.300,110.290,110.300,4045783,441319992.000,2300,110.290,3600,110.270,3900,110.260,700,110.250,300,110.230,27280,110.300,500,110.310,700,110.320,2200,110.330,700,110.340,2020-06-01,10:27:59,00,";
var hq_str_sh603259="药明康德,108.000,106.500,110.290,110.380,107.300,110.290,110.300,4075583,444606703.000,5400,110.290,1400,110.270,700,110.260,1700,110.250,100,110.200,24280,110.300,1300,110.310,700,110.320,2200,110.330,1300,110.340,2020-06-01,10:28:59,00,";
var hq_str_sh603259="药明康德,108.000,106.500,110.300,110.380,107.300,110.300,110.310,4119663,449468542.000,20,110.300,100,110.290,5300,110.280,1100,110.270,700,110.260,1200,110.310,900,110.320,2800,110.330,1400,110.340,7500,110.350,2020-06-01,10:29:59,00,";
var hq_str_sh603259="药明康德,108.000,106.500,110.280,110.380,107.300,110.280,110.300,4156583,453540810.000,1700,110.280,100,110.250,100,110.240,100,110.230,200,110.170,400,110.300,100,110.310,500,110.330,300,110.340,8600,110.350,2020-06-01,10:30:59,00,";
var hq_str_sh603259="药明康德,108.000,106.500,110.190,110.380,107.300,110.190,110.210,4179183,456031487.000,2900,110.190,200,110.180,1900,110.170,800,110.160,200,110.150,4400,110.210,4900,110.220,200,110.230,100,110.240,700,110.250,2020-06-01,10:32:00,00,";
var hq_str_sh603259="药明康德,108.000,106.500,110.170,110.380,107.300,110.110,110.200,4218183,460329094.000,200,110.110,700,110.100,100,110.040,200,110.020,500,110.010,3200,110.200,3900,110.220,200,110.230,600,110.240,1200,110.250,2020-06-01,10:32:59,00,";
var hq_str_sh603259="药明康德,108.000,106.500,110.140,110.380,107.300,110.110,110.140,4248983,463721735.000,2800,110.110,400,110.100,300,110.060,400,110.040,500,110.010,500,110.140,700,110.170,200,110.180,5600,110.190,21498,110.200,2020-06-01,10:34:00,00,";
var hq_str_sh603259="药明康德,108.000,106.500,110.020,110.380,107.300,110.020,110.100,4300183,469355181.000,400,110.020,100,110.010,5800,110.000,2600,109.980,1300,109.970,3400,110.100,12400,110.110,100,110.150,200,110.170,1200,110.190,2020-06-01,10:34:59,00,";
var hq_str_sh603259="药明康德,108.000,106.500,110.000,110.380,107.300,109.990,110.000,4343983,474173944.000,200,109.990,4200,109.980,800,109.960,100,109.950,4049,109.940,18400,110.000,600,110.040,1600,110.080,100,110.100,14600,110.110,2020-06-01,10:35:59,00,";
var hq_str_sh603259="药明康德,108.000,106.500,109.960,110.380,107.300,109.950,109.960,4389532,479183211.000,200,109.950,4100,109.940,400,109.930,400,109.920,400,109.890,2900,109.960,300,109.970,1300,109.980,400,109.990,6851,110.000,2020-06-01,10:36:59,00,";
var hq_str_sh603259="药明康德,108.000,106.500,109.930,110.380,107.300,109.930,109.940,4418732,482393611.000,300,109.930,1500,109.920,600,109.890,900,109.880,100,109.850,6900,109.940,800,109.980,300,109.990,12851,110.000,2000,110.030,2020-06-01,10:37:59,00,";
var hq_str_sh603259="药明康德,108.000,106.500,109.920,110.380,107.300,109.920,109.930,4439132,484636362.000,3100,109.920,200,109.890,600,109.880,100,109.860,100,109.850,6100,109.930,1300,109.960,800,109.980,200,109.990,13251,110.000,2020-06-01,10:39:00,00,";
var hq_str_sh603259="药明康德,108.000,106.500,109.970,110.380,107.300,109.960,109.970,4462472,487202206.000,100,109.960,900,109.950,7400,109.940,2400,109.930,200,109.920,800,109.970,100,109.980,200,109.990,20851,110.000,2200,110.030,2020-06-01,10:40:00,00,";
var hq_str_sh603259="药明康德,108.000,106.500,110.010,110.380,107.300,110.000,110.010,4495463,490830721.000,1749,110.000,6000,109.990,1400,109.980,1100,109.960,3100,109.950,800,110.010,2200,110.030,600,110.040,300,110.080,200,110.090,2020-06-01,10:41:00,00,";
var hq_str_sh603259="药明康德,108.000,106.500,110.080,110.380,107.300,110.090,110.110,4526663,494264528.000,100,110.090,2700,110.080,900,110.070,1500,110.060,7000,110.050,13300,110.110,100,110.120,600,110.140,100,110.170,100,110.180,2020-06-01,10:42:00,00,";
var hq_str_sh603259="药明康德,108.000,106.500,109.990,110.380,107.300,109.970,110.000,4588063,501021265.000,800,109.970,400,109.960,2800,109.950,900,109.930,100,109.900,13800,110.000,600,110.050,500,110.060,600,110.080,200,110.090,2020-06-01,10:43:00,00,";
var hq_str_sh603259="药明康德,108.000,106.500,109.980,110.380,107.300,109.980,110.000,4613363,503804051.000,5300,109.980,900,109.970,500,109.960,3100,109.950,900,109.930,300,110.000,800,110.040,4100,110.050,500,110.060,100,110.080,2020-06-01,10:43:57,00,";
var hq_str_sh603259="药明康德,108.000,106.500,110.000,110.380,107.300,109.980,110.000,4678663,510990664.000,200,109.980,2700,109.950,900,109.930,100,109.900,1200,109.890,23100,110.000,600,110.040,2000,110.120,4000,110.150,400,110.160,2020-06-01,10:45:00,00,";
var hq_str_sh603259="药明康德,108.000,106.500,109.970,110.380,107.300,109.960,109.970,4707763,514190632.000,200,109.960,600,109.910,100,109.900,1700,109.890,600,109.880,400,109.970,3100,109.980,4200,109.990,33600,110.000,100,110.020,2020-06-01,10:46:00,00,";
var hq_str_sh603259="药明康德,108.000,106.500,109.960,110.380,107.300,109.930,109.960,4736963,517401708.000,700,109.930,200,109.920,400,109.910,1900,109.900,1200,109.890,700,109.960,6500,109.970,1900,109.980,4300,109.990,34200,110.000,2020-06-01,10:47:00,00,";
var hq_str_sh603259="药明康德,108.000,106.500,110.020,110.380,107.300,110.050,110.100,4820963,526640768.000,400,110.050,700,110.040,5000,110.020,300,110.010,5900,110.000,1400,110.100,200,110.110,2500,110.120,800,110.150,100,110.160,2020-06-01,10:48:00,00,";
var hq_str_sh603259="药明康德,108.000,106.500,110.280,110.380,107.300,110.260,110.280,4901761,535544504.000,400,110.260,1700,110.180,200,110.160,100,110.140,2000,110.120,2200,110.280,6500,110.290,6100,110.300,6200,110.310,400,110.320,2020-06-01,10:49:00,00,";
var hq_str_sh603259="药明康德,108.000,106.500,110.080,110.380,107.300,110.080,110.100,4948661,540712546.000,3200,110.080,100,110.070,800,110.050,100,110.040,5500,110.000,20600,110.100,100,110.130,9600,110.160,1200,110.190,600,110.200,2020-06-01,10:50:00,00,";
var hq_str_sh603259="药明康德,108.000,106.500,110.010,110.380,107.300,110.010,110.050,4995261,545841266.000,2400,110.010,4900,110.000,2300,109.980,100,109.970,300,109.950,12800,110.050,800,110.070,1500,110.080,20600,110.100,100,110.150,2020-06-01,10:51:00,00,";
var hq_str_sh603259="药明康德,108.000,106.500,110.050,110.380,107.300,110.030,110.050,5049461,551804519.000,3300,110.030,2700,110.020,900,110.010,7700,110.000,200,109.990,2900,110.050,5700,110.070,1500,110.080,900,110.090,19900,110.100,2020-06-01,10:52:00,00,";
var hq_str_sh603259="药明康德,108.000,106.500,110.050,110.380,107.300,110.040,110.070,5095261,556845421.000,700,110.040,500,110.030,100,110.020,10400,110.000,100,109.990,1000,110.070,400,110.080,1700,110.090,19100,110.100,900,110.110,2020-06-01,10:53:00,00,";
var hq_str_sh603259="药明康德,108.000,106.500,110.060,110.380,107.300,110.060,110.070,5122161,559806172.000,900,110.060,2800,110.050,700,110.040,500,110.030,500,110.010,19400,110.070,7200,110.080,1200,110.090,19700,110.100,900,110.110,2020-06-01,10:54:00,00,";
var hq_str_sh603259="药明康德,108.000,106.500,110.060,110.380,107.300,110.060,110.070,5180053,566178004.000,2800,110.060,300,110.050,700,110.040,400,110.030,500,110.010,5339,110.070,6500,110.080,1200,110.090,23200,110.100,300,110.110,2020-06-01,10:55:00,00,";
var hq_str_sh603259="药明康德,108.000,106.500,110.030,110.380,107.300,110.040,110.060,5206153,569050634.000,500,110.040,300,110.030,600,110.010,10400,110.000,100,109.990,800,110.060,2739,110.070,11400,110.080,6100,110.090,23600,110.100,2020-06-01,10:55:57,00,";
var hq_str_sh603259="药明康德,108.000,106.500,110.000,110.380,107.300,109.990,110.000,5233353,572042853.000,3200,109.990,1400,109.980,1700,109.970,700,109.960,200,109.950,6500,110.000,2000,110.010,1100,110.030,1300,110.040,500,110.060,2020-06-01,10:57:00,00,";
var hq_str_sh603259="药明康德,108.000,106.500,110.000,110.380,107.300,109.990,110.000,5264053,575420472.000,1000,109.990,1300,109.980,1500,109.970,100,109.960,200,109.950,2000,110.000,900,110.040,2400,110.050,10700,110.060,2939,110.070,2020-06-01,10:58:00,00,";
var hq_str_sh603259="药明康德,108.000,106.500,109.990,110.380,107.300,109.980,110.000,5283953,577609923.000,1300,109.980,2000,109.970,800,109.960,200,109.950,100,109.930,24300,110.000,6100,110.030,200,110.040,1900,110.050,10900,110.060,2020-06-01,10:58:57,00,";
var hq_str_sh603259="药明康德,108.000,106.500,110.000,110.380,107.300,109.980,110.000,5297753,579127814.000,700,109.980,2000,109.970,800,109.960,2300,109.950,100,109.930,36200,110.000,6500,110.030,800,110.040,1400,110.050,10200,110.060,2020-06-01,11:00:00,00,";
var hq_str_sh603259="药明康德,108.000,106.500,109.990,110.380,107.300,109.990,110.000,5315753,581107721.000,400,109.990,500,109.980,2000,109.970,800,109.960,2200,109.950,36500,110.000,6100,110.030,800,110.040,1100,110.050,10200,110.060,2020-06-01,11:01:00,00,";
var hq_str_sh603259="药明康德,108.000,106.500,109.910,110.380,107.300,109.910,109.980,5354553,585373954.000,200,109.910,500,109.900,200,109.890,400,109.880,100,109.850,2300,109.980,5900,109.990,34400,110.000,200,110.010,700,110.020,2020-06-01,11:02:00,00,";
var hq_str_sh603259="药明康德,108.000,106.500,109.910,110.380,107.300,109.900,109.910,5368853,586945667.000,2000,109.900,600,109.890,200,109.830,1100,109.820,2000,109.810,800,109.910,1000,109.930,1500,109.940,200,109.950,2800,109.980,2020-06-01,11:03:00,00,";
var hq_str_sh603259="药明康德,108.000,106.500,109.900,110.380,107.300,109.880,109.890,5385053,588726094.000,500,109.880,1100,109.850,1900,109.810,1800,109.800,3000,109.790,200,109.890,600,109.920,1200,109.930,1700,109.940,800,109.950,2020-06-01,11:04:00,00,";
var hq_str_sh603259="药明康德,108.000,106.500,109.800,110.380,107.300,109.800,109.810,5408753,591329289.000,100,109.800,100,109.790,800,109.710,100,109.680,300,109.670,1100,109.810,500,109.820,300,109.830,200,109.840,8200,109.850,2020-06-01,11:05:00,00,";
var hq_str_sh603259="药明康德,108.000,106.500,109.780,110.380,107.300,109.710,109.780,5432953,593985431.000,700,109.710,500,109.680,2200,109.660,200,109.650,100,109.640,200,109.780,100,109.790,1000,109.810,1800,109.820,600,109.830,2020-06-01,11:06:00,00,";
var hq_str_sh603259="药明康德,108.000,106.500,109.650,110.380,107.300,109.640,109.650,5451253,595992760.000,1100,109.640,2200,109.630,600,109.620,1200,109.610,2400,109.600,2100,109.650,300,109.660,200,109.690,400,109.700,900,109.720,2020-06-01,11:07:00,00,";
var hq_str_sh603259="药明康德,108.000,106.500,109.630,110.380,107.300,109.630,109.640,5467853,597812536.000,2500,109.630,600,109.620,4900,109.600,1200,109.580,200,109.570,3600,109.640,900,109.650,100,109.670,600,109.680,200,109.690,2020-06-01,11:08:00,00,";
var hq_str_sh603259="药明康德,108.000,106.500,109.640,110.380,107.300,109.640,109.650,5481933,599356194.000,400,109.640,1300,109.630,1500,109.620,2500,109.610,4700,109.600,1700,109.650,800,109.660,1200,109.670,800,109.680,200,109.690,2020-06-01,11:09:00,00,";
var hq_str_sh603259="药明康德,108.000,106.500,109.670,110.380,107.300,109.660,109.670,5495633,600858530.000,400,109.660,1200,109.650,100,109.640,800,109.630,200,109.620,1900,109.670,1400,109.680,200,109.690,300,109.700,100,109.710,2020-06-01,11:10:00,00,";
var hq_str_sh603259="药明康德,108.000,106.500,109.600,110.380,107.300,109.580,109.640,5526133,604202555.000,1000,109.580,100,109.570,1000,109.550,400,109.540,200,109.530,400,109.640,200,109.650,1100,109.660,5500,109.670,500,109.680,2020-06-01,11:11:00,00,";
var hq_str_sh603259="药明康德,108.000,106.500,109.470,110.380,107.300,109.470,109.480,5571033,609116827.000,700,109.470,200,109.460,100,109.410,4500,109.400,700,109.360,400,109.480,1300,109.500,200,109.510,100,109.530,600,109.540,2020-06-01,11:12:00,00,";
var hq_str_sh603259="药明康德,108.000,106.500,109.380,110.380,107.300,109.380,109.390,5613333,613747155.000,500,109.380,900,109.360,300,109.350,200,109.330,200,109.320,400,109.390,6300,109.400,800,109.430,200,109.440,1200,109.490,2020-06-01,11:13:00,00,";
var hq_str_sh603259="药明康德,108.000,106.500,109.290,110.380,107.300,109.280,109.300,5642233,616906363.000,800,109.280,1400,109.270,200,109.250,700,109.220,1000,109.210,700,109.300,800,109.350,800,109.360,900,109.380,800,109.390,2020-06-01,11:13:57,00,";
var hq_str_sh603259="药明康德,108.000,106.500,109.160,110.380,107.300,109.150,109.160,5675333,620520967.000,1000,109.150,2600,109.140,3100,109.130,100,109.110,2600,109.100,1100,109.160,1500,109.170,600,109.180,1400,109.190,400,109.200,2020-06-01,11:14:57,00,";
var hq_str_sh603259="药明康德,108.000,106.500,109.220,110.380,107.300,109.220,109.250,5699733,623184817.000,1200,109.220,500,109.210,2700,109.200,1600,109.190,1400,109.170,1600,109.250,300,109.280,300,109.300,500,109.350,300,109.380,2020-06-01,11:15:57,00,";
var hq_str_sh603259="药明康德,108.000,106.500,109.390,110.380,107.300,109.360,109.390,5719633,625359602.000,4200,109.360,2700,109.350,1000,109.340,600,109.320,400,109.300,400,109.390,200,109.400,100,109.410,100,109.470,1000,109.490,2020-06-01,11:17:00,00,";
var hq_str_sh603259="药明康德,108.000,106.500,109.470,110.380,107.300,109.390,109.470,5751333,628830064.000,900,109.390,700,109.380,100,109.360,2000,109.350,1000,109.340,5100,109.470,300,109.480,100,109.490,5200,109.500,300,109.540,2020-06-01,11:18:00,00,";
var hq_str_sh603259="药明康德,108.000,106.500,109.280,110.380,107.300,109.260,109.280,5770333,630907733.000,1600,109.260,2000,109.230,600,109.220,300,109.200,1500,109.190,1800,109.280,1100,109.320,500,109.340,1900,109.350,1300,109.390,2020-06-01,11:18:57,00,";
var hq_str_sh603259="药明康德,108.000,106.500,109.270,110.380,107.300,109.270,109.300,5790133,633071656.000,600,109.270,1100,109.260,100,109.250,500,109.240,2000,109.230,2300,109.300,100,109.310,1700,109.320,1200,109.340,1200,109.350,2020-06-01,11:20:00,00,";
var hq_str_sh603259="药明康德,108.000,106.500,109.300,110.380,107.300,109.390,109.400,5818733,636197866.000,100,109.390,1200,109.270,2900,109.260,400,109.250,200,109.240,800,109.400,1000,109.500,500,109.580,2900,109.590,2300,109.600,2020-06-01,11:21:00,00,";
var hq_str_sh603259="药明康德,108.000,106.500,109.350,110.380,107.300,109.390,109.440,5834633,637937146.000,200,109.390,100,109.380,100,109.310,5700,109.280,1000,109.270,1500,109.440,2100,109.450,2100,109.500,500,109.580,900,109.590,2020-06-01,11:22:00,00,";
var hq_str_sh603259="药明康德,108.000,106.500,109.300,110.380,107.300,109.300,109.350,5851233,639752207.000,100,109.300,2200,109.290,5300,109.280,1100,109.270,1100,109.260,200,109.350,100,109.360,700,109.390,900,109.430,900,109.440,2020-06-01,11:23:00,00,";
var hq_str_sh603259="药明康德,108.000,106.500,109.120,110.380,107.300,109.120,109.130,5906733,645812953.000,100,109.120,3600,109.100,100,109.090,100,109.080,300,109.070,6300,109.130,1200,109.170,700,109.200,200,109.220,100,109.230,2020-06-01,11:23:57,00,";
var hq_str_sh603259="药明康德,108.000,106.500,109.100,110.380,107.300,109.080,109.100,5948633,650383513.000,200,109.080,2000,109.070,1300,109.060,2200,109.050,5000,109.030,1300,109.100,700,109.110,100,109.120,400,109.130,100,109.150,2020-06-01,11:25:00,00,";
var hq_str_sh603259="药明康德,108.000,106.500,109.290,110.380,107.300,109.290,109.300,5972933,653036514.000,500,109.290,100,109.270,800,109.250,1700,109.240,1300,109.230,1300,109.300,500,109.350,500,109.450,1500,109.490,1300,109.500,2020-06-01,11:26:00,00,";
var hq_str_sh603259="药明康德,108.000,106.500,109.380,110.380,107.300,109.380,109.390,5996233,655584389.000,100,109.380,400,109.270,100,109.260,700,109.240,700,109.230,200,109.390,300,109.440,2300,109.450,1400,109.480,1600,109.490,2020-06-01,11:27:00,00,";
var hq_str_sh603259="药明康德,108.000,106.500,109.400,110.380,107.300,109.400,109.410,6003133,656339155.000,1100,109.400,100,109.370,200,109.360,100,109.300,500,109.240,600,109.410,400,109.420,200,109.430,100,109.440,2400,109.450,2020-06-01,11:27:57,00,";
var hq_str_sh603259="药明康德,108.000,106.500,109.440,110.380,107.300,109.440,109.460,6011333,657236526.000,3600,109.440,1400,109.430,1000,109.420,200,109.410,600,109.400,200,109.460,200,109.470,1000,109.490,4500,109.500,600,109.510,2020-06-01,11:29:00,00,";
var hq_str_sh603259="药明康德,108.000,106.500,109.500,110.380,107.300,109.490,109.500,6022833,658495649.000,500,109.490,600,109.480,600,109.470,500,109.450,3400,109.440,100,109.500,600,109.510,100,109.530,600,109.540,500,109.580,2020-06-01,11:29:59,00,";
var hq_str_sh603259="药明康德,108.000,106.500,109.500,110.380,107.300,109.490,109.500,6022833,658495649.000,500,109.490,600,109.480,600,109.470,500,109.450,3400,109.440,100,109.500,600,109.510,100,109.530,600,109.540,500,109.580,2020-06-01,11:30:00,00,";
var hq_str_sh603259="药明康德,108.000,106.500,109.370,110.380,107.300,109.300,109.370,6088233,665659778.000,800,109.300,500,109.250,100,109.240,300,109.230,500,109.200,400,109.370,100,109.410,1700,109.430,200,109.440,200,109.460,2020-06-01,13:01:00,00,";
var hq_str_sh603259="药明康德,108.000,106.500,109.250,110.380,107.300,109.240,109.250,6111633,668216323.000,600,109.240,200,109.230,400,109.220,500,109.200,500,109.190,100,109.250,200,109.260,100,109.350,400,109.380,600,109.390,2020-06-01,13:01:57,00,";
var hq_str_sh603259="药明康德,108.000,106.500,109.490,110.380,107.300,109.490,109.500,6136033,670887073.000,5500,109.490,200,109.430,3200,109.420,300,109.410,2200,109.400,7920,109.500,100,109.530,200,109.540,200,109.550,300,109.630,2020-06-01,13:03:00,00,";
var hq_str_sh603259="药明康德,108.000,106.500,109.660,110.380,107.300,109.660,109.670,6163053,673846608.000,300,109.660,700,109.630,1700,109.610,500,109.600,300,109.570,1800,109.670,100,109.700,100,109.710,500,109.750,14000,109.800,2020-06-01,13:04:00,00,";
var hq_str_sh603259="药明康德,108.000,106.500,109.690,110.380,107.300,109.680,109.700,6181793,675902223.000,500,109.680,1500,109.670,200,109.660,8000,109.650,900,109.630,1300,109.700,500,109.720,800,109.730,3800,109.740,300,109.750,2020-06-01,13:05:00,00,";
var hq_str_sh603259="药明康德,108.000,106.500,109.600,110.380,107.300,109.560,109.600,6211993,679214077.000,300,109.560,1200,109.550,400,109.530,200,109.510,200,109.500,5900,109.600,3700,109.630,2700,109.650,1000,109.660,4800,109.680,2020-06-01,13:06:00,00,";
var hq_str_sh603259="药明康德,108.000,106.500,109.550,110.380,107.300,109.550,109.560,6236293,681875781.000,1900,109.550,2100,109.540,2500,109.500,3680,109.490,100,109.450,100,109.560,1700,109.590,400,109.600,1500,109.610,3700,109.630,2020-06-01,13:06:57,00,";
var hq_str_sh603259="药明康德,108.000,106.500,109.660,110.380,107.300,109.660,109.670,6256293,684067826.000,2300,109.660,800,109.620,1700,109.610,200,109.600,400,109.560,200,109.670,4700,109.680,1700,109.700,400,109.740,300,109.750,2020-06-01,13:08:00,00,";
var hq_str_sh603259="药明康德,108.000,106.500,109.750,110.380,107.300,109.740,109.750,6274493,686063894.000,900,109.740,1300,109.710,4200,109.700,1700,109.690,700,109.680,1600,109.750,600,109.780,1600,109.790,14000,109.800,600,109.830,2020-06-01,13:09:00,00,";
var hq_str_sh603259="药明康德,108.000,106.500,109.800,110.380,107.300,109.790,109.800,6294493,688259736.000,1300,109.790,600,109.780,2500,109.750,1400,109.740,600,109.710,2100,109.800,600,109.830,100,109.840,2200,109.880,700,109.900,2020-06-01,13:09:57,00,";
var hq_str_sh603259="药明康德,108.000,106.500,109.900,110.380,107.300,109.880,109.900,6305393,689457001.000,2300,109.880,2300,109.870,1700,109.850,800,109.840,200,109.830,600,109.900,200,109.910,1800,109.930,300,109.940,10100,109.950,2020-06-01,13:10:57,00,";
var hq_str_sh603259="药明康德,108.000,106.500,109.890,110.380,107.300,109.880,109.910,6324293,691534278.000,4500,109.880,700,109.870,1700,109.850,100,109.830,300,109.820,540,109.910,1100,109.920,2100,109.930,1800,109.940,10200,109.950,2020-06-01,13:11:57,00,";
var hq_str_sh603259="药明康德,108.000,106.500,109.900,110.380,107.300,109.960,109.970,6359351,695388213.000,382,109.960,1400,109.890,1000,109.880,600,109.870,1700,109.850,500,109.970,900,109.980,1280,109.990,45600,110.000,2100,110.010,2020-06-01,13:13:06,00,";
var hq_str_sh603259="药明康德,108.000,106.500,110.000,110.380,107.300,109.990,110.000,6373231,696914875.000,3920,109.990,400,109.980,400,109.970,882,109.960,400,109.930,40900,110.000,2700,110.010,5100,110.030,900,110.050,10300,110.060,2020-06-01,13:13:57,00,";
var hq_str_sh603259="药明康德,108.000,106.500,109.990,110.380,107.300,109.990,110.000,6409051,700854969.000,800,109.990,500,109.980,600,109.970,882,109.960,200,109.950,16980,110.000,2700,110.010,5200,110.030,600,110.040,900,110.050,2020-06-01,13:14:57,00,";
var hq_str_sh603259="药明康德,108.000,106.500,110.000,110.380,107.300,109.990,110.030,6449931,705352035.000,2200,109.990,800,109.980,200,109.970,382,109.960,100,109.950,100,110.030,800,110.040,1700,110.050,10300,110.060,1639,110.070,2020-06-01,13:16:00,00,";
var hq_str_sh603259="药明康德,108.000,106.500,109.990,110.380,107.300,109.990,110.020,6476031,708223326.000,1100,109.990,800,109.980,200,109.970,482,109.960,100,109.950,1800,110.020,700,110.030,1700,110.040,4900,110.050,10300,110.060,2020-06-01,13:16:57,00,";
var hq_str_sh603259="药明康德,108.000,106.500,109.990,110.380,107.300,109.990,110.000,6490231,709785204.000,800,109.990,1900,109.980,400,109.970,582,109.960,200,109.950,100,110.000,500,110.020,3400,110.030,1800,110.040,6032,110.050,2020-06-01,13:17:57,00,";
var hq_str_sh603259="药明康德,108.000,106.500,110.000,110.380,107.300,109.980,110.000,6507031,711632970.000,400,109.980,300,109.970,582,109.960,100,109.950,200,109.910,7100,110.000,100,110.010,700,110.020,4600,110.030,2400,110.040,2020-06-01,13:18:57,00,";
var hq_str_sh603259="药明康德,108.000,106.500,109.970,110.380,107.300,109.960,109.970,6521131,713183733.000,582,109.960,100,109.950,200,109.940,200,109.920,200,109.910,1100,109.970,100,109.990,10650,110.000,100,110.010,2400,110.020,2020-06-01,13:19:57,00,";
var hq_str_sh603259="药明康德,108.000,106.500,109.960,110.380,107.300,109.960,109.970,6537813,715018152.000,300,109.960,200,109.950,300,109.940,200,109.910,500,109.890,1118,109.970,400,109.980,2100,109.990,11800,110.000,100,110.010,2020-06-01,13:21:00,00,";
var hq_str_sh603259="药明康德,108.000,106.500,109.950,110.380,107.300,109.950,109.960,6554531,716856668.000,200,109.950,200,109.930,300,109.910,200,109.900,500,109.890,200,109.960,4000,109.970,2350,109.980,3500,109.990,12400,110.000,2020-06-01,13:21:57,00,";
var hq_str_sh603259="药明康德,108.000,106.500,110.000,110.380,107.300,109.990,110.000,6584981,720205709.000,4000,109.990,2050,109.980,3100,109.970,4200,109.960,500,109.950,2232,110.000,900,110.010,4900,110.020,1600,110.030,1600,110.040,2020-06-01,13:23:00,00,";
var hq_str_sh603259="药明康德,108.000,106.500,110.030,110.380,107.300,110.030,110.040,6622613,724345503.000,1200,110.030,300,110.020,900,110.010,3668,110.000,5100,109.990,1600,110.040,6896,110.050,12212,110.060,1639,110.070,11300,110.080,2020-06-01,13:24:00,00,";
var hq_str_sh603259="药明康德,108.000,106.500,110.040,110.380,107.300,110.020,110.040,6654311,727833235.000,400,110.020,602,110.010,3068,110.000,3800,109.990,300,109.980,1900,110.040,6096,110.050,12612,110.060,1639,110.070,11300,110.080,2020-06-01,13:25:00,00,";
var hq_str_sh603259="药明康德,108.000,106.500,110.030,110.380,107.300,110.030,110.050,6681511,730826485.000,500,110.030,400,110.020,802,110.010,3268,110.000,3100,109.990,5100,110.050,14908,110.060,2139,110.070,11800,110.080,5200,110.090,2020-06-01,13:26:00,00,";
var hq_str_sh603259="药明康德,108.000,106.500,110.050,110.380,107.300,110.040,110.050,6705211,733434696.000,200,110.040,500,110.030,400,110.020,702,110.010,3268,110.000,1300,110.050,14008,110.060,2039,110.070,11900,110.080,5500,110.090,2020-06-01,13:26:57,00,";
var hq_str_sh603259="药明康德,108.000,106.500,110.050,110.380,107.300,110.040,110.060,6729911,736152829.000,300,110.040,2000,110.030,100,110.020,502,110.010,3268,110.000,13308,110.060,2239,110.070,11900,110.080,5400,110.090,14100,110.100,2020-06-01,13:27:57,00,";
var hq_str_sh603259="药明康德,108.000,106.500,110.090,110.380,107.300,110.040,110.090,6783711,742074414.000,400,110.040,1200,110.030,100,110.020,502,110.010,2100,110.000,6347,110.090,14100,110.100,200,110.110,500,110.120,10000,110.130,2020-06-01,13:29:00,00,";
var hq_str_sh603259="药明康德,108.000,106.500,110.090,110.380,107.300,110.040,110.090,6812911,745288619.000,300,110.040,1300,110.030,300,110.020,602,110.010,2100,110.000,529,110.090,14600,110.100,200,110.110,1100,110.120,10000,110.130,2020-06-01,13:30:00,00,";
var hq_str_sh603259="药明康德,108.000,106.500,110.090,110.380,107.300,110.090,110.100,6836611,747897699.000,100,110.090,100,110.080,900,110.070,300,110.060,100,110.040,13929,110.100,200,110.110,1100,110.120,10000,110.130,1000,110.150,2020-06-01,13:30:57,00,";
var hq_str_sh603259="药明康德,108.000,106.500,110.100,110.380,107.300,110.100,110.120,6868711,751431712.000,1100,110.100,500,110.080,100,110.070,200,110.060,1000,110.030,329,110.120,10300,110.130,2800,110.140,1000,110.150,200,110.160,2020-06-01,13:31:57,00,";
var hq_str_sh603259="药明康德,108.000,106.500,110.200,110.380,107.300,110.190,110.200,6912611,756267043.000,500,110.190,500,110.180,300,110.170,300,110.140,300,110.120,28500,110.200,300,110.210,100,110.220,600,110.230,3500,110.250,2020-06-01,13:32:57,00,";
var hq_str_sh603259="药明康德,108.000,106.500,110.140,110.380,107.300,110.140,110.170,6940411,759330402.000,100,110.140,200,110.130,100,110.120,100,110.100,1100,110.050,200,110.170,500,110.190,13700,110.200,400,110.210,100,110.220,2020-06-01,13:34:00,00,";
var hq_str_sh603259="药明康德,108.000,106.500,110.250,110.380,107.300,110.250,110.260,6979411,763628636.000,1200,110.250,1500,110.210,2000,110.200,100,110.190,1400,110.180,9600,110.260,7200,110.270,12100,110.280,16900,110.290,15700,110.300,2020-06-01,13:35:00,00,";
var hq_str_sh603259="药明康德,108.000,106.500,110.180,110.380,107.300,110.220,110.240,7031611,769383255.000,4100,110.220,200,110.180,400,110.170,1000,110.140,100,110.100,300,110.240,400,110.250,100,110.260,11300,110.270,12400,110.280,2020-06-01,13:36:00,00,";
var hq_str_sh603259="药明康德,108.000,106.500,110.200,110.380,107.300,110.200,110.230,7080360,774756211.000,200,110.200,300,110.190,900,110.140,900,110.100,1000,110.030,9700,110.230,1100,110.240,7300,110.250,2300,110.260,29500,110.270,2020-06-01,13:37:00,00,";
var hq_str_sh603259="药明康德,108.000,106.500,110.220,110.380,107.300,110.220,110.230,7116260,778713155.000,300,110.220,400,110.210,600,110.190,900,110.140,1000,110.100,9100,110.230,1200,110.240,8200,110.250,2000,110.260,29500,110.270,2020-06-01,13:38:00,00,";
var hq_str_sh603259="药明康德,108.000,106.500,110.140,110.380,107.300,110.140,110.200,7142660,781622750.000,200,110.140,1000,110.100,1000,110.030,602,110.010,3800,110.000,100,110.200,8500,110.210,2200,110.220,5000,110.230,800,110.240,2020-06-01,13:39:00,00,";
var hq_str_sh603259="药明康德,108.000,106.500,110.090,110.380,107.300,110.090,110.120,7174860,785169312.000,300,110.090,100,110.070,100,110.050,1100,110.030,602,110.010,5900,110.120,100,110.130,3700,110.140,1200,110.150,200,110.160,2020-06-01,13:39:57,00,";
var hq_str_sh603259="药明康德,108.000,106.500,109.990,110.380,107.300,109.990,110.020,7203862,788360766.000,1500,109.990,200,109.980,1300,109.970,1300,109.960,2200,109.900,1000,110.020,700,110.060,9498,110.070,100,110.080,200,110.110,2020-06-01,13:41:00,00,";
var hq_str_sh603259="药明康德,108.000,106.500,109.800,110.380,107.300,109.800,109.860,7233562,791626274.000,2900,109.800,100,109.780,100,109.710,2300,109.700,300,109.680,2200,109.860,6300,109.870,1700,109.880,2700,109.900,200,109.940,2020-06-01,13:41:57,00,";
var hq_str_sh603259="药明康德,108.000,106.500,109.660,110.380,107.300,109.660,109.680,7268262,795435104.000,400,109.660,200,109.640,200,109.620,300,109.600,400,109.550,300,109.680,700,109.690,3500,109.700,4300,109.710,1400,109.720,2020-06-01,13:43:00,00,";
var hq_str_sh603259="药明康德,108.000,106.500,109.860,110.380,107.300,109.790,109.830,7322862,801428982.000,600,109.790,3500,109.780,3500,109.770,200,109.760,13000,109.750,200,109.830,100,109.860,1300,109.870,2100,109.880,1100,109.890,2020-06-01,13:44:00,00,";
var hq_str_sh603259="药明康德,108.000,106.500,109.910,110.380,107.300,109.910,109.930,7365362,806099875.000,200,109.910,100,109.880,100,109.860,100,109.850,1300,109.830,200,109.930,1000,109.960,1500,109.970,2400,109.980,800,109.990,2020-06-01,13:45:00,00,";
var hq_str_sh603259="药明康德,108.000,106.500,109.800,110.380,107.300,109.790,109.800,7404562,810405232.000,100,109.790,300,109.780,5800,109.770,700,109.760,13600,109.750,988,109.800,700,109.830,2900,109.850,4400,109.860,10500,109.900,2020-06-01,13:46:00,00,";
var hq_str_sh603259="药明康德,108.000,106.500,109.900,110.380,107.300,109.860,109.900,7460250,816523526.000,2200,109.860,400,109.820,100,109.790,1700,109.780,6100,109.770,580,109.900,2400,109.910,400,109.930,400,109.940,100,109.960,2020-06-01,13:47:00,00,";
var hq_str_sh603259="药明康德,108.000,106.500,110.070,110.380,107.300,110.070,110.090,7494958,820342375.000,200,110.070,400,110.050,5200,110.000,1300,109.980,6700,109.940,2300,110.090,1200,110.100,5800,110.110,6400,110.120,100,110.130,2020-06-01,13:48:00,00,";
var hq_str_sh603259="药明康德,108.000,106.500,110.090,110.380,107.300,110.090,110.100,7523558,823490932.000,200,110.090,1700,110.080,400,110.070,100,110.060,500,110.050,200,110.100,2100,110.110,6600,110.120,900,110.130,3600,110.140,2020-06-01,13:48:57,00,";
var hq_str_sh603259="药明康德,108.000,106.500,110.080,110.380,107.300,110.050,110.080,7559058,827399362.000,600,110.050,3100,110.040,400,110.020,500,110.010,5000,110.000,100,110.080,200,110.090,5600,110.100,700,110.110,15500,110.120,2020-06-01,13:50:00,00,";
var hq_str_sh603259="药明康德,108.000,106.500,109.870,110.380,107.300,109.870,109.880,7582758,830005799.000,400,109.870,100,109.860,500,109.850,100,109.840,100,109.830,4100,109.880,1500,109.900,2400,109.910,5400,109.930,3800,109.940,2020-06-01,13:51:00,00,";
var hq_str_sh603259="药明康德,108.000,106.500,109.940,110.380,107.300,109.930,109.940,7605458,832500579.000,100,109.930,1100,109.920,1100,109.900,1000,109.880,1800,109.870,3300,109.940,100,109.950,400,109.990,1300,110.000,100,110.030,2020-06-01,13:52:00,00,";
var hq_str_sh603259="药明康德,108.000,106.500,109.930,110.380,107.300,109.930,109.940,7643858,836721402.000,1400,109.930,600,109.890,600,109.880,1600,109.870,400,109.780,1000,109.940,400,109.950,800,110.000,100,110.030,6100,110.050,2020-06-01,13:52:57,00,";
var hq_str_sh603259="药明康德,108.000,106.500,110.010,110.380,107.300,110.010,110.030,7670506,839652843.000,500,110.010,500,110.000,300,109.990,200,109.980,200,109.960,100,110.030,6500,110.040,3100,110.050,100,110.070,400,110.080,2020-06-01,13:53:57,00,";
var hq_str_sh603259="药明康德,108.000,106.500,110.050,110.380,107.300,110.050,110.080,7714606,844506411.000,2100,110.050,1000,110.040,400,110.030,2100,110.020,6700,110.010,200,110.080,800,110.090,13800,110.100,1700,110.110,11800,110.120,2020-06-01,13:54:57,00,";
var hq_str_sh603259="药明康德,108.000,106.500,110.090,110.380,107.300,110.080,110.090,7752806,848711974.000,1100,110.080,1100,110.050,900,110.040,200,110.030,2000,110.020,11100,110.090,3350,110.100,2100,110.110,11800,110.120,900,110.130,2020-06-01,13:55:57,00,";
var hq_str_sh603259="药明康德,108.000,106.500,110.060,110.380,107.300,110.060,110.100,7787006,852476647.000,700,110.060,900,110.040,300,110.030,1900,110.020,6700,110.010,2650,110.100,2900,110.110,11800,110.120,1100,110.130,3600,110.140,2020-06-01,13:57:00,00,";
var hq_str_sh603259="药明康德,108.000,106.500,110.140,110.380,107.300,110.090,110.140,7821806,856308453.000,400,110.090,500,110.060,100,110.050,400,110.040,200,110.030,3450,110.140,1200,110.150,4900,110.160,1200,110.180,600,110.190,2020-06-01,13:58:00,00,";
var hq_str_sh603259="药明康德,108.000,106.500,110.140,110.380,107.300,110.140,110.150,7846956,859078301.000,1600,110.140,700,110.120,3100,110.110,200,110.100,1100,110.090,200,110.150,4700,110.160,1200,110.180,2000,110.190,16500,110.200,2020-06-01,13:59:00,00,";
var hq_str_sh603259="药明康德,108.000,106.500,110.110,110.380,107.300,110.060,110.110,7887556,863550268.000,600,110.060,400,110.040,200,110.030,1900,110.020,2200,110.010,700,110.110,1600,110.130,700,110.140,5500,110.150,3300,110.160,2020-06-01,13:59:57,00,";
var hq_str_sh603259="药明康德,108.000,106.500,110.010,110.380,107.300,110.000,110.010,7930756,868304718.000,1200,110.000,100,109.980,100,109.960,300,109.950,200,109.900,1700,110.010,4400,110.030,500,110.080,1800,110.090,2200,110.100,2020-06-01,14:01:00,00,";
var hq_str_sh603259="药明康德,108.000,106.500,109.750,110.380,107.300,109.740,109.750,7991456,874970681.000,100,109.740,100,109.680,600,109.670,100,109.660,100,109.650,1100,109.750,4800,109.760,500,109.770,100,109.790,2200,109.820,2020-06-01,14:01:57,00,";
var hq_str_sh603259="药明康德,108.000,106.500,109.790,110.380,107.300,109.790,109.800,8039256,880217053.000,300,109.790,600,109.730,100,109.720,100,109.710,3200,109.700,200,109.800,4400,109.820,12300,109.830,5000,109.860,300,109.870,2020-06-01,14:02:57,00,";
var hq_str_sh603259="药明康德,108.000,106.500,109.780,110.380,107.300,109.760,109.780,8062396,882756966.000,1760,109.760,1600,109.750,100,109.740,200,109.730,1000,109.720,1600,109.780,500,109.790,900,109.800,5200,109.820,12300,109.830,2020-06-01,14:04:00,00,";
var hq_str_sh603259="药明康德,108.000,106.500,109.740,110.380,107.300,109.740,109.800,8113056,888317075.000,1500,109.740,400,109.730,3200,109.720,1900,109.710,3600,109.700,800,109.800,340,109.820,9688,109.830,5000,109.860,300,109.870,2020-06-01,14:05:00,00,";
var hq_str_sh603259="药明康德,108.000,106.500,109.820,110.380,107.300,109.810,109.820,8139584,891230580.000,1400,109.810,1700,109.800,500,109.770,1600,109.750,800,109.740,100,109.820,100,109.830,1200,109.840,5900,109.850,5000,109.860,2020-06-01,14:05:58,00,";
var hq_str_sh603259="药明康德,108.000,106.500,109.730,110.380,107.300,109.710,109.730,8190884,896861277.000,1300,109.710,3900,109.700,100,109.680,200,109.670,100,109.660,100,109.730,3700,109.740,4800,109.790,300,109.800,200,109.820,2020-06-01,14:07:00,00,";
var hq_str_sh603259="药明康德,108.000,106.500,109.780,110.380,107.300,109.770,109.780,8222884,900373796.000,200,109.770,100,109.750,500,109.740,1700,109.730,100,109.720,400,109.780,9000,109.800,3300,109.850,5000,109.860,200,109.890,2020-06-01,14:07:58,00,";
var hq_str_sh603259="药明康德,108.000,106.500,109.730,110.380,107.300,109.720,109.730,8258184,904247556.000,700,109.720,400,109.700,400,109.690,100,109.680,200,109.670,1000,109.730,200,109.740,300,109.750,200,109.760,800,109.770,2020-06-01,14:09:00,00,";
var hq_str_sh603259="药明康德,108.000,106.500,109.700,110.380,107.300,109.700,109.710,8280984,906749011.000,500,109.700,700,109.690,3300,109.680,800,109.670,400,109.660,6100,109.710,1000,109.720,1000,109.750,1300,109.770,300,109.780,2020-06-01,14:10:00,00,";
var hq_str_sh603259="药明康德,108.000,106.500,109.570,110.380,107.300,109.560,109.570,8322884,911343089.000,600,109.560,1600,109.540,9600,109.530,400,109.510,6200,109.500,300,109.570,200,109.600,1000,109.630,700,109.640,600,109.650,2020-06-01,14:10:58,00,";
var hq_str_sh603259="药明康德,108.000,106.500,109.740,110.380,107.300,109.740,109.750,8354684,914829347.000,1000,109.740,200,109.720,500,109.710,4000,109.700,2200,109.670,400,109.750,7300,109.760,100,109.770,300,109.780,8700,109.800,2020-06-01,14:11:58,00,";
var hq_str_sh603259="药明康德,108.000,106.500,109.760,110.380,107.300,109.750,109.760,8405484,920403953.000,5700,109.750,300,109.710,200,109.660,200,109.650,1700,109.580,1900,109.760,5100,109.770,300,109.780,8800,109.800,700,109.840,2020-06-01,14:12:58,00,";
var hq_str_sh603259="药明康德,108.000,106.500,109.750,110.380,107.300,109.720,109.750,8456584,926013593.000,100,109.720,100,109.710,100,109.700,200,109.660,100,109.650,1000,109.750,900,109.760,2300,109.770,600,109.790,2300,109.800,2020-06-01,14:13:58,00,";
var hq_str_sh603259="药明康德,108.000,106.500,109.860,110.380,107.300,109.820,109.860,8484124,929037786.000,500,109.820,500,109.810,500,109.800,200,109.790,100,109.780,3100,109.860,200,109.890,1700,109.900,7100,109.950,2500,109.970,2020-06-01,14:14:58,00,";
var hq_str_sh603259="药明康德,108.000,106.500,109.870,110.380,107.300,109.860,109.870,8512524,932157869.000,500,109.860,100,109.850,200,109.840,100,109.810,400,109.800,600,109.870,1100,109.880,1000,109.890,2400,109.900,7100,109.950,2020-06-01,14:16:00,00,";
var hq_str_sh603259="药明康德,108.000,106.500,109.970,110.380,107.300,109.970,109.990,8598124,941571463.000,500,109.970,100,109.940,400,109.900,1500,109.880,100,109.870,1700,109.990,4700,110.000,29000,110.010,500,110.020,3900,110.030,2020-06-01,14:17:00,00,";
var hq_str_sh603259="药明康德,108.000,106.500,109.970,110.380,107.300,109.940,109.950,8645924,946827991.000,200,109.940,800,109.930,2200,109.920,500,109.910,500,109.900,2800,109.950,3400,109.970,500,109.980,1500,109.990,4900,110.000,2020-06-01,14:18:00,00,";
var hq_str_sh603259="药明康德,108.000,106.500,109.950,110.380,107.300,109.920,109.950,8670524,949532588.000,500,109.920,800,109.910,700,109.900,500,109.890,500,109.880,5100,109.950,800,109.960,2200,109.970,800,109.980,1500,109.990,2020-06-01,14:19:00,00,";
var hq_str_sh603259="药明康德,108.000,106.500,109.980,110.380,107.300,109.970,109.980,8693624,952072208.000,300,109.970,600,109.930,700,109.920,600,109.910,4000,109.900,400,109.980,600,109.990,5000,110.000,28000,110.010,500,110.020,2020-06-01,14:19:58,00,";
var hq_str_sh603259="药明康德,108.000,106.500,109.930,110.380,107.300,109.920,109.930,8746124,957847033.000,800,109.920,100,109.910,2200,109.900,800,109.890,500,109.880,8400,109.930,700,109.950,300,109.960,8100,109.980,1700,109.990,2020-06-01,14:21:00,00,";
var hq_str_sh603259="药明康德,108.000,106.500,109.670,110.380,107.300,109.680,109.710,8779449,961505744.000,300,109.680,1125,109.670,450,109.650,100,109.640,2000,109.630,900,109.710,5725,109.720,200,109.740,800,109.750,200,109.760,2020-06-01,14:22:00,00,";
var hq_str_sh603259="药明康德,108.000,106.500,109.710,110.380,107.300,109.700,109.710,8821641,966133385.000,2000,109.700,300,109.690,983,109.670,1900,109.660,1200,109.650,1500,109.710,525,109.720,400,109.730,400,109.800,1000,109.820,2020-06-01,14:22:58,00,";
var hq_str_sh603259="药明康德,108.000,106.500,109.930,110.380,107.300,109.900,109.930,8837766,967904310.000,600,109.900,700,109.890,300,109.880,200,109.870,2000,109.830,6800,109.930,8500,109.980,1700,109.990,4300,110.000,700,110.010,2020-06-01,14:23:58,00,";
var hq_str_sh603259="药明康德,108.000,106.500,109.860,110.380,107.300,109.830,109.860,8869966,971442960.000,600,109.830,100,109.800,100,109.720,1100,109.710,300,109.690,500,109.860,2800,109.870,400,109.880,1100,109.890,900,109.900,2020-06-01,14:25:00,00,";
var hq_str_sh603259="药明康德,108.000,106.500,109.890,110.380,107.300,109.890,109.900,8886766,973288652.000,400,109.890,300,109.880,300,109.860,1100,109.850,300,109.830,700,109.900,800,109.910,3300,109.920,4700,109.930,100,109.960,2020-06-01,14:25:58,00,";
var hq_str_sh603259="药明康德,108.000,106.500,109.970,110.380,107.300,109.960,109.970,8908066,975630166.000,100,109.960,1900,109.950,400,109.920,300,109.910,2200,109.900,4200,109.970,8800,109.980,2100,109.990,10300,110.000,700,110.010,2020-06-01,14:27:00,00,";
var hq_str_sh603259="药明康德,108.000,106.500,109.840,110.380,107.300,109.720,109.840,8941066,979256194.000,100,109.720,1200,109.710,300,109.700,300,109.690,200,109.680,900,109.840,4400,109.850,100,109.860,3000,109.880,300,109.890,2020-06-01,14:28:00,00,";
var hq_str_sh603259="药明康德,108.000,106.500,109.800,110.380,107.300,109.790,109.800,8968466,982264100.000,400,109.790,400,109.770,400,109.760,600,109.750,2000,109.740,4900,109.800,500,109.820,3300,109.830,4400,109.850,100,109.890,2020-06-01,14:29:00,00,";
var hq_str_sh603259="药明康德,108.000,106.500,109.900,110.380,107.300,109.880,109.900,9040266,990151748.000,13800,109.880,1000,109.870,400,109.840,5300,109.800,1200,109.790,16800,109.900,100,109.930,100,109.950,4200,109.970,8800,109.980,2020-06-01,14:29:58,00,";
var hq_str_sh603259="药明康德,108.000,106.500,109.580,110.380,107.300,109.570,109.580,9095049,996165936.000,800,109.570,100,109.560,100,109.540,1200,109.530,900,109.520,1600,109.580,700,109.590,400,109.600,400,109.650,600,109.660,2020-06-01,14:31:00,00,";
var hq_str_sh603259="药明康德,108.000,106.500,109.590,110.380,107.300,109.550,109.650,9168149,1004181734.000,600,109.550,400,109.540,1300,109.530,1000,109.520,1600,109.510,8400,109.650,4500,109.660,1100,109.690,200,109.720,100,109.780,2020-06-01,14:31:58,00,";
var hq_str_sh603259="药明康德,108.000,106.500,109.750,110.380,107.300,109.740,109.750,9191949,1006792707.000,2300,109.740,2400,109.730,300,109.720,100,109.710,200,109.700,500,109.750,200,109.780,400,109.790,2500,109.810,600,109.830,2020-06-01,14:33:00,00,";
var hq_str_sh603259="药明康德,108.000,106.500,109.750,110.380,107.300,109.750,109.800,9211249,1008911703.000,2200,109.750,600,109.740,1900,109.730,200,109.700,100,109.690,4100,109.800,200,109.810,600,109.830,500,109.850,800,109.890,2020-06-01,14:34:00,00,";
var hq_str_sh603259="药明康德,108.000,106.500,109.700,110.380,107.300,109.700,109.710,9227749,1010722444.000,900,109.700,100,109.610,12900,109.600,200,109.590,2000,109.560,400,109.710,200,109.750,600,109.760,800,109.770,800,109.780,2020-06-01,14:35:00,00,";
var hq_str_sh603259="药明康德,108.000,106.500,109.800,110.380,107.300,109.780,109.800,9243549,1012456827.000,700,109.780,200,109.750,1300,109.720,1800,109.710,100,109.700,1500,109.800,200,109.810,700,109.830,500,109.850,100,109.860,2020-06-01,14:36:00,00,";
var hq_str_sh603259="药明康德,108.000,106.500,109.790,110.380,107.300,109.780,109.790,9265849,1014905428.000,700,109.780,200,109.760,200,109.750,1300,109.720,200,109.710,4800,109.790,100,109.830,500,109.850,100,109.860,1000,109.880,2020-06-01,14:37:00,00,";
var hq_str_sh603259="药明康德,108.000,106.500,109.780,110.380,107.300,109.770,109.780,9287049,1017232802.000,500,109.770,700,109.720,200,109.710,200,109.700,300,109.660,900,109.780,5200,109.820,100,109.830,1200,109.850,100,109.860,2020-06-01,14:38:00,00,";
var hq_str_sh603259="药明康德,108.000,106.500,109.760,110.380,107.300,109.750,109.760,9300149,1018670986.000,100,109.750,100,109.740,1700,109.730,900,109.720,200,109.710,6300,109.760,400,109.780,1100,109.790,300,109.800,1100,109.810,2020-06-01,14:39:00,00,";
var hq_str_sh603259="药明康德,108.000,106.500,109.760,110.380,107.300,109.750,109.760,9324649,1021360130.000,600,109.750,100,109.740,1700,109.730,700,109.720,400,109.710,1200,109.760,100,109.770,500,109.780,500,109.790,28300,109.800,2020-06-01,14:40:00,00,";
var hq_str_sh603259="药明康德,108.000,106.500,109.610,110.380,107.300,109.600,109.610,9361594,1025410915.000,300,109.600,2000,109.570,1500,109.560,1300,109.550,2700,109.540,1200,109.610,400,109.690,500,109.700,200,109.740,5668,109.750,2020-06-01,14:40:58,00,";
var hq_str_sh603259="药明康德,108.000,106.500,109.690,110.380,107.300,109.720,109.740,9386994,1028196812.000,100,109.720,300,109.700,100,109.690,1200,109.680,1900,109.670,600,109.740,5868,109.750,400,109.780,7000,109.790,3600,109.800,2020-06-01,14:42:00,00,";
var hq_str_sh603259="药明康德,108.000,106.500,109.750,110.380,107.300,109.740,109.750,9408894,1030600309.000,300,109.740,1000,109.730,100,109.700,900,109.690,900,109.680,200,109.750,1368,109.760,400,109.780,7000,109.790,3600,109.800,2020-06-01,14:43:00,00,";
var hq_str_sh603259="药明康德,108.000,106.500,109.730,110.380,107.300,109.720,109.730,9430894,1033015059.000,300,109.720,500,109.680,1700,109.670,300,109.660,100,109.630,100,109.730,2300,109.760,3500,109.770,5180,109.780,3500,109.790,2020-06-01,14:44:00,00,";
var hq_str_sh603259="药明康德,108.000,106.500,109.700,110.380,107.300,109.710,109.760,9457794,1035966780.000,100,109.710,900,109.700,200,109.690,400,109.680,1200,109.670,800,109.760,2400,109.770,5380,109.780,3800,109.790,3800,109.800,2020-06-01,14:45:00,00,";
var hq_str_sh603259="药明康德,108.000,106.500,109.550,110.380,107.300,109.540,109.550,9505794,1041228201.000,1100,109.540,2000,109.530,600,109.520,1700,109.510,7200,109.500,600,109.550,400,109.570,7900,109.580,600,109.590,900,109.600,2020-06-01,14:45:58,00,";
var hq_str_sh603259="药明康德,108.000,106.500,109.590,110.380,107.300,109.580,109.590,9550594,1046137039.000,2200,109.580,100,109.570,700,109.560,4200,109.550,100,109.530,500,109.590,4600,109.610,6100,109.620,1700,109.650,100,109.660,2020-06-01,14:47:00,00,";
var hq_str_sh603259="药明康德,108.000,106.500,109.510,110.380,107.300,109.500,109.510,9589394,1050386868.000,3400,109.500,3180,109.490,400,109.480,400,109.460,500,109.450,5000,109.510,500,109.520,2900,109.530,6000,109.550,100,109.590,2020-06-01,14:47:58,00,";
var hq_str_sh603259="药明康德,108.000,106.500,109.500,110.380,107.300,109.490,109.500,9626794,1054482173.000,1300,109.490,900,109.480,400,109.470,1300,109.460,1000,109.450,5900,109.500,400,109.510,900,109.520,3000,109.530,5800,109.550,2020-06-01,14:48:58,00,";
var hq_str_sh603259="药明康德,108.000,106.500,109.450,110.380,107.300,109.370,109.450,9669894,1059198834.000,200,109.370,700,109.350,200,109.340,1400,109.330,600,109.320,900,109.450,1000,109.460,9200,109.500,200,109.510,900,109.530,2020-06-01,14:50:00,00,";
var hq_str_sh603259="药明康德,108.000,106.500,109.260,110.380,107.300,109.200,109.260,9717594,1064412552.000,200,109.200,300,109.180,2600,109.170,6200,109.160,700,109.150,100,109.260,9900,109.270,8200,109.280,200,109.290,10100,109.320,2020-06-01,14:50:58,00,";
var hq_str_sh603259="药明康德,108.000,106.500,109.250,110.380,107.300,109.230,109.250,9813894,1074931781.000,1200,109.230,900,109.210,400,109.180,3100,109.170,5200,109.160,10000,109.250,8200,109.270,5000,109.280,500,109.300,10200,109.320,2020-06-01,14:52:00,00,";
var hq_str_sh603259="药明康德,108.000,106.500,109.210,110.380,107.300,109.200,109.210,9860694,1080042487.000,1600,109.200,300,109.170,5500,109.160,1400,109.150,200,109.140,6300,109.210,100,109.220,1100,109.230,700,109.240,500,109.250,2020-06-01,14:52:58,00,";
var hq_str_sh603259="药明康德,108.000,106.500,109.120,110.380,107.300,109.110,109.120,9929994,1087609961.000,1000,109.110,32600,109.100,3000,109.090,100,109.080,1500,109.060,10500,109.120,1300,109.190,10000,109.200,5000,109.210,2200,109.240,2020-06-01,14:53:58,00,";
var hq_str_sh603259="药明康德,108.000,106.500,108.950,110.380,107.300,108.930,108.950,10040294,1099641153.000,400,108.930,400,108.920,3200,108.900,200,108.890,1900,108.880,200,108.950,400,108.980,17400,109.000,200,109.070,900,109.080,2020-06-01,14:55:00,00,";
var hq_str_sh603259="药明康德,108.000,106.500,108.970,110.380,107.300,108.960,108.970,10126244,1109008299.000,600,108.960,600,108.950,100,108.940,2950,108.930,1400,108.920,5600,108.970,3400,108.980,300,109.080,5720,109.100,12200,109.110,2020-06-01,14:56:00,00,";
var hq_str_sh603259="药明康德,108.000,106.500,109.060,110.380,107.300,109.000,109.060,10234744,1120829912.000,8250,109.000,500,108.980,100,108.940,200,108.930,500,108.910,1300,109.060,200,109.070,2300,109.080,100,109.090,1000,109.100,2020-06-01,14:56:58,00,";
var hq_str_sh603259="药明康德,108.000,106.500,108.900,110.380,107.300,108.900,108.900,10245294,1121979687.000,51537,108.900,1863,0.000,0,0.000,0,0.000,0,0.000,51537,108.900,0,0.000,0,0.000,0,0.000,0,0.000,2020-06-01,14:57:58,00,";
var hq_str_sh603259="药明康德,108.000,106.500,108.900,110.380,107.300,108.900,108.900,10245294,1121979687.000,68631,108.900,18469,0.000,0,0.000,0,0.000,0,0.000,68631,108.900,0,0.000,0,0.000,0,0.000,0,0.000,2020-06-01,14:59:00,00,";
