var hq_str_sh603259="药明康德,114.920,115.720,115.000,115.000,114.920,114.920,115.010,84065,9660782.000,1735,114.920,200,114.880,500,114.820,600,114.810,1600,114.800,200,115.010,1000,115.400,1380,115.500,1100,115.600,500,115.710,2020-03-06,09:30:00,00,";
var hq_str_sh603259="药明康德,114.920,115.720,115.890,116.520,114.800,115.890,115.990,186245,21464657.000,800,115.890,300,115.750,520,115.740,10300,115.720,1600,115.500,2300,115.990,3300,116.000,500,116.020,5700,116.030,10000,116.150,2020-03-06,09:31:00,00,";
var hq_str_sh603259="药明康德,114.920,115.720,116.360,116.530,114.800,116.300,116.340,310315,35859759.000,500,116.300,100,116.220,100,116.160,200,116.020,200,116.000,200,116.340,1700,116.480,200,116.500,4100,116.510,6100,116.530,2020-03-06,09:32:00,00,";
var hq_str_sh603259="药明康德,114.920,115.720,116.250,116.530,114.800,116.230,116.250,360015,41640387.000,200,116.230,1100,116.220,100,116.130,1000,116.100,300,116.080,100,116.250,3200,116.270,2300,116.300,300,116.360,300,116.370,2020-03-06,09:32:57,00,";
var hq_str_sh603259="药明康德,114.920,115.720,116.380,116.530,114.800,116.290,116.380,417315,48305747.000,300,116.290,300,116.280,400,116.270,1800,116.250,1600,116.230,1800,116.380,739,116.490,1700,116.500,6300,116.510,400,116.520,2020-03-06,09:34:00,00,";
var hq_str_sh603259="药明康德,114.920,115.720,116.790,116.900,114.800,116.710,116.770,543854,63067386.000,600,116.710,1000,116.680,300,116.670,100,116.590,200,116.560,100,116.770,100,116.860,5300,116.900,400,116.950,6000,116.960,2020-03-06,09:35:00,00,";
var hq_str_sh603259="药明康德,114.920,115.720,117.560,117.560,114.800,117.560,117.580,714554,83072873.000,3000,117.560,200,117.540,1800,117.510,1000,117.470,500,117.460,800,117.580,600,117.600,300,117.680,1500,117.700,100,117.710,2020-03-06,09:36:00,00,";
var hq_str_sh603259="药明康德,114.920,115.720,117.420,117.600,114.800,117.400,117.420,922154,107456530.000,900,117.400,100,117.380,13400,117.300,300,117.290,100,117.210,3400,117.420,1000,117.450,100,117.460,100,117.470,2000,117.480,2020-03-06,09:36:57,00,";
var hq_str_sh603259="药明康德,114.920,115.720,117.290,117.600,114.800,117.220,117.290,1022954,119287027.000,400,117.220,1100,117.210,4500,117.200,1400,117.160,300,117.130,200,117.290,100,117.300,3000,117.340,700,117.350,1000,117.390,2020-03-06,09:38:00,00,";
var hq_str_sh603259="药明康德,114.920,115.720,118.550,118.560,114.800,118.540,118.560,1253475,146470496.000,1200,118.540,7300,118.510,50100,118.500,2100,118.490,200,118.450,300,118.560,500,118.580,2500,118.600,100,118.610,300,118.650,2020-03-06,09:38:57,00,";
var hq_str_sh603259="药明康德,114.920,115.720,118.580,118.900,114.800,118.530,118.650,1401755,164071278.000,1000,118.530,900,118.520,9400,118.510,10100,118.500,300,118.490,1100,118.650,600,118.660,2100,118.680,2600,118.690,6100,118.700,2020-03-06,09:40:00,00,";
var hq_str_sh603259="药明康德,114.920,115.720,119.020,119.100,114.800,118.930,119.020,1696938,199160158.000,400,118.930,400,118.890,1000,118.840,1600,118.830,300,118.800,600,119.020,300,119.050,1100,119.060,5200,119.080,200,119.090,2020-03-06,09:41:00,00,";
var hq_str_sh603259="药明康德,114.920,115.720,118.470,119.300,114.800,117.940,118.470,1859738,218515994.000,100,117.940,300,117.900,600,117.740,100,117.710,1300,117.700,1400,118.470,700,118.520,5500,118.650,100,118.710,700,118.740,2020-03-06,09:42:00,00,";
var hq_str_sh603259="药明康德,114.920,115.720,118.600,119.300,114.800,118.490,118.500,1931878,227062707.000,300,118.490,100,118.440,100,118.350,200,118.270,2200,118.240,800,118.500,400,118.640,5000,118.650,500,118.700,700,118.740,2020-03-06,09:43:00,00,";
var hq_str_sh603259="药明康德,114.920,115.720,117.990,119.300,114.800,117.910,117.990,1995578,234599777.000,200,117.910,300,117.890,800,117.880,100,117.860,300,117.800,4600,117.990,500,118.000,400,118.100,2500,118.180,1600,118.190,2020-03-06,09:44:00,00,";
var hq_str_sh603259="药明康德,114.920,115.720,118.200,119.300,114.800,118.200,118.260,2048918,240900993.000,500,118.200,3760,118.180,600,118.150,100,118.120,800,118.110,900,118.260,200,118.280,1200,118.290,10400,118.300,5100,118.340,2020-03-06,09:44:57,00,";
var hq_str_sh603259="药明康德,114.920,115.720,118.500,119.300,114.800,118.500,118.560,2144227,252185139.000,4745,118.500,200,118.390,800,118.380,2200,118.350,1000,118.340,1000,118.560,100,118.590,2300,118.600,1200,118.620,100,118.640,2020-03-06,09:45:57,00,";
var hq_str_sh603259="药明康德,114.920,115.720,118.010,119.300,114.800,118.000,118.010,2208572,259792928.000,1560,118.000,4000,117.990,100,117.980,100,117.950,1000,117.900,800,118.010,200,118.020,800,118.070,600,118.080,3900,118.120,2020-03-06,09:47:00,00,";
var hq_str_sh603259="药明康德,114.920,115.720,118.180,119.300,114.800,118.000,118.180,2294972,269988855.000,600,118.000,800,117.960,200,117.950,900,117.920,100,117.910,100,118.180,100,118.190,1400,118.200,500,118.210,200,118.230,2020-03-06,09:48:00,00,";
var hq_str_sh603259="药明康德,114.920,115.720,117.810,119.300,114.800,117.800,117.810,2338252,275094749.000,400,117.800,300,117.770,600,117.740,100,117.730,100,117.710,400,117.810,100,117.820,3900,117.850,300,117.910,300,117.920,2020-03-06,09:49:00,00,";
var hq_str_sh603259="药明康德,114.920,115.720,117.910,119.300,114.800,117.810,117.910,2389852,281172794.000,1000,117.810,300,117.800,300,117.790,3500,117.780,900,117.770,1300,117.910,200,117.920,100,117.940,400,117.970,4400,118.000,2020-03-06,09:50:00,00,";
var hq_str_sh603259="药明康德,114.920,115.720,118.380,119.300,114.800,118.350,118.380,2456452,289042561.000,100,118.350,800,118.340,400,118.320,2400,118.300,300,118.130,900,118.380,100,118.400,100,118.420,500,118.430,2000,118.440,2020-03-06,09:50:57,00,";
var hq_str_sh603259="药明康德,114.920,115.720,118.080,119.300,114.800,118.080,118.090,2547752,299839859.000,100,118.080,200,118.070,100,118.020,4400,118.000,700,117.980,800,118.090,300,118.100,100,118.180,400,118.250,100,118.290,2020-03-06,09:52:00,00,";
var hq_str_sh603259="药明康德,114.920,115.720,117.930,119.300,114.800,117.900,117.930,2624752,308932276.000,800,117.900,400,117.830,1000,117.800,200,117.790,500,117.770,500,117.930,3500,117.970,7900,117.980,3600,118.000,6700,118.050,2020-03-06,09:53:00,00,";
var hq_str_sh603259="药明康德,114.920,115.720,117.330,119.300,114.800,117.320,117.330,2676252,314987604.000,100,117.320,200,117.310,1300,117.280,100,117.270,100,117.240,1100,117.330,2000,117.350,600,117.410,3400,117.450,300,117.540,2020-03-06,09:54:00,00,";
var hq_str_sh603259="药明康德,114.920,115.720,117.240,119.300,114.800,117.240,117.260,2749952,323629527.000,200,117.240,200,117.220,700,117.210,300,117.200,200,117.180,1000,117.260,500,117.270,300,117.290,600,117.320,2200,117.350,2020-03-06,09:54:57,00,";
var hq_str_sh603259="药明康德,114.920,115.720,117.400,119.300,114.800,117.400,117.450,2796152,329049640.000,200,117.400,200,117.390,2900,117.380,4100,117.350,800,117.340,2400,117.450,2000,117.500,2600,117.550,2000,117.600,100,117.660,2020-03-06,09:56:00,00,";
var hq_str_sh603259="药明康德,114.920,115.720,117.560,119.300,114.800,117.560,117.600,2830232,333054170.000,700,117.560,200,117.550,400,117.530,800,117.520,200,117.510,5100,117.600,100,117.660,600,117.770,1000,117.790,5600,117.800,2020-03-06,09:57:00,00,";
var hq_str_sh603259="药明康德,114.920,115.720,117.470,119.300,114.800,117.460,117.470,2930632,344857065.000,100,117.460,400,117.440,300,117.410,800,117.400,1400,117.390,16300,117.470,600,117.500,100,117.510,5700,117.520,2600,117.540,2020-03-06,09:58:00,00,";
var hq_str_sh603259="药明康德,114.920,115.720,117.320,119.300,114.800,117.310,117.320,2969632,349434514.000,500,117.310,4000,117.300,700,117.270,200,117.260,100,117.250,200,117.320,600,117.400,400,117.410,1100,117.440,41900,117.450,2020-03-06,09:59:00,00,";
var hq_str_sh603259="药明康德,114.920,115.720,117.850,119.300,114.800,118.000,118.050,3211732,377934196.000,100,118.000,400,117.980,3100,117.850,200,117.830,1000,117.560,4600,118.050,300,118.100,300,118.110,5100,118.120,500,118.180,2020-03-06,10:00:00,00,";
var hq_str_sh603259="药明康德,114.920,115.720,117.850,119.300,114.800,117.850,117.940,3242432,381553656.000,100,117.850,500,117.690,100,117.600,300,117.570,1200,117.560,200,117.940,500,117.970,300,117.980,2100,117.990,5900,118.000,2020-03-06,10:00:57,00,";
var hq_str_sh603259="药明康德,114.920,115.720,117.900,119.300,114.800,117.700,117.820,3292732,387477600.000,100,117.700,200,117.690,3500,117.600,1200,117.570,3500,117.560,400,117.820,600,117.900,100,117.910,900,117.960,300,117.970,2020-03-06,10:02:00,00,";
var hq_str_sh603259="药明康德,114.920,115.720,117.970,119.300,114.800,117.920,117.970,3355532,394885124.000,500,117.920,100,117.910,1600,117.900,100,117.880,300,117.850,1100,117.970,2000,117.990,9700,118.000,600,118.050,1000,118.080,2020-03-06,10:03:00,00,";
var hq_str_sh603259="药明康德,114.920,115.720,118.150,119.300,114.800,118.150,118.170,3703832,436043341.000,1400,118.150,1200,118.090,200,118.000,500,117.940,200,117.620,200,118.170,100,118.180,100,118.190,5400,118.200,900,118.300,2020-03-06,10:04:00,00,";
var hq_str_sh603259="药明康德,114.920,115.720,117.990,119.300,114.800,117.940,117.980,3775532,444513543.000,500,117.940,600,117.770,100,117.650,200,117.620,1400,117.610,300,117.980,1200,117.990,1800,118.000,900,118.050,200,118.080,2020-03-06,10:05:00,00,";
var hq_str_sh603259="药明康德,114.920,115.720,117.620,119.300,114.800,117.610,117.650,3793532,446633556.000,1500,117.610,3600,117.600,1000,117.580,2300,117.560,900,117.550,3000,117.650,700,117.700,1600,117.720,331,117.740,1100,117.750,2020-03-06,10:06:00,00,";
var hq_str_sh603259="药明康德,114.920,115.720,117.970,119.300,114.800,117.960,117.970,3877763,456561268.000,1300,117.960,42900,117.950,300,117.940,1200,117.770,100,117.760,800,117.970,200,117.980,14600,117.990,3300,118.000,200,118.080,2020-03-06,10:07:00,00,";
var hq_str_sh603259="药明康德,114.920,115.720,117.990,119.300,114.800,117.930,117.990,4192663,493752114.000,1000,117.930,500,117.860,800,117.820,400,117.810,300,117.770,2800,117.990,400,118.000,400,118.010,3900,118.200,400,118.210,2020-03-06,10:08:00,00,";
var hq_str_sh603259="药明康德,114.920,115.720,117.930,119.300,114.800,117.910,117.930,4220763,497067380.000,400,117.910,1600,117.860,800,117.820,200,117.810,400,117.750,200,117.930,2000,117.970,100,117.980,4900,117.990,7500,118.000,2020-03-06,10:09:00,00,";
var hq_str_sh603259="药明康德,114.920,115.720,117.990,119.300,114.800,117.990,118.000,4256463,501278335.000,1600,117.990,600,117.980,700,117.970,200,117.930,29700,117.920,5500,118.000,400,118.010,400,118.020,100,118.050,5500,118.080,2020-03-06,10:10:00,00,";
var hq_str_sh603259="药明康德,114.920,115.720,118.310,119.300,114.800,118.310,118.360,4346163,511878268.000,900,118.310,100,118.230,100,118.110,1500,118.090,1200,118.030,400,118.360,2500,118.380,200,118.390,12500,118.400,400,118.410,2020-03-06,10:11:00,00,";
var hq_str_sh603259="药明康德,114.920,115.720,117.710,119.300,114.800,117.710,117.800,4471263,526637098.000,200,117.710,1300,117.700,200,117.670,600,117.660,100,117.650,3600,117.800,400,117.830,2900,117.840,40,117.910,3300,118.000,2020-03-06,10:12:00,00,";
var hq_str_sh603259="药明康德,114.920,115.720,117.830,119.300,114.800,117.680,117.900,4497183,529688378.000,400,117.680,1100,117.660,1100,117.600,300,117.580,100,117.560,10000,117.900,10040,117.910,1000,117.990,6500,118.000,100,118.030,2020-03-06,10:13:00,00,";
var hq_str_sh603259="药明康德,114.920,115.720,117.520,119.300,114.800,117.490,117.520,4523783,532816128.000,400,117.490,1000,117.480,1200,117.460,1000,117.400,2100,117.390,100,117.520,1000,117.610,500,117.660,2000,117.670,2500,117.850,2020-03-06,10:14:00,00,";
var hq_str_sh603259="药明康德,114.920,115.720,117.540,119.300,114.800,117.400,117.510,4570783,538341206.000,900,117.400,2100,117.390,300,117.320,100,117.310,5200,117.300,400,117.510,100,117.540,300,117.590,100,117.600,2900,117.890,2020-03-06,10:15:00,00,";
var hq_str_sh603259="药明康德,114.920,115.720,117.300,119.300,114.800,117.300,117.350,4610483,543012461.000,1600,117.300,100,117.280,200,117.270,200,117.260,100,117.250,100,117.350,200,117.600,100,117.890,100,117.900,6740,117.910,2020-03-06,10:16:00,00,";
var hq_str_sh603259="药明康德,114.920,115.720,117.000,119.300,114.800,116.900,117.000,4684783,551721859.000,500,116.900,300,116.890,200,116.880,300,116.860,100,116.820,6400,117.000,800,117.200,100,117.260,100,117.350,100,117.660,2020-03-06,10:17:00,00,";
var hq_str_sh603259="药明康德,114.920,115.720,116.980,119.300,114.800,116.970,116.980,4698283,553301078.000,1100,116.970,100,116.940,100,116.920,1600,116.910,1000,116.900,2300,116.980,400,116.990,10900,117.000,800,117.200,500,117.220,2020-03-06,10:18:00,00,";
var hq_str_sh603259="药明康德,114.920,115.720,116.900,119.300,114.800,116.930,116.940,4735083,557604413.000,200,116.930,100,116.910,600,116.900,800,116.880,300,116.860,200,116.940,5700,117.000,400,117.070,800,117.200,500,117.220,2020-03-06,10:19:00,00,";
var hq_str_sh603259="药明康德,114.920,115.720,116.890,119.300,114.800,116.850,116.900,4749183,559252711.000,2500,116.850,100,116.830,300,116.820,2100,116.810,2600,116.800,16723,116.900,200,116.950,7100,117.000,400,117.070,800,117.200,2020-03-06,10:19:57,00,";
var hq_str_sh603259="药明康德,114.920,115.720,116.900,119.300,114.800,116.900,117.000,4787301,563708940.000,382,116.900,1300,116.880,2000,116.850,100,116.830,700,116.820,4200,117.000,400,117.070,1200,117.200,500,117.220,800,117.490,2020-03-06,10:21:00,00,";
var hq_str_sh603259="药明康德,114.920,115.720,116.880,119.300,114.800,116.860,116.880,4814901,566935306.000,1300,116.860,800,116.850,200,116.830,600,116.820,1200,116.810,200,116.880,1800,116.900,2100,117.000,400,117.070,1100,117.200,2020-03-06,10:22:00,00,";
var hq_str_sh603259="药明康德,114.920,115.720,116.890,119.300,114.800,116.880,116.890,4831501,568875809.000,1000,116.880,100,116.860,300,116.850,200,116.830,600,116.820,300,116.890,2800,116.900,2000,117.000,400,117.070,1300,117.200,2020-03-06,10:22:57,00,";
var hq_str_sh603259="药明康德,114.920,115.720,116.610,119.300,114.800,116.600,116.620,4858501,572028628.000,2000,116.600,1000,116.570,400,116.560,400,116.550,300,116.530,300,116.620,100,116.680,1800,116.700,1400,116.750,100,116.780,2020-03-06,10:24:00,00,";
var hq_str_sh603259="药明康德,114.920,115.720,117.000,119.300,114.800,117.000,117.070,4876601,574143041.000,200,117.000,100,116.960,2000,116.900,100,116.890,500,116.850,400,117.070,900,117.200,500,117.220,800,117.490,7900,117.500,2020-03-06,10:25:00,00,";
var hq_str_sh603259="药明康德,114.920,115.720,117.490,119.300,114.800,117.230,117.490,4886401,575292162.000,100,117.230,2400,117.220,1500,117.210,1100,117.200,1100,117.110,1800,117.490,8000,117.500,300,117.750,200,117.870,200,117.880,2020-03-06,10:26:00,00,";
var hq_str_sh603259="药明康德,114.920,115.720,117.290,119.300,114.800,117.280,117.290,4900901,576995326.000,100,117.280,900,117.270,600,117.230,2500,117.220,900,117.200,300,117.290,6600,117.500,300,117.750,200,117.810,2000,117.840,2020-03-06,10:26:57,00,";
var hq_str_sh603259="药明康德,114.920,115.720,117.070,119.300,114.800,117.080,117.100,4915601,578718910.000,300,117.080,200,117.050,800,117.010,2600,117.000,500,116.910,500,117.100,700,117.320,1000,117.330,1000,117.480,1100,117.490,2020-03-06,10:28:00,00,";
var hq_str_sh603259="药明康德,114.920,115.720,116.920,119.300,114.800,116.910,116.920,4924701,579783723.000,800,116.910,2100,116.900,100,116.880,200,116.850,2000,116.810,800,116.920,500,117.000,200,117.010,1000,117.030,500,117.050,2020-03-06,10:29:00,00,";
var hq_str_sh603259="药明康德,114.920,115.720,116.910,119.300,114.800,116.910,116.950,4936401,581152165.000,100,116.910,2700,116.900,100,116.880,2000,116.810,2000,116.800,300,116.950,20200,117.000,100,117.010,1000,117.030,500,117.050,2020-03-06,10:30:00,00,";
var hq_str_sh603259="药明康德,114.920,115.720,116.600,119.300,114.800,116.600,116.650,4961301,584059257.000,1700,116.600,100,116.590,1500,116.580,1000,116.570,400,116.560,800,116.650,300,116.800,200,116.810,1000,116.890,300,116.900,2020-03-06,10:30:57,00,";
var hq_str_sh603259="药明康德,114.920,115.720,116.770,119.300,114.800,116.770,116.800,4976101,585785787.000,800,116.770,100,116.690,300,116.660,1600,116.650,200,116.640,1500,116.800,300,116.900,20100,117.000,100,117.010,1000,117.030,2020-03-06,10:32:00,00,";
var hq_str_sh603259="药明康德,114.920,115.720,116.800,119.300,114.800,116.800,116.840,4985901,586930451.000,600,116.800,200,116.780,600,116.770,200,116.670,1500,116.650,200,116.840,600,116.890,800,116.900,400,116.970,2400,116.990,2020-03-06,10:33:00,00,";
var hq_str_sh603259="药明康德,114.920,115.720,116.870,119.300,114.800,116.870,116.880,4990501,587467870.000,500,116.870,1000,116.860,1000,116.840,700,116.700,300,116.680,100,116.880,600,116.890,100,116.900,400,116.970,2400,116.990,2020-03-06,10:34:00,00,";
var hq_str_sh603259="药明康德,114.920,115.720,116.990,119.300,114.800,116.980,116.990,5005101,589174757.000,7400,116.980,600,116.970,1000,116.930,1000,116.920,800,116.880,2200,116.990,20200,117.000,100,117.010,1000,117.030,200,117.050,2020-03-06,10:34:57,00,";
var hq_str_sh603259="药明康德,114.920,115.720,116.920,119.300,114.800,116.940,116.950,5020701,590999535.000,100,116.940,800,116.880,100,116.870,100,116.860,100,116.850,300,116.950,100,116.960,1100,116.990,19700,117.000,100,117.010,2020-03-06,10:36:00,00,";
var hq_str_sh603259="药明康德,114.920,115.720,116.670,119.300,114.800,116.670,116.680,5026501,591677388.000,600,116.670,100,116.660,1400,116.650,300,116.640,100,116.630,2100,116.680,500,116.690,300,116.700,2000,116.800,600,116.870,2020-03-06,10:37:00,00,";
var hq_str_sh603259="药明康德,114.920,115.720,116.640,119.300,114.800,116.610,116.640,5039901,593240582.000,1300,116.610,1000,116.600,300,116.590,1000,116.580,1100,116.570,400,116.640,3800,116.650,5800,116.660,200,116.670,500,116.680,2020-03-06,10:38:00,00,";
var hq_str_sh603259="药明康德,114.920,115.720,116.940,119.300,114.800,116.870,116.940,5056101,595130700.000,400,116.870,400,116.720,700,116.710,5500,116.700,100,116.690,200,116.940,2800,116.950,4900,116.990,20400,117.000,100,117.010,2020-03-06,10:39:00,00,";
var hq_str_sh603259="药明康德,114.920,115.720,116.950,119.300,114.800,116.910,116.950,5064101,596066235.000,100,116.910,200,116.900,100,116.870,300,116.750,300,116.740,740,116.950,300,116.960,300,116.980,4900,116.990,20400,117.000,2020-03-06,10:40:00,00,";
var hq_str_sh603259="药明康德,114.920,115.720,116.890,119.300,114.800,116.810,116.880,5071301,596907754.000,100,116.810,3100,116.800,2900,116.790,100,116.780,600,116.770,2500,116.880,200,116.930,340,116.950,100,116.960,500,116.980,2020-03-06,10:40:57,00,";
var hq_str_sh603259="药明康德,114.920,115.720,116.810,119.300,114.800,116.810,116.820,5077101,597585310.000,400,116.810,3300,116.800,2900,116.790,600,116.770,600,116.760,1500,116.820,1000,116.870,2400,116.880,500,116.900,100,116.920,2020-03-06,10:42:00,00,";
var hq_str_sh603259="药明康德,114.920,115.720,116.680,119.300,114.800,116.600,116.680,5110101,601437649.000,1200,116.600,200,116.590,1600,116.580,1100,116.570,400,116.560,500,116.680,1900,116.690,100,116.700,100,116.710,800,116.750,2020-03-06,10:42:57,00,";
var hq_str_sh603259="药明康德,114.920,115.720,116.550,119.300,114.800,116.550,116.570,5120201,602615203.000,500,116.550,100,116.540,500,116.520,2000,116.510,4500,116.500,1200,116.570,200,116.580,2600,116.590,100,116.610,100,116.680,2020-03-06,10:44:00,00,";
var hq_str_sh603259="药明康德,114.920,115.720,116.440,119.300,114.800,116.430,116.440,5134401,604269745.000,1000,116.430,2000,116.420,2100,116.400,600,116.360,100,116.350,300,116.440,100,116.450,100,116.460,500,116.470,700,116.480,2020-03-06,10:44:57,00,";
var hq_str_sh603259="药明康德,114.920,115.720,116.520,119.300,114.800,116.520,116.580,5174501,608939881.000,2300,116.520,500,116.500,100,116.490,200,116.400,200,116.380,500,116.580,400,116.590,3000,116.600,200,116.640,1100,116.650,2020-03-06,10:46:00,00,";
var hq_str_sh603259="药明康德,114.920,115.720,116.600,119.300,114.800,116.580,116.600,5182801,609907286.000,1300,116.580,100,116.560,200,116.550,400,116.540,100,116.530,3100,116.600,100,116.670,100,116.680,1900,116.690,800,116.700,2020-03-06,10:46:57,00,";
var hq_str_sh603259="药明康德,114.920,115.720,116.310,119.300,114.800,116.280,116.300,5213701,613507674.000,900,116.280,1100,116.270,100,116.230,300,116.180,1100,116.160,300,116.300,1000,116.310,600,116.410,300,116.450,100,116.460,2020-03-06,10:48:00,00,";
var hq_str_sh603259="药明康德,114.920,115.720,115.930,119.300,114.800,115.930,116.000,5277601,620919733.000,1600,115.930,200,115.920,1300,115.900,1900,115.890,400,115.880,900,116.000,600,116.110,800,116.150,300,116.160,400,116.180,2020-03-06,10:48:57,00,";
var hq_str_sh603259="药明康德,114.920,115.720,116.180,119.300,114.800,116.180,116.200,5299001,623403642.000,400,116.180,1000,116.080,800,116.070,200,116.060,200,116.050,100,116.200,300,116.220,100,116.230,500,116.260,100,116.270,2020-03-06,10:50:00,00,";
var hq_str_sh603259="药明康德,114.920,115.720,116.180,119.300,114.800,116.170,116.180,5313501,625088268.000,300,116.170,100,116.160,500,116.130,500,116.120,1200,116.090,328,116.180,200,116.200,100,116.260,100,116.270,1100,116.280,2020-03-06,10:51:00,00,";
var hq_str_sh603259="药明康德,114.920,115.720,116.380,119.300,114.800,116.310,116.380,5329607,626960566.000,500,116.310,148,116.270,400,116.250,200,116.220,100,116.210,200,116.380,500,116.390,3000,116.400,500,116.440,800,116.450,2020-03-06,10:51:57,00,";
var hq_str_sh603259="药明康德,114.920,115.720,115.420,119.300,114.800,115.420,115.450,5427707,638303752.000,100,115.420,2200,115.290,200,115.070,200,115.050,400,115.040,936,115.450,200,115.530,324,115.970,100,115.990,900,116.110,2020-03-06,10:53:00,00,";
var hq_str_sh603259="药明康德,114.920,115.720,115.800,119.300,114.800,115.760,115.800,5449337,640802531.000,560,115.760,1000,115.610,300,115.600,200,115.570,1000,115.560,600,115.800,1270,115.850,300,115.880,1000,115.900,1124,115.970,2020-03-06,10:54:00,00,";
var hq_str_sh603259="药明康德,114.920,115.720,115.860,119.300,114.800,115.850,115.900,5475526,643836397.000,440,115.850,400,115.840,1100,115.800,524,115.780,69,115.760,300,115.900,1490,115.930,800,115.960,1124,115.970,900,115.990,2020-03-06,10:54:57,00,";
var hq_str_sh603259="药明康德,114.920,115.720,115.750,119.300,114.800,115.700,115.750,5491613,645699517.000,800,115.700,100,115.650,1400,115.620,1000,115.610,100,115.600,100,115.750,1100,115.790,1314,115.800,484,115.810,200,115.840,2020-03-06,10:56:00,00,";
var hq_str_sh603259="药明康德,114.920,115.720,115.500,119.300,114.800,115.500,115.510,5519813,648958682.000,6200,115.500,100,115.470,300,115.460,500,115.450,1200,115.440,1200,115.510,1582,115.520,300,115.530,100,115.550,1476,115.670,2020-03-06,10:56:57,00,";
var hq_str_sh603259="药明康德,114.920,115.720,115.240,119.300,114.800,115.210,115.240,5580513,655965144.000,1100,115.210,600,115.200,100,115.190,100,115.180,100,115.170,354,115.240,500,115.290,7390,115.300,500,115.540,1920,115.590,2020-03-06,10:58:00,00,";
var hq_str_sh603259="药明康德,114.920,115.720,114.970,119.300,114.800,114.800,114.970,5720975,672116671.000,938,114.800,200,114.790,300,114.780,6000,114.760,100,114.740,2200,114.970,21137,115.000,100,115.040,100,115.100,100,115.210,2020-03-06,10:59:00,00,";
var hq_str_sh603259="药明康德,114.920,115.720,114.960,119.300,114.600,114.880,114.910,5777813,678638245.000,500,114.880,1000,114.850,600,114.840,2900,114.830,1400,114.800,100,114.910,69,114.960,300,114.970,200,114.990,19337,115.000,2020-03-06,11:00:00,00,";
var hq_str_sh603259="药明康德,114.920,115.720,115.400,119.300,114.600,115.300,115.400,5812819,682667868.000,200,115.300,1300,115.290,2000,115.200,700,115.110,1200,115.090,300,115.400,400,115.450,200,115.470,100,115.480,1700,115.490,2020-03-06,11:01:00,00,";
var hq_str_sh603259="药明康德,114.920,115.720,115.970,119.300,114.600,115.970,115.990,5881924,690656736.000,1100,115.970,442,115.950,100,115.910,1000,115.880,100,115.860,3800,115.990,400,116.000,4300,116.010,300,116.080,100,116.100,2020-03-06,11:02:00,00,";
var hq_str_sh603259="药明康德,114.920,115.720,116.220,119.300,114.600,116.180,116.220,5920624,695148088.000,100,116.180,300,116.170,900,116.100,500,116.080,100,116.000,100,116.220,300,116.250,200,116.270,1000,116.350,200,116.470,2020-03-06,11:03:00,00,";
var hq_str_sh603259="药明康德,114.920,115.720,115.990,119.300,114.600,115.990,116.000,5934024,696704405.000,800,115.990,100,115.900,100,115.870,1200,115.630,1200,115.620,900,116.000,200,116.100,300,116.150,853,116.160,1000,116.170,2020-03-06,11:03:57,00,";
var hq_str_sh603259="药明康德,114.920,115.720,115.800,119.300,114.600,115.810,115.900,5941324,697550158.000,100,115.810,1600,115.800,100,115.720,600,115.710,900,115.700,1100,115.900,500,115.990,1600,116.000,200,116.080,200,116.100,2020-03-06,11:05:00,00,";
var hq_str_sh603259="药明康德,114.920,115.720,115.990,119.300,114.600,115.910,116.000,5997324,704035807.000,400,115.910,600,115.900,800,115.820,500,115.810,2000,115.800,2100,116.000,4000,116.050,200,116.080,400,116.160,1100,116.170,2020-03-06,11:06:00,00,";
var hq_str_sh603259="药明康德,114.920,115.720,116.200,119.300,114.600,115.930,115.970,6074264,712967320.000,760,115.930,200,115.910,600,115.900,600,115.830,500,115.810,100,115.970,9200,116.200,600,116.250,1200,116.350,500,116.400,2020-03-06,11:07:00,00,";
var hq_str_sh603259="药明康德,114.920,115.720,116.350,119.300,114.600,116.350,116.380,6125564,718932669.000,1300,116.350,1000,116.210,260,116.200,400,116.100,10900,116.040,500,116.380,200,116.400,2200,116.440,200,116.470,800,116.480,2020-03-06,11:07:57,00,";
var hq_str_sh603259="药明康德,114.920,115.720,116.270,119.300,114.600,116.270,116.320,6172064,724346346.000,100,116.270,200,116.260,200,116.250,100,116.220,400,116.210,2200,116.320,600,116.350,100,116.400,300,116.470,10000,116.480,2020-03-06,11:09:00,00,";
var hq_str_sh603259="药明康德,114.920,115.720,116.210,119.300,114.600,116.070,116.200,6179424,725201921.000,400,116.070,600,116.060,1700,116.050,10000,116.040,500,116.010,200,116.200,1000,116.210,640,116.250,700,116.260,300,116.270,2020-03-06,11:10:00,00,";
var hq_str_sh603259="药明康德,114.920,115.720,115.840,119.300,114.600,115.840,115.900,6186524,726025725.000,100,115.840,800,115.830,100,115.780,600,115.740,200,115.730,200,115.900,100,115.910,100,116.000,1000,116.010,600,116.030,2020-03-06,11:11:00,00,";
var hq_str_sh603259="药明康德,114.920,115.720,115.830,119.300,114.600,115.800,115.830,6193124,726790284.000,100,115.800,300,115.790,400,115.780,600,115.740,200,115.730,900,115.830,500,115.900,100,115.910,200,116.000,600,116.030,2020-03-06,11:11:57,00,";
var hq_str_sh603259="药明康德,114.920,115.720,116.000,119.300,114.600,115.990,116.000,6214424,729260713.000,400,115.990,700,115.980,100,115.970,100,115.950,500,115.910,4300,116.000,600,116.030,100,116.050,300,116.060,300,116.190,2020-03-06,11:13:00,00,";
var hq_str_sh603259="药明康德,114.920,115.720,116.000,119.300,114.600,115.970,115.990,6222824,730235100.000,200,115.970,1100,115.960,100,115.950,100,115.920,500,115.910,100,115.990,1500,116.000,1200,116.030,100,116.050,300,116.060,2020-03-06,11:13:57,00,";
var hq_str_sh603259="药明康德,114.920,115.720,116.000,119.300,114.600,116.000,116.010,6261924,734780045.000,1400,116.000,800,115.970,800,115.960,100,115.950,100,115.920,300,116.010,300,116.130,400,116.210,6000,116.300,800,116.320,2020-03-06,11:14:57,00,";
var hq_str_sh603259="药明康德,114.920,115.720,116.010,119.300,114.600,116.000,116.010,6264924,735128059.000,500,116.000,400,115.970,800,115.960,100,115.950,100,115.920,900,116.010,500,116.060,300,116.130,400,116.210,1500,116.290,2020-03-06,11:16:00,00,";
var hq_str_sh603259="药明康德,114.920,115.720,115.960,119.300,114.600,115.960,115.970,6267724,735452839.000,800,115.960,100,115.920,200,115.910,700,115.900,1000,115.800,300,115.970,2100,116.000,400,116.010,200,116.060,300,116.130,2020-03-06,11:16:57,00,";
var hq_str_sh603259="药明康德,114.920,115.720,115.800,119.300,114.600,115.810,115.900,6272924,736055573.000,200,115.810,100,115.800,100,115.780,200,115.730,4100,115.700,1100,115.900,1400,115.910,200,115.920,1700,115.950,400,115.960,2020-03-06,11:18:00,00,";
var hq_str_sh603259="药明康德,114.920,115.720,115.870,119.300,114.600,115.870,115.890,6281724,737074851.000,2800,115.870,100,115.800,900,115.740,800,115.710,4100,115.700,400,115.890,1800,115.900,900,115.910,1700,115.950,200,115.960,2020-03-06,11:18:57,00,";
var hq_str_sh603259="药明康德,114.920,115.720,115.820,119.300,114.600,115.820,115.850,6288124,737816456.000,2300,115.820,1000,115.810,500,115.800,1000,115.750,800,115.740,1000,115.850,200,115.890,200,115.900,900,115.910,1700,115.950,2020-03-06,11:19:57,00,";
var hq_str_sh603259="药明康德,114.920,115.720,116.000,119.300,114.600,115.950,116.000,6299524,739137994.000,200,115.950,100,115.910,1300,115.860,200,115.830,1000,115.820,1400,116.000,400,116.010,300,116.130,100,116.180,200,116.200,2020-03-06,11:20:57,00,";
var hq_str_sh603259="药明康德,114.920,115.720,115.900,119.300,114.600,115.900,115.910,6306924,739995662.000,800,115.900,100,115.880,700,115.870,300,115.830,1000,115.820,4900,115.910,500,115.920,1100,115.950,1100,116.000,400,116.010,2020-03-06,11:22:00,00,";
var hq_str_sh603259="药明康德,114.920,115.720,116.130,119.300,114.600,116.000,116.180,6320724,741595583.000,100,116.000,100,115.990,300,115.980,800,115.960,1100,115.950,100,116.180,200,116.190,200,116.200,100,116.300,800,116.320,2020-03-06,11:22:57,00,";
var hq_str_sh603259="药明康德,114.920,115.720,116.500,119.300,114.600,116.490,116.500,6336724,743458788.000,900,116.490,600,116.480,1300,116.470,400,116.350,100,116.340,5100,116.500,200,116.560,1000,116.590,1700,116.600,2000,116.690,2020-03-06,11:23:57,00,";
var hq_str_sh603259="药明康德,114.920,115.720,116.480,119.300,114.600,116.230,116.470,6354224,745497930.000,400,116.230,200,116.220,1000,116.200,500,116.040,800,116.010,200,116.470,1200,116.480,200,116.490,1200,116.570,700,116.580,2020-03-06,11:25:00,00,";
var hq_str_sh603259="药明康德,114.920,115.720,116.230,119.300,114.600,116.200,116.230,6359024,746056088.000,600,116.200,500,116.040,10800,116.010,100,116.000,300,115.900,200,116.230,100,116.240,100,116.270,200,116.280,700,116.290,2020-03-06,11:25:57,00,";
var hq_str_sh603259="药明康德,114.920,115.720,116.280,119.300,114.600,116.230,116.280,6365324,746787970.000,700,116.230,300,116.060,2800,116.050,500,116.040,200,116.020,100,116.280,700,116.290,2200,116.320,100,116.430,700,116.450,2020-03-06,11:27:00,00,";
var hq_str_sh603259="药明康德,114.920,115.720,116.300,119.300,114.600,116.300,116.320,6370824,747427488.000,2900,116.300,200,116.220,100,116.210,900,116.200,400,116.060,2000,116.320,100,116.430,700,116.450,200,116.470,1100,116.480,2020-03-06,11:27:57,00,";
var hq_str_sh603259="药明康德,114.920,115.720,116.430,119.300,114.600,116.430,116.440,6376924,748137266.000,200,116.430,100,116.360,1900,116.350,3300,116.300,200,116.220,300,116.440,400,116.450,200,116.470,1100,116.480,200,116.490,2020-03-06,11:28:57,00,";
var hq_str_sh603259="药明康德,114.920,115.720,116.360,119.300,114.600,116.360,116.370,6381624,748684458.000,100,116.360,1900,116.350,3400,116.300,200,116.220,900,116.200,100,116.370,610,116.430,200,116.440,200,116.470,1100,116.480,2020-03-06,11:29:57,00,";
var hq_str_sh603259="药明康德,114.920,115.720,116.360,119.300,114.600,116.360,116.370,6381624,748684458.000,100,116.360,1900,116.350,3400,116.300,200,116.220,900,116.200,100,116.370,610,116.430,200,116.440,200,116.470,1100,116.480,2020-03-06,11:30:00,00,";
var hq_str_sh603259="药明康德,114.920,115.720,116.350,119.300,114.600,116.300,116.350,6417524,752856740.000,100,116.300,100,116.230,1100,116.220,100,116.160,200,116.150,200,116.350,700,116.360,2000,116.420,200,116.440,200,116.470,2020-03-06,13:00:58,00,";
var hq_str_sh603259="药明康德,114.920,115.720,116.370,119.300,114.600,116.370,116.380,6438224,755266044.000,600,116.370,500,116.360,100,116.330,100,116.230,700,116.220,500,116.380,500,116.390,600,116.400,600,116.420,200,116.440,2020-03-06,13:01:58,00,";
var hq_str_sh603259="药明康德,114.920,115.720,116.160,119.300,114.600,116.030,116.100,6445224,756080265.000,500,116.030,100,116.020,8900,116.010,2400,116.000,200,115.930,400,116.100,100,116.150,300,116.160,400,116.200,200,116.220,2020-03-06,13:02:58,00,";
var hq_str_sh603259="药明康德,114.920,115.720,116.270,119.300,114.600,116.180,116.290,6457424,757497645.000,1100,116.180,300,116.170,1500,116.150,300,116.100,800,116.050,100,116.290,100,116.310,400,116.330,200,116.360,400,116.370,2020-03-06,13:03:58,00,";
var hq_str_sh603259="药明康德,114.920,115.720,116.200,119.300,114.600,116.200,116.210,6468324,758765202.000,2000,116.200,800,116.150,300,116.100,8700,116.010,2500,116.000,500,116.210,400,116.260,700,116.280,300,116.310,200,116.370,2020-03-06,13:05:01,00,";
var hq_str_sh603259="药明康德,114.920,115.720,116.160,119.300,114.600,116.100,116.200,6476524,759718174.000,300,116.100,100,116.030,200,116.020,8700,116.010,2500,116.000,100,116.200,1500,116.230,1500,116.280,1000,116.300,300,116.310,2020-03-06,13:05:58,00,";
var hq_str_sh603259="药明康德,114.920,115.720,115.800,119.300,114.600,115.810,115.860,6504924,763011803.000,800,115.810,700,115.800,400,115.730,700,115.710,3500,115.700,200,115.860,600,115.940,300,116.000,600,116.020,1400,116.030,2020-03-06,13:06:58,00,";
var hq_str_sh603259="药明康德,114.920,115.720,115.950,119.300,114.600,115.960,116.000,6516824,764391588.000,100,115.960,200,115.950,100,115.890,500,115.880,100,115.870,5420,116.000,1900,116.030,200,116.060,100,116.100,300,116.230,2020-03-06,13:08:01,00,";
var hq_str_sh603259="药明康德,114.920,115.720,115.890,119.300,114.600,115.890,115.900,6525124,765354078.000,200,115.890,100,115.870,400,115.860,500,115.800,600,115.730,1700,115.900,700,115.950,100,115.960,1820,116.000,500,116.030,2020-03-06,13:08:58,00,";
var hq_str_sh603259="药明康德,114.920,115.720,115.850,119.300,114.600,115.850,116.000,6547924,767997800.000,1000,115.850,500,115.800,200,115.740,1100,115.730,900,115.720,1820,116.000,200,116.010,200,116.060,100,116.100,100,116.200,2020-03-06,13:09:58,00,";
var hq_str_sh603259="药明康德,114.920,115.720,115.350,119.300,114.600,115.360,115.680,6599524,773957241.000,100,115.360,100,115.350,3600,115.340,2000,115.330,100,115.320,800,115.680,1300,115.720,200,115.780,2700,115.850,1500,115.860,2020-03-06,13:10:58,00,";
var hq_str_sh603259="药明康德,114.920,115.720,115.470,119.300,114.600,115.470,115.730,6616524,775920802.000,200,115.470,1300,115.440,100,115.420,100,115.410,3000,115.400,800,115.730,2000,115.780,100,115.830,2000,115.840,100,115.860,2020-03-06,13:11:58,00,";
var hq_str_sh603259="药明康德,114.920,115.720,115.840,119.300,114.600,115.840,115.860,6631724,777680568.000,500,115.840,15000,115.830,300,115.790,1200,115.780,900,115.770,100,115.860,100,115.880,800,115.990,700,116.000,200,116.010,2020-03-06,13:12:58,00,";
var hq_str_sh603259="药明康德,114.920,115.720,115.600,119.300,114.600,115.510,115.600,6665724,781619198.000,1300,115.510,2000,115.500,400,115.490,500,115.480,10400,115.470,6000,115.600,700,115.700,5800,115.710,7600,115.770,500,115.780,2020-03-06,13:13:58,00,";
var hq_str_sh603259="药明康德,114.920,115.720,115.450,119.300,114.600,115.390,115.450,6724424,788391252.000,500,115.390,9600,115.250,2100,115.240,100,115.230,1100,115.220,200,115.450,400,115.470,900,115.490,100,115.520,200,115.540,2020-03-06,13:14:58,00,";
var hq_str_sh603259="药明康德,114.920,115.720,115.540,119.300,114.600,115.510,115.540,6744023,790651248.000,200,115.510,100,115.500,800,115.490,700,115.430,1800,115.420,1900,115.540,200,115.590,100,115.600,200,115.700,100,115.750,2020-03-06,13:15:58,00,";
var hq_str_sh603259="药明康德,114.920,115.720,115.500,119.300,114.600,115.510,115.550,6780723,794888747.000,100,115.510,6900,115.500,300,115.400,500,115.320,1300,115.300,200,115.550,100,115.600,200,115.700,700,115.750,2500,115.770,2020-03-06,13:16:58,00,";
var hq_str_sh603259="药明康德,114.920,115.720,115.580,119.300,114.600,115.540,115.580,6801403,797277653.000,4620,115.540,100,115.510,1100,115.500,300,115.350,600,115.330,400,115.580,200,115.600,200,115.700,900,115.750,1800,115.760,2020-03-06,13:17:58,00,";
var hq_str_sh603259="药明康德,114.920,115.720,115.440,119.300,114.600,115.440,115.500,6817723,799162232.000,7200,115.440,100,115.370,500,115.330,500,115.320,1500,115.300,300,115.500,500,115.510,200,115.530,280,115.540,100,115.560,2020-03-06,13:18:58,00,";
var hq_str_sh603259="药明康德,114.920,115.720,115.540,119.300,114.600,115.460,115.540,6836203,801297247.000,600,115.460,100,115.450,5420,115.440,300,115.400,100,115.380,500,115.540,500,115.600,200,115.700,900,115.750,1800,115.760,2020-03-06,13:19:58,00,";
var hq_str_sh603259="药明康德,114.920,115.720,115.640,119.300,114.600,115.640,115.740,6845403,802360255.000,1000,115.640,800,115.620,1100,115.610,500,115.590,1300,115.560,200,115.740,900,115.750,1800,115.760,2500,115.770,1600,115.820,2020-03-06,13:20:58,00,";
var hq_str_sh603259="药明康德,114.920,115.720,115.680,119.300,114.600,115.680,115.730,6852503,803181561.000,300,115.680,4100,115.660,800,115.650,1400,115.640,1000,115.620,600,115.730,200,115.740,900,115.750,2500,115.770,1600,115.820,2020-03-06,13:21:58,00,";
var hq_str_sh603259="药明康德,114.920,115.720,116.060,119.300,114.600,116.010,116.060,6876303,805940311.000,200,116.010,600,116.000,300,115.990,300,115.960,200,115.950,300,116.060,200,116.080,500,116.100,300,116.120,1000,116.180,2020-03-06,13:22:58,00,";
var hq_str_sh603259="药明康德,114.920,115.720,115.980,119.300,114.600,115.980,116.000,6887103,807192944.000,2800,115.980,400,115.970,100,115.960,200,115.950,200,115.940,3400,116.000,200,116.010,900,116.070,200,116.080,500,116.100,2020-03-06,13:24:01,00,";
var hq_str_sh603259="药明康德,114.920,115.720,116.100,119.300,114.600,116.100,116.180,6907083,809512045.000,700,116.100,600,116.070,400,116.050,200,116.010,1000,116.000,1300,116.180,1200,116.200,500,116.210,400,116.230,220,116.240,2020-03-06,13:24:58,00,";
var hq_str_sh603259="药明康德,114.920,115.720,116.140,119.300,114.600,116.100,116.190,6935783,812845607.000,300,116.100,200,116.090,200,116.070,700,116.060,200,116.050,300,116.190,500,116.200,600,116.220,100,116.300,140,116.310,2020-03-06,13:26:01,00,";
var hq_str_sh603259="药明康德,114.920,115.720,116.200,119.300,114.600,116.150,116.220,6945383,813960671.000,100,116.150,1000,116.140,2100,116.110,5100,116.090,200,116.080,600,116.220,100,116.300,140,116.310,100,116.360,200,116.370,2020-03-06,13:26:58,00,";
var hq_str_sh603259="药明康德,114.920,115.720,116.140,119.300,114.600,116.110,116.150,6957583,815377937.000,2000,116.110,5600,116.090,100,116.070,1600,116.060,200,116.050,2200,116.150,3200,116.180,2300,116.200,100,116.210,100,116.220,2020-03-06,13:27:58,00,";
var hq_str_sh603259="药明康德,114.920,115.720,115.660,119.300,114.600,115.660,115.710,6979983,817976079.000,1900,115.660,100,115.650,300,115.640,1000,115.620,1000,115.590,600,115.710,200,115.770,100,115.800,100,115.880,600,115.890,2020-03-06,13:29:01,00,";
var hq_str_sh603259="药明康德,114.920,115.720,115.690,119.300,114.600,115.700,115.740,6988983,819017530.000,400,115.700,400,115.690,500,115.680,200,115.630,1000,115.620,2300,115.740,400,115.790,900,115.800,400,115.810,100,115.830,2020-03-06,13:30:01,00,";
var hq_str_sh603259="药明康德,114.920,115.720,115.810,119.300,114.600,115.810,115.830,7003683,820718573.000,1000,115.810,500,115.650,100,115.620,100,115.610,700,115.600,100,115.830,100,115.890,100,115.900,1000,115.940,200,116.000,2020-03-06,13:30:58,00,";
var hq_str_sh603259="药明康德,114.920,115.720,115.920,119.300,114.600,115.920,115.940,7015783,822119382.000,1600,115.920,1200,115.830,1500,115.810,1700,115.800,200,115.720,1000,115.940,1200,116.000,5200,116.050,300,116.060,300,116.150,2020-03-06,13:31:58,00,";
var hq_str_sh603259="药明康德,114.920,115.720,116.000,119.300,114.600,116.000,116.040,7034583,824298576.000,400,116.000,200,115.830,1400,115.810,2000,115.800,300,115.720,1000,116.040,5200,116.050,400,116.060,300,116.150,300,116.200,2020-03-06,13:32:58,00,";
var hq_str_sh603259="药明康德,114.920,115.720,115.990,119.300,114.600,115.910,115.920,7048783,825943678.000,300,115.910,100,115.720,2200,115.710,300,115.660,3100,115.650,400,115.920,400,115.990,200,116.000,100,116.030,1400,116.040,2020-03-06,13:33:58,00,";
var hq_str_sh603259="药明康德,114.920,115.720,116.120,119.300,114.600,116.120,116.140,7081383,829727590.000,500,116.120,100,116.070,1300,116.050,1500,116.040,400,115.980,700,116.140,200,116.200,100,116.250,100,116.300,40,116.360,2020-03-06,13:34:58,00,";
var hq_str_sh603259="药明康德,114.920,115.720,115.720,119.300,114.600,115.660,115.720,7095883,831406992.000,1500,115.660,800,115.650,400,115.630,100,115.620,200,115.610,300,115.720,100,115.740,600,115.770,200,115.790,400,115.830,2020-03-06,13:35:58,00,";
var hq_str_sh603259="药明康德,114.920,115.720,115.550,119.300,114.600,115.550,115.600,7114083,833510956.000,100,115.550,1300,115.520,1000,115.510,3500,115.500,400,115.460,300,115.600,500,115.610,400,115.620,400,115.630,600,115.660,2020-03-06,13:36:58,00,";
var hq_str_sh603259="药明康德,114.920,115.720,115.600,119.300,114.600,115.600,115.720,7127493,835061228.000,2400,115.600,200,115.550,300,115.530,290,115.520,1200,115.510,400,115.720,600,115.760,300,115.770,100,115.780,400,115.830,2020-03-06,13:37:58,00,";
var hq_str_sh603259="药明康德,114.920,115.720,115.500,119.300,114.600,115.560,115.630,7141383,836666572.000,700,115.560,3400,115.500,400,115.460,300,115.450,200,115.440,900,115.630,1310,115.660,100,115.680,700,115.710,300,115.720,2020-03-06,13:39:01,00,";
var hq_str_sh603259="药明康德,114.920,115.720,115.430,119.300,114.600,115.430,115.440,7156683,838434036.000,100,115.430,1500,115.370,100,115.360,300,115.330,1000,115.320,200,115.440,800,115.550,100,115.580,200,115.590,910,115.600,2020-03-06,13:40:01,00,";
var hq_str_sh603259="药明康德,114.920,115.720,115.240,119.300,114.600,115.230,115.240,7174783,840521091.000,300,115.230,400,115.220,600,115.210,500,115.200,200,115.190,100,115.240,1000,115.250,100,115.300,100,115.340,300,115.350,2020-03-06,13:40:58,00,";
var hq_str_sh603259="药明康德,114.920,115.720,115.630,119.300,114.600,115.630,115.640,7204493,843946556.000,800,115.630,500,115.590,300,115.570,490,115.520,100,115.510,100,115.640,900,115.660,300,115.720,100,115.770,100,115.820,2020-03-06,13:41:58,00,";
var hq_str_sh603259="药明康德,114.920,115.720,115.470,119.300,114.600,115.250,115.470,7230893,846992754.000,200,115.250,100,115.240,200,115.230,100,115.220,700,115.210,800,115.470,300,115.500,100,115.520,700,115.730,200,115.820,2020-03-06,13:43:01,00,";
var hq_str_sh603259="药明康德,114.920,115.720,115.300,119.300,114.600,115.300,115.460,7244093,848514505.000,2300,115.300,100,115.290,300,115.280,500,115.260,400,115.250,700,115.460,300,115.470,100,115.500,100,115.520,2300,115.680,2020-03-06,13:43:58,00,";
var hq_str_sh603259="药明康德,114.920,115.720,115.430,119.300,114.600,115.420,115.430,7254173,849677719.000,920,115.420,100,115.400,100,115.350,300,115.340,2000,115.310,1500,115.430,2300,115.440,400,115.450,600,115.470,100,115.500,2020-03-06,13:45:01,00,";
var hq_str_sh603259="药明康德,114.920,115.720,115.330,119.300,114.600,115.330,115.350,7265593,850995106.000,300,115.330,1400,115.310,2800,115.300,300,115.290,400,115.280,2100,115.350,600,115.360,1380,115.400,200,115.410,300,115.420,2020-03-06,13:45:58,00,";
var hq_str_sh603259="药明康德,114.920,115.720,115.470,119.300,114.600,115.470,115.860,7295293,854424203.000,200,115.470,100,115.460,200,115.400,700,115.360,2300,115.350,900,115.860,200,115.870,600,115.880,100,115.940,2300,115.950,2020-03-06,13:46:56,00,";
var hq_str_sh603259="药明康德,114.920,115.720,115.530,119.300,114.600,115.500,115.510,7310893,856228411.000,3400,115.500,300,115.430,800,115.420,200,115.410,200,115.400,800,115.510,4300,115.810,1700,115.820,1700,115.830,300,115.860,2020-03-06,13:47:58,00,";
var hq_str_sh603259="药明康德,114.920,115.720,115.820,119.300,114.600,115.810,115.820,7326893,858079143.000,300,115.810,3800,115.750,600,115.690,300,115.680,3100,115.530,600,115.820,1700,115.830,600,115.870,300,115.880,500,115.890,2020-03-06,13:48:58,00,";
var hq_str_sh603259="药明康德,114.920,115.720,115.810,119.300,114.600,115.810,115.880,7343293,859978628.000,800,115.810,600,115.800,200,115.680,500,115.540,600,115.520,1100,115.880,100,115.940,2300,115.950,1200,115.970,3300,115.980,2020-03-06,13:50:01,00,";
var hq_str_sh603259="药明康德,114.920,115.720,116.190,119.300,114.600,116.080,116.190,7389356,865324126.000,37,116.080,100,116.070,500,116.060,200,116.050,300,115.970,1500,116.190,200,116.200,900,116.210,200,116.220,1500,116.250,2020-03-06,13:50:58,00,";
var hq_str_sh603259="药明康德,114.920,115.720,115.810,119.300,114.600,115.790,115.810,7400956,866670058.000,100,115.790,100,115.690,200,115.680,1500,115.570,600,115.550,4000,115.810,200,115.870,600,115.880,100,115.890,900,115.930,2020-03-06,13:51:58,00,";
var hq_str_sh603259="药明康德,114.920,115.720,115.860,119.300,114.600,115.810,115.870,7417956,868639072.000,2400,115.810,500,115.800,200,115.720,400,115.710,2000,115.700,100,115.870,500,115.880,800,115.960,700,115.970,100,115.990,2020-03-06,13:52:58,00,";
var hq_str_sh603259="药明康德,114.920,115.720,116.010,119.300,114.600,115.960,116.000,7427456,869740445.000,100,115.960,500,115.880,500,115.830,200,115.820,2000,115.810,700,116.000,600,116.080,100,116.110,200,116.170,200,116.180,2020-03-06,13:53:58,00,";
var hq_str_sh603259="药明康德,114.920,115.720,115.810,119.300,114.600,115.730,115.810,7440156,871212372.000,100,115.730,1000,115.720,2000,115.700,200,115.690,400,115.680,500,115.810,300,115.940,100,116.000,100,116.020,300,116.040,2020-03-06,13:55:01,00,";
var hq_str_sh603259="药明康德,114.920,115.720,115.750,119.300,114.600,115.750,115.780,7451656,872543832.000,200,115.750,400,115.730,200,115.720,2000,115.700,200,115.690,300,115.780,2000,115.790,100,115.800,800,115.840,300,115.860,2020-03-06,13:56:01,00,";
var hq_str_sh603259="药明康德,114.920,115.720,115.600,119.300,114.600,115.610,115.640,7464656,874048150.000,100,115.610,1500,115.600,100,115.580,100,115.560,600,115.550,100,115.640,400,115.680,1300,115.700,200,115.760,500,115.790,2020-03-06,13:56:56,00,";
var hq_str_sh603259="药明康德,114.920,115.720,115.600,119.300,114.600,115.600,115.610,7476056,875366456.000,100,115.600,1000,115.590,1200,115.550,400,115.540,100,115.530,600,115.610,1600,115.720,500,115.760,600,115.790,100,115.800,2020-03-06,13:57:58,00,";
var hq_str_sh603259="药明康德,114.920,115.720,115.790,119.300,114.600,115.640,115.690,7492456,877263056.000,100,115.640,300,115.600,100,115.590,6100,115.580,1700,115.550,600,115.690,500,115.780,500,115.840,300,115.860,300,115.880,2020-03-06,13:59:01,00,";
var hq_str_sh603259="药明康德,114.920,115.720,115.840,119.300,114.600,115.820,115.840,7501356,878292678.000,100,115.820,400,115.660,100,115.650,600,115.630,2400,115.620,100,115.840,300,115.860,300,115.880,5000,115.900,300,115.940,2020-03-06,13:59:58,00,";
var hq_str_sh603259="药明康德,114.920,115.720,116.000,119.300,114.600,116.000,116.200,7541756,882978990.000,100,116.000,300,115.980,100,115.970,100,115.940,1100,115.900,300,116.200,300,116.210,1200,116.250,1200,116.290,100,116.300,2020-03-06,14:00:58,00,";
var hq_str_sh603259="药明康德,114.920,115.720,116.190,119.300,114.600,116.160,116.190,7560356,885136968.000,300,116.160,400,116.090,100,116.010,100,116.000,100,115.970,600,116.190,1600,116.200,300,116.210,400,116.250,1200,116.290,2020-03-06,14:01:58,00,";
var hq_str_sh603259="药明康德,114.920,115.720,116.110,119.300,114.600,116.110,116.160,7585256,888028617.000,100,116.110,5600,116.060,100,116.030,200,116.020,2000,115.970,400,116.160,200,116.170,600,116.180,300,116.190,1600,116.200,2020-03-06,14:03:01,00,";
var hq_str_sh603259="药明康德,114.920,115.720,116.170,119.300,114.600,116.160,116.170,7595856,889260081.000,800,116.160,300,116.110,5600,116.060,200,116.020,600,116.000,100,116.170,300,116.180,100,116.190,100,116.200,200,116.210,2020-03-06,14:03:58,00,";
var hq_str_sh603259="药明康德,114.920,115.720,116.130,119.300,114.600,116.110,116.130,7614056,891373454.000,200,116.110,800,116.100,3800,116.060,200,116.020,600,116.000,100,116.130,400,116.140,800,116.150,5100,116.160,1200,116.180,2020-03-06,14:04:58,00,";
var hq_str_sh603259="药明康德,114.920,115.720,116.160,119.300,114.600,116.040,116.070,7635656,893881181.000,200,116.040,200,116.020,1600,116.000,1000,115.970,5600,115.960,300,116.070,100,116.100,200,116.110,400,116.150,1500,116.160,2020-03-06,14:05:56,00,";
var hq_str_sh603259="药明康德,114.920,115.720,115.960,119.300,114.600,115.970,115.980,7649356,895470118.000,100,115.970,1700,115.960,300,115.920,100,115.910,300,115.900,800,115.980,1900,116.000,500,116.020,100,116.070,1200,116.110,2020-03-06,14:06:58,00,";
var hq_str_sh603259="药明康德,114.920,115.720,115.900,119.300,114.600,115.900,115.970,7659056,896594671.000,3700,115.900,100,115.890,500,115.870,100,115.860,200,115.850,400,115.970,1000,115.980,600,116.000,400,116.020,1200,116.110,2020-03-06,14:07:58,00,";
var hq_str_sh603259="药明康德,114.920,115.720,115.810,119.300,114.600,115.810,115.880,7670656,897938985.000,500,115.810,6000,115.800,500,115.690,800,115.680,300,115.630,200,115.880,300,115.900,1000,115.930,100,115.950,900,115.970,2020-03-06,14:08:58,00,";
var hq_str_sh603259="药明康德,114.920,115.720,115.620,119.300,114.600,115.620,115.660,7687756,899919242.000,1100,115.620,200,115.600,2600,115.580,1300,115.550,400,115.540,600,115.660,100,115.790,3000,115.800,300,115.890,900,115.900,2020-03-06,14:10:01,00,";
var hq_str_sh603259="药明康德,114.920,115.720,115.660,119.300,114.600,115.640,115.660,7699956,901329219.000,100,115.640,600,115.630,200,115.540,200,115.530,1000,115.520,800,115.660,100,115.790,2700,115.800,700,115.900,1000,115.930,2020-03-06,14:10:58,00,";
var hq_str_sh603259="药明康德,114.920,115.720,115.700,119.300,114.600,115.700,115.760,7709856,902474917.000,800,115.700,200,115.670,800,115.660,100,115.650,400,115.640,2300,115.760,200,115.780,1200,115.790,2700,115.800,700,115.900,2020-03-06,14:11:58,00,";
var hq_str_sh603259="药明康德,114.920,115.720,115.800,119.300,114.600,115.800,115.890,7726756,904430443.000,200,115.800,400,115.650,400,115.640,100,115.630,100,115.590,300,115.890,700,115.900,200,115.930,500,115.970,200,115.980,2020-03-06,14:13:01,00,";
var hq_str_sh603259="药明康德,114.920,115.720,115.690,119.300,114.600,115.810,115.890,7735756,905471756.000,200,115.810,500,115.780,100,115.690,400,115.680,1300,115.660,600,115.890,700,115.900,200,115.930,500,115.970,200,115.980,2020-03-06,14:13:58,00,";
var hq_str_sh603259="药明康德,114.920,115.720,115.710,119.300,114.600,115.710,115.780,7743056,906316960.000,600,115.710,100,115.690,700,115.670,1300,115.660,400,115.650,200,115.780,100,115.800,300,115.810,900,115.820,600,115.860,2020-03-06,14:14:58,00,";
var hq_str_sh603259="药明康德,114.920,115.720,115.860,119.300,114.600,115.780,115.860,7752156,907370733.000,200,115.780,1000,115.720,200,115.710,100,115.700,100,115.690,200,115.860,400,115.880,900,115.890,700,115.900,200,115.930,2020-03-06,14:15:58,00,";
var hq_str_sh603259="药明康德,114.920,115.720,115.800,119.300,114.600,115.790,115.800,7760856,908378189.000,1500,115.790,100,115.780,400,115.740,300,115.730,2100,115.720,1800,115.800,1000,115.820,600,115.880,900,115.890,700,115.900,2020-03-06,14:16:58,00,";
var hq_str_sh603259="药明康德,114.920,115.720,115.740,119.300,114.600,115.740,115.840,7771356,909594010.000,300,115.740,300,115.730,2100,115.720,300,115.700,100,115.690,600,115.840,800,115.880,900,115.890,700,115.900,200,115.930,2020-03-06,14:17:58,00,";
var hq_str_sh603259="药明康德,114.920,115.720,115.810,119.300,114.600,115.730,115.810,7779956,910589555.000,1200,115.730,1300,115.720,200,115.700,1300,115.690,5700,115.680,2300,115.810,200,115.820,5300,115.830,1000,115.870,800,115.880,2020-03-06,14:18:58,00,";
var hq_str_sh603259="药明康德,114.920,115.720,115.710,119.300,114.600,115.710,115.740,7793756,912186550.000,1000,115.710,100,115.700,1300,115.690,5700,115.680,700,115.670,1100,115.740,1100,115.810,200,115.820,5200,115.830,1000,115.870,2020-03-06,14:19:58,00,";
var hq_str_sh603259="药明康德,114.920,115.720,115.790,119.300,114.600,115.790,115.800,7810756,914153641.000,700,115.790,2300,115.700,1400,115.690,5700,115.680,700,115.670,500,115.800,900,115.810,200,115.820,5200,115.830,1000,115.870,2020-03-06,14:20:58,00,";
var hq_str_sh603259="药明康德,114.920,115.720,115.500,119.300,114.600,115.500,115.640,7836555,917137216.000,5101,115.500,100,115.450,300,115.430,1100,115.400,100,115.370,4001,115.640,1000,115.650,200,115.680,400,115.690,1000,115.750,2020-03-06,14:21:58,00,";
var hq_str_sh603259="药明康德,114.920,115.720,115.870,119.300,114.600,115.830,115.870,7855555,919335078.000,2400,115.830,700,115.810,400,115.800,1000,115.760,200,115.750,900,115.870,1000,115.880,900,115.890,700,115.900,200,115.930,2020-03-06,14:22:58,00,";
var hq_str_sh603259="药明康德,114.920,115.720,115.840,119.300,114.600,115.830,115.850,7870875,921110224.000,300,115.830,400,115.810,900,115.760,100,115.750,200,115.680,300,115.850,300,115.890,5000,115.910,400,115.930,900,115.990,2020-03-06,14:24:01,00,";
var hq_str_sh603259="药明康德,114.920,115.720,115.840,119.300,114.600,115.810,115.850,7882475,922454104.000,400,115.810,200,115.780,100,115.760,200,115.680,700,115.640,400,115.850,4900,115.910,900,115.990,11300,116.000,400,116.020,2020-03-06,14:24:58,00,";
var hq_str_sh603259="药明康德,114.920,115.720,115.760,119.300,114.600,115.710,115.760,7893875,923773915.000,200,115.710,7300,115.690,200,115.680,400,115.640,200,115.620,3800,115.760,100,115.770,1180,115.780,100,115.800,2600,115.810,2020-03-06,14:26:01,00,";
var hq_str_sh603259="药明康德,114.920,115.720,115.780,119.300,114.600,115.770,115.810,7906075,925186514.000,100,115.770,7500,115.750,100,115.740,300,115.720,100,115.710,2500,115.810,4080,115.910,100,115.960,4200,115.990,13500,116.000,2020-03-06,14:26:58,00,";
var hq_str_sh603259="药明康德,114.920,115.720,115.910,119.300,114.600,115.860,115.910,7925775,927467938.000,800,115.860,100,115.850,100,115.830,300,115.820,500,115.660,1980,115.910,100,115.960,200,115.970,4200,115.990,13500,116.000,2020-03-06,14:27:58,00,";
var hq_str_sh603259="药明康德,114.920,115.720,115.820,119.300,114.600,115.820,115.850,7935175,928556847.000,300,115.820,100,115.750,100,115.710,200,115.700,100,115.680,100,115.850,1700,115.900,500,115.960,400,115.970,4200,115.990,2020-03-06,14:29:01,00,";
var hq_str_sh603259="药明康德,114.920,115.720,116.000,119.300,114.600,115.990,116.000,7969575,932545844.000,300,115.990,10800,115.900,300,115.890,300,115.840,200,115.830,600,116.000,400,116.020,200,116.100,1200,116.110,500,116.150,2020-03-06,14:30:01,00,";
var hq_str_sh603259="药明康德,114.920,115.720,115.950,119.300,114.600,115.900,115.950,7986775,934540029.000,2200,115.900,300,115.890,500,115.850,300,115.840,200,115.830,700,115.950,300,115.960,1400,115.990,16800,116.000,300,116.050,2020-03-06,14:31:01,00,";
var hq_str_sh603259="药明康德,114.920,115.720,115.940,119.300,114.600,115.940,115.950,7997475,935780404.000,600,115.940,400,115.900,100,115.890,600,115.850,300,115.840,4000,115.950,500,115.960,3400,115.990,16600,116.000,300,116.050,2020-03-06,14:31:58,00,";
var hq_str_sh603259="药明康德,114.920,115.720,115.660,119.300,114.600,115.640,115.660,8011475,937402151.000,100,115.640,200,115.620,300,115.600,300,115.550,500,115.530,200,115.660,800,115.730,2300,115.740,1200,115.830,1900,115.950,2020-03-06,14:33:01,00,";
var hq_str_sh603259="药明康德,114.920,115.720,115.670,119.300,114.600,115.680,115.740,8019575,938339171.000,900,115.680,500,115.670,700,115.660,800,115.620,300,115.610,800,115.740,1000,115.830,1900,115.950,100,115.960,5400,115.990,2020-03-06,14:33:58,00,";
var hq_str_sh603259="药明康德,114.920,115.720,115.870,119.300,114.600,115.880,115.900,8029975,939543492.000,100,115.880,800,115.870,100,115.850,100,115.820,600,115.780,200,115.900,1600,115.950,100,115.960,5400,115.990,17300,116.000,2020-03-06,14:34:58,00,";
var hq_str_sh603259="药明康德,114.920,115.720,115.900,119.300,114.600,115.890,115.900,8039775,940679480.000,300,115.890,100,115.850,100,115.800,600,115.780,100,115.740,200,115.900,2900,115.910,300,115.930,800,115.940,1500,115.950,2020-03-06,14:35:58,00,";
var hq_str_sh603259="药明康德,114.920,115.720,115.920,119.300,114.600,115.860,115.930,8062701,943336508.000,100,115.860,174,115.850,100,115.800,100,115.740,100,115.710,700,115.930,400,115.940,1000,115.950,100,115.960,5500,115.990,2020-03-06,14:36:58,00,";
var hq_str_sh603259="药明康德,114.920,115.720,115.870,119.300,114.600,115.800,115.890,8081211,945482262.000,3564,115.800,100,115.740,100,115.710,200,115.700,400,115.680,900,115.890,1500,115.900,100,115.910,100,115.940,2700,115.950,2020-03-06,14:37:58,00,";
var hq_str_sh603259="药明康德,114.920,115.720,115.800,119.300,114.600,115.700,115.800,8089275,946416137.000,400,115.700,400,115.680,600,115.670,700,115.660,300,115.650,4936,115.800,2500,115.810,900,115.850,200,115.880,1000,115.890,2020-03-06,14:38:58,00,";
var hq_str_sh603259="药明康德,114.920,115.720,115.710,119.300,114.600,115.700,115.800,8103815,948098313.000,2200,115.700,60,115.690,800,115.650,3500,115.620,300,115.610,400,115.800,5100,115.810,900,115.850,200,115.880,400,115.890,2020-03-06,14:39:58,00,";
var hq_str_sh603259="药明康德,114.920,115.720,115.750,119.300,114.600,115.710,115.750,8120015,949973533.000,600,115.710,1500,115.700,160,115.690,500,115.660,1000,115.650,1000,115.750,100,115.760,600,115.800,300,115.810,900,115.850,2020-03-06,14:40:58,00,";
var hq_str_sh603259="药明康德,114.920,115.720,115.850,119.300,114.600,115.820,115.850,8132315,951397566.000,300,115.820,200,115.770,300,115.760,100,115.750,400,115.710,500,115.850,200,115.880,500,115.890,1500,115.900,100,115.910,2020-03-06,14:41:58,00,";
var hq_str_sh603259="药明康德,114.920,115.720,115.850,119.300,114.600,115.680,115.690,8152275,953708970.000,400,115.680,600,115.660,1000,115.650,3500,115.620,200,115.610,2800,115.690,3000,115.770,140,115.850,600,115.900,100,115.910,2020-03-06,14:43:01,00,";
var hq_str_sh603259="药明康德,114.920,115.720,115.660,119.300,114.600,115.650,115.660,8165975,955293744.000,1000,115.650,3500,115.620,200,115.610,2300,115.600,600,115.550,500,115.660,200,115.670,500,115.680,500,115.690,100,115.750,2020-03-06,14:44:01,00,";
var hq_str_sh603259="药明康德,114.920,115.720,115.760,119.300,114.600,115.710,115.760,8181875,957133327.000,200,115.710,700,115.680,2400,115.670,14200,115.660,1500,115.650,1300,115.760,1500,115.770,500,115.820,500,115.850,600,115.900,2020-03-06,14:44:58,00,";
var hq_str_sh603259="药明康德,114.920,115.720,115.830,119.300,114.600,115.690,115.830,8207215,960066285.000,5400,115.690,1200,115.670,8500,115.660,1500,115.650,3500,115.620,1200,115.830,300,115.840,6000,115.850,100,115.860,1500,115.900,2020-03-06,14:45:58,00,";
var hq_str_sh603259="药明康德,114.920,115.720,115.740,119.300,114.600,115.740,115.770,8216015,961084965.000,300,115.740,1100,115.710,800,115.700,5200,115.690,1300,115.670,2600,115.770,600,115.780,700,115.820,1400,115.830,400,115.840,2020-03-06,14:46:58,00,";
var hq_str_sh603259="药明康德,114.920,115.720,115.820,119.300,114.600,115.820,115.830,8239361,963787600.000,900,115.820,354,115.710,700,115.700,5200,115.690,1200,115.680,1400,115.830,400,115.840,3600,115.850,100,115.860,1200,115.900,2020-03-06,14:47:58,00,";
var hq_str_sh603259="药明康德,114.920,115.720,115.830,119.300,114.600,115.820,115.830,8246861,964656226.000,800,115.820,3300,115.770,554,115.710,4500,115.700,5200,115.690,3700,115.830,772,115.840,600,115.850,100,115.860,3002,115.880,2020-03-06,14:48:58,00,";
var hq_str_sh603259="药明康德,114.920,115.720,115.750,119.300,114.600,115.720,115.750,8262161,966427579.000,1200,115.720,4554,115.710,5600,115.700,6000,115.690,1900,115.680,2100,115.750,2900,115.770,800,115.780,5000,115.800,400,115.810,2020-03-06,14:49:56,00,";
var hq_str_sh603259="药明康德,114.920,115.720,115.730,119.300,114.600,115.720,115.730,8274428,967847305.000,2833,115.720,4554,115.710,5500,115.700,5900,115.690,2200,115.680,100,115.730,100,115.750,5500,115.770,800,115.780,5000,115.800,2020-03-06,14:50:58,00,";
var hq_str_sh603259="药明康德,114.920,115.720,115.730,119.300,114.600,115.720,115.730,8292028,969884160.000,1833,115.720,4554,115.710,5400,115.700,6100,115.690,2100,115.680,500,115.730,2700,115.750,2800,115.770,800,115.780,6100,115.800,2020-03-06,14:51:58,00,";
var hq_str_sh603259="药明康德,114.920,115.720,115.710,119.300,114.600,115.710,115.720,8308153,971750095.000,2162,115.710,5500,115.700,6100,115.690,2100,115.680,1200,115.670,1167,115.720,2700,115.730,1500,115.750,2800,115.770,900,115.780,2020-03-06,14:52:58,00,";
var hq_str_sh603259="药明康德,114.920,115.720,115.690,119.300,114.600,115.680,115.690,8335115,974869435.000,500,115.680,1200,115.670,500,115.660,2000,115.650,300,115.610,1240,115.690,500,115.700,1038,115.710,2567,115.720,700,115.730,2020-03-06,14:53:58,00,";
var hq_str_sh603259="药明康德,114.920,115.720,115.710,119.300,114.600,115.710,115.720,8369385,978835084.000,4400,115.710,2708,115.700,1260,115.690,1400,115.680,1400,115.670,4100,115.720,100,115.730,4067,115.800,200,115.810,600,115.820,2020-03-06,14:55:01,00,";
var hq_str_sh603259="药明康德,114.920,115.720,115.720,119.300,114.600,115.720,115.780,8391685,981415677.000,1500,115.720,300,115.710,2708,115.700,3760,115.690,1000,115.680,500,115.780,5267,115.800,200,115.810,900,115.820,6200,115.830,2020-03-06,14:55:58,00,";
var hq_str_sh603259="药明康德,114.920,115.720,115.790,119.300,114.600,115.770,115.790,8413992,983998373.000,2000,115.770,600,115.760,3260,115.750,400,115.740,6633,115.730,2100,115.790,6500,115.800,1300,115.810,500,115.820,100,115.830,2020-03-06,14:56:58,00,";
var hq_str_sh603259="药明康德,114.920,115.720,115.770,119.300,114.600,115.700,115.700,8414392,984044681.000,34901,115.700,0,0.000,0,0.000,0,0.000,0,0.000,34901,115.700,2223,0.000,0,0.000,0,0.000,0,0.000,2020-03-06,14:57:58,00,";
var hq_str_sh603259="药明康德,114.920,115.720,115.770,119.300,114.600,115.720,115.720,8414392,984044681.000,55624,115.720,569,0.000,0,0.000,0,0.000,0,0.000,55624,115.720,0,0.000,0,0.000,0,0.000,0,0.000,2020-03-06,14:58:58,00,";
