var hq_str_sh603259="药明康德,109.000,109.000,109.000,109.000,109.000,109.000,109.010,33476,3648884.000,38024,109.000,200,108.930,500,108.810,100,108.660,700,108.620,17000,109.010,100,109.100,100,109.330,1000,109.500,1500,109.550,2020-10-14,09:29:48,00,";
var hq_str_sh603259="药明康德,109.000,109.000,108.560,109.330,108.540,108.550,108.620,285500,31114434.000,2000,108.550,600,108.510,4300,108.500,1000,108.400,300,108.370,5700,108.620,100,108.660,100,108.700,900,108.730,2400,108.800,2020-10-14,09:30:56,00,";
var hq_str_sh603259="药明康德,109.000,109.000,109.080,109.330,108.500,109.040,109.100,337600,36779812.000,2600,109.040,1500,109.020,12900,109.000,1800,108.970,100,108.960,2100,109.100,300,109.150,200,109.190,400,109.200,900,109.300,2020-10-14,09:32:00,00,";
var hq_str_sh603259="药明康德,109.000,109.000,109.780,109.880,108.500,109.650,109.760,432700,47186133.000,100,109.650,100,109.630,100,109.610,900,109.600,1900,109.560,700,109.760,100,109.780,300,109.840,1300,109.850,100,109.860,2020-10-14,09:33:00,00,";
var hq_str_sh603259="药明康德,109.000,109.000,109.560,109.880,108.500,109.530,109.560,512100,55880603.000,100,109.530,13200,109.500,100,109.490,1700,109.400,2300,109.350,900,109.560,1000,109.570,6200,109.600,800,109.620,200,109.630,2020-10-14,09:34:00,00,";
var hq_str_sh603259="药明康德,109.000,109.000,109.420,109.880,108.500,109.420,109.450,590600,64478316.000,400,109.420,2200,109.400,2300,109.350,200,109.340,100,109.320,1300,109.450,1400,109.490,500,109.500,100,109.530,400,109.560,2020-10-14,09:35:00,00,";
var hq_str_sh603259="药明康德,109.000,109.000,109.410,109.880,108.500,109.390,109.420,688100,75152103.000,2100,109.390,2300,109.350,200,109.340,100,109.330,100,109.320,200,109.420,200,109.430,3600,109.500,1100,109.550,300,109.560,2020-10-14,09:35:57,00,";
var hq_str_sh603259="药明康德,109.000,109.000,109.500,109.880,108.500,109.480,109.500,769010,84009654.000,700,109.480,200,109.460,500,109.450,390,109.430,1900,109.420,10710,109.500,200,109.510,900,109.550,800,109.560,400,109.590,2020-10-14,09:36:57,00,";
var hq_str_sh603259="药明康德,109.000,109.000,109.320,109.880,108.500,109.310,109.330,885000,96700168.000,2200,109.310,3600,109.300,100,109.270,1700,109.260,800,109.220,1000,109.330,1800,109.350,300,109.370,600,109.390,1300,109.400,2020-10-14,09:38:00,00,";
var hq_str_sh603259="药明康德,109.000,109.000,109.280,109.880,108.500,109.200,109.280,959600,104863913.000,20400,109.200,200,109.190,100,109.100,100,109.090,1100,109.050,4700,109.280,9100,109.290,3800,109.300,700,109.320,1100,109.330,2020-10-14,09:39:00,00,";
var hq_str_sh603259="药明康德,109.000,109.000,109.380,109.880,108.500,109.320,109.380,1056000,115399848.000,300,109.320,1600,109.310,10400,109.300,1000,109.280,3100,109.200,2200,109.380,400,109.390,2700,109.400,100,109.410,200,109.450,2020-10-14,09:39:57,00,";
var hq_str_sh603259="药明康德,109.000,109.000,109.110,109.880,108.500,109.110,109.140,1165000,127299310.000,300,109.110,3000,109.100,1000,109.090,1600,109.080,1100,109.020,2000,109.140,3300,109.200,300,109.220,400,109.280,5700,109.300,2020-10-14,09:40:57,00,";
var hq_str_sh603259="药明康德,109.000,109.000,109.300,109.880,108.500,109.300,109.400,1239140,135395561.000,7160,109.300,200,109.250,2200,109.200,4400,109.190,100,109.180,2600,109.400,100,109.410,1000,109.450,8200,109.500,600,109.510,2020-10-14,09:42:00,00,";
var hq_str_sh603259="药明康德,109.000,109.000,109.460,109.880,108.500,109.430,109.440,1327140,145028450.000,300,109.430,4200,109.410,100,109.400,100,109.320,1000,109.310,3500,109.440,800,109.470,9700,109.500,100,109.510,1900,109.550,2020-10-14,09:43:00,00,";
var hq_str_sh603259="药明康德,109.000,109.000,109.520,109.880,108.500,109.520,109.550,1499370,163889852.000,600,109.520,15170,109.500,100,109.490,300,109.480,300,109.470,1100,109.550,800,109.560,200,109.570,200,109.580,700,109.600,2020-10-14,09:43:57,00,";
var hq_str_sh603259="药明康德,109.000,109.000,109.700,109.880,108.500,109.700,109.720,1560770,170616909.000,18600,109.700,1200,109.650,1400,109.630,1600,109.620,28100,109.600,1100,109.720,300,109.730,300,109.760,900,109.770,2700,109.780,2020-10-14,09:45:00,00,";
var hq_str_sh603259="药明康德,109.000,109.000,109.510,109.880,108.500,109.500,109.510,1726540,188784679.000,28200,109.500,1600,109.480,600,109.440,4100,109.410,300,109.400,1600,109.510,300,109.520,1500,109.530,1500,109.540,600,109.550,2020-10-14,09:46:00,00,";
var hq_str_sh603259="药明康德,109.000,109.000,109.500,109.880,108.500,109.490,109.500,1889470,206625468.000,8270,109.490,100,109.460,300,109.440,100,109.350,3000,109.330,2500,109.500,600,109.510,100,109.520,300,109.570,200,109.590,2020-10-14,09:47:00,00,";
var hq_str_sh603259="药明康德,109.000,109.000,109.330,109.880,108.500,109.330,109.350,1964240,214810599.000,500,109.330,100,109.320,100,109.300,400,109.270,500,109.250,1700,109.350,200,109.360,300,109.370,200,109.380,600,109.390,2020-10-14,09:48:00,00,";
var hq_str_sh603259="药明康德,109.000,109.000,109.250,109.880,108.500,109.240,109.310,2021240,221039736.000,3100,109.240,1100,109.230,900,109.200,100,109.190,1700,109.110,1000,109.310,840,109.320,200,109.330,1100,109.340,300,109.350,2020-10-14,09:49:00,00,";
var hq_str_sh603259="药明康德,109.000,109.000,109.230,109.880,108.500,109.230,109.240,2053040,224513449.000,100,109.230,200,109.220,2300,109.200,100,109.190,1000,109.120,300,109.240,500,109.250,3600,109.260,2300,109.270,2700,109.280,2020-10-14,09:50:00,00,";
var hq_str_sh603259="药明康德,109.000,109.000,109.400,109.880,108.500,109.370,109.420,2098480,229482997.000,1100,109.370,200,109.360,100,109.350,900,109.320,5560,109.300,300,109.420,400,109.480,900,109.490,1160,109.500,2500,109.510,2020-10-14,09:51:00,00,";
var hq_str_sh603259="药明康德,109.000,109.000,109.440,109.880,108.500,109.440,109.460,2120780,231923201.000,600,109.440,700,109.430,2700,109.410,1400,109.400,500,109.390,100,109.460,3600,109.480,1100,109.490,8160,109.500,1000,109.530,2020-10-14,09:51:57,00,";
var hq_str_sh603259="药明康德,109.000,109.000,109.360,109.880,108.500,109.360,109.380,2152880,235435013.000,800,109.360,1500,109.350,2000,109.320,700,109.310,3200,109.300,1400,109.380,200,109.390,4800,109.400,3800,109.410,4600,109.420,2020-10-14,09:52:57,00,";
var hq_str_sh603259="药明康德,109.000,109.000,109.130,109.880,108.500,109.130,109.210,2201680,240766015.000,800,109.130,1400,109.120,100,109.110,6900,109.100,600,109.090,200,109.210,3900,109.220,7100,109.230,300,109.300,2500,109.310,2020-10-14,09:54:00,00,";
var hq_str_sh603259="药明康德,109.000,109.000,109.280,109.880,108.500,109.250,109.280,2277180,249003961.000,700,109.250,100,109.240,400,109.230,1400,109.220,200,109.160,1400,109.280,400,109.300,900,109.310,700,109.320,701,109.360,2020-10-14,09:54:57,00,";
var hq_str_sh603259="药明康德,109.000,109.000,109.410,109.880,108.500,109.410,109.420,2327636,254523091.000,1044,109.410,3800,109.400,200,109.380,100,109.330,1000,109.320,500,109.420,1000,109.430,11400,109.440,200,109.450,1600,109.460,2020-10-14,09:56:00,00,";
var hq_str_sh603259="药明康德,109.000,109.000,109.390,109.880,108.500,109.370,109.390,2371780,259352646.000,500,109.370,500,109.340,1000,109.320,100,109.310,300,109.280,800,109.390,4100,109.400,600,109.410,1900,109.430,5200,109.440,2020-10-14,09:57:00,00,";
var hq_str_sh603259="药明康德,109.000,109.000,109.500,109.880,108.500,109.460,109.490,2543580,278163140.000,500,109.460,400,109.450,900,109.440,1200,109.400,3700,109.380,400,109.490,11000,109.500,500,109.560,200,109.630,600,109.650,2020-10-14,09:58:00,00,";
var hq_str_sh603259="药明康德,109.000,109.000,109.470,109.880,108.500,109.470,109.500,2599640,284299705.000,16400,109.470,1200,109.460,1300,109.430,300,109.420,100,109.400,7300,109.500,200,109.510,1300,109.520,900,109.550,600,109.560,2020-10-14,09:58:57,00,";
var hq_str_sh603259="药明康德,109.000,109.000,109.500,109.880,108.500,109.490,109.500,2677240,292797388.000,2700,109.490,15200,109.470,1300,109.460,600,109.440,1300,109.430,1300,109.500,300,109.510,3200,109.520,3000,109.530,900,109.550,2020-10-14,10:00:00,00,";
var hq_str_sh603259="药明康德,109.000,109.000,109.510,109.880,108.500,109.500,109.510,2783440,304423391.000,500,109.500,100,109.490,500,109.470,100,109.450,2400,109.430,1000,109.510,500,109.520,900,109.550,600,109.560,500,109.600,2020-10-14,10:01:00,00,";
var hq_str_sh603259="药明康德,109.000,109.000,109.990,109.990,108.500,109.870,109.990,2901990,317440694.000,800,109.870,4000,109.850,100,109.840,600,109.780,1900,109.770,13030,109.990,37243,110.000,100,110.020,100,110.050,100,110.060,2020-10-14,10:02:00,00,";
var hq_str_sh603259="药明康德,109.000,109.000,110.000,110.080,108.500,110.020,110.070,3062833,335129378.000,200,110.020,14357,110.000,900,109.990,1400,109.980,5900,109.910,200,110.070,3300,110.080,1700,110.090,2500,110.100,1200,110.120,2020-10-14,10:03:00,00,";
var hq_str_sh603259="药明康德,109.000,109.000,110.200,110.250,108.500,110.030,110.200,3154133,345186573.000,500,110.030,300,110.020,1000,110.010,37757,110.000,100,109.850,2000,110.200,100,110.210,100,110.240,2400,110.250,500,110.260,2020-10-14,10:04:00,00,";
var hq_str_sh603259="药明康德,109.000,109.000,109.800,110.250,108.500,109.780,109.850,3229190,353444525.000,200,109.780,1600,109.770,400,109.670,100,109.660,100,109.650,1600,109.850,100,109.860,200,109.870,300,109.980,3900,109.990,2020-10-14,10:04:57,00,";
var hq_str_sh603259="药明康德,109.000,109.000,109.770,110.250,108.500,109.770,109.840,3307490,362043349.000,100,109.770,1400,109.760,13200,109.750,800,109.700,1300,109.650,11200,109.840,1200,109.850,1000,109.860,4400,110.000,300,110.010,2020-10-14,10:06:00,00,";
var hq_str_sh603259="药明康德,109.000,109.000,109.860,110.250,108.500,109.860,109.930,3351790,366910038.000,100,109.860,1200,109.820,2500,109.800,200,109.790,1600,109.780,500,109.930,200,109.950,2900,109.980,5600,110.000,400,110.010,2020-10-14,10:06:57,00,";
var hq_str_sh603259="药明康德,109.000,109.000,109.770,110.250,108.500,109.770,109.790,3401355,372352381.000,500,109.770,3300,109.700,100,109.650,300,109.620,3000,109.610,1200,109.790,100,109.820,400,109.830,100,109.840,300,109.900,2020-10-14,10:08:00,00,";
var hq_str_sh603259="药明康德,109.000,109.000,109.650,110.250,108.500,109.620,109.700,3432755,375798628.000,300,109.620,3500,109.610,6500,109.600,300,109.550,200,109.530,100,109.700,100,109.730,300,109.750,300,109.770,2800,109.790,2020-10-14,10:09:00,00,";
var hq_str_sh603259="药明康德,109.000,109.000,109.470,110.250,108.500,109.470,109.490,3465055,379337188.000,100,109.470,4700,109.460,500,109.450,3700,109.430,600,109.420,300,109.490,2100,109.500,2100,109.510,7000,109.600,100,109.610,2020-10-14,10:10:00,00,";
var hq_str_sh603259="药明康德,109.000,109.000,109.440,110.250,108.500,109.450,109.470,3514535,384752541.000,500,109.450,1120,109.440,100,109.430,400,109.400,300,109.390,200,109.470,2000,109.480,100,109.490,2500,109.500,2300,109.510,2020-10-14,10:11:00,00,";
var hq_str_sh603259="药明康德,109.000,109.000,109.380,110.250,108.500,109.380,109.390,3567811,390582643.000,144,109.380,1100,109.360,1000,109.350,3400,109.340,100,109.320,1900,109.390,400,109.420,200,109.430,7525,109.440,200,109.490,2020-10-14,10:12:00,00,";
var hq_str_sh603259="药明康德,109.000,109.000,109.390,110.250,108.500,109.320,109.370,3609655,395158877.000,100,109.320,200,109.300,2000,109.260,500,109.220,1100,109.210,200,109.370,100,109.400,900,109.420,1200,109.430,200,109.490,2020-10-14,10:12:57,00,";
var hq_str_sh603259="药明康德,109.000,109.000,109.170,110.250,108.500,109.170,109.200,3651855,399767011.000,300,109.170,500,109.160,100,109.100,100,109.090,600,109.040,2200,109.200,800,109.260,5500,109.280,900,109.290,8500,109.300,2020-10-14,10:14:00,00,";
var hq_str_sh603259="药明康德,109.000,109.000,109.100,110.250,108.500,109.060,109.100,3684924,403374784.000,1600,109.060,500,109.020,5600,109.010,12700,109.000,100,108.990,500,109.100,1400,109.140,200,109.150,1225,109.160,300,109.170,2020-10-14,10:15:00,00,";
var hq_str_sh603259="药明康德,109.000,109.000,109.070,110.250,108.500,109.090,109.150,3734624,408793454.000,200,109.090,700,109.070,500,109.000,3000,108.990,9800,108.980,200,109.150,1125,109.160,300,109.170,2420,109.200,100,109.240,2020-10-14,10:16:00,00,";
var hq_str_sh603259="药明康德,109.000,109.000,109.180,110.250,108.500,109.180,109.190,3753649,410870015.000,100,109.180,3300,109.160,1675,109.150,600,109.100,2100,109.090,100,109.190,100,109.200,20,109.260,600,109.280,1600,109.300,2020-10-14,10:17:00,00,";
var hq_str_sh603259="药明康德,109.000,109.000,109.360,110.250,108.500,109.200,109.360,3832396,419476423.000,4300,109.200,400,109.180,400,109.100,628,109.090,2400,109.080,200,109.360,200,109.380,1900,109.390,500,109.400,600,109.420,2020-10-14,10:18:00,00,";
var hq_str_sh603259="药明康德,109.000,109.000,109.360,110.250,108.500,109.360,109.380,3857857,422259469.000,819,109.360,200,109.350,400,109.300,2500,109.200,300,109.190,6500,109.380,100,109.390,600,109.420,1200,109.430,100,109.460,2020-10-14,10:19:00,00,";
var hq_str_sh603259="药明康德,109.000,109.000,109.150,110.250,108.500,109.150,109.210,3884444,425163554.000,332,109.150,1400,109.140,700,109.120,300,109.100,1828,109.090,300,109.210,3100,109.300,400,109.320,300,109.360,1100,109.370,2020-10-14,10:20:00,00,";
var hq_str_sh603259="药明康德,109.000,109.000,109.110,110.250,108.500,109.110,109.190,3918544,428884340.000,100,109.110,1600,109.100,300,109.090,2100,109.030,4128,109.010,300,109.190,2300,109.210,300,109.220,5500,109.230,100,109.240,2020-10-14,10:21:00,00,";
var hq_str_sh603259="药明康德,109.000,109.000,109.190,110.250,108.500,109.100,109.190,3976144,435169551.000,2300,109.100,100,109.040,1600,109.030,100,109.020,5328,109.010,12200,109.190,100,109.210,300,109.220,400,109.230,100,109.240,2020-10-14,10:22:00,00,";
var hq_str_sh603259="药明康德,109.000,109.000,109.130,110.250,108.500,109.110,109.130,4015899,439508217.000,3000,109.110,100,109.100,500,109.080,1300,109.040,2900,109.030,200,109.130,2000,109.140,100,109.150,200,109.190,900,109.210,2020-10-14,10:23:00,00,";
var hq_str_sh603259="药明康德,109.000,109.000,109.100,110.250,108.500,109.100,109.190,4056345,443920557.000,500,109.100,200,109.080,100,109.050,1254,109.040,3800,109.030,1000,109.190,1500,109.200,2200,109.210,400,109.220,300,109.230,2020-10-14,10:24:00,00,";
var hq_str_sh603259="药明康德,109.000,109.000,109.050,110.250,108.500,109.020,109.050,4097445,448402218.000,2000,109.020,11482,109.010,10900,109.000,3700,108.990,10000,108.980,2000,109.050,100,109.070,400,109.100,100,109.120,200,109.180,2020-10-14,10:25:00,00,";
var hq_str_sh603259="药明康德,109.000,109.000,109.010,110.250,108.500,108.990,109.010,4151327,454275491.000,3800,108.990,6500,108.980,300,108.970,200,108.960,100,108.910,1534,109.010,300,109.020,100,109.050,200,109.070,500,109.100,2020-10-14,10:26:00,00,";
var hq_str_sh603259="药明康德,109.000,109.000,109.150,110.250,108.500,109.120,109.190,4210761,460760094.000,500,109.120,100,109.110,1300,109.100,1500,109.080,100,109.070,500,109.190,1000,109.210,2800,109.220,100,109.240,100,109.260,2020-10-14,10:27:00,00,";
var hq_str_sh603259="药明康德,109.000,109.000,109.130,110.250,108.500,109.130,109.150,4226061,462429914.000,4800,109.130,200,109.120,600,109.070,300,109.050,1466,109.020,200,109.150,300,109.170,400,109.190,200,109.200,900,109.210,2020-10-14,10:28:00,00,";
var hq_str_sh603259="药明康德,109.000,109.000,109.070,110.250,108.500,109.040,109.070,4247961,464819210.000,3500,109.040,200,109.030,4400,109.000,6100,108.980,26000,108.970,300,109.070,100,109.100,1100,109.120,400,109.140,4520,109.150,2020-10-14,10:29:00,00,";
var hq_str_sh603259="药明康德,109.000,109.000,109.060,110.250,108.500,109.070,109.100,4275561,467828764.000,100,109.070,700,109.060,800,109.050,2000,109.040,400,109.030,200,109.100,1000,109.120,200,109.170,1000,109.190,300,109.200,2020-10-14,10:30:00,00,";
var hq_str_sh603259="药明康德,109.000,109.000,109.160,110.250,108.500,109.160,109.190,4312303,471837595.000,4900,109.160,100,109.150,400,109.110,1458,109.100,400,109.070,300,109.190,300,109.200,100,109.220,200,109.240,700,109.250,2020-10-14,10:30:57,00,";
var hq_str_sh603259="药明康德,109.000,109.000,109.260,110.250,108.500,109.260,109.300,4349454,475894202.000,4540,109.260,1200,109.230,100,109.220,500,109.210,1300,109.200,600,109.300,800,109.360,300,109.370,200,109.380,100,109.390,2020-10-14,10:32:00,00,";
var hq_str_sh603259="药明康德,109.000,109.000,109.300,110.250,108.500,109.290,109.300,4389472,480268467.000,1622,109.290,400,109.280,500,109.270,100,109.260,200,109.250,3000,109.300,400,109.320,400,109.390,1000,109.420,1000,109.430,2020-10-14,10:33:00,00,";
var hq_str_sh603259="药明康德,109.000,109.000,109.230,110.250,108.500,109.230,109.250,4406594,482139163.000,400,109.230,4700,109.210,200,109.180,700,109.130,1100,109.110,1678,109.250,1700,109.260,5700,109.270,1800,109.280,1200,109.290,2020-10-14,10:33:57,00,";
var hq_str_sh603259="药明康德,109.000,109.000,109.570,110.250,108.500,109.410,109.570,4465172,488546134.000,1700,109.410,1000,109.390,700,109.320,300,109.300,6100,109.290,200,109.570,800,109.600,100,109.620,200,109.680,900,109.690,2020-10-14,10:35:00,00,";
var hq_str_sh603259="药明康德,109.000,109.000,109.630,110.250,108.500,109.630,109.680,4514902,493992419.000,1300,109.630,100,109.530,1200,109.520,7100,109.500,1300,109.480,300,109.680,900,109.690,1600,109.700,400,109.750,200,109.770,2020-10-14,10:35:57,00,";
var hq_str_sh603259="药明康德,109.000,109.000,109.750,110.250,108.500,109.700,109.750,4601198,503444186.000,4900,109.700,1500,109.690,14500,109.600,4,109.590,5100,109.560,300,109.750,300,109.770,1100,109.790,400,109.800,600,109.820,2020-10-14,10:37:00,00,";
var hq_str_sh603259="药明康德,109.000,109.000,109.720,110.250,108.500,109.700,109.730,4687398,512908724.000,13300,109.700,700,109.690,14500,109.600,4,109.590,5000,109.560,4000,109.730,4200,109.910,200,109.920,600,109.930,500,109.960,2020-10-14,10:38:00,00,";
var hq_str_sh603259="药明康德,109.000,109.000,109.590,110.250,108.500,109.590,109.610,4746698,519411294.000,1600,109.590,100,109.550,400,109.510,10400,109.500,500,109.490,1100,109.610,1900,109.630,100,109.650,4100,109.690,1300,109.700,2020-10-14,10:39:00,00,";
var hq_str_sh603259="药明康德,109.000,109.000,109.600,110.250,108.500,109.600,109.630,4780298,523093062.000,400,109.600,100,109.560,300,109.520,4300,109.510,5400,109.500,1800,109.630,100,109.640,200,109.650,4000,109.690,1000,109.700,2020-10-14,10:40:00,00,";
var hq_str_sh603259="药明康德,109.000,109.000,109.590,110.250,108.500,109.510,109.590,4854298,531204063.000,4700,109.510,17600,109.500,100,109.480,200,109.400,3000,109.330,500,109.590,1500,109.600,900,109.620,200,109.630,2200,109.690,2020-10-14,10:41:00,00,";
var hq_str_sh603259="药明康德,109.000,109.000,109.500,110.250,108.500,109.500,109.600,4882898,534336498.000,4900,109.500,100,109.480,400,109.400,3000,109.330,200,109.320,400,109.600,200,109.620,1000,109.630,100,109.650,500,109.680,2020-10-14,10:42:00,00,";
var hq_str_sh603259="药明康德,109.000,109.000,109.520,110.250,108.500,109.520,109.580,4922198,538639325.000,700,109.520,3300,109.500,100,109.420,3400,109.400,3000,109.330,200,109.580,400,109.590,1500,109.600,200,109.630,100,109.650,2020-10-14,10:43:00,00,";
var hq_str_sh603259="药明康德,109.000,109.000,109.350,110.250,108.500,109.350,109.400,5006398,547847248.000,200,109.350,4900,109.340,300,109.330,400,109.300,200,109.270,100,109.400,800,109.410,600,109.420,500,109.440,3600,109.490,2020-10-14,10:44:00,00,";
var hq_str_sh603259="药明康德,109.000,109.000,109.410,110.250,108.500,109.410,109.490,5112364,559442783.000,3700,109.410,300,109.380,500,109.370,4900,109.340,300,109.330,200,109.490,100,109.510,500,109.550,500,109.570,300,109.590,2020-10-14,10:45:00,00,";
var hq_str_sh603259="药明康德,109.000,109.000,109.470,110.250,108.500,109.470,109.490,5130464,561423797.000,400,109.470,200,109.460,1100,109.450,1500,109.440,400,109.400,200,109.490,2200,109.500,300,109.550,500,109.570,300,109.590,2020-10-14,10:46:00,00,";
var hq_str_sh603259="药明康德,109.000,109.000,109.690,110.250,108.500,109.690,109.700,5218192,571038624.000,5600,109.690,300,109.670,200,109.660,400,109.650,100,109.640,600,109.700,1500,109.740,100,109.750,4900,109.800,200,109.820,2020-10-14,10:47:00,00,";
var hq_str_sh603259="药明康德,109.000,109.000,109.580,110.250,108.500,109.590,109.600,5235492,572935531.000,4700,109.590,100,109.560,100,109.530,2300,109.490,2800,109.480,300,109.600,300,109.610,5900,109.620,3200,109.640,900,109.650,2020-10-14,10:47:57,00,";
var hq_str_sh603259="药明康德,109.000,109.000,109.650,110.250,108.500,109.660,109.680,5250692,574601638.000,100,109.660,400,109.650,900,109.630,4900,109.620,9500,109.610,400,109.680,800,109.690,1400,109.740,200,109.750,300,109.790,2020-10-14,10:49:00,00,";
var hq_str_sh603259="药明康德,109.000,109.000,109.770,110.250,108.500,109.710,109.770,5334448,583793434.000,18900,109.710,100,109.700,4200,109.690,23300,109.680,1900,109.660,200,109.770,18500,109.780,800,109.790,5200,109.800,200,109.820,2020-10-14,10:50:00,00,";
var hq_str_sh603259="药明康德,109.000,109.000,109.650,110.250,108.500,109.650,109.660,5472748,598971842.000,300,109.650,3600,109.610,300,109.600,1800,109.580,100,109.490,300,109.660,3000,109.670,1300,109.680,100,109.690,300,109.700,2020-10-14,10:50:57,00,";
var hq_str_sh603259="药明康德,109.000,109.000,109.450,110.250,108.500,109.450,109.470,5512048,603277270.000,600,109.450,1000,109.440,400,109.400,1000,109.350,4900,109.340,200,109.470,200,109.490,26700,109.500,2981,109.510,3300,109.540,2020-10-14,10:52:00,00,";
var hq_str_sh603259="药明康德,109.000,109.000,109.480,110.250,108.500,109.480,109.500,5543648,606734756.000,200,109.480,500,109.470,600,109.450,500,109.370,1000,109.360,26400,109.500,200,109.510,100,109.540,2400,109.570,2600,109.610,2020-10-14,10:53:00,00,";
var hq_str_sh603259="药明康德,109.000,109.000,109.360,110.250,108.500,109.360,109.370,5569348,609545849.000,3700,109.360,900,109.330,2900,109.300,800,109.280,200,109.270,400,109.370,100,109.380,100,109.400,400,109.440,1600,109.450,2020-10-14,10:54:00,00,";
var hq_str_sh603259="药明康德,109.000,109.000,109.330,110.250,108.500,109.300,109.330,5580448,610759818.000,3100,109.300,1000,109.280,200,109.270,1000,109.250,100,109.240,1100,109.330,200,109.340,400,109.350,1000,109.360,100,109.490,2020-10-14,10:54:57,00,";
var hq_str_sh603259="药明康德,109.000,109.000,109.270,110.250,108.500,109.250,109.260,5597607,612635839.000,1000,109.250,100,109.240,3700,109.210,1000,109.200,600,109.180,100,109.260,300,109.280,200,109.300,200,109.310,800,109.320,2020-10-14,10:55:54,00,";
var hq_str_sh603259="药明康德,109.000,109.000,109.310,110.250,108.500,109.300,109.310,5620007,615083795.000,3800,109.300,200,109.280,1000,109.270,700,109.260,300,109.250,1000,109.310,900,109.320,500,109.340,1000,109.350,600,109.400,2020-10-14,10:57:00,00,";
var hq_str_sh603259="药明康德,109.000,109.000,109.320,110.250,108.500,109.260,109.280,5640107,617280513.000,100,109.260,200,109.240,200,109.230,1000,109.220,3800,109.210,2600,109.280,600,109.340,1100,109.350,600,109.400,24300,109.500,2020-10-14,10:58:00,00,";
var hq_str_sh603259="药明康德,109.000,109.000,109.210,110.250,108.500,109.200,109.210,5669307,620469825.000,100,109.200,2200,109.180,100,109.150,200,109.130,200,109.110,300,109.210,300,109.240,500,109.250,700,109.280,100,109.290,2020-10-14,10:58:57,00,";
var hq_str_sh603259="药明康德,109.000,109.000,109.200,110.250,108.500,109.170,109.190,5689407,622665051.000,500,109.170,300,109.150,200,109.130,200,109.110,1200,109.100,100,109.190,800,109.200,100,109.210,100,109.220,100,109.230,2020-10-14,11:00:00,00,";
var hq_str_sh603259="药明康德,109.000,109.000,109.300,110.250,108.500,109.300,109.320,5705707,624446052.000,4400,109.300,100,109.290,2700,109.280,600,109.250,100,109.240,900,109.320,4900,109.330,1500,109.350,400,109.400,100,109.480,2020-10-14,11:00:57,00,";
var hq_str_sh603259="药明康德,109.000,109.000,109.210,110.250,108.500,109.220,109.350,5745707,628816742.000,4200,109.220,2100,109.180,800,109.150,200,109.130,200,109.110,100,109.350,600,109.360,100,109.390,300,109.400,600,109.480,2020-10-14,11:02:00,00,";
var hq_str_sh603259="药明康德,109.000,109.000,109.200,110.250,108.500,109.200,109.220,5762607,630662899.000,200,109.200,1700,109.180,900,109.150,200,109.130,200,109.110,14500,109.220,700,109.230,300,109.250,500,109.300,100,109.350,2020-10-14,11:03:00,00,";
var hq_str_sh603259="药明康德,109.000,109.000,109.200,110.250,108.500,109.160,109.180,5783807,632978116.000,200,109.160,800,109.150,600,109.140,200,109.130,200,109.110,200,109.180,4800,109.200,100,109.210,1972,109.220,100,109.230,2020-10-14,11:04:00,00,";
var hq_str_sh603259="药明康德,109.000,109.000,109.120,110.250,108.500,109.100,109.120,5807625,635578058.000,1086,109.100,500,109.080,1000,109.060,1300,109.050,400,109.040,540,109.120,200,109.130,100,109.180,500,109.190,5172,109.220,2020-10-14,11:04:57,00,";
var hq_str_sh603259="药明康德,109.000,109.000,109.100,110.250,108.500,109.060,109.100,5826417,637628777.000,294,109.060,1500,109.050,400,109.040,25067,109.030,1300,109.020,100,109.100,600,109.110,100,109.120,200,109.130,400,109.140,2020-10-14,11:06:00,00,";
var hq_str_sh603259="药明康德,109.000,109.000,109.070,110.250,108.500,109.090,109.100,5863180,641638106.000,800,109.090,5,109.070,300,109.040,11493,109.030,1300,109.020,1100,109.100,300,109.110,200,109.160,200,109.170,1000,109.180,2020-10-14,11:07:00,00,";
var hq_str_sh603259="药明康德,109.000,109.000,109.110,110.250,108.500,109.090,109.110,5874080,642827467.000,300,109.090,100,109.080,1500,109.040,10993,109.030,1300,109.020,100,109.110,100,109.130,600,109.150,100,109.160,200,109.170,2020-10-14,11:08:00,00,";
var hq_str_sh603259="药明康德,109.000,109.000,109.150,110.250,108.500,109.140,109.160,5883480,643853443.000,700,109.140,300,109.120,100,109.110,4800,109.100,100,109.080,1300,109.160,100,109.170,1000,109.180,300,109.190,400,109.200,2020-10-14,11:08:57,00,";
var hq_str_sh603259="药明康德,109.000,109.000,109.160,110.250,108.500,109.150,109.170,5901658,645837405.000,922,109.150,600,109.140,1500,109.110,2300,109.100,100,109.080,100,109.170,800,109.180,300,109.190,600,109.200,5072,109.220,2020-10-14,11:10:00,00,";
var hq_str_sh603259="药明康德,109.000,109.000,109.180,110.250,108.500,109.160,109.180,5913058,647082064.000,1000,109.160,1200,109.150,600,109.140,400,109.120,1500,109.110,400,109.180,600,109.190,500,109.200,5072,109.220,100,109.230,2020-10-14,11:10:57,00,";
var hq_str_sh603259="药明康德,109.000,109.000,109.130,110.250,108.500,109.100,109.130,5928558,648773900.000,2100,109.100,200,109.080,300,109.050,1500,109.040,11093,109.030,4520,109.130,6100,109.140,3000,109.150,399,109.190,2600,109.200,2020-10-14,11:12:00,00,";
var hq_str_sh603259="药明康德,109.000,109.000,109.100,110.250,108.500,109.050,109.090,5946819,650766387.000,339,109.050,1500,109.040,11093,109.030,500,109.020,2700,109.010,100,109.090,2600,109.100,100,109.110,100,109.130,1400,109.140,2020-10-14,11:13:00,00,";
var hq_str_sh603259="药明康德,109.000,109.000,109.050,110.250,108.500,109.050,109.080,5973619,653689031.000,200,109.050,193,109.030,500,109.020,2700,109.010,16900,109.000,1300,109.080,300,109.100,300,109.110,3900,109.120,1400,109.140,2020-10-14,11:13:57,00,";
var hq_str_sh603259="药明康德,109.000,109.000,108.890,110.250,108.500,108.880,108.890,6019712,658712440.000,4200,108.880,200,108.870,1200,108.860,600,108.850,9100,108.800,900,108.890,900,108.900,400,108.910,2200,108.960,1600,108.980,2020-10-14,11:15:00,00,";
var hq_str_sh603259="药明康德,109.000,109.000,108.770,110.250,108.500,108.770,108.800,6056612,662728692.000,1000,108.770,400,108.750,100,108.720,100,108.710,3400,108.700,1807,108.800,100,108.810,100,108.840,900,108.850,4200,108.860,2020-10-14,11:16:00,00,";
var hq_str_sh603259="药明康德,109.000,109.000,108.980,110.250,108.500,108.980,109.000,6095142,666921727.000,2700,108.980,600,108.940,800,108.910,4900,108.900,300,108.890,18200,109.000,200,109.010,1500,109.020,1800,109.030,1200,109.050,2020-10-14,11:16:57,00,";
var hq_str_sh603259="药明康德,109.000,109.000,109.000,110.250,108.500,108.980,109.000,6133442,671096770.000,1200,108.980,1000,108.920,300,108.910,2500,108.900,800,108.890,8900,109.000,300,109.010,100,109.040,100,109.050,700,109.070,2020-10-14,11:18:00,00,";
var hq_str_sh603259="药明康德,109.000,109.000,109.000,110.250,108.500,108.970,109.000,6158542,673832115.000,300,108.970,600,108.950,500,108.940,4800,108.920,500,108.900,100,109.000,300,109.010,1700,109.070,1800,109.080,100,109.110,2020-10-14,11:19:00,00,";
var hq_str_sh603259="药明康德,109.000,109.000,109.010,110.250,108.500,109.020,109.060,6183942,676600648.000,100,109.020,100,109.000,1200,108.990,1100,108.980,400,108.970,200,109.060,1800,109.080,100,109.110,200,109.120,1400,109.140,2020-10-14,11:20:00,00,";
var hq_str_sh603259="药明康德,109.000,109.000,109.110,110.250,108.500,109.100,109.130,6206642,679076972.000,1100,109.100,3200,109.080,600,109.060,200,109.030,400,109.010,300,109.130,900,109.140,1000,109.170,4400,109.180,2399,109.190,2020-10-14,11:21:00,00,";
var hq_str_sh603259="药明康德,109.000,109.000,109.010,110.250,108.500,109.010,109.060,6227542,681357086.000,400,109.010,11100,109.000,400,108.980,400,108.970,200,108.950,900,109.060,700,109.080,200,109.090,900,109.110,600,109.120,2020-10-14,11:22:00,00,";
var hq_str_sh603259="药明康德,109.000,109.000,109.000,110.250,108.500,109.000,109.020,6238842,682588984.000,6600,109.000,400,108.980,400,108.970,200,108.950,1000,108.930,200,109.020,2900,109.030,1100,109.040,7600,109.050,1100,109.060,2020-10-14,11:23:00,00,";
var hq_str_sh603259="药明康德,109.000,109.000,108.970,110.250,108.500,108.970,108.980,6257042,684572944.000,200,108.970,200,108.960,200,108.950,1100,108.930,800,108.900,2000,108.980,400,108.990,3593,109.000,800,109.010,1100,109.030,2020-10-14,11:24:00,00,";
var hq_str_sh603259="药明康德,109.000,109.000,108.880,110.250,108.500,108.860,108.880,6273142,686326278.000,200,108.860,1800,108.850,200,108.840,100,108.830,100,108.810,5600,108.880,400,108.890,3700,108.900,500,108.920,4100,108.930,2020-10-14,11:24:57,00,";
var hq_str_sh603259="药明康德,109.000,109.000,108.830,110.250,108.500,108.820,108.840,6289542,688111395.000,100,108.820,300,108.810,2400,108.800,1900,108.780,700,108.760,1500,108.840,200,108.850,300,108.860,4510,108.870,5500,108.880,2020-10-14,11:26:00,00,";
var hq_str_sh603259="药明康德,109.000,109.000,108.760,110.250,108.500,108.750,108.760,6301442,689406067.000,100,108.750,100,108.730,1100,108.720,1400,108.710,4400,108.700,1100,108.760,200,108.770,900,108.780,2300,108.790,2122,108.800,2020-10-14,11:27:00,00,";
var hq_str_sh603259="药明康德,109.000,109.000,108.650,110.250,108.500,108.630,108.640,6325642,692036214.000,100,108.630,500,108.620,100,108.610,4300,108.600,200,108.580,111,108.640,1242,108.650,600,108.690,1700,108.700,300,108.710,2020-10-14,11:28:00,00,";
var hq_str_sh603259="药明康德,109.000,109.000,108.620,110.250,108.500,108.620,108.630,6360642,695837866.000,100,108.620,1300,108.600,200,108.580,700,108.550,1800,108.540,1600,108.630,600,108.690,200,108.700,120,108.740,11000,108.750,2020-10-14,11:29:00,00,";
var hq_str_sh603259="药明康德,109.000,109.000,108.600,110.250,108.500,108.580,108.590,6419142,702186969.000,300,108.580,300,108.460,1000,108.450,1000,108.400,600,108.380,300,108.590,3200,108.600,1000,108.610,1400,108.630,600,108.690,2020-10-14,11:29:57,00,";
var hq_str_sh603259="药明康德,109.000,109.000,108.600,110.250,108.500,108.580,108.590,6419142,702186969.000,300,108.580,100,108.520,300,108.460,1000,108.450,1000,108.400,300,108.590,3300,108.600,1000,108.610,1400,108.630,600,108.690,2020-10-14,11:30:00,00,";
var hq_str_sh603259="药明康德,109.000,109.000,108.800,110.250,108.340,108.680,108.740,6579962,719645017.000,2400,108.680,2100,108.660,300,108.650,2200,108.610,5400,108.600,500,108.740,2400,108.760,901,108.800,500,108.860,300,108.870,2020-10-14,13:01:00,00,";
var hq_str_sh603259="药明康德,109.000,109.000,108.700,110.250,108.340,108.680,108.700,6620929,724097881.000,3100,108.680,500,108.670,733,108.660,300,108.650,2200,108.610,400,108.700,100,108.710,3700,108.720,2000,108.740,200,108.750,2020-10-14,13:02:00,00,";
var hq_str_sh603259="药明康德,109.000,109.000,108.680,110.250,108.340,108.670,108.680,6645039,726718293.000,500,108.670,500,108.660,323,108.650,400,108.620,2100,108.610,500,108.680,600,108.690,3700,108.700,100,108.710,1776,108.720,2020-10-14,13:03:00,00,";
var hq_str_sh603259="药明康德,109.000,109.000,108.690,110.250,108.340,108.670,108.700,6671847,729631506.000,100,108.670,500,108.650,800,108.640,1700,108.630,300,108.620,3100,108.700,100,108.710,1076,108.720,2000,108.740,200,108.750,2020-10-14,13:03:57,00,";
var hq_str_sh603259="药明康德,109.000,109.000,108.780,110.250,108.340,108.770,108.780,6708847,733655274.000,100,108.770,800,108.760,100,108.640,100,108.630,300,108.620,700,108.780,300,108.790,200,108.800,1000,108.850,400,108.880,2020-10-14,13:04:57,00,";
var hq_str_sh603259="药明康德,109.000,109.000,108.810,110.250,108.340,108.800,108.810,6733547,736342834.000,800,108.800,100,108.790,1400,108.780,1100,108.770,100,108.760,2000,108.810,200,108.830,100,108.870,500,108.880,100,108.900,2020-10-14,13:06:00,00,";
var hq_str_sh603259="药明康德,109.000,109.000,108.880,110.250,108.340,108.870,108.880,6753547,738519936.000,300,108.870,500,108.830,1100,108.820,1000,108.810,500,108.800,100,108.880,700,108.900,600,108.920,100,108.930,100,108.940,2020-10-14,13:06:57,00,";
var hq_str_sh603259="药明康德,109.000,109.000,108.860,110.250,108.340,108.850,108.860,6772847,740621090.000,1600,108.850,800,108.820,600,108.800,600,108.780,900,108.770,400,108.860,3700,108.870,400,108.880,700,108.890,2900,108.900,2020-10-14,13:08:00,00,";
var hq_str_sh603259="药明康德,109.000,109.000,108.800,110.250,108.340,108.800,108.830,6791347,742634582.000,700,108.800,500,108.780,200,108.770,100,108.760,2000,108.700,100,108.830,900,108.840,800,108.850,100,108.870,1200,108.890,2020-10-14,13:09:00,00,";
var hq_str_sh603259="药明康德,109.000,109.000,108.700,110.250,108.340,108.640,108.700,6810947,744766113.000,400,108.640,100,108.630,600,108.620,2500,108.610,2000,108.600,2200,108.700,100,108.710,100,108.720,500,108.740,3545,108.780,2020-10-14,13:09:57,00,";
var hq_str_sh603259="药明康德,109.000,109.000,108.600,110.250,108.340,108.600,108.610,6846347,748611456.000,1600,108.600,300,108.560,1200,108.530,200,108.520,300,108.510,600,108.610,100,108.630,600,108.650,400,108.660,700,108.700,2020-10-14,13:10:57,00,";
var hq_str_sh603259="药明康德,109.000,109.000,108.600,110.250,108.340,108.600,108.700,6878510,752104547.000,1200,108.600,100,108.580,600,108.570,2000,108.560,3600,108.550,600,108.700,100,108.710,100,108.720,500,108.740,100,108.770,2020-10-14,13:12:00,00,";
var hq_str_sh603259="药明康德,109.000,109.000,108.590,110.250,108.340,108.610,108.640,6906790,755175935.000,400,108.610,600,108.590,700,108.580,420,108.560,3600,108.550,5700,108.640,100,108.650,400,108.660,100,108.690,320,108.720,2020-10-14,13:12:57,00,";
var hq_str_sh603259="药明康德,109.000,109.000,108.510,110.250,108.340,108.500,108.510,6946310,759465341.000,1300,108.500,700,108.460,1200,108.420,800,108.410,600,108.400,200,108.510,400,108.520,100,108.530,200,108.540,9200,108.550,2020-10-14,13:13:57,00,";
var hq_str_sh603259="药明康德,109.000,109.000,108.340,110.250,108.310,108.320,108.340,7017570,767188927.000,440,108.320,1700,108.310,3200,108.300,100,108.290,1100,108.260,200,108.340,200,108.370,1000,108.390,1200,108.440,800,108.450,2020-10-14,13:14:57,00,";
var hq_str_sh603259="药明康德,109.000,109.000,108.340,110.250,108.290,108.340,108.450,7061004,771894513.000,800,108.340,400,108.320,1000,108.310,5500,108.300,100,108.290,600,108.450,700,108.480,3200,108.500,500,108.520,300,108.540,2020-10-14,13:15:57,00,";
var hq_str_sh603259="药明康德,109.000,109.000,108.350,110.250,108.240,108.310,108.350,7102704,776413529.000,100,108.310,10000,108.300,200,108.290,500,108.280,1200,108.220,500,108.350,100,108.360,100,108.400,500,108.410,200,108.450,2020-10-14,13:17:00,00,";
var hq_str_sh603259="药明康德,109.000,109.000,108.100,110.250,108.100,108.100,108.120,7178432,784607853.000,872,108.100,600,108.090,400,108.080,1100,108.070,1400,108.060,2400,108.120,2000,108.130,1400,108.140,100,108.150,100,108.160,2020-10-14,13:17:57,00,";
var hq_str_sh603259="药明康德,109.000,109.000,108.400,110.250,108.090,108.330,108.400,7210385,788063807.000,500,108.330,1500,108.310,1600,108.300,100,108.290,3100,108.270,100,108.400,100,108.450,200,108.480,100,108.490,3500,108.500,2020-10-14,13:18:57,00,";
var hq_str_sh603259="药明康德,109.000,109.000,108.200,110.250,108.090,108.190,108.200,7247485,792081976.000,400,108.190,2900,108.180,300,108.170,1000,108.160,200,108.140,13300,108.200,1000,108.300,200,108.310,1000,108.320,2200,108.330,2020-10-14,13:19:57,00,";
var hq_str_sh603259="药明康德,109.000,109.000,108.420,110.250,108.090,108.440,108.460,7307685,798605283.000,500,108.440,600,108.420,100,108.400,200,108.360,200,108.350,200,108.460,200,108.480,100,108.510,400,108.520,1000,108.550,2020-10-14,13:20:57,00,";
var hq_str_sh603259="药明康德,109.000,109.000,108.560,110.250,108.090,108.550,108.560,7321485,800102854.000,500,108.550,1400,108.540,300,108.530,400,108.520,100,108.470,200,108.560,800,108.590,2200,108.600,700,108.610,500,108.640,2020-10-14,13:22:00,00,";
var hq_str_sh603259="药明康德,109.000,109.000,108.690,110.250,108.090,108.690,108.700,7346938,802866522.000,1100,108.690,100,108.660,200,108.650,7,108.610,500,108.600,300,108.700,20,108.720,2145,108.780,800,108.790,900,108.800,2020-10-14,13:23:00,00,";
var hq_str_sh603259="药明康德,109.000,109.000,108.700,110.250,108.090,108.690,108.730,7361138,804410768.000,200,108.690,300,108.670,400,108.590,100,108.470,1100,108.440,100,108.730,155,108.760,200,108.780,1300,108.790,1000,108.800,2020-10-14,13:24:00,00,";
var hq_str_sh603259="药明康德,109.000,109.000,108.520,110.250,108.090,108.520,108.550,7381636,806637290.000,300,108.520,800,108.510,900,108.500,100,108.470,1100,108.440,3600,108.550,1100,108.570,7400,108.580,100,108.600,300,108.620,2020-10-14,13:25:00,00,";
var hq_str_sh603259="药明康德,109.000,109.000,108.510,110.250,108.090,108.470,108.510,7414464,810198443.000,57,108.470,1715,108.460,200,108.430,1100,108.330,1200,108.320,200,108.510,100,108.630,400,108.650,1400,108.700,200,108.710,2020-10-14,13:26:00,00,";
var hq_str_sh603259="药明康德,109.000,109.000,108.610,110.250,108.090,108.610,108.640,7428272,811698345.000,100,108.610,1292,108.600,100,108.580,200,108.570,300,108.520,1600,108.640,2000,108.650,100,108.660,400,108.700,800,108.710,2020-10-14,13:27:00,00,";
var hq_str_sh603259="药明康德,109.000,109.000,108.530,110.250,108.090,108.510,108.520,7439464,812913789.000,600,108.510,2200,108.500,300,108.490,2057,108.470,1000,108.460,100,108.520,200,108.530,500,108.560,700,108.570,100,108.580,2020-10-14,13:27:58,00,";
var hq_str_sh603259="药明康德,109.000,109.000,108.390,110.250,108.090,108.380,108.390,7456621,814774931.000,100,108.380,100,108.330,1200,108.320,600,108.300,2000,108.210,600,108.390,3500,108.400,100,108.420,400,108.430,4600,108.470,2020-10-14,13:28:58,00,";
var hq_str_sh603259="药明康德,109.000,109.000,108.370,110.250,108.090,108.350,108.370,7485521,817908150.000,200,108.350,1000,108.340,2000,108.330,1200,108.320,600,108.300,700,108.370,300,108.380,300,108.390,800,108.400,200,108.410,2020-10-14,13:30:00,00,";
var hq_str_sh603259="药明康德,109.000,109.000,108.350,110.250,108.090,108.340,108.360,7509169,820470692.000,100,108.340,52,108.330,1700,108.320,900,108.300,2000,108.210,3400,108.360,14100,108.370,300,108.380,200,108.390,1200,108.450,2020-10-14,13:31:00,00,";
var hq_str_sh603259="药明康德,109.000,109.000,108.410,110.250,108.090,108.410,108.450,7544683,824319767.000,1000,108.410,100,108.400,500,108.390,500,108.370,1100,108.360,100,108.450,100,108.460,700,108.470,100,108.480,500,108.490,2020-10-14,13:32:00,00,";
var hq_str_sh603259="药明康德,109.000,109.000,108.700,110.250,108.090,108.680,108.700,7561975,826197275.000,100,108.680,600,108.660,1200,108.650,200,108.640,500,108.610,400,108.700,800,108.710,200,108.720,300,108.730,100,108.750,2020-10-14,13:32:58,00,";
var hq_str_sh603259="药明康德,109.000,109.000,108.700,110.250,108.090,108.660,108.680,7595075,829795263.000,2100,108.660,200,108.640,600,108.510,2200,108.500,900,108.490,1200,108.680,200,108.700,100,108.710,3100,108.750,2200,108.760,2020-10-14,13:33:58,00,";
var hq_str_sh603259="药明康德,109.000,109.000,108.850,110.250,108.090,108.840,108.850,7661540,837016943.000,200,108.840,100,108.800,200,108.760,100,108.610,735,108.500,16100,108.850,2700,108.860,900,108.870,600,108.880,700,108.890,2020-10-14,13:34:58,00,";
var hq_str_sh603259="药明康德,109.000,109.000,108.840,110.250,108.090,108.810,108.840,7681521,839191165.000,400,108.810,119,108.800,200,108.690,1000,108.670,100,108.660,2400,108.840,19200,108.850,1900,108.860,400,108.870,600,108.880,2020-10-14,13:35:58,00,";
var hq_str_sh603259="药明康德,109.000,109.000,108.760,110.250,108.090,108.680,108.760,7698476,841035305.000,100,108.680,600,108.670,300,108.660,100,108.650,100,108.640,1952,108.760,200,108.770,100,108.780,200,108.790,400,108.800,2020-10-14,13:36:58,00,";
var hq_str_sh603259="药明康德,109.000,109.000,108.750,110.250,108.090,108.730,108.750,7735376,845044984.000,100,108.730,200,108.710,100,108.510,21735,108.500,100,108.480,1500,108.750,4100,108.760,600,108.770,600,108.780,200,108.790,2020-10-14,13:37:58,00,";
var hq_str_sh603259="药明康德,109.000,109.000,108.710,110.250,108.090,108.690,108.710,7744231,846007486.000,100,108.690,300,108.680,100,108.640,400,108.630,200,108.620,200,108.710,3900,108.720,900,108.730,500,108.740,1100,108.750,2020-10-14,13:38:58,00,";
var hq_str_sh603259="药明康德,109.000,109.000,108.720,110.250,108.090,108.710,108.720,7763806,848134961.000,140,108.710,400,108.670,200,108.660,85,108.640,500,108.630,500,108.720,500,108.730,500,108.740,1100,108.750,2900,108.760,2020-10-14,13:40:00,00,";
var hq_str_sh603259="药明康德,109.000,109.000,109.030,110.250,108.090,109.030,109.050,7907443,863770729.000,200,109.030,400,109.000,14463,108.990,200,108.980,1600,108.970,300,109.050,1100,109.060,500,109.080,600,109.090,1500,109.100,2020-10-14,13:40:58,00,";
var hq_str_sh603259="药明康德,109.000,109.000,109.000,110.250,108.090,108.990,109.000,7946743,868055811.000,100,108.990,200,108.910,500,108.830,200,108.810,100,108.750,4000,109.000,1419,109.010,1300,109.030,8700,109.050,100,109.070,2020-10-14,13:41:58,00,";
var hq_str_sh603259="药明康德,109.000,109.000,108.840,110.250,108.090,108.810,108.830,7963543,869885150.000,1400,108.810,100,108.800,500,108.750,900,108.730,600,108.600,700,108.830,2902,108.840,400,108.850,200,108.860,200,108.910,2020-10-14,13:42:58,00,";
var hq_str_sh603259="药明康德,109.000,109.000,108.930,110.250,108.090,108.890,108.920,7981345,871823411.000,100,108.890,700,108.850,1200,108.840,200,108.830,98,108.820,100,108.920,500,108.930,100,108.940,200,108.970,5000,108.980,2020-10-14,13:44:00,00,";
var hq_str_sh603259="药明康德,109.000,109.000,109.010,110.250,108.090,109.010,109.030,8011308,875089129.000,1000,109.010,1600,109.000,1500,108.990,200,108.980,400,108.970,200,109.030,2300,109.040,9300,109.050,100,109.070,400,109.080,2020-10-14,13:45:00,00,";
var hq_str_sh603259="药明康德,109.000,109.000,109.210,110.250,108.090,109.200,109.210,8054007,879748991.000,3201,109.200,1600,109.190,100,109.180,3800,109.170,100,109.160,900,109.210,4800,109.220,100,109.240,900,109.250,200,109.260,2020-10-14,13:45:58,00,";
var hq_str_sh603259="药明康德,109.000,109.000,109.300,110.250,108.090,109.280,109.290,8091387,883833529.000,800,109.280,3920,109.210,200,109.200,3500,109.170,100,109.160,100,109.290,2100,109.300,100,109.320,200,109.330,500,109.340,2020-10-14,13:47:00,00,";
var hq_str_sh603259="药明康德,109.000,109.000,109.200,110.250,108.090,109.190,109.200,8115428,886459817.000,200,109.190,1100,109.180,2479,109.170,2000,109.060,30400,109.050,4800,109.200,700,109.210,1400,109.220,3000,109.230,300,109.240,2020-10-14,13:48:00,00,";
var hq_str_sh603259="药明康德,109.000,109.000,109.220,110.250,108.090,109.210,109.220,8194628,895102992.000,400,109.210,500,109.200,500,109.180,500,109.170,900,109.160,400,109.220,400,109.240,600,109.270,1300,109.280,400,109.300,2020-10-14,13:48:58,00,";
var hq_str_sh603259="药明康德,109.000,109.000,109.200,110.250,108.090,109.180,109.230,8214328,897255192.000,1400,109.180,900,109.160,100,109.150,500,109.100,200,109.090,600,109.230,4240,109.250,600,109.260,200,109.270,240,109.280,2020-10-14,13:50:00,00,";
var hq_str_sh603259="药明康德,109.000,109.000,109.170,110.250,108.090,109.090,109.160,8241728,900246087.000,200,109.090,200,109.080,100,109.070,1879,109.050,200,109.040,200,109.160,2847,109.170,2100,109.180,4600,109.190,200,109.200,2020-10-14,13:51:00,00,";
var hq_str_sh603259="药明康德,109.000,109.000,109.050,110.250,108.090,109.050,109.090,8260664,902312161.000,1343,109.050,200,109.040,500,109.030,200,109.010,2300,109.000,400,109.090,100,109.100,1900,109.110,1000,109.120,200,109.130,2020-10-14,13:52:00,00,";
var hq_str_sh603259="药明康德,109.000,109.000,109.090,110.250,108.090,109.090,109.100,8287507,905240791.000,100,109.090,700,109.080,600,109.070,600,109.060,200,109.040,2347,109.100,100,109.110,500,109.150,2100,109.160,100,109.170,2020-10-14,13:53:00,00,";
var hq_str_sh603259="药明康德,109.000,109.000,109.070,110.250,108.090,109.060,109.070,8307307,907400624.000,1100,109.060,100,109.050,200,109.040,500,109.030,200,109.010,300,109.070,2400,109.080,200,109.090,100,109.100,200,109.130,2020-10-14,13:54:00,00,";
var hq_str_sh603259="药明康德,109.000,109.000,109.000,110.250,108.090,108.980,109.000,8335307,910453909.000,100,108.980,200,108.970,3300,108.950,2500,108.930,1000,108.840,800,109.000,2600,109.010,100,109.020,600,109.030,2600,109.040,2020-10-14,13:55:00,00,";
var hq_str_sh603259="药明康德,109.000,109.000,108.960,110.250,108.090,108.930,108.960,8351707,912241085.000,2500,108.930,200,108.880,500,108.870,1000,108.860,3000,108.850,1486,108.960,100,108.970,100,108.980,5300,108.990,1000,109.000,2020-10-14,13:55:58,00,";
var hq_str_sh603259="药明康德,109.000,109.000,108.820,110.250,108.090,108.800,108.820,8377907,915093890.000,700,108.800,1000,108.780,400,108.730,100,108.710,1100,108.700,2436,108.820,300,108.830,100,108.840,600,108.850,100,108.890,2020-10-14,13:56:58,00,";
var hq_str_sh603259="药明康德,109.000,109.000,108.970,110.250,108.090,108.970,109.000,8400443,917546727.000,200,108.970,100,108.960,100,108.940,100,108.930,200,108.910,4100,109.000,1000,109.010,300,109.020,200,109.030,1100,109.040,2020-10-14,13:57:58,00,";
var hq_str_sh603259="药明康德,109.000,109.000,108.950,110.250,108.090,108.930,108.940,8416743,919322899.000,600,108.930,200,108.910,200,108.900,500,108.850,20764,108.830,179,108.940,4500,108.950,1900,109.000,1300,109.010,700,109.020,2020-10-14,13:59:00,00,";
var hq_str_sh603259="药明康德,109.000,109.000,108.900,110.250,108.090,108.860,108.900,8430943,920869619.000,300,108.860,5200,108.850,600,108.840,20764,108.830,400,108.730,200,108.900,5338,108.910,800,108.920,400,108.930,2900,108.940,2020-10-14,14:00:00,00,";
var hq_str_sh603259="药明康德,109.000,109.000,109.160,110.250,108.090,109.160,109.170,8470915,925225164.000,4300,109.160,700,109.150,500,109.130,200,109.100,5300,109.080,100,109.170,1900,109.180,3800,109.200,500,109.210,800,109.240,2020-10-14,14:01:00,00,";
var hq_str_sh603259="药明康德,109.000,109.000,109.160,110.250,108.090,109.080,109.160,8532353,931929047.000,700,109.080,1200,109.050,528,109.030,6100,109.020,100,109.010,600,109.160,100,109.170,3100,109.180,4500,109.200,700,109.210,2020-10-14,14:02:00,00,";
var hq_str_sh603259="药明康德,109.000,109.000,109.400,110.250,108.090,109.390,109.400,8651053,944909475.000,9700,109.390,23900,109.360,12700,109.350,900,109.310,300,109.290,2800,109.400,1100,109.410,200,109.420,400,109.430,1200,109.480,2020-10-14,14:03:00,00,";
var hq_str_sh603259="药明康德,109.000,109.000,109.480,110.250,108.090,109.390,109.480,8707480,951087901.000,6973,109.390,100,109.360,500,109.320,500,109.200,1000,109.190,700,109.480,300,109.490,5500,109.500,1800,109.510,1100,109.520,2020-10-14,14:04:00,00,";
var hq_str_sh603259="药明康德,109.000,109.000,109.490,110.250,108.090,109.400,109.490,8750580,955806078.000,400,109.400,1800,109.390,200,109.380,1000,109.300,5900,109.250,738,109.490,2800,109.500,1500,109.510,2000,109.520,100,109.530,2020-10-14,14:05:00,00,";
var hq_str_sh603259="药明康德,109.000,109.000,109.310,110.250,108.090,109.310,109.390,8771268,958070443.000,100,109.310,1000,109.300,2900,109.250,600,109.240,15700,109.230,66,109.390,500,109.400,200,109.410,600,109.420,1000,109.440,2020-10-14,14:05:59,00,";
var hq_str_sh603259="药明康德,109.000,109.000,109.370,110.250,108.090,109.330,109.400,8821368,963548377.000,500,109.330,100,109.320,3400,109.280,1900,109.260,2700,109.250,700,109.400,100,109.410,500,109.420,1600,109.440,8300,109.450,2020-10-14,14:07:00,00,";
var hq_str_sh603259="药明康德,109.000,109.000,109.230,110.250,108.090,109.230,109.240,8847268,966378915.000,200,109.230,300,109.210,3000,109.190,1000,109.110,500,109.090,100,109.240,100,109.260,700,109.270,5700,109.280,100,109.290,2020-10-14,14:07:59,00,";
var hq_str_sh603259="药明康德,109.000,109.000,109.210,110.250,108.090,109.210,109.220,8876517,969573093.000,600,109.210,900,109.200,200,109.190,751,109.180,100,109.170,200,109.220,400,109.240,3349,109.250,800,109.260,600,109.270,2020-10-14,14:09:00,00,";
var hq_str_sh603259="药明康德,109.000,109.000,109.400,110.250,108.090,109.400,109.410,8945794,977141896.000,6300,109.400,1400,109.370,1300,109.360,800,109.350,800,109.320,100,109.410,500,109.420,2100,109.440,3300,109.450,500,109.460,2020-10-14,14:10:00,00,";
var hq_str_sh603259="药明康德,109.000,109.000,109.380,110.250,108.090,109.370,109.380,8980994,980993759.000,100,109.370,3100,109.300,300,109.290,20400,109.280,100,109.270,2345,109.380,200,109.400,1200,109.410,500,109.420,100,109.430,2020-10-14,14:11:00,00,";
var hq_str_sh603259="药明康德,109.000,109.000,109.320,110.250,108.090,109.300,109.330,8994209,982438615.000,185,109.300,3200,109.290,100,109.270,5200,109.260,300,109.250,5500,109.330,300,109.340,1300,109.360,1900,109.370,3000,109.380,2020-10-14,14:11:59,00,";
var hq_str_sh603259="药明康德,109.000,109.000,109.260,110.250,108.090,109.270,109.280,9035105,986907772.000,100,109.270,189,109.260,300,109.250,100,109.240,1100,109.190,1700,109.280,4900,109.300,3300,109.330,100,109.340,1100,109.360,2020-10-14,14:13:00,00,";
var hq_str_sh603259="药明康德,109.000,109.000,109.200,110.250,108.090,109.200,109.230,9056805,989277507.000,40,109.200,400,109.170,2500,109.150,800,109.110,10000,109.100,2500,109.230,5100,109.240,700,109.250,1023,109.270,100,109.280,2020-10-14,14:14:00,00,";
var hq_str_sh603259="药明康德,109.000,109.000,109.090,110.250,108.090,109.080,109.100,9081950,992021580.000,1100,109.080,100,109.060,528,109.030,1000,109.010,25600,109.000,812,109.100,884,109.140,300,109.160,300,109.180,4760,109.200,2020-10-14,14:15:00,00,";
var hq_str_sh603259="药明康德,109.000,109.000,109.250,110.250,108.090,109.260,109.270,9142294,998604537.000,100,109.260,3360,109.250,1700,109.240,11300,109.230,200,109.220,1023,109.270,5900,109.300,700,109.320,9300,109.330,800,109.370,2020-10-14,14:16:00,00,";
var hq_str_sh603259="药明康德,109.000,109.000,109.350,110.250,108.090,109.350,109.380,9184551,1003225694.000,3100,109.350,366,109.340,18100,109.330,100,109.310,4900,109.300,200,109.380,300,109.390,400,109.400,100,109.430,500,109.450,2020-10-14,14:17:00,00,";
var hq_str_sh603259="药明康德,109.000,109.000,109.480,110.250,108.090,109.480,109.490,9210839,1006101592.000,25300,109.480,200,109.430,1700,109.420,23200,109.400,500,109.360,600,109.490,22740,109.500,1600,109.510,2700,109.520,100,109.530,2020-10-14,14:17:59,00,";
var hq_str_sh603259="药明康德,109.000,109.000,109.450,110.250,108.090,109.450,109.470,9323395,1018423495.000,851,109.450,100,109.370,1100,109.360,1878,109.340,9300,109.330,500,109.470,100,109.480,6300,109.500,3900,109.510,100,109.530,2020-10-14,14:19:00,00,";
var hq_str_sh603259="药明康德,109.000,109.000,109.330,110.250,108.090,109.330,109.360,9342903,1020557096.000,5021,109.330,1600,109.300,300,109.290,200,109.270,100,109.260,2798,109.360,700,109.370,300,109.390,1000,109.410,4800,109.420,2020-10-14,14:20:00,00,";
var hq_str_sh603259="药明康德,109.000,109.000,109.470,110.250,108.090,109.470,109.480,9394350,1026181130.000,500,109.470,51,109.440,200,109.430,500,109.420,400,109.410,200,109.480,1000,109.490,8000,109.500,100,109.530,100,109.540,2020-10-14,14:20:59,00,";
var hq_str_sh603259="药明康德,109.000,109.000,109.600,110.250,108.090,109.540,109.680,9628450,1051846439.000,200,109.540,300,109.530,10800,109.520,1500,109.510,300,109.500,100,109.680,600,109.690,2300,109.700,1200,109.710,5700,109.720,2020-10-14,14:21:59,00,";
var hq_str_sh603259="药明康德,109.000,109.000,109.600,110.250,108.090,109.570,109.640,9717566,1061608674.000,800,109.570,200,109.550,100,109.540,500,109.530,100,109.510,5200,109.640,500,109.650,1200,109.670,4800,109.680,100,109.690,2020-10-14,14:23:00,00,";
var hq_str_sh603259="药明康德,109.000,109.000,109.600,110.250,108.090,109.520,109.600,9767262,1067053245.000,2000,109.520,1300,109.500,100,109.490,1500,109.400,388,109.340,600,109.600,300,109.610,4200,109.620,3100,109.630,6600,109.640,2020-10-14,14:24:00,00,";
var hq_str_sh603259="药明康德,109.000,109.000,109.650,110.250,108.090,109.650,109.680,9815413,1072330018.000,1600,109.650,449,109.630,200,109.620,2800,109.610,14000,109.600,3800,109.680,100,109.690,1000,109.700,1200,109.710,4100,109.720,2020-10-14,14:24:59,00,";
var hq_str_sh603259="药明康德,109.000,109.000,109.420,110.250,108.090,109.340,109.420,9861562,1077388100.000,388,109.340,1000,109.310,400,109.300,100,109.230,10000,109.220,100,109.420,100,109.490,1200,109.500,400,109.510,2800,109.520,2020-10-14,14:25:59,00,";
var hq_str_sh603259="药明康德,109.000,109.000,109.550,110.250,108.090,109.520,109.580,9908121,1082482092.000,10200,109.520,5000,109.450,1100,109.410,700,109.290,800,109.280,400,109.580,100,109.590,1600,109.600,500,109.640,1700,109.650,2020-10-14,14:27:00,00,";
var hq_str_sh603259="药明康德,109.000,109.000,109.450,110.250,108.090,109.290,109.420,9974521,1089750887.000,1000,109.290,100,109.260,300,109.250,500,109.230,7416,109.220,200,109.420,200,109.430,600,109.460,5000,109.490,12749,109.500,2020-10-14,14:28:00,00,";
var hq_str_sh603259="药明康德,109.000,109.000,109.500,110.250,108.090,109.500,109.550,10069470,1100140833.000,5851,109.500,1200,109.470,2500,109.450,600,109.230,1100,109.220,1500,109.550,100,109.560,1500,109.570,100,109.580,100,109.590,2020-10-14,14:29:00,00,";
var hq_str_sh603259="药明康德,109.000,109.000,109.400,110.250,108.090,109.380,109.390,10114621,1105084596.000,1100,109.380,100,109.360,400,109.310,200,109.250,500,109.240,100,109.390,300,109.400,200,109.410,2000,109.460,100,109.470,2020-10-14,14:30:00,00,";
var hq_str_sh603259="药明康德,109.000,109.000,109.260,110.250,108.090,109.260,109.270,10149946,1108948049.000,200,109.260,200,109.240,75,109.230,400,109.220,3000,109.210,200,109.270,300,109.290,8309,109.300,300,109.360,100,109.370,2020-10-14,14:31:00,00,";
var hq_str_sh603259="药明康德,109.000,109.000,109.400,110.250,108.090,109.400,109.510,10217408,1116327281.000,10104,109.400,1100,109.390,100,109.380,2000,109.370,343,109.360,300,109.510,300,109.520,600,109.530,1500,109.550,600,109.560,2020-10-14,14:31:59,00,";
var hq_str_sh603259="药明康德,109.000,109.000,109.300,110.250,108.090,109.290,109.300,10255312,1120473156.000,434,109.290,200,109.270,1200,109.250,75,109.230,200,109.220,800,109.300,400,109.310,500,109.330,659,109.350,400,109.370,2020-10-14,14:33:00,00,";
var hq_str_sh603259="药明康德,109.000,109.000,109.220,110.250,108.090,109.200,109.210,10274921,1122615293.000,1000,109.200,1700,109.190,1000,109.150,400,109.120,300,109.110,400,109.210,2300,109.220,11071,109.250,400,109.290,1466,109.300,2020-10-14,14:33:59,00,";
var hq_str_sh603259="药明康德,109.000,109.000,109.120,110.250,108.090,109.100,109.120,10295621,1124875201.000,300,109.100,200,109.090,200,109.040,1000,109.030,2000,109.020,1600,109.120,686,109.140,4600,109.150,1200,109.200,572,109.210,2020-10-14,14:34:59,00,";
var hq_str_sh603259="药明康德,109.000,109.000,109.200,110.250,108.090,109.180,109.190,10326407,1128234837.000,800,109.180,100,109.160,400,109.150,1200,109.130,500,109.110,300,109.190,472,109.210,200,109.220,9871,109.250,1466,109.300,2020-10-14,14:36:00,00,";
var hq_str_sh603259="药明康德,109.000,109.000,109.310,110.250,108.090,109.300,109.310,10351615,1130989198.000,100,109.300,200,109.290,664,109.280,400,109.260,100,109.250,66,109.310,100,109.320,400,109.330,659,109.350,800,109.380,2020-10-14,14:36:59,00,";
var hq_str_sh603259="药明康德,109.000,109.000,109.350,110.250,108.090,109.340,109.350,10373715,1133405597.000,2800,109.340,500,109.330,4200,109.320,200,109.310,400,109.300,349,109.350,200,109.360,1900,109.400,200,109.440,100,109.450,2020-10-14,14:38:00,00,";
var hq_str_sh603259="药明康德,109.000,109.000,109.370,110.250,108.090,109.360,109.370,10397157,1135969614.000,4400,109.360,2900,109.340,4200,109.320,200,109.310,300,109.300,200,109.370,2500,109.380,4900,109.390,749,109.400,200,109.440,2020-10-14,14:38:59,00,";
var hq_str_sh603259="药明康德,109.000,109.000,109.370,110.250,108.090,109.340,109.380,10426757,1139207276.000,900,109.340,300,109.300,200,109.250,200,109.220,1800,109.200,100,109.380,4100,109.390,1100,109.400,100,109.410,200,109.440,2020-10-14,14:40:00,00,";
var hq_str_sh603259="药明康德,109.000,109.000,109.480,110.250,108.090,109.450,109.480,10449491,1141695216.000,1000,109.450,100,109.420,200,109.410,200,109.400,66,109.390,700,109.480,800,109.490,8600,109.500,100,109.510,1356,109.520,2020-10-14,14:40:59,00,";
var hq_str_sh603259="药明康德,109.000,109.000,109.340,110.250,108.090,109.240,109.340,10463179,1143192886.000,500,109.240,178,109.220,1800,109.200,1500,109.190,100,109.160,300,109.340,200,109.380,1000,109.390,1600,109.400,100,109.430,2020-10-14,14:41:59,00,";
var hq_str_sh603259="药明康德,109.000,109.000,109.320,110.250,108.090,109.310,109.320,10481779,1145226988.000,300,109.310,700,109.300,100,109.250,200,109.230,2800,109.220,100,109.320,300,109.330,2520,109.340,100,109.350,2680,109.390,2020-10-14,14:42:59,00,";
var hq_str_sh603259="药明康德,109.000,109.000,109.300,110.250,108.090,109.230,109.300,10505079,1147774313.000,400,109.230,1700,109.220,1800,109.200,1500,109.190,100,109.160,1700,109.300,300,109.310,1500,109.320,100,109.330,3376,109.340,2020-10-14,14:43:59,00,";
var hq_str_sh603259="药明康德,109.000,109.000,109.390,110.250,108.090,109.390,109.410,10578035,1155748365.000,120,109.390,524,109.340,300,109.330,33000,109.320,200,109.310,200,109.410,300,109.420,2600,109.430,1600,109.440,1900,109.470,2020-10-14,14:44:57,00,";
var hq_str_sh603259="药明康德,109.000,109.000,109.210,110.250,108.090,109.210,109.290,10640975,1162628586.000,200,109.210,400,109.200,2500,109.190,200,109.160,200,109.150,100,109.290,2800,109.300,1500,109.310,3260,109.320,100,109.350,2020-10-14,14:46:00,00,";
var hq_str_sh603259="药明康德,109.000,109.000,109.130,110.250,108.090,109.120,109.130,10658128,1164501387.000,200,109.120,500,109.110,2514,109.100,200,109.090,100,109.040,4400,109.130,2300,109.140,2600,109.190,3400,109.200,600,109.210,2020-10-14,14:46:59,00,";
var hq_str_sh603259="药明康德,109.000,109.000,109.040,110.250,108.090,109.030,109.040,10709742,1170130204.000,700,109.030,2100,109.010,13808,109.000,200,108.980,1000,108.930,1300,109.040,600,109.050,300,109.060,300,109.080,100,109.090,2020-10-14,14:47:59,00,";
var hq_str_sh603259="药明康德,109.000,109.000,108.830,110.250,108.090,108.830,108.850,10761050,1175720823.000,1700,108.830,300,108.820,400,108.810,1200,108.800,1100,108.730,200,108.850,307,108.860,4200,108.870,11200,108.880,4400,108.890,2020-10-14,14:49:00,00,";
var hq_str_sh603259="药明康德,109.000,109.000,108.880,110.250,108.090,108.870,108.880,10852150,1185635295.000,1300,108.870,900,108.860,1600,108.850,700,108.840,3900,108.830,500,108.880,100,108.890,14399,109.000,880,109.010,100,109.030,2020-10-14,14:50:00,00,";
var hq_str_sh603259="药明康德,109.000,109.000,108.800,110.250,108.090,108.780,108.800,10905050,1191393505.000,6300,108.780,600,108.770,300,108.760,11000,108.750,1000,108.730,2800,108.800,300,108.810,600,108.820,2200,108.830,2500,108.860,2020-10-14,14:50:57,00,";
var hq_str_sh603259="药明康德,109.000,109.000,108.720,110.250,108.090,108.720,108.740,10985450,1200133837.000,300,108.720,100,108.700,500,108.630,200,108.600,15900,108.500,200,108.740,3764,108.750,1100,108.770,300,108.780,200,108.820,2020-10-14,14:52:00,00,";
var hq_str_sh603259="药明康德,109.000,109.000,108.740,110.250,108.090,108.730,108.740,11055070,1207698665.000,400,108.730,300,108.720,500,108.710,100,108.700,800,108.690,1000,108.740,1000,108.750,3100,108.760,2000,108.770,600,108.790,2020-10-14,14:53:00,00,";
var hq_str_sh603259="药明康德,109.000,109.000,108.660,110.250,108.090,108.650,108.660,11094670,1212003027.000,1200,108.650,100,108.640,1000,108.610,2600,108.600,300,108.560,600,108.660,3900,108.670,620,108.680,5700,108.690,100,108.700,2020-10-14,14:53:59,00,";
var hq_str_sh603259="药明康德,109.000,109.000,108.600,110.250,108.090,108.580,108.600,11164381,1219574108.000,3100,108.580,400,108.570,2000,108.560,3509,108.550,300,108.540,7640,108.600,6000,108.620,400,108.630,4200,108.650,200,108.670,2020-10-14,14:55:00,00,";
var hq_str_sh603259="药明康德,109.000,109.000,108.550,110.250,108.090,108.530,108.550,11230730,1226779230.000,3000,108.530,600,108.520,33300,108.510,8200,108.500,800,108.490,4391,108.550,12700,108.560,2100,108.570,3100,108.580,11908,108.590,2020-10-14,14:55:59,00,";
var hq_str_sh603259="药明康德,109.000,109.000,108.400,110.250,108.090,108.400,108.410,11441962,1249698193.000,800,108.400,300,108.390,500,108.380,300,108.370,100,108.360,19400,108.410,400,108.440,5300,108.450,3000,108.480,3100,108.490,2020-10-14,14:56:59,00,";
var hq_str_sh603259="药明康德,109.000,109.000,108.400,110.250,108.090,108.210,108.210,11443262,1249839118.000,82238,108.210,0,0.000,0,0.000,0,0.000,0,0.000,82238,108.210,8755,0.000,0,0.000,0,0.000,0,0.000,2020-10-14,14:58:00,00,";
var hq_str_sh603259="药明康德,109.000,109.000,108.400,110.250,108.090,108.290,108.290,11443262,1249839118.000,109518,108.290,6120,0.000,0,0.000,0,0.000,0,0.000,109518,108.290,0,0.000,0,0.000,0,0.000,0,0.000,2020-10-14,14:59:00,00,";
