var hq_str_sh603259="药明康德,98.700,99.250,98.700,98.700,98.700,98.700,98.900,138100,13630470.000,15500,98.700,200,98.650,100,98.600,300,98.550,2400,98.500,1700,98.900,4700,98.940,2400,98.970,21100,99.000,7600,99.240,2020-04-16,09:29:51,00,";
var hq_str_sh603259="药明康德,98.700,99.250,98.600,98.900,98.370,98.560,98.600,260676,25732113.000,600,98.560,1000,98.530,1300,98.520,300,98.510,1200,98.500,4900,98.600,2600,98.700,1900,98.710,1600,98.750,100,98.760,2020-04-16,09:30:57,00,";
var hq_str_sh603259="药明康德,98.700,99.250,98.300,98.900,98.080,98.110,98.300,371876,36672462.000,600,98.110,3700,98.100,2600,98.080,1000,98.060,700,98.050,2552,98.300,2200,98.350,6600,98.360,600,98.380,13100,98.400,2020-04-16,09:31:57,00,";
var hq_str_sh603259="药明康德,98.700,99.250,98.480,98.900,98.010,98.390,98.480,476428,46942623.000,100,98.390,500,98.360,400,98.260,3600,98.250,100,98.240,300,98.480,200,98.500,100,98.560,2800,98.600,100,98.690,2020-04-16,09:32:57,00,";
var hq_str_sh603259="药明康德,98.700,99.250,98.810,98.900,98.010,98.810,98.820,544528,53658243.000,1800,98.810,800,98.750,500,98.700,300,98.600,100,98.590,8500,98.820,400,98.850,2400,98.860,3700,98.870,500,98.890,2020-04-16,09:34:00,00,";
var hq_str_sh603259="药明康德,98.700,99.250,98.770,98.900,98.010,98.760,98.770,600528,59190013.000,2200,98.760,700,98.750,400,98.720,300,98.710,300,98.700,4100,98.770,100,98.780,800,98.790,1100,98.800,8000,98.810,2020-04-16,09:35:00,00,";
var hq_str_sh603259="药明康德,98.700,99.250,99.560,99.700,98.010,99.500,99.550,758528,74837981.000,5200,99.500,200,99.440,200,99.240,400,99.210,300,99.120,200,99.550,5300,99.560,1300,99.700,200,99.720,3000,99.740,2020-04-16,09:35:57,00,";
var hq_str_sh603259="药明康德,98.700,99.250,99.150,99.700,98.010,99.150,99.160,822528,81189653.000,600,99.150,100,99.130,1100,99.030,400,99.010,5000,99.000,5800,99.160,3600,99.170,700,99.190,4400,99.200,14600,99.210,2020-04-16,09:36:57,00,";
var hq_str_sh603259="药明康德,98.700,99.250,98.850,99.700,98.010,98.920,98.960,890228,87898351.000,1400,98.920,2700,98.820,100,98.810,1100,98.800,200,98.780,100,98.960,10800,99.000,200,99.010,400,99.020,400,99.030,2020-04-16,09:37:57,00,";
var hq_str_sh603259="药明康德,98.700,99.250,98.850,99.700,98.010,98.850,98.880,927228,91555628.000,1600,98.850,2000,98.820,3500,98.810,200,98.800,2100,98.780,100,98.880,5300,98.900,10400,99.000,100,99.010,300,99.020,2020-04-16,09:38:57,00,";
var hq_str_sh603259="药明康德,98.700,99.250,98.530,99.700,98.010,98.520,98.550,990428,97797089.000,1000,98.520,5400,98.500,300,98.460,100,98.440,100,98.400,600,98.550,400,98.560,100,98.650,500,98.660,1000,98.670,2020-04-16,09:39:57,00,";
var hq_str_sh603259="药明康德,98.700,99.250,98.620,99.700,98.010,98.580,98.600,1028128,101511667.000,100,98.580,100,98.560,900,98.550,300,98.540,200,98.530,400,98.600,1500,98.620,100,98.650,100,98.670,2200,98.700,2020-04-16,09:40:57,00,";
var hq_str_sh603259="药明康德,98.700,99.250,98.490,99.700,98.010,98.500,98.530,1083728,106989981.000,100,98.500,4100,98.490,600,98.450,900,98.440,100,98.420,300,98.530,100,98.600,100,98.620,100,98.650,2200,98.700,2020-04-16,09:41:57,00,";
var hq_str_sh603259="药明康德,98.700,99.250,98.750,99.700,98.010,98.750,98.880,1126017,111161372.000,1411,98.750,200,98.650,500,98.600,2200,98.570,2200,98.560,100,98.880,100,98.900,15400,99.000,100,99.010,300,99.020,2020-04-16,09:42:57,00,";
var hq_str_sh603259="药明康德,98.700,99.250,98.400,99.700,98.010,98.350,98.400,1184228,116898789.000,300,98.350,200,98.340,800,98.330,100,98.320,1300,98.300,2200,98.400,594,98.420,400,98.440,500,98.450,700,98.490,2020-04-16,09:43:57,00,";
var hq_str_sh603259="药明康德,98.700,99.250,98.390,99.700,98.010,98.390,98.400,1245622,122936365.000,100,98.390,100,98.360,100,98.330,1106,98.320,2500,98.310,6400,98.400,200,98.450,700,98.490,25189,98.500,2500,98.510,2020-04-16,09:44:57,00,";
var hq_str_sh603259="药明康德,98.700,99.250,98.450,99.700,98.010,98.450,98.490,1296513,127946658.000,3100,98.450,1600,98.440,7809,98.400,200,98.390,2000,98.370,1800,98.490,4793,98.500,2500,98.510,600,98.530,800,98.620,2020-04-16,09:45:57,00,";
var hq_str_sh603259="药明康德,98.700,99.250,98.330,99.700,98.010,98.330,98.340,1345522,132769064.000,300,98.330,1700,98.320,1700,98.310,3250,98.300,400,98.280,600,98.340,600,98.350,200,98.360,5500,98.370,1500,98.380,2020-04-16,09:46:57,00,";
var hq_str_sh603259="药明康德,98.700,99.250,98.190,99.700,98.010,98.190,98.200,1394122,137543730.000,3700,98.190,100,98.110,5100,98.100,100,98.090,500,98.080,1300,98.200,200,98.210,400,98.230,600,98.240,700,98.260,2020-04-16,09:47:57,00,";
var hq_str_sh603259="药明康德,98.700,99.250,98.080,99.700,98.010,98.060,98.080,1455222,143538836.000,600,98.060,2300,98.050,2700,98.040,2900,98.030,8800,98.020,300,98.080,1900,98.090,18800,98.100,100,98.110,4300,98.120,2020-04-16,09:48:57,00,";
var hq_str_sh603259="药明康德,98.700,99.250,98.020,99.700,97.900,98.020,98.030,1774614,174839267.000,3900,98.020,6608,98.000,100,97.980,100,97.950,400,97.940,600,98.030,2000,98.050,500,98.090,3400,98.100,4300,98.120,2020-04-16,09:50:00,00,";
var hq_str_sh603259="药明康德,98.700,99.250,98.080,99.700,97.900,98.060,98.080,1852114,182442053.000,5800,98.060,8400,98.050,700,98.040,900,98.030,4400,98.020,1500,98.080,100,98.100,8494,98.120,400,98.160,2300,98.200,2020-04-16,09:50:57,00,";
var hq_str_sh603259="药明康德,98.700,99.250,97.910,99.700,97.900,97.910,97.920,1936222,190683980.000,3800,97.910,19100,97.900,200,97.890,3500,97.880,2800,97.860,600,97.920,900,97.930,1200,97.940,5700,97.970,200,97.980,2020-04-16,09:52:00,00,";
var hq_str_sh603259="药明康德,98.700,99.250,97.800,99.700,97.800,97.800,97.810,2066000,203382694.000,61322,97.800,700,97.790,1500,97.780,1800,97.770,6800,97.760,2900,97.810,1800,97.830,800,97.840,1060,97.850,3300,97.860,2020-04-16,09:53:00,00,";
var hq_str_sh603259="药明康德,98.700,99.250,97.700,99.700,97.700,97.700,97.710,2290382,225314400.000,8940,97.700,600,97.690,100,97.680,100,97.660,700,97.650,10600,97.710,300,97.720,100,97.730,12300,97.740,1700,97.750,2020-04-16,09:53:57,00,";
var hq_str_sh603259="药明康德,98.700,99.250,97.610,99.700,97.600,97.610,97.620,2476322,243465214.000,1900,97.610,44300,97.600,500,97.590,1200,97.580,500,97.570,100,97.620,300,97.630,1000,97.660,2000,97.680,3200,97.690,2020-04-16,09:54:57,00,";
var hq_str_sh603259="药明康德,98.700,99.250,97.840,99.700,97.600,97.880,97.890,2541582,249840874.000,100,97.880,300,97.850,600,97.820,1300,97.810,3440,97.800,4400,97.890,100,97.900,6500,97.930,2500,97.970,500,97.980,2020-04-16,09:55:57,00,";
var hq_str_sh603259="药明康德,98.700,99.250,97.920,99.700,97.600,97.900,97.910,2593282,254902624.000,1600,97.900,300,97.890,1700,97.880,500,97.850,200,97.840,300,97.910,1600,97.920,1300,97.930,200,97.950,1000,97.960,2020-04-16,09:56:57,00,";
var hq_str_sh603259="药明康德,98.700,99.250,97.810,99.700,97.600,97.800,97.820,2642082,259678644.000,2000,97.800,1840,97.790,100,97.780,900,97.760,5300,97.750,600,97.820,5700,97.830,7400,97.840,100,97.850,1600,97.880,2020-04-16,09:58:00,00,";
var hq_str_sh603259="药明康德,98.700,99.250,97.540,99.700,97.520,97.530,97.540,2732982,268554350.000,400,97.530,2100,97.520,9000,97.510,128900,97.500,200,97.490,900,97.540,300,97.560,4200,97.570,2000,97.580,100,97.590,2020-04-16,09:58:57,00,";
var hq_str_sh603259="药明康德,98.700,99.250,97.600,99.700,97.500,97.610,97.640,2901122,284952461.000,560,97.610,1000,97.600,200,97.580,6700,97.560,1500,97.550,1800,97.640,300,97.700,1200,97.780,6800,97.790,800,97.800,2020-04-16,09:59:57,00,";
var hq_str_sh603259="药明康德,98.700,99.250,97.700,99.700,97.500,97.700,97.780,2922422,287032714.000,1000,97.700,1500,97.690,1000,97.670,300,97.660,5500,97.650,1200,97.780,6800,97.790,900,97.800,500,97.820,3300,97.920,2020-04-16,10:00:57,00,";
var hq_str_sh603259="药明康德,98.700,99.250,98.200,99.700,97.500,98.200,98.360,3015122,296114411.000,1200,98.200,200,98.180,300,98.150,1800,98.120,3200,98.080,600,98.360,4700,98.370,1500,98.380,2400,98.450,1900,98.500,2020-04-16,10:02:01,00,";
var hq_str_sh603259="药明康德,98.700,99.250,98.290,99.700,97.500,98.230,98.290,3076022,302108936.000,300,98.230,200,98.220,100,98.210,3000,98.200,200,98.180,300,98.290,200,98.300,300,98.360,1000,98.380,300,98.390,2020-04-16,10:02:57,00,";
var hq_str_sh603259="药明康德,98.700,99.250,98.540,99.700,97.500,98.540,98.600,3123722,306806828.000,1900,98.540,1600,98.530,800,98.520,300,98.510,900,98.480,39700,98.600,200,98.610,100,98.620,400,98.640,300,98.650,2020-04-16,10:04:00,00,";
var hq_str_sh603259="药明康德,98.700,99.250,98.550,99.700,97.500,98.560,98.570,3166222,310995008.000,2100,98.560,200,98.540,200,98.510,600,98.500,900,98.480,500,98.570,2200,98.580,2200,98.590,40600,98.600,400,98.640,2020-04-16,10:05:00,00,";
var hq_str_sh603259="药明康德,98.700,99.250,98.960,99.700,97.500,98.900,98.960,3328122,326958041.000,4700,98.900,200,98.880,500,98.760,100,98.720,800,98.710,3400,98.960,500,98.980,1300,98.990,22600,99.000,100,99.010,2020-04-16,10:05:57,00,";
var hq_str_sh603259="药明康德,98.700,99.250,98.980,99.700,97.500,98.970,98.980,3397922,333864190.000,100,98.970,100,98.960,2000,98.880,300,98.850,600,98.840,3500,98.980,4800,98.990,100,99.000,200,99.010,100,99.100,2020-04-16,10:06:58,00,";
var hq_str_sh603259="药明康德,98.700,99.250,98.820,99.700,97.500,98.800,98.820,3440322,338056885.000,13800,98.800,700,98.770,2100,98.720,1700,98.700,700,98.690,400,98.820,800,98.850,700,98.860,5400,98.880,1600,98.930,2020-04-16,10:07:57,00,";
var hq_str_sh603259="药明康德,98.700,99.250,98.940,99.700,97.500,98.940,98.980,3517198,345660575.000,1600,98.940,1300,98.850,600,98.840,5000,98.820,11400,98.800,200,98.980,2300,98.990,3100,99.000,200,99.010,100,99.100,2020-04-16,10:08:57,00,";
var hq_str_sh603259="药明康德,98.700,99.250,99.120,99.700,97.500,99.090,99.120,3557698,349673868.000,2500,99.090,5500,99.000,1300,98.990,3700,98.980,2000,98.920,500,99.120,100,99.150,200,99.160,600,99.170,2000,99.200,2020-04-16,10:09:58,00,";
var hq_str_sh603259="药明康德,98.700,99.250,99.000,99.700,97.500,99.000,99.090,3600598,353925405.000,500,99.000,1100,98.990,3800,98.980,400,98.940,500,98.850,400,99.090,200,99.120,6000,99.130,100,99.140,2100,99.150,2020-04-16,10:10:58,00,";
var hq_str_sh603259="药明康德,98.700,99.250,98.920,99.700,97.500,98.880,98.920,3628398,356677450.000,200,98.880,800,98.860,700,98.850,5400,98.840,4900,98.820,400,98.920,600,98.940,3100,98.980,200,98.990,5300,99.000,2020-04-16,10:12:01,00,";
var hq_str_sh603259="药明康德,98.700,99.250,98.550,99.700,97.500,98.500,98.550,3679098,361685349.000,800,98.500,100,98.450,2500,98.420,100,98.400,100,98.360,200,98.550,800,98.560,300,98.570,5000,98.580,1700,98.590,2020-04-16,10:13:01,00,";
var hq_str_sh603259="药明康德,98.700,99.250,98.510,99.700,97.500,98.500,98.510,3717698,365487759.000,3400,98.500,3400,98.490,100,98.470,18100,98.450,200,98.440,100,98.510,500,98.580,200,98.590,2900,98.630,100,98.680,2020-04-16,10:13:58,00,";
var hq_str_sh603259="药明康德,98.700,99.250,98.630,99.700,97.500,98.630,98.660,3747498,368425661.000,600,98.630,700,98.610,4400,98.600,200,98.580,100,98.550,300,98.660,3700,98.700,17400,98.800,800,98.840,200,98.920,2020-04-16,10:14:58,00,";
var hq_str_sh603259="药明康德,98.700,99.250,98.760,99.700,97.500,98.720,98.760,3778398,371477218.000,1400,98.720,1800,98.660,300,98.640,300,98.610,4900,98.600,700,98.760,7000,98.800,800,98.840,500,98.900,200,98.920,2020-04-16,10:15:58,00,";
var hq_str_sh603259="药明康德,98.700,99.250,98.400,99.700,97.500,98.400,98.490,3825698,376139998.000,4400,98.400,800,98.380,200,98.360,100,98.310,1000,98.280,700,98.490,1400,98.550,100,98.600,3200,98.640,400,98.660,2020-04-16,10:17:01,00,";
var hq_str_sh603259="药明康德,98.700,99.250,98.700,99.700,97.500,98.700,98.720,3853498,378880247.000,900,98.700,900,98.660,1800,98.650,3400,98.640,600,98.630,1800,98.720,3600,98.800,800,98.840,500,98.900,200,98.920,2020-04-16,10:17:58,00,";
var hq_str_sh603259="药明康德,98.700,99.250,98.720,99.700,97.500,98.720,98.730,3881798,381674088.000,1400,98.720,6100,98.710,10600,98.700,200,98.680,300,98.660,100,98.730,4000,98.760,3700,98.800,800,98.840,1500,98.900,2020-04-16,10:18:58,00,";
var hq_str_sh603259="药明康德,98.700,99.250,98.660,99.700,97.500,98.660,98.670,3919098,385356059.000,2000,98.660,2400,98.640,100,98.600,200,98.510,3300,98.500,200,98.670,200,98.690,3500,98.700,1000,98.750,3700,98.800,2020-04-16,10:19:58,00,";
var hq_str_sh603259="药明康德,98.700,99.250,98.780,99.700,97.500,98.780,98.800,3946198,388030893.000,900,98.780,600,98.770,800,98.760,200,98.750,200,98.740,3600,98.800,800,98.840,2500,98.900,200,98.920,2700,98.980,2020-04-16,10:21:01,00,";
var hq_str_sh603259="药明康德,98.700,99.250,98.990,99.700,97.500,98.910,98.990,3990298,392394314.000,1400,98.910,200,98.880,400,98.860,200,98.840,500,98.800,6000,98.990,500,99.020,400,99.040,200,99.050,100,99.070,2020-04-16,10:21:58,00,";
var hq_str_sh603259="药明康德,98.700,99.250,98.980,99.700,97.500,98.980,99.020,4011298,394472471.000,100,98.980,200,98.970,700,98.880,200,98.840,300,98.800,500,99.020,1000,99.040,1100,99.050,1600,99.070,1100,99.080,2020-04-16,10:22:58,00,";
var hq_str_sh603259="药明康德,98.700,99.250,98.980,99.700,97.500,98.970,98.980,4024598,395789154.000,300,98.970,100,98.960,200,98.930,300,98.880,200,98.840,2300,98.980,600,98.990,100,99.000,700,99.010,4800,99.020,2020-04-16,10:24:01,00,";
var hq_str_sh603259="药明康德,98.700,99.250,99.120,99.700,97.500,99.080,99.130,4068398,400127893.000,3200,99.080,700,99.070,100,99.060,2900,99.050,1700,99.010,100,99.130,1700,99.150,900,99.160,200,99.180,1300,99.190,2020-04-16,10:24:58,00,";
var hq_str_sh603259="药明康德,98.700,99.250,99.210,99.700,97.500,99.200,99.230,4101998,403460252.000,400,99.200,400,99.180,1100,99.160,3500,99.150,1100,99.140,300,99.230,3800,99.240,21200,99.250,100,99.280,1200,99.290,2020-04-16,10:25:58,00,";
var hq_str_sh603259="药明康德,98.700,99.250,99.150,99.700,97.500,99.140,99.160,4123098,405553484.000,600,99.140,100,99.130,500,99.100,200,99.090,100,99.080,3700,99.160,100,99.180,300,99.200,100,99.210,300,99.230,2020-04-16,10:26:58,00,";
var hq_str_sh603259="药明康德,98.700,99.250,99.000,99.700,97.500,99.000,99.010,4146048,407827452.000,500,99.000,700,98.980,100,98.970,200,98.840,700,98.800,300,99.010,300,99.020,800,99.030,3200,99.050,3700,99.060,2020-04-16,10:28:01,00,";
var hq_str_sh603259="药明康德,98.700,99.250,98.830,99.700,97.500,98.810,98.860,4168048,410003027.000,1500,98.810,800,98.800,300,98.790,2000,98.710,100,98.700,500,98.860,500,98.920,100,98.970,500,98.980,2000,99.000,2020-04-16,10:28:58,00,";
var hq_str_sh603259="药明康德,98.700,99.250,99.020,99.700,97.500,99.000,99.020,4186748,411853455.000,100,99.000,18900,98.990,300,98.970,600,98.950,200,98.930,100,99.020,300,99.030,2700,99.060,500,99.070,1200,99.080,2020-04-16,10:29:58,00,";
var hq_str_sh603259="药明康德,98.700,99.250,99.050,99.700,97.500,99.030,99.050,4200857,413250897.000,200,99.030,900,99.020,1900,99.010,800,99.000,18300,98.990,800,99.050,100,99.060,1100,99.070,900,99.080,900,99.090,2020-04-16,10:30:58,00,";
var hq_str_sh603259="药明康德,98.700,99.250,99.010,99.700,97.500,99.000,99.010,4230157,416152712.000,1500,99.000,18200,98.990,300,98.980,600,98.900,1000,98.890,3000,99.010,2300,99.020,1000,99.030,300,99.070,500,99.090,2020-04-16,10:32:01,00,";
var hq_str_sh603259="药明康德,98.700,99.250,99.020,99.700,97.500,99.000,99.020,4261157,419222705.000,1300,99.000,16100,98.990,200,98.980,100,98.900,1000,98.890,100,99.020,1300,99.030,900,99.080,600,99.110,300,99.150,2020-04-16,10:33:01,00,";
var hq_str_sh603259="药明康德,98.700,99.250,99.150,99.700,97.500,99.090,99.150,4284657,421550926.000,100,99.090,300,99.080,400,99.020,2300,99.000,16400,98.990,400,99.150,200,99.160,500,99.170,100,99.180,2400,99.200,2020-04-16,10:33:58,00,";
var hq_str_sh603259="药明康德,98.700,99.250,99.170,99.700,97.500,99.160,99.170,4310357,424099652.000,6500,99.160,200,99.150,100,99.140,100,99.090,200,99.080,1100,99.170,700,99.200,200,99.210,200,99.220,900,99.230,2020-04-16,10:35:01,00,";
var hq_str_sh603259="药明康德,98.700,99.250,99.000,99.700,97.500,98.990,99.000,4334457,426487648.000,15000,98.990,300,98.980,100,98.970,100,98.960,100,98.900,2700,99.000,200,99.050,200,99.080,2000,99.090,100,99.100,2020-04-16,10:35:58,00,";
var hq_str_sh603259="药明康德,98.700,99.250,99.110,99.700,97.500,99.080,99.090,4355757,428597640.000,200,99.080,1700,99.060,100,99.030,800,99.000,12000,98.990,600,99.090,5100,99.110,400,99.120,700,99.140,2100,99.150,2020-04-16,10:36:58,00,";
var hq_str_sh603259="药明康德,98.700,99.250,99.160,99.700,97.500,99.150,99.160,4387757,431769634.000,3300,99.150,800,99.140,100,99.130,99700,99.120,600,99.080,100,99.160,1100,99.170,2300,99.200,200,99.210,200,99.220,2020-04-16,10:38:01,00,";
var hq_str_sh603259="药明康德,98.700,99.250,99.180,99.700,97.500,99.170,99.180,4410857,434060902.000,200,99.170,1500,99.160,100,99.150,200,99.130,99600,99.120,300,99.180,3700,99.200,1000,99.220,3700,99.230,4900,99.240,2020-04-16,10:39:01,00,";
var hq_str_sh603259="药明康德,98.700,99.250,99.160,99.700,97.500,99.160,99.170,4429557,435915358.000,1000,99.160,100,99.150,300,99.140,300,99.130,100,99.100,300,99.170,4600,99.180,1000,99.190,1400,99.200,200,99.210,2020-04-16,10:39:58,00,";
var hq_str_sh603259="药明康德,98.700,99.250,99.170,99.700,97.500,99.130,99.170,4453757,438314636.000,6400,99.130,1000,99.100,400,99.080,1700,99.000,100,98.990,1700,99.170,1000,99.180,600,99.190,1400,99.200,200,99.210,2020-04-16,10:40:58,00,";
var hq_str_sh603259="药明康德,98.700,99.250,99.160,99.700,97.500,99.140,99.160,4475257,440447069.000,400,99.140,8800,99.130,1100,99.100,300,99.080,100,99.010,1800,99.160,700,99.170,1500,99.180,600,99.190,1000,99.200,2020-04-16,10:41:58,00,";
var hq_str_sh603259="药明康德,98.700,99.250,99.010,99.700,97.500,99.000,99.010,4521157,444996729.000,1700,99.000,100,98.990,700,98.980,200,98.900,1000,98.890,900,99.010,400,99.020,200,99.030,200,99.100,100,99.130,2020-04-16,10:43:01,00,";
var hq_str_sh603259="药明康德,98.700,99.250,99.100,99.700,97.500,99.000,99.100,4567157,449550408.000,53700,99.000,400,98.900,1000,98.890,1700,98.880,200,98.870,1000,99.100,100,99.130,500,99.140,2900,99.180,500,99.190,2020-04-16,10:43:58,00,";
var hq_str_sh603259="药明康德,98.700,99.250,99.000,99.700,97.500,99.020,99.080,4584757,451294020.000,1000,99.020,50600,99.000,700,98.970,100,98.940,1000,98.890,2600,99.080,10500,99.100,200,99.120,500,99.140,1600,99.150,2020-04-16,10:44:58,00,";
var hq_str_sh603259="药明康德,98.700,99.250,98.900,99.700,97.500,98.900,98.970,4651557,457907310.000,800,98.900,1000,98.890,1800,98.880,200,98.870,500,98.850,900,98.970,6400,98.980,100,98.990,19070,99.000,1500,99.010,2020-04-16,10:46:01,00,";
var hq_str_sh603259="药明康德,98.700,99.250,98.510,99.700,97.500,98.500,98.510,4691357,461835809.000,2800,98.500,200,98.450,200,98.430,200,98.410,300,98.400,2800,98.510,4700,98.520,400,98.540,400,98.590,500,98.630,2020-04-16,10:46:58,00,";
var hq_str_sh603259="药明康德,98.700,99.250,98.730,99.700,97.500,98.720,98.730,4744057,467029306.000,900,98.720,3900,98.630,2000,98.610,1100,98.590,200,98.580,200,98.730,100,98.740,100,98.750,300,98.760,100,98.800,2020-04-16,10:48:01,00,";
var hq_str_sh603259="药明康德,98.700,99.250,98.800,99.700,97.500,98.780,98.800,4757457,468353360.000,400,98.780,200,98.740,100,98.700,100,98.650,1700,98.640,600,98.800,1500,98.810,400,98.900,424,98.960,1100,98.970,2020-04-16,10:48:58,00,";
var hq_str_sh603259="药明康德,98.700,99.250,98.720,99.700,97.500,98.700,98.720,4770857,469677012.000,200,98.700,100,98.670,100,98.660,1700,98.640,5700,98.630,1100,98.720,900,98.730,3500,98.740,400,98.780,100,98.790,2020-04-16,10:49:58,00,";
var hq_str_sh603259="药明康德,98.700,99.250,98.800,99.700,97.500,98.740,98.800,4792657,471830131.000,100,98.740,100,98.720,100,98.710,400,98.700,100,98.680,15500,98.800,700,98.810,500,98.860,500,98.940,200,98.950,2020-04-16,10:50:58,00,";
var hq_str_sh603259="药明康德,98.700,99.250,98.710,99.700,97.500,98.710,98.730,4804157,472965294.000,900,98.710,2300,98.680,800,98.670,300,98.660,400,98.650,900,98.730,600,98.740,200,98.760,500,98.770,15100,98.800,2020-04-16,10:51:58,00,";
var hq_str_sh603259="药明康德,98.700,99.250,98.630,99.700,97.500,98.600,98.630,4831627,475675394.000,1500,98.600,200,98.580,100,98.570,500,98.550,100,98.540,9400,98.630,500,98.660,1300,98.680,1200,98.690,500,98.710,2020-04-16,10:52:58,00,";
var hq_str_sh603259="药明康德,98.700,99.250,98.530,99.700,97.500,98.530,98.550,4862527,478720708.000,5200,98.530,4400,98.520,500,98.510,900,98.500,400,98.450,200,98.550,300,98.560,100,98.570,500,98.580,300,98.590,2020-04-16,10:53:58,00,";
var hq_str_sh603259="药明康德,98.700,99.250,98.400,99.700,97.500,98.400,98.460,4950727,487408231.000,9600,98.400,100,98.380,400,98.360,1000,98.310,2300,98.300,100,98.460,100,98.490,1300,98.500,100,98.540,200,98.550,2020-04-16,10:54:58,00,";
var hq_str_sh603259="药明康德,98.700,99.250,98.310,99.700,97.500,98.300,98.310,4990527,491324266.000,3200,98.300,1100,98.280,700,98.270,200,98.260,500,98.250,100,98.310,1000,98.330,300,98.340,400,98.350,900,98.360,2020-04-16,10:55:58,00,";
var hq_str_sh603259="药明康德,98.700,99.250,98.330,99.700,97.500,98.330,98.340,5018327,494058152.000,39400,98.330,3600,98.320,1600,98.310,1800,98.300,1400,98.280,300,98.340,100,98.400,1000,98.420,400,98.490,2200,98.500,2020-04-16,10:56:58,00,";
var hq_str_sh603259="药明康德,98.700,99.250,98.370,99.700,97.500,98.360,98.370,5064727,498622062.000,3100,98.360,1100,98.350,400,98.340,38000,98.330,700,98.320,1100,98.370,300,98.390,100,98.420,400,98.490,1300,98.500,2020-04-16,10:57:58,00,";
var hq_str_sh603259="药明康德,98.700,99.250,98.350,99.700,97.500,98.350,98.360,5093427,501444732.000,700,98.350,38600,98.340,38000,98.330,900,98.320,300,98.310,3000,98.360,1300,98.370,400,98.390,200,98.420,400,98.490,2020-04-16,10:58:58,00,";
var hq_str_sh603259="药明康德,98.700,99.250,98.550,99.700,97.500,98.550,98.600,5121423,504200296.000,700,98.550,300,98.530,300,98.510,600,98.500,500,98.410,100,98.600,100,98.620,6700,98.630,100,98.690,900,98.730,2020-04-16,10:59:58,00,";
var hq_str_sh603259="药明康德,98.700,99.250,98.530,99.700,97.500,98.530,98.540,5134423,505480861.000,200,98.530,400,98.510,200,98.500,300,98.470,600,98.440,400,98.540,300,98.550,300,98.570,500,98.580,3600,98.600,2020-04-16,11:00:58,00,";
var hq_str_sh603259="药明康德,98.700,99.250,98.570,99.700,97.500,98.570,98.600,5152987,507310821.000,100,98.570,1400,98.550,400,98.500,100,98.450,500,98.440,400,98.600,600,98.610,100,98.620,6700,98.630,300,98.750,2020-04-16,11:01:58,00,";
var hq_str_sh603259="药明康德,98.700,99.250,98.730,99.700,97.500,98.720,98.760,5175187,509500873.000,100,98.720,100,98.700,100,98.690,100,98.670,200,98.630,400,98.760,1800,98.770,1100,98.780,1100,98.790,15100,98.800,2020-04-16,11:03:01,00,";
var hq_str_sh603259="药明康德,98.700,99.250,98.760,99.700,97.500,98.760,98.770,5187887,510755105.000,2200,98.760,200,98.730,100,98.710,100,98.690,200,98.680,7600,98.770,15200,98.800,1700,98.880,100,98.900,1500,98.920,2020-04-16,11:03:58,00,";
var hq_str_sh603259="药明康德,98.700,99.250,98.660,99.700,97.500,98.590,98.660,5204487,512394195.000,500,98.590,1000,98.560,2400,98.550,32600,98.500,400,98.450,1600,98.660,300,98.680,1600,98.690,3400,98.700,900,98.720,2020-04-16,11:04:58,00,";
var hq_str_sh603259="药明康德,98.700,99.250,98.560,99.700,97.500,98.560,98.610,5218987,513824586.000,2700,98.560,1500,98.550,200,98.510,300,98.500,300,98.450,300,98.610,200,98.660,100,98.670,1200,98.690,1700,98.700,2020-04-16,11:05:58,00,";
var hq_str_sh603259="药明康德,98.700,99.250,98.600,99.700,97.500,98.570,98.600,5264387,518299997.000,600,98.570,8100,98.560,1200,98.550,100,98.530,200,98.500,300,98.600,1200,98.640,6100,98.680,1200,98.690,1800,98.700,2020-04-16,11:07:01,00,";
var hq_str_sh603259="药明康德,98.700,99.250,98.670,99.700,97.500,98.670,98.680,5288287,520657668.000,1000,98.670,900,98.640,400,98.620,700,98.610,100,98.600,200,98.680,400,98.750,400,98.770,15300,98.800,200,98.880,2020-04-16,11:07:58,00,";
var hq_str_sh603259="药明康德,98.700,99.250,98.700,99.700,97.500,98.670,98.700,5299587,521772496.000,1800,98.670,300,98.620,700,98.600,200,98.590,1200,98.570,300,98.700,400,98.750,2200,98.770,700,98.780,15300,98.800,2020-04-16,11:09:01,00,";
var hq_str_sh603259="药明康德,98.700,99.250,98.760,99.700,97.500,98.760,98.770,5312011,522998754.000,976,98.760,900,98.750,1000,98.710,900,98.700,200,98.680,2000,98.770,1600,98.780,100,98.790,15300,98.800,9000,98.810,2020-04-16,11:09:58,00,";
var hq_str_sh603259="药明康德,98.700,99.250,99.000,99.700,97.500,98.990,99.000,5382711,529988055.000,1600,98.990,1200,98.980,200,98.940,300,98.920,100,98.880,1200,99.000,100,99.010,300,99.030,200,99.040,400,99.050,2020-04-16,11:11:01,00,";
var hq_str_sh603259="药明康德,98.700,99.250,98.960,99.700,97.500,98.920,98.940,5421811,533859572.000,300,98.920,100,98.880,200,98.810,4000,98.800,600,98.760,100,98.940,100,98.950,6200,98.960,1400,98.980,4800,98.990,2020-04-16,11:11:58,00,";
var hq_str_sh603259="药明康德,98.700,99.250,98.980,99.700,97.500,98.830,98.990,5436911,535353188.000,1500,98.830,1800,98.820,1700,98.810,4400,98.800,400,98.750,1900,98.990,8100,99.000,131,99.050,2000,99.060,1300,99.080,2020-04-16,11:12:58,00,";
var hq_str_sh603259="药明康德,98.700,99.250,98.870,99.700,97.500,98.870,98.900,5449011,536549946.000,1100,98.870,100,98.860,600,98.830,800,98.820,2000,98.810,1300,98.900,900,98.980,700,98.990,7900,99.000,400,99.030,2020-04-16,11:14:01,00,";
var hq_str_sh603259="药明康德,98.700,99.250,98.730,99.700,97.500,98.730,98.750,5471211,538743746.000,1000,98.730,500,98.720,1700,98.710,600,98.700,100,98.680,300,98.750,300,98.760,5000,98.800,300,98.810,1300,98.820,2020-04-16,11:14:58,00,";
var hq_str_sh603259="药明康德,98.700,99.250,98.730,99.700,97.500,98.730,98.740,5532411,544789734.000,2900,98.730,300,98.700,700,98.600,900,98.560,1100,98.550,100,98.740,1600,98.760,700,98.780,200,98.800,1500,98.810,2020-04-16,11:16:01,00,";
var hq_str_sh603259="药明康德,98.700,99.250,98.700,99.700,97.500,98.700,98.710,5558611,547375224.000,4900,98.700,200,98.640,100,98.610,400,98.600,100,98.580,400,98.710,10700,98.730,5200,98.750,1200,98.780,900,98.800,2020-04-16,11:16:58,00,";
var hq_str_sh603259="药明康德,98.700,99.250,98.690,99.700,97.500,98.660,98.690,5598211,551283276.000,1000,98.660,100,98.630,3700,98.560,1100,98.550,100,98.500,600,98.690,12400,98.700,900,98.710,100,98.720,8300,98.730,2020-04-16,11:18:01,00,";
var hq_str_sh603259="药明康德,98.700,99.250,98.670,99.700,97.500,98.670,98.680,5613411,552783080.000,2100,98.670,200,98.640,1000,98.560,1100,98.550,100,98.500,1700,98.680,2700,98.690,10800,98.700,100,98.720,8300,98.730,2020-04-16,11:18:58,00,";
var hq_str_sh603259="药明康德,98.700,99.250,98.560,99.700,97.500,98.560,98.580,5635111,554922296.000,4600,98.560,100,98.540,100,98.530,100,98.500,500,98.450,500,98.580,100,98.640,1700,98.660,1000,98.690,10800,98.700,2020-04-16,11:20:01,00,";
var hq_str_sh603259="药明康德,98.700,99.250,98.510,99.700,97.500,98.510,98.520,5651911,556577549.000,2600,98.510,700,98.500,100,98.480,100,98.450,100,98.440,1200,98.520,1700,98.660,100,98.670,1000,98.690,10800,98.700,2020-04-16,11:21:01,00,";
var hq_str_sh603259="药明康德,98.700,99.250,98.520,99.700,97.500,98.450,98.520,5667311,558094824.000,100,98.450,100,98.440,1100,98.430,100,98.420,200,98.410,900,98.520,300,98.590,700,98.670,1100,98.690,10800,98.700,2020-04-16,11:21:58,00,";
var hq_str_sh603259="药明康德,98.700,99.250,98.510,99.700,97.500,98.510,98.600,5685011,559837942.000,1300,98.510,600,98.450,100,98.440,400,98.420,1200,98.410,400,98.600,10600,98.700,200,98.720,8300,98.730,5200,98.750,2020-04-16,11:22:58,00,";
var hq_str_sh603259="药明康德,98.700,99.250,98.450,99.700,97.500,98.450,98.530,5704311,561738792.000,100,98.450,8500,98.440,17100,98.430,1000,98.410,2200,98.400,700,98.530,800,98.610,5100,98.690,10600,98.700,200,98.720,2020-04-16,11:23:58,00,";
var hq_str_sh603259="药明康德,98.700,99.250,98.460,99.700,97.500,98.460,98.470,5714411,562733506.000,500,98.460,1100,98.450,8600,98.440,17100,98.430,1000,98.410,300,98.470,300,98.480,900,98.510,100,98.520,1000,98.570,2020-04-16,11:25:01,00,";
var hq_str_sh603259="药明康德,98.700,99.250,98.550,99.700,97.500,98.550,98.580,5725711,563846694.000,1200,98.550,500,98.540,400,98.490,7200,98.480,500,98.470,700,98.580,1200,98.620,500,98.680,5100,98.690,10600,98.700,2020-04-16,11:25:58,00,";
var hq_str_sh603259="药明康德,98.700,99.250,98.520,99.700,97.500,98.480,98.500,5757011,566932974.000,6600,98.480,500,98.470,100,98.460,900,98.450,100,98.440,30300,98.500,1200,98.520,9600,98.600,1600,98.610,200,98.640,2020-04-16,11:27:01,00,";
var hq_str_sh603259="药明康德,98.700,99.250,98.370,99.700,97.500,98.370,98.400,5810011,572150315.000,1100,98.370,600,98.360,1200,98.350,100,98.340,37400,98.330,7100,98.400,3100,98.410,600,98.430,900,98.450,1100,98.470,2020-04-16,11:27:58,00,";
var hq_str_sh603259="药明康德,98.700,99.250,98.290,99.700,97.500,98.280,98.290,5890811,580095615.000,1800,98.280,300,98.270,200,98.260,200,98.250,400,98.230,600,98.290,1900,98.320,1000,98.330,200,98.340,1100,98.390,2020-04-16,11:28:58,00,";
var hq_str_sh603259="药明康德,98.700,99.250,98.250,99.700,97.500,98.250,98.260,5922911,583249824.000,4300,98.250,100,98.200,100,98.190,300,98.180,500,98.160,300,98.260,600,98.280,200,98.290,200,98.330,1100,98.390,2020-04-16,11:29:58,00,";
var hq_str_sh603259="药明康德,98.700,99.250,98.250,99.700,97.500,98.250,98.260,5923311,583289124.000,3900,98.250,300,98.200,100,98.190,300,98.180,500,98.160,300,98.260,600,98.280,200,98.330,1100,98.390,200,98.410,2020-04-16,11:30:00,00,";
var hq_str_sh603259="药明康德,98.700,99.250,98.270,99.700,97.500,98.270,98.430,6017111,592504974.000,800,98.270,800,98.250,1300,98.220,800,98.200,1800,98.160,100,98.430,900,98.450,27600,98.500,200,98.560,6800,98.600,2020-04-16,13:00:58,00,";
var hq_str_sh603259="药明康德,98.700,99.250,98.140,99.700,97.500,98.140,98.210,6042611,595009987.000,200,98.140,200,98.120,700,98.110,2700,98.100,4000,98.080,2600,98.210,800,98.220,2100,98.250,300,98.270,100,98.310,2020-04-16,13:01:58,00,";
var hq_str_sh603259="药明康德,98.700,99.250,98.230,99.700,97.500,98.210,98.230,6089571,599620995.000,100,98.210,2200,98.200,300,98.180,200,98.170,500,98.130,200,98.230,1400,98.250,1600,98.290,2000,98.430,1600,98.490,2020-04-16,13:02:56,00,";
var hq_str_sh603259="药明康德,98.700,99.250,98.240,99.700,97.500,98.240,98.330,6128071,603402812.000,400,98.240,2800,98.230,200,98.210,22100,98.200,300,98.180,400,98.330,1300,98.430,1600,98.490,27600,98.500,200,98.560,2020-04-16,13:03:58,00,";
var hq_str_sh603259="药明康德,98.700,99.250,98.090,99.700,97.500,98.080,98.090,6231271,613534358.000,4600,98.080,3000,98.070,1100,98.060,600,98.050,600,98.040,1900,98.090,2600,98.100,300,98.120,300,98.130,400,98.150,2020-04-16,13:04:58,00,";
var hq_str_sh603259="药明康德,98.700,99.250,98.160,99.700,97.500,98.150,98.160,6391071,629209943.000,100,98.150,100,98.130,400,98.110,100,98.090,300,98.070,800,98.160,100,98.470,700,98.480,1600,98.490,27600,98.500,2020-04-16,13:05:58,00,";
var hq_str_sh603259="药明康德,98.700,99.250,98.160,99.700,97.500,98.150,98.160,6428471,632881790.000,300,98.150,200,98.140,200,98.120,100,98.110,5900,98.100,2700,98.160,600,98.170,300,98.190,400,98.200,1300,98.230,2020-04-16,13:06:58,00,";
var hq_str_sh603259="药明康德,98.700,99.250,98.060,99.700,97.500,98.060,98.080,6478771,637817327.000,6700,98.060,110000,98.050,100,98.030,300,98.020,4700,98.010,1600,98.080,1100,98.090,100,98.100,1000,98.130,2700,98.240,2020-04-16,13:08:01,00,";
var hq_str_sh603259="药明康德,98.700,99.250,98.100,99.700,97.500,98.090,98.110,6538971,643723649.000,600,98.090,100,98.080,700,98.070,8700,98.060,110400,98.050,1000,98.110,200,98.190,2000,98.280,1000,98.320,1300,98.460,2020-04-16,13:08:58,00,";
var hq_str_sh603259="药明康德,98.700,99.250,98.170,99.700,97.500,98.170,98.180,6584971,648239082.000,1100,98.170,1400,98.160,100,98.130,4700,98.120,5900,98.110,400,98.180,100,98.210,1500,98.330,1000,98.370,600,98.460,2020-04-16,13:10:01,00,";
var hq_str_sh603259="药明康德,98.700,99.250,98.370,99.700,97.500,98.300,98.330,6629971,652661985.000,600,98.300,5700,98.280,200,98.270,3500,98.250,1300,98.240,500,98.330,2900,98.370,200,98.450,600,98.460,100,98.470,2020-04-16,13:10:58,00,";
var hq_str_sh603259="药明康德,98.700,99.250,98.410,99.700,97.500,98.340,98.410,6716071,661135494.000,3600,98.340,10500,98.330,900,98.300,700,98.290,1700,98.280,600,98.410,300,98.470,100,98.480,1800,98.500,200,98.560,2020-04-16,13:11:58,00,";
var hq_str_sh603259="药明康德,98.700,99.250,98.270,99.700,97.500,98.270,98.280,6791671,668570590.000,1700,98.270,200,98.250,1000,98.240,200,98.230,1800,98.200,6100,98.280,1000,98.290,1100,98.300,600,98.310,1500,98.320,2020-04-16,13:12:58,00,";
var hq_str_sh603259="药明康德,98.700,99.250,98.230,99.700,97.500,98.220,98.230,6878271,677078932.000,3300,98.220,2300,98.210,200,98.150,500,98.130,700,98.120,1100,98.230,1500,98.260,2600,98.310,1400,98.350,100,98.360,2020-04-16,13:13:58,00,";
var hq_str_sh603259="药明康德,98.700,99.250,98.110,99.700,97.500,98.130,98.200,6962771,685373172.000,100,98.130,600,98.110,9900,98.090,100,98.080,5800,98.060,10900,98.200,300,98.310,400,98.350,100,98.360,1600,98.420,2020-04-16,13:14:58,00,";
var hq_str_sh603259="药明康德,98.700,99.250,98.530,99.700,97.500,98.500,98.510,7056971,694624092.000,8900,98.500,300,98.360,1300,98.230,300,98.220,600,98.180,800,98.510,2300,98.530,1700,98.560,1000,98.580,7300,98.600,2020-04-16,13:15:58,00,";
var hq_str_sh603259="药明康德,98.700,99.250,98.200,99.700,97.500,98.200,98.210,7099021,698757116.000,3950,98.200,200,98.140,25700,98.100,3500,98.090,2400,98.080,400,98.210,400,98.220,200,98.240,800,98.250,700,98.290,2020-04-16,13:16:58,00,";
var hq_str_sh603259="药明康德,98.700,99.250,98.080,99.700,97.500,98.080,98.090,7254621,714030647.000,34800,98.080,200,98.070,5300,98.060,1000,98.050,400,98.030,7000,98.090,4100,98.100,1400,98.110,1800,98.120,300,98.140,2020-04-16,13:17:58,00,";
var hq_str_sh603259="药明康德,98.700,99.250,98.080,99.700,97.500,98.060,98.070,7345221,722917357.000,3700,98.060,900,98.050,1100,98.030,1200,98.020,12900,98.010,2400,98.070,1800,98.080,600,98.100,1200,98.110,100,98.120,2020-04-16,13:18:58,00,";
var hq_str_sh603259="药明康德,98.700,99.250,98.210,99.700,97.500,98.200,98.210,7406721,728951509.000,24400,98.200,600,98.100,200,98.070,1800,98.060,900,98.050,800,98.210,1300,98.260,2000,98.420,3600,98.430,100,98.480,2020-04-16,13:19:58,00,";
var hq_str_sh603259="药明康德,98.700,99.250,98.100,99.700,97.500,98.100,98.110,7485721,736705243.000,1100,98.100,500,98.090,800,98.080,8800,98.070,600,98.060,400,98.110,300,98.120,900,98.150,1000,98.190,200,98.200,2020-04-16,13:20:58,00,";
var hq_str_sh603259="药明康德,98.700,99.250,98.030,99.700,97.500,98.030,98.040,7519421,740010230.000,3000,98.030,4600,98.020,13300,98.010,160800,98.000,1600,97.990,1500,98.040,800,98.070,3500,98.080,800,98.090,100,98.100,2020-04-16,13:21:58,00,";
var hq_str_sh603259="药明康德,98.700,99.250,98.090,99.700,97.500,98.080,98.090,7573521,745314645.000,100,98.080,900,98.050,2600,98.040,100,98.030,400,98.020,800,98.090,200,98.200,1200,98.210,5400,98.220,100,98.260,2020-04-16,13:22:58,00,";
var hq_str_sh603259="药明康德,98.700,99.250,98.010,99.700,97.500,98.000,98.010,7699921,757703824.000,117700,98.000,2500,97.990,1300,97.980,700,97.970,200,97.960,500,98.010,2200,98.030,2400,98.050,100,98.080,200,98.100,2020-04-16,13:23:58,00,";
var hq_str_sh603259="药明康德,98.700,99.250,98.030,99.700,97.500,98.020,98.030,7801663,767675502.000,200,98.020,10500,98.010,63358,98.000,2800,97.990,1200,97.980,1600,98.030,5400,98.040,200,98.050,100,98.080,200,98.100,2020-04-16,13:24:58,00,";
var hq_str_sh603259="药明康德,98.700,99.250,98.060,99.700,97.500,98.050,98.060,7875913,774955596.000,1600,98.050,500,98.040,2700,98.030,2300,98.020,9150,98.010,4300,98.060,200,98.150,500,98.220,1000,98.320,1100,98.340,2020-04-16,13:25:58,00,";
var hq_str_sh603259="药明康德,98.700,99.250,98.490,99.700,97.500,98.480,98.490,7921913,779478208.000,100,98.480,200,98.450,300,98.430,100,98.410,2800,98.400,1300,98.490,2000,98.500,600,98.520,200,98.530,400,98.550,2020-04-16,13:26:59,00,";
var hq_str_sh603259="药明康德,98.700,99.250,98.400,99.700,97.500,98.350,98.400,7959213,783150935.000,400,98.350,100,98.300,200,98.280,300,98.220,300,98.110,2300,98.400,400,98.480,11800,98.500,1900,98.510,100,98.520,2020-04-16,13:27:59,00,";
var hq_str_sh603259="药明康德,98.700,99.250,98.380,99.700,97.500,98.370,98.380,7989613,786140350.000,200,98.370,100,98.340,9000,98.100,100,98.080,3200,98.060,800,98.380,1500,98.400,100,98.420,1800,98.430,1800,98.440,2020-04-16,13:28:59,00,";
var hq_str_sh603259="药明康德,98.700,99.250,98.530,99.700,97.500,98.500,98.530,8047413,791831164.000,8000,98.500,400,98.470,100,98.450,400,98.440,1100,98.430,100,98.530,2400,98.550,400,98.560,1300,98.580,3900,98.600,2020-04-16,13:29:59,00,";
var hq_str_sh603259="药明康德,98.700,99.250,98.630,99.700,97.500,98.630,98.640,8091613,796188814.000,4000,98.630,300,98.590,800,98.560,300,98.550,200,98.530,700,98.640,1700,98.650,200,98.680,700,98.690,20700,98.700,2020-04-16,13:30:59,00,";
var hq_str_sh603259="药明康德,98.700,99.250,98.660,99.700,97.500,98.660,98.680,8122813,799267389.000,600,98.660,900,98.630,1400,98.600,100,98.590,600,98.560,1000,98.680,1200,98.690,14700,98.700,100,98.720,8400,98.730,2020-04-16,13:31:59,00,";
var hq_str_sh603259="药明康德,98.700,99.250,98.720,99.700,97.500,98.700,98.720,8167523,803679617.000,3100,98.700,1000,98.680,600,98.670,1890,98.660,100,98.650,300,98.720,8200,98.730,5000,98.750,1900,98.780,100,98.790,2020-04-16,13:32:59,00,";
var hq_str_sh603259="药明康德,98.700,99.250,98.710,99.700,97.500,98.700,98.710,8216823,808546707.000,2700,98.700,100,98.690,500,98.670,990,98.660,100,98.650,1200,98.710,700,98.720,500,98.770,300,98.780,13500,98.790,2020-04-16,13:33:59,00,";
var hq_str_sh603259="药明康德,98.700,99.250,98.610,99.700,97.500,98.600,98.610,8244623,811288333.000,23900,98.600,2100,98.580,8800,98.560,13700,98.530,200,98.520,1800,98.610,900,98.620,1200,98.630,300,98.650,1100,98.660,2020-04-16,13:34:59,00,";
var hq_str_sh603259="药明康德,98.700,99.250,98.690,99.700,97.500,98.670,98.680,8263923,813192202.000,3600,98.670,600,98.650,3000,98.630,1100,98.620,900,98.610,600,98.680,1600,98.700,1300,98.710,1100,98.750,500,98.770,2020-04-16,13:35:59,00,";
var hq_str_sh603259="药明康德,98.700,99.250,98.660,99.700,97.500,98.660,98.670,8279023,814682256.000,3400,98.660,800,98.650,3100,98.630,1100,98.620,900,98.610,2500,98.670,3100,98.680,1100,98.690,1800,98.710,1100,98.750,2020-04-16,13:36:59,00,";
var hq_str_sh603259="药明康德,98.700,99.250,98.610,99.700,97.500,98.600,98.610,8301123,816862478.000,600,98.600,4300,98.580,8500,98.560,10000,98.530,100,98.520,1200,98.610,100,98.620,5200,98.640,100,98.660,1400,98.680,2020-04-16,13:37:59,00,";
var hq_str_sh603259="药明康德,98.700,99.250,98.610,99.700,97.500,98.600,98.610,8325023,819219153.000,13500,98.600,100,98.590,3700,98.580,600,98.570,8000,98.530,100,98.610,200,98.620,100,98.630,1000,98.640,1300,98.680,2020-04-16,13:38:59,00,";
var hq_str_sh603259="药明康德,98.700,99.250,98.600,99.700,97.500,98.600,98.610,8345223,821211146.000,12700,98.600,100,98.590,3700,98.580,600,98.570,3700,98.530,2000,98.610,300,98.640,100,98.670,1100,98.680,200,98.690,2020-04-16,13:39:57,00,";
var hq_str_sh603259="药明康德,98.700,99.250,98.740,99.700,97.500,98.680,98.740,8370423,823697178.000,1400,98.680,200,98.670,500,98.660,100,98.650,800,98.610,2200,98.740,2800,98.750,300,98.760,1900,98.770,6200,98.780,2020-04-16,13:40:59,00,";
var hq_str_sh603259="药明康德,98.700,99.250,98.710,99.700,97.500,98.690,98.710,8408723,827478050.000,300,98.690,200,98.680,100,98.650,200,98.610,6600,98.600,800,98.710,100,98.720,7300,98.730,800,98.740,3800,98.750,2020-04-16,13:41:59,00,";
var hq_str_sh603259="药明康德,98.700,99.250,98.620,99.700,97.500,98.630,98.660,8431623,829737132.000,3800,98.630,2300,98.620,700,98.610,6000,98.600,100,98.590,300,98.660,1000,98.700,2000,98.730,300,98.740,3500,98.750,2020-04-16,13:42:59,00,";
var hq_str_sh603259="药明康德,98.700,99.250,98.700,99.700,97.500,98.690,98.700,8465223,833053227.000,100,98.690,2400,98.680,300,98.650,200,98.640,500,98.630,11800,98.700,2300,98.730,200,98.740,700,98.750,300,98.760,2020-04-16,13:43:59,00,";
var hq_str_sh603259="药明康德,98.700,99.250,98.570,99.700,97.500,98.550,98.570,8504323,836910542.000,11200,98.550,100,98.530,100,98.520,15200,98.500,2000,98.480,3500,98.570,10300,98.600,1000,98.670,4700,98.690,5200,98.700,2020-04-16,13:44:59,00,";
var hq_str_sh603259="药明康德,98.700,99.250,98.500,99.700,97.500,98.500,98.520,8564523,842840650.000,7500,98.500,100,98.420,1300,98.400,100,98.380,2000,98.370,1500,98.520,300,98.550,1000,98.560,1100,98.570,11300,98.600,2020-04-16,13:45:59,00,";
var hq_str_sh603259="药明康德,98.700,99.250,98.450,99.700,97.500,98.450,98.460,8601723,846503176.000,4300,98.450,5500,98.420,7100,98.400,100,98.380,100,98.370,600,98.460,1500,98.480,1200,98.500,2400,98.520,100,98.540,2020-04-16,13:46:59,00,";
var hq_str_sh603259="药明康德,98.700,99.250,98.380,99.700,97.500,98.370,98.380,8640923,850361891.000,1000,98.370,800,98.350,2500,98.330,6200,98.300,2100,98.280,1600,98.380,300,98.390,22400,98.400,1300,98.430,100,98.500,2020-04-16,13:47:59,00,";
var hq_str_sh603259="药明康德,98.700,99.250,98.300,99.700,97.500,98.300,98.330,8693323,855517382.000,6000,98.300,2100,98.280,200,98.270,1000,98.250,100,98.210,2700,98.330,500,98.340,1600,98.370,1600,98.390,300,98.400,2020-04-16,13:48:59,00,";
var hq_str_sh603259="药明康德,98.700,99.250,98.220,99.700,97.500,98.220,98.230,8719823,858121677.000,2400,98.220,3700,98.200,500,98.180,500,98.170,500,98.150,400,98.230,100,98.280,1200,98.290,24800,98.300,200,98.310,2020-04-16,13:49:59,00,";
var hq_str_sh603259="药明康德,98.700,99.250,98.400,99.700,97.500,98.310,98.350,8779923,864028800.000,4100,98.310,1100,98.300,700,98.290,100,98.250,2700,98.230,900,98.350,5300,98.400,20100,98.500,100,98.540,200,98.590,2020-04-16,13:50:59,00,";
var hq_str_sh603259="药明康德,98.700,99.250,98.500,99.700,97.500,98.500,98.510,8830823,869041509.000,100,98.500,200,98.490,7200,98.450,500,98.440,600,98.430,1400,98.510,200,98.530,10000,98.600,100,98.650,2400,98.680,2020-04-16,13:51:59,00,";
var hq_str_sh603259="药明康德,98.700,99.250,98.700,99.700,97.500,98.680,98.700,8882423,874129192.000,300,98.680,1500,98.630,16800,98.600,1500,98.580,200,98.560,12500,98.700,500,98.730,100,98.740,700,98.750,100,98.760,2020-04-16,13:52:59,00,";
var hq_str_sh603259="药明康德,98.700,99.250,98.610,99.700,97.500,98.600,98.610,8944223,880226721.000,9500,98.600,1300,98.580,100,98.560,100,98.540,10100,98.510,700,98.610,100,98.640,2500,98.650,100,98.660,600,98.670,2020-04-16,13:53:59,00,";
var hq_str_sh603259="药明康德,98.700,99.250,98.520,99.700,97.500,98.520,98.530,8969923,882759812.000,1400,98.520,600,98.510,1800,98.500,200,98.460,7500,98.450,300,98.530,1700,98.580,100,98.590,300,98.610,1000,98.640,2020-04-16,13:54:59,00,";
var hq_str_sh603259="药明康德,98.700,99.250,98.540,99.700,97.500,98.540,98.590,8987723,884514619.000,300,98.540,1000,98.530,400,98.520,500,98.510,1700,98.500,300,98.590,300,98.600,1000,98.610,1300,98.620,200,98.640,2020-04-16,13:55:59,00,";
var hq_str_sh603259="药明康德,98.700,99.250,98.550,99.700,97.500,98.550,98.590,9003823,886101708.000,2800,98.550,100,98.540,800,98.530,600,98.520,500,98.510,2900,98.590,18600,98.600,800,98.620,200,98.640,1700,98.650,2020-04-16,13:56:59,00,";
var hq_str_sh603259="药明康德,98.700,99.250,98.550,99.700,97.500,98.550,98.570,9017323,887432304.000,500,98.550,500,98.540,800,98.530,100,98.520,500,98.510,2100,98.570,200,98.580,2000,98.590,18800,98.600,100,98.620,2020-04-16,13:57:59,00,";
var hq_str_sh603259="药明康德,98.700,99.250,98.400,99.700,97.500,98.400,98.420,9056723,891312455.000,600,98.400,200,98.370,100,98.350,200,98.340,100,98.320,6700,98.420,200,98.430,600,98.480,1600,98.500,3100,98.570,2020-04-16,13:58:59,00,";
var hq_str_sh603259="药明康德,98.700,99.250,98.490,99.700,97.500,98.460,98.470,9078723,893478394.000,400,98.460,1000,98.450,300,98.440,200,98.430,5000,98.420,800,98.470,400,98.480,4100,98.490,2500,98.500,100,98.510,2020-04-16,13:59:59,00,";
var hq_str_sh603259="药明康德,98.700,99.250,98.700,99.700,97.500,98.660,98.680,9159723,901463929.000,200,98.660,100,98.550,600,98.500,900,98.490,200,98.480,100,98.680,2700,98.710,300,98.730,200,98.740,900,98.750,2020-04-16,14:00:59,00,";
var hq_str_sh603259="药明康德,98.700,99.250,98.550,99.700,97.500,98.540,98.550,9176523,903119908.000,500,98.540,1100,98.530,200,98.520,100,98.510,100,98.500,500,98.550,1900,98.560,300,98.580,100,98.610,9000,98.620,2020-04-16,14:01:57,00,";
var hq_str_sh603259="药明康德,98.700,99.250,98.520,99.700,97.500,98.510,98.520,9218423,907251072.000,400,98.510,100,98.500,100,98.490,300,98.480,100,98.470,4000,98.520,2400,98.530,200,98.540,200,98.580,900,98.590,2020-04-16,14:02:59,00,";
var hq_str_sh603259="药明康德,98.700,99.250,98.450,99.700,97.500,98.450,98.460,9228123,908206344.000,200,98.450,800,98.440,600,98.430,4900,98.420,500,98.400,700,98.460,2500,98.470,9500,98.480,11100,98.500,100,98.520,2020-04-16,14:03:59,00,";
var hq_str_sh603259="药明康德,98.700,99.250,98.400,99.700,97.500,98.400,98.410,9240323,909407122.000,700,98.400,600,98.390,900,98.380,500,98.370,100,98.350,1700,98.410,200,98.430,2000,98.450,9400,98.480,11100,98.500,2020-04-16,14:04:57,00,";
var hq_str_sh603259="药明康德,98.700,99.250,98.390,99.700,97.500,98.380,98.390,9251023,910459924.000,2100,98.380,900,98.370,200,98.350,200,98.340,300,98.320,700,98.390,1200,98.400,1300,98.410,1000,98.420,200,98.430,2020-04-16,14:05:59,00,";
var hq_str_sh603259="药明康德,98.700,99.250,98.300,99.700,97.500,98.300,98.310,9265123,911846206.000,500,98.300,2500,98.290,400,98.280,900,98.270,1100,98.260,100,98.310,100,98.390,1300,98.400,1300,98.410,1000,98.420,2020-04-16,14:06:57,00,";
var hq_str_sh603259="药明康德,98.700,99.250,98.280,99.700,97.500,98.270,98.280,9289123,914204903.000,16200,98.270,800,98.260,900,98.250,200,98.240,900,98.230,300,98.280,1000,98.290,1000,98.300,500,98.390,1300,98.400,2020-04-16,14:07:59,00,";
var hq_str_sh603259="药明康德,98.700,99.250,98.410,99.700,97.500,98.410,98.420,9303823,915650342.000,1500,98.410,1700,98.400,100,98.390,700,98.370,100,98.340,1000,98.420,2000,98.450,400,98.460,9400,98.480,9600,98.500,2020-04-16,14:08:59,00,";
var hq_str_sh603259="药明康德,98.700,99.250,98.360,99.700,97.500,98.350,98.360,9329823,918208843.000,500,98.350,200,98.340,100,98.330,3600,98.310,7900,98.300,200,98.360,1100,98.370,1000,98.390,8000,98.400,300,98.450,2020-04-16,14:09:59,00,";
var hq_str_sh603259="药明康德,98.700,99.250,98.400,99.700,97.500,98.390,98.400,9348023,919999610.000,500,98.390,200,98.380,300,98.370,200,98.360,1200,98.350,2900,98.400,400,98.420,200,98.430,900,98.440,300,98.450,2020-04-16,14:10:59,00,";
var hq_str_sh603259="药明康德,98.700,99.250,98.310,99.700,97.500,98.310,98.380,9376923,922840691.000,600,98.310,12600,98.300,2300,98.280,13500,98.270,200,98.250,700,98.380,300,98.390,3200,98.430,9400,98.480,10000,98.500,2020-04-16,14:11:59,00,";
var hq_str_sh603259="药明康德,98.700,99.250,98.380,99.700,97.500,98.350,98.370,9381343,923275413.000,400,98.350,1300,98.340,700,98.330,4180,98.310,12000,98.300,1100,98.370,200,98.390,1900,98.420,3300,98.430,9400,98.480,2020-04-16,14:12:59,00,";
var hq_str_sh603259="药明康德,98.700,99.250,98.310,99.700,97.500,98.300,98.310,9410723,926164623.000,3900,98.300,3100,98.280,12700,98.270,200,98.250,2800,98.240,920,98.310,3000,98.320,500,98.330,7100,98.350,1700,98.380,2020-04-16,14:13:59,00,";
var hq_str_sh603259="药明康德,98.700,99.250,98.300,99.700,97.500,98.280,98.290,9423823,927452387.000,2600,98.280,12900,98.270,200,98.250,3000,98.240,900,98.230,400,98.290,200,98.300,100,98.310,3620,98.320,500,98.330,2020-04-16,14:14:59,00,";
var hq_str_sh603259="药明康德,98.700,99.250,98.300,99.700,97.500,98.280,98.290,9447723,929802256.000,1600,98.280,2700,98.270,400,98.250,3600,98.240,900,98.230,300,98.290,20325,98.300,1000,98.340,400,98.360,3300,98.430,2020-04-16,14:15:59,00,";
var hq_str_sh603259="药明康德,98.700,99.250,98.240,99.700,97.500,98.240,98.250,9464923,931492612.000,2100,98.240,700,98.230,800,98.220,800,98.210,1900,98.200,2300,98.250,1200,98.270,400,98.280,1000,98.290,16725,98.300,2020-04-16,14:16:59,00,";
var hq_str_sh603259="药明康德,98.700,99.250,98.240,99.700,97.500,98.240,98.270,9490723,934027203.000,300,98.240,1800,98.220,800,98.210,4000,98.200,1300,98.190,1400,98.270,1000,98.290,16725,98.300,1000,98.340,100,98.410,2020-04-16,14:17:59,00,";
var hq_str_sh603259="药明康德,98.700,99.250,98.200,99.700,97.500,98.190,98.240,9521323,937032584.000,700,98.190,6800,98.180,900,98.170,200,98.160,5900,98.150,700,98.240,15925,98.300,1000,98.340,100,98.410,300,98.430,2020-04-16,14:18:59,00,";
var hq_str_sh603259="药明康德,98.700,99.250,98.220,99.700,97.500,98.210,98.300,9546623,939517594.000,16700,98.210,1300,98.200,2900,98.190,7000,98.180,2400,98.170,14325,98.300,1000,98.340,100,98.410,300,98.430,9400,98.480,2020-04-16,14:19:59,00,";
var hq_str_sh603259="药明康德,98.700,99.250,98.380,99.700,97.500,98.370,98.380,9592923,944070086.000,1100,98.370,400,98.340,300,98.330,600,98.320,400,98.300,800,98.380,700,98.400,1300,98.410,3100,98.430,300,98.470,2020-04-16,14:20:59,00,";
var hq_str_sh603259="药明康德,98.700,99.250,98.340,99.700,97.500,98.340,98.350,9604423,945201014.000,400,98.340,100,98.320,100,98.300,100,98.290,200,98.280,1600,98.350,1306,98.360,500,98.370,300,98.390,700,98.400,2020-04-16,14:21:59,00,";
var hq_str_sh603259="药明康德,98.700,99.250,98.300,99.700,97.500,98.300,98.310,9620123,946744343.000,2100,98.300,600,98.280,400,98.270,400,98.260,500,98.250,1700,98.310,500,98.320,8000,98.330,100,98.340,1200,98.350,2020-04-16,14:23:02,00,";
var hq_str_sh603259="药明康德,98.700,99.250,98.360,99.700,97.500,98.360,98.370,9641929,948888330.000,294,98.360,400,98.330,400,98.320,1100,98.310,500,98.300,2500,98.370,300,98.390,200,98.400,4700,98.480,400,98.490,2020-04-16,14:23:59,00,";
var hq_str_sh603259="药明康德,98.700,99.250,98.350,99.700,97.500,98.350,98.360,9671023,951749431.000,500,98.350,1400,98.330,1700,98.320,600,98.300,900,98.280,3406,98.360,300,98.390,200,98.400,100,98.410,4700,98.480,2020-04-16,14:24:59,00,";
var hq_str_sh603259="药明康德,98.700,99.250,98.390,99.700,97.500,98.360,98.370,9685729,953195777.000,3194,98.360,500,98.350,1200,98.340,11900,98.330,1600,98.320,400,98.370,200,98.400,100,98.410,200,98.450,4700,98.480,2020-04-16,14:25:59,00,";
var hq_str_sh603259="药明康德,98.700,99.250,98.450,99.700,97.500,98.420,98.450,9709429,955528140.000,2900,98.420,1100,98.410,1700,98.400,500,98.390,100,98.380,100,98.450,4400,98.480,1500,98.490,13640,98.500,400,98.550,2020-04-16,14:26:59,00,";
var hq_str_sh603259="药明康德,98.700,99.250,98.450,99.700,97.500,98.440,98.450,9750329,959555426.000,500,98.440,700,98.430,3100,98.420,4000,98.410,1700,98.400,200,98.450,1000,98.460,600,98.470,10200,98.500,100,98.560,2020-04-16,14:27:59,00,";
var hq_str_sh603259="药明康德,98.700,99.250,98.420,99.700,97.500,98.410,98.420,9777329,962213887.000,4100,98.410,2600,98.400,400,98.390,400,98.380,200,98.360,2800,98.420,1000,98.430,400,98.440,1200,98.460,100,98.550,2020-04-16,14:28:59,00,";
var hq_str_sh603259="药明康德,98.700,99.250,98.320,99.700,97.500,98.310,98.320,9795129,963965100.000,300,98.310,1000,98.300,1200,98.290,300,98.280,600,98.270,1700,98.320,300,98.330,2800,98.340,1100,98.350,1800,98.370,2020-04-16,14:29:59,00,";
var hq_str_sh603259="药明康德,98.700,99.250,98.350,99.700,97.500,98.340,98.350,9823929,966797406.000,400,98.340,400,98.330,700,98.310,1100,98.300,1200,98.290,800,98.350,100,98.400,2500,98.420,400,98.430,400,98.440,2020-04-16,14:30:59,00,";
var hq_str_sh603259="药明康德,98.700,99.250,98.280,99.700,97.500,98.290,98.300,9843429,968714619.000,700,98.290,1400,98.280,800,98.270,1000,98.260,2800,98.250,900,98.300,200,98.310,7300,98.340,900,98.350,1640,98.400,2020-04-16,14:31:59,00,";
var hq_str_sh603259="药明康德,98.700,99.250,98.260,99.700,97.500,98.260,98.290,9857349,970082631.000,200,98.260,2500,98.250,200,98.240,3300,98.220,300,98.210,1757,98.290,900,98.300,7200,98.340,400,98.350,2040,98.400,2020-04-16,14:32:59,00,";
var hq_str_sh603259="药明康德,98.700,99.250,98.260,99.700,97.500,98.250,98.260,9879449,972254289.000,500,98.250,1400,98.240,10200,98.220,600,98.210,5300,98.200,747,98.260,1900,98.280,1657,98.290,2800,98.300,5700,98.340,2020-04-16,14:33:59,00,";
var hq_str_sh603259="药明康德,98.700,99.250,98.260,99.700,97.500,98.270,98.280,9900596,974332148.000,300,98.270,1153,98.260,10000,98.250,11200,98.240,400,98.230,200,98.280,1557,98.290,2800,98.300,5700,98.340,400,98.350,2020-04-16,14:34:59,00,";
var hq_str_sh603259="药明康德,98.700,99.250,98.260,99.700,97.500,98.250,98.270,9924396,976670680.000,3253,98.250,10700,98.240,100,98.230,10300,98.220,400,98.210,1400,98.270,300,98.280,1557,98.290,2900,98.300,5700,98.340,2020-04-16,14:35:59,00,";
var hq_str_sh603259="药明康德,98.700,99.250,98.240,99.700,97.500,98.240,98.250,9945049,978699893.000,9900,98.240,100,98.230,10500,98.220,400,98.210,6100,98.200,700,98.250,2800,98.260,1100,98.270,300,98.280,1557,98.290,2020-04-16,14:36:59,00,";
var hq_str_sh603259="药明康德,98.700,99.250,98.250,99.700,97.500,98.240,98.250,9973149,981460656.000,1500,98.240,3700,98.230,10400,98.220,900,98.210,6500,98.200,100,98.250,300,98.280,1557,98.290,3000,98.300,5700,98.340,2020-04-16,14:37:59,00,";
var hq_str_sh603259="药明康德,98.700,99.250,98.240,99.700,97.500,98.240,98.260,9985249,982649478.000,2500,98.240,4200,98.230,11300,98.220,900,98.210,6700,98.200,100,98.260,1100,98.270,200,98.280,1557,98.290,3400,98.300,2020-04-16,14:38:59,00,";
var hq_str_sh603259="药明康德,98.700,99.250,98.320,99.700,97.500,98.320,98.330,10013006,985377324.000,800,98.320,200,98.290,100,98.260,1700,98.250,7243,98.240,800,98.330,5700,98.340,300,98.350,2940,98.400,1000,98.410,2020-04-16,14:39:59,00,";
var hq_str_sh603259="药明康德,98.700,99.250,98.460,99.700,97.500,98.440,98.460,10054846,989493845.000,3300,98.440,500,98.430,300,98.390,400,98.370,700,98.360,400,98.460,600,98.470,100,98.490,21100,98.500,100,98.560,2020-04-16,14:40:59,00,";
var hq_str_sh603259="药明康德,98.700,99.250,98.470,99.700,97.500,98.470,98.480,10073246,991305358.000,600,98.470,100,98.440,1500,98.430,200,98.410,1500,98.400,9600,98.480,2800,98.490,21100,98.500,100,98.580,1100,98.590,2020-04-16,14:41:59,00,";
var hq_str_sh603259="药明康德,98.700,99.250,98.440,99.700,97.500,98.380,98.400,10100846,994022275.000,1800,98.380,700,98.370,900,98.360,1100,98.350,300,98.340,200,98.400,100,98.410,200,98.460,1500,98.470,3000,98.480,2020-04-16,14:42:59,00,";
var hq_str_sh603259="药明康德,98.700,99.250,98.320,99.700,97.500,98.310,98.320,10126046,996501098.000,300,98.310,4500,98.300,200,98.290,800,98.280,200,98.270,3100,98.320,300,98.330,3500,98.360,200,98.370,300,98.380,2020-04-16,14:43:59,00,";
var hq_str_sh603259="药明康德,98.700,99.250,98.290,99.700,97.500,98.280,98.290,10155846,999430439.000,100,98.280,1300,98.260,3800,98.250,3143,98.240,2700,98.230,200,98.290,1200,98.300,1300,98.310,2200,98.320,900,98.360,2020-04-16,14:44:59,00,";
var hq_str_sh603259="药明康德,98.700,99.250,98.260,99.700,97.500,98.250,98.260,10193446,1003126017.000,5400,98.250,3243,98.240,7800,98.230,3300,98.220,1400,98.210,29300,98.260,2300,98.290,5500,98.300,400,98.310,2200,98.320,2020-04-16,14:45:57,00,";
var hq_str_sh603259="药明康德,98.700,99.250,98.210,99.700,97.500,98.200,98.210,10286089,1012227027.000,20600,98.200,2100,98.190,1100,98.180,100,98.170,2300,98.160,4700,98.210,100,98.220,5100,98.240,2857,98.260,4200,98.300,2020-04-16,14:46:59,00,";
var hq_str_sh603259="药明康德,98.700,99.250,98.170,99.700,97.500,98.170,98.180,10361989,1019680186.000,2800,98.170,2400,98.160,1100,98.150,200,98.130,500,98.120,4100,98.180,300,98.190,2100,98.200,100,98.230,2357,98.260,2020-04-16,14:48:02,00,";
var hq_str_sh603259="药明康德,98.700,99.250,98.260,99.700,97.500,98.240,98.260,10388946,1022327598.000,3100,98.240,300,98.230,2143,98.220,700,98.210,1700,98.200,100,98.260,300,98.270,300,98.280,700,98.290,7600,98.300,2020-04-16,14:48:59,00,";
var hq_str_sh603259="药明康德,98.700,99.250,98.280,99.700,97.500,98.270,98.280,10418446,1025226258.000,100,98.270,700,98.260,4000,98.250,300,98.240,3000,98.230,500,98.280,3200,98.290,13200,98.300,1300,98.320,900,98.360,2020-04-16,14:49:59,00,";
var hq_str_sh603259="药明康德,98.700,99.250,98.220,99.700,97.500,98.220,98.230,10470389,1030328750.000,300,98.220,3600,98.200,1100,98.190,1500,98.180,400,98.170,457,98.230,800,98.240,100,98.250,900,98.260,1600,98.270,2020-04-16,14:50:59,00,";
var hq_str_sh603259="药明康德,98.700,99.250,98.250,99.700,97.500,98.220,98.250,10524489,1035642503.000,300,98.220,400,98.210,4800,98.200,4900,98.180,200,98.170,857,98.250,1500,98.260,1600,98.270,1900,98.280,4600,98.290,2020-04-16,14:51:59,00,";
var hq_str_sh603259="药明康德,98.700,99.250,98.110,99.700,97.500,98.110,98.120,10574489,1040551320.000,12100,98.110,6200,98.100,100,98.090,1300,98.080,700,98.070,5700,98.120,200,98.130,100,98.140,5800,98.150,100,98.160,2020-04-16,14:52:59,00,";
var hq_str_sh603259="药明康德,98.700,99.250,98.010,99.700,97.500,98.010,98.030,10678189,1050720448.000,2350,98.010,63100,98.000,1200,97.990,800,97.980,400,97.950,200,98.030,300,98.040,300,98.050,1300,98.070,100,98.080,2020-04-16,14:53:57,00,";
var hq_str_sh603259="药明康德,98.700,99.250,98.080,99.700,97.500,98.080,98.100,10746793,1057446487.000,300,98.080,700,98.060,16096,98.050,1300,98.040,2500,98.030,1000,98.100,2500,98.110,500,98.120,100,98.140,100,98.160,2020-04-16,14:54:59,00,";
var hq_str_sh603259="药明康德,98.700,99.250,98.030,99.700,97.500,98.020,98.030,10816993,1064329463.000,2600,98.020,14450,98.010,66800,98.000,1600,97.990,1200,97.980,300,98.030,3000,98.040,6800,98.050,3800,98.060,1200,98.070,2020-04-16,14:55:59,00,";
var hq_str_sh603259="药明康德,98.700,99.250,98.050,99.700,97.500,98.060,98.070,10937474,1076140225.000,1900,98.060,819,98.020,3600,98.010,57550,98.000,1600,97.990,2918,98.070,100,98.080,500,98.090,900,98.100,500,98.120,2020-04-16,14:56:59,00,";
var hq_str_sh603259="药明康德,98.700,99.250,98.060,99.700,97.500,98.050,98.050,10938274,1076218673.000,101946,98.050,454,0.000,0,0.000,0,0.000,0,0.000,101946,98.050,0,0.000,0,0.000,0,0.000,0,0.000,2020-04-16,14:57:59,00,";
var hq_str_sh603259="药明康德,98.700,99.250,98.060,99.700,97.500,98.070,98.070,10938274,1076218673.000,133464,98.070,5136,0.000,0,0.000,0,0.000,0,0.000,133464,98.070,0,0.000,0,0.000,0,0.000,0,0.000,2020-04-16,14:58:59,00,";
