var hq_str_sh603259="药明康德,109.970,109.660,109.970,109.970,109.970,109.960,109.970,39000,4288830.000,5200,109.960,4100,109.950,500,109.780,7100,109.750,200,109.700,400,109.970,1300,109.980,1880,109.990,1500,110.000,100,110.060,2020-12-11,09:29:52,00,";
var hq_str_sh603259="药明康德,109.970,109.660,110.280,110.280,109.700,110.280,110.400,128576,14133372.000,100,110.280,1700,110.200,1400,110.190,3300,110.180,200,110.150,5100,110.400,100,110.430,700,110.450,100,110.470,300,110.480,2020-12-11,09:30:58,00,";
var hq_str_sh603259="药明康德,109.970,109.660,109.900,110.400,109.700,109.810,109.890,187276,20592865.000,500,109.810,200,109.790,500,109.780,500,109.750,500,109.720,100,109.890,1300,109.900,200,109.920,300,109.940,3300,109.990,2020-12-11,09:31:58,00,";
var hq_str_sh603259="药明康德,109.970,109.660,109.700,110.400,109.390,109.640,109.680,228776,25140542.000,200,109.640,3000,109.600,500,109.560,700,109.550,500,109.540,100,109.680,5500,109.700,100,109.720,100,109.760,7800,109.790,2020-12-11,09:32:58,00,";
var hq_str_sh603259="药明康德,109.970,109.660,109.690,110.400,109.390,109.690,109.700,302576,33241620.000,700,109.690,300,109.680,700,109.670,2200,109.600,100,109.590,2000,109.700,600,109.740,100,109.860,100,109.880,100,109.900,2020-12-11,09:33:58,00,";
var hq_str_sh603259="药明康德,109.970,109.660,109.990,110.400,109.390,109.910,109.990,342876,37663653.000,100,109.910,3900,109.870,900,109.860,2600,109.850,100,109.810,300,109.990,2200,110.000,300,110.010,100,110.020,100,110.080,2020-12-11,09:34:58,00,";
var hq_str_sh603259="药明康德,109.970,109.660,109.930,110.400,109.390,110.130,110.150,459376,50482654.000,100,110.130,100,110.010,200,109.950,5900,109.940,200,109.930,3000,110.150,600,110.180,200,110.300,100,110.350,200,110.360,2020-12-11,09:35:58,00,";
var hq_str_sh603259="药明康德,109.970,109.660,109.720,110.400,109.390,109.730,109.750,516076,56716572.000,100,109.730,2500,109.700,2100,109.680,600,109.660,1000,109.630,100,109.750,1100,109.780,400,109.810,100,109.890,900,109.980,2020-12-11,09:36:59,00,";
var hq_str_sh603259="药明康德,109.970,109.660,109.750,110.400,109.390,109.750,109.760,566676,62270788.000,200,109.750,2700,109.730,2000,109.720,1400,109.700,100,109.680,100,109.760,400,109.770,100,109.780,400,109.790,2700,109.800,2020-12-11,09:37:58,00,";
var hq_str_sh603259="药明康德,109.970,109.660,109.360,110.400,109.330,109.340,109.360,610876,67111223.000,800,109.340,200,109.330,700,109.300,500,109.270,500,109.240,100,109.360,200,109.390,900,109.400,2800,109.410,600,109.420,2020-12-11,09:38:59,00,";
var hq_str_sh603259="药明康德,109.970,109.660,109.600,110.400,109.300,109.450,109.600,671505,73741865.000,300,109.450,100,109.410,1700,109.400,1700,109.390,371,109.380,400,109.600,100,109.810,100,109.820,100,109.840,100,109.850,2020-12-11,09:39:59,00,";
var hq_str_sh603259="药明康德,109.970,109.660,109.550,110.400,109.300,109.520,109.550,712705,78254687.000,1900,109.520,3800,109.510,1100,109.500,2000,109.480,2600,109.470,900,109.550,100,109.600,100,109.610,700,109.680,1300,109.790,2020-12-11,09:40:59,00,";
var hq_str_sh603259="药明康德,109.970,109.660,110.080,110.400,109.300,110.080,110.090,775005,85097496.000,2900,110.080,400,110.040,100,110.010,12400,110.000,2400,109.900,100,110.090,3200,110.150,700,110.180,10100,110.200,1000,110.260,2020-12-11,09:41:59,00,";
var hq_str_sh603259="药明康德,109.970,109.660,110.000,110.400,109.300,109.900,110.000,839305,92170832.000,600,109.900,6700,109.890,200,109.850,100,109.810,300,109.760,500,110.000,200,110.090,5400,110.100,200,110.110,900,110.130,2020-12-11,09:42:59,00,";
var hq_str_sh603259="药明康德,109.970,109.660,109.800,110.400,109.300,109.770,109.780,901105,98962655.000,3300,109.770,200,109.760,100,109.730,200,109.680,500,109.660,1000,109.780,100,109.790,10080,109.800,200,109.910,500,110.000,2020-12-11,09:43:53,00,";
var hq_str_sh603259="药明康德,109.970,109.660,109.800,110.400,109.300,109.800,109.810,960685,105504505.000,1300,109.800,400,109.790,2000,109.780,5000,109.770,200,109.760,480,109.810,1900,109.890,100,109.990,600,110.000,100,110.010,2020-12-11,09:44:59,00,";
var hq_str_sh603259="药明康德,109.970,109.660,109.850,110.400,109.300,109.840,109.920,993785,109140170.000,700,109.840,1100,109.830,1100,109.820,400,109.810,8320,109.800,900,109.920,100,109.930,2000,109.980,4000,110.000,100,110.010,2020-12-11,09:45:59,00,";
var hq_str_sh603259="药明康德,109.970,109.660,109.600,110.400,109.300,109.580,109.600,1078305,118411940.000,900,109.580,1300,109.570,600,109.510,1200,109.500,4200,109.480,4600,109.600,700,109.720,700,109.740,2000,109.790,100,109.800,2020-12-11,09:46:59,00,";
var hq_str_sh603259="药明康德,109.970,109.660,109.710,110.400,109.300,109.710,109.770,1113218,122239623.000,700,109.710,7100,109.660,18900,109.650,800,109.620,5100,109.610,100,109.770,2300,109.830,100,109.840,600,109.860,100,109.920,2020-12-11,09:47:59,00,";
var hq_str_sh603259="药明康德,109.970,109.660,109.740,110.400,109.300,109.750,109.760,1192238,130913515.000,1000,109.750,2100,109.740,300,109.720,200,109.710,1600,109.680,300,109.760,100,109.770,300,109.780,1000,109.800,800,109.830,2020-12-11,09:48:59,00,";
var hq_str_sh603259="药明康德,109.970,109.660,109.980,110.400,109.300,109.980,109.990,1238558,136005378.000,1400,109.980,300,109.970,1300,109.900,800,109.880,2100,109.870,700,109.990,2700,110.000,2500,110.010,100,110.020,2100,110.060,2020-12-11,09:49:59,00,";
var hq_str_sh603259="药明康德,109.970,109.660,110.400,110.400,109.300,110.400,110.410,1376458,151206886.000,5900,110.400,2000,110.280,3000,110.260,100,110.250,200,110.240,700,110.410,100,110.430,1500,110.450,300,110.480,1000,110.490,2020-12-11,09:50:59,00,";
var hq_str_sh603259="药明康德,109.970,109.660,110.420,110.450,109.300,110.400,110.420,1476985,162301033.000,2673,110.400,2900,110.390,8600,110.350,1100,110.340,100,110.320,600,110.420,100,110.440,100,110.470,400,110.480,1100,110.490,2020-12-11,09:51:59,00,";
var hq_str_sh603259="药明康德,109.970,109.660,110.660,110.760,109.300,110.660,110.670,1570985,172695574.000,1800,110.660,500,110.650,800,110.610,1100,110.600,100,110.580,3900,110.670,1400,110.680,1100,110.690,10200,110.700,200,110.710,2020-12-11,09:52:59,00,";
var hq_str_sh603259="药明康德,109.970,109.660,110.600,110.760,109.300,110.450,110.480,1687785,185617057.000,1900,110.450,500,110.440,100,110.420,700,110.400,900,110.360,100,110.480,600,110.500,300,110.600,7000,110.650,6112,110.660,2020-12-11,09:53:59,00,";
var hq_str_sh603259="药明康德,109.970,109.660,110.340,110.760,109.300,110.320,110.340,1734685,190793623.000,100,110.320,9900,110.300,500,110.290,200,110.280,300,110.250,4100,110.340,600,110.350,300,110.360,100,110.370,100,110.400,2020-12-11,09:54:59,00,";
var hq_str_sh603259="药明康德,109.970,109.660,110.090,110.760,109.300,110.090,110.110,1793985,197332435.000,4800,110.090,500,110.080,200,110.060,500,110.050,5100,110.020,100,110.110,500,110.140,400,110.150,100,110.160,400,110.170,2020-12-11,09:55:59,00,";
var hq_str_sh603259="药明康德,109.970,109.660,110.190,110.760,109.300,110.210,110.220,1839285,202319409.000,400,110.210,1500,110.150,300,110.140,100,110.120,500,110.110,100,110.220,2000,110.240,100,110.250,700,110.280,2500,110.300,2020-12-11,09:56:59,00,";
var hq_str_sh603259="药明康德,109.970,109.660,110.210,110.760,109.300,110.180,110.210,1872185,205943464.000,700,110.180,300,110.120,10100,110.100,100,110.090,500,110.080,1100,110.210,1300,110.240,400,110.250,300,110.280,3300,110.300,2020-12-11,09:57:59,00,";
var hq_str_sh603259="药明康德,109.970,109.660,110.100,110.760,109.300,110.090,110.100,1902185,209247030.000,400,110.090,500,110.080,700,110.070,1400,110.060,1000,110.050,2200,110.100,1200,110.110,1700,110.130,1000,110.140,200,110.170,2020-12-11,09:58:59,00,";
var hq_str_sh603259="药明康德,109.970,109.660,109.900,110.760,109.300,109.900,109.940,1964385,216090569.000,6600,109.900,500,109.870,200,109.850,500,109.840,400,109.820,700,109.940,200,109.950,400,109.960,900,109.980,400,109.990,2020-12-11,09:59:59,00,";
var hq_str_sh603259="药明康德,109.970,109.660,109.810,110.760,109.300,109.810,109.820,1996385,219606121.000,8400,109.810,10800,109.800,1900,109.780,500,109.750,300,109.740,400,109.820,200,109.840,1900,109.850,100,109.890,3100,109.900,2020-12-11,10:00:59,00,";
var hq_str_sh603259="药明康德,109.970,109.660,109.780,110.760,109.300,109.810,109.860,2066185,227272120.000,100,109.810,900,109.780,500,109.750,300,109.740,500,109.720,900,109.860,1000,109.880,800,109.890,3100,109.900,2700,109.920,2020-12-11,10:01:59,00,";
var hq_str_sh603259="药明康德,109.970,109.660,109.760,110.760,109.300,109.760,109.840,2082385,229050663.000,2600,109.760,1800,109.750,300,109.740,500,109.720,700,109.710,100,109.840,100,109.850,100,109.860,500,109.870,700,109.880,2020-12-11,10:02:59,00,";
var hq_str_sh603259="药明康德,109.970,109.660,109.830,110.760,109.300,109.830,109.840,2110985,232189855.000,200,109.830,100,109.720,2600,109.710,11300,109.700,500,109.690,500,109.840,100,109.850,500,109.870,1500,109.880,100,109.890,2020-12-11,10:03:59,00,";
var hq_str_sh603259="药明康德,109.970,109.660,109.660,110.760,109.300,109.650,109.660,2168485,238500189.000,2000,109.650,100,109.630,400,109.620,100,109.610,4000,109.600,1200,109.660,200,109.700,200,109.710,1000,109.790,100,109.800,2020-12-11,10:04:59,00,";
var hq_str_sh603259="药明康德,109.970,109.660,109.790,110.760,109.300,109.790,109.800,2217485,243871487.000,100,109.790,100,109.640,400,109.630,1600,109.620,400,109.600,100,109.800,1300,109.840,100,109.850,500,109.870,1500,109.880,2020-12-11,10:05:59,00,";
var hq_str_sh603259="药明康德,109.970,109.660,109.960,110.760,109.300,109.930,109.960,2241085,246464048.000,400,109.930,1800,109.910,1100,109.900,2300,109.880,200,109.840,1200,109.960,700,109.980,1000,109.990,1100,110.000,157,110.040,2020-12-11,10:06:59,00,";
var hq_str_sh603259="药明康德,109.970,109.660,110.000,110.760,109.300,110.000,110.010,2303285,253304029.000,15900,110.000,100,109.900,100,109.880,200,109.840,100,109.820,200,110.010,557,110.040,8600,110.050,1300,110.080,2500,110.100,2020-12-11,10:07:59,00,";
var hq_str_sh603259="药明康德,109.970,109.660,110.190,110.760,109.300,110.000,110.190,2341885,257552867.000,14100,110.000,200,109.900,100,109.820,8100,109.800,100,109.790,2500,110.190,5500,110.200,3600,110.250,100,110.260,1000,110.280,2020-12-11,10:08:59,00,";
var hq_str_sh603259="药明康德,109.970,109.660,110.120,110.760,109.300,110.050,110.120,2374185,261108541.000,300,110.050,1900,110.010,14000,110.000,300,109.900,1200,109.820,300,110.120,2400,110.140,100,110.150,200,110.180,100,110.190,2020-12-11,10:09:59,00,";
var hq_str_sh603259="药明康德,109.970,109.660,109.900,110.760,109.300,109.900,110.000,2408685,264903972.000,100,109.900,1200,109.820,8100,109.800,100,109.790,100,109.750,1300,110.000,1500,110.010,300,110.030,800,110.050,900,110.080,2020-12-11,10:10:59,00,";
var hq_str_sh603259="药明康德,109.970,109.660,110.200,110.760,109.300,110.210,110.250,2445385,268939252.000,2600,110.210,6300,110.200,1800,110.120,100,110.080,2300,110.030,1300,110.250,100,110.260,800,110.280,1300,110.290,1600,110.300,2020-12-11,10:11:59,00,";
var hq_str_sh603259="药明康德,109.970,109.660,110.480,110.760,109.300,110.400,110.470,2487785,273619810.000,2300,110.400,600,110.370,200,110.360,5700,110.340,44800,110.280,100,110.470,200,110.480,3000,110.490,3100,110.500,100,110.510,2020-12-11,10:12:59,00,";
var hq_str_sh603259="药明康德,109.970,109.660,110.540,110.760,109.300,110.510,110.610,2544885,279931671.000,2600,110.510,800,110.500,1700,110.490,1800,110.480,100,110.470,200,110.610,1800,110.620,300,110.630,400,110.640,2700,110.650,2020-12-11,10:13:59,00,";
var hq_str_sh603259="药明康德,109.970,109.660,110.850,110.850,109.300,110.820,110.870,2625351,288839543.000,600,110.820,3500,110.800,4100,110.770,1700,110.760,828,110.750,1662,110.870,9220,110.880,100,110.890,25500,110.900,700,110.920,2020-12-11,10:14:59,00,";
var hq_str_sh603259="药明康德,109.970,109.660,110.950,110.980,109.300,110.890,110.970,2754851,303200417.000,300,110.890,3800,110.880,800,110.870,3000,110.860,2900,110.820,700,110.970,590,110.980,5700,110.990,48200,111.000,200,111.010,2020-12-11,10:15:59,00,";
var hq_str_sh603259="药明康德,109.970,109.660,111.090,111.110,109.300,111.080,111.090,2882641,317386914.000,400,111.080,200,111.070,1400,111.060,100,111.050,300,111.030,100,111.090,1500,111.100,5900,111.110,100,111.120,100,111.130,2020-12-11,10:16:59,00,";
var hq_str_sh603259="药明康德,109.970,109.660,111.000,111.110,109.300,110.990,111.000,2937051,323428102.000,400,110.990,100,110.980,100,110.970,700,110.960,2300,110.930,190,111.000,500,111.010,700,111.020,900,111.030,1900,111.050,2020-12-11,10:17:59,00,";
var hq_str_sh603259="药明康德,109.970,109.660,111.070,111.110,109.300,111.010,111.070,2984641,328711458.000,2700,111.010,1110,111.000,1400,110.990,300,110.980,600,110.960,400,111.070,10100,111.100,6400,111.110,100,111.120,100,111.130,2020-12-11,10:18:59,00,";
var hq_str_sh603259="药明康德,109.970,109.660,111.180,111.190,109.300,111.180,111.190,3028841,333622486.000,500,111.180,300,111.170,2600,111.160,6200,111.150,1300,111.130,13300,111.190,9500,111.200,1100,111.210,100,111.220,100,111.230,2020-12-11,10:19:59,00,";
var hq_str_sh603259="药明康德,109.970,109.660,111.200,111.210,109.300,111.200,111.210,3092541,340705363.000,100,111.200,1000,111.190,800,111.180,1900,111.160,5900,111.150,200,111.210,100,111.220,100,111.230,500,111.250,100,111.260,2020-12-11,10:20:59,00,";
var hq_str_sh603259="药明康德,109.970,109.660,111.310,111.310,109.300,111.300,111.310,3126141,344444094.000,1400,111.300,900,111.290,7300,111.280,800,111.270,500,111.250,3300,111.310,1000,111.320,400,111.350,900,111.360,1600,111.380,2020-12-11,10:21:59,00,";
var hq_str_sh603259="药明康德,109.970,109.660,111.660,111.660,109.300,111.660,111.680,3239341,357066229.000,100,111.660,4500,111.650,1900,111.600,800,111.580,600,111.570,2000,111.680,600,111.690,5600,111.700,100,111.710,300,111.720,2020-12-11,10:22:59,00,";
var hq_str_sh603259="药明康德,109.970,109.660,111.780,111.860,109.300,111.790,111.800,3346241,369015786.000,100,111.790,800,111.780,5500,111.720,1600,111.700,500,111.680,400,111.800,200,111.820,600,111.830,16500,111.850,2900,111.860,2020-12-11,10:23:59,00,";
var hq_str_sh603259="药明康德,109.970,109.660,111.540,111.860,109.300,111.540,111.590,3392241,374154314.000,100,111.540,200,111.530,100,111.520,500,111.510,189500,111.500,1400,111.590,1500,111.600,200,111.640,2500,111.650,300,111.660,2020-12-11,10:24:59,00,";
var hq_str_sh603259="药明康德,109.970,109.660,111.740,111.860,109.300,111.760,111.770,3470041,382841788.000,100,111.760,600,111.730,300,111.720,100,111.700,100,111.660,500,111.770,700,111.780,10100,111.800,100,111.820,200,111.830,2020-12-11,10:25:59,00,";
var hq_str_sh603259="药明康德,109.970,109.660,111.620,111.860,109.300,111.600,111.660,3506041,386861905.000,100,111.600,200,111.520,1900,111.510,190200,111.500,200,111.380,1600,111.660,500,111.710,800,111.720,1900,111.730,200,111.750,2020-12-11,10:26:59,00,";
var hq_str_sh603259="药明康德,109.970,109.660,111.600,111.860,109.300,111.600,111.610,3570521,394054910.000,1600,111.600,500,111.570,3400,111.550,300,111.540,600,111.530,100,111.610,100,111.650,1400,111.660,500,111.690,2500,111.700,2020-12-11,10:27:59,00,";
var hq_str_sh603259="药明康德,109.970,109.660,111.820,111.860,109.300,111.820,111.830,3677541,406008205.000,43800,111.820,300,111.810,100,111.740,1000,111.730,200,111.700,1000,111.830,3100,111.850,3500,111.860,1300,111.870,4000,111.880,2020-12-11,10:28:59,00,";
var hq_str_sh603259="药明康德,109.970,109.660,111.580,111.880,109.300,111.500,111.580,3772141,416581598.000,173620,111.500,100,111.390,200,111.380,300,111.300,200,111.280,2300,111.580,500,111.630,100,111.730,100,111.750,200,111.760,2020-12-11,10:29:59,00,";
var hq_str_sh603259="药明康德,109.970,109.660,111.160,111.880,109.300,111.160,111.470,4074061,450222227.000,700,111.160,4400,111.150,6500,111.130,400,111.120,400,111.110,100,111.470,1300,111.480,100,111.490,82080,111.500,800,111.510,2020-12-11,10:30:59,00,";
var hq_str_sh603259="药明康德,109.970,109.660,111.280,111.880,109.300,111.280,111.300,4111061,454338822.000,700,111.280,2200,111.260,200,111.250,3500,111.240,3500,111.220,12000,111.300,200,111.370,1600,111.390,2000,111.400,200,111.450,2020-12-11,10:31:59,00,";
var hq_str_sh603259="药明康德,109.970,109.660,111.180,111.880,109.300,111.180,111.250,4162861,460102460.000,200,111.180,2400,111.160,200,111.150,500,111.130,300,111.120,200,111.250,100,111.280,100,111.290,500,111.300,100,111.320,2020-12-11,10:32:59,00,";
var hq_str_sh603259="药明康德,109.970,109.660,111.300,111.880,109.300,111.300,111.370,4224961,467012809.000,4500,111.300,300,111.290,500,111.260,900,111.250,1300,111.240,200,111.370,100,111.410,100,111.440,400,111.450,1600,111.470,2020-12-11,10:33:59,00,";
var hq_str_sh603259="药明康德,109.970,109.660,111.500,111.880,109.300,111.500,111.540,4343141,480185757.000,2420,111.500,2100,111.410,2000,111.390,2900,111.350,400,111.340,8200,111.540,100,111.580,1000,111.600,100,111.650,400,111.680,2020-12-11,10:34:59,00,";
var hq_str_sh603259="药明康德,109.970,109.660,111.500,111.880,109.300,111.500,111.530,4394761,485941152.000,700,111.500,700,111.490,1800,111.460,100,111.450,100,111.440,600,111.530,200,111.550,1680,111.580,1000,111.600,1000,111.640,2020-12-11,10:35:59,00,";
var hq_str_sh603259="药明康德,109.970,109.660,111.530,111.880,109.300,111.530,111.550,4410261,487669744.000,800,111.530,1100,111.510,3100,111.500,2300,111.490,1000,111.460,9000,111.550,100,111.560,700,111.570,2980,111.580,1000,111.600,2020-12-11,10:36:59,00,";
var hq_str_sh603259="药明康德,109.970,109.660,111.330,111.880,109.300,111.300,111.390,4439961,490980956.000,100,111.300,100,111.290,500,111.240,900,111.220,1000,111.200,1100,111.390,1700,111.400,100,111.410,300,111.430,400,111.450,2020-12-11,10:37:59,00,";
var hq_str_sh603259="药明康德,109.970,109.660,111.300,111.880,109.300,111.220,111.370,4481761,495634874.000,500,111.220,2400,111.210,2000,111.200,600,111.180,100,111.160,300,111.370,900,111.380,700,111.390,100,111.450,1100,111.490,2020-12-11,10:38:59,00,";
var hq_str_sh603259="药明康德,109.970,109.660,111.510,111.880,109.300,111.490,111.500,4527161,500692832.000,8000,111.490,200,111.320,2700,111.300,100,111.280,400,111.250,200,111.500,2500,111.510,300,111.520,10200,111.550,100,111.560,2020-12-11,10:39:59,00,";
var hq_str_sh603259="药明康德,109.970,109.660,111.550,111.880,109.300,111.520,111.550,4620563,511107128.000,600,111.520,14300,111.510,9498,111.500,400,111.450,3500,111.430,5400,111.550,100,111.560,200,111.570,3280,111.580,1100,111.600,2020-12-11,10:41:02,00,";
var hq_str_sh603259="药明康德,109.970,109.660,111.180,111.880,109.300,111.180,111.220,4699061,519858031.000,200,111.180,200,111.160,100,111.150,600,111.130,300,111.120,1100,111.220,900,111.240,200,111.400,100,111.440,900,111.450,2020-12-11,10:41:59,00,";
var hq_str_sh603259="药明康德,109.970,109.660,111.090,111.880,109.300,111.050,111.090,4741761,524601323.000,100,111.050,1000,111.030,1300,111.020,7400,111.010,18610,111.000,300,111.090,2600,111.160,100,111.170,2200,111.180,1500,111.200,2020-12-11,10:42:59,00,";
var hq_str_sh603259="药明康德,109.970,109.660,111.020,111.880,109.300,111.020,111.030,4796561,530686528.000,2800,111.020,8210,111.000,900,110.930,700,110.900,2000,110.880,2100,111.030,3100,111.050,4000,111.060,400,111.080,3300,111.090,2020-12-11,10:43:59,00,";
var hq_str_sh603259="药明康德,109.970,109.660,111.020,111.880,109.300,111.040,111.050,4839861,535493934.000,100,111.040,1000,111.030,1300,111.020,1500,111.010,7510,111.000,3900,111.050,600,111.060,400,111.080,2300,111.090,3100,111.100,2020-12-11,10:44:59,00,";
var hq_str_sh603259="药明康德,109.970,109.660,111.100,111.880,109.300,111.100,111.170,4875961,539503761.000,1700,111.100,100,111.090,500,111.070,5300,111.050,300,111.040,200,111.170,100,111.180,2500,111.190,1600,111.200,1000,111.300,2020-12-11,10:45:59,00,";
var hq_str_sh603259="药明康德,109.970,109.660,111.470,111.880,109.300,111.470,111.480,4911361,543445636.000,700,111.470,1200,111.450,2300,111.390,2600,111.380,1000,111.360,600,111.480,27300,111.490,10400,111.500,100,111.510,800,111.520,2020-12-11,10:46:59,00,";
var hq_str_sh603259="药明康德,109.970,109.660,111.310,111.880,109.300,111.250,111.310,4965161,549434170.000,200,111.250,100,111.240,100,111.220,11400,111.200,200,111.110,700,111.310,1000,111.340,100,111.350,400,111.360,400,111.390,2020-12-11,10:47:59,00,";
var hq_str_sh603259="药明康德,109.970,109.660,111.270,111.880,109.300,111.270,111.310,5008161,554217660.000,300,111.270,200,111.240,300,111.210,34100,111.200,300,111.110,200,111.310,800,111.330,1100,111.340,100,111.350,1000,111.360,2020-12-11,10:48:59,00,";
var hq_str_sh603259="药明康德,109.970,109.660,111.260,111.880,109.300,111.260,111.290,5042961,558090345.000,1600,111.260,400,111.240,31100,111.200,400,111.110,2900,111.100,100,111.290,300,111.300,2200,111.320,100,111.330,600,111.340,2020-12-11,10:49:59,00,";
var hq_str_sh603259="药明康德,109.970,109.660,111.230,111.880,109.300,111.200,111.230,5122361,566921066.000,20800,111.200,400,111.110,2900,111.100,100,111.090,1000,111.080,5700,111.230,900,111.240,100,111.250,6100,111.260,1000,111.300,2020-12-11,10:50:59,00,";
var hq_str_sh603259="药明康德,109.970,109.660,110.960,111.880,109.300,110.960,111.000,5233561,579282184.000,9300,110.960,3800,110.940,1200,110.930,700,110.900,2300,110.880,40300,111.000,4500,111.300,2100,111.320,1100,111.340,3300,111.350,2020-12-11,10:51:59,00,";
var hq_str_sh603259="药明康德,109.970,109.660,110.890,111.880,109.300,110.890,110.900,5340961,591203748.000,200,110.890,100,110.880,200,110.810,4500,110.800,300,110.780,400,110.900,2200,110.930,500,110.940,5600,110.960,100,110.990,2020-12-11,10:52:59,00,";
var hq_str_sh603259="药明康德,109.970,109.660,110.820,111.880,109.300,110.830,110.840,5369761,594396446.000,500,110.830,2300,110.820,3300,110.810,3800,110.800,600,110.780,100,110.840,400,110.860,200,110.910,1600,110.930,300,110.940,2020-12-11,10:53:56,00,";
var hq_str_sh603259="药明康德,109.970,109.660,110.860,111.880,109.300,110.880,110.990,5396661,597378266.000,200,110.880,100,110.870,2600,110.860,1500,110.830,200,110.820,100,110.990,1400,111.000,900,111.010,100,111.060,2400,111.100,2020-12-11,10:54:59,00,";
var hq_str_sh603259="药明康德,109.970,109.660,111.000,111.880,109.300,110.990,111.000,5424061,600418358.000,3800,110.990,100,110.980,200,110.960,100,110.950,200,110.940,11600,111.000,900,111.010,100,111.060,2500,111.100,100,111.110,2020-12-11,10:55:59,00,";
var hq_str_sh603259="药明康德,109.970,109.660,110.900,111.880,109.300,110.880,110.900,5466661,605144231.000,700,110.880,3000,110.830,300,110.820,400,110.810,3000,110.800,500,110.900,1000,110.920,4100,110.930,1100,110.960,2400,110.980,2020-12-11,10:56:59,00,";
var hq_str_sh603259="药明康德,109.970,109.660,110.760,111.880,109.300,110.740,110.780,5490021,607733106.000,2100,110.740,100,110.710,1300,110.700,200,110.690,200,110.680,2800,110.780,700,110.800,200,110.810,1600,110.820,200,110.830,2020-12-11,10:57:59,00,";
var hq_str_sh603259="药明康德,109.970,109.660,110.710,111.880,109.300,110.710,110.720,5517221,610745451.000,700,110.710,2700,110.700,200,110.690,200,110.680,900,110.620,300,110.720,300,110.730,2800,110.760,100,110.780,600,110.800,2020-12-11,10:58:59,00,";
var hq_str_sh603259="药明康德,109.970,109.660,110.850,111.880,109.300,110.660,110.670,5548021,614156790.000,100,110.660,100,110.630,900,110.620,3400,110.600,100,110.580,100,110.670,800,110.680,560,110.850,1200,110.870,1100,110.890,2020-12-11,10:59:59,00,";
var hq_str_sh603259="药明康德,109.970,109.660,110.910,111.880,109.300,110.910,110.990,5601881,620129315.000,700,110.910,200,110.890,200,110.880,300,110.700,640,110.690,5900,110.990,15800,111.000,900,111.010,200,111.060,200,111.080,2020-12-11,11:00:59,00,";
var hq_str_sh603259="药明康德,109.970,109.660,110.800,111.880,109.300,110.710,110.790,5634581,623756508.000,900,110.710,300,110.700,440,110.690,500,110.680,700,110.670,700,110.790,9500,110.800,2000,110.880,700,110.890,300,110.910,2020-12-11,11:01:59,00,";
var hq_str_sh603259="药明康德,109.970,109.660,110.880,111.880,109.300,110.770,110.800,5664881,627113021.000,1200,110.770,4300,110.760,4800,110.750,200,110.720,540,110.690,800,110.800,3200,110.880,100,110.890,100,110.910,900,110.920,2020-12-11,11:02:59,00,";
var hq_str_sh603259="药明康德,109.970,109.660,110.870,111.880,109.300,110.870,110.880,5722581,633507935.000,1800,110.870,7600,110.760,4200,110.750,540,110.690,800,110.680,2400,110.880,100,110.890,100,110.910,900,110.920,1200,110.950,2020-12-11,11:03:59,00,";
var hq_str_sh603259="药明康德,109.970,109.660,110.450,111.880,109.300,110.420,110.450,5762081,637878978.000,100,110.420,3000,110.400,300,110.370,1000,110.330,20600,110.300,800,110.450,100,110.490,6800,110.500,800,110.520,2000,110.530,2020-12-11,11:04:59,00,";
var hq_str_sh603259="药明康德,109.970,109.660,110.120,111.880,109.300,110.120,110.170,5811781,643360618.000,400,110.120,300,110.110,1200,110.100,200,110.080,1400,110.050,1100,110.170,3000,110.190,2500,110.200,2900,110.210,100,110.270,2020-12-11,11:05:59,00,";
var hq_str_sh603259="药明康德,109.970,109.660,110.250,111.880,109.300,110.240,110.250,5854781,648098218.000,500,110.240,300,110.230,200,110.220,2200,110.210,1400,110.200,1600,110.250,900,110.300,5200,110.310,8600,110.400,2800,110.490,2020-12-11,11:06:59,00,";
var hq_str_sh603259="药明康德,109.970,109.660,109.910,111.880,109.300,109.910,109.960,5919981,655275854.000,1400,109.910,200,109.900,100,109.890,1700,109.880,1400,109.870,2400,109.960,2100,109.980,1600,109.990,3500,110.000,1800,110.010,2020-12-11,11:07:59,00,";
var hq_str_sh603259="药明康德,109.970,109.660,109.860,111.880,109.300,109.850,109.860,5970681,660846001.000,1500,109.850,700,109.840,200,109.830,2100,109.820,1700,109.800,1000,109.860,700,109.930,800,109.950,1300,109.960,100,109.990,2020-12-11,11:08:59,00,";
var hq_str_sh603259="药明康德,109.970,109.660,109.780,111.880,109.300,109.750,109.780,6001181,664195476.000,500,109.750,500,109.740,1300,109.730,400,109.720,4000,109.710,300,109.780,2500,109.820,100,109.830,6200,109.850,10100,109.920,2020-12-11,11:09:59,00,";
var hq_str_sh603259="药明康德,109.970,109.660,109.800,111.880,109.300,109.800,109.820,6037681,668202868.000,4100,109.800,600,109.770,1500,109.760,2500,109.750,1200,109.740,700,109.820,100,109.830,6200,109.850,1580,109.900,10100,109.920,2020-12-11,11:10:59,00,";
var hq_str_sh603259="药明康德,109.970,109.660,109.830,111.880,109.300,109.820,109.830,6078281,672661780.000,800,109.820,1300,109.800,200,109.790,200,109.780,900,109.770,200,109.830,900,109.840,2600,109.850,1680,109.900,10100,109.920,2020-12-11,11:11:59,00,";
var hq_str_sh603259="药明康德,109.970,109.660,109.500,111.880,109.300,109.520,109.600,6147581,680261291.000,1000,109.520,17000,109.500,500,109.480,4000,109.460,900,109.450,1700,109.600,100,109.610,1500,109.620,1400,109.630,1200,109.660,2020-12-11,11:12:59,00,";
var hq_str_sh603259="药明康德,109.970,109.660,109.540,111.880,109.300,109.520,109.540,6197057,685680801.000,500,109.520,1000,109.510,9924,109.500,500,109.480,4000,109.460,2400,109.540,2700,109.570,100,109.590,100,109.620,600,109.660,2020-12-11,11:13:59,00,";
var hq_str_sh603259="药明康德,109.970,109.660,109.630,111.880,109.300,109.560,109.570,6236457,689999751.000,1300,109.560,100,109.550,4000,109.540,100,109.530,3800,109.510,900,109.570,1000,109.630,100,109.640,200,109.660,100,109.680,2020-12-11,11:14:59,00,";
var hq_str_sh603259="药明康德,109.970,109.660,109.670,111.880,109.300,109.660,109.670,6270657,693751292.000,1000,109.660,100,109.650,400,109.640,800,109.630,100,109.600,100,109.670,100,109.690,1200,109.720,100,109.730,400,109.750,2020-12-11,11:15:59,00,";
var hq_str_sh603259="药明康德,109.970,109.660,109.560,111.880,109.300,109.550,109.570,6294057,696316666.000,8900,109.550,3200,109.540,100,109.530,2800,109.510,13724,109.500,800,109.570,2300,109.580,600,109.590,1300,109.600,7700,109.640,2020-12-11,11:16:59,00,";
var hq_str_sh603259="药明康德,109.970,109.660,109.570,111.880,109.300,109.570,109.590,6332957,700577712.000,700,109.570,300,109.560,500,109.540,500,109.520,800,109.510,100,109.590,300,109.600,7300,109.640,600,109.660,320,109.670,2020-12-11,11:17:59,00,";
var hq_str_sh603259="药明康德,109.970,109.660,109.570,111.880,109.300,109.540,109.570,6359257,703459766.000,700,109.540,400,109.520,600,109.510,10624,109.500,100,109.490,520,109.570,400,109.600,5600,109.640,1000,109.720,100,109.730,2020-12-11,11:18:59,00,";
var hq_str_sh603259="药明康德,109.970,109.660,109.580,111.880,109.300,109.580,109.640,6379757,705705773.000,200,109.580,100,109.570,100,109.560,900,109.550,300,109.540,4120,109.640,1000,109.720,100,109.730,300,109.750,400,109.760,2020-12-11,11:19:59,00,";
var hq_str_sh603259="药明康德,109.970,109.660,109.520,111.880,109.300,109.510,109.520,6414857,709554706.000,3500,109.510,11024,109.500,100,109.490,1100,109.480,4000,109.460,100,109.520,1300,109.530,800,109.540,100,109.560,500,109.570,2020-12-11,11:20:59,00,";
var hq_str_sh603259="药明康德,109.970,109.660,109.490,111.880,109.300,109.480,109.490,6454581,713905072.000,2100,109.480,4000,109.460,1900,109.450,1000,109.430,500,109.420,200,109.490,5276,109.500,2800,109.530,200,109.540,100,109.550,2020-12-11,11:21:59,00,";
var hq_str_sh603259="药明康德,109.970,109.660,109.210,111.880,109.210,109.210,109.240,6510681,720042210.000,3100,109.210,17000,109.200,100,109.190,600,109.180,100,109.160,100,109.240,900,109.250,200,109.260,200,109.280,300,109.290,2020-12-11,11:22:59,00,";
var hq_str_sh603259="药明康德,109.970,109.660,109.450,111.880,109.200,109.270,109.380,6593481,729090868.000,400,109.270,900,109.260,400,109.250,300,109.240,900,109.220,400,109.380,1400,109.450,100,109.500,400,109.660,800,109.700,2020-12-11,11:23:59,00,";
var hq_str_sh603259="药明康德,109.970,109.660,109.090,111.880,109.070,109.080,109.090,6639981,734167607.000,100,109.080,100,109.070,700,109.060,1600,109.050,600,109.030,1700,109.090,100,109.150,200,109.160,700,109.170,2100,109.190,2020-12-11,11:24:59,00,";
var hq_str_sh603259="药明康德,109.970,109.660,109.050,111.880,109.000,109.050,109.060,6688600,739468486.000,1481,109.050,1700,109.040,400,109.030,200,109.010,4000,109.000,700,109.060,100,109.070,1701,109.080,700,109.090,700,109.170,2020-12-11,11:25:59,00,";
var hq_str_sh603259="药明康德,109.970,109.660,109.190,111.880,109.000,109.190,109.440,6713601,742196362.000,600,109.190,900,109.180,100,109.170,100,109.160,100,109.130,200,109.440,100,109.490,3000,109.660,100,109.690,300,109.700,2020-12-11,11:26:59,00,";
var hq_str_sh603259="药明康德,109.970,109.660,109.650,111.880,109.000,109.470,109.550,6727880,743757843.000,400,109.470,500,109.440,100,109.360,600,109.350,2600,109.290,500,109.550,300,109.560,300,109.650,3000,109.660,300,109.700,2020-12-11,11:27:59,00,";
var hq_str_sh603259="药明康德,109.970,109.660,109.340,111.880,109.000,109.330,109.340,6743780,745497582.000,200,109.330,200,109.300,3200,109.290,200,109.280,2700,109.270,1200,109.340,600,109.350,800,109.440,4500,109.460,1000,109.550,2020-12-11,11:28:59,00,";
var hq_str_sh603259="药明康德,109.970,109.660,109.250,111.880,109.000,109.250,109.280,6768601,748209508.000,100,109.250,100,109.220,1100,109.210,400,109.200,200,109.190,600,109.280,300,109.350,100,109.400,400,109.440,4500,109.460,2020-12-11,11:29:59,00,";
var hq_str_sh603259="药明康德,109.970,109.660,109.210,111.880,109.000,109.210,109.280,6768901,748242276.000,1000,109.210,400,109.200,200,109.190,100,109.170,900,109.120,600,109.280,300,109.350,100,109.400,400,109.440,4500,109.460,2020-12-11,13:00:00,00,";
var hq_str_sh603259="药明康德,109.970,109.660,109.060,111.880,109.000,109.050,109.060,6819401,753758608.000,200,109.050,1300,109.020,100,109.010,9500,109.000,200,108.980,300,109.060,300,109.070,1400,109.100,300,109.110,300,109.120,2020-12-11,13:01:00,00,";
var hq_str_sh603259="药明康德,109.970,109.660,108.900,111.880,108.850,108.870,108.890,6864701,758692988.000,7700,108.870,100,108.860,100,108.850,500,108.810,3800,108.800,600,108.890,700,108.970,4100,108.980,500,109.000,220,109.010,2020-12-11,13:02:00,00,";
var hq_str_sh603259="药明康德,109.970,109.660,108.900,111.880,108.800,108.800,108.900,6903261,762891005.000,1940,108.800,100,108.780,300,108.770,1600,108.700,1400,108.690,300,108.900,600,108.970,4100,108.980,400,109.000,220,109.010,2020-12-11,13:03:00,00,";
var hq_str_sh603259="药明康德,109.970,109.660,108.840,111.880,108.770,108.840,108.850,6939281,766811370.000,240,108.840,2000,108.800,200,108.780,380,108.770,1800,108.700,200,108.850,100,108.860,2000,108.870,100,108.890,600,108.970,2020-12-11,13:03:57,00,";
var hq_str_sh603259="药明康德,109.970,109.660,108.810,111.880,108.690,108.850,108.870,6979021,771133709.000,2100,108.850,300,108.810,400,108.800,1600,108.740,100,108.730,2000,108.870,100,108.890,600,108.970,4100,108.980,500,109.000,2020-12-11,13:05:00,00,";
var hq_str_sh603259="药明康德,109.970,109.660,108.840,111.880,108.690,108.870,108.880,7021621,775769967.000,2800,108.870,200,108.820,1600,108.810,3100,108.800,100,108.760,100,108.880,400,108.910,300,108.920,100,108.930,600,108.970,2020-12-11,13:05:57,00,";
var hq_str_sh603259="药明康德,109.970,109.660,108.730,111.880,108.690,108.720,108.730,7068218,780839222.000,200,108.720,1400,108.710,2200,108.700,2300,108.690,1100,108.680,400,108.730,600,108.770,1700,108.820,300,108.830,200,108.840,2020-12-11,13:07:00,00,";
var hq_str_sh603259="药明康德,109.970,109.660,108.780,111.880,108.690,108.750,108.780,7120418,786518422.000,200,108.750,1200,108.740,2400,108.730,700,108.720,2000,108.710,400,108.780,1600,108.810,800,108.980,500,109.000,100,109.010,2020-12-11,13:08:00,00,";
var hq_str_sh603259="药明康德,109.970,109.660,109.080,111.880,108.690,108.980,109.080,7157218,790524081.000,600,108.980,200,108.970,400,108.920,200,108.910,200,108.900,100,109.080,1000,109.190,300,109.240,100,109.250,100,109.370,2020-12-11,13:09:00,00,";
var hq_str_sh603259="药明康德,109.970,109.660,108.880,111.880,108.690,108.870,108.880,7213318,796637630.000,400,108.870,500,108.860,200,108.850,2000,108.830,14000,108.820,2200,108.880,6100,108.890,1700,108.900,7000,109.000,1400,109.030,2020-12-11,13:10:00,00,";
var hq_str_sh603259="药明康德,109.970,109.660,109.100,111.880,108.690,108.930,109.100,7261018,801832996.000,200,108.930,200,108.910,100,108.880,700,108.870,900,108.860,900,109.100,1200,109.240,600,109.250,100,109.340,200,109.350,2020-12-11,13:11:00,00,";
var hq_str_sh603259="药明康德,109.970,109.660,108.960,111.880,108.690,109.000,109.100,7288518,804828331.000,300,109.000,900,108.960,600,108.920,1500,108.900,900,108.870,200,109.100,200,109.220,500,109.230,1000,109.240,600,109.250,2020-12-11,13:11:57,00,";
var hq_str_sh603259="药明康德,109.970,109.660,108.950,111.880,108.690,108.900,108.910,7317018,807932742.000,1400,108.900,5400,108.880,300,108.860,1200,108.850,1500,108.830,100,108.910,400,108.950,1300,109.000,100,109.100,100,109.210,2020-12-11,13:13:00,00,";
var hq_str_sh603259="药明康德,109.970,109.660,108.920,111.880,108.690,108.910,108.920,7339718,810405260.000,300,108.910,2000,108.900,1700,108.890,4400,108.880,500,108.860,700,108.920,300,108.940,1200,108.950,600,109.000,500,109.080,2020-12-11,13:14:00,00,";
var hq_str_sh603259="药明康德,109.970,109.660,108.930,111.880,108.690,108.900,108.930,7371168,813830295.000,600,108.900,500,108.860,1300,108.850,600,108.830,14000,108.820,1200,108.930,400,109.000,100,109.070,100,109.100,100,109.200,2020-12-11,13:15:00,00,";
var hq_str_sh603259="药明康德,109.970,109.660,109.000,111.880,108.690,108.880,109.000,7397068,816651539.000,800,108.880,500,108.870,300,108.860,600,108.850,1200,108.830,1000,109.000,200,109.160,600,109.170,700,109.190,100,109.200,2020-12-11,13:15:57,00,";
var hq_str_sh603259="药明康德,109.970,109.660,109.040,111.880,108.690,108.890,109.070,7450468,822471214.000,900,108.890,5000,108.880,1300,108.870,600,108.860,700,108.850,100,109.070,400,109.080,200,109.160,200,109.190,800,109.220,2020-12-11,13:17:00,00,";
var hq_str_sh603259="药明康德,109.970,109.660,109.000,111.880,108.690,108.910,109.000,7481768,825881418.000,1100,108.910,3900,108.890,5300,108.880,1300,108.870,600,108.860,4100,109.000,1000,109.120,700,109.150,300,109.160,500,109.180,2020-12-11,13:18:00,00,";
var hq_str_sh603259="药明康德,109.970,109.660,108.950,111.880,108.690,108.950,108.970,7518368,829868078.000,100,108.950,200,108.920,4000,108.910,2000,108.900,100,108.890,300,108.970,1900,109.000,200,109.100,200,109.110,1000,109.120,2020-12-11,13:19:00,00,";
var hq_str_sh603259="药明康德,109.970,109.660,108.970,111.880,108.690,108.910,108.970,7579268,836505749.000,200,108.910,100,108.900,900,108.890,5100,108.880,300,108.870,4100,108.970,1400,109.000,800,109.020,300,109.050,200,109.060,2020-12-11,13:20:00,00,";
var hq_str_sh603259="药明康德,109.970,109.660,108.970,111.880,108.690,108.880,108.990,7628468,841862512.000,400,108.880,3800,108.870,100,108.860,10200,108.850,300,108.830,300,108.990,1000,109.000,200,109.060,200,109.080,800,109.090,2020-12-11,13:20:57,00,";
var hq_str_sh603259="药明康德,109.970,109.660,108.870,111.880,108.690,108.870,108.880,7658068,845085062.000,2800,108.870,8000,108.860,3000,108.850,300,108.830,8500,108.820,4800,108.880,100,108.910,300,108.960,100,108.980,100,108.990,2020-12-11,13:22:00,00,";
var hq_str_sh603259="药明康德,109.970,109.660,108.880,111.880,108.690,108.870,108.940,7692768,848863044.000,400,108.870,8900,108.860,6300,108.850,300,108.830,8500,108.820,300,108.940,900,109.000,200,109.060,200,109.080,200,109.100,2020-12-11,13:23:00,00,";
var hq_str_sh603259="药明康德,109.970,109.660,108.990,111.880,108.690,108.950,108.990,7708004,850522834.000,12800,108.950,2164,108.940,900,108.910,1900,108.900,500,108.890,1200,108.990,900,109.000,200,109.060,500,109.080,1300,109.100,2020-12-11,13:23:57,00,";
var hq_str_sh603259="药明康德,109.970,109.660,109.000,111.880,108.690,108.990,109.000,7729504,852865956.000,500,108.990,9700,108.980,1200,108.970,1500,108.960,9200,108.950,1100,109.000,200,109.070,400,109.080,200,109.110,100,109.150,2020-12-11,13:24:57,00,";
var hq_str_sh603259="药明康德,109.970,109.660,108.990,111.880,108.690,108.980,108.990,7752904,855416428.000,5500,108.980,100,108.970,300,108.960,800,108.950,500,108.940,1000,108.990,300,109.070,600,109.080,200,109.110,200,109.120,2020-12-11,13:25:57,00,";
var hq_str_sh603259="药明康德,109.970,109.660,108.950,111.880,108.690,108.940,108.950,7790904,859558095.000,400,108.940,500,108.920,1000,108.910,100,108.900,500,108.890,1800,108.950,1100,108.960,1800,109.000,200,109.070,700,109.180,2020-12-11,13:27:00,00,";
var hq_str_sh603259="药明康德,109.970,109.660,108.900,111.880,108.690,108.890,108.900,7819867,862713445.000,1300,108.890,600,108.880,200,108.870,700,108.860,2300,108.850,100,108.900,700,108.960,500,108.970,3100,108.980,1100,109.000,2020-12-11,13:27:57,00,";
var hq_str_sh603259="药明康德,109.970,109.660,108.910,111.880,108.690,108.910,108.930,7850367,866035666.000,800,108.910,5500,108.900,600,108.890,400,108.880,400,108.870,300,108.930,1900,108.960,300,108.970,100,108.980,1300,109.000,2020-12-11,13:29:00,00,";
var hq_str_sh603259="药明康德,109.970,109.660,109.060,111.880,108.690,109.020,109.070,7872867,868487323.000,200,109.020,9000,108.960,100,108.910,500,108.900,700,108.890,200,109.070,500,109.100,400,109.170,100,109.180,100,109.260,2020-12-11,13:30:00,00,";
var hq_str_sh603259="药明康德,109.970,109.660,108.900,111.880,108.690,108.890,108.900,7909167,872443188.000,600,108.890,400,108.880,600,108.870,500,108.860,2500,108.850,500,108.900,600,108.910,300,108.960,100,108.980,100,108.990,2020-12-11,13:31:00,00,";
var hq_str_sh603259="药明康德,109.970,109.660,108.980,111.880,108.690,108.970,108.980,7941167,875930574.000,11900,108.970,500,108.950,500,108.920,400,108.900,2500,108.890,1400,108.980,3900,109.000,300,109.030,400,109.170,100,109.240,2020-12-11,13:31:57,00,";
var hq_str_sh603259="药明康德,109.970,109.660,108.900,111.880,108.690,108.880,108.900,7986467,880865641.000,300,108.880,1500,108.860,2900,108.850,300,108.840,800,108.830,100,108.900,4000,108.920,3000,108.970,2500,109.000,100,109.050,2020-12-11,13:32:57,00,";
var hq_str_sh603259="药明康德,109.970,109.660,108.990,111.880,108.690,108.860,108.990,8029367,885538497.000,800,108.860,3000,108.850,800,108.830,8600,108.820,700,108.810,400,108.990,1400,109.000,100,109.050,400,109.170,100,109.240,2020-12-11,13:34:00,00,";
var hq_str_sh603259="药明康德,109.970,109.660,108.900,111.880,108.690,108.860,108.900,8052167,888020677.000,700,108.860,2300,108.830,8600,108.820,800,108.810,8600,108.800,200,108.900,100,108.980,1166,109.000,100,109.050,400,109.170,2020-12-11,13:34:57,00,";
var hq_str_sh603259="药明康德,109.970,109.660,109.170,111.880,108.690,109.110,109.170,8100767,893316336.000,4800,109.110,1000,109.100,400,109.050,100,109.020,100,109.010,66,109.170,600,109.200,1200,109.250,500,109.270,100,109.380,2020-12-11,13:36:00,00,";
var hq_str_sh603259="药明康德,109.970,109.660,109.020,111.880,108.690,109.010,109.020,8147767,898441164.000,5100,109.010,9700,109.000,100,108.990,500,108.980,500,108.950,1900,109.020,200,109.090,3700,109.100,66,109.170,700,109.200,2020-12-11,13:37:00,00,";
var hq_str_sh603259="药明康德,109.970,109.660,109.360,111.880,108.690,109.350,109.360,8214176,905688646.000,200,109.350,200,109.220,400,109.200,1600,109.180,600,109.010,2700,109.360,300,109.370,100,109.380,3000,109.390,1100,109.440,2020-12-11,13:38:00,00,";
var hq_str_sh603259="药明康德,109.970,109.660,109.270,111.880,108.690,109.020,109.270,8251776,909791554.000,100,109.020,2600,109.010,7291,109.000,500,108.980,500,108.950,100,109.270,400,109.290,3400,109.300,1000,109.350,900,109.360,2020-12-11,13:38:57,00,";
var hq_str_sh603259="药明康德,109.970,109.660,109.240,111.880,108.690,109.040,109.240,8292276,914212838.000,1100,109.040,100,109.030,1700,109.020,1500,109.010,9191,109.000,400,109.240,1000,109.270,7800,109.300,600,109.380,3000,109.430,2020-12-11,13:40:00,00,";
var hq_str_sh603259="药明康德,109.970,109.660,109.180,111.880,108.690,109.180,109.260,8361676,921783524.000,4700,109.180,1000,109.010,7291,109.000,600,108.980,500,108.960,200,109.260,400,109.280,400,109.290,1600,109.300,100,109.380,2020-12-11,13:41:00,00,";
var hq_str_sh603259="药明康德,109.970,109.660,109.010,111.880,108.690,109.020,109.130,8399867,925950185.000,200,109.020,2200,108.980,500,108.960,1100,108.950,700,108.920,400,109.130,1300,109.260,249,109.280,200,109.290,1600,109.300,2020-12-11,13:41:57,00,";
var hq_str_sh603259="药明康德,109.970,109.660,109.040,111.880,108.690,109.010,109.040,8466467,933216271.000,1400,109.010,26300,109.000,200,108.990,500,108.980,800,108.960,600,109.040,149,109.250,200,109.290,2700,109.300,100,109.380,2020-12-11,13:43:00,00,";
var hq_str_sh603259="药明康德,109.970,109.660,109.000,111.880,108.690,109.000,109.010,8506916,937625833.000,8251,109.000,200,108.990,500,108.980,100,108.970,300,108.960,900,109.010,1200,109.020,600,109.270,1000,109.290,2700,109.300,2020-12-11,13:44:00,00,";
var hq_str_sh603259="药明康德,109.970,109.660,108.950,111.880,108.690,108.950,108.960,8536867,940890550.000,2200,108.950,200,108.930,800,108.920,1800,108.910,600,108.900,800,108.960,300,108.970,2100,109.000,185,109.020,200,109.050,2020-12-11,13:45:00,00,";
var hq_str_sh603259="药明康德,109.970,109.660,108.920,111.880,108.690,108.920,108.930,8558367,943232702.000,200,108.920,300,108.910,900,108.900,1700,108.890,2900,108.880,700,108.930,1800,109.000,300,109.050,100,109.250,200,109.260,2020-12-11,13:45:57,00,";
var hq_str_sh603259="药明康德,109.970,109.660,108.880,111.880,108.690,108.880,109.000,8581967,945802955.000,1300,108.880,1800,108.860,200,108.850,600,108.830,8500,108.820,300,109.000,200,109.050,200,109.250,100,109.260,1000,109.270,2020-12-11,13:47:00,00,";
var hq_str_sh603259="药明康德,109.970,109.660,108.980,111.880,108.690,108.980,108.990,8610167,948877040.000,1800,108.980,1800,108.970,200,108.960,100,108.900,2300,108.890,500,108.990,200,109.000,3625,109.290,3700,109.300,100,109.380,2020-12-11,13:48:00,00,";
var hq_str_sh603259="药明康德,109.970,109.660,109.020,111.880,108.690,109.000,109.080,8643867,952551847.000,400,109.000,1500,108.990,1600,108.980,500,108.950,500,108.920,1300,109.080,300,109.180,1425,109.290,3700,109.300,100,109.380,2020-12-11,13:49:00,00,";
var hq_str_sh603259="药明康德,109.970,109.660,108.920,111.880,108.690,108.920,108.930,8666593,955029239.000,700,108.920,500,108.910,100,108.900,274,108.890,1400,108.880,300,108.930,1900,108.950,1500,108.990,1200,109.000,700,109.010,2020-12-11,13:50:00,00,";
var hq_str_sh603259="药明康德,109.970,109.660,108.920,111.880,108.690,108.990,109.000,8692793,957883263.000,1600,108.990,700,108.920,2000,108.890,374,108.880,200,108.870,2200,109.000,700,109.010,200,109.270,300,109.280,2925,109.290,2020-12-11,13:51:00,00,";
var hq_str_sh603259="药明康德,109.970,109.660,108.980,111.880,108.690,108.960,108.970,8725293,961424870.000,600,108.960,400,108.940,1100,108.870,274,108.860,300,108.850,300,108.970,300,108.980,1700,109.000,1300,109.010,200,109.080,2020-12-11,13:52:00,00,";
var hq_str_sh603259="药明康德,109.970,109.660,109.000,111.880,108.690,108.980,109.010,8747193,963811613.000,1700,108.980,500,108.970,400,108.950,2700,108.940,400,108.930,300,109.010,200,109.080,200,109.270,200,109.280,1125,109.290,2020-12-11,13:52:57,00,";
var hq_str_sh603259="药明康德,109.970,109.660,108.970,111.880,108.690,108.970,108.980,8774793,966819746.000,1500,108.970,1200,108.960,300,108.950,100,108.940,500,108.920,600,108.980,400,108.990,3700,109.000,900,109.010,200,109.060,2020-12-11,13:54:00,00,";
var hq_str_sh603259="药明康德,109.970,109.660,108.880,111.880,108.690,108.880,108.900,8795893,969118382.000,2100,108.880,1100,108.870,1074,108.860,300,108.850,300,108.840,600,108.900,1800,108.910,300,108.970,1700,108.990,3900,109.000,2020-12-11,13:55:00,00,";
var hq_str_sh603259="药明康德,109.970,109.660,108.810,111.880,108.690,108.800,108.810,8832267,973077333.000,11500,108.800,1800,108.790,500,108.780,600,108.770,100,108.760,47,108.810,300,108.820,1200,108.840,900,108.850,300,108.880,2020-12-11,13:55:57,00,";
var hq_str_sh603259="药明康德,109.970,109.660,108.800,111.880,108.690,108.800,108.810,8879067,978169793.000,14900,108.800,1800,108.790,600,108.780,600,108.770,200,108.760,198,108.810,400,108.830,1200,108.850,300,108.880,400,108.910,2020-12-11,13:57:00,00,";
var hq_str_sh603259="药明康德,109.970,109.660,108.810,111.880,108.690,108.810,108.820,8906073,981108274.000,900,108.810,3200,108.800,500,108.790,600,108.780,600,108.770,600,108.820,1300,108.830,100,108.840,1200,108.850,400,108.910,2020-12-11,13:58:00,00,";
var hq_str_sh603259="药明康德,109.970,109.660,108.800,111.880,108.690,108.800,108.860,8935395,984299743.000,2500,108.800,500,108.790,600,108.780,600,108.770,300,108.760,600,108.860,500,108.870,300,108.890,100,108.910,100,108.960,2020-12-11,13:59:00,00,";
var hq_str_sh603259="药明康德,109.970,109.660,108.670,111.880,108.660,108.660,108.670,8970095,988073138.000,1000,108.660,1700,108.650,100,108.620,3600,108.600,1300,108.580,600,108.670,800,108.690,2300,108.700,1100,108.710,200,108.720,2020-12-11,13:59:57,00,";
var hq_str_sh603259="药明康德,109.970,109.660,108.660,111.880,108.560,108.600,108.610,9006795,992059128.000,10100,108.600,400,108.580,100,108.570,700,108.560,1800,108.550,200,108.610,200,108.640,900,108.660,400,108.670,600,108.690,2020-12-11,14:00:57,00,";
var hq_str_sh603259="药明康德,109.970,109.660,108.570,111.880,108.510,108.560,108.570,9047595,996489485.000,3800,108.560,1500,108.550,100,108.540,1100,108.510,14900,108.500,300,108.570,700,108.580,1400,108.600,500,108.610,100,108.670,2020-12-11,14:01:57,00,";
var hq_str_sh603259="药明康德,109.970,109.660,108.590,111.880,108.510,108.560,108.590,9078275,999821110.000,1320,108.560,100,108.550,200,108.520,2600,108.510,15300,108.500,100,108.590,300,108.680,100,108.700,1200,108.720,400,108.730,2020-12-11,14:03:00,00,";
var hq_str_sh603259="药明康德,109.970,109.660,108.600,111.880,108.510,108.600,108.690,9117775,1004110298.000,1000,108.600,1900,108.590,2300,108.520,1420,108.510,16700,108.500,100,108.690,2300,108.700,400,108.720,400,108.730,200,108.770,2020-12-11,14:04:00,00,";
var hq_str_sh603259="药明康德,109.970,109.660,108.940,111.880,108.510,108.870,108.940,9143975,1006958461.000,400,108.870,2200,108.800,600,108.770,500,108.730,100,108.670,200,108.940,900,108.980,1200,108.990,2600,109.000,200,109.060,2020-12-11,14:04:57,00,";
var hq_str_sh603259="药明康德,109.970,109.660,108.880,111.880,108.510,108.870,108.880,9169875,1009779331.000,9300,108.870,4300,108.800,700,108.780,200,108.770,500,108.750,64,108.880,700,108.890,6900,108.900,300,108.940,200,108.970,2020-12-11,14:06:00,00,";
var hq_str_sh603259="药明康德,109.970,109.660,108.880,111.880,108.510,108.870,108.880,9196539,1012682667.000,100,108.870,700,108.840,500,108.810,800,108.800,700,108.780,300,108.880,2800,108.900,2500,109.000,23,109.040,200,109.060,2020-12-11,14:06:57,00,";
var hq_str_sh603259="药明康德,109.970,109.660,108.760,111.880,108.510,108.760,108.770,9227639,1016068698.000,500,108.760,200,108.730,600,108.720,500,108.700,500,108.690,100,108.770,2600,108.780,600,109.000,200,109.060,1000,109.150,2020-12-11,14:08:00,00,";
var hq_str_sh603259="药明康德,109.970,109.660,108.770,111.880,108.510,108.760,108.770,9257866,1019356973.000,373,108.760,400,108.750,500,108.720,600,108.710,2300,108.700,600,108.770,1200,108.990,600,109.000,800,109.060,1000,109.150,2020-12-11,14:08:57,00,";
var hq_str_sh603259="药明康德,109.970,109.660,108.960,111.880,108.510,108.890,108.960,9276366,1021370654.000,400,108.890,300,108.840,2200,108.830,1500,108.820,400,108.790,1200,108.960,1200,108.990,1300,109.000,23,109.040,800,109.060,2020-12-11,14:10:00,00,";
var hq_str_sh603259="药明康德,109.970,109.660,108.820,111.880,108.510,108.820,108.830,9298866,1023820017.000,300,108.820,200,108.810,1100,108.780,500,108.770,600,108.760,900,108.830,100,108.860,1300,108.890,100,108.920,500,108.930,2020-12-11,14:10:57,00,";
var hq_str_sh603259="药明康德,109.970,109.660,108.760,111.880,108.510,108.720,108.760,9317066,1025799550.000,1600,108.720,400,108.710,200,108.700,100,108.670,100,108.650,6000,108.760,700,108.770,1300,108.780,500,108.790,100,108.840,2020-12-11,14:12:00,00,";
var hq_str_sh603259="药明康德,109.970,109.660,108.500,111.880,108.500,108.500,108.510,9359207,1030374493.000,14059,108.500,800,108.490,800,108.480,100,108.470,4500,108.450,4600,108.510,800,108.520,700,108.530,2500,108.540,500,108.550,2020-12-11,14:13:00,00,";
var hq_str_sh603259="药明康德,109.970,109.660,108.770,111.880,108.500,108.760,108.770,9417507,1036704177.000,1300,108.760,2000,108.740,200,108.620,17159,108.600,800,108.520,1300,108.770,700,108.780,200,108.790,100,108.840,100,108.860,2020-12-11,14:14:00,00,";
var hq_str_sh603259="药明康德,109.970,109.660,108.630,111.880,108.500,108.620,108.630,9459607,1041280041.000,2500,108.620,16659,108.600,100,108.580,500,108.530,1200,108.510,2500,108.630,500,108.680,100,108.740,800,108.750,600,108.760,2020-12-11,14:15:00,00,";
var hq_str_sh603259="药明康德,109.970,109.660,108.740,111.880,108.500,108.680,108.740,9506407,1046363212.000,400,108.680,900,108.670,100,108.660,2900,108.650,100,108.620,1200,108.740,200,108.750,600,108.760,700,108.780,200,108.790,2020-12-11,14:16:00,00,";
var hq_str_sh603259="药明康德,109.970,109.660,108.610,111.880,108.500,108.610,108.620,9538807,1049884028.000,3100,108.610,21959,108.600,200,108.590,100,108.580,2300,108.550,3500,108.620,400,108.630,2400,108.640,1300,108.650,1680,108.730,2020-12-11,14:16:57,00,";
var hq_str_sh603259="药明康德,109.970,109.660,108.610,111.880,108.500,108.600,108.610,9572127,1053502703.000,5139,108.600,900,108.590,300,108.580,2100,108.550,600,108.530,2304,108.610,1000,108.640,400,108.650,1680,108.730,200,108.750,2020-12-11,14:18:00,00,";
var hq_str_sh603259="药明康德,109.970,109.660,108.770,111.880,108.500,108.650,108.770,9604015,1056968131.000,2800,108.650,1700,108.640,1200,108.620,1200,108.610,4732,108.600,100,108.770,1500,108.780,200,108.790,100,108.840,100,108.850,2020-12-11,14:18:57,00,";
var hq_str_sh603259="药明康德,109.970,109.660,108.510,111.880,108.400,108.500,108.510,9720815,1069654369.000,800,108.500,200,108.480,100,108.410,8632,108.400,100,108.390,1000,108.510,3400,108.520,1300,108.560,100,108.620,965,108.630,2020-12-11,14:22:00,00,";
var hq_str_sh603259="药明康德,109.970,109.660,108.500,111.880,108.400,108.480,108.500,9722615,1069849678.000,200,108.480,100,108.410,8632,108.400,100,108.390,700,108.380,900,108.500,300,108.510,3400,108.520,1500,108.560,100,108.620,2020-12-11,14:22:03,00,";
var hq_str_sh603259="药明康德,109.970,109.660,108.250,111.880,108.250,108.250,108.350,9771980,1075200867.000,1067,108.250,2400,108.230,1200,108.220,800,108.210,2100,108.200,700,108.350,200,108.400,5900,108.420,500,108.440,1100,108.450,2020-12-11,14:23:00,00,";
var hq_str_sh603259="药明康德,109.970,109.660,108.340,111.880,108.250,108.330,108.340,9801693,1078418975.000,2900,108.330,1800,108.320,2900,108.310,3988,108.300,900,108.290,100,108.340,200,108.350,100,108.400,500,108.410,300,108.450,2020-12-11,14:24:00,00,";
var hq_str_sh603259="药明康德,109.970,109.660,108.350,111.880,108.250,108.350,108.430,9833493,1081864868.000,100,108.350,500,108.340,300,108.330,1000,108.320,3100,108.310,200,108.430,700,108.500,200,108.510,200,108.520,400,108.560,2020-12-11,14:25:00,00,";
var hq_str_sh603259="药明康德,109.970,109.660,108.630,111.880,108.250,108.610,108.620,9861193,1084872175.000,4400,108.610,1500,108.600,200,108.590,100,108.550,200,108.530,300,108.620,900,108.630,2100,108.650,800,108.690,16700,108.700,2020-12-11,14:26:00,00,";
var hq_str_sh603259="药明康德,109.970,109.660,108.620,111.880,108.250,108.600,108.620,9895193,1088564665.000,11100,108.600,200,108.570,2100,108.560,1000,108.540,1000,108.530,100,108.620,600,108.630,500,108.690,300,108.700,200,108.770,2020-12-11,14:26:57,00,";
var hq_str_sh603259="药明康德,109.970,109.660,108.660,111.880,108.250,108.660,108.790,9923093,1091598073.000,2900,108.660,200,108.640,300,108.630,200,108.620,900,108.610,100,108.790,5500,108.850,100,108.860,200,108.890,800,108.900,2020-12-11,14:28:00,00,";
var hq_str_sh603259="药明康德,109.970,109.660,108.800,111.880,108.250,108.800,108.830,9965005,1096155392.000,700,108.800,200,108.710,8820,108.700,200,108.620,800,108.610,2200,108.830,100,108.860,400,108.890,100,108.920,300,108.960,2020-12-11,14:29:00,00,";
var hq_str_sh603259="药明康德,109.970,109.660,109.000,111.880,108.250,108.910,109.000,10030605,1103296811.000,300,108.910,7900,108.800,12000,108.790,200,108.710,400,108.630,6100,109.000,4600,109.060,200,109.100,200,109.110,1100,109.150,2020-12-11,14:30:00,00,";
var hq_str_sh603259="药明康德,109.970,109.660,108.820,111.880,108.250,108.810,108.820,10102905,1111174837.000,2300,108.810,7600,108.800,100,108.710,100,108.700,400,108.630,1500,108.820,100,108.830,1400,108.840,400,108.850,200,108.880,2020-12-11,14:31:00,00,";
var hq_str_sh603259="药明康德,109.970,109.660,108.820,111.880,108.250,108.820,108.970,10137805,1114973906.000,4100,108.820,100,108.810,5900,108.800,200,108.790,100,108.710,100,108.970,1200,108.980,200,108.990,8400,109.000,1800,109.010,2020-12-11,14:31:57,00,";
var hq_str_sh603259="药明康德,109.970,109.660,109.000,111.880,108.250,109.000,109.010,10214905,1123372293.000,200,109.000,1000,108.810,24500,108.800,800,108.780,500,108.770,2000,109.010,100,109.050,400,109.090,20000,109.100,300,109.150,2020-12-11,14:33:00,00,";
var hq_str_sh603259="药明康德,109.970,109.660,108.870,111.880,108.250,108.900,108.980,10258305,1128099519.000,2400,108.900,1000,108.870,1800,108.850,1400,108.820,1500,108.810,1200,108.980,12300,109.000,2000,109.010,100,109.050,1400,109.090,2020-12-11,14:33:57,00,";
var hq_str_sh603259="药明康德,109.970,109.660,108.980,111.880,108.250,108.820,108.980,10323205,1135170496.000,900,108.820,1500,108.810,24400,108.800,3000,108.780,700,108.770,300,108.980,500,108.990,6600,109.000,1900,109.010,200,109.050,2020-12-11,14:35:00,00,";
var hq_str_sh603259="药明康德,109.970,109.660,108.830,111.880,108.250,108.820,108.830,10363305,1139538748.000,1000,108.820,1800,108.810,24700,108.800,2400,108.780,700,108.770,4500,108.830,2200,108.860,3300,108.870,1900,108.990,3400,109.000,2020-12-11,14:36:00,00,";
var hq_str_sh603259="药明康德,109.970,109.660,108.820,111.880,108.250,108.810,108.820,10403805,1143948514.000,1800,108.810,24800,108.800,2900,108.780,700,108.770,500,108.740,400,108.820,4100,108.830,400,108.910,4200,109.000,200,109.050,2020-12-11,14:37:00,00,";
var hq_str_sh603259="药明康德,109.970,109.660,108.800,111.880,108.250,108.800,108.820,10438671,1147742165.000,6534,108.800,200,108.790,2700,108.780,500,108.770,800,108.740,4100,108.820,900,108.830,100,108.840,20000,108.990,5100,109.000,2020-12-11,14:38:00,00,";
var hq_str_sh603259="药明康德,109.970,109.660,108.740,111.880,108.250,108.730,108.740,10470639,1151218975.000,400,108.730,1066,108.710,15600,108.700,100,108.690,600,108.680,900,108.740,300,108.810,2600,108.820,100,108.830,100,108.840,2020-12-11,14:39:00,00,";
var hq_str_sh603259="药明康德,109.970,109.660,108.880,111.880,108.250,108.850,108.880,10508139,1155299927.000,3000,108.850,1300,108.770,1166,108.710,16600,108.700,100,108.690,1000,108.880,400,108.920,13200,108.990,5200,109.000,3312,109.040,2020-12-11,14:39:57,00,";
var hq_str_sh603259="药明康德,109.970,109.660,109.000,111.880,108.250,109.060,109.170,10630139,1168600960.000,100,109.060,11800,109.000,100,108.990,300,108.850,1800,108.830,300,109.170,200,109.200,600,109.270,1725,109.290,2300,109.300,2020-12-11,14:41:00,00,";
var hq_str_sh603259="药明康德,109.970,109.660,109.060,111.880,108.250,109.040,109.060,10722339,1178654941.000,200,109.040,400,109.030,100,108.980,100,108.900,200,108.850,100,109.060,200,109.190,100,109.250,100,109.260,800,109.270,2020-12-11,14:42:00,00,";
var hq_str_sh603259="药明康德,109.970,109.660,109.000,111.880,108.250,108.980,109.000,10742442,1180846245.000,1200,108.980,197,108.950,200,108.900,400,108.880,400,108.850,8296,109.000,2500,109.010,23,109.040,100,109.060,200,109.190,2020-12-11,14:43:00,00,";
var hq_str_sh603259="药明康德,109.970,109.660,109.000,111.880,108.250,109.000,109.010,10798922,1187001811.000,10500,109.000,300,108.980,2317,108.960,2900,108.950,2000,108.900,300,109.010,200,109.180,300,109.190,200,109.240,100,109.250,2020-12-11,14:43:57,00,";
var hq_str_sh603259="药明康德,109.970,109.660,109.010,111.880,108.250,109.010,109.020,10830822,1190480853.000,600,109.010,11700,109.000,600,108.980,2317,108.960,2800,108.950,8700,109.020,1600,109.030,100,109.090,300,109.250,500,109.260,2020-12-11,14:45:00,00,";
var hq_str_sh603259="药明康德,109.970,109.660,109.020,111.880,108.250,109.020,109.090,10892722,1197233145.000,200,109.020,28600,109.000,600,108.980,2317,108.960,2900,108.950,100,109.090,100,109.200,2000,109.220,100,109.240,300,109.270,2020-12-11,14:45:57,00,";
var hq_str_sh603259="药明康德,109.970,109.660,109.010,111.880,108.250,109.010,109.030,10977722,1206504872.000,12100,109.010,28600,109.000,600,108.980,300,108.960,100,108.940,1800,109.030,3800,109.040,100,109.050,200,109.090,500,109.300,2020-12-11,14:47:00,00,";
var hq_str_sh603259="药明康德,109.970,109.660,109.020,111.880,108.250,109.010,109.020,11026522,1211828946.000,3500,109.010,28600,109.000,200,108.990,500,108.980,400,108.960,4900,109.020,300,109.030,2900,109.090,3300,109.200,500,109.260,2020-12-11,14:47:57,00,";
var hq_str_sh603259="药明康德,109.970,109.660,108.820,111.880,108.250,108.810,108.820,11089322,1218670912.000,1200,108.810,21400,108.800,900,108.780,900,108.770,400,108.720,7200,108.820,100,108.840,200,108.860,1900,108.900,400,108.910,2020-12-11,14:49:00,00,";
var hq_str_sh603259="药明康德,109.970,109.660,108.830,111.880,108.250,108.830,109.000,11155222,1225848805.000,5400,108.830,3400,108.820,21800,108.800,1100,108.780,900,108.770,100,109.000,500,109.010,300,109.030,96,109.040,300,109.090,2020-12-11,14:49:57,00,";
var hq_str_sh603259="药明康德,109.970,109.660,109.100,111.880,108.250,109.100,109.380,11233522,1234381378.000,19200,109.100,15900,109.000,900,108.970,100,108.910,900,108.890,800,109.380,100,109.390,9200,109.400,100,109.460,100,109.470,2020-12-11,14:50:57,00,";
var hq_str_sh603259="药明康德,109.970,109.660,109.300,111.880,108.250,109.300,109.330,11293822,1240969861.000,9600,109.300,100,109.120,3100,109.110,15200,109.100,15600,109.000,800,109.330,10000,109.350,500,109.390,1100,109.440,100,109.460,2020-12-11,14:51:57,00,";
var hq_str_sh603259="药明康德,109.970,109.660,109.110,111.880,108.250,109.240,109.290,11360822,1248285647.000,200,109.240,1800,109.110,4100,109.100,200,109.010,15800,109.000,200,109.290,700,109.330,100,109.340,11000,109.350,500,109.390,2020-12-11,14:52:57,00,";
var hq_str_sh603259="药明康德,109.970,109.660,109.100,111.880,108.250,109.100,109.110,11500421,1263542518.000,1800,109.100,6100,109.090,200,109.080,400,109.060,6300,109.030,1000,109.110,2300,109.120,100,109.130,10700,109.370,10000,109.420,2020-12-11,14:53:57,00,";
var hq_str_sh603259="药明康德,109.970,109.660,109.350,111.880,108.250,109.350,109.380,11680821,1283286564.000,400,109.350,1700,109.260,1600,109.250,3000,109.230,800,109.200,200,109.380,3300,109.410,400,109.590,500,109.600,200,109.630,2020-12-11,14:54:57,00,";
var hq_str_sh603259="药明康德,109.970,109.660,109.530,111.880,108.250,109.530,109.540,11749321,1290774214.000,100,109.530,10000,109.500,4300,109.250,1800,109.210,20000,109.200,1700,109.540,800,109.590,700,109.600,200,109.630,1000,109.640,2020-12-11,14:55:57,00,";
var hq_str_sh603259="药明康德,109.970,109.660,109.500,111.880,108.250,109.400,109.500,11819538,1298453356.000,23193,109.400,100,109.290,300,109.240,1000,109.210,18990,109.200,3700,109.500,300,109.530,1000,109.540,200,109.580,100,109.590,2020-12-11,14:56:57,00,";
var hq_str_sh603259="药明康德,109.970,109.660,109.400,111.880,108.250,107.210,107.210,11819638,1298464296.000,409249,107.210,0,0.000,0,0.000,0,0.000,0,0.000,409249,107.210,108067,0.000,0,0.000,0,0.000,0,0.000,2020-12-11,14:57:57,00,";
var hq_str_sh603259="药明康德,109.970,109.660,109.400,111.880,108.250,107.280,107.280,11819638,1298464296.000,888292,107.280,957,0.000,0,0.000,0,0.000,0,0.000,888292,107.280,0,0.000,0,0.000,0,0.000,0,0.000,2020-12-11,14:58:57,00,";
