var hq_str_sh603259="药明康德,109.500,109.600,109.500,109.500,109.500,109.500,109.550,113899,12471941.000,11301,109.500,1000,109.480,100,109.450,300,109.420,400,109.410,100,109.550,1340,109.590,1700,109.600,1500,109.700,3000,109.800,2020-07-30,09:29:50,00,";
var hq_str_sh603259="药明康德,109.500,109.600,110.400,110.520,109.110,110.380,110.400,446231,48927726.000,1700,110.380,200,110.210,200,110.200,900,110.150,700,110.010,1600,110.400,900,110.480,300,110.500,300,110.520,200,110.530,2020-07-30,09:30:59,00,";
var hq_str_sh603259="药明康德,109.500,109.600,110.650,110.680,109.110,110.650,110.680,807107,88799023.000,3100,110.650,300,110.590,100,110.520,1000,110.500,200,110.420,1700,110.680,1700,110.700,100,110.740,500,110.800,200,110.830,2020-07-30,09:31:59,00,";
var hq_str_sh603259="药明康德,109.500,109.600,111.140,111.180,109.110,111.130,111.140,1161816,128098170.000,8100,111.130,100,111.110,700,110.870,32000,110.810,1900,110.800,2900,111.140,100,111.190,7500,111.200,100,111.220,200,111.240,2020-07-30,09:32:59,00,";
var hq_str_sh603259="药明康德,109.500,109.600,111.250,111.300,109.110,111.250,111.290,1547607,170953762.000,100,111.250,25309,111.190,100,111.180,4100,111.140,1000,111.130,1600,111.290,1900,111.300,100,111.350,300,111.360,600,111.380,2020-07-30,09:33:56,00,";
var hq_str_sh603259="药明康德,109.500,109.600,111.820,111.900,109.110,111.790,111.820,1822548,201608783.000,8400,111.790,3600,111.780,6000,111.770,5000,111.750,3300,111.720,100,111.820,600,111.900,200,111.930,200,111.950,200,111.960,2020-07-30,09:34:59,00,";
var hq_str_sh603259="药明康德,109.500,109.600,111.500,112.120,109.110,111.500,111.510,2189948,242701782.000,1700,111.500,200,111.370,4600,111.360,300,111.350,300,111.320,200,111.510,200,111.670,2800,111.690,5588,111.700,700,111.730,2020-07-30,09:35:59,00,";
var hq_str_sh603259="药明康德,109.500,109.600,112.160,112.200,109.110,112.130,112.180,2510584,278569591.000,300,112.130,200,112.120,300,112.110,200,112.100,8400,112.090,100,112.180,1400,112.200,200,112.220,100,112.230,3700,112.260,2020-07-30,09:36:59,00,";
var hq_str_sh603259="药明康德,109.500,109.600,112.100,112.280,109.110,112.100,112.200,2724934,302619215.000,100,112.100,650,112.050,2000,112.000,3000,111.990,100,111.980,800,112.200,500,112.210,2000,112.230,400,112.240,4000,112.260,2020-07-30,09:37:59,00,";
var hq_str_sh603259="药明康德,109.500,109.600,112.660,112.660,109.110,112.660,112.680,2964954,329554924.000,1500,112.660,200,112.650,100,112.600,300,112.510,6800,112.500,600,112.680,500,112.750,200,112.760,300,112.770,100,112.780,2020-07-30,09:38:59,00,";
var hq_str_sh603259="药明康德,109.500,109.600,113.000,113.200,109.110,112.850,113.000,3163786,352012620.000,1100,112.850,2000,112.810,5164,112.800,1000,112.790,600,112.780,8400,113.000,200,113.040,2900,113.050,300,113.070,1900,113.100,2020-07-30,09:39:59,00,";
var hq_str_sh603259="药明康德,109.500,109.600,112.410,113.200,109.110,112.460,112.500,3309900,368505976.000,400,112.460,1850,112.410,100,112.400,100,112.380,300,112.310,100,112.500,1900,112.760,3500,112.770,5120,112.780,100,112.800,2020-07-30,09:40:59,00,";
var hq_str_sh603259="药明康德,109.500,109.600,112.800,113.200,109.110,112.800,112.840,3431700,382221751.000,400,112.800,100,112.790,700,112.750,100,112.730,600,112.690,100,112.840,1000,112.850,300,112.860,200,112.870,300,112.880,2020-07-30,09:41:59,00,";
var hq_str_sh603259="药明康德,109.500,109.600,112.210,113.200,109.110,112.210,112.370,3561520,396841495.000,16980,112.210,600,112.190,1000,112.180,300,112.160,200,112.150,100,112.370,700,112.490,1600,112.500,3500,112.540,7800,112.600,2020-07-30,09:42:59,00,";
var hq_str_sh603259="药明康德,109.500,109.600,112.250,113.200,109.110,112.230,112.250,3683220,410526611.000,2200,112.230,800,112.220,2180,112.210,1800,112.200,200,112.180,300,112.250,2400,112.460,500,112.480,4520,112.490,9200,112.500,2020-07-30,09:43:59,00,";
var hq_str_sh603259="药明康德,109.500,109.600,113.000,113.200,109.110,112.990,113.000,3891680,434038570.000,8500,112.990,1800,112.920,1000,112.890,6800,112.880,600,112.870,1300,113.000,900,113.020,300,113.030,1600,113.040,4600,113.050,2020-07-30,09:44:59,00,";
var hq_str_sh603259="药明康德,109.500,109.600,113.120,113.300,109.110,113.120,113.190,4134370,461495053.000,10150,113.120,300,113.100,2000,113.080,100,113.040,2000,113.030,5000,113.190,200,113.210,100,113.220,100,113.230,8400,113.250,2020-07-30,09:45:59,00,";
var hq_str_sh603259="药明康德,109.500,109.600,112.980,113.300,109.110,112.980,113.030,4283070,478301128.000,100,112.980,300,112.760,400,112.730,700,112.700,300,112.690,200,113.030,400,113.040,500,113.070,300,113.080,800,113.100,2020-07-30,09:46:59,00,";
var hq_str_sh603259="药明康德,109.500,109.600,113.680,113.710,109.110,113.680,113.710,4472570,499788578.000,500,113.680,6100,113.660,600,113.650,100,113.600,600,113.580,100,113.710,1700,113.740,400,113.750,200,113.770,200,113.780,2020-07-30,09:47:59,00,";
var hq_str_sh603259="药明康德,109.500,109.600,113.790,113.880,109.110,113.710,113.810,4630270,517733900.000,100,113.710,400,113.680,1400,113.660,500,113.650,1000,113.600,660,113.810,500,113.830,5900,113.850,1790,113.880,1300,113.890,2020-07-30,09:48:56,00,";
var hq_str_sh603259="药明康德,109.500,109.600,113.560,113.880,109.110,113.510,113.530,4747670,531085768.000,2200,113.510,10100,113.500,100,113.470,100,113.440,100,113.430,400,113.530,100,113.580,200,113.660,100,113.690,400,113.700,2020-07-30,09:49:59,00,";
var hq_str_sh603259="药明康德,109.500,109.600,113.770,113.880,109.110,113.710,113.720,4855870,543389502.000,1700,113.710,2500,113.700,100,113.640,1400,113.600,100,113.570,100,113.720,1900,113.770,200,113.780,2100,113.790,3280,113.800,2020-07-30,09:50:59,00,";
var hq_str_sh603259="药明康德,109.500,109.600,114.000,114.000,109.110,113.990,114.000,4991960,558889529.000,27440,113.990,3200,113.980,9500,113.970,400,113.960,200,113.910,30240,114.000,1300,114.010,200,114.020,1500,114.050,300,114.070,2020-07-30,09:51:59,00,";
var hq_str_sh603259="药明康德,109.500,109.600,113.400,114.160,109.110,113.360,113.400,5257400,589118621.000,300,113.360,700,113.300,5000,113.280,500,113.250,300,113.210,1400,113.400,100,113.440,200,113.460,100,113.470,200,113.480,2020-07-30,09:52:59,00,";
var hq_str_sh603259="药明康德,109.500,109.600,112.710,114.160,109.110,112.710,112.900,5340400,598506342.000,17000,112.710,400,112.700,900,112.610,200,112.560,800,112.540,1000,112.900,6100,112.920,400,112.940,400,112.950,100,112.960,2020-07-30,09:53:59,00,";
var hq_str_sh603259="药明康德,109.500,109.600,112.680,114.160,109.110,112.630,112.680,5428400,608429001.000,100,112.630,10500,112.610,1100,112.600,1000,112.570,1500,112.560,900,112.680,800,112.690,600,112.700,3000,112.710,300,112.720,2020-07-30,09:54:59,00,";
var hq_str_sh603259="药明康德,109.500,109.600,112.310,114.160,109.110,112.310,112.330,5566900,624005448.000,4700,112.310,16500,112.300,500,112.280,200,112.270,100,112.260,200,112.330,700,112.390,100,112.400,19300,112.500,900,112.510,2020-07-30,09:55:59,00,";
var hq_str_sh603259="药明康德,109.500,109.600,112.320,114.160,109.110,112.310,112.320,5675880,636248550.000,5000,112.310,19220,112.300,2100,112.280,400,112.270,300,112.260,200,112.320,384,112.490,21000,112.500,200,112.520,200,112.530,2020-07-30,09:56:59,00,";
var hq_str_sh603259="药明康德,109.500,109.600,112.080,114.160,109.110,112.080,112.100,5790000,649066060.000,1200,112.080,1000,112.070,100,112.050,300,112.030,900,112.020,100,112.100,1100,112.180,1300,112.200,1500,112.260,500,112.290,2020-07-30,09:57:59,00,";
var hq_str_sh603259="药明康德,109.500,109.600,111.500,114.160,109.110,111.450,111.500,5946700,666601105.000,100,111.450,1200,111.440,900,111.430,600,111.400,400,111.360,200,111.500,2300,111.510,1480,111.530,2000,111.560,2500,111.600,2020-07-30,09:58:59,00,";
var hq_str_sh603259="药明康德,109.500,109.600,112.220,114.160,109.110,112.220,112.460,6078860,681388833.000,200,112.220,100,112.210,100,112.190,400,112.170,5000,112.150,200,112.460,800,112.470,700,112.480,300,112.490,1800,112.500,2020-07-30,09:59:59,00,";
var hq_str_sh603259="药明康德,109.500,109.600,112.410,114.160,109.110,112.410,112.450,6140360,688299874.000,100,112.410,1000,112.400,300,112.290,100,112.250,200,112.220,720,112.450,400,112.460,400,112.480,700,112.490,2800,112.500,2020-07-30,10:00:59,00,";
var hq_str_sh603259="药明康德,109.500,109.600,112.610,114.160,109.110,112.500,112.620,6215840,696803285.000,100,112.500,2080,112.430,700,112.420,1400,112.410,200,112.250,100,112.620,100,112.640,100,112.660,2200,112.670,2000,112.780,2020-07-30,10:01:59,00,";
var hq_str_sh603259="药明康德,109.500,109.600,112.400,114.160,109.110,112.400,112.450,6267720,702638927.000,900,112.400,2300,112.280,700,112.250,100,112.230,300,112.220,500,112.450,200,112.490,14440,112.500,4000,112.520,5700,112.590,2020-07-30,10:02:59,00,";
var hq_str_sh603259="药明康德,109.500,109.600,112.230,114.160,109.110,112.230,112.250,6306520,706998652.000,3300,112.230,300,112.220,500,112.210,300,112.200,100,112.190,700,112.250,300,112.270,5100,112.280,300,112.300,100,112.310,2020-07-30,10:03:59,00,";
var hq_str_sh603259="药明康德,109.500,109.600,112.210,114.160,109.110,112.210,112.230,6344820,711294864.000,100,112.210,2400,112.200,100,112.150,100,112.130,100,112.120,1600,112.230,200,112.250,3100,112.280,1100,112.310,400,112.340,2020-07-30,10:04:59,00,";
var hq_str_sh603259="药明康德,109.500,109.600,111.910,114.160,109.110,111.880,111.900,6417020,719387098.000,2600,111.880,400,111.860,500,111.850,200,111.820,400,111.810,800,111.900,100,111.910,700,111.940,200,111.970,300,112.000,2020-07-30,10:05:59,00,";
var hq_str_sh603259="药明康德,109.500,109.600,112.030,114.160,109.110,112.030,112.040,6496480,728283831.000,400,112.030,200,112.010,5800,112.000,4700,111.960,500,111.940,600,112.040,100,112.050,100,112.060,1000,112.070,800,112.110,2020-07-30,10:06:59,00,";
var hq_str_sh603259="药明康德,109.500,109.600,111.680,114.160,109.110,111.600,111.640,6587820,738503015.000,1100,111.600,1200,111.590,500,111.580,200,111.550,800,111.530,100,111.640,700,111.700,600,111.710,100,111.720,400,111.770,2020-07-30,10:07:59,00,";
var hq_str_sh603259="药明康德,109.500,109.600,111.870,114.160,109.110,111.830,111.840,6663920,747010639.000,400,111.830,6100,111.820,3900,111.810,3600,111.800,400,111.770,200,111.840,1800,111.990,900,112.000,300,112.010,4600,112.020,2020-07-30,10:08:59,00,";
var hq_str_sh603259="药明康德,109.500,109.600,112.080,114.160,109.110,112.080,112.130,6704860,751596670.000,100,112.080,4300,112.070,4900,112.050,500,112.030,3200,112.020,100,112.130,1000,112.140,800,112.160,700,112.180,600,112.200,2020-07-30,10:09:59,00,";
var hq_str_sh603259="药明康德,109.500,109.600,112.350,114.160,109.110,112.350,112.400,6740360,755581761.000,4100,112.350,200,112.300,900,112.290,2800,112.280,300,112.270,7240,112.400,300,112.410,1100,112.430,1300,112.450,4300,112.470,2020-07-30,10:10:59,00,";
var hq_str_sh603259="药明康德,109.500,109.600,112.350,114.160,109.110,112.350,112.360,6792040,761389953.000,7320,112.350,900,112.320,11500,112.310,900,112.290,2700,112.280,600,112.360,100,112.390,9700,112.400,200,112.410,100,112.420,2020-07-30,10:11:59,00,";
var hq_str_sh603259="药明康德,109.500,109.600,112.500,114.160,109.110,112.500,112.600,6844996,767346447.000,2100,112.500,300,112.480,4800,112.470,900,112.450,11904,112.400,700,112.600,300,112.610,1600,112.620,200,112.660,300,112.700,2020-07-30,10:12:59,00,";
var hq_str_sh603259="药明康德,109.500,109.600,112.860,114.160,109.110,112.860,112.870,6919996,775803838.000,300,112.860,100,112.850,200,112.800,400,112.780,200,112.770,700,112.870,1000,112.880,1200,112.900,2100,112.930,2100,112.950,2020-07-30,10:13:59,00,";
var hq_str_sh603259="药明康德,109.500,109.600,112.920,114.160,109.110,112.920,112.990,6992696,784013763.000,8200,112.920,100,112.890,3700,112.880,200,112.870,100,112.860,200,112.990,6476,113.000,1400,113.010,500,113.020,600,113.030,2020-07-30,10:14:59,00,";
var hq_str_sh603259="药明康德,109.500,109.600,112.970,114.160,109.110,112.920,112.970,7043096,789711621.000,7600,112.920,2400,112.880,200,112.870,1100,112.800,800,112.770,600,112.970,1800,113.000,100,113.030,200,113.070,1976,113.080,2020-07-30,10:15:59,00,";
var hq_str_sh603259="药明康德,109.500,109.600,112.630,114.160,109.110,112.610,112.630,7100796,796224288.000,100,112.610,600,112.600,1300,112.580,100,112.510,600,112.500,100,112.630,700,112.690,2200,112.700,400,112.720,5200,112.770,2020-07-30,10:16:59,00,";
var hq_str_sh603259="药明康德,109.500,109.600,112.560,114.160,109.110,112.560,112.580,7150196,801785284.000,200,112.560,100,112.460,100,112.450,4000,112.420,2200,112.400,900,112.580,700,112.590,2220,112.600,800,112.610,9200,112.620,2020-07-30,10:17:59,00,";
var hq_str_sh603259="药明康德,109.500,109.600,113.000,114.160,109.110,112.990,113.000,7202056,807631079.000,600,112.990,500,112.970,100,112.910,1300,112.890,1400,112.770,200,113.000,400,113.040,800,113.050,1100,113.060,300,113.080,2020-07-30,10:18:59,00,";
var hq_str_sh603259="药明康德,109.500,109.600,113.090,114.160,109.110,112.990,113.090,7270656,815392018.000,2600,112.990,300,112.890,300,112.800,1000,112.770,2500,112.680,100,113.090,200,113.100,138,113.130,1700,113.140,8900,113.150,2020-07-30,10:19:56,00,";
var hq_str_sh603259="药明康德,109.500,109.600,112.530,114.160,109.110,112.530,112.600,7332456,822360756.000,100,112.530,100,112.500,700,112.450,3200,112.410,2200,112.400,2100,112.600,100,112.780,1300,112.790,3641,112.800,5840,112.880,2020-07-30,10:20:59,00,";
var hq_str_sh603259="药明康德,109.500,109.600,112.240,114.160,109.110,112.180,112.300,7407156,830762307.000,800,112.180,2000,112.160,2100,112.150,800,112.100,500,112.090,100,112.300,600,112.320,400,112.340,500,112.360,1000,112.370,2020-07-30,10:21:59,00,";
var hq_str_sh603259="药明康德,109.500,109.600,112.100,114.160,109.110,112.080,112.100,7475297,838398220.000,200,112.080,2700,112.060,2500,112.010,4559,112.000,200,111.980,2500,112.100,100,112.110,200,112.130,200,112.140,300,112.150,2020-07-30,10:22:59,00,";
var hq_str_sh603259="药明康德,109.500,109.600,111.900,114.160,109.110,111.900,111.980,7519356,843334601.000,100,111.900,100,111.890,4500,111.880,600,111.860,1700,111.850,100,111.980,1000,111.990,300,112.000,100,112.010,500,112.040,2020-07-30,10:23:59,00,";
var hq_str_sh603259="药明康德,109.500,109.600,112.020,114.160,109.110,112.000,112.020,7574857,849547772.000,4599,112.000,2700,111.950,100,111.930,2200,111.900,400,111.890,100,112.020,400,112.040,100,112.050,1000,112.060,500,112.070,2020-07-30,10:24:59,00,";
var hq_str_sh603259="药明康德,109.500,109.600,111.730,114.160,109.110,111.720,111.730,7637756,856583750.000,200,111.720,2100,111.710,3400,111.700,900,111.690,100,111.680,1300,111.730,900,111.750,800,111.790,4800,111.800,100,111.830,2020-07-30,10:25:59,00,";
var hq_str_sh603259="药明康德,109.500,109.600,111.900,114.160,109.110,111.850,111.900,7686056,861982466.000,6200,111.850,200,111.810,1400,111.800,300,111.790,300,111.780,100,111.900,80,111.930,400,111.940,1500,111.950,8500,111.970,2020-07-30,10:26:59,00,";
var hq_str_sh603259="药明康德,109.500,109.600,112.300,114.160,109.110,112.100,112.300,7728568,866743736.000,4600,112.100,400,112.090,200,112.080,2800,112.070,1800,112.060,5000,112.300,600,112.320,500,112.370,500,112.390,500,112.500,2020-07-30,10:27:59,00,";
var hq_str_sh603259="药明康德,109.500,109.600,112.030,114.160,109.110,112.020,112.030,7770668,871461751.000,2400,112.020,5100,112.010,400,112.000,300,111.990,200,111.980,400,112.030,1300,112.040,2000,112.050,1500,112.060,300,112.070,2020-07-30,10:28:59,00,";
var hq_str_sh603259="药明康德,109.500,109.600,111.900,114.160,109.110,111.900,111.950,7800668,874821838.000,100,111.900,900,111.880,5600,111.850,400,111.840,200,111.830,800,111.950,300,111.980,2800,112.000,3100,112.010,400,112.050,2020-07-30,10:29:59,00,";
var hq_str_sh603259="药明康德,109.500,109.600,111.430,114.160,109.110,111.300,111.390,7897268,885600730.000,700,111.300,100,111.290,5200,111.280,1100,111.250,300,111.220,200,111.390,800,111.430,3900,111.440,500,111.450,3200,111.500,2020-07-30,10:30:59,00,";
var hq_str_sh603259="药明康德,109.500,109.600,111.310,114.160,109.110,111.310,111.320,7969168,893608540.000,700,111.310,4500,111.300,3300,111.290,5200,111.280,1300,111.250,500,111.320,2020,111.330,4200,111.350,500,111.380,2300,111.390,2020-07-30,10:31:59,00,";
var hq_str_sh603259="药明康德,109.500,109.600,111.310,114.160,109.110,111.320,111.350,8059571,903672524.000,100,111.320,1620,111.310,5700,111.300,3900,111.290,5300,111.280,300,111.350,2100,111.390,200,111.400,5000,111.430,1100,111.440,2020-07-30,10:32:59,00,";
var hq_str_sh603259="药明康德,109.500,109.600,111.000,114.160,109.110,111.000,111.020,8146602,913347773.000,6689,111.000,100,110.990,200,110.980,800,110.920,2300,110.910,3000,111.020,2300,111.100,700,111.120,7000,111.190,1100,111.200,2020-07-30,10:33:56,00,";
var hq_str_sh603259="药明康德,109.500,109.600,111.290,114.160,109.110,111.240,111.290,8233631,923010038.000,900,111.240,8900,111.190,200,111.160,3600,111.150,3200,111.120,100,111.290,600,111.320,100,111.350,600,111.390,300,111.400,2020-07-30,10:34:59,00,";
var hq_str_sh603259="药明康德,109.500,109.600,111.460,114.160,109.110,111.450,111.460,8252564,925118883.000,300,111.450,100,111.440,600,111.430,1300,111.400,2000,111.390,100,111.460,500,111.480,1700,111.500,200,111.560,300,111.570,2020-07-30,10:35:59,00,";
var hq_str_sh603259="药明康德,109.500,109.600,111.430,114.160,109.110,111.430,111.500,8279824,928156918.000,1640,111.430,500,111.420,1100,111.400,1200,111.390,5000,111.380,300,111.500,100,111.550,700,111.560,300,111.570,100,111.690,2020-07-30,10:36:59,00,";
var hq_str_sh603259="药明康德,109.500,109.600,111.690,114.160,109.110,111.540,111.550,8300024,930410788.000,100,111.540,100,111.530,100,111.520,200,111.510,1800,111.500,300,111.550,740,111.690,400,111.700,700,111.800,1500,111.880,2020-07-30,10:37:59,00,";
var hq_str_sh603259="药明康德,109.500,109.600,111.420,114.160,109.110,111.420,111.460,8325924,933300345.000,300,111.420,100,111.410,1700,111.400,1200,111.390,5000,111.380,1600,111.460,700,111.500,2400,111.520,600,111.550,2000,111.560,2020-07-30,10:38:59,00,";
var hq_str_sh603259="药明康德,109.500,109.600,111.380,114.160,109.110,111.380,111.390,8343824,935294484.000,5500,111.380,800,111.370,700,111.350,300,111.340,1200,111.320,1600,111.390,100,111.410,5200,111.420,700,111.460,12300,111.500,2020-07-30,10:39:59,00,";
var hq_str_sh603259="药明康德,109.500,109.600,111.100,114.160,109.110,111.100,111.110,8397024,941210459.000,2400,111.100,100,111.090,5000,111.000,100,110.960,100,110.950,300,111.110,400,111.120,600,111.170,400,111.180,500,111.200,2020-07-30,10:40:59,00,";
var hq_str_sh603259="药明康德,109.500,109.600,110.950,114.160,109.110,110.910,110.930,8441024,946096937.000,500,110.910,200,110.900,2700,110.890,4500,110.880,700,110.870,200,110.930,2500,110.950,13900,110.960,1100,111.000,1400,111.100,2020-07-30,10:41:59,00,";
var hq_str_sh603259="药明康德,109.500,109.600,111.200,114.160,109.110,111.090,111.290,8499724,952614427.000,200,111.090,200,111.030,1000,111.020,300,111.010,1000,111.000,400,111.290,100,111.360,500,111.370,200,111.380,800,111.400,2020-07-30,10:42:56,00,";
var hq_str_sh603259="药明康德,109.500,109.600,111.300,114.160,109.110,111.290,111.300,8521124,954997626.000,100,111.290,300,111.230,5000,111.210,300,111.200,500,111.110,200,111.300,400,111.320,700,111.330,400,111.340,1200,111.360,2020-07-30,10:43:59,00,";
var hq_str_sh603259="药明康德,109.500,109.600,110.950,114.160,109.110,110.900,110.950,8568924,960306236.000,700,110.900,2700,110.890,4600,110.880,700,110.870,200,110.850,6600,110.950,6100,111.000,1100,111.010,200,111.120,200,111.150,2020-07-30,10:44:59,00,";
var hq_str_sh603259="药明康德,109.500,109.600,110.940,114.160,109.110,110.930,110.950,8598524,963590282.000,1500,110.930,100,110.920,1000,110.910,6500,110.900,2500,110.890,100,110.950,6900,111.000,1000,111.010,200,111.120,1900,111.200,2020-07-30,10:45:59,00,";
var hq_str_sh603259="药明康德,109.500,109.600,110.770,114.160,109.110,110.760,110.770,8699724,974810832.000,300,110.760,200,110.750,2600,110.720,100,110.710,500,110.700,11200,110.770,36400,110.780,30000,110.790,11600,110.800,700,110.810,2020-07-30,10:46:59,00,";
var hq_str_sh603259="药明康德,109.500,109.600,110.370,114.160,109.110,110.320,110.370,8766815,982232241.000,300,110.320,5600,110.310,3400,110.300,100,110.290,100,110.260,300,110.370,9400,110.390,28000,110.400,25900,110.410,100,110.440,2020-07-30,10:47:56,00,";
var hq_str_sh603259="药明康德,109.500,109.600,110.010,114.160,109.110,110.000,110.010,9224779,1032644164.000,13836,110.000,400,109.990,400,109.980,100,109.920,300,109.900,8700,110.010,700,110.020,5200,110.040,300,110.050,300,110.060,2020-07-30,10:48:59,00,";
var hq_str_sh603259="药明康德,109.500,109.600,110.110,114.160,109.110,110.130,110.320,9581579,1071856723.000,100,110.130,100,110.110,500,110.100,500,110.080,7000,110.040,1100,110.320,100,110.380,1000,110.400,7100,110.410,100,110.490,2020-07-30,10:49:59,00,";
var hq_str_sh603259="药明康德,109.500,109.600,110.390,114.160,109.110,110.390,110.400,9704179,1085364516.000,1100,110.390,100,110.360,2900,110.350,700,110.330,1900,110.320,1400,110.400,14200,110.490,7700,110.500,100,110.530,300,110.600,2020-07-30,10:50:59,00,";
var hq_str_sh603259="药明康德,109.500,109.600,110.530,114.160,109.110,110.520,110.550,9799679,1095920140.000,2200,110.520,1200,110.510,100,110.480,200,110.470,1600,110.460,100,110.550,3500,110.600,900,110.610,300,110.640,10200,110.660,2020-07-30,10:51:59,00,";
var hq_str_sh603259="药明康德,109.500,109.600,110.870,114.160,109.110,110.800,110.860,9859079,1102492216.000,100,110.800,3900,110.790,300,110.750,100,110.720,100,110.710,5000,110.860,300,110.870,500,110.880,1000,110.890,500,110.900,2020-07-30,10:52:59,00,";
var hq_str_sh603259="药明康德,109.500,109.600,110.680,114.160,109.110,110.670,110.690,9913979,1108575085.000,700,110.670,2300,110.660,200,110.600,200,110.560,4100,110.550,600,110.690,1000,110.700,200,110.710,800,110.720,100,110.740,2020-07-30,10:53:59,00,";
var hq_str_sh603259="药明康德,109.500,109.600,110.480,114.160,109.110,110.450,110.460,9951879,1112764918.000,100,110.450,4000,110.440,100,110.430,2100,110.400,300,110.390,300,110.460,300,110.480,5500,110.500,1700,110.510,100,110.520,2020-07-30,10:54:59,00,";
var hq_str_sh603259="药明康德,109.500,109.600,110.450,114.160,109.110,110.450,110.480,10010279,1119208936.000,200,110.450,100,110.360,600,110.350,500,110.340,100,110.320,5400,110.480,3000,110.500,100,110.520,1600,110.530,1000,110.550,2020-07-30,10:55:59,00,";
var hq_str_sh603259="药明康德,109.500,109.600,110.430,114.160,109.110,110.390,110.420,10036579,1122112690.000,100,110.390,2800,110.380,600,110.370,500,110.360,4900,110.350,300,110.420,840,110.430,2900,110.450,100,110.480,500,110.500,2020-07-30,10:56:59,00,";
var hq_str_sh603259="药明康德,109.500,109.600,110.690,114.160,109.110,110.630,110.660,10061419,1124857863.000,900,110.630,100,110.620,100,110.610,2600,110.600,500,110.570,100,110.660,600,110.690,800,110.700,100,110.710,200,110.740,2020-07-30,10:57:59,00,";
var hq_str_sh603259="药明康德,109.500,109.600,110.550,114.160,109.110,110.500,110.550,10099029,1129018212.000,4090,110.500,100,110.480,1160,110.450,600,110.420,1300,110.400,4240,110.550,200,110.560,2800,110.570,400,110.590,200,110.600,2020-07-30,10:58:59,00,";
var hq_str_sh603259="药明康德,109.500,109.600,110.370,114.160,109.110,110.380,110.390,10121879,1131542135.000,2300,110.380,4200,110.350,100,110.340,200,110.330,600,110.320,400,110.390,1900,110.400,3500,110.410,1800,110.420,240,110.450,2020-07-30,10:59:59,00,";
var hq_str_sh603259="药明康德,109.500,109.600,110.710,114.160,109.110,110.720,110.760,10159909,1135743341.000,100,110.720,6200,110.710,3000,110.600,100,110.570,900,110.550,3300,110.760,100,110.800,600,110.860,100,110.970,1200,110.990,2020-07-30,11:00:59,00,";
var hq_str_sh603259="药明康德,109.500,109.600,110.910,114.160,109.110,110.890,110.910,10205409,1140790309.000,100,110.890,700,110.880,500,110.840,1800,110.830,11400,110.820,800,110.910,100,110.990,48500,111.000,300,111.100,700,111.200,2020-07-30,11:01:59,00,";
var hq_str_sh603259="药明康德,109.500,109.600,110.850,114.160,109.110,110.850,110.880,10229409,1143451048.000,200,110.850,7900,110.820,1500,110.800,100,110.790,300,110.760,3400,110.880,100,110.890,200,110.910,600,110.950,3600,110.980,2020-07-30,11:02:59,00,";
var hq_str_sh603259="药明康德,109.500,109.600,111.000,114.160,109.110,110.970,111.000,10275809,1148598489.000,5100,110.970,1300,110.930,1500,110.910,100,110.900,800,110.880,41800,111.000,100,111.050,300,111.100,700,111.200,900,111.280,2020-07-30,11:03:59,00,";
var hq_str_sh603259="药明康德,109.500,109.600,111.230,114.160,109.110,111.280,111.400,10352109,1157072159.000,100,111.280,200,111.230,300,111.200,1700,111.190,100,111.180,300,111.400,200,111.490,500,111.500,100,111.550,100,111.560,2020-07-30,11:04:59,00,";
var hq_str_sh603259="药明康德,109.500,109.600,111.400,114.160,109.110,111.400,111.490,10372909,1159388803.000,1100,111.400,100,111.390,400,111.380,600,111.370,6700,111.360,500,111.490,3800,111.500,100,111.550,100,111.560,800,111.600,2020-07-30,11:05:59,00,";
var hq_str_sh603259="药明康德,109.500,109.600,111.290,114.160,109.110,111.230,111.290,10395009,1161849496.000,2600,111.230,500,111.220,100,111.210,400,111.200,1500,111.190,2580,111.290,2100,111.300,300,111.340,8000,111.360,3708,111.380,2020-07-30,11:06:56,00,";
var hq_str_sh603259="药明康德,109.500,109.600,111.120,114.160,109.110,111.130,111.190,10433309,1166109385.000,100,111.130,100,111.060,2100,111.040,100,111.020,200,111.010,1200,111.190,100,111.280,1280,111.290,2200,111.300,300,111.340,2020-07-30,11:07:59,00,";
var hq_str_sh603259="药明康德,109.500,109.600,111.420,114.160,109.110,111.430,111.480,10475097,1170758747.000,6800,111.430,300,111.400,12,111.390,300,111.380,600,111.370,400,111.480,100,111.490,3400,111.500,100,111.550,100,111.560,2020-07-30,11:08:59,00,";
var hq_str_sh603259="药明康德,109.500,109.600,111.810,114.160,109.110,111.810,111.870,10509717,1174625360.000,100,111.810,100,111.790,4200,111.780,200,111.730,1380,111.700,400,111.870,500,111.880,400,111.900,400,111.930,900,111.940,2020-07-30,11:09:59,00,";
var hq_str_sh603259="药明康德,109.500,109.600,111.690,114.160,109.110,111.660,111.700,10581437,1182647005.000,900,111.660,1100,111.550,100,111.500,100,111.480,200,111.460,100,111.700,8100,111.710,200,111.720,400,111.740,200,111.830,2020-07-30,11:10:59,00,";
var hq_str_sh603259="药明康德,109.500,109.600,111.690,114.160,109.110,111.690,111.790,10611937,1186053125.000,800,111.690,100,111.640,300,111.620,2000,111.580,700,111.560,200,111.790,2300,111.800,300,111.850,3180,111.860,200,111.880,2020-07-30,11:11:59,00,";
var hq_str_sh603259="药明康德,109.500,109.600,111.690,114.160,109.110,111.680,111.690,10632837,1188387901.000,2300,111.680,400,111.670,600,111.660,900,111.620,1700,111.600,800,111.690,700,111.700,400,111.710,1100,111.720,1000,111.730,2020-07-30,11:12:59,00,";
var hq_str_sh603259="药明康德,109.500,109.600,111.690,114.160,109.110,111.690,111.700,10670537,1192600384.000,800,111.690,1100,111.680,200,111.660,900,111.620,1300,111.600,100,111.700,400,111.740,400,111.750,800,111.760,1900,111.770,2020-07-30,11:13:59,00,";
var hq_str_sh603259="药明康德,109.500,109.600,111.540,114.160,109.110,111.530,111.540,10706837,1196654499.000,200,111.530,2900,111.500,900,111.490,100,111.480,300,111.450,100,111.540,100,111.550,800,111.580,300,111.590,5100,111.600,2020-07-30,11:14:59,00,";
var hq_str_sh603259="药明康德,109.500,109.600,111.230,114.160,109.110,111.250,111.300,10743637,1200754186.000,600,111.250,100,111.230,1100,111.130,100,111.110,600,111.100,200,111.300,200,111.330,400,111.400,400,111.410,200,111.430,2020-07-30,11:15:59,00,";
var hq_str_sh603259="药明康德,109.500,109.600,111.270,114.160,109.110,111.230,111.250,10771937,1203903863.000,200,111.230,700,111.200,100,111.150,100,111.140,500,111.130,100,111.250,3000,111.270,500,111.320,16100,111.370,500,111.380,2020-07-30,11:16:59,00,";
var hq_str_sh603259="药明康德,109.500,109.600,110.890,114.160,109.110,110.880,110.900,10816137,1208811800.000,1300,110.880,400,110.870,4200,110.850,7200,110.820,300,110.810,2100,110.900,600,110.960,100,111.000,400,111.030,2300,111.100,2020-07-30,11:17:59,00,";
var hq_str_sh603259="药明康德,109.500,109.600,111.130,114.160,109.110,111.130,111.370,10854737,1213097183.000,300,111.130,500,111.110,3500,111.000,1700,110.990,100,110.930,12900,111.370,300,111.380,200,111.490,1000,111.500,300,111.600,2020-07-30,11:18:59,00,";
var hq_str_sh603259="药明康德,109.500,109.600,110.980,114.160,109.110,110.980,111.000,10891237,1217151846.000,200,110.980,500,110.970,1700,110.960,100,110.930,100,110.920,1200,111.000,500,111.020,200,111.340,1600,111.350,900,111.360,2020-07-30,11:19:59,00,";
var hq_str_sh603259="药明康德,109.500,109.600,111.210,114.160,109.110,111.190,111.220,10933137,1221820351.000,24000,111.190,100,111.120,800,111.110,900,111.100,1300,111.020,800,111.220,100,111.290,100,111.300,100,111.360,100,111.370,2020-07-30,11:20:59,00,";
var hq_str_sh603259="药明康德,109.500,109.600,111.490,114.160,109.110,111.490,111.540,10967417,1225639578.000,20,111.490,800,111.450,200,111.390,400,111.360,500,111.320,100,111.540,1800,111.550,100,111.590,1500,111.690,1200,111.700,2020-07-30,11:21:59,00,";
var hq_str_sh603259="药明康德,109.500,109.600,111.300,114.160,109.110,111.300,111.370,11027637,1232355659.000,100,111.300,2300,111.290,300,111.280,100,111.270,100,111.220,300,111.370,4900,111.450,200,111.470,100,111.490,12000,111.500,2020-07-30,11:22:59,00,";
var hq_str_sh603259="药明康德,109.500,109.600,111.120,114.160,109.110,111.120,111.210,11054737,1235369451.000,300,111.120,400,111.040,200,111.030,100,111.020,1400,111.010,400,111.210,3213,111.300,500,111.460,300,111.490,10800,111.500,2020-07-30,11:23:59,00,";
var hq_str_sh603259="药明康德,109.500,109.600,111.020,114.160,109.110,111.000,111.020,11086837,1238934097.000,200,111.000,1100,110.970,400,110.960,100,110.930,100,110.920,100,111.020,300,111.110,5800,111.190,300,111.200,400,111.280,2020-07-30,11:24:59,00,";
var hq_str_sh603259="药明康德,109.500,109.600,111.010,114.160,109.110,111.050,111.100,11118637,1242464922.000,300,111.050,300,111.020,300,111.010,3100,111.000,100,110.990,5400,111.100,3246,111.110,300,111.140,200,111.160,600,111.200,2020-07-30,11:25:59,00,";
var hq_str_sh603259="药明康德,109.500,109.600,110.710,114.160,109.110,110.710,110.760,11160537,1247112352.000,100,110.710,1200,110.700,100,110.690,800,110.680,100,110.610,100,110.760,2300,110.810,500,110.820,100,110.830,1400,110.840,2020-07-30,11:26:59,00,";
var hq_str_sh603259="药明康德,109.500,109.600,110.400,114.160,109.110,110.400,110.490,11195837,1251014445.000,500,110.400,100,110.370,100,110.360,100,110.350,500,110.340,300,110.490,13500,110.500,100,110.530,100,110.540,2320,110.620,2020-07-30,11:27:59,00,";
var hq_str_sh603259="药明康德,109.500,109.600,110.540,114.160,109.110,110.540,110.620,11228037,1254570467.000,700,110.540,300,110.530,20400,110.500,500,110.490,1100,110.440,2020,110.620,200,110.730,100,110.760,100,110.800,900,110.810,2020-07-30,11:28:59,00,";
var hq_str_sh603259="药明康德,109.500,109.600,110.650,114.160,109.110,110.630,110.650,11249957,1256996190.000,200,110.630,200,110.600,100,110.590,100,110.530,1000,110.520,200,110.650,100,110.690,3600,110.810,300,110.820,200,110.840,2020-07-30,11:29:59,00,";
var hq_str_sh603259="药明康德,109.500,109.600,110.810,114.160,109.110,110.810,110.820,11253857,1257428305.000,1600,110.810,1000,110.650,200,110.630,200,110.600,100,110.590,300,110.820,200,110.840,400,110.880,700,110.920,200,110.960,2020-07-30,13:00:00,00,";
var hq_str_sh603259="药明康德,109.500,109.600,110.440,114.160,109.110,110.440,110.450,11357857,1268932561.000,3800,110.440,100,110.370,100,110.330,200,110.320,2100,110.300,2500,110.450,1200,110.500,2400,110.530,280,110.610,3231,110.650,2020-07-30,13:01:00,00,";
var hq_str_sh603259="药明康德,109.500,109.600,110.530,114.160,109.110,110.550,110.600,11375257,1270855704.000,100,110.550,1300,110.530,200,110.500,200,110.460,1500,110.450,600,110.600,380,110.610,1800,110.640,3231,110.650,3100,110.680,2020-07-30,13:02:00,00,";
var hq_str_sh603259="药明康德,109.500,109.600,110.650,114.160,109.110,110.650,110.670,11414568,1275203352.000,869,110.650,12920,110.580,3900,110.570,7100,110.550,200,110.540,3200,110.670,3000,110.680,5100,110.690,4100,110.700,200,110.830,2020-07-30,13:02:58,00,";
var hq_str_sh603259="药明康德,109.500,109.600,110.940,114.160,109.110,110.860,110.890,11473323,1281709942.000,100,110.860,2960,110.830,100,110.630,900,110.620,800,110.600,200,110.890,800,110.940,700,110.950,100,110.960,1000,110.980,2020-07-30,13:04:00,00,";
var hq_str_sh603259="药明康德,109.500,109.600,110.700,114.160,109.110,110.700,110.710,11507283,1285472554.000,8900,110.700,200,110.630,400,110.600,500,110.590,800,110.580,500,110.710,1000,110.830,1000,110.850,2000,110.870,300,110.880,2020-07-30,13:04:58,00,";
var hq_str_sh603259="药明康德,109.500,109.600,110.650,114.160,109.110,110.600,110.680,11535749,1288623161.000,800,110.600,834,110.590,1200,110.580,7200,110.550,200,110.540,300,110.680,100,110.690,10000,110.700,500,110.710,100,110.770,2020-07-30,13:05:58,00,";
var hq_str_sh603259="药明康德,109.500,109.600,110.460,114.160,109.110,110.460,110.480,11558383,1291125334.000,500,110.460,400,110.400,100,110.390,100,110.380,100,110.350,3200,110.480,100,110.490,8700,110.500,400,110.590,19400,110.600,2020-07-30,13:07:00,00,";
var hq_str_sh603259="药明康德,109.500,109.600,110.280,114.160,109.110,110.270,110.280,11575683,1293034543.000,1000,110.270,1700,110.210,2500,110.200,5100,110.180,2000,110.170,1500,110.280,100,110.290,11200,110.300,100,110.310,600,110.320,2020-07-30,13:07:58,00,";
var hq_str_sh603259="药明康德,109.500,109.600,110.200,114.160,109.110,110.190,110.200,11596883,1295371839.000,200,110.190,5100,110.180,2000,110.170,500,110.160,200,110.150,900,110.200,700,110.220,900,110.230,7200,110.270,2600,110.280,2020-07-30,13:08:58,00,";
var hq_str_sh603259="药明康德,109.500,109.600,110.120,114.160,109.110,110.110,110.150,11646523,1300841115.000,200,110.110,860,110.100,300,110.080,1500,110.070,500,110.060,100,110.150,500,110.160,100,110.170,800,110.180,196,110.190,2020-07-30,13:10:00,00,";
var hq_str_sh603259="药明康德,109.500,109.600,110.150,114.160,109.110,110.080,110.150,11674583,1303929656.000,700,110.080,200,110.060,200,110.050,100,110.030,600,110.020,2340,110.150,196,110.190,200,110.200,100,110.260,4200,110.270,2020-07-30,13:11:00,00,";
var hq_str_sh603259="药明康德,109.500,109.600,110.090,114.160,109.110,110.090,110.180,11776159,1315106341.000,400,110.090,200,110.080,200,110.030,400,110.010,17224,110.000,300,110.180,2300,110.280,1000,110.290,400,110.300,600,110.320,2020-07-30,13:12:00,00,";
var hq_str_sh603259="药明康德,109.500,109.600,110.100,114.160,109.110,110.100,110.150,11814859,1319364851.000,1600,110.100,2200,110.090,8000,110.080,200,110.040,200,110.030,100,110.150,300,110.180,100,110.270,200,110.280,1000,110.290,2020-07-30,13:12:58,00,";
var hq_str_sh603259="药明康德,109.500,109.600,110.410,114.160,109.110,110.420,110.450,11836399,1321742323.000,400,110.420,600,110.410,500,110.380,200,110.370,300,110.360,200,110.450,300,110.500,100,110.550,100,110.580,500,110.590,2020-07-30,13:14:00,00,";
var hq_str_sh603259="药明康德,109.500,109.600,110.720,114.160,109.110,110.670,110.730,11865865,1325000897.000,100,110.670,100,110.660,100,110.650,1000,110.610,234,110.600,100,110.730,900,110.770,1000,110.780,200,110.800,100,110.830,2020-07-30,13:15:00,00,";
var hq_str_sh603259="药明康德,109.500,109.600,110.740,114.160,109.110,110.640,110.740,11888065,1327458746.000,100,110.640,200,110.590,200,110.580,300,110.560,300,110.540,100,110.740,200,110.770,760,110.780,200,110.800,200,110.820,2020-07-30,13:16:00,00,";
var hq_str_sh603259="药明康德,109.500,109.600,110.730,114.160,109.110,110.540,110.730,11917565,1330724839.000,300,110.540,200,110.510,5400,110.500,200,110.450,200,110.380,2200,110.730,1700,110.750,600,110.760,600,110.770,900,110.780,2020-07-30,13:16:58,00,";
var hq_str_sh603259="药明康德,109.500,109.600,110.450,114.160,109.110,110.500,110.540,11935565,1332715149.000,100,110.500,100,110.390,300,110.380,200,110.370,200,110.300,500,110.540,100,110.630,300,110.640,200,110.650,200,110.670,2020-07-30,13:17:58,00,";
var hq_str_sh603259="药明康德,109.500,109.600,110.400,114.160,109.110,110.220,110.400,11955765,1334947456.000,600,110.220,100,110.210,800,110.200,1000,110.190,300,110.180,2100,110.400,1500,110.500,100,110.520,3200,110.570,600,110.600,2020-07-30,13:19:00,00,";
var hq_str_sh603259="药明康德,109.500,109.600,110.250,114.160,109.110,110.240,110.250,11965965,1336072793.000,100,110.240,100,110.230,600,110.220,100,110.210,900,110.200,1100,110.250,200,110.380,3700,110.400,200,110.450,700,110.500,2020-07-30,13:20:00,00,";
var hq_str_sh603259="药明康德,109.500,109.600,110.160,114.160,109.110,110.260,110.320,11990245,1338750478.000,100,110.260,1000,110.160,700,110.150,500,110.140,200,110.130,300,110.320,800,110.360,100,110.400,100,110.450,400,110.500,2020-07-30,13:21:00,00,";
var hq_str_sh603259="药明康德,109.500,109.600,110.050,114.160,109.110,110.050,110.090,12033245,1343485203.000,700,110.050,100,110.040,700,110.030,1000,110.020,18400,110.010,1400,110.090,1100,110.100,2600,110.130,1500,110.200,100,110.240,2020-07-30,13:22:00,00,";
var hq_str_sh603259="药明康德,109.500,109.600,110.160,114.160,109.110,110.250,110.290,12082345,1348892285.000,100,110.250,100,110.220,6800,110.160,100,110.140,800,110.130,100,110.290,100,110.320,500,110.360,800,110.400,1500,110.500,2020-07-30,13:23:00,00,";
var hq_str_sh603259="药明康德,109.500,109.600,110.300,114.160,109.110,110.260,110.300,12093945,1350171276.000,900,110.260,1400,110.250,9000,110.240,1900,110.200,300,110.190,500,110.300,100,110.320,700,110.360,800,110.400,1800,110.490,2020-07-30,13:24:00,00,";
var hq_str_sh603259="药明康德,109.500,109.600,110.480,114.160,109.110,110.440,110.480,12113045,1352279567.000,600,110.440,100,110.430,100,110.410,300,110.400,500,110.370,700,110.480,100,110.490,1600,110.500,5600,110.520,2800,110.530,2020-07-30,13:25:00,00,";
var hq_str_sh603259="药明康德,109.500,109.600,110.500,114.160,109.110,110.480,110.500,12133045,1354489478.000,500,110.480,300,110.470,1200,110.460,5700,110.450,600,110.440,1000,110.500,200,110.510,700,110.520,3300,110.530,3600,110.550,2020-07-30,13:26:00,00,";
var hq_str_sh603259="药明康德,109.500,109.600,110.510,114.160,109.110,110.500,110.510,12150845,1356456942.000,400,110.500,100,110.490,100,110.480,300,110.470,1300,110.460,400,110.510,100,110.520,400,110.550,5300,110.560,300,110.570,2020-07-30,13:27:00,00,";
var hq_str_sh603259="药明康德,109.500,109.600,110.630,114.160,109.110,110.520,110.630,12175545,1359187436.000,200,110.520,700,110.510,1800,110.500,100,110.480,300,110.470,2400,110.630,100,110.670,1200,110.680,1068,110.700,1000,110.720,2020-07-30,13:28:00,00,";
var hq_str_sh603259="药明康德,109.500,109.600,110.630,114.160,109.110,110.630,110.670,12187341,1360492373.000,1404,110.630,500,110.610,2800,110.600,1100,110.580,500,110.530,3400,110.670,200,110.680,100,110.690,1068,110.700,1000,110.720,2020-07-30,13:29:00,00,";
var hq_str_sh603259="药明康德,109.500,109.600,110.800,114.160,109.110,110.800,110.830,12212501,1363276978.000,40,110.800,500,110.730,23600,110.720,100,110.710,700,110.700,100,110.830,1000,110.840,1000,110.850,100,110.920,200,110.950,2020-07-30,13:29:58,00,";
var hq_str_sh603259="药明康德,109.500,109.600,110.820,114.160,109.110,110.820,110.910,12253221,1367788881.000,300,110.820,1100,110.810,19100,110.800,100,110.730,5620,110.720,100,110.910,1500,110.920,2100,110.940,2000,110.950,4900,110.960,2020-07-30,13:31:00,00,";
var hq_str_sh603259="药明康德,109.500,109.600,110.960,114.160,109.110,110.910,110.960,12272621,1369940023.000,100,110.910,4300,110.870,300,110.820,25800,110.800,100,110.730,3300,110.960,1000,110.970,600,110.980,5500,110.990,10760,111.000,2020-07-30,13:32:00,00,";
var hq_str_sh603259="药明康德,109.500,109.600,110.990,114.160,109.110,110.980,110.990,12296821,1372624892.000,400,110.980,2500,110.950,100,110.940,3700,110.930,4500,110.920,3900,110.990,10860,111.000,200,111.010,500,111.050,100,111.060,2020-07-30,13:33:00,00,";
var hq_str_sh603259="药明康德,109.500,109.600,110.880,114.160,109.110,110.820,110.920,12320221,1375220585.000,1200,110.820,500,110.810,42700,110.800,200,110.730,5720,110.720,2100,110.920,700,110.950,4100,110.980,3300,110.990,10360,111.000,2020-07-30,13:34:00,00,";
var hq_str_sh603259="药明康德,109.500,109.600,110.820,114.160,109.110,110.800,110.820,12389921,1382943922.000,4500,110.800,700,110.790,200,110.730,5720,110.720,100,110.710,7746,110.820,100,110.850,200,110.870,400,110.880,200,110.890,2020-07-30,13:35:00,00,";
var hq_str_sh603259="药明康德,109.500,109.600,110.810,114.160,109.110,110.790,110.810,12404921,1384605926.000,500,110.790,800,110.740,400,110.730,5720,110.720,100,110.710,3800,110.810,7546,110.820,100,110.850,100,110.860,200,110.870,2020-07-30,13:35:58,00,";
var hq_str_sh603259="药明康德,109.500,109.600,110.770,114.160,109.110,110.770,110.790,12425633,1386900523.000,400,110.770,200,110.760,200,110.750,1000,110.740,1600,110.730,100,110.790,14700,110.800,8800,110.810,7746,110.820,100,110.860,2020-07-30,13:37:00,00,";
var hq_str_sh603259="药明康德,109.500,109.600,110.920,114.160,109.110,110.890,110.920,12477179,1392612313.000,600,110.890,654,110.770,5000,110.760,1400,110.750,1000,110.740,500,110.920,100,110.960,1200,110.970,3600,110.980,3600,110.990,2020-07-30,13:38:00,00,";
var hq_str_sh603259="药明康德,109.500,109.600,111.000,114.160,109.110,111.000,111.030,12509739,1396224778.000,8440,111.000,400,110.990,700,110.980,200,110.940,600,110.930,300,111.030,600,111.050,100,111.060,100,111.100,1400,111.110,2020-07-30,13:39:00,00,";
var hq_str_sh603259="药明康德,109.500,109.600,111.200,114.160,109.110,111.150,111.200,12530539,1398536262.000,100,111.150,200,111.110,100,111.100,100,111.090,400,111.080,600,111.200,700,111.250,900,111.270,300,111.280,1700,111.290,2020-07-30,13:40:00,00,";
var hq_str_sh603259="药明康德,109.500,109.600,111.090,114.160,109.110,111.090,111.150,12572339,1403185182.000,200,111.090,100,111.050,1300,111.020,100,111.010,5100,111.000,400,111.150,2600,111.180,600,111.200,500,111.240,1900,111.250,2020-07-30,13:41:00,00,";
var hq_str_sh603259="药明康德,109.500,109.600,111.020,114.160,109.110,111.040,111.090,12582539,1404318110.000,100,111.040,400,111.020,600,111.010,5300,111.000,300,110.930,1300,111.090,200,111.100,200,111.130,700,111.150,2280,111.180,2020-07-30,13:41:58,00,";
var hq_str_sh603259="药明康德,109.500,109.600,111.080,114.160,109.110,111.000,111.090,12600039,1406261680.000,4000,111.000,300,110.930,200,110.810,100,110.760,400,110.750,800,111.090,100,111.100,980,111.180,300,111.190,1200,111.200,2020-07-30,13:42:58,00,";
var hq_str_sh603259="药明康德,109.500,109.600,111.020,114.160,109.110,111.000,111.050,12619839,1408459585.000,1400,111.000,100,110.990,900,110.930,100,110.920,100,110.910,100,111.050,500,111.090,2200,111.100,100,111.140,200,111.150,2020-07-30,13:44:00,00,";
var hq_str_sh603259="药明康德,109.500,109.600,110.800,114.160,109.110,110.750,110.800,12643739,1411110773.000,400,110.750,500,110.740,5620,110.720,13200,110.700,300,110.670,400,110.800,300,110.810,100,110.870,100,110.940,600,110.980,2020-07-30,13:45:00,00,";
var hq_str_sh603259="药明康德,109.500,109.600,110.760,114.160,109.110,110.760,110.790,12661639,1413093637.000,800,110.760,300,110.740,400,110.730,5720,110.720,13200,110.700,600,110.790,600,110.800,100,110.870,500,110.980,600,111.000,2020-07-30,13:46:00,00,";
var hq_str_sh603259="药明康德,109.500,109.600,110.720,114.160,109.110,110.700,110.730,12683039,1415463673.000,12120,110.700,4800,110.670,15200,110.630,500,110.600,5500,110.520,600,110.730,152,110.740,100,110.750,1100,110.770,200,110.780,2020-07-30,13:46:58,00,";
var hq_str_sh603259="药明康德,109.500,109.600,110.630,114.160,109.110,110.630,110.660,12708859,1418321737.000,15200,110.630,1000,110.610,500,110.600,5500,110.520,800,110.510,200,110.660,4217,110.670,600,110.700,100,110.710,300,110.720,2020-07-30,13:47:58,00,";
var hq_str_sh603259="药明康德,109.500,109.600,110.510,114.160,109.110,110.510,110.520,12742659,1422060080.000,1600,110.510,17200,110.500,300,110.490,800,110.470,600,110.460,1190,110.520,300,110.540,4700,110.600,2000,110.630,1200,110.640,2020-07-30,13:48:58,00,";
var hq_str_sh603259="药明康德,109.500,109.600,110.630,114.160,109.110,110.590,110.630,12775649,1425706873.000,1100,110.590,2200,110.570,100,110.550,2000,110.510,11710,110.500,400,110.630,1200,110.640,200,110.660,600,110.670,200,110.700,2020-07-30,13:50:00,00,";
var hq_str_sh603259="药明康德,109.500,109.600,111.000,114.160,109.110,110.990,111.000,12812649,1429802388.000,100,110.990,200,110.980,3400,110.960,4100,110.880,3000,110.800,4000,111.000,300,111.050,700,111.080,300,111.090,1000,111.100,2020-07-30,13:51:00,00,";
var hq_str_sh603259="药明康德,109.500,109.600,110.960,114.160,109.110,110.890,110.960,12830949,1431833642.000,200,110.890,200,110.880,2300,110.800,100,110.780,100,110.700,2240,110.960,100,110.980,100,111.000,1700,111.050,900,111.100,2020-07-30,13:51:58,00,";
var hq_str_sh603259="药明康德,109.500,109.600,110.880,114.160,109.110,110.800,110.870,12845689,1433468670.000,1200,110.800,100,110.780,1500,110.700,1000,110.680,300,110.640,300,110.870,3500,110.880,600,110.890,100,110.900,200,110.910,2020-07-30,13:53:00,00,";
var hq_str_sh603259="药明康德,109.500,109.600,110.700,114.160,109.110,110.700,110.770,12864889,1435596044.000,500,110.700,300,110.640,200,110.620,200,110.600,100,110.590,200,110.770,1700,110.780,20500,110.800,500,110.870,1700,110.880,2020-07-30,13:54:00,00,";
var hq_str_sh603259="药明康德,109.500,109.600,110.750,114.160,109.110,110.740,110.750,12873689,1436570680.000,600,110.740,100,110.720,600,110.710,1000,110.700,100,110.640,200,110.750,1800,110.760,100,110.770,5000,110.780,100,110.790,2020-07-30,13:55:00,00,";
var hq_str_sh603259="药明康德,109.500,109.600,110.580,114.160,109.110,110.510,110.620,12891889,1438584851.000,1000,110.510,15310,110.500,300,110.490,800,110.470,600,110.460,1800,110.620,900,110.660,4600,110.700,3900,110.740,100,110.750,2020-07-30,13:56:00,00,";
var hq_str_sh603259="药明康德,109.500,109.600,110.320,114.160,109.110,110.310,110.320,12929499,1442739584.000,100,110.310,1700,110.300,200,110.260,200,110.250,100,110.210,1300,110.320,100,110.330,4200,110.400,800,110.410,190,110.440,2020-07-30,13:57:00,00,";
var hq_str_sh603259="药明康德,109.500,109.600,110.200,114.160,109.110,110.180,110.200,12948299,1444812906.000,200,110.180,300,110.170,200,110.160,1200,110.150,600,110.130,2600,110.200,4700,110.260,100,110.270,500,110.290,300,110.300,2020-07-30,13:57:58,00,";
var hq_str_sh603259="药明康德,109.500,109.600,110.150,114.160,109.110,110.130,110.150,12999599,1450465627.000,1200,110.130,300,110.120,2000,110.110,2600,110.100,200,110.080,16500,110.150,2100,110.190,4400,110.200,4800,110.260,300,110.290,2020-07-30,13:59:00,00,";
var hq_str_sh603259="药明康德,109.500,109.600,109.990,114.160,109.110,109.920,109.990,13151799,1467214789.000,500,109.920,400,109.910,61100,109.900,1200,109.880,300,109.870,1900,109.990,2300,110.000,3000,110.050,100,110.200,600,110.230,2020-07-30,14:00:00,00,";
var hq_str_sh603259="药明康德,109.500,109.600,109.940,114.160,109.110,109.910,109.940,13214879,1474149717.000,520,109.910,51400,109.900,1300,109.880,300,109.870,200,109.860,500,109.940,12400,109.950,100,109.990,2300,110.000,3000,110.050,2020-07-30,14:01:00,00,";
var hq_str_sh603259="药明康德,109.500,109.600,110.050,114.160,109.110,110.010,110.050,13262479,1479383203.000,100,110.010,1000,110.000,300,109.990,500,109.980,100,109.970,100,110.050,100,110.200,4600,110.260,200,110.400,200,110.480,2020-07-30,14:02:00,00,";
var hq_str_sh603259="药明康德,109.500,109.600,110.070,114.160,109.110,110.060,110.180,13285879,1481958847.000,1200,110.060,1500,110.050,5500,110.040,6200,110.030,3200,110.000,3300,110.180,200,110.200,500,110.230,400,110.240,4600,110.260,2020-07-30,14:03:00,00,";
var hq_str_sh603259="药明康德,109.500,109.600,110.180,114.160,109.110,110.100,110.200,13309499,1484559934.000,1100,110.100,300,110.080,500,110.070,6180,110.060,1500,110.050,300,110.200,200,110.210,200,110.220,300,110.230,500,110.240,2020-07-30,14:03:58,00,";
var hq_str_sh603259="药明康德,109.500,109.600,110.120,114.160,109.110,110.120,110.180,13340799,1488006814.000,13700,110.120,1500,110.100,200,110.090,880,110.060,1500,110.050,100,110.180,800,110.190,300,110.200,100,110.220,400,110.240,2020-07-30,14:04:58,00,";
var hq_str_sh603259="药明康德,109.500,109.600,110.700,114.160,109.110,110.630,110.700,13364999,1490678651.000,12200,110.630,7100,110.610,2000,110.600,15600,110.590,10700,110.500,4300,110.700,100,110.750,500,110.760,900,110.780,14300,110.790,2020-07-30,14:06:00,00,";
var hq_str_sh603259="药明康德,109.500,109.600,110.820,114.160,109.110,110.830,110.880,13428739,1497739737.000,100,110.830,1500,110.820,2500,110.790,100,110.710,200,110.700,300,110.880,1200,110.900,100,110.950,100,110.960,1500,110.990,2020-07-30,14:07:00,00,";
var hq_str_sh603259="药明康德,109.500,109.600,110.830,114.160,109.110,110.830,110.880,13447139,1499779369.000,100,110.830,800,110.820,100,110.790,100,110.710,200,110.700,500,110.880,500,110.930,100,110.940,100,110.950,100,110.960,2020-07-30,14:08:00,00,";
var hq_str_sh603259="药明康德,109.500,109.600,110.560,114.160,109.110,110.560,110.600,13467679,1502053648.000,5300,110.560,100,110.540,200,110.530,300,110.410,200,110.400,1200,110.600,400,110.680,100,110.710,100,110.800,200,110.820,2020-07-30,14:09:00,00,";
var hq_str_sh603259="药明康德,109.500,109.600,110.760,114.160,109.110,110.620,110.700,13511179,1506864942.000,1550,110.620,600,110.550,100,110.530,750,110.500,100,110.410,1900,110.700,100,110.710,300,110.790,1700,110.800,100,110.830,2020-07-30,14:10:00,00,";
var hq_str_sh603259="药明康德,109.500,109.600,111.000,114.160,109.110,110.670,110.970,13624079,1519390491.000,4800,110.670,1100,110.650,300,110.620,600,110.550,100,110.530,1300,110.970,600,110.980,100,110.990,500,111.050,100,111.070,2020-07-30,14:10:58,00,";
var hq_str_sh603259="药明康德,109.500,109.600,111.100,114.160,109.110,111.070,111.100,13715620,1529565990.000,200,111.070,100,110.970,800,110.680,300,110.670,1100,110.650,2500,111.100,800,111.190,1100,111.200,500,111.220,1100,111.240,2020-07-30,14:12:00,00,";
var hq_str_sh603259="药明康德,109.500,109.600,110.880,114.160,109.110,110.880,111.000,13738920,1532150251.000,10500,110.880,200,110.810,100,110.700,200,110.570,200,110.560,200,111.000,100,111.020,1100,111.070,1600,111.100,100,111.130,2020-07-30,14:13:00,00,";
var hq_str_sh603259="药明康德,109.500,109.600,110.810,114.160,109.110,110.800,110.810,13776360,1536300708.000,160,110.800,100,110.710,100,110.700,200,110.570,600,110.550,1000,110.810,1000,110.880,200,110.890,500,110.910,200,110.960,2020-07-30,14:13:58,00,";
var hq_str_sh603259="药明康德,109.500,109.600,110.500,114.160,109.110,110.500,110.510,13803170,1539265109.000,10600,110.500,100,110.480,200,110.430,200,110.410,200,110.390,1450,110.510,300,110.520,700,110.560,300,110.570,1500,110.700,2020-07-30,14:15:00,00,";
var hq_str_sh603259="药明康德,109.500,109.600,110.280,114.160,109.110,110.270,110.460,13842306,1543586211.000,164,110.270,200,110.260,4900,110.250,200,110.210,400,110.200,800,110.460,1110,110.500,100,110.510,200,110.520,700,110.560,2020-07-30,14:15:58,00,";
var hq_str_sh603259="药明康德,109.500,109.600,110.320,114.160,109.110,110.300,110.330,13897216,1549644817.000,6400,110.300,3690,110.290,100,110.280,100,110.270,4900,110.250,100,110.330,100,110.390,100,110.410,100,110.450,2500,110.460,2020-07-30,14:17:00,00,";
var hq_str_sh603259="药明康德,109.500,109.600,110.310,114.160,109.110,110.320,110.440,13942356,1554625145.000,100,110.320,9660,110.310,100,110.300,1100,110.290,200,110.280,600,110.440,1500,110.460,100,110.480,300,110.490,1700,110.500,2020-07-30,14:17:58,00,";
var hq_str_sh603259="药明康德,109.500,109.600,110.460,114.160,109.110,110.450,110.460,13962356,1556834136.000,500,110.450,1300,110.400,200,110.380,2800,110.350,200,110.340,400,110.460,800,110.560,100,110.570,11100,110.590,500,110.600,2020-07-30,14:19:00,00,";
var hq_str_sh603259="药明康德,109.500,109.600,110.590,114.160,109.110,110.500,110.590,13998380,1560815845.000,24000,110.500,10700,110.490,100,110.480,500,110.460,400,110.450,3100,110.590,400,110.600,500,110.650,700,110.670,400,110.680,2020-07-30,14:20:00,00,";
var hq_str_sh603259="药明康德,109.500,109.600,110.780,114.160,109.110,110.780,110.790,14025720,1563840251.000,340,110.780,15000,110.710,660,110.680,100,110.610,7060,110.600,100,110.790,2500,110.800,200,110.850,200,110.890,700,110.900,2020-07-30,14:21:00,00,";
var hq_str_sh603259="药明康德,109.500,109.600,110.510,114.160,109.110,110.510,110.520,14112520,1573456447.000,7840,110.510,600,110.500,1200,110.490,400,110.460,100,110.450,1100,110.520,100,110.700,300,110.720,300,110.820,500,110.830,2020-07-30,14:22:00,00,";
var hq_str_sh603259="药明康德,109.500,109.600,110.510,114.160,109.110,110.510,110.520,14176820,1580564280.000,940,110.510,1500,110.500,1200,110.490,800,110.480,400,110.460,3800,110.520,9000,110.660,1300,110.700,400,110.720,800,110.740,2020-07-30,14:23:00,00,";
var hq_str_sh603259="药明康德,109.500,109.600,110.590,114.160,109.110,110.590,110.640,14222885,1585660898.000,200,110.590,100,110.550,2935,110.540,300,110.530,200,110.520,11531,110.640,4200,110.790,65,110.800,100,110.810,200,110.820,2020-07-30,14:24:00,00,";
var hq_str_sh603259="药明康德,109.500,109.600,110.610,114.160,109.110,110.600,110.620,14245752,1588189956.000,12005,110.600,100,110.590,200,110.560,3989,110.550,2174,110.540,100,110.620,6131,110.640,200,110.780,4100,110.790,5965,110.800,2020-07-30,14:25:00,00,";
var hq_str_sh603259="药明康德,109.500,109.600,110.610,114.160,109.110,110.600,110.610,14276947,1591640901.000,170,110.600,700,110.560,3989,110.550,2074,110.540,200,110.530,100,110.610,4288,110.620,800,110.780,4100,110.790,6465,110.800,2020-07-30,14:26:00,00,";
var hq_str_sh603259="药明康德,109.500,109.600,110.640,114.160,109.110,110.640,110.660,14317532,1596129763.000,695,110.640,17435,110.630,100,110.620,3438,110.600,500,110.560,4400,110.660,3400,110.750,100,110.770,600,110.780,4100,110.790,2020-07-30,14:27:00,00,";
var hq_str_sh603259="药明康德,109.500,109.600,110.540,114.160,109.110,110.520,110.540,14383090,1603379629.000,435,110.520,3440,110.510,1000,110.500,1200,110.490,800,110.480,7492,110.540,3000,110.560,7,110.580,300,110.590,1665,110.600,2020-07-30,14:28:00,00,";
var hq_str_sh603259="药明康德,109.500,109.600,110.420,114.160,109.110,110.420,110.450,14415791,1606991502.000,100,110.420,11135,110.400,3569,110.390,600,110.380,970,110.350,2200,110.450,2100,110.460,2266,110.480,100,110.490,700,110.500,2020-07-30,14:29:00,00,";
var hq_str_sh603259="药明康德,109.500,109.600,110.460,114.160,109.110,110.460,110.490,14451614,1610947387.000,11034,110.460,404,110.400,2069,110.390,500,110.380,970,110.350,200,110.490,2200,110.500,6082,110.540,100,110.560,2465,110.600,2020-07-30,14:29:58,00,";
var hq_str_sh603259="药明康德,109.500,109.600,110.320,114.160,109.110,110.320,110.340,14483445,1614462380.000,600,110.320,1000,110.300,100,110.290,100,110.280,500,110.260,8900,110.340,3900,110.350,300,110.380,1130,110.390,2500,110.400,2020-07-30,14:31:00,00,";
var hq_str_sh603259="药明康德,109.500,109.600,110.230,114.160,109.110,110.220,110.230,14532145,1619834205.000,400,110.220,100,110.210,1400,110.200,1500,110.180,200,110.150,4300,110.230,5700,110.250,3000,110.260,7900,110.290,100,110.300,2020-07-30,14:32:00,00,";
var hq_str_sh603259="药明康德,109.500,109.600,110.150,114.160,109.110,110.120,110.150,14564245,1623371289.000,200,110.120,400,110.100,400,110.080,1400,110.060,200,110.050,3200,110.150,100,110.170,1700,110.180,1800,110.190,3100,110.200,2020-07-30,14:33:00,00,";
var hq_str_sh603259="药明康德,109.500,109.600,110.010,114.160,109.110,110.000,110.010,14630765,1630690383.000,77480,110.000,700,109.990,500,109.980,900,109.960,100,109.950,4300,110.010,7980,110.040,2100,110.050,10600,110.060,300,110.090,2020-07-30,14:34:00,00,";
var hq_str_sh603259="药明康德,109.500,109.600,110.060,114.160,109.110,110.030,110.050,14781421,1647263376.000,100,110.030,100,110.020,400,110.010,2324,110.000,2400,109.990,1100,110.050,4100,110.060,100,110.070,100,110.080,600,110.100,2020-07-30,14:35:00,00,";
var hq_str_sh603259="药明康德,109.500,109.600,110.040,114.160,109.110,110.040,110.060,14820121,1651523014.000,600,110.040,22000,110.030,8100,110.020,2000,110.010,3424,110.000,1560,110.060,300,110.180,400,110.190,200,110.200,600,110.210,2020-07-30,14:36:00,00,";
var hq_str_sh603259="药明康德,109.500,109.600,110.060,114.160,109.110,110.030,110.060,14853981,1655249461.000,9800,110.030,300,110.020,1100,110.010,19440,110.000,500,109.990,2700,110.060,100,110.070,400,110.080,100,110.160,600,110.180,2020-07-30,14:37:00,00,";
var hq_str_sh603259="药明康德,109.500,109.600,110.020,114.160,109.110,110.060,110.070,14944282,1665183759.000,4300,110.060,200,110.010,16439,110.000,600,109.990,200,109.980,600,110.070,100,110.160,600,110.180,1225,110.190,900,110.200,2020-07-30,14:38:00,00,";
var hq_str_sh603259="药明康德,109.500,109.600,110.210,114.160,109.110,110.220,110.280,14965807,1667554922.000,300,110.220,3475,110.210,200,110.200,1000,110.190,2800,110.180,2600,110.280,7500,110.290,600,110.300,1500,110.330,2300,110.340,2020-07-30,14:38:58,00,";
var hq_str_sh603259="药明康德,109.500,109.600,110.190,114.160,109.110,110.180,110.190,14994282,1670693464.000,2600,110.180,300,110.170,600,110.160,2100,110.150,600,110.100,1100,110.190,6025,110.290,600,110.300,100,110.310,14300,110.320,2020-07-30,14:40:00,00,";
var hq_str_sh603259="药明康德,109.500,109.600,110.190,114.160,109.110,110.180,110.190,15017882,1673294039.000,1200,110.180,100,110.170,300,110.160,2200,110.150,800,110.100,1100,110.190,600,110.200,100,110.210,100,110.250,1700,110.280,2020-07-30,14:41:00,00,";
var hq_str_sh603259="药明康德,109.500,109.600,110.270,114.160,109.110,110.250,110.270,15062527,1678215085.000,300,110.250,1300,110.190,7900,110.180,100,110.170,300,110.160,1000,110.270,500,110.300,900,110.310,14600,110.320,1600,110.330,2020-07-30,14:42:00,00,";
var hq_str_sh603259="药明康德,109.500,109.600,110.390,114.160,109.110,110.310,110.390,15119217,1684468568.000,700,110.310,2200,110.300,100,110.260,300,110.250,100,110.200,8900,110.390,300,110.400,300,110.460,2800,110.500,5982,110.540,2020-07-30,14:43:00,00,";
var hq_str_sh603259="药明康德,109.500,109.600,110.390,114.160,109.110,110.310,110.390,15154917,1688406550.000,700,110.310,100,110.300,100,110.290,4300,110.280,100,110.260,500,110.390,1015,110.400,1000,110.450,1600,110.460,300,110.480,2020-07-30,14:43:58,00,";
var hq_str_sh603259="药明康德,109.500,109.600,110.460,114.160,109.110,110.460,110.500,15195152,1692848741.000,500,110.460,5180,110.450,600,110.400,485,110.390,100,110.360,2800,110.500,100,110.510,5982,110.540,100,110.550,300,110.560,2020-07-30,14:45:00,00,";
var hq_str_sh603259="药明康德,109.500,109.600,110.480,114.160,109.110,110.470,110.480,15225552,1696207376.000,2300,110.470,200,110.460,2480,110.450,200,110.440,200,110.410,1300,110.480,900,110.490,2400,110.500,500,110.510,100,110.520,2020-07-30,14:46:00,00,";
var hq_str_sh603259="药明康德,109.500,109.600,110.420,114.160,109.110,110.420,110.440,15252852,1699222566.000,700,110.420,500,110.400,685,110.390,300,110.310,600,110.300,1300,110.440,100,110.450,500,110.490,4300,110.500,500,110.510,2020-07-30,14:46:58,00,";
var hq_str_sh603259="药明康德,109.500,109.600,110.290,114.160,109.110,110.250,110.260,15280137,1702231887.000,800,110.250,500,110.240,400,110.230,500,110.200,800,110.190,200,110.260,500,110.290,2900,110.300,100,110.350,200,110.360,2020-07-30,14:48:00,00,";
var hq_str_sh603259="药明康德,109.500,109.600,110.250,114.160,109.110,110.250,110.280,15315037,1706079135.000,1300,110.250,900,110.230,800,110.180,600,110.170,700,110.160,5000,110.280,1600,110.290,4000,110.300,400,110.360,100,110.390,2020-07-30,14:48:58,00,";
var hq_str_sh603259="药明康德,109.500,109.600,110.230,114.160,109.110,110.220,110.230,15347637,1709672827.000,100,110.220,1800,110.210,7200,110.200,100,110.190,1400,110.180,100,110.230,642,110.240,400,110.250,700,110.260,300,110.270,2020-07-30,14:50:00,00,";
var hq_str_sh603259="药明康德,109.500,109.600,110.180,114.160,109.110,110.180,110.190,15383237,1713595777.000,1500,110.180,1000,110.160,2800,110.150,1500,110.100,100,110.070,780,110.190,6700,110.200,300,110.210,500,110.220,100,110.230,2020-07-30,14:51:00,00,";
var hq_str_sh603259="药明康德,109.500,109.600,110.240,114.160,109.110,110.220,110.240,15436697,1719487225.000,3500,110.220,100,110.210,200,110.200,1540,110.180,200,110.170,446,110.240,1500,110.250,400,110.260,900,110.270,5500,110.280,2020-07-30,14:52:00,00,";
var hq_str_sh603259="药明康德,109.500,109.600,110.220,114.160,109.110,110.230,110.250,15483317,1724624992.000,100,110.230,9880,110.220,100,110.200,3100,110.190,12140,110.180,546,110.250,1800,110.260,800,110.270,5500,110.280,1000,110.290,2020-07-30,14:52:58,00,";
var hq_str_sh603259="药明康德,109.500,109.600,110.100,114.160,109.110,110.100,110.170,15556837,1732726094.000,1800,110.100,600,110.070,1700,110.060,200,110.050,300,110.030,5700,110.170,500,110.180,200,110.190,3600,110.200,1853,110.220,2020-07-30,14:54:00,00,";
var hq_str_sh603259="药明康德,109.500,109.600,110.040,114.160,109.110,110.030,110.040,15603197,1737828585.000,500,110.030,440,110.020,3800,110.010,257939,110.000,2700,109.980,400,110.040,400,110.050,1200,110.080,100,110.090,200,110.100,2020-07-30,14:55:00,00,";
var hq_str_sh603259="药明康德,109.500,109.600,110.090,114.160,109.110,110.060,110.070,15660370,1744121281.000,100,110.060,800,110.040,100,110.030,2100,110.020,8500,110.010,100,110.070,500,110.090,700,110.100,800,110.110,1700,110.120,2020-07-30,14:55:59,00,";
var hq_str_sh603259="药明康德,109.500,109.600,110.020,114.160,109.110,110.040,110.040,15711570,1749755120.000,1100,110.040,0,0.000,0,0.000,0,0.000,0,0.000,1100,110.040,3000,0.000,0,0.000,0,0.000,0,0.000,2020-07-30,14:57:00,00,";
var hq_str_sh603259="药明康德,109.500,109.600,110.020,114.160,109.110,110.020,110.020,15711570,1749755120.000,54300,110.020,0,0.000,0,0.000,0,0.000,0,0.000,54300,110.020,14080,0.000,0,0.000,0,0.000,0,0.000,2020-07-30,14:58:00,00,";
var hq_str_sh603259="药明康德,109.500,109.600,110.020,114.160,109.110,110.020,110.020,15711570,1749755120.000,108800,110.020,0,0.000,0,0.000,0,0.000,0,0.000,108800,110.020,21888,0.000,0,0.000,0,0.000,0,0.000,2020-07-30,14:59:00,00,";
