var hq_str_sh603259="药明康德,81.000,81.400,81.000,81.000,81.000,80.880,81.000,123700,10019700.000,300,80.880,100,80.850,900,80.800,14700,80.760,400,80.750,28460,81.000,620,81.010,40,81.050,3280,81.100,300,81.180,2020-06-05,09:29:48,00,";
var hq_str_sh603259="药明康德,81.000,81.400,80.770,81.030,80.700,80.700,80.770,466354,37724644.000,2820,80.700,2600,80.670,300,80.660,6000,80.600,100,80.580,7200,80.770,360,80.800,120,80.850,3500,80.860,1000,80.870,2020-06-05,09:31:00,00,";
var hq_str_sh603259="药明康德,81.000,81.400,80.600,81.030,80.400,80.580,80.600,660474,53374664.000,1000,80.580,1000,80.500,100,80.490,300,80.460,700,80.440,280,80.600,12200,80.610,2040,80.620,3500,80.700,120,80.720,2020-06-05,09:32:00,00,";
var hq_str_sh603259="药明康德,81.000,81.400,80.800,81.030,80.350,80.740,80.800,811474,65538669.000,100,80.740,6480,80.700,100,80.670,1900,80.650,3000,80.600,10140,80.800,700,80.850,500,80.860,1120,80.880,100,80.980,2020-06-05,09:33:00,00,";
var hq_str_sh603259="药明康德,81.000,81.400,80.490,81.030,80.350,80.490,80.500,1053255,85028392.000,199,80.490,1200,80.480,200,80.450,2700,80.440,3400,80.430,1100,80.500,1500,80.510,40,80.580,440,80.600,500,80.610,2020-06-05,09:33:57,00,";
var hq_str_sh603259="药明康德,81.000,81.400,80.410,81.030,80.270,80.400,80.410,1332465,107459898.000,2000,80.400,1480,80.390,300,80.380,1000,80.350,2600,80.340,11500,80.410,120,80.420,480,80.430,4300,80.450,140,80.460,2020-06-05,09:35:00,00,";
var hq_str_sh603259="药明康德,81.000,81.400,80.450,81.030,80.270,80.420,80.450,1594425,128505923.000,4200,80.420,20,80.410,3700,80.400,200,80.390,100,80.380,4760,80.450,2420,80.460,300,80.480,3700,80.490,940,80.500,2020-06-05,09:35:57,00,";
var hq_str_sh603259="药明康德,81.000,81.400,80.460,81.030,80.270,80.440,80.460,1698925,136911140.000,500,80.440,280,80.430,100,80.420,600,80.410,1800,80.400,4000,80.460,1200,80.480,3700,80.490,340,80.500,140,80.540,2020-06-05,09:36:57,00,";
var hq_str_sh603259="药明康德,81.000,81.400,80.290,81.030,80.270,80.280,80.290,1786645,143958698.000,174000,80.280,12200,80.270,10600,80.260,5000,80.250,600,80.240,1900,80.290,5160,80.300,2160,80.310,1480,80.320,2740,80.330,2020-06-05,09:38:00,00,";
var hq_str_sh603259="药明康德,81.000,81.400,80.320,81.030,80.270,80.300,80.320,1897801,152883804.000,7480,80.300,7940,80.290,144244,80.280,11200,80.270,10700,80.260,1260,80.320,140,80.330,340,80.340,700,80.350,280,80.360,2020-06-05,09:39:00,00,";
var hq_str_sh603259="药明康德,81.000,81.400,80.300,81.030,80.270,80.300,80.310,1957841,157705942.000,2800,80.300,12080,80.290,145444,80.280,11200,80.270,11400,80.260,100,80.310,340,80.330,1240,80.340,140,80.350,480,80.360,2020-06-05,09:40:00,00,";
var hq_str_sh603259="药明康德,81.000,81.400,80.360,81.030,80.270,80.350,80.360,2002061,161258478.000,3160,80.350,1420,80.340,7100,80.330,3300,80.320,8700,80.310,400,80.360,1660,80.390,2180,80.400,100,80.410,240,80.420,2020-06-05,09:41:00,00,";
var hq_str_sh603259="药明康德,81.000,81.400,80.330,81.030,80.270,80.330,80.340,2064181,166251887.000,4640,80.330,3000,80.320,9800,80.310,9500,80.300,6600,80.290,12460,80.340,6440,80.350,1500,80.360,120,80.380,180,80.390,2020-06-05,09:42:00,00,";
var hq_str_sh603259="药明康德,81.000,81.400,80.290,81.030,80.270,80.290,80.300,2156381,173657448.000,4240,80.290,148844,80.280,12500,80.270,11600,80.260,6100,80.250,7548,80.300,7940,80.340,6480,80.350,1180,80.360,120,80.380,2020-06-05,09:42:57,00,";
var hq_str_sh603259="药明康德,81.000,81.400,80.500,81.030,80.270,80.500,80.580,2362009,190177140.000,64680,80.500,200,80.450,1100,80.440,100,80.430,100,80.420,40,80.580,520,80.590,1260,80.600,140,80.620,300,80.670,2020-06-05,09:44:00,00,";
var hq_str_sh603259="药明康德,81.000,81.400,80.300,81.030,80.270,80.300,80.320,2503489,201559485.000,2860,80.300,2000,80.290,106916,80.280,13500,80.270,11600,80.260,2100,80.320,1700,80.330,100,80.340,1300,80.390,2189,80.400,2020-06-05,09:44:57,00,";
var hq_str_sh603259="药明康德,81.000,81.400,80.180,81.030,80.180,80.190,80.200,2825265,227388827.000,100,80.190,12300,80.180,300,80.170,1400,80.160,700,80.150,3300,80.200,1200,80.210,1300,80.220,1180,80.240,640,80.250,2020-06-05,09:46:00,00,";
var hq_str_sh603259="药明康德,81.000,81.400,80.080,81.030,80.080,80.070,80.080,3057605,246006278.000,800,80.070,12600,80.060,1900,80.050,100,80.040,1200,80.030,2820,80.080,600,80.090,18640,80.100,400,80.110,100,80.120,2020-06-05,09:47:00,00,";
var hq_str_sh603259="药明康德,81.000,81.400,80.210,81.030,80.060,80.210,80.220,3261401,262332611.000,960,80.210,2940,80.200,800,80.190,1700,80.180,400,80.170,160,80.220,460,80.240,640,80.250,1400,80.260,1600,80.270,2020-06-05,09:48:00,00,";
var hq_str_sh603259="药明康德,81.000,81.400,80.200,81.030,80.060,80.190,80.200,3336121,268325009.000,500,80.190,840,80.170,1600,80.160,3300,80.150,10760,80.140,2580,80.200,5560,80.210,2180,80.220,7140,80.230,60,80.240,2020-06-05,09:49:00,00,";
var hq_str_sh603259="药明康德,81.000,81.400,80.130,81.030,80.060,80.160,80.180,3409161,274180273.000,80,80.160,100,80.120,1780,80.110,106484,80.100,3200,80.080,200,80.180,780,80.190,22380,80.200,5680,80.210,1880,80.220,2020-06-05,09:50:00,00,";
var hq_str_sh603259="药明康德,81.000,81.400,80.160,81.030,80.060,80.150,80.160,3451106,277541351.000,1560,80.150,100,80.140,1855,80.130,3280,80.120,13720,80.110,2860,80.160,680,80.180,980,80.190,30980,80.200,5680,80.210,2020-06-05,09:51:00,00,";
var hq_str_sh603259="药明康德,81.000,81.400,80.200,81.030,80.060,80.180,80.200,3572886,287306278.000,100,80.180,200,80.170,300,80.160,200,80.150,500,80.140,1100,80.200,1020,80.230,2780,80.240,4220,80.250,1440,80.260,2020-06-05,09:52:00,00,";
var hq_str_sh603259="药明康德,81.000,81.400,80.050,81.030,80.040,80.040,80.050,3774670,303470280.000,2100,80.040,11400,80.030,4500,80.020,21000,80.010,193500,80.000,19040,80.050,3020,80.060,440,80.070,340,80.100,100,80.130,2020-06-05,09:53:00,00,";
var hq_str_sh603259="药明康德,81.000,81.400,80.000,81.030,80.000,80.000,80.010,3858710,310195145.000,197360,80.000,5200,79.990,3200,79.980,900,79.970,2000,79.960,1826,80.010,21620,80.020,1960,80.030,720,80.040,17200,80.050,2020-06-05,09:53:57,00,";
var hq_str_sh603259="药明康德,81.000,81.400,80.010,81.030,80.000,80.010,80.020,4019296,323043847.000,400,80.010,158074,80.000,5900,79.990,3200,79.980,900,79.970,8800,80.020,620,80.030,5820,80.050,700,80.060,200,80.070,2020-06-05,09:55:00,00,";
var hq_str_sh603259="药明康德,81.000,81.400,80.010,81.030,80.000,80.010,80.020,4103476,329778489.000,440,80.010,108954,80.000,6300,79.990,3800,79.980,1400,79.970,3980,80.020,620,80.030,6240,80.050,200,80.070,500,80.080,2020-06-05,09:56:00,00,";
var hq_str_sh603259="药明康德,81.000,81.400,80.100,81.030,80.000,80.100,80.130,4136476,332419482.000,380,80.100,500,80.090,580,80.080,900,80.070,100,80.060,140,80.130,100,80.150,1920,80.160,300,80.180,100,80.190,2020-06-05,09:57:00,00,";
var hq_str_sh603259="药明康德,81.000,81.400,80.140,81.030,80.000,80.140,80.150,4163576,334591150.000,2120,80.140,1000,80.120,900,80.110,7660,80.100,1580,80.080,60,80.150,900,80.170,500,80.180,200,80.190,8220,80.200,2020-06-05,09:58:00,00,";
var hq_str_sh603259="药明康德,81.000,81.400,80.200,81.030,80.000,80.190,80.200,4185276,336330746.000,300,80.190,2660,80.170,1500,80.160,7120,80.150,3500,80.140,5520,80.200,100,80.210,600,80.220,1700,80.230,4200,80.250,2020-06-05,09:58:57,00,";
var hq_str_sh603259="药明康德,81.000,81.400,80.200,81.030,80.000,80.160,80.200,4217256,338895113.000,1300,80.160,6500,80.150,3500,80.140,100,80.130,1100,80.120,1100,80.200,720,80.210,200,80.220,1700,80.230,4340,80.250,2020-06-05,10:00:00,00,";
var hq_str_sh603259="药明康德,81.000,81.400,80.160,81.030,80.000,80.170,80.180,4247816,341345353.000,1000,80.170,2200,80.160,7500,80.150,700,80.140,100,80.130,100,80.180,80,80.190,1200,80.200,720,80.210,340,80.220,2020-06-05,10:00:57,00,";
var hq_str_sh603259="药明康德,81.000,81.400,80.200,81.030,80.000,80.180,80.200,4302176,345705424.000,4340,80.180,2000,80.170,500,80.160,6900,80.150,600,80.140,200,80.200,300,80.210,1100,80.220,20000,80.230,720,80.250,2020-06-05,10:02:00,00,";
var hq_str_sh603259="药明康德,81.000,81.400,80.400,81.030,80.000,80.370,80.400,4376496,351671249.000,1080,80.370,200,80.350,600,80.340,600,80.320,1220,80.310,5160,80.400,1800,80.420,340,80.450,280,80.480,7185,80.500,2020-06-05,10:02:57,00,";
var hq_str_sh603259="药明康德,81.000,81.400,80.470,81.030,80.000,80.470,80.480,4442681,356995064.000,1320,80.470,4620,80.460,1400,80.450,100,80.440,1800,80.430,2680,80.480,500,80.490,100,80.500,700,80.520,200,80.530,2020-06-05,10:04:00,00,";
var hq_str_sh603259="药明康德,81.000,81.400,80.480,81.030,80.000,80.470,80.480,4504661,361983388.000,100,80.470,600,80.460,1340,80.450,1000,80.440,1500,80.430,9860,80.480,220,80.500,600,80.520,1520,80.530,540,80.550,2020-06-05,10:05:00,00,";
var hq_str_sh603259="药明康德,81.000,81.400,80.400,81.030,80.000,80.380,80.400,4532081,364188843.000,600,80.380,300,80.370,600,80.360,300,80.350,600,80.340,2300,80.400,2140,80.460,4360,80.470,15760,80.480,1900,80.500,2020-06-05,10:05:57,00,";
var hq_str_sh603259="药明康德,81.000,81.400,80.450,81.030,80.000,80.440,80.450,4565241,366855209.000,100,80.440,1400,80.430,1160,80.400,200,80.390,1500,80.380,220,80.450,3540,80.460,1200,80.470,15760,80.480,300,80.490,2020-06-05,10:07:00,00,";
var hq_str_sh603259="药明康德,81.000,81.400,80.500,81.030,80.000,80.480,80.500,4625072,371670299.000,4000,80.480,1500,80.470,200,80.450,100,80.440,2469,80.430,21040,80.500,1220,80.530,620,80.550,200,80.570,4000,80.580,2020-06-05,10:08:00,00,";
var hq_str_sh603259="药明康德,81.000,81.400,80.470,81.030,80.000,80.470,80.480,4683792,376396864.000,3580,80.470,600,80.460,31100,80.450,700,80.440,2969,80.430,1900,80.480,1360,80.490,17800,80.500,1220,80.530,1180,80.550,2020-06-05,10:09:00,00,";
var hq_str_sh603259="药明康德,81.000,81.400,80.510,81.030,80.000,80.510,80.520,4725672,379767806.000,120,80.510,2520,80.500,2940,80.490,1380,80.480,1540,80.470,200,80.520,1220,80.530,1180,80.550,200,80.570,4000,80.580,2020-06-05,10:10:00,00,";
var hq_str_sh603259="药明康德,81.000,81.400,80.600,81.030,80.000,80.550,80.600,4768812,383243188.000,780,80.550,600,80.540,400,80.530,1200,80.520,500,80.510,21220,80.600,140,80.620,900,80.640,200,80.650,300,80.670,2020-06-05,10:11:00,00,";
var hq_str_sh603259="药明康德,81.000,81.400,80.580,81.030,80.000,80.560,80.580,4813092,386811664.000,1360,80.560,1680,80.550,900,80.540,300,80.530,1100,80.520,1100,80.580,2600,80.590,26200,80.600,140,80.620,1100,80.640,2020-06-05,10:11:57,00,";
var hq_str_sh603259="药明康德,81.000,81.400,80.580,81.030,80.000,80.580,80.590,4879832,392190444.000,800,80.580,600,80.570,1100,80.540,600,80.530,1200,80.520,5600,80.590,9580,80.600,200,80.650,300,80.670,100,80.680,2020-06-05,10:13:00,00,";
var hq_str_sh603259="药明康德,81.000,81.400,80.600,81.030,80.000,80.590,80.600,4909872,394611400.000,5500,80.590,12860,80.580,700,80.570,800,80.560,1000,80.550,20600,80.600,480,80.650,500,80.670,100,80.680,200,80.690,2020-06-05,10:14:00,00,";
var hq_str_sh603259="药明康德,81.000,81.400,80.700,81.030,80.000,80.620,80.670,4976712,399999024.000,1480,80.620,500,80.610,6900,80.600,4880,80.590,11960,80.580,120,80.670,29540,80.700,100,80.710,100,80.750,280,80.780,2020-06-05,10:14:57,00,";
var hq_str_sh603259="药明康德,81.000,81.400,80.660,81.030,80.000,80.650,80.660,5024732,403873436.000,400,80.650,1500,80.640,100,80.630,1980,80.620,500,80.610,80,80.660,4000,80.670,600,80.680,100,80.690,34620,80.700,2020-06-05,10:16:00,00,";
var hq_str_sh603259="药明康德,81.000,81.400,80.600,81.030,80.000,80.600,80.610,5077152,408098008.000,1280,80.600,100,80.550,400,80.520,400,80.510,2800,80.500,1100,80.610,240,80.620,400,80.630,280,80.640,940,80.650,2020-06-05,10:16:57,00,";
var hq_str_sh603259="药明康德,81.000,81.400,80.560,81.030,80.000,80.560,80.630,5120012,411550242.000,820,80.560,1000,80.510,1100,80.500,1200,80.490,280,80.480,200,80.630,500,80.650,1680,80.670,800,80.680,760,80.690,2020-06-05,10:18:00,00,";
var hq_str_sh603259="药明康德,81.000,81.400,80.560,81.030,80.000,80.590,80.600,5140472,413199058.000,100,80.590,80,80.560,960,80.550,1100,80.540,800,80.520,1300,80.600,260,80.610,1100,80.650,1100,80.660,1680,80.670,2020-06-05,10:19:00,00,";
var hq_str_sh603259="药明康德,81.000,81.400,80.590,81.030,80.000,80.580,80.590,5152452,414164444.000,600,80.580,3500,80.570,1200,80.560,2660,80.550,1200,80.540,720,80.590,2160,80.600,400,80.610,1580,80.650,1000,80.660,2020-06-05,10:20:00,00,";
var hq_str_sh603259="药明康德,81.000,81.400,80.600,81.030,80.000,80.570,80.600,5180712,416441684.000,100,80.570,800,80.560,900,80.550,1200,80.540,800,80.520,262,80.600,200,80.630,100,80.640,1580,80.650,1000,80.660,2020-06-05,10:20:57,00,";
var hq_str_sh603259="药明康德,81.000,81.400,80.600,81.030,80.000,80.590,80.600,5210512,418844671.000,1320,80.590,1260,80.580,1400,80.570,3920,80.560,1600,80.550,1980,80.600,300,80.630,2100,80.680,1880,80.690,31780,80.700,2020-06-05,10:22:00,00,";
var hq_str_sh603259="药明康德,81.000,81.400,80.680,81.030,80.000,80.670,80.680,5221772,419752543.000,60,80.670,600,80.640,900,80.630,800,80.620,900,80.610,1620,80.680,1400,80.690,15580,80.700,100,80.710,100,80.750,2020-06-05,10:22:57,00,";
var hq_str_sh603259="药明康德,81.000,81.400,80.800,81.030,80.000,80.780,80.800,5285572,424905899.000,7440,80.780,600,80.760,400,80.750,700,80.740,700,80.720,1840,80.800,300,80.850,80,80.860,400,80.870,2208,80.890,2020-06-05,10:24:00,00,";
var hq_str_sh603259="药明康德,81.000,81.400,80.740,81.030,80.000,80.720,80.740,5311972,427038193.000,700,80.720,500,80.710,10720,80.700,800,80.690,3280,80.680,740,80.740,7800,80.750,4900,80.760,300,80.780,1500,80.790,2020-06-05,10:24:57,00,";
var hq_str_sh603259="药明康德,81.000,81.400,80.750,81.030,80.000,80.710,80.750,5348072,429952606.000,200,80.710,10880,80.700,700,80.690,3380,80.680,900,80.670,1200,80.750,5700,80.760,2000,80.790,28240,80.800,140,80.830,2020-06-05,10:25:57,00,";
var hq_str_sh603259="药明康德,81.000,81.400,80.730,81.030,80.000,80.730,80.740,5362452,431113579.000,480,80.730,1600,80.720,900,80.710,9880,80.700,1400,80.690,100,80.740,6680,80.750,1600,80.760,2700,80.790,33700,80.800,2020-06-05,10:26:57,00,";
var hq_str_sh603259="药明康德,81.000,81.400,80.750,81.030,80.000,80.750,80.760,5386412,433048209.000,11000,80.750,900,80.740,2520,80.730,1200,80.720,800,80.710,520,80.760,200,80.780,2700,80.790,33700,80.800,140,80.830,2020-06-05,10:28:00,00,";
var hq_str_sh603259="药明康德,81.000,81.400,80.750,81.030,80.000,80.750,80.780,5450832,438249783.000,400,80.750,900,80.720,900,80.710,3280,80.700,1500,80.690,400,80.780,4920,80.790,33000,80.800,140,80.830,100,80.850,2020-06-05,10:28:57,00,";
var hq_str_sh603259="药明康德,81.000,81.400,80.760,81.030,80.000,80.780,80.790,5484792,440992737.000,4800,80.780,8240,80.760,3500,80.750,600,80.740,1600,80.720,500,80.790,41580,80.800,140,80.830,100,80.850,180,80.860,2020-06-05,10:30:00,00,";
var hq_str_sh603259="药明康德,81.000,81.400,80.790,81.030,80.000,80.790,80.800,5521992,443998282.000,800,80.790,4300,80.780,1800,80.770,8940,80.760,5500,80.750,40520,80.800,140,80.830,7600,80.850,500,80.860,200,80.870,2020-06-05,10:31:00,00,";
var hq_str_sh603259="药明康德,81.000,81.400,80.770,81.030,80.000,80.750,80.770,5561312,447174437.000,5320,80.750,700,80.740,1700,80.720,200,80.710,4980,80.700,1640,80.770,100,80.780,9940,80.790,38637,80.800,140,80.830,2020-06-05,10:32:00,00,";
var hq_str_sh603259="药明康德,81.000,81.400,80.700,81.030,80.000,80.720,80.730,5587032,449250862.000,500,80.720,4980,80.700,1000,80.690,3880,80.680,1000,80.670,800,80.730,1340,80.740,1440,80.750,200,80.760,400,80.780,2020-06-05,10:33:00,00,";
var hq_str_sh603259="药明康德,81.000,81.400,80.760,81.030,80.000,80.780,80.790,5610852,451174275.000,200,80.780,1500,80.760,3260,80.750,1620,80.740,1500,80.730,6360,80.790,43200,80.800,140,80.830,80,80.840,7800,80.850,2020-06-05,10:34:00,00,";
var hq_str_sh603259="药明康德,81.000,81.400,80.780,81.030,80.000,80.780,80.800,5702152,458551141.000,140,80.780,1000,80.770,860,80.760,3460,80.750,920,80.740,50400,80.800,300,80.850,500,80.860,200,80.870,880,80.880,2020-06-05,10:34:57,00,";
var hq_str_sh603259="药明康德,81.000,81.400,80.800,81.030,80.000,80.790,80.800,5749632,462387147.000,200,80.790,1800,80.780,3200,80.770,1560,80.760,3760,80.750,36817,80.800,300,80.850,700,80.860,200,80.870,600,80.880,2020-06-05,10:36:00,00,";
var hq_str_sh603259="药明康德,81.000,81.400,80.860,81.030,80.000,80.850,80.860,5801889,466609902.000,6500,80.850,1100,80.840,500,80.830,700,80.820,1400,80.810,7920,80.860,200,80.870,1100,80.880,2348,80.890,21280,80.900,2020-06-05,10:37:00,00,";
var hq_str_sh603259="药明康德,81.000,81.400,80.830,81.030,80.000,80.810,80.830,5840289,469713536.000,1700,80.810,7000,80.800,1300,80.790,3000,80.780,2900,80.770,8260,80.830,240,80.850,4620,80.860,200,80.870,3680,80.880,2020-06-05,10:38:00,00,";
var hq_str_sh603259="药明康德,81.000,81.400,80.860,81.030,80.000,80.850,80.860,5864529,471672650.000,30680,80.850,600,80.830,5300,80.820,1000,80.810,11280,80.800,3820,80.860,200,80.870,3680,80.880,2388,80.890,21340,80.900,2020-06-05,10:39:00,00,";
var hq_str_sh603259="药明康德,81.000,81.400,80.890,81.030,80.000,80.890,80.900,5910437,475386125.000,5712,80.890,3000,80.880,600,80.870,2880,80.860,30080,80.850,7840,80.900,2020,80.950,2200,80.960,3880,80.970,140,80.980,2020-06-05,10:39:57,00,";
var hq_str_sh603259="药明康德,81.000,81.400,80.950,81.030,80.000,80.940,80.950,5951737,478728100.000,1800,80.940,200,80.930,700,80.920,500,80.910,8940,80.900,2080,80.950,1900,80.960,3100,80.970,140,80.980,4000,80.990,2020-06-05,10:41:00,00,";
var hq_str_sh603259="药明康德,81.000,81.400,81.000,81.040,80.000,80.990,81.000,6027857,484892695.000,1300,80.990,1500,80.980,1000,80.970,800,80.960,2480,80.950,17200,81.000,300,81.060,500,81.070,100,81.090,1300,81.100,2020-06-05,10:42:00,00,";
var hq_str_sh603259="药明康德,81.000,81.400,81.070,81.100,80.000,81.040,81.070,6069697,488282633.000,800,81.040,1000,81.020,100,81.010,7000,81.000,1060,80.990,11960,81.070,300,81.080,2100,81.100,800,81.150,2000,81.160,2020-06-05,10:43:00,00,";
var hq_str_sh603259="药明康德,81.000,81.400,81.100,81.200,80.000,81.090,81.100,6171377,496530180.000,400,81.090,800,81.080,8500,81.070,2240,81.060,200,81.050,17700,81.100,1400,81.150,160,81.200,40,81.210,100,81.230,2020-06-05,10:43:57,00,";
var hq_str_sh603259="药明康德,81.000,81.400,80.960,81.200,80.000,80.960,80.970,6229057,501205119.000,900,80.960,1500,80.950,200,80.940,200,80.930,700,80.920,300,80.970,5300,81.000,300,81.030,3140,81.040,700,81.050,2020-06-05,10:45:00,00,";
var hq_str_sh603259="药明康德,81.000,81.400,81.000,81.200,80.000,80.990,81.000,6246897,502649807.000,12400,80.990,480,80.980,6580,80.960,3100,80.950,1100,80.940,35300,81.000,300,81.030,40,81.040,200,81.050,44120,81.100,2020-06-05,10:45:57,00,";
var hq_str_sh603259="药明康德,81.000,81.400,80.990,81.200,80.000,80.990,81.000,6298577,506835793.000,11920,80.990,680,80.980,4580,80.960,1800,80.950,700,80.940,5780,81.000,300,81.030,40,81.040,240,81.050,44380,81.100,2020-06-05,10:47:00,00,";
var hq_str_sh603259="药明康德,81.000,81.400,81.040,81.200,80.000,81.040,81.050,6320897,508643738.000,460,81.040,400,81.030,11980,81.010,3220,81.000,5340,80.990,200,81.050,100,81.090,44380,81.100,700,81.150,100,81.160,2020-06-05,10:48:00,00,";
var hq_str_sh603259="药明康德,81.000,81.400,81.150,81.200,80.000,81.130,81.150,6377335,513220671.000,1300,81.130,1000,81.110,2720,81.100,6882,81.090,1200,81.080,1400,81.150,100,81.160,300,81.170,100,81.180,400,81.190,2020-06-05,10:49:00,00,";
var hq_str_sh603259="药明康德,81.000,81.400,81.220,81.240,80.000,81.220,81.240,6399235,514998465.000,1000,81.220,300,81.210,5640,81.200,3900,81.190,1000,81.180,12,81.240,540,81.250,2100,81.260,280,81.270,700,81.280,2020-06-05,10:50:00,00,";
var hq_str_sh603259="药明康德,81.000,81.400,81.280,81.290,80.000,81.280,81.290,6448947,519038137.000,460,81.280,1200,81.270,1500,81.250,980,81.240,100,81.230,1400,81.290,280,81.300,100,81.310,100,81.320,900,81.330,2020-06-05,10:51:00,00,";
var hq_str_sh603259="药明康德,81.000,81.400,81.310,81.330,80.000,81.310,81.320,6488527,522255646.000,1320,81.310,100,81.300,760,81.280,700,81.260,2100,81.250,100,81.320,400,81.330,440,81.340,3140,81.350,560,81.360,2020-06-05,10:52:00,00,";
var hq_str_sh603259="药明康德,81.000,81.400,81.100,81.330,80.000,81.110,81.120,6535427,526065668.000,100,81.110,3820,81.100,100,81.090,600,81.080,600,81.060,600,81.120,900,81.180,3700,81.190,800,81.200,100,81.220,2020-06-05,10:53:00,00,";
var hq_str_sh603259="药明康德,81.000,81.400,81.060,81.330,80.000,81.050,81.060,6555967,527730833.000,620,81.050,800,81.010,3900,81.000,1340,80.990,600,80.980,700,81.060,220,81.070,600,81.080,100,81.090,2300,81.100,2020-06-05,10:53:57,00,";
var hq_str_sh603259="药明康德,81.000,81.400,80.990,81.330,80.000,81.000,81.010,6583927,529995807.000,100,81.000,1400,80.990,600,80.980,600,80.970,4600,80.960,160,81.010,1000,81.040,2800,81.050,580,81.060,220,81.070,2020-06-05,10:55:00,00,";
var hq_str_sh603259="药明康德,81.000,81.400,81.050,81.330,80.000,81.040,81.050,6608267,531967608.000,100,81.040,580,81.030,4800,81.020,760,81.010,900,81.000,200,81.050,100,81.070,880,81.100,140,81.110,700,81.120,2020-06-05,10:56:00,00,";
var hq_str_sh603259="药明康德,81.000,81.400,81.190,81.330,80.000,81.180,81.190,6623947,533239910.000,8100,81.180,300,81.170,600,81.160,600,81.140,800,81.130,1100,81.190,240,81.200,1700,81.250,400,81.270,10000,81.280,2020-06-05,10:57:00,00,";
var hq_str_sh603259="药明康德,81.000,81.400,81.160,81.330,80.000,81.160,81.170,6661407,536281289.000,700,81.160,1700,81.140,700,81.120,200,81.110,600,81.100,15760,81.170,3044,81.180,680,81.200,140,81.230,4300,81.270,2020-06-05,10:58:00,00,";
var hq_str_sh603259="药明康德,81.000,81.400,81.160,81.330,80.000,81.150,81.160,6698427,539285911.000,200,81.150,600,81.140,680,81.120,300,81.110,900,81.100,1944,81.160,680,81.200,360,81.220,140,81.230,100,81.240,2020-06-05,10:58:57,00,";
var hq_str_sh603259="药明康德,81.000,81.400,81.110,81.330,80.000,81.110,81.120,6716287,540734943.000,620,81.110,900,81.100,700,81.080,1200,81.060,600,81.040,1380,81.120,140,81.140,2484,81.150,200,81.160,920,81.200,2020-06-05,11:00:00,00,";
var hq_str_sh603259="药明康德,81.000,81.400,81.060,81.330,80.000,81.050,81.060,6735567,542298166.000,1300,81.050,2300,81.040,820,81.030,1000,81.020,160,81.010,880,81.060,200,81.080,700,81.090,2300,81.100,140,81.110,2020-06-05,11:00:57,00,";
var hq_str_sh603259="药明康德,81.000,81.400,81.030,81.330,80.000,81.030,81.040,6758247,544136246.000,700,81.030,2580,81.000,800,80.980,1800,80.960,3900,80.950,2360,81.040,1580,81.050,5660,81.060,620,81.070,80,81.080,2020-06-05,11:02:00,00,";
var hq_str_sh603259="药明康德,81.000,81.400,80.920,81.330,80.000,80.890,80.920,6817487,548931512.000,1500,80.890,4900,80.880,300,80.870,1980,80.860,29480,80.850,1900,80.920,800,80.980,1280,81.000,240,81.030,560,81.050,2020-06-05,11:03:00,00,";
var hq_str_sh603259="药明康德,81.000,81.400,81.000,81.330,80.000,81.000,81.020,6837087,550517962.000,480,81.000,500,80.990,3400,80.980,200,80.970,800,80.960,600,81.020,200,81.030,40,81.040,560,81.050,260,81.060,2020-06-05,11:04:00,00,";
var hq_str_sh603259="药明康德,81.000,81.400,81.070,81.330,80.000,81.070,81.080,6847107,551330049.000,800,81.070,1960,81.060,3120,81.050,600,81.040,1000,81.030,1580,81.080,680,81.090,1100,81.100,140,81.110,40,81.120,2020-06-05,11:05:00,00,";
var hq_str_sh603259="药明康德,81.000,81.400,81.190,81.330,80.000,81.140,81.190,6856447,552087745.000,5300,81.140,7800,81.130,3460,81.110,2400,81.100,1700,81.090,220,81.190,8080,81.200,280,81.210,340,81.230,100,81.240,2020-06-05,11:06:00,00,";
var hq_str_sh603259="药明康德,81.000,81.400,81.260,81.330,80.000,81.260,81.270,6875087,553601585.000,260,81.260,1300,81.250,3100,81.240,7260,81.230,1700,81.220,3940,81.270,8240,81.280,11200,81.300,820,81.310,140,81.320,2020-06-05,11:07:00,00,";
var hq_str_sh603259="药明康德,81.000,81.400,81.300,81.330,80.000,81.300,81.310,6911607,556570163.000,8400,81.300,2340,81.290,8920,81.280,6460,81.270,620,81.260,820,81.310,140,81.320,2000,81.330,400,81.340,4980,81.350,2020-06-05,11:08:00,00,";
var hq_str_sh603259="药明康德,81.000,81.400,81.360,81.380,80.000,81.350,81.360,6938567,558763229.000,8900,81.350,3500,81.340,900,81.330,3720,81.320,1100,81.310,700,81.360,680,81.380,1040,81.390,6708,81.400,200,81.410,2020-06-05,11:09:00,00,";
var hq_str_sh603259="药明康德,81.000,81.400,81.480,81.490,80.000,81.480,81.490,6979915,562131096.000,1060,81.480,3860,81.470,11500,81.460,3400,81.450,560,81.440,760,81.490,6780,81.500,2100,81.510,380,81.520,140,81.530,2020-06-05,11:10:00,00,";
var hq_str_sh603259="药明康德,81.000,81.400,81.520,81.520,80.000,81.520,81.530,7015935,565066492.000,760,81.520,4000,81.510,6560,81.500,9680,81.490,1540,81.480,340,81.530,100,81.540,400,81.550,2300,81.580,140,81.590,2020-06-05,11:11:00,00,";
var hq_str_sh603259="药明康德,81.000,81.400,81.650,81.650,80.000,81.640,81.650,7042135,567204651.000,2800,81.640,8980,81.630,3060,81.620,700,81.610,2700,81.600,8100,81.650,940,81.660,300,81.670,3800,81.680,100,81.700,2020-06-05,11:12:00,00,";
var hq_str_sh603259="药明康德,81.000,81.400,81.780,81.780,80.000,81.770,81.780,7075295,569913871.000,100,81.770,3720,81.760,5120,81.740,700,81.730,1000,81.720,1420,81.780,1900,81.800,2020,81.810,300,81.820,2900,81.830,2020-06-05,11:13:00,00,";
var hq_str_sh603259="药明康德,81.000,81.400,81.810,81.830,80.000,81.800,81.810,7112475,572955239.000,300,81.800,200,81.790,4400,81.780,2380,81.770,1300,81.760,1500,81.810,3600,81.820,1540,81.830,100,81.840,900,81.850,2020-06-05,11:13:57,00,";
var hq_str_sh603259="药明康德,81.000,81.400,81.650,81.830,80.000,81.650,81.660,7161723,576978865.000,3752,81.650,900,81.610,220,81.590,700,81.580,600,81.570,800,81.660,100,81.680,500,81.690,1000,81.700,500,81.720,2020-06-05,11:14:57,00,";
var hq_str_sh603259="药明康德,81.000,81.400,81.750,81.830,80.000,81.700,81.740,7202703,580326363.000,100,81.700,872,81.690,600,81.670,800,81.660,600,81.650,400,81.740,10679,81.750,100,81.760,300,81.770,880,81.790,2020-06-05,11:16:00,00,";
var hq_str_sh603259="药明康德,81.000,81.400,81.800,81.830,80.000,81.800,81.810,7236542,583093014.000,200,81.800,1500,81.790,1900,81.770,1760,81.760,8761,81.750,1400,81.810,2600,81.820,2340,81.830,200,81.840,700,81.850,2020-06-05,11:17:00,00,";
var hq_str_sh603259="药明康德,81.000,81.400,81.870,81.900,80.000,81.870,81.880,7283122,586905389.000,960,81.870,1500,81.860,1500,81.850,300,81.840,800,81.830,120,81.880,20,81.900,20,81.910,100,81.920,300,81.930,2020-06-05,11:18:00,00,";
var hq_str_sh603259="药明康德,81.000,81.400,81.900,81.970,80.000,81.900,81.910,7328162,590595275.000,60,81.900,800,81.890,100,81.880,600,81.870,800,81.860,1300,81.910,1000,81.920,1640,81.930,2536,81.950,4040,81.980,2020-06-05,11:19:00,00,";
var hq_str_sh603259="药明康德,81.000,81.400,81.830,81.970,80.000,81.830,81.850,7383562,595131470.000,160,81.830,900,81.820,1200,81.810,3300,81.800,880,81.790,100,81.850,4400,81.860,320,81.880,6060,81.890,3120,81.900,2020-06-05,11:20:00,00,";
var hq_str_sh603259="药明康德,81.000,81.400,82.000,82.020,80.000,82.000,82.020,7493647,604153452.000,5495,82.000,100,81.990,100,81.950,2000,81.930,320,81.920,900,82.020,900,82.030,300,82.050,2140,82.080,100,82.090,2020-06-05,11:21:00,00,";
var hq_str_sh603259="药明康德,81.000,81.400,81.940,82.020,80.000,81.940,81.950,7546262,608466613.000,300,81.940,680,81.930,100,81.920,600,81.910,14920,81.900,380,81.950,5360,81.970,1100,81.980,2420,81.990,20913,82.000,2020-06-05,11:22:00,00,";
var hq_str_sh603259="药明康德,81.000,81.400,81.800,82.020,80.000,81.800,81.880,7593922,612369498.000,4700,81.800,680,81.790,1600,81.770,200,81.760,8661,81.750,740,81.880,8280,81.890,500,81.900,200,81.920,100,81.940,2020-06-05,11:23:00,00,";
var hq_str_sh603259="药明康德,81.000,81.400,81.810,82.020,80.000,81.810,81.820,7628006,615158208.000,1016,81.810,300,81.800,300,81.790,1900,81.770,1200,81.760,100,81.820,1400,81.850,3700,81.860,1840,81.870,1800,81.880,2020-06-05,11:24:00,00,";
var hq_str_sh603259="药明康德,81.000,81.400,81.780,82.020,80.000,81.780,81.820,7671439,618710532.000,983,81.780,100,81.750,300,81.740,600,81.730,3000,81.710,3100,81.820,500,81.850,100,81.860,100,81.870,1700,81.880,2020-06-05,11:25:00,00,";
var hq_str_sh603259="药明康德,81.000,81.400,81.800,82.020,80.000,81.800,81.810,7690699,620285798.000,9340,81.800,1060,81.790,800,81.780,600,81.770,600,81.760,6500,81.810,4940,81.820,1120,81.850,100,81.860,100,81.870,2020-06-05,11:25:57,00,";
var hq_str_sh603259="药明康德,81.000,81.400,81.790,82.020,80.000,81.790,81.800,7725819,623158685.000,1120,81.790,1200,81.780,600,81.770,600,81.760,600,81.750,824,81.800,500,81.810,10540,81.820,1520,81.850,100,81.860,2020-06-05,11:27:00,00,";
var hq_str_sh603259="药明康德,81.000,81.400,81.790,82.020,80.000,81.790,81.800,7748659,625026949.000,380,81.790,1100,81.780,600,81.770,600,81.760,600,81.750,2120,81.800,1640,81.810,3664,81.820,1520,81.850,100,81.860,2020-06-05,11:28:00,00,";
var hq_str_sh603259="药明康德,81.000,81.400,81.760,82.020,80.000,81.730,81.750,7772659,626989261.000,100,81.730,900,81.720,2480,81.710,600,81.700,700,81.690,1300,81.750,1500,81.760,740,81.770,320,81.790,15740,81.800,2020-06-05,11:29:00,00,";
var hq_str_sh603259="药明康德,81.000,81.400,81.680,82.020,80.000,81.680,81.700,7787479,628200381.000,1560,81.680,300,81.670,600,81.660,700,81.650,600,81.630,1280,81.700,2500,81.710,500,81.730,100,81.750,640,81.770,2020-06-05,11:29:57,00,";
var hq_str_sh603259="药明康德,81.000,81.400,81.680,82.020,80.000,81.680,81.700,7787479,628200381.000,1560,81.680,300,81.670,600,81.660,700,81.650,600,81.630,1280,81.700,2500,81.710,500,81.730,100,81.750,640,81.770,2020-06-05,11:30:00,00,";
var hq_str_sh603259="药明康德,81.000,81.400,81.670,82.020,80.000,81.670,81.680,7892878,636808872.000,638,81.670,3800,81.660,700,81.650,760,81.630,2000,81.610,2709,81.680,100,81.690,7341,81.700,300,81.720,10000,81.750,2020-06-05,13:00:57,00,";
var hq_str_sh603259="药明康德,81.000,81.400,81.700,82.020,80.000,81.680,81.700,7907497,638002882.000,800,81.680,2137,81.670,3782,81.660,700,81.650,760,81.630,7341,81.700,10000,81.750,240,81.770,40,81.780,800,81.790,2020-06-05,13:01:57,00,";
var hq_str_sh603259="药明康德,81.000,81.400,81.770,82.020,80.000,81.770,81.780,7934274,640191329.000,400,81.770,19,81.760,2700,81.750,1700,81.740,666,81.730,640,81.780,800,81.790,17100,81.800,1080,81.810,1000,81.820,2020-06-05,13:02:57,00,";
var hq_str_sh603259="药明康德,81.000,81.400,81.790,82.020,80.000,81.800,81.820,7976559,643650042.000,100,81.800,2139,81.790,8797,81.780,899,81.770,719,81.760,10910,81.820,200,81.830,1520,81.850,100,81.860,100,81.870,2020-06-05,13:03:57,00,";
var hq_str_sh603259="药明康德,81.000,81.400,81.820,82.020,80.000,81.810,81.820,8011058,646472700.000,3230,81.810,1771,81.800,339,81.790,700,81.780,99,81.770,808,81.820,1200,81.830,460,81.850,400,81.860,100,81.870,2020-06-05,13:05:00,00,";
var hq_str_sh603259="药明康德,81.000,81.400,81.700,82.020,80.000,81.680,81.700,8034016,648350649.000,600,81.680,600,81.670,182,81.660,600,81.650,660,81.630,100,81.700,771,81.720,1200,81.750,300,81.770,2920,81.780,2020-06-05,13:05:57,00,";
var hq_str_sh603259="药明康德,81.000,81.400,81.600,82.020,80.000,81.600,81.660,8079246,652042217.000,9560,81.600,1972,81.590,1000,81.580,600,81.570,700,81.550,900,81.660,1760,81.670,500,81.680,900,81.690,1940,81.700,2020-06-05,13:06:57,00,";
var hq_str_sh603259="药明康德,81.000,81.400,81.710,82.020,80.000,81.710,81.730,8108649,654443847.000,97,81.710,10360,81.700,600,81.690,600,81.670,900,81.650,500,81.730,200,81.740,340,81.760,1420,81.770,3200,81.780,2020-06-05,13:07:57,00,";
var hq_str_sh603259="药明康德,81.000,81.400,81.630,82.020,80.000,81.600,81.650,8137815,656826266.000,3874,81.600,872,81.590,1000,81.580,600,81.570,700,81.550,860,81.650,100,81.660,2880,81.670,8000,81.680,5100,81.690,2020-06-05,13:08:57,00,";
var hq_str_sh603259="药明康德,81.000,81.400,81.490,82.020,80.000,81.480,81.490,8171581,659579512.000,40,81.480,1600,81.470,7100,81.460,600,81.450,60,81.440,3300,81.490,7615,81.500,348,81.510,1000,81.520,1960,81.540,2020-06-05,13:10:00,00,";
var hq_str_sh603259="药明康德,81.000,81.400,81.400,82.020,80.000,81.400,81.410,8211501,662830571.000,480,81.400,1000,81.390,200,81.380,800,81.370,1000,81.350,3420,81.410,1940,81.420,2903,81.440,100,81.450,5540,81.460,2020-06-05,13:10:57,00,";
var hq_str_sh603259="药明康德,81.000,81.400,81.290,82.020,80.000,81.290,81.320,8247061,665722990.000,740,81.290,1700,81.280,600,81.270,20,81.260,600,81.250,6400,81.320,2720,81.330,1500,81.340,3600,81.350,21000,81.390,2020-06-05,13:11:57,00,";
var hq_str_sh603259="药明康德,81.000,81.400,81.300,82.020,80.000,81.300,81.310,8265061,667186303.000,2360,81.300,4700,81.290,900,81.280,600,81.270,20,81.260,140,81.310,6400,81.320,1220,81.330,1500,81.340,2600,81.350,2020-06-05,13:12:57,00,";
var hq_str_sh603259="药明康德,81.000,81.400,81.310,82.020,80.000,81.310,81.320,8277627,668208074.000,4540,81.310,1694,81.300,1400,81.290,1000,81.280,600,81.270,440,81.320,1220,81.330,2600,81.350,21000,81.390,2330,81.400,2020-06-05,13:13:57,00,";
var hq_str_sh603259="药明康德,81.000,81.400,81.350,82.020,80.000,81.340,81.350,8297508,669825097.000,300,81.340,311,81.330,6348,81.320,1300,81.310,1594,81.300,1800,81.350,1220,81.380,21000,81.390,2330,81.400,2160,81.410,2020-06-05,13:14:57,00,";
var hq_str_sh603259="药明康德,81.000,81.400,81.350,82.020,80.000,81.310,81.350,8321321,671761755.000,900,81.310,3594,81.300,1300,81.290,800,81.280,100,81.270,5440,81.350,1300,81.380,21000,81.390,2230,81.400,2160,81.410,2020-06-05,13:15:57,00,";
var hq_str_sh603259="药明康德,81.000,81.400,81.300,82.020,80.000,81.290,81.300,8345215,673704647.000,700,81.290,400,81.280,100,81.270,20,81.260,500,81.250,137,81.300,1200,81.310,1300,81.320,140,81.330,400,81.340,2020-06-05,13:16:57,00,";
var hq_str_sh603259="药明康德,81.000,81.400,81.300,82.020,80.000,81.320,81.330,8376902,676281222.000,200,81.320,13513,81.300,600,81.290,500,81.280,100,81.270,240,81.330,300,81.340,3300,81.350,1580,81.380,21000,81.390,2020-06-05,13:17:57,00,";
var hq_str_sh603259="药明康德,81.000,81.400,81.300,82.020,80.000,81.260,81.300,8413091,679223548.000,600,81.260,900,81.240,344,81.230,500,81.210,3200,81.200,7035,81.300,1580,81.380,21000,81.390,3870,81.400,820,81.410,2020-06-05,13:18:57,00,";
var hq_str_sh603259="药明康德,81.000,81.400,81.300,82.020,80.000,81.300,81.350,8427995,680435166.000,1165,81.300,2231,81.290,1200,81.280,300,81.270,400,81.250,1000,81.350,1680,81.380,21000,81.390,3450,81.400,820,81.410,2020-06-05,13:19:57,00,";
var hq_str_sh603259="药明康德,81.000,81.400,81.390,82.020,80.000,81.390,81.400,8475855,684329814.000,6520,81.390,4100,81.380,200,81.360,61560,81.350,10000,81.340,1850,81.400,820,81.410,1400,81.420,1040,81.490,21715,81.500,2020-06-05,13:20:57,00,";
var hq_str_sh603259="药明康德,81.000,81.400,81.500,82.020,80.000,81.490,81.500,8513779,687419489.000,366,81.490,800,81.480,8300,81.470,900,81.460,600,81.440,9175,81.500,500,81.520,460,81.540,1700,81.550,40,81.600,2020-06-05,13:21:57,00,";
var hq_str_sh603259="药明康德,81.000,81.400,81.520,82.020,80.000,81.520,81.540,8536120,689240228.000,4865,81.520,1800,81.500,1400,81.490,11580,81.480,800,81.470,660,81.540,1700,81.550,340,81.600,160,81.650,100,81.660,2020-06-05,13:22:57,00,";
var hq_str_sh603259="药明康德,81.000,81.400,81.700,82.020,80.000,81.670,81.700,8554296,690724286.000,124,81.670,600,81.660,700,81.650,600,81.640,100,81.630,2740,81.700,180,81.750,240,81.760,300,81.770,400,81.790,2020-06-05,13:23:57,00,";
var hq_str_sh603259="药明康德,81.000,81.400,81.730,82.020,80.000,81.730,81.740,8613243,695542588.000,1800,81.730,5853,81.710,1300,81.700,100,81.690,24,81.670,5045,81.740,2640,81.760,560,81.770,760,81.780,1500,81.790,2020-06-05,13:25:00,00,";
var hq_str_sh603259="药明康德,81.000,81.400,81.570,82.020,80.000,81.570,81.600,8658955,699274770.000,400,81.570,400,81.550,445,81.480,1700,81.470,700,81.460,2740,81.600,5861,81.620,1400,81.680,800,81.690,36041,81.700,2020-06-05,13:25:57,00,";
var hq_str_sh603259="药明康德,81.000,81.400,81.470,82.020,80.000,81.460,81.470,8686081,701486077.000,619,81.460,100,81.450,600,81.440,300,81.430,1760,81.420,1700,81.470,5500,81.490,10740,81.500,40,81.560,100,81.580,2020-06-05,13:27:00,00,";
var hq_str_sh603259="药明康德,81.000,81.400,81.300,82.020,80.000,81.300,81.340,8776249,708823279.000,1997,81.300,331,81.290,700,81.280,600,81.260,600,81.250,9300,81.340,2726,81.350,100,81.380,1800,81.390,200,81.400,2020-06-05,13:27:57,00,";
var hq_str_sh603259="药明康德,81.000,81.400,81.320,82.020,80.000,81.320,81.330,8808375,711435841.000,2660,81.320,2500,81.310,500,81.300,1131,81.290,700,81.280,700,81.330,9000,81.340,400,81.370,340,81.380,440,81.390,2020-06-05,13:28:57,00,";
var hq_str_sh603259="药明康德,81.000,81.400,81.290,82.020,80.000,81.290,81.300,8829855,713182518.000,1431,81.290,100,81.280,600,81.250,1000,81.240,144,81.230,2280,81.300,700,81.310,2620,81.320,600,81.330,8500,81.340,2020-06-05,13:29:57,00,";
var hq_str_sh603259="药明康德,81.000,81.400,81.270,82.020,80.000,81.270,81.320,8849986,714818725.000,1380,81.270,3100,81.260,100,81.250,1200,81.240,144,81.230,2620,81.320,520,81.330,5300,81.340,560,81.350,400,81.370,2020-06-05,13:30:57,00,";
var hq_str_sh603259="药明康德,81.000,81.400,81.380,82.020,80.000,81.370,81.380,8870981,716526410.000,925,81.370,1000,81.360,5080,81.350,300,81.330,3580,81.320,540,81.380,440,81.390,320,81.480,10200,81.490,13820,81.500,2020-06-05,13:31:57,00,";
var hq_str_sh603259="药明康德,81.000,81.400,81.480,82.020,80.000,81.440,81.480,8876537,716978789.000,1000,81.440,1604,81.430,1100,81.410,1200,81.380,6545,81.370,280,81.480,10420,81.490,13820,81.500,40,81.560,100,81.580,2020-06-05,13:33:00,00,";
var hq_str_sh603259="药明康德,81.000,81.400,81.430,82.020,80.000,81.430,81.440,8925237,720947107.000,1204,81.430,700,81.410,2600,81.380,1645,81.370,900,81.360,3780,81.440,4184,81.450,900,81.520,340,81.560,300,81.580,2020-06-05,13:34:00,00,";
var hq_str_sh603259="药明康德,81.000,81.400,81.430,82.020,80.000,81.430,81.440,8939941,722144381.000,400,81.430,2840,81.420,860,81.410,500,81.400,900,81.390,580,81.440,4084,81.450,800,81.490,31500,81.500,200,81.550,2020-06-05,13:35:00,00,";
var hq_str_sh603259="药明康德,81.000,81.400,81.450,82.020,80.000,81.450,81.460,8962701,723998772.000,1140,81.450,3400,81.440,4000,81.430,1400,81.420,600,81.410,2260,81.460,12385,81.490,25924,81.500,480,81.550,740,81.560,2020-06-05,13:35:57,00,";
var hq_str_sh603259="药明康德,81.000,81.400,81.490,82.020,80.000,81.480,81.490,8978581,725292628.000,7360,81.480,440,81.470,6220,81.460,740,81.450,2000,81.440,8085,81.490,25264,81.500,480,81.550,740,81.560,10780,81.600,2020-06-05,13:36:57,00,";
var hq_str_sh603259="药明康德,81.000,81.400,81.520,82.020,80.000,81.520,81.550,9026390,729188787.000,1700,81.520,1536,81.500,1200,81.490,800,81.480,900,81.470,720,81.550,740,81.560,360,81.580,600,81.590,10780,81.600,2020-06-05,13:37:57,00,";
var hq_str_sh603259="药明康德,81.000,81.400,81.550,82.020,80.000,81.540,81.550,9037533,730097200.000,200,81.540,4600,81.530,580,81.520,900,81.510,3713,81.500,1140,81.550,740,81.560,160,81.580,1080,81.590,10780,81.600,2020-06-05,13:38:57,00,";
var hq_str_sh603259="药明康德,81.000,81.400,81.570,82.020,80.000,81.550,81.570,9056796,731668012.000,440,81.550,1397,81.540,4600,81.530,80,81.520,900,81.510,260,81.570,1560,81.580,820,81.590,10960,81.600,100,81.620,2020-06-05,13:39:57,00,";
var hq_str_sh603259="药明康德,81.000,81.400,81.600,82.020,80.000,81.580,81.600,9075717,733211232.000,3120,81.580,5900,81.570,900,81.560,12099,81.550,1697,81.540,10280,81.600,100,81.620,700,81.630,500,81.650,10600,81.680,2020-06-05,13:40:58,00,";
var hq_str_sh603259="药明康德,81.000,81.400,81.680,82.020,80.000,81.670,81.680,9100855,735263181.000,1760,81.670,2800,81.660,2631,81.650,1100,81.640,700,81.630,7080,81.680,200,81.690,21040,81.700,100,81.730,6000,81.740,2020-06-05,13:41:57,00,";
var hq_str_sh603259="药明康德,81.000,81.400,81.740,82.020,80.000,81.710,81.740,9165096,740511963.000,400,81.710,12400,81.700,600,81.690,100,81.680,854,81.670,11292,81.740,100,81.760,4000,81.770,560,81.780,980,81.790,2020-06-05,13:43:00,00,";
var hq_str_sh603259="药明康德,81.000,81.400,81.720,82.020,80.000,81.730,81.740,9268796,748987578.000,300,81.730,309,81.720,600,81.710,591,81.700,900,81.690,1100,81.740,5070,81.750,20900,81.760,632,81.770,560,81.780,2020-06-05,13:43:57,00,";
var hq_str_sh603259="药明康德,81.000,81.400,81.690,82.020,80.000,81.690,81.700,9292516,750925826.000,100,81.690,1134,81.660,700,81.650,600,81.630,600,81.610,2809,81.700,200,81.710,440,81.720,1834,81.730,3700,81.740,2020-06-05,13:44:58,00,";
var hq_str_sh603259="药明康德,81.000,81.400,81.630,82.020,80.000,81.630,81.650,9305950,752022947.000,1200,81.630,700,81.610,1200,81.600,600,81.590,20140,81.580,4700,81.650,1560,81.660,420,81.670,40,81.680,1100,81.690,2020-06-05,13:45:57,00,";
var hq_str_sh603259="药明康德,81.000,81.400,81.590,82.020,80.000,81.590,81.610,9324034,753498859.000,516,81.590,20340,81.580,2100,81.570,8999,81.550,97,81.540,2100,81.610,2240,81.620,3580,81.630,1100,81.640,11460,81.650,2020-06-05,13:46:57,00,";
var hq_str_sh603259="药明康德,81.000,81.400,81.600,82.020,80.000,81.590,81.600,9347634,755424709.000,8016,81.590,20340,81.580,2100,81.570,8999,81.550,97,81.540,1700,81.600,2300,81.630,700,81.640,11460,81.650,640,81.660,2020-06-05,13:47:58,00,";
var hq_str_sh603259="药明康德,81.000,81.400,81.630,82.020,80.000,81.620,81.630,9359874,756423521.000,200,81.620,6200,81.610,1600,81.600,2560,81.590,20340,81.580,2660,81.630,900,81.640,11660,81.650,320,81.660,120,81.670,2020-06-05,13:48:57,00,";
var hq_str_sh603259="药明康德,81.000,81.400,81.640,82.020,80.000,81.640,81.650,9383394,758343638.000,2540,81.640,3600,81.620,5400,81.610,1500,81.600,2560,81.590,6740,81.650,420,81.660,120,81.670,40,81.680,600,81.690,2020-06-05,13:50:01,00,";
var hq_str_sh603259="药明康德,81.000,81.400,81.700,82.020,80.000,81.700,81.710,9443598,763262148.000,200,81.700,536,81.690,300,81.680,1000,81.670,6500,81.660,100,81.710,5723,81.720,1400,81.730,2710,81.750,5700,81.760,2020-06-05,13:50:58,00,";
var hq_str_sh603259="药明康德,81.000,81.400,81.680,82.020,80.000,81.680,81.690,9463449,764883925.000,1500,81.680,649,81.670,500,81.660,400,81.650,1300,81.640,1900,81.690,8570,81.700,1920,81.710,6623,81.720,1400,81.730,2020-06-05,13:52:01,00,";
var hq_str_sh603259="药明康德,81.000,81.400,81.700,82.020,80.000,81.690,81.700,9482789,766463848.000,1440,81.690,2500,81.680,809,81.670,500,81.660,1600,81.650,4450,81.700,1820,81.710,6723,81.720,4060,81.730,200,81.740,2020-06-05,13:52:57,00,";
var hq_str_sh603259="药明康德,81.000,81.400,81.670,82.020,80.000,81.670,81.680,9506266,768381583.000,72,81.670,100,81.660,2000,81.650,1400,81.640,600,81.630,4100,81.680,3500,81.690,5760,81.700,2360,81.710,12723,81.720,2020-06-05,13:54:00,00,";
var hq_str_sh603259="药明康德,81.000,81.400,81.700,82.020,80.000,81.690,81.720,9546538,771671543.000,200,81.690,900,81.680,600,81.670,800,81.660,2100,81.650,3560,81.720,4060,81.730,440,81.740,2450,81.750,5700,81.760,2020-06-05,13:54:58,00,";
var hq_str_sh603259="药明康德,81.000,81.400,81.700,82.020,80.000,81.700,81.710,9569878,773578650.000,1460,81.700,300,81.690,300,81.680,600,81.670,100,81.660,100,81.710,3460,81.720,19060,81.730,440,81.740,2450,81.750,2020-06-05,13:55:58,00,";
var hq_str_sh603259="药明康德,81.000,81.400,81.700,82.020,80.000,81.690,81.700,9582358,774598134.000,1800,81.690,920,81.680,200,81.660,2720,81.650,1400,81.640,2060,81.700,200,81.710,3740,81.720,19060,81.730,440,81.740,2020-06-05,13:56:58,00,";
var hq_str_sh603259="药明康德,81.000,81.400,81.660,82.020,80.000,81.640,81.660,9606778,776592708.000,1220,81.640,600,81.630,700,81.620,1200,81.610,800,81.600,980,81.660,600,81.670,6860,81.680,3640,81.690,10420,81.700,2020-06-05,13:57:58,00,";
var hq_str_sh603259="药明康德,81.000,81.400,81.650,82.020,80.000,81.650,81.660,9631023,778572544.000,1255,81.650,700,81.640,700,81.630,1200,81.610,800,81.600,4760,81.660,1000,81.670,960,81.680,2440,81.690,6400,81.700,2020-06-05,13:58:58,00,";
var hq_str_sh603259="药明康德,81.000,81.400,81.680,82.020,80.000,81.680,81.690,9661058,781025575.000,400,81.680,2660,81.670,9660,81.660,1300,81.650,1000,81.640,100,81.690,1605,81.700,100,81.710,2940,81.720,18560,81.730,2020-06-05,14:00:01,00,";
var hq_str_sh603259="药明康德,81.000,81.400,81.730,82.020,80.000,81.710,81.730,9681125,782665206.000,478,81.710,4300,81.700,2160,81.690,5300,81.680,1460,81.670,15460,81.730,240,81.740,2330,81.750,5700,81.760,10600,81.770,2020-06-05,14:00:58,00,";
var hq_str_sh603259="药明康德,81.000,81.400,81.700,82.020,80.000,81.700,81.720,9754555,788666670.000,150,81.700,3058,81.690,5700,81.680,1460,81.670,7760,81.660,100,81.720,26706,81.740,853,81.770,560,81.780,6540,81.800,2020-06-05,14:01:58,00,";
var hq_str_sh603259="药明康德,81.000,81.400,81.780,82.020,80.000,81.770,81.780,9815676,793662261.000,1580,81.770,17100,81.760,1595,81.740,900,81.730,200,81.710,1560,81.780,5940,81.800,480,81.810,680,81.820,2220,81.850,2020-06-05,14:03:01,00,";
var hq_str_sh603259="药明康德,81.000,81.400,81.830,82.020,80.000,81.780,81.820,9845216,796078866.000,400,81.780,400,81.770,16900,81.760,895,81.740,200,81.710,700,81.820,800,81.830,5980,81.840,15800,81.850,2200,81.860,2020-06-05,14:03:58,00,";
var hq_str_sh603259="药明康德,81.000,81.400,81.820,82.020,80.000,81.820,81.830,9872063,798275239.000,1833,81.820,3400,81.810,500,81.800,282,81.790,800,81.780,780,81.830,6360,81.840,15000,81.850,1300,81.870,1460,81.880,2020-06-05,14:04:58,00,";
var hq_str_sh603259="药明康德,81.000,81.400,81.920,82.020,80.000,81.910,81.920,9936877,803582019.000,1400,81.910,400,81.900,800,81.890,800,81.870,1200,81.850,100,81.920,100,81.950,17400,81.960,840,81.970,4600,81.980,2020-06-05,14:06:01,00,";
var hq_str_sh603259="药明康德,81.000,81.400,81.920,82.020,80.000,81.920,81.930,9990217,807952867.000,1260,81.920,1200,81.910,100,81.900,800,81.890,800,81.870,1600,81.930,4340,81.940,8760,81.950,9700,81.960,840,81.970,2020-06-05,14:06:58,00,";
var hq_str_sh603259="药明康德,81.000,81.400,81.720,82.020,80.000,81.720,81.750,10037093,811786757.000,308,81.720,200,81.710,2426,81.700,845,81.690,704,81.680,3900,81.750,19200,81.760,100,81.770,7200,81.780,200,81.790,2020-06-05,14:08:01,00,";
var hq_str_sh603259="药明康德,81.000,81.400,81.730,82.020,80.000,81.730,81.740,10063439,813940332.000,4154,81.730,200,81.720,1900,81.710,3700,81.700,845,81.690,19400,81.740,12343,81.750,15800,81.760,400,81.790,40300,81.800,2020-06-05,14:08:58,00,";
var hq_str_sh603259="药明康德,81.000,81.400,81.680,82.020,80.000,81.670,81.680,10096438,816636689.000,3300,81.670,8624,81.660,2500,81.650,100,81.640,1600,81.630,1400,81.680,200,81.690,100,81.700,200,81.730,2084,81.740,2020-06-05,14:09:58,00,";
var hq_str_sh603259="药明康德,81.000,81.400,81.660,82.020,80.000,81.650,81.660,10134054,819707976.000,400,81.650,400,81.640,1800,81.630,2208,81.620,1800,81.610,496,81.660,9200,81.670,1100,81.680,400,81.730,1384,81.740,2020-06-05,14:10:58,00,";
var hq_str_sh603259="药明康德,81.000,81.400,81.730,82.020,80.000,81.720,81.740,10160830,821895591.000,200,81.720,700,81.710,3100,81.700,1300,81.690,200,81.680,3680,81.740,11643,81.750,300,81.760,100,81.790,1580,81.800,2020-06-05,14:11:58,00,";
var hq_str_sh603259="药明康德,81.000,81.400,81.740,82.020,80.000,81.740,81.750,10198924,825009315.000,2060,81.740,1588,81.730,1300,81.720,6600,81.710,6600,81.700,5343,81.750,15200,81.760,1480,81.800,140,81.810,240,81.820,2020-06-05,14:12:58,00,";
var hq_str_sh603259="药明康德,81.000,81.400,81.660,82.020,80.000,81.660,81.670,10236250,828058945.000,2974,81.660,7300,81.650,1700,81.630,1208,81.620,800,81.610,1400,81.670,1400,81.680,1640,81.690,2711,81.700,1700,81.710,2020-06-05,14:14:01,00,";
var hq_str_sh603259="药明康德,81.000,81.400,81.650,82.020,80.000,81.650,81.660,10250624,829232682.000,6000,81.650,300,81.640,1900,81.630,1308,81.620,800,81.610,4100,81.660,4500,81.670,1400,81.680,940,81.690,2551,81.700,2020-06-05,14:14:58,00,";
var hq_str_sh603259="药明康德,81.000,81.400,81.600,82.020,80.000,81.580,81.600,10303142,833518883.000,2130,81.580,900,81.570,600,81.560,900,81.550,97,81.540,3200,81.600,80,81.620,1600,81.630,380,81.640,2780,81.650,2020-06-05,14:15:58,00,";
var hq_str_sh603259="药明康德,81.000,81.400,81.550,82.020,80.000,81.540,81.550,10322682,835112751.000,197,81.540,180,81.520,1200,81.510,4613,81.500,1100,81.470,2200,81.550,2260,81.560,3000,81.570,4280,81.600,80,81.620,2020-06-05,14:16:58,00,";
var hq_str_sh603259="药明康德,81.000,81.400,81.550,82.020,80.000,81.550,81.600,10347396,837127780.000,400,81.550,300,81.520,1000,81.510,2816,81.500,1200,81.470,100,81.600,2940,81.630,180,81.640,700,81.650,160,81.690,2020-06-05,14:18:01,00,";
var hq_str_sh603259="药明康德,81.000,81.400,81.660,82.020,80.000,81.650,81.660,10364576,838530472.000,4400,81.650,300,81.630,600,81.620,1200,81.610,30440,81.600,6600,81.660,240,81.680,2960,81.690,1860,81.700,1120,81.710,2020-06-05,14:19:01,00,";
var hq_str_sh603259="药明康德,81.000,81.400,81.870,82.020,80.000,81.740,81.850,10474450,847514660.000,2804,81.740,1100,81.730,700,81.700,35200,81.690,100,81.660,200,81.850,400,81.870,3299,81.900,100,81.910,1460,81.920,2020-06-05,14:19:58,00,";
var hq_str_sh603259="药明康德,81.000,81.400,81.690,82.020,80.000,81.690,81.700,10502557,849811472.000,30197,81.690,200,81.660,200,81.650,600,81.620,1200,81.610,800,81.700,1880,81.720,1580,81.740,7300,81.750,400,81.850,2020-06-05,14:20:58,00,";
var hq_str_sh603259="药明康德,81.000,81.400,81.700,82.020,80.000,81.690,81.700,10527031,851810873.000,17723,81.690,800,81.660,200,81.650,300,81.630,1200,81.610,260,81.700,6400,81.710,2040,81.720,1480,81.740,2060,81.750,2020-06-05,14:21:58,00,";
var hq_str_sh603259="药明康德,81.000,81.400,81.720,82.020,80.000,81.700,81.720,10550052,853691782.000,1879,81.700,16323,81.690,800,81.660,300,81.650,300,81.630,1400,81.720,1480,81.740,2000,81.750,100,81.760,1100,81.800,2020-06-05,14:22:58,00,";
var hq_str_sh603259="药明康德,81.000,81.400,81.760,82.020,80.000,81.700,81.760,10596111,857455581.000,31,81.700,3309,81.690,400,81.660,300,81.650,1000,81.630,500,81.760,900,81.800,200,81.850,100,81.860,2240,81.900,2020-06-05,14:23:58,00,";
var hq_str_sh603259="药明康德,81.000,81.400,81.810,82.020,80.000,81.830,81.880,10620749,859469773.000,200,81.830,4302,81.790,2200,81.770,7500,81.760,300,81.700,900,81.880,5000,81.890,2040,81.900,100,81.910,460,81.920,2020-06-05,14:24:58,00,";
var hq_str_sh603259="药明康德,81.000,81.400,81.900,82.020,80.000,81.870,81.880,10635952,860714493.000,5600,81.870,1100,81.860,5400,81.850,1197,81.840,100,81.830,500,81.880,300,81.890,460,81.900,100,81.910,460,81.920,2020-06-05,14:25:58,00,";
var hq_str_sh603259="药明康德,81.000,81.400,81.900,82.020,80.000,81.890,81.900,10660149,862695946.000,1400,81.890,4994,81.880,2909,81.870,1100,81.860,1297,81.840,500,81.900,1000,81.910,1320,81.920,1000,81.930,2360,81.940,2020-06-05,14:26:58,00,";
var hq_str_sh603259="药明康德,81.000,81.400,81.790,82.020,80.000,81.780,81.840,10690409,865172487.000,2460,81.780,7380,81.760,400,81.700,800,81.670,360,81.660,768,81.840,1180,81.860,2354,81.870,6420,81.880,240,81.890,2020-06-05,14:27:58,00,";
var hq_str_sh603259="药明康德,81.000,81.400,81.900,82.020,80.000,81.900,81.910,10730195,868429847.000,1797,81.900,1200,81.860,857,81.840,1300,81.830,100,81.820,600,81.910,1320,81.920,1000,81.930,1920,81.940,6460,81.950,2020-06-05,14:29:01,00,";
var hq_str_sh603259="药明康德,81.000,81.400,81.870,82.020,80.000,81.870,81.900,10760883,870943223.000,1200,81.870,5409,81.860,657,81.840,100,81.820,100,81.790,620,81.900,7200,81.910,6690,81.920,1400,81.930,2020,81.940,2020-06-05,14:29:58,00,";
var hq_str_sh603259="药明康德,81.000,81.400,81.930,82.020,80.000,81.930,81.940,10824180,876128680.000,3384,81.930,1200,81.920,100,81.910,900,81.880,19,81.870,200,81.940,1440,81.960,2240,81.970,5291,81.980,11760,81.990,2020-06-05,14:30:58,00,";
var hq_str_sh603259="药明康德,81.000,81.400,81.900,82.020,80.000,81.890,81.900,10850916,878318827.000,260,81.890,6600,81.880,9,81.860,657,81.840,100,81.820,1241,81.900,12400,81.910,100,81.920,100,81.930,4060,81.940,2020-06-05,14:32:01,00,";
var hq_str_sh603259="药明康德,81.000,81.400,81.880,82.020,80.000,81.880,81.890,10901548,882465829.000,877,81.880,9,81.860,700,81.850,657,81.840,100,81.820,100,81.890,1300,81.900,2200,81.910,18680,81.940,4913,81.950,2020-06-05,14:32:58,00,";
var hq_str_sh603259="药明康德,81.000,81.400,81.940,82.020,80.000,81.920,81.940,10930309,884821381.000,2400,81.920,100,81.910,4653,81.880,500,81.870,400,81.860,15540,81.940,6846,81.950,2900,81.960,940,81.970,5231,81.980,2020-06-05,14:33:58,00,";
var hq_str_sh603259="药明康德,81.000,81.400,81.920,82.020,80.000,81.850,81.920,11012948,891591526.000,418,81.850,657,81.840,100,81.820,300,81.810,300,81.800,208,81.920,3686,81.930,2200,81.940,7526,81.950,3000,81.960,2020-06-05,14:34:58,00,";
var hq_str_sh603259="药明康德,81.000,81.400,81.910,82.020,80.000,81.890,81.910,11033858,893304033.000,700,81.890,942,81.880,2400,81.870,378,81.860,518,81.850,660,81.910,6216,81.920,1534,81.930,2400,81.940,8306,81.950,2020-06-05,14:35:58,00,";
var hq_str_sh603259="药明康德,81.000,81.400,81.900,82.020,80.000,81.890,81.900,11055920,895110953.000,1538,81.890,142,81.880,300,81.870,478,81.860,618,81.850,100,81.900,6364,81.920,16534,81.930,2400,81.940,9446,81.950,2020-06-05,14:36:58,00,";
var hq_str_sh603259="药明康德,81.000,81.400,81.860,82.020,80.000,81.860,81.870,11087778,897719924.000,600,81.860,2818,81.850,657,81.840,100,81.820,300,81.810,400,81.870,1042,81.880,4070,81.890,2500,81.900,140,81.910,2020-06-05,14:37:58,00,";
var hq_str_sh603259="药明康德,81.000,81.400,81.810,82.020,80.000,81.810,81.820,11116214,900047703.000,296,81.810,300,81.800,300,81.790,100,81.780,100,81.760,300,81.820,3884,81.880,2470,81.890,3540,81.900,440,81.910,2020-06-05,14:38:58,00,";
var hq_str_sh603259="药明康德,81.000,81.400,81.840,82.020,80.000,81.830,81.840,11142239,902177226.000,1017,81.830,1320,81.800,67,81.750,2000,81.720,10800,81.710,1100,81.840,4575,81.880,1800,81.890,4400,81.900,400,81.910,2020-06-05,14:39:58,00,";
var hq_str_sh603259="药明康德,81.000,81.400,81.880,82.020,80.000,81.800,81.880,11165956,904118584.000,1220,81.800,267,81.750,1900,81.720,3000,81.710,5967,81.700,2842,81.880,1900,81.890,5217,81.900,700,81.910,2580,81.920,2020-06-05,14:40:58,00,";
var hq_str_sh603259="药明康德,81.000,81.400,81.870,82.020,80.000,81.850,81.870,11212969,907965581.000,10891,81.850,200,81.830,400,81.810,2616,81.800,100,81.780,13600,81.870,1480,81.890,7297,81.900,800,81.910,2240,81.920,2020-06-05,14:41:58,00,";
var hq_str_sh603259="药明康德,81.000,81.400,81.860,82.020,80.000,81.860,81.870,11272980,912877402.000,4680,81.860,916,81.800,300,81.790,200,81.780,267,81.750,2458,81.870,2060,81.880,1680,81.890,6377,81.900,800,81.910,2020-06-05,14:42:58,00,";
var hq_str_sh603259="药明康德,81.000,81.400,81.900,82.020,80.000,81.810,81.900,11313007,916153898.000,200,81.810,12000,81.800,500,81.790,300,81.780,300,81.760,2778,81.900,880,81.910,3120,81.920,16434,81.930,2200,81.940,2020-06-05,14:43:58,00,";
var hq_str_sh603259="药明康德,81.000,81.400,81.920,82.020,80.000,81.920,81.930,11347177,918952255.000,1470,81.920,1300,81.900,4500,81.850,100,81.840,2060,81.830,11132,81.930,2100,81.940,28106,81.950,3800,81.960,2540,81.970,2020-06-05,14:44:58,00,";
var hq_str_sh603259="药明康德,81.000,81.400,81.860,82.020,80.000,81.860,81.880,11376444,921348678.000,1100,81.860,160,81.840,4403,81.830,2300,81.810,13200,81.800,400,81.880,4800,81.890,3366,81.900,1280,81.910,5320,81.920,2020-06-05,14:46:01,00,";
var hq_str_sh603259="药明康德,81.000,81.400,81.760,82.020,80.000,81.760,81.810,11419873,924902195.000,634,81.760,167,81.750,1200,81.730,2000,81.720,500,81.710,819,81.810,70,81.830,1620,81.860,5525,81.880,4480,81.890,2020-06-05,14:46:58,00,";
var hq_str_sh603259="药明康德,81.000,81.400,81.690,82.020,80.000,81.680,81.690,11507191,932038658.000,900,81.680,2550,81.670,760,81.660,800,81.650,300,81.620,800,81.690,200,81.700,16240,81.710,202,81.720,900,81.730,2020-06-05,14:47:58,00,";
var hq_str_sh603259="药明康德,81.000,81.400,81.840,82.020,80.000,81.840,81.880,11563906,936674543.000,2200,81.840,1500,81.760,100,81.750,100,81.730,100,81.710,5718,81.880,4960,81.890,24546,81.900,1420,81.910,1220,81.920,2020-06-05,14:49:01,00,";
var hq_str_sh603259="药明康德,81.000,81.400,81.850,82.020,80.000,81.760,81.850,11594670,939189986.000,100,81.760,684,81.750,100,81.730,100,81.710,1500,81.700,263,81.850,800,81.860,500,81.870,21618,81.880,5060,81.890,2020-06-05,14:49:58,00,";
var hq_str_sh603259="药明康德,81.000,81.400,81.720,82.020,80.000,81.720,81.800,11641089,942984140.000,900,81.720,2281,81.710,400,81.700,800,81.690,1284,81.680,820,81.800,1941,81.810,5656,81.820,400,81.840,9680,81.850,2020-06-05,14:50:58,00,";
var hq_str_sh603259="药明康德,81.000,81.400,81.800,82.020,80.000,81.800,81.820,11700540,947845481.000,3893,81.800,400,81.690,1361,81.680,900,81.670,4100,81.660,5256,81.820,600,81.840,9780,81.850,643,81.860,2200,81.870,2020-06-05,14:52:01,00,";
var hq_str_sh603259="药明康德,81.000,81.400,81.790,82.020,80.000,81.740,81.800,11726463,949965734.000,200,81.740,3060,81.720,12600,81.710,1400,81.700,800,81.690,40,81.800,100,81.810,4559,81.820,300,81.830,1040,81.840,2020-06-05,14:52:58,00,";
var hq_str_sh603259="药明康德,81.000,81.400,81.690,82.020,80.000,81.680,81.690,11794623,955537780.000,2915,81.680,1400,81.670,2800,81.660,3200,81.650,300,81.640,927,81.690,200,81.810,9327,81.850,9343,81.860,600,81.870,2020-06-05,14:53:58,00,";
var hq_str_sh603259="药明康德,81.000,81.400,81.760,82.020,80.000,81.760,81.850,11876846,962258847.000,580,81.760,500,81.710,1645,81.700,1400,81.680,6100,81.670,16288,81.850,9343,81.860,840,81.870,18900,81.880,1260,81.890,2020-06-05,14:54:58,00,";
var hq_str_sh603259="药明康德,81.000,81.400,81.730,82.020,80.000,81.720,81.730,11929705,966581307.000,992,81.720,1500,81.700,2900,81.680,4600,81.670,3200,81.660,2504,81.730,1460,81.750,200,81.760,2100,81.770,1446,81.800,2020-06-05,14:55:58,00,";
var hq_str_sh603259="药明康德,81.000,81.400,81.800,82.020,80.000,81.750,81.800,12016752,973695110.000,100,81.750,200,81.740,2125,81.730,100,81.700,100,81.690,5070,81.800,340,81.830,2640,81.840,16115,81.850,9343,81.860,2020-06-05,14:56:58,00,";
var hq_str_sh603259="药明康德,81.000,81.400,81.760,82.020,80.000,81.770,81.770,12020152,973973216.000,80878,81.770,22822,0.000,0,0.000,0,0.000,0,0.000,80878,81.770,0,0.000,0,0.000,0,0.000,0,0.000,2020-06-05,14:57:58,00,";
var hq_str_sh603259="药明康德,81.000,81.400,81.760,82.020,80.000,81.770,81.770,12020152,973973216.000,170321,81.770,6379,0.000,0,0.000,0,0.000,0,0.000,170321,81.770,0,0.000,0,0.000,0,0.000,0,0.000,2020-06-05,14:58:58,00,";
