var hq_str_sh603259="药明康德,94.500,95.870,94.500,94.500,94.500,94.500,94.550,103432,9774324.000,14168,94.500,300,94.490,200,94.400,300,94.330,3000,94.310,100,94.550,1200,94.600,100,94.700,100,94.790,10000,94.800,2020-07-06,09:29:49,00,";
var hq_str_sh603259="药明康德,94.500,95.870,94.100,95.000,94.100,94.100,94.210,476128,45030756.000,400,94.100,2300,94.080,100,94.070,7200,94.050,200,94.030,100,94.210,200,94.380,400,94.390,400,94.400,200,94.420,2020-07-06,09:31:00,00,";
var hq_str_sh603259="药明康德,94.500,95.870,94.360,95.000,94.000,94.280,94.350,652708,61678883.000,400,94.280,500,94.270,300,94.260,1000,94.230,5760,94.200,500,94.350,100,94.470,100,94.480,1400,94.490,1000,94.500,2020-07-06,09:32:00,00,";
var hq_str_sh603259="药明康德,94.500,95.870,94.050,95.000,94.000,94.050,94.080,812568,76752239.000,1200,94.050,1500,94.040,5300,94.030,300,94.020,5860,94.010,3900,94.080,1000,94.090,800,94.100,1840,94.110,700,94.200,2020-07-06,09:32:57,00,";
var hq_str_sh603259="药明康德,94.500,95.870,94.210,95.000,94.000,94.210,94.220,967628,91361593.000,25600,94.210,600,94.200,4500,94.190,300,94.130,2600,94.110,8224,94.220,7800,94.240,400,94.250,700,94.280,3100,94.300,2020-07-06,09:33:57,00,";
var hq_str_sh603259="药明康德,94.500,95.870,93.930,95.000,93.890,93.900,93.930,1233767,116383137.000,2020,93.900,3041,93.890,1000,93.880,700,93.870,300,93.860,2000,93.930,1480,93.950,2900,93.960,8920,93.980,4400,93.990,2020-07-06,09:34:57,00,";
var hq_str_sh603259="药明康德,94.500,95.870,94.270,95.000,93.890,94.210,94.270,1395396,131589268.000,1800,94.210,340,94.200,200,94.150,1600,94.140,300,94.130,600,94.270,520,94.290,100,94.300,7500,94.310,300,94.330,2020-07-06,09:35:57,00,";
var hq_str_sh603259="药明康德,94.500,95.870,94.600,95.000,93.890,94.380,94.550,1508816,142305121.000,600,94.380,300,94.270,300,94.220,700,94.210,3340,94.200,100,94.550,100,94.570,240,94.590,500,94.600,400,94.630,2020-07-06,09:36:57,00,";
var hq_str_sh603259="药明康德,94.500,95.870,94.120,95.000,93.890,94.120,94.150,1595196,150447468.000,4400,94.120,1000,94.100,380,94.090,1500,94.060,100,94.050,4600,94.150,500,94.190,6960,94.200,100,94.240,1180,94.250,2020-07-06,09:37:54,00,";
var hq_str_sh603259="药明康德,94.500,95.870,93.960,95.000,93.890,93.960,93.980,1759736,165916867.000,840,93.960,1500,93.950,4100,93.930,400,93.920,400,93.910,400,93.980,1920,93.990,700,94.000,3100,94.060,20,94.070,2020-07-06,09:39:00,00,";
var hq_str_sh603259="药明康德,94.500,95.870,94.130,95.000,93.890,94.040,94.130,1921659,181163960.000,8157,94.040,900,94.030,1300,94.020,2000,94.000,1100,93.990,100,94.130,100,94.140,4000,94.180,1600,94.240,100,94.290,2020-07-06,09:39:57,00,";
var hq_str_sh603259="药明康德,94.500,95.870,94.000,95.000,93.890,93.980,93.990,2032459,191588965.000,2957,93.980,1500,93.970,7040,93.960,5900,93.950,100,93.940,700,93.990,49320,94.000,300,94.160,3080,94.180,400,94.190,2020-07-06,09:40:57,00,";
var hq_str_sh603259="药明康德,94.500,95.870,93.990,95.000,93.890,93.990,94.000,2261721,213136624.000,500,93.990,200,93.980,3200,93.970,4100,93.960,2000,93.950,1900,94.000,323,94.030,1100,94.050,100,94.060,1700,94.070,2020-07-06,09:41:57,00,";
var hq_str_sh603259="药明康德,94.500,95.870,94.140,95.000,93.890,94.130,94.140,2381129,224379445.000,100,94.130,300,94.100,900,94.080,10000,94.070,1300,94.050,4900,94.140,200,94.190,3100,94.200,380,94.290,800,94.300,2020-07-06,09:42:48,00,";
var hq_str_sh603259="药明康德,94.500,95.870,94.000,95.000,93.890,94.000,94.080,2589208,243940585.000,2007,94.000,700,93.990,1000,93.980,3200,93.970,7600,93.960,600,94.080,5400,94.100,2800,94.130,300,94.140,500,94.150,2020-07-06,09:43:57,00,";
var hq_str_sh603259="药明康德,94.500,95.870,93.840,95.000,93.840,93.830,93.840,2765136,260465992.000,1000,93.830,200,93.820,600,93.810,15700,93.800,4600,93.790,5900,93.840,700,93.860,1000,93.870,4400,93.880,22101,93.890,2020-07-06,09:45:00,00,";
var hq_str_sh603259="药明康德,94.500,95.870,93.720,95.000,93.720,93.720,93.730,2927756,275717759.000,1980,93.720,800,93.710,7100,93.700,1400,93.690,3700,93.680,1980,93.730,1900,93.750,600,93.760,1600,93.770,5840,93.780,2020-07-06,09:45:57,00,";
var hq_str_sh603259="药明康德,94.500,95.870,93.500,95.000,93.400,93.400,93.450,3164936,297907827.000,1600,93.400,300,93.390,400,93.380,100,93.370,5200,93.350,1400,93.450,41865,93.500,6740,93.510,1820,93.520,1500,93.550,2020-07-06,09:46:57,00,";
var hq_str_sh603259="药明康德,94.500,95.870,93.300,95.000,93.250,93.280,93.300,3399056,319772344.000,100,93.280,100,93.260,1380,93.250,100,93.240,1200,93.230,1181,93.300,3500,93.370,200,93.400,604,93.410,400,93.450,2020-07-06,09:48:00,00,";
var hq_str_sh603259="药明康德,94.500,95.870,93.500,95.000,93.250,93.500,93.660,3598160,338392312.000,3442,93.500,600,93.490,300,93.480,4540,93.470,300,93.440,9900,93.660,900,93.700,300,93.710,1640,93.720,580,93.730,2020-07-06,09:49:00,00,";
var hq_str_sh603259="药明康德,94.500,95.870,93.670,95.000,93.250,93.670,93.680,3771520,354628000.000,6200,93.670,100,93.570,400,93.560,2400,93.550,2100,93.530,7900,93.680,38120,93.690,2160,93.700,3620,93.710,500,93.750,2020-07-06,09:49:57,00,";
var hq_str_sh603259="药明康德,94.500,95.870,93.800,95.000,93.250,93.710,93.790,3983321,374467564.000,100,93.710,1000,93.700,1900,93.690,500,93.680,18683,93.650,500,93.790,4620,93.800,3540,93.880,1140,93.900,1800,93.910,2020-07-06,09:50:57,00,";
var hq_str_sh603259="药明康德,94.500,95.870,93.530,95.000,93.250,93.520,93.530,4249002,399336470.000,300,93.520,2500,93.500,200,93.450,200,93.440,300,93.430,200,93.530,1000,93.570,11500,93.580,18100,93.630,800,93.750,2020-07-06,09:51:57,00,";
var hq_str_sh603259="药明康德,94.500,95.870,93.220,95.000,93.180,93.200,93.210,4502317,422982097.000,1220,93.200,2080,93.180,600,93.170,2700,93.160,1300,93.150,200,93.210,100,93.260,1100,93.270,4680,93.280,23785,93.300,2020-07-06,09:53:00,00,";
var hq_str_sh603259="药明康德,94.500,95.870,93.970,95.000,93.080,93.310,93.970,4884827,458692100.000,4800,93.310,19900,93.300,900,93.230,200,93.220,800,93.160,500,93.970,800,93.980,41352,94.000,3100,94.010,100,94.020,2020-07-06,09:53:57,00,";
var hq_str_sh603259="药明康德,94.500,95.870,93.430,95.000,93.080,93.430,93.470,5109596,479678440.000,1700,93.430,400,93.390,700,93.380,1100,93.370,2100,93.360,1900,93.470,200,93.480,2100,93.500,2200,93.550,1520,93.560,2020-07-06,09:55:00,00,";
var hq_str_sh603259="药明康德,94.500,95.870,93.800,95.000,93.080,93.700,94.010,5365296,503680561.000,200,93.700,2000,93.670,1400,93.660,2100,93.650,200,93.640,5260,94.010,300,94.050,700,94.080,1600,94.090,6380,94.100,2020-07-06,09:56:00,00,";
var hq_str_sh603259="药明康德,94.500,95.870,93.790,95.000,93.080,93.710,93.790,5608536,526469871.000,200,93.710,500,93.680,13700,93.570,4100,93.560,100,93.550,1000,93.790,6200,93.800,100,93.970,1200,93.980,1000,93.990,2020-07-06,09:56:57,00,";
var hq_str_sh603259="药明康德,94.500,95.870,93.800,95.000,93.080,93.710,93.800,5756037,540288627.000,279,93.710,1200,93.700,100,93.690,400,93.670,700,93.610,540,93.800,100,93.980,11500,94.000,100,94.010,200,94.030,2020-07-06,09:57:57,00,";
var hq_str_sh603259="药明康德,94.500,95.870,94.000,95.000,93.080,94.000,94.050,5957516,559189328.000,7900,94.000,3400,93.980,1900,93.800,2100,93.780,500,93.770,2300,94.050,100,94.080,3500,94.100,600,94.110,2000,94.130,2020-07-06,09:58:57,00,";
var hq_str_sh603259="药明康德,94.500,95.870,94.270,95.000,93.080,94.260,94.450,6117780,574282052.000,600,94.260,200,94.250,1536,94.240,2600,94.200,600,94.180,300,94.450,3500,94.500,200,94.510,500,94.520,200,94.550,2020-07-06,09:59:57,00,";
var hq_str_sh603259="药明康德,94.500,95.870,93.810,95.000,93.080,93.810,93.870,6282116,589734991.000,800,93.810,1000,93.800,600,93.780,5300,93.740,100,93.730,100,93.870,100,93.900,100,93.930,1720,93.970,1660,94.000,2020-07-06,10:00:57,00,";
var hq_str_sh603259="药明康德,94.500,95.870,93.740,95.000,93.080,93.730,93.740,6317716,593073098.000,200,93.730,1000,93.720,1900,93.710,8100,93.700,3400,93.690,1900,93.740,700,93.750,200,93.760,600,93.780,5000,93.810,2020-07-06,10:01:39,00,";
var hq_str_sh603259="药明康德,94.500,95.870,94.000,95.000,93.080,93.860,93.900,6423948,603053180.000,500,93.860,1600,93.850,1500,93.810,13800,93.800,1808,93.790,300,93.900,9660,94.000,700,94.250,100,94.370,5100,94.380,2020-07-06,10:03:00,00,";
var hq_str_sh603259="药明康德,94.500,95.870,93.920,95.000,93.080,93.860,93.930,6484368,608729579.000,2580,93.860,19200,93.850,2600,93.810,11500,93.800,400,93.790,100,93.930,400,93.940,100,94.000,400,94.020,4100,94.030,2020-07-06,10:03:57,00,";
var hq_str_sh603259="药明康德,94.500,95.870,94.100,95.000,93.080,94.010,94.060,6573968,617164853.000,1200,94.010,6300,94.000,1000,93.990,700,93.980,600,93.950,100,94.060,100,94.080,22480,94.100,300,94.110,200,94.130,2020-07-06,10:04:57,00,";
var hq_str_sh603259="药明康德,94.500,95.870,94.200,95.000,93.080,94.190,94.200,6644584,623815211.000,100,94.190,300,94.180,100,94.120,7200,94.100,400,94.090,24800,94.200,600,94.250,10000,94.290,100,94.300,100,94.350,2020-07-06,10:05:51,00,";
var hq_str_sh603259="药明康德,94.500,95.870,94.150,95.000,93.080,94.140,94.150,6802574,638700218.000,100,94.140,1480,94.130,30,94.120,1000,94.110,2800,94.100,500,94.150,200,94.160,400,94.180,4600,94.200,1500,94.250,2020-07-06,10:06:57,00,";
var hq_str_sh603259="药明康德,94.500,95.870,94.100,95.000,93.080,94.100,94.200,6900424,647910994.000,8280,94.100,200,94.020,200,94.010,2400,94.000,1400,93.990,4600,94.200,4000,94.290,4600,94.300,800,94.350,400,94.360,2020-07-06,10:07:54,00,";
var hq_str_sh603259="药明康德,94.500,95.870,93.990,95.000,93.080,93.980,93.990,6995604,656866800.000,9000,93.980,100,93.970,400,93.960,1800,93.950,800,93.930,200,93.990,276,94.000,1200,94.100,7400,94.110,100,94.180,2020-07-06,10:08:57,00,";
var hq_str_sh603259="药明康德,94.500,95.870,94.420,95.000,93.080,94.270,94.330,7155004,671914182.000,100,94.270,500,94.220,1000,94.200,200,94.190,200,94.150,100,94.330,300,94.420,800,94.430,3500,94.500,900,94.550,2020-07-06,10:09:57,00,";
var hq_str_sh603259="药明康德,94.500,95.870,94.360,95.000,93.080,94.340,94.390,7216575,677720124.000,200,94.340,800,94.250,300,94.220,500,94.210,13460,94.200,6500,94.390,800,94.430,200,94.440,5800,94.500,100,94.520,2020-07-06,10:10:54,00,";
var hq_str_sh603259="药明康德,94.500,95.870,94.260,95.000,93.080,94.200,94.270,7263295,682122737.000,3880,94.200,100,94.100,500,94.050,200,94.020,3260,94.010,2300,94.270,1400,94.300,100,94.320,1740,94.350,800,94.360,2020-07-06,10:11:57,00,";
var hq_str_sh603259="药明康德,94.500,95.870,94.270,95.000,93.080,94.260,94.270,7285235,684191441.000,8900,94.260,100,94.250,500,94.210,5900,94.200,200,94.100,600,94.270,100,94.300,1500,94.350,900,94.360,3200,94.390,2020-07-06,10:12:51,00,";
var hq_str_sh603259="药明康德,94.500,95.870,94.090,95.000,93.080,94.090,94.100,7321835,687638645.000,1000,94.090,300,94.080,300,94.060,500,94.050,1600,94.040,720,94.100,3800,94.200,280,94.210,500,94.260,9900,94.270,2020-07-06,10:14:00,00,";
var hq_str_sh603259="药明康德,94.500,95.870,94.220,95.000,93.080,94.110,94.220,7377531,692881361.000,1100,94.110,8700,94.100,1400,94.090,1400,94.060,4600,94.050,1600,94.220,500,94.260,6480,94.270,500,94.280,10300,94.300,2020-07-06,10:14:57,00,";
var hq_str_sh603259="药明康德,94.500,95.870,94.090,95.000,93.080,94.080,94.090,7439731,698734961.000,1000,94.080,500,94.070,1900,94.060,1800,94.050,100,94.040,3700,94.090,700,94.160,700,94.170,1200,94.180,5900,94.200,2020-07-06,10:15:57,00,";
var hq_str_sh603259="药明康德,94.500,95.870,94.060,95.000,93.080,94.050,94.060,7516731,705983162.000,1900,94.050,200,94.040,200,94.030,400,94.020,4160,94.010,15300,94.060,2200,94.080,400,94.170,5300,94.190,18600,94.200,2020-07-06,10:16:51,00,";
var hq_str_sh603259="药明康德,94.500,95.870,94.160,95.000,93.080,94.120,94.160,7651582,718670115.000,2900,94.120,100,94.110,600,94.100,103,94.080,900,94.060,900,94.160,5400,94.180,300,94.210,920,94.220,1400,94.240,2020-07-06,10:17:57,00,";
var hq_str_sh603259="药明康德,94.500,95.870,93.930,95.000,93.080,93.930,93.980,7722245,725314239.000,1200,93.930,100,93.920,4000,93.910,10400,93.900,13300,93.880,300,93.980,800,93.990,2640,94.000,3200,94.010,2300,94.020,2020-07-06,10:18:57,00,";
var hq_str_sh603259="药明康德,94.500,95.870,93.860,95.000,93.080,93.860,93.880,7826145,735071011.000,780,93.860,18500,93.850,1500,93.830,3200,93.810,14000,93.800,4900,93.880,1200,93.890,300,93.900,13880,93.930,600,93.950,2020-07-06,10:19:57,00,";
var hq_str_sh603259="药明康德,94.500,95.870,93.950,95.000,93.080,93.950,93.980,7914505,743368805.000,9740,93.950,200,93.940,7700,93.900,800,93.890,5700,93.880,800,93.980,300,93.990,3780,94.000,200,94.010,31200,94.050,2020-07-06,10:20:57,00,";
var hq_str_sh603259="药明康德,94.500,95.870,93.950,95.000,93.080,93.950,93.960,7963525,747975215.000,14720,93.950,900,93.940,500,93.930,8400,93.900,400,93.890,2800,93.960,3300,93.970,2040,93.980,2400,93.990,25500,94.000,2020-07-06,10:21:57,00,";
var hq_str_sh603259="药明康德,94.500,95.870,93.870,95.000,93.080,93.870,93.890,8045345,755660874.000,2400,93.870,8500,93.860,19360,93.850,100,93.840,2000,93.830,1400,93.890,8200,93.900,500,93.910,1000,93.920,254,93.940,2020-07-06,10:22:57,00,";
var hq_str_sh603259="药明康德,94.500,95.870,93.810,95.000,93.080,93.810,93.820,8248609,774731739.000,600,93.810,3000,93.800,100,93.780,100,93.770,300,93.760,709,93.820,1059,93.830,800,93.840,400,93.850,2500,93.860,2020-07-06,10:23:57,00,";
var hq_str_sh603259="药明康德,94.500,95.870,93.800,95.000,93.080,93.800,93.810,8421926,790987540.000,14590,93.800,100,93.780,2600,93.770,9500,93.750,6600,93.730,1470,93.810,600,93.820,200,93.900,6708,93.910,600,93.930,2020-07-06,10:24:57,00,";
var hq_str_sh603259="药明康德,94.500,95.870,93.840,95.000,93.080,93.840,93.910,8605307,808190299.000,1660,93.840,300,93.830,3200,93.810,15500,93.800,3000,93.790,100,93.910,908,93.920,600,93.930,8000,93.940,2172,93.980,2020-07-06,10:25:57,00,";
var hq_str_sh603259="药明康德,94.500,95.870,93.910,95.000,93.080,93.910,93.920,8796829,826183531.000,310,93.910,7020,93.900,200,93.880,200,93.850,1200,93.840,1400,93.920,900,93.960,2000,93.980,3200,93.990,2300,94.000,2020-07-06,10:26:57,00,";
var hq_str_sh603259="药明康德,94.500,95.870,93.810,95.000,93.080,93.800,93.810,8865178,832598086.000,23689,93.800,5200,93.790,3200,93.780,4400,93.770,2000,93.760,1000,93.810,5100,93.820,2000,93.830,590,93.840,200,93.850,2020-07-06,10:27:57,00,";
var hq_str_sh603259="药明康德,94.500,95.870,93.750,95.000,93.080,93.750,93.770,8948467,840409967.000,15300,93.750,2500,93.740,7600,93.730,1800,93.720,7100,93.710,2851,93.770,500,93.780,1100,93.790,4148,93.800,2600,93.810,2020-07-06,10:28:57,00,";
var hq_str_sh603259="药明康德,94.500,95.870,93.700,95.000,93.080,93.690,93.700,9053760,850279101.000,3700,93.690,5896,93.680,2100,93.670,9500,93.660,600,93.650,516,93.700,8600,93.710,500,93.720,2452,93.730,3300,93.740,2020-07-06,10:29:57,00,";
var hq_str_sh603259="药明康德,94.500,95.870,93.560,95.000,93.080,93.560,93.570,9202679,864218670.000,1500,93.560,100,93.550,1100,93.530,800,93.510,37277,93.500,300,93.570,8029,93.580,5700,93.590,3300,93.600,800,93.610,2020-07-06,10:30:57,00,";
var hq_str_sh603259="药明康德,94.500,95.870,93.620,95.000,93.080,93.590,93.620,9362689,879191431.000,3000,93.590,3900,93.580,100,93.570,26130,93.560,1300,93.550,2300,93.620,3000,93.640,26512,93.650,900,93.680,200,93.690,2020-07-06,10:31:57,00,";
var hq_str_sh603259="药明康德,94.500,95.870,93.560,95.000,93.080,93.590,93.600,9636734,904834060.000,100,93.590,1300,93.560,6828,93.550,1000,93.540,6957,93.530,7810,93.600,200,93.620,1000,93.650,2200,93.670,900,93.680,2020-07-06,10:33:00,00,";
var hq_str_sh603259="药明康德,94.500,95.870,93.940,95.000,93.080,93.820,93.940,9717694,912416355.000,1500,93.820,300,93.800,100,93.790,200,93.760,500,93.750,128,93.940,700,93.950,200,93.980,47300,93.990,32280,94.000,2020-07-06,10:33:57,00,";
var hq_str_sh603259="药明康德,94.500,95.870,93.970,95.000,93.080,93.970,93.980,9816574,921701904.000,1200,93.970,2000,93.850,300,93.840,3300,93.830,3680,93.820,200,93.980,18028,93.990,33380,94.000,192,94.020,26980,94.050,2020-07-06,10:34:57,00,";
var hq_str_sh603259="药明康德,94.500,95.870,93.920,95.000,93.080,93.900,93.920,9894682,929037991.000,5320,93.900,5300,93.880,12800,93.870,600,93.860,300,93.850,25900,93.920,5800,93.960,1000,93.970,140,93.980,21868,93.990,2020-07-06,10:35:57,00,";
var hq_str_sh603259="药明康德,94.500,95.870,93.820,95.000,93.080,93.800,93.820,10029031,941649108.000,6651,93.800,900,93.790,2200,93.780,600,93.760,640,93.750,600,93.820,100,93.840,100,93.850,1100,93.860,680,93.870,2020-07-06,10:36:57,00,";
var hq_str_sh603259="药明康德,94.500,95.870,93.730,95.000,93.080,93.720,93.730,10091282,947485682.000,9540,93.720,600,93.710,14200,93.700,100,93.690,1100,93.680,3400,93.730,300,93.740,2512,93.750,7849,93.790,2028,93.800,2020-07-06,10:37:57,00,";
var hq_str_sh603259="药明康德,94.500,95.870,93.820,95.000,93.080,93.800,93.820,10139546,952011137.000,4260,93.800,20,93.790,100,93.770,900,93.760,10775,93.750,1200,93.820,9100,93.830,500,93.840,28460,93.850,1000,93.860,2020-07-06,10:38:57,00,";
var hq_str_sh603259="药明康德,94.500,95.870,93.810,95.000,93.080,93.810,93.820,10240608,961493151.000,260,93.810,1222,93.800,300,93.790,1736,93.780,3900,93.770,900,93.820,3800,93.850,1000,93.860,900,93.870,900,93.900,2020-07-06,10:40:00,00,";
var hq_str_sh603259="药明康德,94.500,95.870,93.830,95.000,93.080,93.830,93.840,10283108,965481530.000,400,93.830,5400,93.820,2282,93.800,400,93.790,1736,93.780,1100,93.840,1600,93.850,7440,93.860,1400,93.880,1880,93.900,2020-07-06,10:40:57,00,";
var hq_str_sh603259="药明康德,94.500,95.870,93.720,95.000,93.080,93.700,93.720,10346122,971391508.000,19300,93.700,400,93.690,1700,93.680,200,93.670,700,93.660,6779,93.720,200,93.730,800,93.740,8025,93.750,2500,93.760,2020-07-06,10:41:57,00,";
var hq_str_sh603259="药明康德,94.500,95.870,93.650,95.000,93.080,93.600,93.650,10415562,977894815.000,2660,93.600,300,93.590,1700,93.580,3200,93.570,2000,93.560,2680,93.650,3900,93.660,5320,93.670,5820,93.680,4040,93.700,2020-07-06,10:42:57,00,";
var hq_str_sh603259="药明康德,94.500,95.870,93.590,95.000,93.080,93.590,93.600,10468022,982804754.000,4600,93.590,7400,93.580,16600,93.570,5900,93.560,5500,93.550,4340,93.600,100,93.610,2200,93.620,900,93.650,1000,93.660,2020-07-06,10:43:55,00,";
var hq_str_sh603259="药明康德,94.500,95.870,93.520,95.000,93.080,93.510,93.520,10607479,995852669.000,22200,93.510,24177,93.500,1100,93.490,2500,93.480,500,93.470,800,93.520,900,93.530,100,93.580,2041,93.620,900,93.650,2020-07-06,10:44:57,00,";
var hq_str_sh603259="药明康德,94.500,95.870,93.580,95.000,93.080,93.540,93.550,10656779,1000464915.000,100,93.540,7500,93.530,16900,93.520,22800,93.510,26777,93.500,100,93.550,1920,93.580,100,93.590,5200,93.600,100,93.610,2020-07-06,10:45:57,00,";
var hq_str_sh603259="药明康德,94.500,95.870,93.620,95.000,93.080,93.610,93.620,10704919,1004970801.000,600,93.610,300,93.600,4600,93.590,4900,93.580,4580,93.570,2641,93.620,1100,93.670,1420,93.680,4000,93.700,200,93.720,2020-07-06,10:47:00,00,";
var hq_str_sh603259="药明康德,94.500,95.870,93.550,95.000,93.080,93.550,93.560,10810619,1014863308.000,380,93.550,700,93.540,3500,93.530,18500,93.520,23600,93.510,4700,93.560,4400,93.590,40537,93.600,100,93.610,5480,93.620,2020-07-06,10:47:57,00,";
var hq_str_sh603259="药明康德,94.500,95.870,93.550,95.000,93.080,93.550,93.570,10924499,1025518740.000,600,93.550,2100,93.530,14700,93.520,24300,93.510,34777,93.500,5300,93.570,1100,93.590,3200,93.600,477,93.620,800,93.630,2020-07-06,10:48:57,00,";
var hq_str_sh603259="药明康德,94.500,95.870,93.810,95.000,93.080,93.780,93.810,10994996,1032121550.000,2600,93.780,39100,93.770,900,93.720,11543,93.700,100,93.600,5500,93.810,3600,93.820,900,93.830,2246,93.840,1180,93.850,2020-07-06,10:50:00,00,";
var hq_str_sh603259="药明康德,94.500,95.870,93.790,95.000,93.080,93.780,93.790,11030196,1035422881.000,1400,93.780,39000,93.770,900,93.720,100,93.710,12643,93.700,100,93.790,3920,93.800,2800,93.810,3600,93.820,900,93.830,2020-07-06,10:50:57,00,";
var hq_str_sh603259="药明康德,94.500,95.870,93.820,95.000,93.080,93.790,93.820,11089806,1041013787.000,100,93.790,23490,93.770,700,93.750,2100,93.720,100,93.710,1040,93.820,1800,93.830,2246,93.840,1180,93.850,1280,93.900,2020-07-06,10:51:57,00,";
var hq_str_sh603259="药明康德,94.500,95.870,93.740,95.000,93.080,93.720,93.740,11156496,1047266090.000,900,93.720,10100,93.710,16843,93.700,500,93.650,100,93.620,100,93.740,8800,93.750,1100,93.760,700,93.770,100,93.780,2020-07-06,10:53:00,00,";
var hq_str_sh603259="药明康德,94.500,95.870,93.600,95.000,93.080,93.580,93.600,11222339,1053435364.000,200,93.580,700,93.570,2400,93.560,21060,93.550,1000,93.540,2580,93.600,4600,93.710,2400,93.720,757,93.730,8100,93.740,2020-07-06,10:53:57,00,";
var hq_str_sh603259="药明康德,94.500,95.870,93.530,95.000,93.080,93.520,93.530,11305179,1061184600.000,4720,93.520,24600,93.510,45777,93.500,1400,93.490,2900,93.480,9880,93.530,1800,93.550,1600,93.560,3000,93.570,1200,93.580,2020-07-06,10:55:00,00,";
var hq_str_sh603259="药明康德,94.500,95.870,93.700,95.000,93.080,93.700,93.750,11442699,1074048918.000,5960,93.700,5500,93.530,11960,93.520,800,93.510,4757,93.500,1100,93.750,400,93.760,400,93.770,100,93.780,100,93.790,2020-07-06,10:56:00,00,";
var hq_str_sh603259="药明康德,94.500,95.870,93.600,95.000,93.080,93.600,93.660,11487960,1078289562.000,43360,93.600,13200,93.580,2400,93.560,1939,93.550,500,93.540,200,93.660,1100,93.670,2000,93.680,100,93.690,700,93.700,2020-07-06,10:57:00,00,";
var hq_str_sh603259="药明康德,94.500,95.870,93.620,95.000,93.080,93.610,93.620,11516400,1080952261.000,1400,93.610,40320,93.600,13400,93.580,700,93.570,1200,93.560,4200,93.620,2040,93.630,1600,93.650,100,93.660,1100,93.670,2020-07-06,10:57:57,00,";
var hq_str_sh603259="药明康德,94.500,95.870,93.600,95.000,93.080,93.520,93.600,11666268,1094976983.000,100,93.520,4300,93.510,11408,93.500,1500,93.490,3700,93.480,1000,93.600,1100,93.610,600,93.620,800,93.630,1500,93.650,2020-07-06,10:59:00,00,";
var hq_str_sh603259="药明康德,94.500,95.870,93.310,95.000,93.080,93.310,93.320,11939588,1120482853.000,700,93.310,6500,93.300,500,93.200,26488,93.100,10100,93.090,4100,93.320,100,93.370,3700,93.440,1200,93.450,1200,93.480,2020-07-06,11:00:00,00,";
var hq_str_sh603259="药明康德,94.500,95.870,93.250,95.000,93.080,93.250,93.260,12021868,1128155996.000,200,93.250,2220,93.240,1100,93.220,7600,93.210,9500,93.200,700,93.260,1540,93.290,100,93.300,6800,93.340,500,93.360,2020-07-06,11:00:57,00,";
var hq_str_sh603259="药明康德,94.500,95.870,93.350,95.000,93.080,93.340,93.400,12073048,1132931281.000,7700,93.340,900,93.330,600,93.320,2400,93.310,17700,93.300,7200,93.400,800,93.410,800,93.430,1000,93.440,1000,93.450,2020-07-06,11:02:00,00,";
var hq_str_sh603259="药明康德,94.500,95.870,93.400,95.000,93.080,93.380,93.410,12135875,1138798025.000,500,93.380,280,93.370,2300,93.360,1400,93.350,1880,93.340,100,93.410,1700,93.420,800,93.430,1000,93.440,1000,93.450,2020-07-06,11:03:00,00,";
var hq_str_sh603259="药明康德,94.500,95.870,93.410,95.000,93.080,93.430,93.460,12186275,1143505262.000,1000,93.430,17600,93.410,300,93.400,1500,93.390,300,93.380,100,93.460,1600,93.500,100,93.510,400,93.520,900,93.540,2020-07-06,11:03:57,00,";
var hq_str_sh603259="药明康德,94.500,95.870,93.600,95.000,93.080,93.560,93.620,12281175,1152392832.000,2700,93.560,100,93.540,100,93.500,100,93.490,100,93.480,1700,93.620,1653,93.700,700,93.710,2000,93.720,3300,93.730,2020-07-06,11:04:57,00,";
var hq_str_sh603259="药明康德,94.500,95.870,93.720,95.000,93.080,93.700,93.720,12339548,1157863241.000,19127,93.700,100,93.680,6500,93.670,100,93.620,500,93.600,600,93.720,100,93.730,1200,93.740,1200,93.770,100,93.780,2020-07-06,11:06:00,00,";
var hq_str_sh603259="药明康德,94.500,95.870,93.570,95.000,93.080,93.560,93.570,12380875,1161735288.000,1000,93.560,100,93.540,500,93.510,2400,93.500,200,93.480,1700,93.570,20,93.630,1000,93.640,900,93.660,2100,93.670,2020-07-06,11:06:57,00,";
var hq_str_sh603259="药明康德,94.500,95.870,93.520,95.000,93.080,93.510,93.520,12408356,1164305412.000,23019,93.510,3500,93.500,400,93.480,700,93.460,4900,93.450,400,93.520,2100,93.530,1700,93.540,100,93.550,700,93.560,2020-07-06,11:07:57,00,";
var hq_str_sh603259="药明康德,94.500,95.870,93.700,95.000,93.080,93.700,93.710,12549511,1177512916.000,20760,93.700,100,93.670,1000,93.500,200,93.460,800,93.450,900,93.710,2700,93.720,13137,93.730,100,93.750,2400,93.800,2020-07-06,11:08:57,00,";
var hq_str_sh603259="药明康德,94.500,95.870,93.700,95.000,93.080,93.700,93.710,12616140,1183756270.000,6931,93.700,800,93.670,100,93.660,1900,93.600,100,93.550,2200,93.710,1300,93.720,11037,93.730,900,93.750,2500,93.800,2020-07-06,11:10:00,00,";
var hq_str_sh603259="药明康德,94.500,95.870,93.770,95.000,93.080,93.750,93.770,12658777,1187753027.000,100,93.750,100,93.740,20,93.730,200,93.720,580,93.710,100,93.770,1100,93.780,1400,93.800,200,93.820,1000,93.830,2020-07-06,11:10:57,00,";
var hq_str_sh603259="药明康德,94.500,95.870,93.700,95.000,93.080,93.700,93.720,12791345,1200174464.000,26443,93.700,600,93.620,900,93.610,1800,93.600,500,93.580,1300,93.720,400,93.800,200,93.820,1000,93.830,2246,93.840,2020-07-06,11:12:00,00,";
var hq_str_sh603259="药明康德,94.500,95.870,93.680,95.000,93.080,93.650,93.680,12857808,1206404654.000,200,93.650,500,93.640,200,93.620,900,93.610,1300,93.600,400,93.680,300,93.690,4418,93.700,1600,93.760,200,93.770,2020-07-06,11:12:57,00,";
var hq_str_sh603259="药明康德,94.500,95.870,93.650,95.000,93.080,93.610,93.650,12918408,1212082361.000,100,93.610,3200,93.600,1400,93.580,100,93.560,800,93.550,1000,93.650,280,93.690,16036,93.700,2100,93.720,2400,93.730,2020-07-06,11:13:57,00,";
var hq_str_sh603259="药明康德,94.500,95.870,93.770,95.000,93.080,93.740,93.770,12998464,1219581953.000,800,93.740,500,93.720,200,93.710,7544,93.700,100,93.660,300,93.770,2700,93.790,140,93.800,100,93.810,700,93.830,2020-07-06,11:14:57,00,";
var hq_str_sh603259="药明康德,94.500,95.870,93.760,95.000,93.080,93.760,93.770,13043504,1223804756.000,460,93.760,4700,93.750,1000,93.740,100,93.730,200,93.720,100,93.770,1800,93.780,1400,93.790,160,93.800,100,93.810,2020-07-06,11:15:57,00,";
var hq_str_sh603259="药明康德,94.500,95.870,93.720,95.000,93.080,93.760,93.770,13088817,1228053563.000,100,93.760,2300,93.710,8244,93.700,2000,93.680,100,93.660,100,93.770,12840,93.780,100,93.800,1600,93.810,3000,93.820,2020-07-06,11:17:00,00,";
var hq_str_sh603259="药明康德,94.500,95.870,93.830,95.000,93.080,93.800,93.830,13134955,1232380823.000,300,93.800,2360,93.760,400,93.740,500,93.730,3300,93.720,1280,93.830,4446,93.840,900,93.850,100,93.870,600,93.880,2020-07-06,11:17:57,00,";
var hq_str_sh603259="药明康德,94.500,95.870,93.880,95.000,93.080,93.900,93.920,13166581,1235349052.000,100,93.900,1000,93.870,200,93.840,1100,93.830,200,93.820,900,93.920,1080,93.960,800,93.970,200,93.980,22000,93.990,2020-07-06,11:18:57,00,";
var hq_str_sh603259="药明康德,94.500,95.870,94.000,95.000,93.080,94.000,94.010,13261661,1244282761.000,14560,94.000,4800,93.960,100,93.950,7260,93.900,500,93.880,600,94.010,192,94.020,180,94.050,100,94.090,320,94.100,2020-07-06,11:19:57,00,";
var hq_str_sh603259="药明康德,94.500,95.870,93.980,95.000,93.080,93.970,93.980,13322921,1250040745.000,1100,93.970,1200,93.960,700,93.950,200,93.930,8660,93.900,7500,93.980,5004,94.000,194,94.010,192,94.020,180,94.050,2020-07-06,11:20:57,00,";
var hq_str_sh603259="药明康德,94.500,95.870,93.830,95.000,93.080,93.820,93.830,13380181,1255420062.000,200,93.820,600,93.810,3600,93.800,200,93.780,300,93.770,400,93.830,100,93.890,21680,93.900,1200,93.920,1500,93.930,2020-07-06,11:22:00,00,";
var hq_str_sh603259="药明康德,94.500,95.870,93.680,95.000,93.080,93.520,93.680,13471681,1263989647.000,400,93.520,4200,93.510,19200,93.500,100,93.490,100,93.480,180,93.680,1200,93.690,300,93.700,9000,93.710,1500,93.720,2020-07-06,11:23:00,00,";
var hq_str_sh603259="药明康德,94.500,95.870,93.670,95.000,93.080,93.670,93.680,13540581,1270442173.000,500,93.670,200,93.660,800,93.620,400,93.610,300,93.600,39980,93.680,200,93.700,3760,93.710,100,93.720,500,93.730,2020-07-06,11:23:57,00,";
var hq_str_sh603259="药明康德,94.500,95.870,93.920,95.000,93.080,93.900,93.920,13628493,1278683727.000,2688,93.900,300,93.890,1020,93.800,400,93.730,500,93.720,1500,93.920,100,93.930,700,93.950,1200,93.980,300,93.990,2020-07-06,11:25:00,00,";
var hq_str_sh603259="药明康德,94.500,95.870,93.900,95.000,93.080,93.840,93.900,13669254,1282511094.000,100,93.840,200,93.830,900,93.820,2027,93.810,19220,93.800,5900,93.900,1000,93.920,100,93.930,1700,93.950,1200,93.980,2020-07-06,11:26:00,00,";
var hq_str_sh603259="药明康德,94.500,95.870,93.870,95.000,93.080,93.860,93.870,13692894,1284730110.000,3500,93.860,460,93.850,1900,93.830,800,93.820,2527,93.810,1800,93.870,500,93.880,6700,93.890,17000,93.900,200,93.920,2020-07-06,11:26:57,00,";
var hq_str_sh603259="药明康德,94.500,95.870,93.900,95.000,93.080,93.890,93.900,13753394,1290410632.000,400,93.890,600,93.880,500,93.870,1900,93.860,100,93.830,320,93.900,1300,93.910,300,93.920,100,93.940,700,93.950,2020-07-06,11:28:00,00,";
var hq_str_sh603259="药明康德,94.500,95.870,93.900,95.000,93.080,93.890,93.900,13829694,1297573727.000,300,93.890,600,93.880,1100,93.870,1400,93.860,1300,93.830,2900,93.900,360,93.910,200,93.940,700,93.950,2000,93.980,2020-07-06,11:29:00,00,";
var hq_str_sh603259="药明康德,94.500,95.870,93.850,95.000,93.080,93.810,93.850,13851694,1299638907.000,500,93.810,18987,93.800,3500,93.770,400,93.730,100,93.720,500,93.850,4400,93.860,100,93.870,4900,93.880,1200,93.890,2020-07-06,11:29:58,00,";
var hq_str_sh603259="药明康德,94.500,95.870,93.850,95.000,93.080,93.850,93.860,13878514,1302155087.000,13660,93.850,1800,93.810,2587,93.800,200,93.790,3500,93.770,80,93.860,1700,93.880,1200,93.890,12100,93.900,360,93.910,2020-07-06,13:00:01,00,";
var hq_str_sh603259="药明康德,94.500,95.870,93.750,95.000,93.080,93.750,93.780,14133090,1326044732.000,1924,93.750,500,93.720,3560,93.710,45820,93.700,200,93.690,2000,93.780,100,93.790,400,93.800,800,93.910,1600,93.920,2020-07-06,13:00:58,00,";
var hq_str_sh603259="药明康德,94.500,95.870,93.620,95.000,93.080,93.620,93.630,14339918,1345418493.000,8700,93.620,2700,93.610,12256,93.600,300,93.590,1000,93.580,892,93.630,1000,93.680,9040,93.700,100,93.710,5000,93.720,2020-07-06,13:02:01,00,";
var hq_str_sh603259="药明康德,94.500,95.870,93.630,95.000,93.080,93.600,93.630,14541774,1364325658.000,300,93.600,100,93.580,1200,93.560,2400,93.550,900,93.530,1936,93.630,6200,93.700,6600,93.710,18160,93.720,700,93.740,2020-07-06,13:02:58,00,";
var hq_str_sh603259="药明康德,94.500,95.870,93.720,95.000,93.080,93.700,93.720,14848958,1393069220.000,34420,93.700,12800,93.690,1400,93.600,300,93.590,400,93.570,13900,93.720,20700,93.740,48152,93.750,504,93.760,2176,93.780,2020-07-06,13:03:58,00,";
var hq_str_sh603259="药明康德,94.500,95.870,93.820,95.000,93.080,93.820,93.830,15151210,1421398476.000,300,93.820,200,93.800,100,93.790,1220,93.780,600,93.750,100,93.830,4300,93.850,9857,93.890,37400,93.900,300,93.910,2020-07-06,13:04:58,00,";
var hq_str_sh603259="药明康德,94.500,95.870,93.600,95.000,93.080,93.610,93.700,15385078,1443326781.000,100,93.610,4700,93.600,1100,93.580,100,93.570,1200,93.550,21272,93.700,280,93.730,21100,93.740,7400,93.750,640,93.760,2020-07-06,13:05:58,00,";
var hq_str_sh603259="药明康德,94.500,95.870,93.750,95.000,93.080,93.710,93.750,15591011,1462620438.000,1600,93.710,120967,93.700,500,93.690,1200,93.620,6500,93.600,1100,93.750,440,93.760,300,93.780,1040,93.790,800,93.800,2020-07-06,13:06:58,00,";
var hq_str_sh603259="药明康德,94.500,95.870,93.720,95.000,93.080,93.710,93.720,15691311,1472020448.000,38400,93.710,117267,93.700,600,93.690,200,93.680,2300,93.620,1500,93.720,7160,93.730,100,93.740,8000,93.750,21440,93.760,2020-07-06,13:07:58,00,";
var hq_str_sh603259="药明康德,94.500,95.870,93.640,95.000,93.080,93.630,93.680,15917139,1493180987.000,1139,93.630,5500,93.620,10300,93.600,1200,93.590,2100,93.580,100,93.680,4993,93.700,50900,93.710,7800,93.720,7720,93.730,2020-07-06,13:08:58,00,";
var hq_str_sh603259="药明康德,94.500,95.870,93.570,95.000,93.080,93.560,93.570,15996878,1500644275.000,1900,93.560,7900,93.550,800,93.530,1400,93.520,2800,93.510,5800,93.570,12640,93.580,16900,93.590,3400,93.600,2100,93.610,2020-07-06,13:09:58,00,";
var hq_str_sh603259="药明康德,94.500,95.870,93.680,95.000,93.080,93.600,93.620,16147719,1514761705.000,2700,93.600,6000,93.590,22159,93.580,2900,93.570,4500,93.560,5200,93.620,7100,93.680,4600,93.690,1820,93.700,5000,93.710,2020-07-06,13:10:58,00,";
var hq_str_sh603259="药明康德,94.500,95.870,93.630,95.000,93.080,93.630,93.680,16267311,1525955539.000,1820,93.630,400,93.620,1500,93.610,14940,93.600,17548,93.590,780,93.680,200,93.690,1120,93.700,5000,93.710,1100,93.720,2020-07-06,13:11:58,00,";
var hq_str_sh603259="药明康德,94.500,95.870,93.740,95.000,93.080,93.720,93.740,16397091,1538117515.000,12800,93.720,4420,93.710,45200,93.700,300,93.690,2000,93.680,7760,93.740,7900,93.750,20000,93.760,200,93.780,500,93.790,2020-07-06,13:12:58,00,";
var hq_str_sh603259="药明康德,94.500,95.870,93.880,95.000,93.080,93.800,93.880,16506571,1548382829.000,6800,93.800,200,93.790,2000,93.780,1400,93.760,3400,93.750,800,93.880,2000,93.890,10657,93.900,300,93.910,800,93.920,2020-07-06,13:13:58,00,";
var hq_str_sh603259="药明康德,94.500,95.870,93.910,95.000,93.080,93.900,93.910,16596471,1556824631.000,7600,93.900,1600,93.890,2900,93.880,100,93.860,17300,93.850,1257,93.910,460,93.980,1100,93.990,42700,94.000,1800,94.010,2020-07-06,13:14:58,00,";
var hq_str_sh603259="药明康德,94.500,95.870,94.000,95.000,93.080,94.020,94.030,16704232,1566952649.000,3708,94.020,100,94.000,900,93.990,1100,93.980,2400,93.960,400,94.030,200,94.080,4200,94.090,320,94.100,6500,94.110,2020-07-06,13:15:58,00,";
var hq_str_sh603259="药明康德,94.500,95.870,94.040,95.000,93.080,94.030,94.060,16786432,1574684894.000,500,94.030,1600,94.020,1000,94.010,4900,94.000,21900,93.990,5200,94.060,200,94.080,4270,94.090,400,94.100,8700,94.110,2020-07-06,13:16:58,00,";
var hq_str_sh603259="药明康德,94.500,95.870,93.780,95.000,93.080,93.780,93.800,16937620,1588888715.000,11100,93.780,200,93.770,1100,93.760,5200,93.750,18100,93.740,100,93.800,1500,93.820,100,93.830,1800,93.840,13070,93.850,2020-07-06,13:17:58,00,";
var hq_str_sh603259="药明康德,94.500,95.870,93.830,95.000,93.080,93.820,93.830,17033563,1597889332.000,917,93.820,1600,93.810,2512,93.800,6524,93.790,16304,93.780,800,93.830,9300,93.840,12970,93.850,100,93.870,16300,93.880,2020-07-06,13:18:58,00,";
var hq_str_sh603259="药明康德,94.500,95.870,93.880,95.000,93.080,93.880,93.890,17079623,1602212539.000,700,93.880,1300,93.860,2100,93.850,2300,93.840,1300,93.830,1500,93.890,780,93.900,4000,93.920,100,93.940,100,93.980,2020-07-06,13:19:58,00,";
var hq_str_sh603259="药明康德,94.500,95.870,93.890,95.000,93.080,93.880,93.900,17171363,1610826496.000,2200,93.880,700,93.870,4600,93.860,9200,93.850,1900,93.840,22380,93.900,1500,93.910,200,93.950,5700,93.990,30400,94.000,2020-07-06,13:21:01,00,";
var hq_str_sh603259="药明康德,94.500,95.870,93.880,95.000,93.080,93.860,93.880,17249043,1618117869.000,700,93.860,2600,93.850,300,93.840,2000,93.830,4600,93.820,2600,93.880,4000,93.890,21880,93.900,840,93.920,200,93.930,2020-07-06,13:21:58,00,";
var hq_str_sh603259="药明康德,94.500,95.870,93.730,95.000,93.080,93.720,93.730,17350036,1627590798.000,3600,93.720,9420,93.710,57700,93.700,200,93.690,1800,93.680,9500,93.730,2400,93.740,10200,93.750,3200,93.760,2500,93.770,2020-07-06,13:22:58,00,";
var hq_str_sh603259="药明康德,94.500,95.870,93.650,95.000,93.080,93.640,93.650,17476956,1639482160.000,4200,93.640,5400,93.630,600,93.620,1700,93.610,37000,93.600,700,93.650,1900,93.660,1000,93.670,6888,93.680,5700,93.690,2020-07-06,13:23:58,00,";
var hq_str_sh603259="药明康德,94.500,95.870,93.700,95.000,93.080,93.660,93.700,17606804,1651647330.000,2100,93.660,2972,93.650,4500,93.640,1000,93.630,3700,93.620,11608,93.700,300,93.770,50371,93.800,300,93.810,200,93.830,2020-07-06,13:24:58,00,";
var hq_str_sh603259="药明康德,94.500,95.870,93.800,95.000,93.080,93.750,93.770,17681852,1658681855.000,1300,93.750,4700,93.730,3060,93.720,3400,93.710,15492,93.700,1700,93.770,42471,93.800,1900,93.810,200,93.830,1300,93.850,2020-07-06,13:25:58,00,";
var hq_str_sh603259="药明康德,94.500,95.870,93.700,95.000,93.080,93.700,93.730,17768852,1666838485.000,16152,93.700,7100,93.680,500,93.670,300,93.660,3972,93.650,100,93.730,100,93.740,3300,93.750,200,93.770,3900,93.790,2020-07-06,13:26:58,00,";
var hq_str_sh603259="药明康德,94.500,95.870,93.790,95.000,93.080,93.790,93.800,17873968,1676694064.000,1400,93.790,300,93.760,9400,93.750,24224,93.740,2860,93.720,10611,93.800,900,93.810,200,93.830,1300,93.850,200,93.860,2020-07-06,13:27:58,00,";
var hq_str_sh603259="药明康德,94.500,95.870,93.780,95.000,93.080,93.760,93.780,17955908,1684377892.000,560,93.760,1900,93.750,6524,93.740,1960,93.720,9500,93.710,800,93.780,14740,93.790,4811,93.800,12900,93.810,200,93.830,2020-07-06,13:28:58,00,";
var hq_str_sh603259="药明康德,94.500,95.870,93.800,95.000,93.080,93.790,93.800,18013788,1689806124.000,14400,93.790,1300,93.780,2100,93.770,44200,93.760,3660,93.750,407,93.800,12900,93.810,200,93.830,1300,93.850,100,93.860,2020-07-06,13:29:58,00,";
var hq_str_sh603259="药明康德,94.500,95.870,93.840,95.000,93.080,93.830,93.840,18086677,1696644210.000,6600,93.830,2000,93.820,100,93.810,6200,93.800,3211,93.790,300,93.840,2300,93.850,2100,93.880,24780,93.900,840,93.920,2020-07-06,13:30:58,00,";
var hq_str_sh603259="药明康德,94.500,95.870,93.950,95.000,93.080,93.850,93.880,18169777,1704445947.000,600,93.850,5200,93.840,5000,93.830,2900,93.820,1600,93.810,500,93.880,20820,93.950,1400,93.980,1000,93.990,39840,94.000,2020-07-06,13:31:58,00,";
var hq_str_sh603259="药明康德,94.500,95.870,93.870,95.000,93.080,93.870,93.900,18263777,1713270685.000,3500,93.870,2700,93.860,25700,93.850,100,93.840,1200,93.830,3560,93.900,100,93.940,4420,93.950,1100,93.990,40040,94.000,2020-07-06,13:32:58,00,";
var hq_str_sh603259="药明康德,94.500,95.870,94.080,95.000,93.080,94.080,94.090,18380997,1724288191.000,100,94.080,400,94.030,100,94.020,4500,94.000,200,93.990,11200,94.090,3500,94.100,6800,94.110,300,94.120,200,94.150,2020-07-06,13:34:01,00,";
var hq_str_sh603259="药明康德,94.500,95.870,94.190,95.000,93.080,94.110,94.190,18487597,1734316428.000,2300,94.110,200,94.090,1500,94.080,100,94.070,1700,94.040,1200,94.190,7480,94.200,200,94.220,40,94.250,160,94.260,2020-07-06,13:34:58,00,";
var hq_str_sh603259="药明康德,94.500,95.870,94.390,95.000,93.080,94.300,94.390,18577577,1742796956.000,37400,94.300,4300,94.280,300,94.250,600,94.240,300,94.210,5300,94.390,300,94.400,1000,94.440,500,94.450,1000,94.470,2020-07-06,13:35:58,00,";
var hq_str_sh603259="药明康德,94.500,95.870,94.260,95.000,93.080,94.240,94.260,18745077,1758596946.000,100,94.240,500,94.220,500,94.200,300,94.190,2100,94.120,3460,94.260,5000,94.280,22100,94.310,1300,94.320,900,94.330,2020-07-06,13:36:58,00,";
var hq_str_sh603259="药明康德,94.500,95.870,94.080,95.000,93.080,94.060,94.080,18803477,1764094599.000,200,94.060,2100,94.040,5800,94.030,300,94.020,3500,94.010,1400,94.080,11800,94.100,300,94.110,940,94.120,800,94.130,2020-07-06,13:37:58,00,";
var hq_str_sh603259="药明康德,94.500,95.870,93.920,95.000,93.080,93.920,93.950,18868877,1770242238.000,100,93.920,700,93.910,3700,93.900,500,93.890,600,93.880,6900,93.950,4600,93.960,1600,93.980,600,93.990,3500,94.000,2020-07-06,13:38:58,00,";
var hq_str_sh603259="药明康德,94.500,95.870,94.100,95.000,93.080,94.000,94.100,18950277,1777894916.000,3000,94.000,800,93.980,4600,93.970,5600,93.960,3100,93.950,6400,94.100,440,94.120,800,94.130,400,94.160,2400,94.200,2020-07-06,13:39:58,00,";
var hq_str_sh603259="药明康德,94.500,95.870,94.060,95.000,93.080,94.040,94.060,19021417,1784586719.000,2160,94.040,9100,94.010,8200,94.000,17300,93.980,2800,93.970,600,94.060,200,94.090,1400,94.100,20540,94.120,800,94.130,2020-07-06,13:40:58,00,";
var hq_str_sh603259="药明康德,94.500,95.870,94.120,95.000,93.080,94.110,94.120,19106797,1792617510.000,1000,94.110,200,94.040,1000,94.030,5800,94.020,12200,94.010,6240,94.120,600,94.130,1000,94.150,400,94.160,2400,94.200,2020-07-06,13:41:58,00,";
var hq_str_sh603259="药明康德,94.500,95.870,94.050,95.000,93.080,94.040,94.050,19170168,1798576860.000,500,94.040,1300,94.030,1600,94.020,8829,94.010,13500,94.000,1400,94.050,1500,94.070,200,94.090,7800,94.100,4900,94.110,2020-07-06,13:42:58,00,";
var hq_str_sh603259="药明康德,94.500,95.870,94.110,95.000,93.080,94.110,94.120,19278848,1808800120.000,3500,94.110,9760,94.090,200,94.070,1300,94.050,3600,94.030,100,94.120,1400,94.130,8100,94.150,400,94.160,4700,94.200,2020-07-06,13:43:58,00,";
var hq_str_sh603259="药明康德,94.500,95.870,94.170,95.000,93.080,94.170,94.180,19414646,1821587798.000,6500,94.170,20400,94.160,300,94.150,662,94.130,200,94.120,1400,94.180,400,94.230,2000,94.240,6100,94.250,500,94.290,2020-07-06,13:45:01,00,";
var hq_str_sh603259="药明康德,94.500,95.870,94.200,95.000,93.080,94.200,94.210,19528246,1832290595.000,3700,94.200,1900,94.190,10800,94.180,11000,94.170,18300,94.160,540,94.210,200,94.300,700,94.310,400,94.330,1300,94.350,2020-07-06,13:45:58,00,";
var hq_str_sh603259="药明康德,94.500,95.870,94.040,95.000,93.080,94.040,94.060,19747074,1852881290.000,2600,94.040,420,94.030,1000,94.020,100,94.010,11503,94.000,4000,94.060,14100,94.070,300,94.080,13640,94.090,21000,94.100,2020-07-06,13:47:01,00,";
var hq_str_sh603259="药明康德,94.500,95.870,94.030,95.000,93.080,94.020,94.040,19793394,1857237359.000,2800,94.020,6100,94.010,44803,94.000,100,93.990,18600,93.980,2980,94.040,1200,94.050,4400,94.060,9600,94.070,2000,94.080,2020-07-06,13:47:58,00,";
var hq_str_sh603259="药明康德,94.500,95.870,94.050,95.000,93.080,94.050,94.080,19911054,1868300441.000,1700,94.050,2000,94.040,1100,94.030,6100,94.020,7800,94.010,1100,94.080,800,94.090,31900,94.100,3300,94.150,400,94.160,2020-07-06,13:48:58,00,";
var hq_str_sh603259="药明康德,94.500,95.870,94.200,95.000,93.080,94.150,94.200,19999634,1876638048.000,900,94.150,5460,94.140,2400,94.110,2260,94.100,200,94.080,1820,94.200,1000,94.240,1000,94.280,740,94.290,32200,94.300,2020-07-06,13:49:58,00,";
var hq_str_sh603259="药明康德,94.500,95.870,94.100,95.000,93.080,94.080,94.120,20061034,1882419166.000,200,94.080,1300,94.040,1600,94.030,4200,94.020,4100,94.010,200,94.120,2300,94.140,30000,94.150,4600,94.160,2100,94.170,2020-07-06,13:50:58,00,";
var hq_str_sh603259="药明康德,94.500,95.870,94.100,95.000,93.080,94.100,94.140,20153445,1891111237.000,32489,94.100,19900,94.020,6400,94.010,19363,94.000,200,93.990,1200,94.140,5300,94.150,4000,94.160,500,94.190,32420,94.200,2020-07-06,13:51:58,00,";
var hq_str_sh603259="药明康德,94.500,95.870,94.090,95.000,93.080,94.090,94.130,20302710,1905156452.000,5660,94.090,200,94.060,100,94.050,2400,94.040,1700,94.030,1900,94.130,500,94.140,2500,94.150,3900,94.160,780,94.190,2020-07-06,13:52:58,00,";
var hq_str_sh603259="药明康德,94.500,95.870,94.090,95.000,93.080,94.080,94.090,20365670,1911080441.000,800,94.080,10000,94.070,100,94.060,600,94.050,500,94.040,13800,94.090,24000,94.100,700,94.110,936,94.120,500,94.130,2020-07-06,13:53:58,00,";
var hq_str_sh603259="药明康德,94.500,95.870,93.990,95.000,93.080,93.990,94.020,20559470,1929302096.000,200,93.990,3800,93.970,2000,93.960,3600,93.950,2900,93.940,100,94.020,3600,94.030,400,94.040,200,94.050,300,94.060,2020-07-06,13:54:58,00,";
var hq_str_sh603259="药明康德,94.500,95.870,94.020,95.000,93.080,94.070,94.080,20627470,1935695532.000,500,94.070,100,94.020,1900,94.010,33700,94.000,13100,93.990,400,94.080,39220,94.100,700,94.120,500,94.130,300,94.140,2020-07-06,13:55:58,00,";
var hq_str_sh603259="药明康德,94.500,95.870,93.910,95.000,93.080,93.910,94.070,20825580,1954316131.000,400,93.910,9033,93.900,13457,93.880,2400,93.860,27900,93.850,400,94.070,1820,94.080,1700,94.090,29320,94.100,700,94.120,2020-07-06,13:56:58,00,";
var hq_str_sh603259="药明康德,94.500,95.870,94.050,95.000,93.080,94.050,94.080,20890480,1960421798.000,15400,94.050,200,94.030,2800,94.000,300,93.990,300,93.950,600,94.080,1800,94.090,3240,94.100,700,94.110,2500,94.120,2020-07-06,13:57:58,00,";
var hq_str_sh603259="药明康德,94.500,95.870,93.900,95.000,93.080,93.900,93.950,21015453,1972164402.000,6860,93.900,900,93.890,37357,93.880,500,93.870,2800,93.860,1700,93.950,37300,93.960,5600,93.990,50667,94.000,500,94.010,2020-07-06,13:58:58,00,";
var hq_str_sh603259="药明康德,94.500,95.870,93.910,95.000,93.080,93.900,93.910,21155615,1985323774.000,700,93.900,39755,93.850,100,93.840,3000,93.830,800,93.820,600,93.910,1660,93.920,100,93.940,1400,93.950,37200,93.960,2020-07-06,13:59:58,00,";
var hq_str_sh603259="药明康德,94.500,95.870,93.880,95.000,93.080,93.880,93.900,21219863,1991356886.000,1700,93.880,2200,93.870,5800,93.860,55115,93.850,100,93.840,5100,93.900,3200,93.910,2060,93.920,1400,93.930,900,93.950,2020-07-06,14:00:58,00,";
var hq_str_sh603259="药明康德,94.500,95.870,93.880,95.000,93.080,93.880,93.890,21281543,1997146963.000,4280,93.880,12000,93.870,500,93.860,55555,93.850,4200,93.830,2700,93.890,5040,93.900,1400,93.910,700,93.920,1500,93.950,2020-07-06,14:01:58,00,";
var hq_str_sh603259="药明康德,94.500,95.870,93.920,95.000,93.080,93.920,93.930,21327623,2001474203.000,10440,93.920,1600,93.910,17160,93.900,12500,93.890,4800,93.880,200,93.930,6380,93.950,37440,93.960,600,93.970,56267,94.000,2020-07-06,14:02:58,00,";
var hq_str_sh603259="药明康德,94.500,95.870,93.860,95.000,93.080,93.850,93.860,21424863,2010604954.000,57555,93.850,4300,93.830,1200,93.820,2700,93.810,39200,93.800,400,93.860,36600,93.870,660,93.880,19500,93.890,10260,93.900,2020-07-06,14:04:01,00,";
var hq_str_sh603259="药明康德,94.500,95.870,93.810,95.000,93.080,93.800,93.810,21586918,2025810319.000,6000,93.800,1900,93.790,9400,93.780,1800,93.770,63400,93.760,900,93.810,11900,93.820,1200,93.830,1100,93.840,1045,93.850,2020-07-06,14:04:58,00,";
var hq_str_sh603259="药明康德,94.500,95.870,93.760,95.000,93.080,93.750,93.760,21784238,2044314646.000,4780,93.750,2600,93.740,1100,93.730,700,93.720,2300,93.710,2500,93.760,8400,93.770,700,93.800,300,93.810,300,93.820,2020-07-06,14:05:58,00,";
var hq_str_sh603259="药明康德,94.500,95.870,93.770,95.000,93.080,93.750,93.770,21906078,2055736729.000,6740,93.750,11500,93.740,5600,93.730,100,93.720,6200,93.710,10200,93.770,740,93.780,1500,93.790,4200,93.800,300,93.820,2020-07-06,14:06:58,00,";
var hq_str_sh603259="药明康德,94.500,95.870,93.800,95.000,93.080,93.800,93.820,21982118,2062867604.000,10700,93.800,11200,93.790,5100,93.780,24900,93.770,1000,93.760,1100,93.820,945,93.850,600,93.860,10500,93.890,9360,93.900,2020-07-06,14:07:58,00,";
var hq_str_sh603259="药明康德,94.500,95.870,93.810,95.000,93.080,93.800,93.810,22059838,2070158985.000,880,93.800,11400,93.790,6700,93.780,12400,93.770,900,93.760,7040,93.810,22640,93.820,3300,93.830,8600,93.840,12445,93.850,2020-07-06,14:08:58,00,";
var hq_str_sh603259="药明康德,94.500,95.870,93.810,95.000,93.080,93.810,93.830,22157718,2079341231.000,3520,93.810,1800,93.800,2580,93.790,8000,93.780,13600,93.770,900,93.830,300,93.840,22945,93.850,600,93.860,260,93.880,2020-07-06,14:09:58,00,";
var hq_str_sh603259="药明康德,94.500,95.870,93.690,95.000,93.080,93.680,93.690,22342018,2096620341.000,22800,93.680,1000,93.670,3200,93.660,4000,93.650,900,93.640,1600,93.690,27614,93.700,700,93.710,3000,93.760,100,93.770,2020-07-06,14:10:58,00,";
var hq_str_sh603259="药明康德,94.500,95.870,93.650,95.000,93.080,93.650,93.660,22492478,2110712570.000,9900,93.650,100,93.640,24240,93.600,2100,93.590,35159,93.580,300,93.660,4273,93.670,2040,93.680,3400,93.690,27614,93.700,2020-07-06,14:11:58,00,";
var hq_str_sh603259="药明康德,94.500,95.870,93.620,95.000,93.080,93.580,93.620,22643612,2124859612.000,460,93.580,7000,93.570,17605,93.560,14500,93.550,100,93.540,700,93.620,4220,93.650,9300,93.660,1573,93.670,2540,93.680,2020-07-06,14:12:58,00,";
var hq_str_sh603259="药明康德,94.500,95.870,93.550,95.000,93.080,93.550,93.560,22831187,2142407321.000,1120,93.550,100,93.540,600,93.510,56910,93.500,300,93.490,700,93.560,600,93.570,2200,93.580,1620,93.600,11400,93.610,2020-07-06,14:13:58,00,";
var hq_str_sh603259="药明康德,94.500,95.870,93.500,95.000,93.080,93.510,93.530,22965187,2154938476.000,1300,93.510,16230,93.500,600,93.490,3400,93.480,3600,93.470,7160,93.530,3100,93.540,2100,93.550,12800,93.560,8800,93.570,2020-07-06,14:14:58,00,";
var hq_str_sh603259="药明康德,94.500,95.870,93.560,95.000,93.080,93.560,93.570,23072540,2164978759.000,1700,93.560,500,93.540,18300,93.530,15040,93.520,18027,93.510,1500,93.570,1500,93.580,100,93.590,900,93.600,600,93.610,2020-07-06,14:15:58,00,";
var hq_str_sh603259="药明康德,94.500,95.870,93.550,95.000,93.080,93.550,93.560,23174240,2174493480.000,3100,93.550,14800,93.530,6740,93.520,21127,93.510,51230,93.500,700,93.560,1000,93.590,5200,93.600,700,93.650,600,93.680,2020-07-06,14:16:58,00,";
var hq_str_sh603259="药明康德,94.500,95.870,93.650,95.000,93.080,93.610,93.650,23223680,2179120307.000,6540,93.610,400,93.600,5720,93.590,200,93.580,2100,93.570,200,93.650,1600,93.680,1000,93.690,3200,93.700,5500,93.800,2020-07-06,14:17:58,00,";
var hq_str_sh603259="药明康德,94.500,95.870,93.650,95.000,93.080,93.650,93.700,23310460,2187246498.000,800,93.650,120,93.640,7200,93.610,52000,93.600,4620,93.590,11627,93.700,100,93.760,1000,93.790,6400,93.800,1500,93.810,2020-07-06,14:19:01,00,";
var hq_str_sh603259="药明康德,94.500,95.870,93.620,95.000,93.080,93.620,93.640,23362060,2192077989.000,7700,93.620,12320,93.610,72900,93.600,4820,93.590,10000,93.580,9800,93.640,7800,93.650,1800,93.660,600,93.670,9700,93.700,2020-07-06,14:19:58,00,";
var hq_str_sh603259="药明康德,94.500,95.870,93.610,95.000,93.080,93.610,93.620,23441960,2199558022.000,2100,93.610,61320,93.600,4720,93.590,11100,93.580,4000,93.570,3200,93.620,10700,93.630,3300,93.640,1900,93.650,300,93.660,2020-07-06,14:20:58,00,";
var hq_str_sh603259="药明康德,94.500,95.870,93.550,95.000,93.080,93.530,93.550,23584200,2212869754.000,9300,93.530,5340,93.520,20800,93.510,67230,93.500,3800,93.490,19100,93.550,100,93.560,12596,93.570,4300,93.580,20180,93.600,2020-07-06,14:21:58,00,";
var hq_str_sh603259="药明康德,94.500,95.870,93.520,95.000,93.080,93.530,93.550,23760966,2229405790.000,100,93.530,1600,93.520,6774,93.510,77430,93.500,3900,93.490,1000,93.550,4600,93.560,2100,93.570,6276,93.600,2240,93.610,2020-07-06,14:22:58,00,";
var hq_str_sh603259="药明康德,94.500,95.870,93.540,95.000,93.080,93.540,93.560,23827970,2235673393.000,8000,93.540,17400,93.530,4796,93.520,14574,93.510,88630,93.500,10120,93.560,6600,93.570,3900,93.600,1296,93.610,3000,93.620,2020-07-06,14:23:58,00,";
var hq_str_sh603259="药明康德,94.500,95.870,93.540,95.000,93.080,93.540,93.590,23908770,2243234021.000,1500,93.540,19000,93.530,8596,93.520,14074,93.510,90430,93.500,5720,93.590,3600,93.600,4400,93.620,300,93.630,900,93.650,2020-07-06,14:24:58,00,";
var hq_str_sh603259="药明康德,94.500,95.870,93.540,95.000,93.080,93.540,93.550,24050466,2256489430.000,14574,93.540,93130,93.500,5000,93.490,36100,93.480,6600,93.470,6700,93.550,1500,93.560,1500,93.570,1000,93.590,22780,93.600,2020-07-06,14:25:58,00,";
var hq_str_sh603259="药明康德,94.500,95.870,93.530,95.000,93.080,93.530,93.540,24224386,2272754787.000,1500,93.530,9280,93.520,2000,93.510,40904,93.500,5000,93.490,1400,93.540,11200,93.550,400,93.570,1100,93.590,18180,93.600,2020-07-06,14:27:01,00,";
var hq_str_sh603259="药明康德,94.500,95.870,93.510,95.000,93.080,93.500,93.540,24324433,2282110688.000,24937,93.500,5400,93.490,37100,93.480,6600,93.470,5300,93.460,400,93.540,12460,93.550,3600,93.560,1700,93.570,1100,93.590,2020-07-06,14:27:58,00,";
var hq_str_sh603259="药明康德,94.500,95.870,93.530,95.000,93.080,93.520,93.540,24446633,2293536443.000,100,93.520,600,93.510,7000,93.500,2100,93.490,12100,93.480,6800,93.540,6160,93.550,3700,93.560,300,93.570,1200,93.590,2020-07-06,14:28:58,00,";
var hq_str_sh603259="药明康德,94.500,95.870,93.550,95.000,93.080,93.510,93.550,24524613,2300831544.000,6300,93.510,14700,93.500,2400,93.490,14400,93.480,7237,93.470,7900,93.550,4600,93.560,100,93.600,9100,93.610,600,93.620,2020-07-06,14:29:58,00,";
var hq_str_sh603259="药明康德,94.500,95.870,93.610,95.000,93.080,93.610,93.660,24612213,2309028952.000,700,93.610,29840,93.600,200,93.560,900,93.530,8040,93.520,1500,93.660,1500,93.790,28698,93.800,1600,93.810,400,93.820,2020-07-06,14:30:58,00,";
var hq_str_sh603259="药明康德,94.500,95.870,93.630,95.000,93.080,93.580,93.630,24708015,2317997547.000,200,93.580,498,93.560,300,93.540,1000,93.530,13040,93.520,100,93.630,1200,93.650,2600,93.660,400,93.780,1600,93.790,2020-07-06,14:31:58,00,";
var hq_str_sh603259="药明康德,94.500,95.870,93.790,95.000,93.080,93.640,93.780,24768275,2323639475.000,100,93.640,4580,93.620,500,93.600,100,93.590,100,93.580,1300,93.780,1100,93.790,28798,93.800,2300,93.810,400,93.820,2020-07-06,14:32:58,00,";
var hq_str_sh603259="药明康德,94.500,95.870,93.620,95.000,93.080,93.640,93.720,24843651,2330703204.000,100,93.640,2040,93.620,100,93.610,6800,93.600,100,93.590,300,93.720,2500,93.730,700,93.750,1500,93.760,1100,93.790,2020-07-06,14:33:58,00,";
var hq_str_sh603259="药明康德,94.500,95.870,93.580,95.000,93.080,93.550,93.580,24932931,2339059305.000,60,93.550,3358,93.530,15440,93.520,4620,93.510,37400,93.500,3500,93.580,700,93.590,600,93.600,6300,93.630,1220,93.640,2020-07-06,14:34:58,00,";
var hq_str_sh603259="药明康德,94.500,95.870,93.530,95.000,93.080,93.520,93.530,25030054,2348143206.000,100,93.520,5364,93.510,38091,93.500,4300,93.490,15800,93.480,400,93.530,5100,93.540,600,93.550,900,93.570,2040,93.580,2020-07-06,14:35:58,00,";
var hq_str_sh603259="药明康德,94.500,95.870,93.580,95.000,93.080,93.560,93.580,25112934,2355895463.000,500,93.560,5500,93.530,22000,93.520,4300,93.510,48255,93.500,848,93.580,4600,93.590,1300,93.600,7600,93.610,6300,93.620,2020-07-06,14:36:58,00,";
var hq_str_sh603259="药明康德,94.500,95.870,93.560,95.000,93.080,93.560,93.580,25304854,2373851733.000,60,93.560,900,93.550,1400,93.540,2100,93.530,1400,93.520,400,93.580,400,93.600,20100,93.700,200,93.730,500,93.760,2020-07-06,14:37:58,00,";
var hq_str_sh603259="药明康德,94.500,95.870,93.600,95.000,93.080,93.590,93.600,25380331,2380915770.000,1200,93.590,4863,93.580,3400,93.570,3700,93.560,5520,93.550,600,93.600,100,93.680,1600,93.690,30140,93.700,200,93.730,2020-07-06,14:38:58,00,";
var hq_str_sh603259="药明康德,94.500,95.870,93.510,95.000,93.080,93.500,93.510,25520014,2393984465.000,65755,93.500,4200,93.490,18600,93.480,6637,93.470,6000,93.460,6640,93.510,300,93.530,1200,93.550,600,93.560,3500,93.570,2020-07-06,14:39:58,00,";
var hq_str_sh603259="药明康德,94.500,95.870,93.540,95.000,93.080,93.510,93.540,25656932,2406789082.000,6420,93.510,93717,93.500,5300,93.490,19100,93.480,6637,93.470,1200,93.540,200,93.570,5900,93.580,1300,93.590,400,93.600,2020-07-06,14:40:58,00,";
var hq_str_sh603259="药明康德,94.500,95.870,93.520,95.000,93.080,93.520,93.530,25762512,2416663418.000,100,93.520,5640,93.510,98317,93.500,5800,93.490,18100,93.480,12040,93.530,3800,93.540,6500,93.600,1400,93.610,100,93.620,2020-07-06,14:41:58,00,";
var hq_str_sh603259="药明康德,94.500,95.870,93.420,95.000,93.080,93.410,93.420,26094626,2447705804.000,6780,93.410,500,93.400,300,93.390,6800,93.380,2600,93.370,8300,93.420,3500,93.430,100,93.440,500,93.450,308,93.470,2020-07-06,14:42:58,00,";
var hq_str_sh603259="药明康德,94.500,95.870,93.510,95.000,93.080,93.490,93.510,26284328,2465433539.000,6834,93.490,200,93.480,2600,93.470,4100,93.450,5200,93.440,980,93.510,100,93.520,2000,93.530,1100,93.540,3500,93.600,2020-07-06,14:43:58,00,";
var hq_str_sh603259="药明康德,94.500,95.870,93.490,95.000,93.080,93.480,93.490,26389708,2475286644.000,10000,93.480,2854,93.470,2300,93.460,4600,93.450,6000,93.440,7200,93.490,8600,93.500,6960,93.510,805,93.520,6300,93.530,2020-07-06,14:44:58,00,";
var hq_str_sh603259="药明康德,94.500,95.870,93.780,95.000,93.080,93.750,93.780,26526560,2488093967.000,100,93.750,1100,93.740,300,93.700,400,93.680,1400,93.670,6700,93.780,600,93.790,5900,93.800,600,93.810,500,93.820,2020-07-06,14:45:58,00,";
var hq_str_sh603259="药明康德,94.500,95.870,93.750,95.000,93.080,93.750,93.810,26651083,2499768406.000,300,93.750,200,93.740,200,93.710,5677,93.700,1000,93.680,7000,93.810,2100,93.820,1045,93.850,200,93.860,3878,93.880,2020-07-06,14:46:58,00,";
var hq_str_sh603259="药明康德,94.500,95.870,93.770,95.000,93.080,93.750,93.770,26707183,2505027217.000,5700,93.750,700,93.740,300,93.730,500,93.720,700,93.710,760,93.770,240,93.780,100,93.790,500,93.800,140,93.810,2020-07-06,14:47:58,00,";
var hq_str_sh603259="药明康德,94.500,95.870,93.750,95.000,93.080,93.740,93.750,26777383,2511607655.000,9400,93.740,500,93.720,7000,93.710,14077,93.700,100,93.690,1300,93.750,540,93.760,840,93.770,940,93.780,4860,93.800,2020-07-06,14:48:58,00,";
var hq_str_sh603259="药明康德,94.500,95.870,93.760,95.000,93.080,93.740,93.780,26887759,2521953427.000,100,93.740,7460,93.730,9020,93.720,9500,93.710,26877,93.700,1140,93.780,200,93.790,6760,93.800,100,93.810,2000,93.820,2020-07-06,14:49:58,00,";
var hq_str_sh603259="药明康德,94.500,95.870,93.840,95.000,93.080,93.840,93.850,27002493,2532718346.000,100,93.840,3100,93.820,3646,93.810,1100,93.800,200,93.790,1287,93.850,200,93.860,700,93.870,3180,93.880,1200,93.890,2020-07-06,14:50:58,00,";
var hq_str_sh603259="药明康德,94.500,95.870,93.800,95.000,93.080,93.790,93.800,27081039,2540087790.000,900,93.790,1620,93.780,800,93.760,2800,93.750,1100,93.740,800,93.800,1025,93.810,2200,93.830,1340,93.840,3700,93.850,2020-07-06,14:51:58,00,";
var hq_str_sh603259="药明康德,94.500,95.870,93.830,95.000,93.080,93.830,93.840,27209079,2552100336.000,1800,93.830,100,93.820,3360,93.810,17100,93.800,400,93.790,1493,93.840,2840,93.850,8000,93.860,300,93.870,3580,93.880,2020-07-06,14:52:58,00,";
var hq_str_sh603259="药明康德,94.500,95.870,93.820,95.000,93.080,93.820,93.830,27349699,2565293890.000,800,93.820,8680,93.800,800,93.790,4920,93.780,700,93.770,4000,93.830,708,93.850,100,93.860,900,93.870,4280,93.880,2020-07-06,14:53:58,00,";
var hq_str_sh603259="药明康德,94.500,95.870,93.780,95.000,93.080,93.770,93.790,27810148,2608550508.000,1200,93.770,500,93.750,1000,93.610,300,93.600,29351,93.590,4800,93.790,2500,93.800,10700,93.810,1500,93.840,400,93.850,2020-07-06,14:54:58,00,";
var hq_str_sh603259="药明康德,94.500,95.870,93.890,95.000,93.080,93.870,93.990,27887104,2615767646.000,200,93.870,900,93.840,7500,93.810,4400,93.800,2100,93.780,1500,93.990,3400,94.000,3600,94.100,2660,94.200,100,94.210,2020-07-06,14:55:58,00,";
var hq_str_sh603259="药明康德,94.500,95.870,94.100,95.000,93.080,94.010,94.100,27984420,2624916330.000,1000,94.010,624,94.000,3800,93.990,1500,93.980,2400,93.930,1000,94.100,17800,94.110,300,94.170,5460,94.200,100,94.210,2020-07-06,14:56:58,00,";
var hq_str_sh603259="药明康德,94.500,95.870,94.100,95.000,93.080,94.120,94.120,27984420,2624916330.000,174178,94.120,122,0.000,0,0.000,0,0.000,0,0.000,174178,94.120,0,0.000,0,0.000,0,0.000,0,0.000,2020-07-06,14:57:58,00,";
var hq_str_sh603259="药明康德,94.500,95.870,94.100,95.000,93.080,94.100,94.100,27984420,2624916330.000,247568,94.100,2132,0.000,0,0.000,0,0.000,0,0.000,247568,94.100,0,0.000,0,0.000,0,0.000,0,0.000,2020-07-06,14:58:58,00,";
