var hq_str_sh603259="药明康德,105.000,105.870,105.000,105.000,105.000,104.990,105.000,193600,20328000.000,100,104.990,400,104.980,10400,104.900,1500,104.880,300,104.860,81293,105.000,1300,105.050,900,105.060,100,105.090,200,105.110,2020-11-19,09:29:47,00,";
var hq_str_sh603259="药明康德,105.000,105.870,105.800,106.000,104.900,105.380,105.800,764016,80454442.000,400,105.380,200,105.310,11600,105.300,900,105.290,300,105.280,4000,105.800,500,105.840,400,105.890,400,105.980,900,105.990,2020-11-19,09:30:58,00,";
var hq_str_sh603259="药明康德,105.000,105.870,105.800,106.190,104.900,105.850,105.980,1005353,106025896.000,100,105.850,100,105.840,19663,105.800,600,105.780,500,105.770,600,105.980,400,105.990,1860,106.000,1400,106.020,4100,106.050,2020-11-19,09:31:58,00,";
var hq_str_sh603259="药明康德,105.000,105.870,105.940,106.190,104.900,105.980,106.000,1297907,137002161.000,3200,105.980,400,105.940,7500,105.870,4300,105.860,500,105.850,900,106.000,6900,106.050,300,106.060,1700,106.070,700,106.080,2020-11-19,09:32:58,00,";
var hq_str_sh603259="药明康德,105.000,105.870,105.540,106.190,104.900,105.540,105.550,1634913,172649460.000,2300,105.540,100,105.250,500,105.240,500,105.210,600,105.200,100,105.550,3800,105.630,2200,105.660,2800,105.680,2400,105.710,2020-11-19,09:33:58,00,";
var hq_str_sh603259="药明康德,105.000,105.870,104.680,106.190,104.680,104.680,104.740,1832335,193392278.000,700,104.680,100,104.660,500,104.650,600,104.620,200,104.600,600,104.740,1000,104.800,1200,104.810,100,104.830,13963,104.850,2020-11-19,09:34:58,00,";
var hq_str_sh603259="药明康德,105.000,105.870,104.600,106.190,104.410,104.440,104.600,2066035,217851764.000,100,104.440,2200,104.420,500,104.410,200,104.390,500,104.380,900,104.600,900,104.650,100,104.690,500,104.750,1900,104.780,2020-11-19,09:35:58,00,";
var hq_str_sh603259="药明康德,105.000,105.870,104.600,106.190,104.410,104.600,104.650,2233075,235321062.000,200,104.600,4400,104.590,2400,104.580,100,104.560,200,104.550,1300,104.650,400,104.660,7400,104.670,2300,104.680,2700,104.690,2020-11-19,09:36:58,00,";
var hq_str_sh603259="药明康德,105.000,105.870,104.450,106.190,104.120,104.450,104.460,2547715,268166799.000,700,104.450,100,104.430,500,104.420,10800,104.390,1200,104.330,300,104.460,100,104.490,700,104.500,2900,104.520,2300,104.530,2020-11-19,09:37:58,00,";
var hq_str_sh603259="药明康德,105.000,105.870,104.700,106.190,104.120,104.750,104.780,2834072,298095211.000,100,104.750,20300,104.700,756,104.650,1500,104.620,3047,104.610,3800,104.780,6700,104.800,2700,104.810,1503,104.850,200,104.890,2020-11-19,09:38:58,00,";
var hq_str_sh603259="药明康德,105.000,105.870,104.780,106.190,104.120,104.780,104.990,3003772,315881447.000,5900,104.780,200,104.760,3700,104.750,200,104.730,500,104.720,3400,104.990,10910,105.000,100,105.010,100,105.020,200,105.040,2020-11-19,09:39:58,00,";
var hq_str_sh603259="药明康德,105.000,105.870,105.390,106.190,104.120,105.390,105.470,3245717,341302102.000,100,105.390,200,105.380,1200,105.330,1000,105.280,2500,105.200,300,105.470,1700,105.500,2600,105.540,3800,105.580,200,105.600,2020-11-19,09:41:01,00,";
var hq_str_sh603259="药明康德,105.000,105.870,105.400,106.190,104.120,105.400,105.410,3361117,353472362.000,200,105.400,300,105.390,100,105.370,700,105.300,100,105.290,1900,105.410,1900,105.460,9300,105.470,1500,105.480,100,105.490,2020-11-19,09:41:58,00,";
var hq_str_sh603259="药明康德,105.000,105.870,105.800,106.190,104.120,105.730,105.800,3471159,365090711.000,200,105.730,958,105.720,100,105.710,2600,105.700,7600,105.660,6800,105.800,800,105.830,1700,105.840,2100,105.850,2900,105.860,2020-11-19,09:42:58,00,";
var hq_str_sh603259="药明康德,105.000,105.870,105.400,106.190,104.120,105.240,105.400,3616417,380443740.000,400,105.240,800,105.200,1000,105.180,200,105.170,500,105.160,2300,105.400,200,105.430,200,105.440,900,105.450,100,105.460,2020-11-19,09:43:58,00,";
var hq_str_sh603259="药明康德,105.000,105.870,105.360,106.190,104.120,105.360,105.380,3701017,389354862.000,1300,105.360,1000,105.270,200,105.200,400,105.190,200,105.160,100,105.380,10100,105.390,17600,105.400,2000,105.430,300,105.450,2020-11-19,09:44:58,00,";
var hq_str_sh603259="药明康德,105.000,105.870,105.550,106.190,104.120,105.490,105.550,3823317,402256904.000,200,105.490,300,105.480,1500,105.450,500,105.420,100,105.410,200,105.550,1800,105.570,500,105.590,600,105.600,300,105.620,2020-11-19,09:45:58,00,";
var hq_str_sh603259="药明康德,105.000,105.870,105.510,106.190,104.120,105.510,105.650,3951057,415737109.000,2300,105.510,14500,105.500,300,105.480,100,105.440,700,105.430,700,105.650,700,105.660,7200,105.690,1200,105.700,500,105.740,2020-11-19,09:46:58,00,";
var hq_str_sh603259="药明康德,105.000,105.870,105.790,106.190,104.120,105.780,105.790,4037977,424927759.000,4800,105.780,200,105.750,1500,105.740,300,105.730,100,105.660,200,105.790,995,105.800,600,105.820,160,105.840,3700,105.850,2020-11-19,09:47:58,00,";
var hq_str_sh603259="药明康德,105.000,105.870,105.700,106.190,104.120,105.740,105.750,4140772,435801333.000,100,105.740,600,105.700,100,105.610,1300,105.600,300,105.580,200,105.750,7600,105.760,6900,105.770,600,105.780,300,105.790,2020-11-19,09:48:58,00,";
var hq_str_sh603259="药明康德,105.000,105.870,105.660,106.190,104.120,105.530,105.660,4260272,448423571.000,4000,105.530,7200,105.500,500,105.440,200,105.410,5600,105.400,400,105.660,600,105.670,1100,105.680,100,105.690,4440,105.700,2020-11-19,09:49:58,00,";
var hq_str_sh603259="药明康德,105.000,105.870,105.740,106.190,104.120,105.740,105.800,4355112,458449234.000,400,105.740,3300,105.730,1600,105.700,8000,105.670,2700,105.660,11400,105.800,800,105.810,100,105.820,2200,105.840,200,105.850,2020-11-19,09:50:58,00,";
var hq_str_sh603259="药明康德,105.000,105.870,106.400,106.600,104.120,106.400,106.440,4485922,472331300.000,5200,106.400,200,106.360,23800,106.320,9200,106.300,2800,106.200,4100,106.440,1200,106.470,1900,106.490,100000,106.500,300,106.590,2020-11-19,09:51:58,00,";
var hq_str_sh603259="药明康德,105.000,105.870,106.310,106.600,104.120,106.320,106.350,4671850,492088207.000,2300,106.320,5400,106.310,1000,106.300,1500,106.290,2000,106.280,100,106.350,1000,106.370,500,106.380,300,106.390,500,106.400,2020-11-19,09:52:58,00,";
var hq_str_sh603259="药明康德,105.000,105.870,106.580,106.650,104.120,106.580,106.630,4801550,505899864.000,5100,106.580,1400,106.550,600,106.540,1400,106.500,4500,106.490,15200,106.630,400,106.640,200,106.650,400,106.660,200,106.670,2020-11-19,09:53:58,00,";
var hq_str_sh603259="药明康德,105.000,105.870,106.580,106.650,104.120,106.580,106.620,4944050,521081514.000,1500,106.580,6700,106.570,1000,106.560,400,106.520,7200,106.500,100,106.620,5500,106.630,4500,106.640,1000,106.650,100,106.660,2020-11-19,09:54:58,00,";
var hq_str_sh603259="药明康德,105.000,105.870,106.760,106.800,104.120,106.760,106.770,5112850,539092898.000,2600,106.760,600,106.750,800,106.640,2500,106.630,4300,106.620,340,106.770,100,106.780,4600,106.800,200,106.820,200,106.840,2020-11-19,09:55:58,00,";
var hq_str_sh603259="药明康德,105.000,105.870,106.840,106.900,104.120,106.830,106.840,5279590,556902432.000,100,106.830,900,106.820,24460,106.800,3000,106.790,600,106.780,3000,106.840,600,106.880,400,106.890,2100,106.900,500,106.920,2020-11-19,09:56:58,00,";
var hq_str_sh603259="药明康德,105.000,105.870,106.930,106.930,104.120,106.890,106.900,5486658,579010920.000,100,106.890,200,106.880,500,106.870,5400,106.850,300,106.830,500,106.900,9100,106.930,600,106.950,800,106.960,700,106.970,2020-11-19,09:57:58,00,";
var hq_str_sh603259="药明康德,105.000,105.870,107.270,107.280,104.120,107.270,107.280,5623816,593699840.000,700,107.270,800,107.210,12382,107.200,8300,107.180,100,107.170,1100,107.280,200,107.290,400,107.300,100,107.310,200,107.330,2020-11-19,09:58:58,00,";
var hq_str_sh603259="药明康德,105.000,105.870,107.010,107.290,104.120,107.000,107.010,5795398,612083036.000,38000,107.000,1200,106.990,300,106.980,2500,106.960,300,106.930,600,107.010,200,107.020,2800,107.030,1000,107.050,2100,107.080,2020-11-19,09:59:58,00,";
var hq_str_sh603259="药明康德,105.000,105.870,107.340,107.450,104.120,107.200,107.340,5958390,629557922.000,1000,107.200,2500,107.170,100,107.100,8000,107.090,200,107.080,6200,107.340,300,107.350,1200,107.370,500,107.380,2880,107.390,2020-11-19,10:00:58,00,";
var hq_str_sh603259="药明康德,105.000,105.870,107.220,107.450,104.120,107.200,107.220,6078190,642408835.000,1300,107.200,100,107.180,4700,107.170,100,107.160,1000,107.150,1100,107.220,700,107.230,400,107.240,900,107.250,200,107.280,2020-11-19,10:02:01,00,";
var hq_str_sh603259="药明康德,105.000,105.870,107.430,107.450,104.120,107.430,107.440,6200990,655564870.000,100,107.430,300,107.400,7200,107.390,1200,107.360,500,107.350,100,107.440,2077,107.450,200,107.460,200,107.470,100,107.480,2020-11-19,10:02:58,00,";
var hq_str_sh603259="药明康德,105.000,105.870,107.440,107.520,104.120,107.430,107.440,6329290,669348364.000,5900,107.430,300,107.420,2500,107.410,14800,107.400,300,107.390,11200,107.440,5340,107.450,300,107.460,1200,107.470,4477,107.480,2020-11-19,10:03:58,00,";
var hq_str_sh603259="药明康德,105.000,105.870,107.210,107.520,104.120,107.210,107.240,6466490,684069604.000,3700,107.210,400,107.150,200,107.130,1000,107.120,100,107.100,700,107.240,600,107.250,900,107.260,600,107.270,3100,107.280,2020-11-19,10:04:58,00,";
var hq_str_sh603259="药明康德,105.000,105.870,107.360,107.520,104.120,107.360,107.380,6547990,692815167.000,500,107.360,7000,107.350,100,107.320,100,107.310,900,107.300,6100,107.380,1900,107.390,1900,107.400,100,107.410,500,107.420,2020-11-19,10:05:58,00,";
var hq_str_sh603259="药明康德,105.000,105.870,107.420,107.520,104.120,107.350,107.360,6615690,700085489.000,2600,107.350,500,107.320,1200,107.300,1500,107.290,1400,107.280,100,107.360,2500,107.420,3800,107.430,1700,107.440,2440,107.450,2020-11-19,10:06:58,00,";
var hq_str_sh603259="药明康德,105.000,105.870,107.270,107.520,104.120,107.270,107.290,6711570,710371590.000,600,107.270,100,107.260,1800,107.250,5600,107.240,1600,107.230,5900,107.290,1200,107.300,500,107.350,500,107.360,1200,107.390,2020-11-19,10:07:58,00,";
var hq_str_sh603259="药明康德,105.000,105.870,107.160,107.520,104.120,107.070,107.160,6830270,723086413.000,100,107.070,2200,107.030,5300,107.020,200,107.010,40908,107.000,2700,107.160,721,107.170,800,107.190,5000,107.200,400,107.220,2020-11-19,10:08:58,00,";
var hq_str_sh603259="药明康德,105.000,105.870,107.180,107.520,104.120,107.190,107.200,6917251,732404740.000,800,107.190,1100,107.180,379,107.170,1600,107.120,100,107.100,300,107.200,10500,107.240,1200,107.400,1000,107.410,1000,107.440,2020-11-19,10:09:58,00,";
var hq_str_sh603259="药明康德,105.000,105.870,107.080,107.520,104.120,107.020,107.080,7016730,743060903.000,200,107.020,13200,107.010,17208,107.000,3000,106.990,300,106.980,500,107.080,1200,107.110,500,107.120,500,107.150,800,107.160,2020-11-19,10:10:58,00,";
var hq_str_sh603259="药明康德,105.000,105.870,106.580,107.520,104.120,106.580,106.590,7165838,758981429.000,1500,106.580,4100,106.570,200,106.550,100,106.530,2500,106.520,300,106.590,600,106.600,100,106.670,100,106.700,200,106.740,2020-11-19,10:11:58,00,";
var hq_str_sh603259="药明康德,105.000,105.870,106.660,107.520,104.120,106.620,106.660,7221438,764910360.000,700,106.620,13300,106.580,2700,106.570,100,106.530,2800,106.520,2800,106.660,2634,106.670,800,106.680,800,106.690,3400,106.710,2020-11-19,10:12:58,00,";
var hq_str_sh603259="药明康德,105.000,105.870,106.880,107.520,104.120,106.800,106.840,7254438,768429753.000,100,106.800,100,106.770,4900,106.740,1400,106.720,4000,106.710,300,106.840,400,106.880,1000,106.900,1200,106.960,200,106.970,2020-11-19,10:13:58,00,";
var hq_str_sh603259="药明康德,105.000,105.870,106.400,107.520,104.120,106.400,106.420,7436538,787834416.000,1700,106.400,900,106.370,2400,106.360,100,106.310,8100,106.300,5200,106.420,1700,106.430,1300,106.440,2434,106.480,1700,106.490,2020-11-19,10:14:58,00,";
var hq_str_sh603259="药明康德,105.000,105.870,106.310,107.520,104.120,106.300,106.310,7527138,797465276.000,1100,106.300,1700,106.290,300,106.250,1000,106.230,200,106.220,100,106.310,800,106.350,100,106.360,600,106.370,2592,106.400,2020-11-19,10:15:58,00,";
var hq_str_sh603259="药明康德,105.000,105.870,106.060,107.520,104.120,106.100,106.140,7632138,808616048.000,800,106.100,200,106.080,100,106.070,100,106.060,3600,106.050,1100,106.140,2900,106.150,1800,106.160,100,106.170,8800,106.180,2020-11-19,10:16:58,00,";
var hq_str_sh603259="药明康德,105.000,105.870,106.310,107.520,104.120,106.300,106.310,7687718,814520598.000,100,106.300,1700,106.250,500,106.240,400,106.220,2600,106.210,900,106.310,3500,106.320,700,106.330,500,106.350,2000,106.360,2020-11-19,10:17:58,00,";
var hq_str_sh603259="药明康德,105.000,105.870,106.090,107.520,104.120,106.090,106.180,7793438,825746801.000,1400,106.090,1900,106.080,300,106.060,2000,106.050,300,106.020,2600,106.180,680,106.190,2300,106.250,1700,106.260,100,106.290,2020-11-19,10:18:58,00,";
var hq_str_sh603259="药明康德,105.000,105.870,105.950,107.520,104.120,105.900,105.950,7912338,838345807.000,100,105.900,100,105.840,100,105.820,500,105.810,6400,105.800,2500,105.950,1700,105.990,800,106.000,3100,106.070,300,106.080,2020-11-19,10:19:58,00,";
var hq_str_sh603259="药明康德,105.000,105.870,106.100,107.520,104.120,106.090,106.100,7949038,842238177.000,2000,106.090,1900,106.060,100,106.020,1600,106.010,6600,106.000,3300,106.100,200,106.220,2800,106.230,3000,106.240,200,106.260,2020-11-19,10:20:58,00,";
var hq_str_sh603259="药明康德,105.000,105.870,106.150,107.520,104.120,106.150,106.170,7997538,847385187.000,1300,106.150,500,106.120,2000,106.100,1700,106.090,300,106.080,100,106.170,1000,106.180,300,106.190,500,106.200,100,106.210,2020-11-19,10:21:58,00,";
var hq_str_sh603259="药明康德,105.000,105.870,106.130,107.520,104.120,106.130,106.150,8057638,853765836.000,500,106.130,100,106.120,100,106.110,7700,106.100,1400,106.090,12100,106.150,10800,106.200,1000,106.210,300,106.220,2800,106.230,2020-11-19,10:22:58,00,";
var hq_str_sh603259="药明康德,105.000,105.870,106.440,107.520,104.120,106.390,106.440,8094058,857633968.000,400,106.390,1380,106.380,1600,106.370,600,106.360,1500,106.350,4200,106.440,500,106.480,200,106.490,37100,106.500,700,106.510,2020-11-19,10:23:58,00,";
var hq_str_sh603259="药明康德,105.000,105.870,106.330,107.520,104.120,106.330,106.350,8145058,863060661.000,1000,106.330,2200,106.260,1000,106.230,500,106.220,500,106.210,600,106.350,1400,106.360,2000,106.390,3300,106.400,1100,106.410,2020-11-19,10:24:58,00,";
var hq_str_sh603259="药明康德,105.000,105.870,106.190,107.520,104.120,106.130,106.190,8209158,869870951.000,1100,106.130,8300,106.100,3100,106.090,500,106.070,200,106.060,100,106.190,2400,106.270,2100,106.280,1300,106.300,1500,106.310,2020-11-19,10:25:58,00,";
var hq_str_sh603259="药明康德,105.000,105.870,106.350,107.520,104.120,106.210,106.350,8263458,875644629.000,700,106.210,100,106.200,100,106.180,200,106.150,1100,106.130,100,106.350,400,106.360,1000,106.390,1300,106.440,100,106.450,2020-11-19,10:26:58,00,";
var hq_str_sh603259="药明康德,105.000,105.870,106.210,107.520,104.120,106.200,106.210,8327358,882435293.000,12600,106.200,100,106.180,500,106.160,7300,106.150,1100,106.130,1700,106.210,900,106.260,100,106.300,1400,106.370,1300,106.440,2020-11-19,10:27:58,00,";
var hq_str_sh603259="药明康德,105.000,105.870,106.440,107.520,104.120,106.310,106.440,8392398,889347777.000,400,106.310,5000,106.300,2700,106.290,500,106.280,600,106.260,400,106.440,1700,106.450,100,106.460,1400,106.470,2700,106.480,2020-11-19,10:28:58,00,";
var hq_str_sh603259="药明康德,105.000,105.870,106.420,107.520,104.120,106.410,106.420,8476098,898251726.000,300,106.410,100,106.400,700,106.370,600,106.360,500,106.310,2500,106.420,200,106.430,27200,106.440,200,106.470,300,106.490,2020-11-19,10:30:01,00,";
var hq_str_sh603259="药明康德,105.000,105.870,106.900,107.520,104.120,106.900,106.920,8574378,908722066.000,400,106.900,500,106.890,100,106.870,1100,106.800,500,106.680,300,106.920,1100,106.930,600,106.940,1200,106.950,2200,106.960,2020-11-19,10:30:58,00,";
var hq_str_sh603259="药明康德,105.000,105.870,106.880,107.520,104.120,106.860,106.880,8627190,914361307.000,500,106.860,300,106.840,4388,106.830,200,106.810,100,106.800,400,106.880,10600,106.900,100,106.950,800,106.960,200,106.970,2020-11-19,10:31:55,00,";
var hq_str_sh603259="药明康德,105.000,105.870,107.120,107.520,104.120,107.110,107.150,8687470,920808727.000,500,107.110,200,107.080,3300,107.010,6200,107.000,400,106.990,440,107.150,100,107.170,600,107.180,700,107.190,12700,107.200,2020-11-19,10:32:58,00,";
var hq_str_sh603259="药明康德,105.000,105.870,107.160,107.520,104.120,107.110,107.160,8772670,929942200.000,900,107.110,6000,107.100,100,107.080,500,107.020,9200,107.000,600,107.160,2200,107.200,300,107.220,2460,107.230,300,107.240,2020-11-19,10:33:59,00,";
var hq_str_sh603259="药明康德,105.000,105.870,107.300,107.520,104.120,107.280,107.300,8833970,936516495.000,2900,107.280,900,107.270,4000,107.250,700,107.240,17500,107.200,15000,107.300,500,107.330,5200,107.340,460,107.350,100,107.370,2020-11-19,10:34:59,00,";
var hq_str_sh603259="药明康德,105.000,105.870,107.300,107.520,104.120,107.300,107.330,8927870,946589989.000,1200,107.300,1300,107.290,500,107.280,400,107.190,700,107.180,2600,107.330,600,107.340,1560,107.350,300,107.370,400,107.380,2020-11-19,10:35:58,00,";
var hq_str_sh603259="药明康德,105.000,105.870,107.370,107.520,104.120,107.360,107.370,8969270,951034527.000,200,107.360,1000,107.350,600,107.340,5100,107.330,100,107.320,1400,107.370,100,107.380,1000,107.390,8000,107.400,6100,107.410,2020-11-19,10:36:59,00,";
var hq_str_sh603259="药明康德,105.000,105.870,107.520,107.520,104.120,107.480,107.500,9068270,961669201.000,1700,107.480,1100,107.470,2900,107.440,1200,107.430,18800,107.390,1200,107.500,1800,107.520,100,107.530,300,107.550,100,107.560,2020-11-19,10:37:59,00,";
var hq_str_sh603259="药明康德,105.000,105.870,107.670,107.750,104.120,107.570,107.670,9128570,968161185.000,400,107.570,300,107.560,100,107.550,500,107.540,800,107.500,300,107.670,3800,107.680,800,107.690,2600,107.700,4100,107.710,2020-11-19,10:38:59,00,";
var hq_str_sh603259="药明康德,105.000,105.870,107.650,107.750,104.120,107.510,107.590,9230170,979094838.000,900,107.510,100,107.490,300,107.480,100,107.470,500,107.460,200,107.590,200,107.650,700,107.660,100,107.670,2800,107.680,2020-11-19,10:39:59,00,";
var hq_str_sh603259="药明康德,105.000,105.870,107.800,107.800,104.120,107.790,107.800,9281470,984619591.000,2100,107.790,100,107.760,300,107.720,1500,107.710,500,107.690,4600,107.800,100,107.810,100,107.820,100,107.840,200,107.850,2020-11-19,10:40:59,00,";
var hq_str_sh603259="药明康德,105.000,105.870,107.630,107.860,104.120,107.530,107.630,9387170,996005841.000,3100,107.530,100,107.510,2600,107.500,200,107.480,3600,107.470,200,107.630,400,107.640,20500,107.650,200,107.670,400,107.700,2020-11-19,10:41:59,00,";
var hq_str_sh603259="药明康德,105.000,105.870,107.570,107.860,104.120,107.570,107.600,9422570,999814671.000,700,107.570,900,107.550,300,107.510,4800,107.500,200,107.480,100,107.600,300,107.620,100,107.630,1300,107.640,1100,107.650,2020-11-19,10:42:59,00,";
var hq_str_sh603259="药明康德,105.000,105.870,107.490,107.860,104.120,107.400,107.460,9527770,1011129718.000,200,107.400,8000,107.380,2200,107.370,500,107.340,1000,107.330,1200,107.460,100,107.480,700,107.500,500,107.520,1300,107.530,2020-11-19,10:43:59,00,";
var hq_str_sh603259="药明康德,105.000,105.870,107.570,107.860,104.120,107.560,107.570,9564970,1015128526.000,200,107.560,1500,107.550,400,107.530,5100,107.510,6900,107.500,3200,107.570,3500,107.590,27900,107.600,900,107.630,1060,107.650,2020-11-19,10:44:59,00,";
var hq_str_sh603259="药明康德,105.000,105.870,107.560,107.860,104.120,107.550,107.560,9600270,1018925674.000,600,107.550,500,107.540,400,107.530,300,107.510,5700,107.500,900,107.560,12100,107.570,2400,107.590,400,107.600,100,107.630,2020-11-19,10:45:59,00,";
var hq_str_sh603259="药明康德,105.000,105.870,107.760,107.860,104.120,107.750,107.760,9651030,1024386552.000,100,107.750,100,107.710,100,107.700,300,107.690,300,107.680,900,107.760,100,107.770,1000,107.780,1400,107.790,2600,107.800,2020-11-19,10:46:59,00,";
var hq_str_sh603259="药明康德,105.000,105.870,107.800,107.880,104.120,107.740,107.800,9692930,1028904137.000,300,107.740,5800,107.700,300,107.690,300,107.680,800,107.660,500,107.800,1000,107.830,7400,107.840,2800,107.850,200,107.860,2020-11-19,10:47:59,00,";
var hq_str_sh603259="药明康德,105.000,105.870,107.620,107.880,104.120,107.600,107.640,9768070,1036994944.000,9800,107.600,200,107.590,100,107.570,1300,107.550,200,107.540,300,107.640,3900,107.650,1100,107.660,3600,107.670,4300,107.680,2020-11-19,10:48:59,00,";
var hq_str_sh603259="药明康德,105.000,105.870,107.510,107.880,104.120,107.490,107.510,9901230,1051318058.000,440,107.490,2000,107.460,8100,107.380,700,107.370,500,107.340,1600,107.510,600,107.520,1000,107.540,100,107.550,500,107.560,2020-11-19,10:49:59,00,";
var hq_str_sh603259="药明康德,105.000,105.870,107.380,107.880,104.120,107.400,107.450,9966230,1058302650.000,3000,107.400,500,107.380,2700,107.370,1000,107.350,500,107.340,1400,107.450,7500,107.460,500,107.470,300,107.490,1500,107.500,2020-11-19,10:50:59,00,";
var hq_str_sh603259="药明康德,105.000,105.870,107.440,107.880,104.120,107.440,107.460,10054030,1067728895.000,900,107.440,100,107.420,500,107.360,3200,107.350,3900,107.300,6600,107.460,1200,107.490,800,107.500,3000,107.510,500,107.520,2020-11-19,10:51:59,00,";
var hq_str_sh603259="药明康德,105.000,105.870,107.540,107.880,104.120,107.510,107.530,10104030,1073102062.000,1200,107.510,1000,107.500,300,107.490,100,107.480,100,107.470,100,107.530,700,107.540,800,107.550,1400,107.560,200,107.580,2020-11-19,10:52:59,00,";
var hq_str_sh603259="药明康德,105.000,105.870,107.510,107.880,104.120,107.440,107.460,10137730,1076724591.000,200,107.440,500,107.420,4300,107.400,500,107.380,500,107.360,100,107.460,3800,107.510,2460,107.520,1000,107.530,200,107.540,2020-11-19,10:53:59,00,";
var hq_str_sh603259="药明康德,105.000,105.870,107.380,107.880,104.120,107.360,107.380,10188030,1082127949.000,100,107.360,200,107.350,600,107.340,1500,107.300,500,107.260,100,107.380,4300,107.420,200,107.430,1900,107.440,1200,107.450,2020-11-19,10:54:59,00,";
var hq_str_sh603259="药明康德,105.000,105.870,107.340,107.880,104.120,107.300,107.350,10228178,1086437886.000,2000,107.300,2400,107.280,500,107.250,100,107.230,1352,107.220,2980,107.350,3200,107.380,500,107.390,500,107.400,1800,107.410,2020-11-19,10:55:59,00,";
var hq_str_sh603259="药明康德,105.000,105.870,107.150,107.880,104.120,107.150,107.170,10297330,1093853189.000,2100,107.150,600,107.140,700,107.130,400,107.120,2600,107.110,4900,107.170,7700,107.180,700,107.230,400,107.250,1700,107.260,2020-11-19,10:56:59,00,";
var hq_str_sh603259="药明康德,105.000,105.870,107.140,107.880,104.120,107.140,107.160,10339826,1098406664.000,1800,107.140,1200,107.130,2504,107.110,700,107.100,1000,107.090,4800,107.160,2400,107.170,500,107.180,200,107.200,100,107.230,2020-11-19,10:57:59,00,";
var hq_str_sh603259="药明康德,105.000,105.870,106.980,107.880,104.120,106.980,107.210,10441530,1109293641.000,600,106.980,100,106.970,1100,106.960,700,106.950,1000,106.930,2000,107.210,300,107.220,400,107.230,100,107.250,100,107.280,2020-11-19,10:58:59,00,";
var hq_str_sh603259="药明康德,105.000,105.870,107.280,107.880,104.120,107.140,107.280,10489052,1114387353.000,800,107.140,3178,107.100,2500,107.080,500,107.070,1400,107.040,1800,107.280,1700,107.290,2680,107.300,100,107.340,600,107.380,2020-11-19,10:59:59,00,";
var hq_str_sh603259="药明康德,105.000,105.870,107.250,107.880,104.120,107.210,107.250,10527352,1118495469.000,8400,107.210,2600,107.200,1400,107.190,1200,107.140,500,107.110,600,107.250,11900,107.260,2800,107.280,400,107.290,2980,107.300,2020-11-19,11:00:59,00,";
var hq_str_sh603259="药明康德,105.000,105.870,107.320,107.880,104.120,107.320,107.350,10561532,1122162044.000,300,107.320,2400,107.300,100,107.280,2620,107.260,600,107.220,400,107.350,1000,107.390,500,107.410,200,107.450,200,107.460,2020-11-19,11:01:59,00,";
var hq_str_sh603259="药明康德,105.000,105.870,107.400,107.880,104.120,107.350,107.400,10600032,1126296308.000,700,107.350,100,107.320,500,107.310,600,107.300,100,107.280,5300,107.400,1100,107.420,800,107.450,500,107.460,1200,107.480,2020-11-19,11:02:59,00,";
var hq_str_sh603259="药明康德,105.000,105.870,107.700,107.880,104.120,107.460,107.480,10655732,1132286380.000,900,107.460,100,107.450,500,107.440,1600,107.430,1800,107.400,100,107.480,300,107.700,500,107.780,4200,107.790,2000,107.800,2020-11-19,11:03:59,00,";
var hq_str_sh603259="药明康德,105.000,105.870,107.500,107.880,104.120,107.490,107.500,10668532,1133663063.000,700,107.490,1100,107.480,700,107.460,500,107.440,1600,107.430,100,107.500,1500,107.570,2400,107.580,300,107.600,200,107.620,2020-11-19,11:04:59,00,";
var hq_str_sh603259="药明康德,105.000,105.870,107.360,107.880,104.120,107.360,107.390,10709332,1138044829.000,400,107.360,300,107.350,800,107.300,700,107.280,920,107.260,600,107.390,4300,107.400,200,107.410,2900,107.430,1000,107.460,2020-11-19,11:05:59,00,";
var hq_str_sh603259="药明康德,105.000,105.870,107.310,107.880,104.120,107.310,107.360,10736432,1140954615.000,200,107.310,2500,107.300,700,107.280,500,107.270,420,107.260,800,107.360,500,107.370,500,107.380,1900,107.400,200,107.430,2020-11-19,11:06:59,00,";
var hq_str_sh603259="药明康德,105.000,105.870,107.210,107.880,104.120,107.250,107.310,10799852,1147751595.000,1078,107.250,300,107.240,6300,107.210,1800,107.190,600,107.170,2100,107.310,540,107.380,1700,107.400,200,107.430,14200,107.450,2020-11-19,11:07:59,00,";
var hq_str_sh603259="药明康德,105.000,105.870,107.230,107.880,104.120,107.230,107.300,10817752,1149672171.000,1000,107.230,100,107.220,300,107.210,600,107.200,300,107.150,800,107.300,100,107.320,3240,107.380,1800,107.390,1700,107.400,2020-11-19,11:08:59,00,";
var hq_str_sh603259="药明康德,105.000,105.870,107.200,107.880,104.120,107.200,107.290,10882792,1156640483.000,4260,107.200,100,107.110,1500,107.100,1300,107.090,2300,107.080,600,107.290,500,107.300,340,107.380,1800,107.390,6700,107.400,2020-11-19,11:09:59,00,";
var hq_str_sh603259="药明康德,105.000,105.870,107.400,107.880,104.120,107.320,107.380,10903932,1158909358.000,100,107.320,1200,107.310,3300,107.210,1660,107.200,7000,107.150,300,107.380,5200,107.400,200,107.420,200,107.430,14300,107.450,2020-11-19,11:10:59,00,";
var hq_str_sh603259="药明康德,105.000,105.870,107.430,107.880,104.120,107.430,107.450,10944732,1163288497.000,1000,107.430,100,107.310,2400,107.300,10200,107.230,8100,107.210,900,107.450,200,107.460,100,107.470,300,107.480,1700,107.500,2020-11-19,11:11:59,00,";
var hq_str_sh603259="药明康德,105.000,105.870,107.700,107.880,104.120,107.700,107.750,10971332,1166149447.000,1900,107.700,100,107.660,1500,107.620,1100,107.610,3900,107.570,200,107.750,300,107.760,200,107.770,400,107.780,4200,107.790,2020-11-19,11:12:59,00,";
var hq_str_sh603259="药明康德,105.000,105.870,107.460,107.880,104.120,107.430,107.460,11053932,1175044064.000,200,107.430,500,107.420,100,107.410,100,107.390,500,107.380,200,107.460,100,107.470,300,107.490,3000,107.500,100,107.550,2020-11-19,11:13:59,00,";
var hq_str_sh603259="药明康德,105.000,105.870,107.570,107.880,104.120,107.570,107.660,11073692,1177169519.000,2800,107.570,100,107.550,500,107.520,5500,107.510,3500,107.500,700,107.660,900,107.670,2300,107.680,1400,107.690,700,107.700,2020-11-19,11:14:59,00,";
var hq_str_sh603259="药明康德,105.000,105.870,107.670,107.880,104.120,107.610,107.670,11111692,1181260567.000,5400,107.610,1200,107.600,1600,107.590,1200,107.580,300,107.570,6500,107.670,100,107.680,100,107.690,2200,107.700,500,107.710,2020-11-19,11:15:56,00,";
var hq_str_sh603259="药明康德,105.000,105.870,107.660,107.880,104.120,107.670,107.730,11159892,1186452467.000,400,107.670,6100,107.660,900,107.650,500,107.640,800,107.620,200,107.730,400,107.740,300,107.750,200,107.760,1500,107.770,2020-11-19,11:16:59,00,";
var hq_str_sh603259="药明康德,105.000,105.870,107.800,107.880,104.120,107.760,107.800,11214092,1192293620.000,700,107.760,500,107.690,4900,107.680,100,107.670,600,107.660,6000,107.800,600,107.810,200,107.820,1700,107.850,200,107.860,2020-11-19,11:17:59,00,";
var hq_str_sh603259="药明康德,105.000,105.870,107.830,107.880,104.120,107.720,107.840,11261892,1197447594.000,100,107.720,5400,107.710,500,107.690,100,107.670,600,107.660,200,107.840,5700,107.850,100,107.870,3100,107.880,1900,107.890,2020-11-19,11:18:59,00,";
var hq_str_sh603259="药明康德,105.000,105.870,107.730,107.880,104.120,107.700,107.730,11303192,1201898164.000,200,107.700,400,107.690,900,107.670,400,107.660,500,107.650,1600,107.730,100,107.760,100,107.770,100,107.790,200,107.800,2020-11-19,11:19:59,00,";
var hq_str_sh603259="药明康德,105.000,105.870,107.780,107.880,104.120,107.760,107.780,11315392,1203212689.000,4800,107.760,2500,107.750,700,107.730,200,107.720,100,107.710,2300,107.780,500,107.790,2700,107.800,1300,107.810,500,107.820,2020-11-19,11:20:59,00,";
var hq_str_sh603259="药明康德,105.000,105.870,107.560,107.880,104.120,107.550,107.560,11360492,1208069626.000,1400,107.550,500,107.520,1500,107.500,100,107.470,900,107.460,300,107.560,300,107.590,400,107.600,14100,107.610,100,107.630,2020-11-19,11:21:59,00,";
var hq_str_sh603259="药明康德,105.000,105.870,107.700,107.880,104.120,107.610,107.710,11387292,1210952101.000,100,107.610,5300,107.540,1300,107.530,900,107.460,500,107.420,2700,107.710,300,107.730,100,107.750,15000,107.760,1300,107.770,2020-11-19,11:22:59,00,";
var hq_str_sh603259="药明康德,105.000,105.870,107.550,107.880,104.120,107.540,107.550,11428092,1215345892.000,400,107.540,100,107.530,900,107.460,300,107.430,500,107.420,14400,107.550,600,107.640,600,107.650,100,107.660,200,107.710,2020-11-19,11:23:59,00,";
var hq_str_sh603259="药明康德,105.000,105.870,107.470,107.880,104.120,107.480,107.540,11457392,1218497034.000,300,107.480,5800,107.470,500,107.450,500,107.420,400,107.410,900,107.540,19500,107.550,300,107.650,100,107.660,200,107.700,2020-11-19,11:24:59,00,";
var hq_str_sh603259="药明康德,105.000,105.870,107.450,107.880,104.120,107.450,107.460,11479392,1220861054.000,400,107.450,4200,107.410,1100,107.400,1200,107.380,1900,107.310,2400,107.460,1000,107.530,2800,107.540,18200,107.550,1000,107.580,2020-11-19,11:25:59,00,";
var hq_str_sh603259="药明康德,105.000,105.870,107.410,107.880,104.120,107.380,107.410,11509092,1224050786.000,100,107.380,1400,107.310,10400,107.300,1600,107.270,300,107.250,100,107.410,900,107.450,1300,107.460,600,107.500,300,107.530,2020-11-19,11:26:59,00,";
var hq_str_sh603259="药明康德,105.000,105.870,107.530,107.880,104.120,107.470,107.520,11524392,1225694825.000,1000,107.470,1200,107.460,500,107.450,500,107.430,200,107.410,200,107.520,1400,107.530,2800,107.540,200,107.550,1000,107.580,2020-11-19,11:27:59,00,";
var hq_str_sh603259="药明康德,105.000,105.870,107.430,107.880,104.120,107.310,107.430,11551692,1228628216.000,2200,107.310,10700,107.300,500,107.280,800,107.250,500,107.220,100,107.430,200,107.450,3200,107.460,14300,107.480,200,107.500,2020-11-19,11:28:59,00,";
var hq_str_sh603259="药明康德,105.000,105.870,107.650,107.880,104.120,107.600,107.650,11572472,1230862387.000,1600,107.600,200,107.530,1400,107.400,100,107.360,200,107.350,1000,107.650,300,107.660,100,107.680,100,107.690,100,107.700,2020-11-19,11:29:59,00,";
var hq_str_sh603259="药明康德,105.000,105.870,107.650,107.880,104.120,107.600,107.650,11572472,1230862387.000,1600,107.600,200,107.530,1400,107.400,100,107.360,200,107.350,1000,107.650,300,107.660,100,107.680,100,107.690,100,107.700,2020-11-19,11:30:00,00,";
var hq_str_sh603259="药明康德,105.000,105.870,107.760,107.880,104.120,107.770,107.820,11659936,1240284082.000,100,107.770,1500,107.760,6300,107.740,4600,107.730,9700,107.700,400,107.820,1600,107.830,400,107.840,8900,107.850,100,107.860,2020-11-19,13:00:59,00,";
var hq_str_sh603259="药明康德,105.000,105.870,107.960,107.960,104.120,107.930,107.950,11715436,1246269775.000,500,107.930,2500,107.920,7400,107.900,1200,107.880,300,107.870,200,107.950,300,107.960,2000,107.970,2200,107.980,17000,107.990,2020-11-19,13:01:59,00,";
var hq_str_sh603259="药明康德,105.000,105.870,108.100,108.100,104.120,108.080,108.090,11859636,1261842069.000,500,108.080,800,108.070,1500,108.060,2300,108.040,1400,108.030,500,108.090,2000,108.100,2100,108.120,400,108.150,400,108.160,2020-11-19,13:02:59,00,";
var hq_str_sh603259="药明康德,105.000,105.870,108.000,108.100,104.120,107.980,108.010,11902936,1266519605.000,100,107.980,500,107.910,100,107.890,1200,107.880,300,107.870,600,108.010,1500,108.030,100,108.050,100,108.060,800,108.080,2020-11-19,13:03:56,00,";
var hq_str_sh603259="药明康德,105.000,105.870,108.050,108.100,104.120,108.050,108.070,11943936,1270947640.000,900,108.050,7800,108.000,1800,107.990,2000,107.980,600,107.970,600,108.070,1400,108.080,300,108.090,2800,108.100,2100,108.120,2020-11-19,13:04:59,00,";
var hq_str_sh603259="药明康德,105.000,105.870,108.000,108.100,104.120,107.990,108.000,11970636,1273831933.000,100,107.990,500,107.910,100,107.890,1400,107.880,300,107.870,1100,108.000,100,108.010,200,108.020,100,108.030,700,108.040,2020-11-19,13:05:59,00,";
var hq_str_sh603259="药明康德,105.000,105.870,107.790,108.100,104.120,107.760,107.800,11993536,1276302700.000,2600,107.760,600,107.730,2500,107.700,8040,107.680,800,107.670,100,107.800,100,107.830,300,107.850,200,107.860,9700,107.880,2020-11-19,13:06:59,00,";
var hq_str_sh603259="药明康德,105.000,105.870,107.960,108.100,104.120,107.950,107.970,12020136,1279171945.000,500,107.950,600,107.940,3700,107.910,500,107.880,6600,107.860,200,107.970,700,107.990,1800,108.000,100,108.010,1600,108.020,2020-11-19,13:07:59,00,";
var hq_str_sh603259="药明康德,105.000,105.870,107.760,108.100,104.120,107.760,107.800,12071136,1284673940.000,700,107.760,600,107.730,3200,107.700,8040,107.680,800,107.670,100,107.800,100,107.810,100,107.820,1400,107.860,600,107.870,2020-11-19,13:08:56,00,";
var hq_str_sh603259="药明康德,105.000,105.870,107.550,108.100,104.120,107.550,107.580,12136776,1291738316.000,5100,107.550,1100,107.540,100,107.520,100,107.510,3000,107.500,2700,107.580,4500,107.640,5900,107.650,100,107.700,100,107.750,2020-11-19,13:09:59,00,";
var hq_str_sh603259="药明康德,105.000,105.870,107.790,108.100,104.120,107.700,107.790,12185676,1297005034.000,1800,107.700,800,107.680,500,107.670,100,107.650,1100,107.640,200,107.790,1200,107.800,400,107.810,14100,107.820,300,107.860,2020-11-19,13:10:59,00,";
var hq_str_sh603259="药明康德,105.000,105.870,107.700,108.100,104.120,107.670,107.700,12212876,1299934721.000,1600,107.670,3200,107.650,500,107.640,2800,107.610,300,107.600,900,107.700,2100,107.710,300,107.730,200,107.740,1200,107.780,2020-11-19,13:11:56,00,";
var hq_str_sh603259="药明康德,105.000,105.870,107.770,108.100,104.120,107.720,107.770,12249776,1303909082.000,3200,107.720,2200,107.700,3200,107.690,100,107.680,100,107.670,13100,107.770,300,107.790,25900,107.800,1200,107.810,600,107.820,2020-11-19,13:12:59,00,";
var hq_str_sh603259="药明康德,105.000,105.870,107.680,108.100,104.120,107.660,107.710,12289976,1308239079.000,100,107.660,3100,107.610,15200,107.600,1000,107.580,200,107.560,800,107.710,1500,107.720,500,107.730,2300,107.750,400,107.770,2020-11-19,13:13:59,00,";
var hq_str_sh603259="药明康德,105.000,105.870,107.800,108.100,104.120,107.800,107.810,12340016,1313632151.000,17100,107.800,700,107.770,900,107.760,2860,107.750,800,107.740,1100,107.810,600,107.820,3300,107.880,1200,107.920,200,107.930,2020-11-19,13:14:59,00,";
var hq_str_sh603259="药明康德,105.000,105.870,107.970,108.100,104.120,107.850,107.860,12385216,1318508280.000,200,107.850,1000,107.830,1000,107.820,600,107.810,3200,107.800,200,107.860,200,107.970,1751,107.980,400,107.990,10500,108.000,2020-11-19,13:15:59,00,";
var hq_str_sh603259="药明康德,105.000,105.870,107.900,108.100,104.120,107.880,107.900,12413816,1321592125.000,100,107.880,8400,107.850,5900,107.840,200,107.830,100,107.810,139,107.900,200,107.960,100,107.970,751,107.980,840,107.990,2020-11-19,13:16:59,00,";
var hq_str_sh603259="药明康德,105.000,105.870,108.000,108.100,104.120,108.000,108.020,12469346,1327586116.000,9570,108.000,200,107.990,300,107.970,200,107.950,600,107.940,600,108.020,100,108.030,700,108.040,600,108.050,600,108.060,2020-11-19,13:17:59,00,";
var hq_str_sh603259="药明康德,105.000,105.870,107.910,108.100,104.120,107.900,107.910,12515516,1332572102.000,5200,107.900,100,107.890,500,107.880,700,107.850,200,107.840,100,107.910,100,107.980,2400,108.000,1000,108.020,100,108.030,2020-11-19,13:18:59,00,";
var hq_str_sh603259="药明康德,105.000,105.870,107.950,108.100,104.120,107.890,107.950,12559016,1337266326.000,100,107.890,400,107.820,200,107.810,4700,107.800,500,107.790,300,107.950,1200,107.960,14000,107.970,1100,107.980,1000,107.990,2020-11-19,13:19:59,00,";
var hq_str_sh603259="药明康德,105.000,105.870,107.910,108.100,104.120,107.880,107.910,12571616,1338626065.000,1100,107.880,500,107.850,100,107.840,1000,107.820,300,107.810,200,107.910,700,107.930,1700,107.940,1000,107.950,1400,107.960,2020-11-19,13:20:59,00,";
var hq_str_sh603259="药明康德,105.000,105.870,107.940,108.100,104.120,107.900,107.940,12610016,1342771708.000,5300,107.900,900,107.880,500,107.850,1000,107.820,300,107.810,400,107.940,900,107.960,2500,107.970,3380,107.980,15200,107.990,2020-11-19,13:21:59,00,";
var hq_str_sh603259="药明康德,105.000,105.870,107.940,108.100,104.120,107.940,107.960,12621716,1344034522.000,400,107.940,3600,107.930,500,107.920,800,107.910,4600,107.900,600,107.960,2800,107.970,3580,107.980,1900,107.990,6900,108.000,2020-11-19,13:22:56,00,";
var hq_str_sh603259="药明康德,105.000,105.870,107.770,108.100,104.120,107.770,107.810,12675616,1349849616.000,100,107.770,500,107.760,100,107.750,500,107.730,100,107.720,10500,107.810,1300,107.850,2000,107.900,200,107.910,600,107.920,2020-11-19,13:23:59,00,";
var hq_str_sh603259="药明康德,105.000,105.870,107.840,108.100,104.120,107.840,107.890,12706276,1353153233.000,5300,107.840,1000,107.800,1640,107.770,100,107.760,3000,107.750,2200,107.890,300,107.900,600,107.920,100,107.950,1300,107.970,2020-11-19,13:24:59,00,";
var hq_str_sh603259="药明康德,105.000,105.870,107.650,108.100,104.120,107.630,107.650,12742916,1357100774.000,700,107.630,100,107.620,3000,107.610,16600,107.600,1000,107.580,20700,107.650,4600,107.680,500,107.690,24500,107.700,100,107.710,2020-11-19,13:25:59,00,";
var hq_str_sh603259="药明康德,105.000,105.870,107.420,108.100,104.120,107.410,107.430,12826416,1366080883.000,3000,107.410,6200,107.400,1400,107.390,1000,107.370,2100,107.350,1100,107.430,200,107.440,1400,107.460,500,107.480,51560,107.500,2020-11-19,13:26:59,00,";
var hq_str_sh603259="药明康德,105.000,105.870,107.480,108.100,104.120,107.480,107.500,12896776,1373639494.000,100,107.480,100,107.450,1100,107.410,29040,107.400,1000,107.370,4700,107.500,100,107.510,200,107.550,100,107.610,200,107.620,2020-11-19,13:27:59,00,";
var hq_str_sh603259="药明康德,105.000,105.870,107.470,108.100,104.120,107.470,107.500,12925376,1376712101.000,800,107.470,100,107.420,1700,107.410,29640,107.400,1100,107.390,5400,107.500,100,107.550,300,107.600,200,107.610,200,107.620,2020-11-19,13:28:59,00,";
var hq_str_sh603259="药明康德,105.000,105.870,107.620,108.100,104.120,107.620,107.650,12963976,1380864427.000,600,107.620,7800,107.500,500,107.460,10200,107.450,500,107.440,300,107.650,100,107.660,100,107.670,4600,107.680,600,107.690,2020-11-19,13:29:59,00,";
var hq_str_sh603259="药明康德,105.000,105.870,107.680,108.100,104.120,107.670,107.680,13008876,1385692347.000,100,107.670,300,107.660,800,107.630,100,107.620,800,107.520,4200,107.680,600,107.690,100,107.710,400,107.730,200,107.750,2020-11-19,13:30:57,00,";
var hq_str_sh603259="药明康德,105.000,105.870,107.530,108.100,104.120,107.530,107.630,13078176,1393153091.000,300,107.530,100,107.520,1100,107.510,5800,107.500,500,107.470,400,107.630,8200,107.640,3300,107.650,400,107.710,2200,107.730,2020-11-19,13:31:59,00,";
var hq_str_sh603259="药明康德,105.000,105.870,107.800,108.100,104.120,107.770,107.800,13125076,1398202708.000,200,107.770,800,107.730,100,107.710,100,107.690,4300,107.680,2100,107.800,100,107.840,100,107.870,4100,107.880,1900,107.890,2020-11-19,13:32:59,00,";
var hq_str_sh603259="药明康德,105.000,105.870,107.620,108.100,104.120,107.610,107.620,13165576,1402565283.000,100,107.610,3200,107.600,500,107.560,300,107.550,500,107.530,6100,107.620,800,107.700,100,107.710,300,107.730,100,107.750,2020-11-19,13:33:59,00,";
var hq_str_sh603259="药明康德,105.000,105.870,107.800,108.100,104.120,107.800,107.810,13207086,1407038061.000,4790,107.800,200,107.610,21900,107.600,500,107.560,500,107.530,2200,107.810,1200,107.830,3000,107.840,100,107.880,5000,107.950,2020-11-19,13:34:57,00,";
var hq_str_sh603259="药明康德,105.000,105.870,107.610,108.100,104.120,107.610,107.640,13266076,1413390182.000,500,107.610,7100,107.600,500,107.590,500,107.560,500,107.530,700,107.640,8000,107.650,1050,107.660,1900,107.780,500,107.790,2020-11-19,13:35:59,00,";
var hq_str_sh603259="药明康德,105.000,105.870,107.660,108.100,104.120,107.660,107.780,13290176,1415984541.000,900,107.660,150,107.620,6850,107.600,500,107.590,600,107.580,300,107.780,1800,107.790,2000,107.800,1390,107.810,100,107.840,2020-11-19,13:36:59,00,";
var hq_str_sh603259="药明康德,105.000,105.870,107.600,108.100,104.120,107.600,107.620,13310576,1418180739.000,21850,107.600,600,107.590,21600,107.580,600,107.560,500,107.530,3300,107.620,13500,107.660,200,107.780,1100,107.790,3400,107.800,2020-11-19,13:37:59,00,";
var hq_str_sh603259="药明康德,105.000,105.870,107.530,108.100,104.120,107.510,107.530,13395726,1427341583.000,200,107.510,28600,107.500,500,107.470,1100,107.460,13100,107.450,5500,107.530,2700,107.600,400,107.610,1400,107.620,1200,107.660,2020-11-19,13:38:59,00,";
var hq_str_sh603259="药明康德,105.000,105.870,107.580,108.100,104.120,107.510,107.580,13433326,1431386369.000,800,107.510,28100,107.500,500,107.470,300,107.460,13100,107.450,1800,107.580,1700,107.590,460,107.600,100,107.620,4900,107.650,2020-11-19,13:39:59,00,";
var hq_str_sh603259="药明康德,105.000,105.870,107.560,108.100,104.120,107.560,107.570,13449786,1433156868.000,600,107.560,2100,107.550,240,107.530,2000,107.520,200,107.510,4100,107.570,1600,107.580,100,107.590,100,107.600,500,107.690,2020-11-19,13:40:59,00,";
var hq_str_sh603259="药明康德,105.000,105.870,107.630,108.100,104.120,107.600,107.610,13481986,1436622364.000,24600,107.600,500,107.590,800,107.560,1800,107.550,140,107.530,1300,107.610,10400,107.630,16000,107.640,600,107.760,100,107.780,2020-11-19,13:41:59,00,";
var hq_str_sh603259="药明康德,105.000,105.870,107.580,108.100,104.120,107.560,107.580,13530386,1441829734.000,1400,107.560,15300,107.550,1100,107.540,140,107.530,200,107.520,5000,107.580,1600,107.590,6300,107.600,200,107.630,2900,107.640,2020-11-19,13:42:57,00,";
var hq_str_sh603259="药明康德,105.000,105.870,107.520,108.100,104.120,107.520,107.530,13574326,1446555136.000,2500,107.520,700,107.510,24500,107.500,500,107.470,300,107.460,9100,107.530,100,107.540,100,107.550,900,107.560,3600,107.580,2020-11-19,13:43:57,00,";
var hq_str_sh603259="药明康德,105.000,105.870,107.790,108.100,104.120,107.760,107.800,13621426,1451621741.000,800,107.760,200,107.700,600,107.680,100,107.660,1600,107.650,7100,107.800,380,107.810,100,107.850,100,107.880,5000,107.950,2020-11-19,13:45:00,00,";
var hq_str_sh603259="药明康德,105.000,105.870,107.680,108.100,104.120,107.680,107.690,13637126,1453313344.000,700,107.680,100,107.660,1700,107.650,400,107.640,500,107.620,2400,107.690,300,107.700,13740,107.710,4000,107.760,300,107.770,2020-11-19,13:46:00,00,";
var hq_str_sh603259="药明康德,105.000,105.870,107.690,108.100,104.120,107.680,107.700,13665126,1456328919.000,600,107.680,900,107.650,400,107.640,500,107.620,1500,107.610,3300,107.700,3040,107.710,1600,107.760,300,107.770,5300,107.800,2020-11-19,13:47:00,00,";
var hq_str_sh603259="药明康德,105.000,105.870,107.610,108.100,104.120,107.600,107.610,13693826,1459418322.000,28400,107.600,500,107.590,600,107.560,200,107.550,500,107.530,11100,107.610,4100,107.650,800,107.670,800,107.690,5000,107.700,2020-11-19,13:48:00,00,";
var hq_str_sh603259="药明康德,105.000,105.870,107.500,108.100,104.120,107.510,107.540,13763326,1466894014.000,100,107.510,1400,107.500,500,107.480,900,107.470,2000,107.460,1600,107.540,4660,107.550,100,107.590,2900,107.600,100,107.610,2020-11-19,13:48:57,00,";
var hq_str_sh603259="药明康德,105.000,105.870,107.550,108.100,104.120,107.550,107.580,13789382,1469696513.000,744,107.550,1300,107.540,1700,107.530,100,107.520,1400,107.510,100,107.580,2700,107.600,100,107.610,300,107.620,100,107.640,2020-11-19,13:49:57,00,";
var hq_str_sh603259="药明康德,105.000,105.870,107.460,108.100,104.120,107.440,107.460,13834782,1474576218.000,1700,107.440,100,107.430,1400,107.410,9340,107.400,500,107.370,100,107.460,9100,107.470,100,107.480,100,107.490,200,107.510,2020-11-19,13:51:00,00,";
var hq_str_sh603259="药明康德,105.000,105.870,107.650,108.100,104.120,107.650,107.670,13860582,1477350281.000,400,107.650,1000,107.610,1100,107.600,1900,107.590,500,107.560,900,107.670,500,107.690,700,107.700,300,107.710,100,107.790,2020-11-19,13:52:00,00,";
var hq_str_sh603259="药明康德,105.000,105.870,107.650,108.100,104.120,107.600,107.650,13874182,1478814144.000,19000,107.600,1800,107.590,500,107.560,600,107.530,3700,107.500,12200,107.650,600,107.660,600,107.670,500,107.690,800,107.700,2020-11-19,13:53:00,00,";
var hq_str_sh603259="药明康德,105.000,105.870,107.600,108.100,104.120,107.560,107.590,13910782,1482752203.000,100,107.560,400,107.520,3500,107.500,100,107.480,500,107.470,400,107.590,9200,107.600,1900,107.610,100,107.620,400,107.630,2020-11-19,13:54:00,00,";
var hq_str_sh603259="药明康德,105.000,105.870,107.430,108.100,104.120,107.410,107.430,13932982,1485138712.000,2000,107.410,9740,107.400,600,107.370,5100,107.350,600,107.340,700,107.430,7900,107.450,600,107.480,200,107.490,1100,107.500,2020-11-19,13:55:00,00,";
var hq_str_sh603259="药明康德,105.000,105.870,107.290,108.100,104.120,107.250,107.290,13974022,1489544549.000,1100,107.250,600,107.220,200,107.210,11400,107.200,500,107.190,6300,107.290,1700,107.300,1500,107.310,1100,107.340,100,107.350,2020-11-19,13:56:00,00,";
var hq_str_sh603259="药明康德,105.000,105.870,107.140,108.100,104.120,107.120,107.140,14006522,1493028883.000,800,107.120,13300,107.100,500,107.090,300,107.080,1900,107.070,100,107.140,12900,107.160,100,107.170,1500,107.190,600,107.200,2020-11-19,13:56:57,00,";
var hq_str_sh603259="药明康德,105.000,105.870,107.190,108.100,104.120,107.190,107.200,14054722,1498193093.000,100,107.190,1200,107.170,1100,107.160,3000,107.150,1300,107.140,2300,107.200,300,107.210,100,107.250,12600,107.260,200,107.280,2020-11-19,13:58:00,00,";
var hq_str_sh603259="药明康德,105.000,105.870,107.180,108.100,104.120,107.180,107.200,14067222,1499533139.000,100,107.180,200,107.170,100,107.160,7200,107.150,600,107.130,1000,107.200,13500,107.210,1000,107.290,100,107.300,1000,107.310,2020-11-19,13:59:00,00,";
var hq_str_sh603259="药明康德,105.000,105.870,107.310,108.100,104.120,107.290,107.310,14091922,1502182000.000,300,107.290,7500,107.280,1200,107.260,200,107.230,1000,107.220,300,107.310,700,107.340,100,107.400,100,107.410,100,107.440,2020-11-19,14:00:00,00,";
var hq_str_sh603259="药明康德,105.000,105.870,107.380,108.100,104.120,107.380,107.390,14127122,1505960443.000,1000,107.380,1300,107.330,700,107.320,700,107.310,300,107.300,600,107.390,100,107.400,500,107.470,200,107.480,800,107.490,2020-11-19,14:01:00,00,";
var hq_str_sh603259="药明康德,105.000,105.870,107.270,108.100,104.120,107.270,107.310,14152322,1508666708.000,200,107.270,1000,107.260,500,107.240,700,107.220,900,107.210,600,107.310,2400,107.320,800,107.330,400,107.340,100,107.350,2020-11-19,14:02:00,00,";
var hq_str_sh603259="药明康德,105.000,105.870,107.210,108.100,104.120,107.200,107.210,14190422,1512753397.000,30600,107.200,900,107.180,8300,107.150,300,107.130,500,107.120,5400,107.210,800,107.230,15700,107.240,100,107.280,900,107.310,2020-11-19,14:03:00,00,";
var hq_str_sh603259="药明康德,105.000,105.870,107.230,108.100,104.120,107.240,107.250,14218962,1515813575.000,500,107.240,1300,107.230,960,107.210,28200,107.200,900,107.180,800,107.250,1800,107.280,800,107.310,200,107.390,500,107.450,2020-11-19,14:03:57,00,";
var hq_str_sh603259="药明康德,105.000,105.870,107.100,108.100,104.120,107.070,107.100,14310522,1525625459.000,300,107.070,500,107.060,300,107.050,100,107.040,700,107.030,1500,107.100,3200,107.110,13000,107.140,1300,107.150,400,107.180,2020-11-19,14:05:00,00,";
var hq_str_sh603259="药明康德,105.000,105.870,106.700,108.100,104.120,106.730,106.740,14405222,1535752691.000,400,106.730,8300,106.700,800,106.680,1100,106.660,700,106.650,1000,106.740,200,106.770,400,106.780,100,106.790,1400,106.810,2020-11-19,14:06:00,00,";
var hq_str_sh603259="药明康德,105.000,105.870,106.840,108.100,104.120,106.810,106.840,14453362,1540894722.000,2700,106.810,13800,106.800,1360,106.790,7500,106.780,8400,106.770,11900,106.840,9200,106.930,2000,106.950,2000,106.980,54900,107.000,2020-11-19,14:07:00,00,";
var hq_str_sh603259="药明康德,105.000,105.870,106.800,108.100,104.120,106.750,106.840,14506862,1546608835.000,1160,106.750,600,106.740,600,106.710,2800,106.700,800,106.680,1800,106.840,4792,106.920,9800,106.930,200,106.940,300,106.950,2020-11-19,14:07:57,00,";
var hq_str_sh603259="药明康德,105.000,105.870,106.820,108.100,104.120,106.770,106.820,14523562,1548391612.000,500,106.770,1100,106.760,4800,106.750,500,106.740,2100,106.730,9300,106.820,1300,106.830,1800,106.840,4792,106.920,6000,106.930,2020-11-19,14:09:00,00,";
var hq_str_sh603259="药明康德,105.000,105.870,106.600,108.100,104.120,106.600,106.610,14574662,1553842780.000,3900,106.600,300,106.580,1300,106.560,300,106.550,500,106.530,1924,106.610,9200,106.620,5700,106.630,5900,106.650,5600,106.660,2020-11-19,14:10:00,00,";
var hq_str_sh603259="药明康德,105.000,105.870,106.400,108.100,104.120,106.380,106.400,14704562,1567669522.000,3300,106.380,100,106.270,600,106.200,800,106.180,500,106.160,14900,106.400,1300,106.430,6900,106.450,4800,106.500,7200,106.530,2020-11-19,14:11:00,00,";
var hq_str_sh603259="药明康德,105.000,105.870,106.600,108.100,104.120,106.600,106.610,14820082,1579962878.000,700,106.600,580,106.530,1600,106.520,300,106.500,100,106.480,1900,106.610,10900,106.620,3100,106.630,5000,106.650,4700,106.660,2020-11-19,14:12:00,00,";
var hq_str_sh603259="药明康德,105.000,105.870,106.530,108.100,104.120,106.500,106.530,14881182,1586471654.000,3580,106.500,2100,106.490,700,106.480,200,106.470,800,106.460,3600,106.530,200,106.540,800,106.580,100,106.590,600,106.600,2020-11-19,14:12:57,00,";
var hq_str_sh603259="药明康德,105.000,105.870,106.610,108.100,104.120,106.560,106.610,14978382,1596824433.000,300,106.560,200,106.550,2200,106.540,500,106.530,500,106.520,4700,106.610,11000,106.620,3100,106.630,5000,106.650,4900,106.660,2020-11-19,14:14:00,00,";
var hq_str_sh603259="药明康德,105.000,105.870,106.490,108.100,104.120,106.490,106.540,15029882,1602312864.000,5400,106.490,1000,106.480,100,106.470,1600,106.460,800,106.450,800,106.540,1800,106.560,4100,106.600,8300,106.610,11100,106.620,2020-11-19,14:15:00,00,";
var hq_str_sh603259="药明康德,105.000,105.870,106.510,108.100,104.120,106.510,106.520,15075482,1607170211.000,100,106.510,700,106.500,9600,106.490,700,106.480,1200,106.470,12200,106.520,3700,106.540,800,106.590,1900,106.600,11800,106.610,2020-11-19,14:16:00,00,";
var hq_str_sh603259="药明康德,105.000,105.870,106.430,108.100,104.120,106.410,106.430,15159342,1616098039.000,300,106.410,3440,106.400,400,106.390,700,106.380,100,106.370,300,106.430,5300,106.440,2300,106.460,100,106.470,9300,106.480,2020-11-19,14:17:00,00,";
var hq_str_sh603259="药明康德,105.000,105.870,106.440,108.100,104.120,106.410,106.440,15243474,1625046910.000,300,106.410,2000,106.390,560,106.370,1600,106.360,300,106.350,4300,106.440,1200,106.460,100,106.470,500,106.480,6800,106.500,2020-11-19,14:17:57,00,";
var hq_str_sh603259="药明康德,105.000,105.870,106.520,108.100,104.120,106.510,106.520,15290974,1630105250.000,4200,106.510,4100,106.500,400,106.490,500,106.480,1300,106.470,7700,106.520,1300,106.540,6800,106.610,11100,106.620,3200,106.630,2020-11-19,14:19:00,00,";
var hq_str_sh603259="药明康德,105.000,105.870,106.540,108.100,104.120,106.520,106.540,15331234,1634393920.000,400,106.520,1040,106.510,7400,106.500,200,106.490,600,106.480,1700,106.540,100,106.610,11000,106.620,3200,106.630,5000,106.650,2020-11-19,14:20:00,00,";
var hq_str_sh603259="药明康德,105.000,105.870,107.000,108.100,104.120,106.900,107.000,15409834,1642793019.000,2200,106.900,300,106.890,500,106.720,200,106.710,20200,106.700,1300,107.000,100,107.030,200,107.060,1500,107.090,5500,107.100,2020-11-19,14:21:00,00,";
var hq_str_sh603259="药明康德,105.000,105.870,106.930,108.100,104.120,106.930,106.940,15449634,1647054142.000,600,106.930,500,106.900,500,106.870,500,106.840,500,106.810,9300,106.940,1000,106.990,500,107.000,1600,107.020,1000,107.050,2020-11-19,14:22:00,00,";
var hq_str_sh603259="药明康德,105.000,105.870,107.340,108.100,104.120,107.340,107.380,15491834,1651572133.000,200,107.340,300,107.290,5300,107.280,400,107.210,400,107.170,1100,107.380,200,107.400,500,107.450,200,107.460,100,107.470,2020-11-19,14:22:57,00,";
var hq_str_sh603259="药明康德,105.000,105.870,107.310,108.100,104.120,107.310,107.340,15565434,1659469318.000,6200,107.310,23500,107.300,200,107.280,400,107.240,1200,107.210,300,107.340,400,107.350,600,107.400,100,107.410,700,107.450,2020-11-19,14:24:00,00,";
var hq_str_sh603259="药明康德,105.000,105.870,107.770,108.100,104.120,107.710,107.770,15611434,1664418067.000,800,107.710,1000,107.700,100,107.680,700,107.620,1500,107.600,200,107.770,200,107.780,200,107.790,5500,107.800,380,107.810,2020-11-19,14:25:00,00,";
var hq_str_sh603259="药明康德,105.000,105.870,107.540,108.100,104.120,107.500,107.540,15655734,1669185831.000,100,107.500,100,107.490,500,107.470,500,107.440,600,107.410,5800,107.540,700,107.550,18600,107.560,300,107.590,3500,107.600,2020-11-19,14:26:00,00,";
var hq_str_sh603259="药明康德,105.000,105.870,107.680,108.100,104.120,107.680,107.700,15713834,1675434753.000,1500,107.680,100,107.660,100,107.650,100,107.640,5200,107.610,2700,107.700,200,107.710,300,107.730,300,107.740,1300,107.750,2020-11-19,14:27:00,00,";
var hq_str_sh603259="药明康德,105.000,105.870,107.780,108.100,104.120,107.770,107.780,15793934,1684061052.000,200,107.770,300,107.740,300,107.730,500,107.720,200,107.690,9480,107.780,2200,107.840,4600,107.850,400,107.880,200,107.890,2020-11-19,14:28:00,00,";
var hq_str_sh603259="药明康德,105.000,105.870,107.680,108.100,104.120,107.680,107.690,15837634,1688768950.000,100,107.680,200,107.660,500,107.650,500,107.620,500,107.590,200,107.690,4000,107.700,4680,107.720,6200,107.730,4080,107.750,2020-11-19,14:28:58,00,";
var hq_str_sh603259="药明康德,105.000,105.870,107.840,108.100,104.120,107.830,107.840,15877277,1693039233.000,300,107.830,100,107.820,700,107.810,100,107.800,300,107.760,6000,107.840,4600,107.850,500,107.880,640,107.890,1000,107.900,2020-11-19,14:30:00,00,";
var hq_str_sh603259="药明康德,105.000,105.870,107.560,108.100,104.120,107.550,107.560,15949097,1700774015.000,1300,107.550,200,107.540,5300,107.500,700,107.470,500,107.440,1300,107.560,100,107.590,2900,107.620,2400,107.650,200,107.670,2020-11-19,14:31:00,00,";
var hq_str_sh603259="药明康德,105.000,105.870,107.630,108.100,104.120,107.630,107.670,15992297,1705422731.000,600,107.630,300,107.620,10600,107.610,1600,107.600,6700,107.590,1000,107.670,600,107.700,100,107.710,400,107.740,33800,107.750,2020-11-19,14:32:00,00,";
var hq_str_sh603259="药明康德,105.000,105.870,107.550,108.100,104.120,107.530,107.560,16058597,1712557120.000,900,107.530,4300,107.520,300,107.510,8700,107.500,1200,107.490,1200,107.560,100,107.620,8600,107.630,700,107.650,500,107.660,2020-11-19,14:32:58,00,";
var hq_str_sh603259="药明康德,105.000,105.870,107.600,108.100,104.120,107.600,107.620,16102397,1717268846.000,14800,107.600,300,107.580,13000,107.570,1100,107.560,4400,107.550,2700,107.620,6900,107.630,1000,107.650,500,107.660,400,107.680,2020-11-19,14:34:00,00,";
var hq_str_sh603259="药明康德,105.000,105.870,107.410,108.100,104.120,107.400,107.410,16191597,1726863857.000,300,107.400,1100,107.350,500,107.320,28500,107.300,500,107.290,400,107.410,100,107.430,300,107.470,3000,107.480,600,107.490,2020-11-19,14:34:58,00,";
var hq_str_sh603259="药明康德,105.000,105.870,107.500,108.100,104.120,107.520,107.560,16242269,1732308665.000,1200,107.520,4100,107.500,400,107.490,3300,107.480,3628,107.470,500,107.560,600,107.590,600,107.600,200,107.610,7100,107.630,2020-11-19,14:35:58,00,";
var hq_str_sh603259="药明康德,105.000,105.870,107.350,108.100,104.120,107.350,107.470,16294749,1737947228.000,1900,107.350,100,107.340,2320,107.330,1728,107.320,26500,107.300,1000,107.470,100,107.490,1000,107.500,200,107.570,1300,107.580,2020-11-19,14:36:58,00,";
var hq_str_sh603259="药明康德,105.000,105.870,107.500,108.100,104.120,107.480,107.500,16327449,1741462028.000,4900,107.480,1000,107.420,1100,107.410,20700,107.400,500,107.370,2100,107.500,1600,107.510,700,107.520,700,107.530,12800,107.540,2020-11-19,14:38:00,00,";
var hq_str_sh603259="药明康德,105.000,105.870,107.450,108.100,104.120,107.410,107.450,16369949,1746029138.000,1000,107.410,21000,107.400,1100,107.390,500,107.370,100,107.360,1700,107.450,200,107.460,300,107.480,300,107.490,3900,107.500,2020-11-19,14:39:00,00,";
var hq_str_sh603259="药明康德,105.000,105.870,107.640,108.100,104.120,107.610,107.640,16441249,1753694717.000,600,107.610,200,107.580,300,107.570,500,107.550,2400,107.540,700,107.640,900,107.650,500,107.660,400,107.680,200,107.690,2020-11-19,14:39:58,00,";
var hq_str_sh603259="药明康德,105.000,105.870,107.520,108.100,104.120,107.510,107.520,16481049,1757978832.000,400,107.510,400,107.500,600,107.490,100,107.480,100,107.470,12100,107.520,4500,107.540,700,107.550,500,107.640,500,107.650,2020-11-19,14:41:00,00,";
var hq_str_sh603259="药明康德,105.000,105.870,107.450,108.100,104.120,107.450,107.460,16521449,1762321579.000,7100,107.450,1100,107.440,500,107.430,1000,107.400,500,107.370,200,107.460,14000,107.470,4300,107.480,4000,107.490,2600,107.500,2020-11-19,14:42:00,00,";
var hq_str_sh603259="药明康德,105.000,105.870,107.330,108.100,104.120,107.310,107.330,16567149,1767229816.000,5700,107.310,1100,107.300,500,107.290,1100,107.260,700,107.230,100,107.330,6000,107.340,3200,107.350,3300,107.360,1300,107.370,2020-11-19,14:42:58,00,";
var hq_str_sh603259="药明康德,105.000,105.870,107.310,108.100,104.120,107.320,107.340,16603649,1771146169.000,100,107.320,600,107.270,1900,107.260,1500,107.250,800,107.240,600,107.340,200,107.350,1000,107.370,100,107.390,2800,107.410,2020-11-19,14:44:00,00,";
var hq_str_sh603259="药明康德,105.000,105.870,107.280,108.100,104.120,107.270,107.300,16642349,1775300994.000,500,107.270,600,107.260,800,107.250,200,107.240,700,107.230,2100,107.300,400,107.330,400,107.360,2500,107.370,800,107.380,2020-11-19,14:45:00,00,";
var hq_str_sh603259="药明康德,105.000,105.870,107.200,108.100,104.120,107.200,107.210,16683289,1779689199.000,300,107.200,200,107.180,400,107.150,800,107.140,200,107.130,100,107.210,100,107.220,1200,107.230,1200,107.240,200,107.250,2020-11-19,14:46:00,00,";
var hq_str_sh603259="药明康德,105.000,105.870,107.300,108.100,104.120,107.300,107.350,16700889,1781577210.000,11100,107.300,1300,107.290,1300,107.280,200,107.270,500,107.260,900,107.350,100,107.360,3600,107.370,800,107.380,300,107.400,2020-11-19,14:47:00,00,";
var hq_str_sh603259="药明康德,105.000,105.870,107.140,108.100,104.120,107.130,107.140,16748889,1786725488.000,700,107.130,2100,107.120,600,107.110,11800,107.100,600,107.080,2100,107.140,300,107.190,100,107.200,100,107.210,500,107.230,2020-11-19,14:48:00,00,";
var hq_str_sh603259="药明康德,105.000,105.870,107.210,108.100,104.120,107.130,107.210,16784689,1790560870.000,600,107.130,600,107.120,500,107.110,5100,107.100,600,107.080,200,107.210,11400,107.230,500,107.240,100,107.290,3100,107.300,2020-11-19,14:49:00,00,";
var hq_str_sh603259="药明康德,105.000,105.870,106.940,108.100,104.120,106.930,106.940,16852789,1797851476.000,800,106.930,500,106.900,100,106.890,100,106.880,500,106.840,8320,106.940,100,106.950,800,106.960,300,106.970,27800,107.000,2020-11-19,14:50:00,00,";
var hq_str_sh603259="药明康德,105.000,105.870,107.000,108.100,104.120,106.990,107.000,16913609,1804353755.000,200,106.990,1000,106.980,24500,106.970,600,106.930,400,106.920,15500,107.000,12800,107.010,100,107.080,300,107.130,500,107.200,2020-11-19,14:51:00,00,";
var hq_str_sh603259="药明康德,105.000,105.870,107.130,108.100,104.120,107.000,107.130,16975809,1811009307.000,1900,107.000,1000,106.990,2100,106.980,24100,106.970,1100,106.960,400,107.130,200,107.160,600,107.190,500,107.200,700,107.210,2020-11-19,14:52:00,00,";
var hq_str_sh603259="药明康德,105.000,105.870,107.120,108.100,104.120,107.120,107.150,17007709,1814427128.000,300,107.120,400,107.110,200,107.100,500,107.090,200,107.070,200,107.150,900,107.190,1300,107.200,1100,107.210,600,107.290,2020-11-19,14:53:00,00,";
var hq_str_sh603259="药明康德,105.000,105.870,107.170,108.100,104.120,107.000,107.170,17100709,1824383057.000,200,107.000,200,106.970,200,106.960,200,106.950,500,106.940,100,107.170,3100,107.280,1040,107.290,200,107.300,700,107.310,2020-11-19,14:53:58,00,";
var hq_str_sh603259="药明康德,105.000,105.870,106.980,108.100,104.120,106.980,106.990,17118609,1826298473.000,100,106.980,1300,106.970,500,106.960,2800,106.950,500,106.940,1600,106.990,33300,107.000,200,107.090,300,107.100,300,107.160,2020-11-19,14:54:58,00,";
var hq_str_sh603259="药明康德,105.000,105.870,106.970,108.100,104.120,106.960,106.970,17164927,1831253457.000,11000,106.960,2500,106.950,500,106.940,500,106.930,1100,106.910,1836,106.970,200,106.980,1600,106.990,31581,107.000,300,107.100,2020-11-19,14:56:00,00,";
var hq_str_sh603259="药明康德,105.000,105.870,106.990,108.100,104.120,106.980,106.990,17199827,1834987147.000,100,106.980,1100,106.970,8000,106.960,1800,106.950,500,106.940,4540,106.990,23093,107.000,1100,107.070,1100,107.090,300,107.100,2020-11-19,14:56:58,00,";
var hq_str_sh603259="药明康德,105.000,105.870,106.980,108.100,104.120,106.510,106.510,17199927,1834997845.000,59216,106.510,384,0.000,0,0.000,0,0.000,0,0.000,59216,106.510,0,0.000,0,0.000,0,0.000,0,0.000,2020-11-19,14:57:58,00,";
var hq_str_sh603259="药明康德,105.000,105.870,106.980,108.100,104.120,106.660,106.660,17199927,1834997845.000,78040,106.660,1560,0.000,0,0.000,0,0.000,0,0.000,78040,106.660,0,0.000,0,0.000,0,0.000,0,0.000,2020-11-19,14:59:00,00,";
