var hq_str_sh603259="药明康德,117.000,117.000,117.000,117.000,117.000,116.990,117.000,37100,4340700.000,100,116.990,200,116.980,100,116.950,300,116.880,100,116.850,2826,117.000,100,117.160,200,117.600,100,117.700,100,117.710,2020-08-06,09:29:51,00,";
var hq_str_sh603259="药明康德,117.000,117.000,117.470,117.880,116.800,117.270,117.460,190506,22340291.000,2600,117.270,200,117.210,49160,117.200,5200,117.190,200,117.040,3200,117.460,11800,117.470,800,117.480,4200,117.490,22200,117.500,2020-08-06,09:30:59,00,";
var hq_str_sh603259="药明康德,117.000,117.000,117.210,117.880,116.800,117.210,117.230,374369,43886975.000,300,117.210,200,117.150,100,117.130,300,117.120,700,117.090,1200,117.230,700,117.340,500,117.350,4900,117.370,100,117.390,2020-08-06,09:31:59,00,";
var hq_str_sh603259="药明康德,117.000,117.000,118.200,118.270,116.800,118.200,118.280,488229,57302568.000,100,118.200,200,118.150,200,118.010,191960,118.000,200,117.990,300,118.280,1500,118.300,500,118.330,800,118.380,100,118.390,2020-08-06,09:32:59,00,";
var hq_str_sh603259="药明康德,117.000,117.000,118.270,118.300,116.800,118.280,118.300,723429,85054681.000,1200,118.280,800,118.270,100,118.250,100,118.240,8500,118.200,700,118.300,600,118.330,200,118.350,1000,118.380,100,118.390,2020-08-06,09:33:59,00,";
var hq_str_sh603259="药明康德,117.000,117.000,118.050,118.380,116.800,118.000,118.050,846529,99598790.000,14480,118.000,700,117.900,2300,117.820,700,117.670,100,117.650,2300,118.050,4979,118.080,700,118.090,100,118.100,2200,118.150,2020-08-06,09:34:56,00,";
var hq_str_sh603259="药明康德,117.000,117.000,117.840,118.380,116.800,117.790,117.840,1039998,122372200.000,100,117.790,1600,117.780,4800,117.700,15511,117.690,100,117.620,2800,117.840,6300,117.870,100,117.890,200,117.900,200,117.980,2020-08-06,09:35:59,00,";
var hq_str_sh603259="药明康德,117.000,117.000,117.200,118.380,116.800,117.160,117.200,1173709,138080824.000,200,117.160,200,117.140,100,117.130,700,117.120,900,117.110,2640,117.200,300,117.330,200,117.340,600,117.520,800,117.660,2020-08-06,09:36:59,00,";
var hq_str_sh603259="药明康德,117.000,117.000,116.880,118.380,116.800,116.820,116.880,1254909,147582418.000,1900,116.820,1100,116.810,7800,116.800,100,116.790,500,116.700,1300,116.880,1100,116.950,4700,117.000,2400,117.010,400,117.020,2020-08-06,09:37:56,00,";
var hq_str_sh603259="药明康德,117.000,117.000,117.200,118.380,116.800,117.140,117.200,1409609,165774471.000,1500,117.140,800,117.130,600,117.120,4300,117.100,300,117.070,400,117.200,900,117.370,600,117.380,200,117.400,300,117.410,2020-08-06,09:38:55,00,";
var hq_str_sh603259="药明康德,117.000,117.000,117.300,118.380,116.800,117.200,117.300,1455009,171099199.000,400,117.200,100,117.190,100,117.160,100,117.140,100,117.130,700,117.300,2200,117.350,2900,117.360,200,117.380,100,117.400,2020-08-06,09:39:50,00,";
var hq_str_sh603259="药明康德,117.000,117.000,116.910,118.380,116.800,116.910,116.920,1523309,179094899.000,300,116.910,4400,116.900,1500,116.880,200,116.860,2000,116.850,9100,116.920,3800,116.930,1100,116.940,100,117.000,200,117.080,2020-08-06,09:40:59,00,";
var hq_str_sh603259="药明康德,117.000,117.000,117.410,118.380,116.800,117.390,117.410,1614429,189788524.000,100,117.390,1500,117.380,400,117.220,2000,117.210,600,117.200,6700,117.410,1300,117.460,2600,117.470,100,117.490,100,117.500,2020-08-06,09:41:56,00,";
var hq_str_sh603259="药明康德,117.000,117.000,117.020,118.380,116.800,117.010,117.020,1676929,197108940.000,1200,117.010,15000,117.000,200,116.980,2100,116.950,400,116.940,100,117.020,300,117.080,100,117.090,100,117.110,200,117.120,2020-08-06,09:42:56,00,";
var hq_str_sh603259="药明康德,117.000,117.000,116.680,118.380,116.610,116.680,116.690,1794029,210794165.000,4400,116.680,100,116.660,100,116.630,3700,116.620,4300,116.610,220,116.690,200,116.750,400,116.760,300,116.800,200,116.810,2020-08-06,09:43:59,00,";
var hq_str_sh603259="药明康德,117.000,117.000,117.010,118.380,116.610,116.950,117.000,1852849,217666678.000,4700,116.950,1300,116.890,1600,116.880,4200,116.870,500,116.860,300,117.000,200,117.080,100,117.090,300,117.110,3400,117.150,2020-08-06,09:44:56,00,";
var hq_str_sh603259="药明康德,117.000,117.000,116.570,118.380,116.520,116.520,116.550,1962649,230488508.000,5700,116.520,10200,116.510,18900,116.500,600,116.450,100,116.440,100,116.550,100,116.560,1100,116.570,3300,116.600,369,116.610,2020-08-06,09:45:59,00,";
var hq_str_sh603259="药明康德,117.000,117.000,116.570,118.380,116.420,116.550,116.570,2156089,253025025.000,3000,116.550,4360,116.500,1900,116.490,100,116.460,300,116.440,300,116.570,100,116.580,800,116.600,100,116.650,7300,116.660,2020-08-06,09:46:59,00,";
var hq_str_sh603259="药明康德,117.000,117.000,116.650,118.380,116.420,116.650,116.750,2211729,259516692.000,5960,116.650,1300,116.640,1400,116.600,300,116.570,100,116.560,6400,116.750,11900,116.770,200,116.810,200,116.820,800,116.870,2020-08-06,09:47:59,00,";
var hq_str_sh603259="药明康德,117.000,117.000,117.150,118.380,116.420,117.150,117.170,2304086,270306310.000,1100,117.150,100,117.110,1400,117.070,11903,117.000,100,116.770,200,117.170,400,117.290,10000,117.300,100,117.390,400,117.410,2020-08-06,09:48:56,00,";
var hq_str_sh603259="药明康德,117.000,117.000,117.500,118.380,116.420,117.500,117.530,2351986,275924541.000,4200,117.500,4800,117.300,300,117.270,100,117.250,200,117.230,2600,117.530,500,117.540,200,117.550,1040,117.600,1100,117.650,2020-08-06,09:49:59,00,";
var hq_str_sh603259="药明康德,117.000,117.000,117.350,118.380,116.420,117.350,117.360,2408626,282574888.000,460,117.350,100,117.310,100,117.300,600,117.290,1300,117.270,100,117.360,800,117.370,200,117.400,2200,117.420,1900,117.430,2020-08-06,09:50:59,00,";
var hq_str_sh603259="药明康德,117.000,117.000,117.320,118.380,116.420,117.300,117.340,2447386,287122472.000,5300,117.300,400,117.280,3400,117.270,400,117.180,500,117.170,900,117.340,2500,117.350,100,117.390,2220,117.400,600,117.440,2020-08-06,09:51:59,00,";
var hq_str_sh603259="药明康德,117.000,117.000,117.760,118.380,116.420,117.740,117.760,2540126,298031084.000,3800,117.740,900,117.730,100,117.670,100,117.650,500,117.620,1100,117.760,329,117.770,300,117.780,1600,117.800,200,117.870,2020-08-06,09:52:56,00,";
var hq_str_sh603259="药明康德,117.000,117.000,117.570,118.380,116.420,117.570,117.590,2589826,303874930.000,4800,117.570,500,117.540,4200,117.530,3500,117.500,100,117.450,9320,117.590,700,117.690,100,117.700,100,117.720,10100,117.730,2020-08-06,09:53:59,00,";
var hq_str_sh603259="药明康德,117.000,117.000,117.800,118.380,116.420,117.800,117.810,2719726,319179469.000,3800,117.800,200,117.710,300,117.700,100,117.650,600,117.610,200,117.810,100,117.880,4100,117.890,2800,117.900,100,117.910,2020-08-06,09:54:59,00,";
var hq_str_sh603259="药明康德,117.000,117.000,116.990,118.380,116.420,116.980,117.000,2836926,332924315.000,100,116.980,100,116.970,100,116.960,1100,116.950,100,116.940,7300,117.000,700,117.020,100,117.200,400,117.210,200,117.240,2020-08-06,09:55:59,00,";
var hq_str_sh603259="药明康德,117.000,117.000,117.000,118.380,116.420,117.000,117.030,2890156,339156224.000,1300,117.000,200,116.990,100,116.980,200,116.960,1470,116.950,1000,117.030,800,117.040,10397,117.070,600,117.080,500,117.090,2020-08-06,09:56:59,00,";
var hq_str_sh603259="药明康德,117.000,117.000,116.860,118.380,116.420,116.820,116.860,2985826,350353849.000,200,116.820,5000,116.810,3600,116.800,200,116.780,100,116.770,2000,116.860,200,117.000,500,117.010,100,117.110,1000,117.120,2020-08-06,09:57:59,00,";
var hq_str_sh603259="药明康德,117.000,117.000,116.830,118.380,116.420,116.800,116.830,3054190,358335248.000,600,116.800,2500,116.780,5200,116.700,200,116.690,100,116.680,100,116.830,600,116.840,1100,116.860,1500,117.000,500,117.120,2020-08-06,09:58:59,00,";
var hq_str_sh603259="药明康德,117.000,117.000,116.690,118.380,116.420,116.600,116.690,3113090,365211635.000,8236,116.600,100,116.590,500,116.580,1300,116.560,100,116.550,7000,116.690,3100,116.700,900,116.710,400,116.720,400,116.750,2020-08-06,09:59:59,00,";
var hq_str_sh603259="药明康德,117.000,117.000,116.040,118.380,116.000,116.010,116.040,3295789,386448964.000,200,116.010,2200,116.000,1900,115.990,200,115.970,700,115.900,100,116.040,100,116.050,200,116.180,3400,116.200,100,116.220,2020-08-06,10:00:56,00,";
var hq_str_sh603259="药明康德,117.000,117.000,116.230,118.380,116.000,116.040,116.230,3412532,400029601.000,100,116.040,600,116.030,400,116.020,4100,116.010,18100,116.000,418,116.230,200,116.400,500,116.420,200,116.440,3220,116.450,2020-08-06,10:01:59,00,";
var hq_str_sh603259="药明康德,117.000,117.000,116.520,118.380,116.000,116.560,116.760,3532170,413932067.000,100,116.560,100,116.510,500,116.500,100,116.490,100,116.410,100,116.760,700,116.780,500,116.790,200,116.940,4800,116.950,2020-08-06,10:02:59,00,";
var hq_str_sh603259="药明康德,117.000,117.000,116.550,118.380,116.000,116.500,116.670,3577470,419218059.000,200,116.500,100,116.480,2300,116.470,100,116.410,100,116.300,100,116.670,1100,116.680,300,116.690,700,116.730,100,116.780,2020-08-06,10:03:59,00,";
var hq_str_sh603259="药明康德,117.000,117.000,116.880,118.380,116.000,116.880,116.900,3622450,424472249.000,2820,116.880,500,116.870,100,116.800,200,116.790,1000,116.750,4326,116.900,100,116.960,2500,116.980,10800,116.990,2600,117.000,2020-08-06,10:04:59,00,";
var hq_str_sh603259="药明康德,117.000,117.000,116.380,118.380,116.000,116.300,116.410,3687170,432019002.000,200,116.300,1000,116.280,100,116.210,300,116.200,400,116.150,6125,116.410,100,116.450,600,116.570,400,116.640,100,116.680,2020-08-06,10:05:59,00,";
var hq_str_sh603259="药明康德,117.000,117.000,116.420,118.380,116.000,116.420,116.430,3761970,440717126.000,400,116.420,900,116.230,100,116.220,2200,116.210,5000,116.200,100,116.430,2300,116.440,400,116.500,300,116.560,1500,116.570,2020-08-06,10:06:59,00,";
var hq_str_sh603259="药明康德,117.000,117.000,116.790,118.380,116.000,116.780,116.980,3813993,446784499.000,3900,116.780,200,116.640,600,116.630,100,116.610,200,116.600,1300,116.980,10800,116.990,8500,117.000,300,117.010,500,117.020,2020-08-06,10:07:59,00,";
var hq_str_sh603259="药明康德,117.000,117.000,116.900,118.380,116.000,116.700,116.900,3861752,452368285.000,41,116.700,100,116.670,1000,116.640,200,116.600,200,116.580,500,116.900,100,116.950,10029,116.960,1000,116.970,3300,116.980,2020-08-06,10:08:59,00,";
var hq_str_sh603259="药明康德,117.000,117.000,116.400,118.380,116.000,116.400,116.430,3916193,458715026.000,200,116.400,300,116.390,400,116.370,100,116.310,3300,116.300,500,116.430,400,116.490,800,116.500,100,116.580,1600,116.600,2020-08-06,10:09:59,00,";
var hq_str_sh603259="药明康德,117.000,117.000,116.660,118.380,116.000,116.660,116.820,3982493,466450392.000,2100,116.660,1200,116.650,900,116.640,2000,116.630,800,116.610,769,116.820,100,116.880,7900,116.900,2400,116.950,9829,116.960,2020-08-06,10:10:59,00,";
var hq_str_sh603259="药明康德,117.000,117.000,117.200,118.380,116.000,117.060,117.150,4094394,479541076.000,400,117.060,600,117.030,800,117.020,200,117.010,1500,117.000,100,117.150,1000,117.170,2700,117.200,300,117.210,500,117.220,2020-08-06,10:11:59,00,";
var hq_str_sh603259="药明康德,117.000,117.000,116.920,118.380,116.000,116.920,116.930,4146445,485626917.000,4200,116.920,900,116.910,400,116.880,100,116.800,1500,116.750,1000,116.930,3700,116.980,1800,116.990,24600,117.000,200,117.070,2020-08-06,10:12:59,00,";
var hq_str_sh603259="药明康德,117.000,117.000,117.000,118.380,116.000,116.810,117.250,4261445,499107743.000,1500,116.810,100,116.800,1600,116.740,800,116.730,800,116.710,100,117.250,300,117.290,200,117.300,300,117.310,200,117.320,2020-08-06,10:13:59,00,";
var hq_str_sh603259="药明康德,117.000,117.000,117.280,118.380,116.000,117.250,117.280,4307289,504474727.000,2200,117.250,100,117.240,900,117.020,800,116.970,500,116.960,600,117.280,2000,117.300,1500,117.320,300,117.330,4300,117.340,2020-08-06,10:14:59,00,";
var hq_str_sh603259="药明康德,117.000,117.000,117.260,118.380,116.000,117.260,117.290,4331789,507346706.000,3700,117.260,3200,117.230,300,117.100,600,117.050,400,117.030,1000,117.290,4000,117.300,9300,117.330,4300,117.340,300,117.350,2020-08-06,10:15:59,00,";
var hq_str_sh603259="药明康德,117.000,117.000,117.580,118.380,116.000,117.360,117.580,4396689,514965415.000,100,117.360,1500,117.350,500,117.340,4600,117.320,300,117.310,1069,117.580,2800,117.590,200,117.600,1700,117.640,780,117.650,2020-08-06,10:16:59,00,";
var hq_str_sh603259="药明康德,117.000,117.000,117.400,118.380,116.000,116.910,117.390,4466230,523120371.000,5500,116.910,700,116.900,200,116.880,700,116.830,400,116.810,600,117.390,4800,117.400,1600,117.500,500,117.530,1600,117.580,2020-08-06,10:17:59,00,";
var hq_str_sh603259="药明康德,117.000,117.000,117.520,118.380,116.000,117.520,117.530,4512570,528562151.000,4100,117.520,560,117.480,100,117.460,4400,117.440,100,117.390,400,117.530,1900,117.570,2000,117.580,3000,117.590,200,117.600,2020-08-06,10:18:59,00,";
var hq_str_sh603259="药明康德,117.000,117.000,117.510,118.380,116.000,117.510,117.520,4546470,532545202.000,200,117.510,3960,117.490,200,117.480,900,117.390,800,117.380,200,117.520,1500,117.530,100,117.570,2000,117.580,2800,117.590,2020-08-06,10:19:56,00,";
var hq_str_sh603259="药明康德,117.000,117.000,117.890,118.380,116.000,117.890,117.920,4612070,540269751.000,800,117.890,100,117.860,400,117.830,300,117.820,800,117.800,100,117.920,100,117.930,300,117.950,400,117.970,1500,117.980,2020-08-06,10:20:59,00,";
var hq_str_sh603259="药明康德,117.000,117.000,117.820,118.380,116.000,117.600,117.810,4655070,545334592.000,200,117.600,200,117.590,700,117.530,500,117.520,100,117.510,100,117.810,700,117.820,300,117.830,1300,117.840,1500,117.850,2020-08-06,10:21:59,00,";
var hq_str_sh603259="药明康德,117.000,117.000,117.790,118.380,116.000,117.790,117.800,4693170,549822454.000,700,117.790,1300,117.770,100,117.660,100,117.650,2200,117.640,2100,117.800,3400,117.810,2380,117.820,1600,117.830,400,117.840,2020-08-06,10:22:59,00,";
var hq_str_sh603259="药明康德,117.000,117.000,117.790,118.380,116.000,117.800,117.860,4728990,554042240.000,100,117.800,980,117.790,200,117.780,1400,117.770,100,117.660,700,117.860,300,117.870,600,117.880,3300,117.900,600,117.910,2020-08-06,10:23:59,00,";
var hq_str_sh603259="药明康德,117.000,117.000,117.820,118.380,116.000,117.820,117.850,4749290,556434080.000,2600,117.820,4000,117.800,300,117.790,380,117.770,200,117.750,2800,117.850,1100,117.860,800,117.870,1100,117.880,500,117.890,2020-08-06,10:24:59,00,";
var hq_str_sh603259="药明康德,117.000,117.000,117.710,118.380,116.000,117.710,117.740,4805970,563097762.000,1000,117.710,100,117.530,300,117.520,1400,117.510,100,117.500,2000,117.740,3000,117.750,5720,117.800,1400,117.820,300,117.840,2020-08-06,10:25:59,00,";
var hq_str_sh603259="药明康德,117.000,117.000,117.460,118.380,116.000,117.460,117.500,4852850,568602361.000,1600,117.460,2800,117.260,20,117.250,300,117.230,14800,117.210,200,117.500,100,117.540,200,117.550,200,117.560,2700,117.630,2020-08-06,10:26:59,00,";
var hq_str_sh603259="药明康德,117.000,117.000,117.220,118.380,116.000,117.220,117.400,4893570,573374599.000,400,117.220,1600,117.200,100,117.120,3100,117.110,11100,117.100,400,117.400,100,117.420,100,117.500,1100,117.600,2200,117.630,2020-08-06,10:27:59,00,";
var hq_str_sh603259="药明康德,117.000,117.000,117.200,118.380,116.000,117.130,117.200,4945613,579472038.000,200,117.130,100,117.120,2357,117.110,600,117.100,100,117.080,3200,117.200,200,117.300,100,117.350,500,117.360,100,117.370,2020-08-06,10:28:59,00,";
var hq_str_sh603259="药明康德,117.000,117.000,117.010,118.380,116.000,117.000,117.020,4991513,584849829.000,13300,117.000,100,116.950,700,116.900,400,116.880,100,116.810,2200,117.020,700,117.050,2200,117.100,300,117.250,100,117.290,2020-08-06,10:29:59,00,";
var hq_str_sh603259="药明康德,117.000,117.000,116.630,118.380,116.000,116.670,117.000,5069042,593906703.000,100,116.670,471,116.630,100,116.610,1400,116.600,200,116.540,1480,117.000,300,117.020,200,117.180,100,117.200,1100,117.300,2020-08-06,10:30:59,00,";
var hq_str_sh603259="药明康德,117.000,117.000,116.980,118.380,116.000,117.000,117.230,5101342,597681592.000,100,117.000,200,116.990,400,116.980,100,116.970,500,116.900,100,117.230,800,117.240,300,117.250,1400,117.260,500,117.270,2020-08-06,10:31:59,00,";
var hq_str_sh603259="药明康德,117.000,117.000,117.170,118.380,116.000,117.020,117.170,5149242,603280261.000,100,117.020,500,117.010,500,117.000,300,116.910,100,116.900,400,117.170,1000,117.190,5300,117.200,200,117.210,1400,117.220,2020-08-06,10:32:59,00,";
var hq_str_sh603259="药明康德,117.000,117.000,117.180,118.380,116.000,117.120,117.180,5224982,612133100.000,100,117.120,4800,117.030,1300,117.020,500,117.010,100,117.000,1400,117.180,1900,117.200,1000,117.210,4400,117.230,500,117.270,2020-08-06,10:33:59,00,";
var hq_str_sh603259="药明康德,117.000,117.000,116.990,118.380,116.000,116.990,117.000,5263942,616690542.000,14200,116.990,200,116.830,300,116.820,2100,116.810,5200,116.800,2069,117.000,600,117.010,200,117.020,200,117.080,100,117.120,2020-08-06,10:34:59,00,";
var hq_str_sh603259="药明康德,117.000,117.000,116.930,118.380,116.000,116.850,116.930,5304942,621484037.000,400,116.850,1700,116.830,900,116.810,500,116.800,200,116.790,1900,116.930,400,116.980,300,116.990,4469,117.000,600,117.010,2020-08-06,10:35:59,00,";
var hq_str_sh603259="药明康德,117.000,117.000,116.980,118.380,116.000,116.980,116.990,5327442,624114536.000,14400,116.980,100,116.910,2200,116.830,2000,116.820,1000,116.810,100,116.990,5469,117.000,700,117.020,200,117.080,100,117.120,2020-08-06,10:36:59,00,";
var hq_str_sh603259="药明康德,117.000,117.000,116.980,118.380,116.000,116.980,117.140,5353611,627177348.000,11600,116.980,100,116.920,100,116.910,100,116.900,100,116.880,100,117.140,1200,117.150,1200,117.160,1600,117.180,1000,117.190,2020-08-06,10:37:59,00,";
var hq_str_sh603259="药明康德,117.000,117.000,116.850,118.380,116.000,116.840,116.900,5403111,632969310.000,200,116.840,2300,116.830,900,116.810,5600,116.800,200,116.790,1200,116.900,500,116.970,800,116.980,300,116.990,13900,117.000,2020-08-06,10:38:59,00,";
var hq_str_sh603259="药明康德,117.000,117.000,117.120,118.380,116.000,117.120,117.130,5445711,637951410.000,200,117.120,2100,117.090,200,117.010,5200,117.000,3500,116.990,1500,117.130,3100,117.140,500,117.150,200,117.160,1600,117.180,2020-08-06,10:39:59,00,";
var hq_str_sh603259="药明康德,117.000,117.000,116.870,118.380,116.000,116.860,116.960,5477711,641694442.000,900,116.860,2400,116.850,800,116.840,700,116.830,2000,116.820,700,116.960,300,116.990,37400,117.000,1020,117.100,100,117.110,2020-08-06,10:40:59,00,";
var hq_str_sh603259="药明康德,117.000,117.000,116.860,118.380,116.000,116.860,116.880,5514211,645962494.000,2200,116.860,800,116.850,600,116.840,1900,116.820,600,116.810,200,116.880,4200,116.900,300,116.980,100,116.990,38200,117.000,2020-08-06,10:41:59,00,";
var hq_str_sh603259="药明康德,117.000,117.000,116.510,118.380,116.000,116.520,116.700,5566591,652077416.000,100,116.520,20,116.510,11371,116.500,100,116.450,1200,116.420,300,116.700,100,116.710,100,116.780,800,116.800,200,116.820,2020-08-06,10:42:56,00,";
var hq_str_sh603259="药明康德,117.000,117.000,116.520,118.380,116.000,116.510,116.520,5608311,656941711.000,2400,116.510,6771,116.500,200,116.470,100,116.450,1200,116.420,500,116.520,1600,116.540,200,116.550,1000,116.570,200,116.580,2020-08-06,10:43:59,00,";
var hq_str_sh603259="药明康德,117.000,117.000,116.250,118.380,116.000,116.240,116.300,5658082,662736225.000,3000,116.240,500,116.220,1000,116.210,2000,116.200,500,116.190,3700,116.300,100,116.320,600,116.340,400,116.350,100,116.370,2020-08-06,10:44:59,00,";
var hq_str_sh603259="药明康德,117.000,117.000,116.220,118.380,116.000,116.220,116.370,5698580,667443920.000,500,116.220,200,116.210,502,116.200,1100,116.190,500,116.180,400,116.370,1042,116.380,100,116.390,100,116.400,4700,116.430,2020-08-06,10:45:59,00,";
var hq_str_sh603259="药明康德,117.000,117.000,116.060,118.380,116.000,116.020,116.070,5770982,675853341.000,700,116.020,13300,116.010,62500,116.000,1400,115.990,300,115.980,100,116.070,500,116.120,700,116.190,7598,116.200,900,116.220,2020-08-06,10:46:56,00,";
var hq_str_sh603259="药明康德,117.000,117.000,116.050,118.380,115.970,116.050,116.200,5918282,692942544.000,500,116.050,5500,116.020,2200,116.010,1100,116.000,100,115.990,7178,116.200,800,116.220,300,116.240,300,116.280,200,116.350,2020-08-06,10:47:59,00,";
var hq_str_sh603259="药明康德,117.000,117.000,116.240,118.380,115.970,116.220,116.230,5966225,698512774.000,500,116.220,3400,116.210,300,116.200,16,116.160,400,116.150,300,116.230,200,116.350,642,116.380,100,116.400,4700,116.430,2020-08-06,10:48:56,00,";
var hq_str_sh603259="药明康德,117.000,117.000,116.350,118.380,115.970,116.260,116.350,6005725,703104416.000,2100,116.260,1400,116.250,2300,116.240,2300,116.230,300,116.220,400,116.350,300,116.360,300,116.370,100,116.420,4900,116.430,2020-08-06,10:49:59,00,";
var hq_str_sh603259="药明康德,117.000,117.000,116.310,118.380,115.970,116.300,116.340,6044125,707570855.000,300,116.300,100,116.280,1700,116.270,500,116.260,300,116.250,700,116.340,1600,116.360,200,116.370,4800,116.430,1000,116.460,2020-08-06,10:50:59,00,";
var hq_str_sh603259="药明康德,117.000,117.000,116.280,118.380,115.970,116.280,116.330,6079025,711630959.000,500,116.280,1800,116.270,400,116.260,300,116.250,100,116.240,640,116.330,1200,116.340,100,116.360,4700,116.430,1100,116.460,2020-08-06,10:51:56,00,";
var hq_str_sh603259="药明康德,117.000,117.000,116.100,118.380,115.970,116.050,116.100,6130430,717606323.000,100,116.050,100,116.030,1741,116.020,3200,116.010,17100,116.000,1100,116.100,100,116.150,100,116.160,1200,116.170,100,116.200,2020-08-06,10:52:59,00,";
var hq_str_sh603259="药明康德,117.000,117.000,116.130,118.380,115.970,116.040,116.130,6182127,723606541.000,200,116.040,200,116.020,1844,116.010,18400,116.000,2000,115.990,100,116.130,3300,116.140,600,116.160,200,116.170,200,116.200,2020-08-06,10:53:56,00,";
var hq_str_sh603259="药明康德,117.000,117.000,115.690,118.380,115.690,115.690,115.720,6283471,735355560.000,1100,115.690,600,115.680,400,115.660,100,115.650,1000,115.630,9900,115.720,1300,115.730,600,115.740,100,115.750,200,115.760,2020-08-06,10:54:59,00,";
var hq_str_sh603259="药明康德,117.000,117.000,115.920,118.380,115.610,115.920,115.930,6350661,743131106.000,2300,115.920,1000,115.900,300,115.890,4600,115.880,3000,115.860,300,115.930,1700,115.940,100,115.970,300,115.990,5300,116.000,2020-08-06,10:55:59,00,";
var hq_str_sh603259="药明康德,117.000,117.000,115.340,118.380,115.300,115.300,115.340,6458261,755572876.000,1200,115.300,700,115.280,100,115.260,100,115.250,1000,115.240,400,115.340,18400,115.390,1000,115.400,1000,115.410,200,115.430,2020-08-06,10:56:59,00,";
var hq_str_sh603259="药明康德,117.000,117.000,115.100,118.380,115.060,115.090,115.100,6630561,775410878.000,500,115.090,9600,115.080,700,115.070,1800,115.060,1300,115.050,3600,115.100,400,115.110,11500,115.120,600,115.140,400,115.150,2020-08-06,10:57:59,00,";
var hq_str_sh603259="药明康德,117.000,117.000,115.000,118.380,115.000,114.990,115.000,6831461,798518707.000,1000,114.990,800,114.980,200,114.970,200,114.960,400,114.950,76940,115.000,340,115.010,4100,115.020,400,115.030,1700,115.040,2020-08-06,10:58:59,00,";
var hq_str_sh603259="药明康德,117.000,117.000,114.900,118.380,114.810,114.890,114.900,6943761,811424200.000,100,114.890,500,114.880,5200,114.860,7900,114.850,200,114.840,700,114.900,1500,114.920,300,114.940,600,114.960,7300,115.000,2020-08-06,10:59:59,00,";
var hq_str_sh603259="药明康德,117.000,117.000,114.850,118.380,114.810,114.870,114.910,7056261,824360934.000,200,114.870,300,114.850,200,114.840,200,114.830,300,114.820,100,114.910,40,114.920,300,114.980,100,114.990,7300,115.000,2020-08-06,11:00:59,00,";
var hq_str_sh603259="药明康德,117.000,117.000,115.220,118.380,114.800,115.210,115.220,7139713,833958701.000,1488,115.210,2100,115.190,300,115.110,400,115.100,200,115.070,47800,115.220,27480,115.320,100,115.430,1700,115.480,2300,115.490,2020-08-06,11:01:59,00,";
var hq_str_sh603259="药明康德,117.000,117.000,115.030,118.380,114.800,115.030,115.100,7199401,840832470.000,600,115.030,200,115.020,1000,115.010,14200,115.000,700,114.940,26480,115.100,400,115.110,700,115.120,100,115.140,29240,115.180,2020-08-06,11:02:59,00,";
var hq_str_sh603259="药明康德,117.000,117.000,114.980,118.380,114.800,114.980,115.000,7254901,847213692.000,4100,114.980,200,114.970,1000,114.950,100,114.910,2000,114.900,3800,115.000,800,115.030,26480,115.100,400,115.110,100,115.140,2020-08-06,11:03:59,00,";
var hq_str_sh603259="药明康德,117.000,117.000,115.430,118.380,114.800,115.320,115.430,7311201,853699169.000,400,115.320,100,115.300,200,115.290,2800,115.100,200,115.060,1400,115.430,500,115.460,600,115.470,1500,115.480,2500,115.490,2020-08-06,11:04:56,00,";
var hq_str_sh603259="药明康德,117.000,117.000,115.450,118.380,114.800,115.450,115.490,7361001,859447358.000,400,115.450,1500,115.440,1100,115.410,1100,115.400,200,115.390,1000,115.490,700,115.500,100,115.570,6100,115.590,700,115.610,2020-08-06,11:05:59,00,";
var hq_str_sh603259="药明康德,117.000,117.000,115.510,118.380,114.800,115.510,115.560,7386657,862409709.000,1100,115.510,2100,115.490,100,115.450,1244,115.440,1300,115.400,500,115.560,100,115.570,1100,115.580,6100,115.590,700,115.610,2020-08-06,11:06:59,00,";
var hq_str_sh603259="药明康德,117.000,117.000,115.790,118.380,114.800,115.750,115.790,7436717,868200184.000,100,115.750,500,115.740,700,115.710,1300,115.690,100,115.680,5100,115.790,100,115.840,1700,115.850,100,115.880,5000,115.890,2020-08-06,11:07:59,00,";
var hq_str_sh603259="药明康德,117.000,117.000,115.490,118.380,114.800,115.490,115.500,7477217,872884232.000,700,115.490,1044,115.440,1500,115.400,100,115.380,100,115.350,6500,115.500,900,115.520,100,115.640,400,115.650,100,115.680,2020-08-06,11:08:59,00,";
var hq_str_sh603259="药明康德,117.000,117.000,115.650,118.380,114.800,115.650,115.680,7514817,877227258.000,600,115.650,300,115.550,1100,115.540,4700,115.530,600,115.510,400,115.680,2200,115.690,2700,115.700,100,115.720,100,115.730,2020-08-06,11:09:59,00,";
var hq_str_sh603259="药明康德,117.000,117.000,115.970,118.380,114.800,115.970,115.990,7571817,883831558.000,200,115.970,3900,115.940,700,115.930,5800,115.890,600,115.880,2000,115.990,1700,116.000,200,116.020,400,116.100,300,116.150,2020-08-06,11:10:59,00,";
var hq_str_sh603259="药明康德,117.000,117.000,115.700,118.380,114.800,115.650,115.700,7626617,890178338.000,3500,115.650,500,115.560,900,115.550,600,115.540,2500,115.530,2100,115.700,200,115.730,100,115.770,200,115.780,200,115.790,2020-08-06,11:11:59,00,";
var hq_str_sh603259="药明康德,117.000,117.000,115.840,118.380,114.800,115.840,115.870,7667197,894875543.000,2000,115.840,1000,115.740,300,115.730,300,115.700,300,115.680,200,115.870,5300,115.890,200,115.930,100,115.940,19880,115.950,2020-08-06,11:12:59,00,";
var hq_str_sh603259="药明康德,117.000,117.000,115.760,118.380,114.800,115.760,115.780,7694469,898034922.000,2300,115.760,800,115.740,800,115.730,600,115.700,200,115.690,700,115.780,500,115.790,200,115.800,500,115.840,2000,115.850,2020-08-06,11:13:59,00,";
var hq_str_sh603259="药明康德,117.000,117.000,115.630,118.380,114.800,115.600,115.630,7733369,902536267.000,800,115.600,600,115.560,800,115.550,600,115.540,2500,115.530,1200,115.630,1600,115.640,200,115.670,1100,115.680,1500,115.690,2020-08-06,11:14:59,00,";
var hq_str_sh603259="药明康德,117.000,117.000,115.620,118.380,114.800,115.650,115.670,7782869,908262243.000,200,115.650,300,115.600,1100,115.560,2200,115.550,800,115.540,300,115.670,8080,115.690,200,115.740,900,115.760,300,115.780,2020-08-06,11:15:59,00,";
var hq_str_sh603259="药明康德,117.000,117.000,115.570,118.380,114.800,115.570,115.580,7812469,911684921.000,3500,115.570,700,115.560,2200,115.550,600,115.540,2500,115.530,235,115.580,6980,115.640,4500,115.650,200,115.660,200,115.680,2020-08-06,11:16:59,00,";
var hq_str_sh603259="药明康德,117.000,117.000,115.900,118.380,114.800,115.900,116.000,7875064,918929777.000,900,115.900,2800,115.890,100,115.700,1720,115.690,100,115.620,3800,116.000,1300,116.040,440,116.100,300,116.150,200,116.170,2020-08-06,11:17:59,00,";
var hq_str_sh603259="药明康德,117.000,117.000,116.000,118.380,114.800,115.990,116.000,7911364,923140208.000,400,115.990,200,115.970,100,115.910,3200,115.900,100,115.880,700,116.000,1000,116.010,300,116.030,2000,116.080,400,116.100,2020-08-06,11:18:59,00,";
var hq_str_sh603259="药明康德,117.000,117.000,115.910,118.380,114.800,115.900,115.910,7946064,927165771.000,1800,115.900,100,115.880,100,115.850,500,115.760,200,115.730,1000,115.910,600,115.950,700,115.980,1200,115.990,20100,116.000,2020-08-06,11:19:59,00,";
var hq_str_sh603259="药明康德,117.000,117.000,115.980,118.380,114.800,115.820,115.980,8003084,933771547.000,100,115.820,600,115.810,200,115.800,100,115.780,800,115.760,1200,115.980,3300,116.000,100,116.050,3000,116.060,600,116.100,2020-08-06,11:20:59,00,";
var hq_str_sh603259="药明康德,117.000,117.000,115.960,118.380,114.800,115.950,115.960,8066484,941122453.000,200,115.950,600,115.880,1100,115.800,200,115.780,600,115.760,100,115.960,100,116.000,200,116.010,100,116.050,1600,116.060,2020-08-06,11:21:59,00,";
var hq_str_sh603259="药明康德,117.000,117.000,115.940,118.380,114.800,115.930,115.940,8101484,945182224.000,500,115.930,700,115.880,1000,115.820,100,115.810,200,115.800,1200,115.940,100,115.960,3268,116.000,100,116.060,200,116.100,2020-08-06,11:22:59,00,";
var hq_str_sh603259="药明康德,117.000,117.000,116.090,118.380,114.800,116.050,116.060,8164052,952441719.000,100,116.050,100,116.000,200,115.960,300,115.950,500,115.930,200,116.060,200,116.070,100,116.080,1500,116.090,3915,116.130,2020-08-06,11:23:59,00,";
var hq_str_sh603259="药明康德,117.000,117.000,116.050,118.380,114.800,115.990,116.020,8203592,957028457.000,100,115.990,100,115.980,200,115.970,1800,115.960,500,115.930,600,116.020,100,116.060,1200,116.070,5000,116.080,100,116.120,2020-08-06,11:24:59,00,";
var hq_str_sh603259="药明康德,117.000,117.000,116.010,118.380,114.800,115.990,116.000,8228992,959976385.000,300,115.990,600,115.980,700,115.970,1800,115.960,500,115.930,14700,116.000,400,116.040,500,116.070,700,116.080,3115,116.130,2020-08-06,11:26:00,00,";
var hq_str_sh603259="药明康德,117.000,117.000,115.780,118.380,114.800,115.760,115.870,8261192,963709173.000,600,115.760,300,115.750,1361,115.700,700,115.690,1200,115.680,1100,115.870,300,115.880,700,115.900,915,115.950,6700,115.980,2020-08-06,11:27:00,00,";
var hq_str_sh603259="药明康德,117.000,117.000,116.070,118.380,114.800,116.070,116.080,8300292,968243402.000,3000,116.070,5300,116.000,400,115.870,1100,115.860,200,115.780,600,116.080,100,116.100,600,116.130,9900,116.140,1400,116.150,2020-08-06,11:27:59,00,";
var hq_str_sh603259="药明康德,117.000,117.000,115.870,118.380,114.800,115.870,115.880,8333412,972084493.000,3400,115.870,280,115.750,300,115.710,1461,115.700,700,115.690,2200,115.880,200,115.890,1500,115.900,100,115.980,8000,116.000,2020-08-06,11:28:59,00,";
var hq_str_sh603259="药明康德,117.000,117.000,115.960,118.380,114.800,115.960,115.980,8354212,974495373.000,4000,115.960,100,115.950,100,115.870,200,115.800,200,115.760,100,115.980,8100,116.000,200,116.100,500,116.110,600,116.130,2020-08-06,11:29:59,00,";
var hq_str_sh603259="药明康德,117.000,117.000,115.980,118.380,114.800,115.960,116.000,8354412,974518567.000,500,115.960,100,115.950,100,115.870,200,115.800,200,115.760,8100,116.000,200,116.100,500,116.110,600,116.130,9900,116.140,2020-08-06,13:00:00,00,";
var hq_str_sh603259="药明康德,117.000,117.000,115.630,118.380,114.800,115.640,115.760,8405492,980435537.000,500,115.640,4400,115.630,700,115.600,861,115.590,800,115.570,200,115.760,100,115.780,200,115.790,2000,115.800,600,115.840,2020-08-06,13:01:00,00,";
var hq_str_sh603259="药明康德,117.000,117.000,115.630,118.380,114.800,115.630,115.680,8428992,983155327.000,4300,115.630,500,115.600,1261,115.590,2500,115.580,800,115.570,100,115.680,100,115.690,200,115.700,2200,115.720,4100,115.740,2020-08-06,13:01:57,00,";
var hq_str_sh603259="药明康德,117.000,117.000,115.900,118.380,114.800,115.890,115.940,8474232,988394332.000,100,115.890,4500,115.880,300,115.830,1000,115.820,2500,115.810,200,115.940,500,115.950,4360,115.960,100,115.970,2500,115.980,2020-08-06,13:02:57,00,";
var hq_str_sh603259="药明康德,117.000,117.000,116.030,118.380,114.800,116.030,116.040,8527292,994548828.000,1000,116.030,200,116.010,100,116.000,2400,115.990,300,115.980,200,116.040,700,116.100,500,116.110,600,116.130,9900,116.140,2020-08-06,13:04:00,00,";
var hq_str_sh603259="药明康德,117.000,117.000,115.880,118.380,114.800,115.880,115.890,8567092,999161937.000,1800,115.880,3400,115.740,1100,115.700,1200,115.640,100,115.630,1400,115.890,2000,115.900,800,115.940,300,115.960,5000,115.980,2020-08-06,13:04:57,00,";
var hq_str_sh603259="药明康德,117.000,117.000,115.850,118.380,114.800,115.850,115.900,8601692,1003169824.000,11500,115.850,500,115.730,100,115.720,1000,115.710,1000,115.640,400,115.900,100,115.970,2800,116.000,300,116.010,200,116.020,2020-08-06,13:06:00,00,";
var hq_str_sh603259="药明康德,117.000,117.000,115.990,118.380,114.800,115.990,116.000,8627592,1006171887.000,3700,115.990,1500,115.950,500,115.900,100,115.870,100,115.860,1800,116.000,300,116.010,200,116.020,100,116.030,100,116.080,2020-08-06,13:06:57,00,";
var hq_str_sh603259="药明康德,117.000,117.000,116.130,118.380,114.800,116.130,116.160,8657692,1009665620.000,400,116.130,400,116.110,1000,116.100,2200,116.080,100,116.030,700,116.160,1500,116.170,200,116.190,9700,116.200,1600,116.250,2020-08-06,13:07:57,00,";
var hq_str_sh603259="药明康德,117.000,117.000,116.250,118.380,114.800,116.130,116.200,8706712,1015359514.000,5000,116.130,1100,116.100,300,116.090,100,116.010,4500,116.000,140,116.200,100,116.220,200,116.260,100,116.270,600,116.280,2020-08-06,13:09:00,00,";
var hq_str_sh603259="药明康德,117.000,117.000,116.160,118.380,114.800,116.160,116.170,8736412,1018810160.000,700,116.160,4400,116.150,700,116.100,200,116.090,100,116.080,100,116.170,600,116.220,1700,116.250,1100,116.260,100,116.270,2020-08-06,13:09:57,00,";
var hq_str_sh603259="药明康德,117.000,117.000,116.260,118.380,114.800,116.260,116.270,8758492,1021375679.000,4100,116.260,3060,116.240,3800,116.200,1100,116.190,500,116.170,400,116.270,1200,116.280,700,116.290,400,116.310,100,116.340,2020-08-06,13:10:57,00,";
var hq_str_sh603259="药明康德,117.000,117.000,116.290,118.380,114.800,116.290,116.300,8787792,1024782324.000,4300,116.290,1100,116.250,1160,116.240,3800,116.200,300,116.190,1768,116.300,300,116.310,500,116.330,100,116.340,800,116.350,2020-08-06,13:11:57,00,";
var hq_str_sh603259="药明康德,117.000,117.000,116.240,118.380,114.800,116.240,116.250,8835352,1030311127.000,1000,116.240,1800,116.230,100,116.200,800,116.190,500,116.140,400,116.250,200,116.260,5800,116.300,400,116.310,500,116.330,2020-08-06,13:13:00,00,";
var hq_str_sh603259="药明康德,117.000,117.000,116.000,118.380,114.800,115.900,116.000,8856952,1032817740.000,2100,115.900,500,115.890,700,115.860,2200,115.850,100,115.830,2500,116.000,100,116.010,2200,116.100,1600,116.110,100,116.120,2020-08-06,13:13:57,00,";
var hq_str_sh603259="药明康德,117.000,117.000,115.870,118.380,114.800,115.870,115.890,8886852,1036285235.000,400,115.870,600,115.860,2100,115.850,100,115.830,2200,115.800,400,115.890,2226,115.900,100,115.910,2100,115.950,200,115.960,2020-08-06,13:15:00,00,";
var hq_str_sh603259="药明康德,117.000,117.000,115.800,118.380,114.800,115.800,115.820,8907673,1038697378.000,10979,115.800,200,115.760,900,115.720,300,115.710,300,115.700,100,115.820,200,115.830,1000,115.840,3800,115.850,100,115.870,2020-08-06,13:15:57,00,";
var hq_str_sh603259="药明康德,117.000,117.000,115.500,118.380,114.800,115.500,115.550,8962213,1045005099.000,4900,115.500,600,115.480,1000,115.470,200,115.450,400,115.440,100,115.550,400,115.570,15160,115.580,900,115.660,700,115.690,2020-08-06,13:16:57,00,";
var hq_str_sh603259="药明康德,117.000,117.000,115.470,118.380,114.800,115.440,115.470,9001813,1049580450.000,400,115.440,100,115.430,200,115.420,100,115.410,3144,115.400,200,115.470,1600,115.480,1100,115.540,600,115.570,5660,115.580,2020-08-06,13:17:57,00,";
var hq_str_sh603259="药明康德,117.000,117.000,115.680,118.380,114.800,115.680,115.690,9028893,1052709994.000,80,115.680,200,115.620,200,115.610,100,115.500,300,115.480,1000,115.690,100,115.730,100,115.750,1700,115.790,5500,115.800,2020-08-06,13:18:57,00,";
var hq_str_sh603259="药明康德,117.000,117.000,115.370,118.380,114.800,115.300,115.370,9097673,1060658870.000,844,115.300,200,115.290,800,115.280,100,115.260,1800,115.200,100,115.370,900,115.380,200,115.400,100,115.490,800,115.500,2020-08-06,13:20:00,00,";
var hq_str_sh603259="药明康德,117.000,117.000,115.270,118.380,114.800,115.230,115.280,9141989,1065768026.000,100,115.230,500,115.220,300,115.210,528,115.200,1400,115.180,200,115.280,100,115.290,300,115.300,700,115.310,200,115.320,2020-08-06,13:21:00,00,";
var hq_str_sh603259="药明康德,117.000,117.000,115.310,118.380,114.800,115.210,115.280,9174089,1069467674.000,100,115.210,828,115.200,1500,115.180,900,115.160,200,115.120,100,115.280,500,115.310,300,115.320,100,115.330,1800,115.340,2020-08-06,13:21:57,00,";
var hq_str_sh603259="药明康德,117.000,117.000,115.210,118.380,114.800,115.190,115.210,9196989,1072105600.000,1600,115.190,600,115.180,1700,115.150,100,115.110,700,115.100,900,115.210,2900,115.270,500,115.300,200,115.310,400,115.320,2020-08-06,13:22:57,00,";
var hq_str_sh603259="药明康德,117.000,117.000,115.080,118.380,114.800,115.090,115.100,9225449,1075382699.000,100,115.090,340,115.050,600,115.040,10900,115.030,600,115.020,500,115.100,200,115.110,1400,115.120,800,115.140,500,115.150,2020-08-06,13:24:00,00,";
var hq_str_sh603259="药明康德,117.000,117.000,115.100,118.380,114.800,115.100,115.140,9255249,1078812247.000,1200,115.100,500,115.090,100,115.080,500,115.070,900,115.060,200,115.140,200,115.150,300,115.160,100,115.170,100,115.190,2020-08-06,13:25:00,00,";
var hq_str_sh603259="药明康德,117.000,117.000,115.080,118.380,114.800,115.080,115.110,9289049,1082702311.000,600,115.080,300,115.070,1100,115.060,2640,115.050,500,115.040,200,115.110,100,115.120,1200,115.130,100,115.140,200,115.150,2020-08-06,13:26:00,00,";
var hq_str_sh603259="药明康德,117.000,117.000,115.000,118.380,114.800,114.970,115.000,9406489,1096209132.000,400,114.970,2900,114.950,100,114.940,300,114.910,9700,114.900,3918,115.000,600,115.010,700,115.020,400,115.030,200,115.040,2020-08-06,13:27:00,00,";
var hq_str_sh603259="药明康德,117.000,117.000,114.990,118.380,114.800,114.980,114.990,9445197,1100660496.000,1192,114.980,6000,114.970,5700,114.950,200,114.940,200,114.930,6400,114.990,15918,115.000,1000,115.010,500,115.030,100,115.050,2020-08-06,13:28:00,00,";
var hq_str_sh603259="药明康德,117.000,117.000,114.920,118.380,114.800,114.920,114.930,9539394,1111484170.000,700,114.920,100,114.900,2800,114.890,600,114.880,2195,114.860,1400,114.930,8200,114.940,200,114.950,2300,114.970,300,114.980,2020-08-06,13:29:00,00,";
var hq_str_sh603259="药明康德,117.000,117.000,115.010,118.380,114.800,115.000,115.030,9596194,1118013779.000,1600,115.000,2500,114.990,1200,114.980,100,114.970,100,114.960,700,115.030,100,115.050,100,115.080,100,115.110,100,115.120,2020-08-06,13:30:00,00,";
var hq_str_sh603259="药明康德,117.000,117.000,115.010,118.380,114.800,115.010,115.020,9648501,1124035807.000,300,115.010,4300,115.000,100,114.990,5100,114.980,100,114.970,800,115.020,700,115.030,100,115.040,400,115.080,800,115.090,2020-08-06,13:31:00,00,";
var hq_str_sh603259="药明康德,117.000,117.000,115.500,118.380,114.600,115.130,115.490,9809901,1142582137.000,200,115.130,4200,115.000,1600,114.990,3100,114.980,900,114.970,100,115.490,1200,115.500,100,115.580,800,115.590,24000,115.610,2020-08-06,13:32:00,00,";
var hq_str_sh603259="药明康德,117.000,117.000,114.930,118.380,114.500,114.910,114.930,9930001,1156362277.000,100,114.910,4400,114.800,100,114.790,100,114.700,500,114.600,2600,114.930,300,114.940,500,115.030,100,115.040,200,115.050,2020-08-06,13:32:57,00,";
var hq_str_sh603259="药明康德,117.000,117.000,114.580,118.380,114.480,114.580,114.600,10025401,1167293572.000,900,114.580,100,114.560,100,114.510,12300,114.500,200,114.490,500,114.600,100,114.720,300,114.800,100,114.920,200,114.940,2020-08-06,13:33:57,00,";
var hq_str_sh603259="药明康德,117.000,117.000,114.520,118.380,114.480,114.520,114.530,10082901,1173879196.000,600,114.520,100,114.510,15200,114.500,200,114.490,1300,114.480,1100,114.530,8400,114.540,400,114.550,100,114.560,200,114.570,2020-08-06,13:35:00,00,";
var hq_str_sh603259="药明康德,117.000,117.000,114.740,118.380,114.360,114.660,114.740,10193681,1186565607.000,200,114.660,100,114.650,300,114.630,100,114.620,5100,114.600,100,114.740,200,114.760,100,114.780,100,114.950,300,114.970,2020-08-06,13:36:00,00,";
var hq_str_sh603259="药明康德,117.000,117.000,114.610,118.380,114.360,114.600,114.610,10229081,1190628336.000,6300,114.600,20100,114.590,1000,114.550,100,114.540,500,114.530,200,114.610,1500,114.670,100,114.710,100,114.730,3000,114.750,2020-08-06,13:36:57,00,";
var hq_str_sh603259="药明康德,117.000,117.000,114.660,118.380,114.360,114.620,114.650,10265081,1194755054.000,1500,114.620,12600,114.610,1900,114.600,17600,114.590,500,114.560,100,114.650,200,114.660,1300,114.750,300,114.800,100,114.900,2020-08-06,13:37:57,00,";
var hq_str_sh603259="药明康德,117.000,117.000,114.720,118.380,114.360,114.650,114.690,10329181,1202102265.000,100,114.650,200,114.640,600,114.630,11600,114.620,100,114.610,400,114.690,100,114.720,100,114.890,100,114.900,300,114.960,2020-08-06,13:38:57,00,";
var hq_str_sh603259="药明康德,117.000,117.000,114.540,118.380,114.000,114.180,114.500,10579581,1230691040.000,2600,114.180,500,114.170,200,114.120,100,114.100,300,114.090,100,114.500,200,114.510,2300,114.540,100,114.550,3400,114.660,2020-08-06,13:40:00,00,";
var hq_str_sh603259="药明康德,117.000,117.000,114.180,118.380,114.000,114.160,114.180,10731481,1248022160.000,100,114.160,100,114.140,1300,114.130,1000,114.120,5200,114.100,6700,114.180,800,114.190,100,114.230,500,114.240,100,114.270,2020-08-06,13:41:00,00,";
var hq_str_sh603259="药明康德,117.000,117.000,114.110,118.380,114.000,114.110,114.120,10793281,1255076065.000,4600,114.110,20400,114.100,500,114.090,1000,114.080,500,114.060,200,114.120,1100,114.130,100,114.150,100,114.170,500,114.240,2020-08-06,13:41:57,00,";
var hq_str_sh603259="药明康德,117.000,117.000,114.110,118.380,114.000,114.100,114.120,10839481,1260348332.000,12000,114.100,500,114.090,1700,114.080,500,114.060,300,114.050,400,114.120,2200,114.130,100,114.140,500,114.150,600,114.160,2020-08-06,13:43:00,00,";
var hq_str_sh603259="药明康德,117.000,117.000,114.010,118.380,114.000,114.010,114.090,10882481,1265254633.000,500,114.010,21800,114.000,1100,113.990,1500,113.980,300,113.970,300,114.090,1700,114.100,500,114.130,200,114.150,300,114.160,2020-08-06,13:43:57,00,";
var hq_str_sh603259="药明康德,117.000,117.000,114.110,118.380,114.000,114.110,114.270,10954281,1273447786.000,5500,114.110,1900,114.100,100,114.050,700,114.040,7800,114.030,100,114.270,200,114.280,100,114.290,100,114.300,100,114.360,2020-08-06,13:45:00,00,";
var hq_str_sh603259="药明康德,117.000,117.000,114.130,118.380,114.000,114.120,114.130,10998681,1278515195.000,1800,114.120,4000,114.110,3800,114.100,1000,114.090,900,114.080,1500,114.130,900,114.150,900,114.210,100,114.250,500,114.270,2020-08-06,13:46:00,00,";
var hq_str_sh603259="药明康德,117.000,117.000,114.150,118.380,114.000,114.150,114.170,11037581,1282954962.000,3600,114.150,1000,114.130,900,114.120,7700,114.110,6100,114.100,500,114.170,400,114.290,200,114.350,100,114.360,1400,114.370,2020-08-06,13:47:00,00,";
var hq_str_sh603259="药明康德,117.000,117.000,114.300,118.380,114.000,114.300,114.310,11058381,1285329956.000,4000,114.300,100,114.260,300,114.230,2700,114.210,8700,114.200,300,114.310,100,114.330,100,114.350,100,114.360,1400,114.370,2020-08-06,13:47:57,00,";
var hq_str_sh603259="药明康德,117.000,117.000,114.320,118.380,114.000,114.310,114.340,11094481,1289456254.000,3600,114.310,12500,114.300,1400,114.290,600,114.280,300,114.250,1400,114.340,100,114.360,100,114.370,6700,114.380,100,114.400,2020-08-06,13:49:00,00,";
var hq_str_sh603259="药明康德,117.000,117.000,114.640,118.380,114.000,114.610,114.640,11129781,1293497547.000,600,114.610,400,114.600,100,114.580,1000,114.560,1900,114.550,3100,114.640,400,114.740,100,114.750,300,114.770,400,114.780,2020-08-06,13:49:57,00,";
var hq_str_sh603259="药明康德,117.000,117.000,114.650,118.380,114.000,114.650,114.670,11151541,1295992623.000,2140,114.650,100,114.640,500,114.630,2800,114.620,600,114.610,200,114.670,100,114.680,300,114.690,400,114.710,100,114.720,2020-08-06,13:51:00,00,";
var hq_str_sh603259="药明康德,117.000,117.000,114.310,118.380,114.000,114.310,114.330,11195181,1300992188.000,3500,114.310,5900,114.300,1200,114.290,200,114.280,300,114.250,1200,114.330,200,114.380,1400,114.400,1500,114.410,600,114.450,2020-08-06,13:52:00,00,";
var hq_str_sh603259="药明康德,117.000,117.000,114.290,118.380,114.000,114.290,114.300,11230081,1304980711.000,1900,114.290,200,114.260,1500,114.250,1100,114.240,1300,114.230,800,114.300,200,114.310,100,114.380,1400,114.400,100,114.420,2020-08-06,13:52:57,00,";
var hq_str_sh603259="药明康德,117.000,117.000,114.310,118.380,114.000,114.300,114.610,11264781,1308947686.000,4000,114.300,100,114.290,1400,114.280,200,114.270,300,114.260,100,114.610,2800,114.650,400,114.660,100,114.670,100,114.680,2020-08-06,13:53:57,00,";
var hq_str_sh603259="药明康德,117.000,117.000,114.360,118.380,114.000,114.310,114.410,11299081,1312869710.000,1100,114.310,4060,114.300,900,114.290,4440,114.280,8400,114.270,200,114.410,100,114.530,6200,114.600,100,114.610,200,114.640,2020-08-06,13:55:00,00,";
var hq_str_sh603259="药明康德,117.000,117.000,114.310,118.380,114.000,114.300,114.310,11320141,1315276966.000,5800,114.300,600,114.290,2100,114.280,9200,114.270,200,114.260,500,114.310,1500,114.320,100,114.330,1200,114.340,100,114.410,2020-08-06,13:55:57,00,";
var hq_str_sh603259="药明康德,117.000,117.000,114.360,118.380,114.000,114.360,114.380,11341241,1317689314.000,3100,114.360,200,114.350,3000,114.340,4500,114.330,400,114.320,100,114.380,100,114.410,300,114.530,6200,114.600,100,114.610,2020-08-06,13:57:00,00,";
var hq_str_sh603259="药明康德,117.000,117.000,114.360,118.380,114.000,114.360,114.370,11361641,1320022385.000,1200,114.360,4600,114.350,1600,114.340,1900,114.330,400,114.320,37300,114.370,400,114.380,100,114.400,200,114.410,300,114.530,2020-08-06,13:57:57,00,";
var hq_str_sh603259="药明康德,117.000,117.000,114.330,118.380,114.000,114.320,114.330,11385241,1322721110.000,100,114.320,2000,114.310,3300,114.300,300,114.290,2300,114.280,1829,114.330,300,114.360,35600,114.370,200,114.380,1000,114.390,2020-08-06,13:59:00,00,";
var hq_str_sh603259="药明康德,117.000,117.000,114.330,118.380,114.000,114.300,114.320,11434070,1328303346.000,400,114.300,100,114.290,1371,114.280,9200,114.270,300,114.260,100,114.320,700,114.340,1700,114.350,100,114.360,27800,114.370,2020-08-06,14:00:00,00,";
var hq_str_sh603259="药明康德,117.000,117.000,114.300,118.380,114.000,114.260,114.300,11473041,1332757153.000,600,114.260,2000,114.250,1200,114.240,1800,114.230,700,114.220,3429,114.300,100,114.310,200,114.320,700,114.330,200,114.340,2020-08-06,14:01:00,00,";
var hq_str_sh603259="药明康德,117.000,117.000,114.530,118.380,114.000,114.510,114.580,11532370,1339541105.000,600,114.510,100,114.410,3200,114.400,600,114.390,400,114.370,400,114.580,500,114.660,200,114.710,100,114.750,100,114.800,2020-08-06,14:01:57,00,";
var hq_str_sh603259="药明康德,117.000,117.000,114.590,118.380,114.000,114.560,114.590,11581670,1345188689.000,300,114.560,700,114.510,600,114.500,100,114.470,200,114.420,680,114.590,200,114.620,300,114.630,1600,114.660,200,114.700,2020-08-06,14:02:57,00,";
var hq_str_sh603259="药明康德,117.000,117.000,114.310,118.380,114.000,114.310,114.340,11644770,1352406778.000,1400,114.310,6300,114.300,500,114.290,700,114.280,5500,114.270,500,114.340,5200,114.350,500,114.360,7400,114.370,1300,114.390,2020-08-06,14:04:00,00,";
var hq_str_sh603259="药明康德,117.000,117.000,114.350,118.380,114.000,114.340,114.350,11718592,1360845163.000,800,114.340,978,114.330,100,114.320,6200,114.310,7600,114.300,1478,114.350,100,114.360,5200,114.370,1300,114.390,900,114.400,2020-08-06,14:04:57,00,";
var hq_str_sh603259="药明康德,117.000,117.000,114.360,118.380,114.000,114.360,114.400,11796470,1369750771.000,400,114.360,9222,114.350,900,114.340,200,114.330,1200,114.320,100,114.400,700,114.430,1200,114.460,1200,114.470,500,114.490,2020-08-06,14:06:00,00,";
var hq_str_sh603259="药明康德,117.000,117.000,114.320,118.380,114.000,114.320,114.340,11850892,1375973715.000,1478,114.320,200,114.310,500,114.300,500,114.290,2400,114.280,1000,114.340,10078,114.350,2300,114.360,800,114.370,100,114.380,2020-08-06,14:06:57,00,";
var hq_str_sh603259="药明康德,117.000,117.000,114.280,118.380,114.000,114.290,114.300,11897370,1381285895.000,100,114.290,100,114.280,2200,114.270,1100,114.260,11700,114.250,5180,114.300,3800,114.310,380,114.330,18300,114.340,8300,114.350,2020-08-06,14:07:57,00,";
var hq_str_sh603259="药明康德,117.000,117.000,114.230,118.380,114.000,114.230,114.260,11939970,1386153403.000,1900,114.230,1100,114.220,200,114.210,16700,114.200,100,114.190,300,114.260,600,114.270,600,114.290,3580,114.300,2800,114.310,2020-08-06,14:09:00,00,";
var hq_str_sh603259="药明康德,117.000,117.000,114.180,118.380,114.000,114.180,114.190,11984070,1391189614.000,800,114.180,4500,114.170,1400,114.160,32100,114.150,4500,114.140,40,114.190,1200,114.220,3100,114.230,1300,114.240,2300,114.250,2020-08-06,14:09:57,00,";
var hq_str_sh603259="药明康德,117.000,117.000,114.070,118.380,114.000,114.060,114.070,12085470,1402763340.000,2700,114.060,1200,114.050,3000,114.040,3500,114.030,1600,114.020,1700,114.070,1700,114.080,1000,114.090,7900,114.100,400,114.110,2020-08-06,14:10:57,00,";
var hq_str_sh603259="药明康德,117.000,117.000,113.700,118.380,113.700,113.700,113.750,12258570,1422486469.000,600,113.700,500,113.690,2000,113.680,100,113.670,2600,113.660,1100,113.750,1100,113.770,200,113.780,1100,113.800,9900,113.820,2020-08-06,14:11:57,00,";
var hq_str_sh603259="药明康德,117.000,117.000,114.030,118.380,113.680,114.010,114.030,12332650,1430922628.000,400,114.010,13800,114.000,6920,113.990,200,113.960,2100,113.950,45200,114.030,4900,114.080,8000,114.100,400,114.110,4200,114.120,2020-08-06,14:13:00,00,";
var hq_str_sh603259="药明康德,117.000,117.000,113.900,118.380,113.680,113.900,113.910,12398470,1438423907.000,4600,113.900,1100,113.880,200,113.870,200,113.860,38400,113.850,900,113.910,100,113.920,4000,113.930,4560,113.990,38400,114.000,2020-08-06,14:14:00,00,";
var hq_str_sh603259="药明康德,117.000,117.000,113.750,118.380,113.680,113.730,113.790,12493670,1449263274.000,1900,113.730,400,113.720,1400,113.710,6200,113.700,100,113.690,1000,113.790,1000,113.800,200,113.830,300,113.860,300,113.870,2020-08-06,14:15:00,00,";
var hq_str_sh603259="药明康德,117.000,117.000,113.820,118.380,113.680,113.850,113.860,12545870,1455203047.000,200,113.850,4200,113.820,3600,113.810,2200,113.800,1600,113.790,300,113.860,300,113.870,2800,113.900,4200,113.910,3100,113.920,2020-08-06,14:15:57,00,";
var hq_str_sh603259="药明康德,117.000,117.000,113.820,118.380,113.680,113.820,113.830,12602570,1461658714.000,400,113.820,3600,113.810,3500,113.800,900,113.790,900,113.780,2400,113.830,4000,113.910,3100,113.920,200,113.980,6260,113.990,2020-08-06,14:16:57,00,";
var hq_str_sh603259="药明康德,117.000,117.000,113.620,118.380,113.580,113.610,113.630,12681870,1470677368.000,100,113.610,100,113.600,300,113.580,200,113.570,300,113.560,100,113.630,300,113.650,200,113.660,100,113.670,5100,113.680,2020-08-06,14:17:57,00,";
var hq_str_sh603259="药明康德,117.000,117.000,113.400,118.380,113.400,113.390,113.410,12742070,1477509787.000,1000,113.390,100,113.380,100,113.370,800,113.360,1000,113.350,300,113.410,1100,113.440,1700,113.450,1600,113.460,100,113.480,2020-08-06,14:18:57,00,";
var hq_str_sh603259="药明康德,117.000,117.000,113.630,118.380,113.310,113.630,113.670,12836570,1488228303.000,600,113.630,100,113.610,3060,113.600,200,113.590,600,113.580,1100,113.670,400,113.710,200,113.720,900,113.730,1000,113.740,2020-08-06,14:19:57,00,";
var hq_str_sh603259="药明康德,117.000,117.000,114.030,118.380,113.310,114.020,114.030,12963070,1502643248.000,100,114.020,8300,114.000,2900,113.990,1100,113.980,400,113.970,5100,114.030,5000,114.050,100,114.070,100,114.080,6800,114.100,2020-08-06,14:21:00,00,";
var hq_str_sh603259="药明康德,117.000,117.000,114.130,118.380,113.310,114.120,114.130,13031770,1510481018.000,1000,114.120,600,114.110,800,114.100,4600,114.090,100,114.080,3300,114.130,240,114.190,1900,114.230,1800,114.240,1000,114.250,2020-08-06,14:22:00,00,";
var hq_str_sh603259="药明康德,117.000,117.000,114.150,118.380,113.310,114.140,114.150,13085770,1516645383.000,500,114.140,1100,114.130,9500,114.100,4300,114.090,200,114.080,400,114.150,300,114.230,1640,114.240,1200,114.250,1500,114.260,2020-08-06,14:22:57,00,";
var hq_str_sh603259="药明康德,117.000,117.000,113.850,118.380,113.310,113.870,113.880,13175970,1526929613.000,100,113.870,100,113.850,3800,113.830,100,113.820,1000,113.810,900,113.880,200,113.980,9600,113.990,12200,114.000,400,114.020,2020-08-06,14:23:57,00,";
var hq_str_sh603259="药明康德,117.000,117.000,113.850,118.380,113.310,113.840,113.850,13214310,1531294511.000,100,113.840,1400,113.830,200,113.810,1600,113.800,8700,113.790,200,113.850,2600,113.860,300,113.870,6300,113.970,800,113.990,2020-08-06,14:24:57,00,";
var hq_str_sh603259="药明康德,117.000,117.000,113.970,118.380,113.310,113.910,113.970,13268910,1537513285.000,500,113.910,200,113.900,800,113.890,1600,113.880,600,113.870,2000,113.970,18300,114.000,400,114.020,600,114.030,600,114.090,2020-08-06,14:25:57,00,";
var hq_str_sh603259="药明康德,117.000,117.000,114.200,118.380,113.310,114.190,114.200,13354310,1547245085.000,300,114.190,300,114.120,100,114.110,100,114.100,900,114.090,200,114.200,200,114.230,1600,114.240,1000,114.250,1000,114.260,2020-08-06,14:27:00,00,";
var hq_str_sh603259="药明康德,117.000,117.000,114.290,118.380,113.310,114.290,114.300,13396810,1552098870.000,100,114.290,800,114.270,5000,114.250,100,114.210,300,114.200,1200,114.300,100,114.310,100,114.350,200,114.400,300,114.410,2020-08-06,14:27:57,00,";
var hq_str_sh603259="药明康德,117.000,117.000,114.250,118.380,113.310,114.240,114.250,13436710,1556658993.000,100,114.240,300,114.230,1200,114.220,1300,114.210,15900,114.200,4200,114.250,100,114.260,100,114.300,400,114.310,1700,114.320,2020-08-06,14:28:57,00,";
var hq_str_sh603259="药明康德,117.000,117.000,114.220,118.380,113.310,114.220,114.230,13480410,1561651499.000,700,114.220,1700,114.210,16700,114.200,200,114.190,2600,114.180,1000,114.230,700,114.240,800,114.250,100,114.260,500,114.270,2020-08-06,14:30:00,00,";
var hq_str_sh603259="药明康德,117.000,117.000,114.090,118.380,113.310,114.110,114.160,13559310,1570657758.000,200,114.110,4600,114.090,100,114.010,13100,114.000,400,113.990,200,114.160,400,114.180,100,114.190,7800,114.200,5400,114.210,2020-08-06,14:31:00,00,";
var hq_str_sh603259="药明康德,117.000,117.000,114.290,118.380,113.310,114.290,114.500,13599570,1575255353.000,100,114.290,500,114.260,2600,114.250,100,114.230,600,114.200,140,114.500,100,114.590,200,114.650,500,114.670,300,114.680,2020-08-06,14:31:57,00,";
var hq_str_sh603259="药明康德,117.000,117.000,114.430,118.380,113.310,114.340,114.430,13650670,1581104191.000,200,114.340,200,114.320,100,114.310,600,114.300,100,114.260,100,114.430,100,114.470,5000,114.490,400,114.500,1600,114.510,2020-08-06,14:32:57,00,";
var hq_str_sh603259="药明康德,117.000,117.000,114.410,118.380,113.310,114.430,114.510,13689890,1585592204.000,200,114.430,1400,114.410,1200,114.400,2200,114.390,300,114.380,1200,114.510,200,114.520,100,114.550,200,114.580,200,114.590,2020-08-06,14:33:57,00,";
var hq_str_sh603259="药明康德,117.000,117.000,114.660,118.380,113.310,114.660,114.700,13728790,1590047954.000,900,114.660,100,114.610,300,114.600,6400,114.590,100,114.570,300,114.700,500,114.710,1460,114.780,1600,114.790,100,114.800,2020-08-06,14:34:57,00,";
var hq_str_sh603259="药明康德,117.000,117.000,115.110,118.380,113.310,115.090,115.110,13874590,1606874896.000,100,115.090,300,115.080,100,115.030,100,115.020,200,115.010,1100,115.110,100,115.150,700,115.160,100,115.300,100,115.390,2020-08-06,14:36:00,00,";
var hq_str_sh603259="药明康德,117.000,117.000,114.810,118.380,113.310,114.680,114.810,13927990,1613014409.000,100,114.680,200,114.660,200,114.620,1500,114.610,800,114.600,2400,114.810,200,114.820,200,114.840,700,114.860,5800,114.900,2020-08-06,14:36:57,00,";
var hq_str_sh603259="药明康德,117.000,117.000,114.760,118.380,113.310,114.750,114.760,13969690,1617800703.000,100,114.750,500,114.730,700,114.720,300,114.710,2100,114.700,100,114.760,1100,114.830,1100,114.840,200,114.890,5000,114.900,2020-08-06,14:38:00,00,";
var hq_str_sh603259="药明康德,117.000,117.000,114.250,118.380,113.310,114.180,114.250,14018710,1623414746.000,100,114.180,200,114.160,1700,114.140,100,114.120,300,114.110,6000,114.250,300,114.260,9600,114.270,2676,114.300,1500,114.320,2020-08-06,14:39:00,00,";
var hq_str_sh603259="药明康德,117.000,117.000,114.210,118.380,113.310,114.210,114.270,14068528,1629104115.000,282,114.210,600,114.200,100,114.190,696,114.180,100,114.150,400,114.270,200,114.320,500,114.340,500,114.400,100,114.410,2020-08-06,14:40:00,00,";
var hq_str_sh603259="药明康德,117.000,117.000,114.070,118.380,113.310,114.140,114.170,14107106,1633510226.000,100,114.140,600,114.070,1100,114.050,6200,114.010,32900,114.000,100,114.170,22,114.180,100,114.190,100,114.210,400,114.220,2020-08-06,14:40:57,00,";
var hq_str_sh603259="药明康德,117.000,117.000,114.200,118.380,113.310,114.200,114.220,14179786,1641797133.000,900,114.200,4500,114.190,300,114.180,1000,114.160,1600,114.140,100,114.220,900,114.240,300,114.300,100,114.340,500,114.400,2020-08-06,14:42:00,00,";
var hq_str_sh603259="药明康德,117.000,117.000,114.220,118.380,113.310,114.220,114.240,14218486,1646218492.000,4200,114.220,800,114.210,600,114.200,800,114.190,3000,114.180,5400,114.240,200,114.620,100,114.720,318,114.730,200,114.750,2020-08-06,14:43:00,00,";
var hq_str_sh603259="药明康德,117.000,117.000,114.270,118.380,113.310,114.270,114.350,14253586,1650229092.000,3700,114.270,1400,114.260,200,114.250,900,114.230,9300,114.220,5240,114.350,200,114.370,100,114.380,800,114.610,800,114.620,2020-08-06,14:43:57,00,";
var hq_str_sh603259="药明康德,117.000,117.000,114.360,118.380,113.310,114.360,114.480,14290526,1654451997.000,500,114.360,7500,114.340,400,114.320,1400,114.310,4400,114.300,500,114.480,100,114.490,2700,114.500,200,114.510,100,114.590,2020-08-06,14:45:00,00,";
var hq_str_sh603259="药明康德,117.000,117.000,114.360,118.380,113.310,114.360,114.380,14328026,1658740858.000,400,114.360,3800,114.350,300,114.340,700,114.320,1700,114.310,200,114.380,100,114.480,700,114.490,400,114.500,100,114.510,2020-08-06,14:46:00,00,";
var hq_str_sh603259="药明康德,117.000,117.000,114.400,118.380,113.310,114.390,114.550,14355226,1661852735.000,1300,114.390,200,114.380,1100,114.370,500,114.360,4400,114.350,600,114.550,1000,114.560,200,114.580,300,114.600,100,114.610,2020-08-06,14:46:57,00,";
var hq_str_sh603259="药明康德,117.000,117.000,114.500,118.380,113.310,114.420,114.500,14397426,1666683615.000,3500,114.420,600,114.410,2100,114.400,700,114.390,500,114.380,1100,114.500,400,114.560,500,114.590,800,114.600,200,114.620,2020-08-06,14:47:57,00,";
var hq_str_sh603259="药明康德,117.000,117.000,114.340,118.380,113.310,114.260,114.310,14452531,1672984408.000,10900,114.260,500,114.250,200,114.240,500,114.230,6500,114.220,400,114.310,742,114.340,460,114.360,1400,114.390,39200,114.400,2020-08-06,14:48:58,00,";
var hq_str_sh603259="药明康德,117.000,117.000,114.210,118.380,113.310,114.200,114.210,14525631,1681333961.000,200,114.200,200,114.080,200,114.070,200,114.050,1500,114.020,860,114.210,200,114.220,100,114.250,1060,114.270,3000,114.290,2020-08-06,14:50:00,00,";
var hq_str_sh603259="药明康德,117.000,117.000,114.090,118.380,113.310,114.090,114.100,14552631,1684416199.000,1500,114.090,100,114.080,200,114.070,700,114.050,500,114.030,36059,114.100,1100,114.110,1100,114.180,400,114.190,300,114.200,2020-08-06,14:51:00,00,";
var hq_str_sh603259="药明康德,117.000,117.000,114.390,118.380,113.310,114.390,114.400,14625390,1692724378.000,500,114.390,1600,114.370,600,114.360,100,114.320,1500,114.310,29000,114.400,500,114.420,1000,114.490,1000,114.520,200,114.560,2020-08-06,14:52:00,00,";
var hq_str_sh603259="药明康德,117.000,117.000,114.430,118.380,113.310,114.430,114.490,14685070,1699551714.000,300,114.430,5700,114.420,2400,114.410,3220,114.400,3000,114.390,1000,114.490,1100,114.520,400,114.560,400,114.570,1100,114.580,2020-08-06,14:53:00,00,";
var hq_str_sh603259="药明康德,117.000,117.000,114.240,118.380,113.310,114.160,114.200,14755290,1707582156.000,300,114.160,1900,114.150,100,114.120,500,114.110,4641,114.100,500,114.200,440,114.280,900,114.320,500,114.380,25780,114.400,2020-08-06,14:53:58,00,";
var hq_str_sh603259="药明康德,117.000,117.000,114.370,118.380,113.310,114.270,114.370,14780715,1710486613.000,700,114.270,100,114.250,500,114.240,100,114.230,300,114.220,1200,114.370,2319,114.380,2400,114.390,25280,114.400,200,114.440,2020-08-06,14:54:58,00,";
var hq_str_sh603259="药明康德,117.000,117.000,114.300,118.380,113.310,114.260,114.270,14818415,1714795320.000,100,114.260,200,114.250,200,114.240,1000,114.230,500,114.220,100,114.270,7800,114.300,2740,114.310,500,114.320,500,114.350,2020-08-06,14:55:58,00,";
var hq_str_sh603259="药明康德,117.000,117.000,114.350,118.380,113.310,0.000,0.000,14855675,1719053644.000,0,0.000,0,0.000,0,0.000,0,0.000,0,0.000,0,0.000,0,0.000,0,0.000,0,0.000,0,0.000,2020-08-06,14:57:00,00,";
var hq_str_sh603259="药明康德,117.000,117.000,114.350,118.380,113.310,114.400,114.400,14855675,1719053644.000,33800,114.400,0,0.000,0,0.000,0,0.000,0,0.000,33800,114.400,16816,0.000,0,0.000,0,0.000,0,0.000,2020-08-06,14:58:00,00,";
var hq_str_sh603259="药明康德,117.000,117.000,114.350,118.380,113.310,114.400,114.400,14855675,1719053644.000,59500,114.400,0,0.000,0,0.000,0,0.000,0,0.000,59500,114.400,11816,0.000,0,0.000,0,0.000,0,0.000,2020-08-06,14:58:58,00,";
