var hq_str_sh603259="药明康德,91.650,91.620,91.650,91.680,91.640,91.650,91.680,65754,6026385.000,300,91.650,846,91.640,14300,91.620,3600,91.520,2100,91.510,3900,91.680,2000,91.690,700,91.700,900,91.750,1300,91.850,2020-01-03,09:30:01,00,";
var hq_str_sh603259="药明康德,91.650,91.620,91.810,92.030,91.640,91.810,91.900,154832,14197445.000,300,91.810,200,91.700,500,91.690,1100,91.680,9143,91.650,4600,91.900,200,92.000,100,92.030,2000,92.040,200,92.100,2020-01-03,09:30:58,00,";
var hq_str_sh603259="药明康德,91.650,91.620,91.880,92.030,91.640,91.780,91.920,204366,18746946.000,2000,91.780,600,91.760,500,91.750,100,91.740,1000,91.700,500,91.920,100,91.930,200,91.960,600,91.980,1500,91.990,2020-01-03,09:31:58,00,";
var hq_str_sh603259="药明康德,91.650,91.620,91.710,92.030,91.640,91.710,91.750,264441,24256831.000,1300,91.710,925,91.700,200,91.690,300,91.670,2500,91.660,15900,91.750,800,91.760,400,91.770,4300,91.780,700,91.790,2020-01-03,09:32:58,00,";
var hq_str_sh603259="药明康德,91.650,91.620,91.770,92.030,91.640,91.760,91.770,330425,30311097.000,400,91.760,2900,91.750,206,91.720,400,91.710,1300,91.700,100,91.770,200,91.780,420,91.790,5600,91.800,200,91.810,2020-01-03,09:33:58,00,";
var hq_str_sh603259="药明康德,91.650,91.620,91.670,92.030,91.640,91.650,91.670,400548,36743361.000,4726,91.650,1246,91.640,16400,91.620,1200,91.600,2300,91.530,878,91.670,4400,91.680,27800,91.690,1000,91.700,100,91.710,2020-01-03,09:34:58,00,";
var hq_str_sh603259="药明康德,91.650,91.620,91.250,92.030,91.220,91.250,91.390,474420,43498667.000,2500,91.250,100,91.230,900,91.220,1200,91.200,200,91.180,4300,91.390,18200,91.400,100,91.410,12100,91.420,400,91.450,2020-01-03,09:36:01,00,";
var hq_str_sh603259="药明康德,91.650,91.620,91.600,92.030,91.220,91.600,91.620,566920,51951508.000,100,91.600,100,91.520,1400,91.510,200,91.500,600,91.470,5100,91.620,200,91.670,200,91.700,200,91.730,100,91.740,2020-01-03,09:36:58,00,";
var hq_str_sh603259="药明康德,91.650,91.620,91.430,92.030,91.220,91.420,91.430,640820,58718054.000,700,91.420,16400,91.400,1600,91.380,2500,91.360,1400,91.350,2300,91.430,700,91.480,5900,91.500,3700,91.510,2300,91.520,2020-01-03,09:37:58,00,";
var hq_str_sh603259="药明康德,91.650,91.620,91.350,92.030,91.220,91.350,91.360,737320,67535728.000,4300,91.350,5000,91.300,600,91.290,200,91.280,6100,91.270,800,91.360,300,91.370,10800,91.390,4500,91.420,600,91.480,2020-01-03,09:38:58,00,";
var hq_str_sh603259="药明康德,91.650,91.620,91.330,92.030,91.220,91.320,91.330,809020,74084577.000,4900,91.320,4000,91.310,5300,91.300,8300,91.290,400,91.280,5800,91.330,11600,91.350,900,91.360,100,91.370,4200,91.390,2020-01-03,09:39:58,00,";
var hq_str_sh603259="药明康德,91.650,91.620,91.020,92.030,91.010,91.010,91.020,899620,82348057.000,1200,91.010,16100,91.000,100,90.990,900,90.900,400,90.850,4900,91.020,600,91.030,500,91.050,4400,91.060,1100,91.070,2020-01-03,09:40:58,00,";
var hq_str_sh603259="药明康德,91.650,91.620,91.100,92.030,91.000,91.090,91.100,1096720,100291721.000,7600,91.090,900,91.070,3100,91.060,44600,91.050,3200,91.040,9880,91.100,1200,91.110,100,91.120,1200,91.200,2200,91.220,2020-01-03,09:41:58,00,";
var hq_str_sh603259="药明康德,91.650,91.620,91.100,92.030,91.000,91.100,91.120,1204355,110097062.000,13965,91.100,1500,91.090,4100,91.070,17600,91.060,23000,91.050,11000,91.120,1200,91.190,1200,91.200,2200,91.220,1300,91.280,2020-01-03,09:42:58,00,";
var hq_str_sh603259="药明康德,91.650,91.620,90.900,92.030,90.870,90.900,90.910,1327720,121328562.000,1000,90.900,600,90.860,600,90.850,200,90.820,300,90.810,100,90.910,100,90.950,100,90.960,8300,90.990,9400,91.000,2020-01-03,09:43:58,00,";
var hq_str_sh603259="药明康德,91.650,91.620,90.810,92.030,90.760,90.800,90.810,1477920,134969344.000,5600,90.800,2500,90.780,100,90.770,700,90.760,2100,90.750,55938,90.810,6200,90.820,600,90.830,14100,90.860,800,90.880,2020-01-03,09:45:01,00,";
var hq_str_sh603259="药明康德,91.650,91.620,90.730,92.030,90.700,90.730,90.740,1612820,147211595.000,300,90.730,100,90.710,13700,90.700,300,90.690,6500,90.680,9300,90.740,700,90.750,14000,90.760,22200,90.770,27100,90.790,2020-01-03,09:45:58,00,";
var hq_str_sh603259="药明康德,91.650,91.620,90.660,92.030,90.640,90.640,90.650,1749693,159624629.000,1127,90.640,6900,90.630,4800,90.620,9600,90.610,8700,90.600,100,90.650,1200,90.660,36700,90.670,2000,90.680,1700,90.700,2020-01-03,09:46:58,00,";
var hq_str_sh603259="药明康德,91.650,91.620,90.720,92.030,90.610,90.720,90.730,1901983,173429420.000,700,90.720,2300,90.700,500,90.670,2400,90.660,20900,90.650,500,90.730,13900,90.760,14900,90.770,2200,90.800,30800,90.810,2020-01-03,09:47:58,00,";
var hq_str_sh603259="药明康德,91.650,91.620,90.690,92.030,90.610,90.690,90.700,1996382,181989891.000,15500,90.690,100,90.680,700,90.670,1288,90.660,12900,90.650,41900,90.700,30500,90.720,500,90.730,13900,90.760,2200,90.800,2020-01-03,09:48:58,00,";
var hq_str_sh603259="药明康德,91.650,91.620,90.650,92.030,90.610,90.640,90.650,2067370,188426071.000,26527,90.640,11600,90.630,6000,90.620,7200,90.610,19300,90.600,1130,90.650,8500,90.660,32900,90.670,6400,90.680,30600,90.690,2020-01-03,09:49:58,00,";
var hq_str_sh603259="药明康德,91.650,91.620,90.550,92.030,90.500,90.550,90.560,2246811,204684017.000,200,90.550,300,90.510,30086,90.500,2200,90.490,700,90.480,100,90.560,11800,90.570,6400,90.580,16032,90.590,7540,90.600,2020-01-03,09:50:58,00,";
var hq_str_sh603259="药明康德,91.650,91.620,90.440,92.030,90.430,90.430,90.440,2432597,221495690.000,1000,90.430,3900,90.420,7900,90.410,20200,90.400,5500,90.390,28900,90.440,3300,90.450,4040,90.460,5400,90.470,7400,90.500,2020-01-03,09:51:58,00,";
var hq_str_sh603259="药明康德,91.650,91.620,90.400,92.030,90.400,90.390,90.400,2629397,239290097.000,5800,90.390,3600,90.380,1700,90.370,7800,90.360,2300,90.350,12146,90.400,5700,90.410,25700,90.420,41600,90.430,15500,90.440,2020-01-03,09:53:01,00,";
var hq_str_sh603259="药明康德,91.650,91.620,90.400,92.030,90.370,90.390,90.400,2763797,251437597.000,6000,90.390,2100,90.380,4500,90.370,7400,90.360,4400,90.350,3100,90.400,1300,90.410,17900,90.420,900,90.430,1300,90.440,2020-01-03,09:53:58,00,";
var hq_str_sh603259="药明康德,91.650,91.620,90.330,92.030,90.300,90.300,90.310,2860197,260147104.000,3100,90.300,300,90.290,3800,90.280,500,90.270,7100,90.260,7100,90.310,12678,90.330,23200,90.360,100,90.370,25960,90.380,2020-01-03,09:54:58,00,";
var hq_str_sh603259="药明康德,91.650,91.620,90.070,92.030,90.070,90.070,90.080,2975179,270519738.000,18,90.070,300,90.060,1300,90.050,400,90.040,2400,90.030,3500,90.080,1400,90.090,6300,90.100,2500,90.130,2100,90.150,2020-01-03,09:55:58,00,";
var hq_str_sh603259="药明康德,91.650,91.620,90.020,92.030,90.010,90.030,90.040,3178097,288788968.000,200,90.030,600,90.020,10300,90.010,117900,90.000,1700,89.990,32492,90.040,5500,90.050,4100,90.060,19482,90.070,33000,90.090,2020-01-03,09:56:58,00,";
var hq_str_sh603259="药明康德,91.650,91.620,89.990,92.030,89.990,89.980,89.990,3538497,321230830.000,2100,89.980,500,89.970,2900,89.960,800,89.950,200,89.940,38000,89.990,3640,90.000,2100,90.010,1200,90.050,800,90.060,2020-01-03,09:58:01,00,";
var hq_str_sh603259="药明康德,91.650,91.620,89.990,92.030,89.950,89.980,89.990,3742617,339596805.000,1100,89.980,1300,89.960,5180,89.950,400,89.940,400,89.930,29800,89.990,7000,90.000,100,90.010,520,90.030,1000,90.050,2020-01-03,09:58:58,00,";
var hq_str_sh603259="药明康德,91.650,91.620,89.990,92.030,89.950,89.980,89.990,3895332,353339585.000,5185,89.980,2900,89.970,7300,89.960,31880,89.950,500,89.940,7300,89.990,4200,90.000,59200,90.010,520,90.030,800,90.060,2020-01-03,10:00:01,00,";
var hq_str_sh603259="药明康德,91.650,91.620,90.070,92.030,89.950,90.030,90.070,4013973,364018868.000,1900,90.030,10700,90.020,15500,90.010,31779,90.000,10800,89.990,14782,90.070,500,90.080,100,90.090,2000,90.100,700,90.130,2020-01-03,10:00:58,00,";
var hq_str_sh603259="药明康德,91.650,91.620,90.110,92.030,89.950,90.100,90.120,4112355,372883365.000,3200,90.100,500,90.090,2418,90.080,7500,90.070,1200,90.060,3900,90.120,1800,90.150,5800,90.160,11800,90.170,400,90.180,2020-01-03,10:01:58,00,";
var hq_str_sh603259="药明康德,91.650,91.620,90.010,92.030,89.950,90.010,90.020,4234073,383841718.000,6300,90.010,40379,90.000,10800,89.990,11885,89.980,3700,89.970,1100,90.020,7900,90.040,1400,90.050,8400,90.070,5100,90.080,2020-01-03,10:02:58,00,";
var hq_str_sh603259="药明康德,91.650,91.620,90.050,92.030,89.950,90.030,90.050,4339273,393312131.000,600,90.030,10400,90.020,18100,90.010,46279,90.000,12200,89.990,200,90.050,600,90.070,700,90.080,2300,90.120,700,90.160,2020-01-03,10:03:58,00,";
var hq_str_sh603259="药明康德,91.650,91.620,90.070,92.030,89.950,90.060,90.070,4451273,403399359.000,4100,90.060,1500,90.050,2600,90.040,900,90.030,1900,90.020,400,90.070,700,90.120,200,90.160,400,90.170,400,90.180,2020-01-03,10:04:58,00,";
var hq_str_sh603259="药明康德,91.650,91.620,90.120,92.030,89.950,90.100,90.120,4496792,407501643.000,200,90.100,4481,90.080,2600,90.070,3600,90.060,2200,90.050,1400,90.120,100,90.140,7800,90.150,4900,90.190,1000,90.200,2020-01-03,10:05:58,00,";
var hq_str_sh603259="药明康德,91.650,91.620,90.080,92.030,89.950,90.100,90.120,4555408,412782366.000,100,90.100,1700,90.090,900,90.080,5000,90.070,3300,90.060,1500,90.120,5500,90.150,100,90.180,1000,90.190,1000,90.200,2020-01-03,10:06:58,00,";
var hq_str_sh603259="药明康德,91.650,91.620,89.950,92.030,89.950,89.960,89.990,4794746,434322858.000,100,89.960,7106,89.950,800,89.940,800,89.930,1600,89.920,1000,89.990,600,90.000,200,90.080,400,90.090,5000,90.100,2020-01-03,10:07:58,00,";
var hq_str_sh603259="药明康德,91.650,91.620,89.960,92.030,89.900,89.960,89.980,4977932,450806909.000,406,89.960,2400,89.910,13000,89.900,16800,89.890,15200,89.880,4083,89.980,1900,89.990,400,90.000,100,90.050,600,90.080,2020-01-03,10:08:58,00,";
var hq_str_sh603259="药明康德,91.650,91.620,89.950,92.030,89.890,90.100,90.110,5198304,470639710.000,1000,90.100,100,90.010,1800,90.000,628,89.950,300,89.940,100,90.110,600,90.120,200,90.140,5500,90.150,400,90.180,2020-01-03,10:09:58,00,";
var hq_str_sh603259="药明康德,91.650,91.620,90.000,92.030,89.890,89.950,90.000,5243904,474743532.000,700,89.950,928,89.940,2900,89.930,2500,89.920,6800,89.910,2300,90.000,10020,90.010,200,90.030,500,90.050,20000,90.100,2020-01-03,10:10:58,00,";
var hq_str_sh603259="药明康德,91.650,91.620,89.960,92.030,89.890,89.950,89.960,5347404,484055382.000,3000,89.950,900,89.940,500,89.930,14400,89.920,12100,89.910,3900,89.960,800,90.000,200,90.030,500,90.050,21000,90.100,2020-01-03,10:11:58,00,";
var hq_str_sh603259="药明康德,91.650,91.620,89.900,92.030,89.890,89.920,89.990,5504204,498174215.000,500,89.920,67900,89.900,4606,89.890,16800,89.880,3800,89.870,12700,89.990,100,90.000,14000,90.010,3000,90.050,600,90.110,2020-01-03,10:13:01,00,";
var hq_str_sh603259="药明康德,91.650,91.620,89.920,92.030,89.890,89.910,89.920,5554004,502652178.000,22700,89.910,69400,89.900,3806,89.890,18300,89.880,3700,89.870,1000,89.920,10700,89.930,700,89.970,13000,89.990,1300,90.000,2020-01-03,10:13:58,00,";
var hq_str_sh603259="药明康德,91.650,91.620,89.950,92.030,89.890,89.940,89.950,5711904,516848871.000,1700,89.940,2700,89.930,6300,89.910,92800,89.900,4206,89.890,3500,89.950,700,89.970,300,89.990,1100,90.000,1100,90.010,2020-01-03,10:14:58,00,";
var hq_str_sh603259="药明康德,91.650,91.620,89.940,92.030,89.890,89.920,89.930,5850875,529345703.000,1100,89.920,400,89.910,76329,89.900,4306,89.890,23700,89.880,200,89.930,400,89.950,1000,89.990,1300,90.000,1100,90.010,2020-01-03,10:15:58,00,";
var hq_str_sh603259="药明康德,91.650,91.620,89.940,92.030,89.890,89.920,89.940,5953638,538587223.000,100,89.920,19396,89.910,79629,89.900,4806,89.890,24900,89.880,3378,89.940,600,89.950,900,90.000,1100,90.010,3000,90.050,2020-01-03,10:16:58,00,";
var hq_str_sh603259="药明康德,91.650,91.620,89.940,92.030,89.890,89.920,89.940,6079138,549870876.000,100,89.920,2000,89.910,52125,89.900,6206,89.890,25700,89.880,7500,89.940,600,89.950,200,90.000,1100,90.010,3000,90.050,2020-01-03,10:17:58,00,";
var hq_str_sh603259="药明康德,91.650,91.620,90.030,92.030,89.890,90.020,90.030,6164438,557545156.000,300,90.020,5300,90.010,55000,90.000,2200,89.930,1000,89.920,800,90.030,3800,90.040,1000,90.050,200,90.090,5400,90.100,2020-01-03,10:18:58,00,";
var hq_str_sh603259="药明康德,91.650,91.620,89.980,92.030,89.890,89.980,90.000,6280138,567959059.000,17000,89.980,700,89.970,1600,89.950,2200,89.930,1400,89.920,11400,90.000,8800,90.010,8400,90.020,400,90.030,5400,90.040,2020-01-03,10:19:58,00,";
var hq_str_sh603259="药明康德,91.650,91.620,89.960,92.030,89.890,89.980,89.990,6396338,578414500.000,400,89.980,17800,89.960,7800,89.950,200,89.940,8100,89.930,3600,89.990,61000,90.000,7500,90.010,400,90.030,5400,90.040,2020-01-03,10:20:58,00,";
var hq_str_sh603259="药明康德,91.650,91.620,90.010,92.030,89.890,90.010,90.020,6559285,593079898.000,1400,90.010,2400,90.000,13500,89.990,18953,89.980,5100,89.970,9400,90.020,3200,90.040,900,90.050,200,90.090,5500,90.100,2020-01-03,10:21:58,00,";
var hq_str_sh603259="药明康德,91.650,91.620,90.020,92.030,89.890,90.010,90.020,6606385,597319121.000,400,90.010,600,90.000,14800,89.990,21253,89.980,6000,89.970,7600,90.020,2300,90.040,900,90.050,200,90.090,5500,90.100,2020-01-03,10:22:58,00,";
var hq_str_sh603259="药明康德,91.650,91.620,90.090,92.030,89.890,90.090,90.100,6709085,606562493.000,100,90.090,70700,90.050,2600,90.010,10600,90.000,28700,89.990,5400,90.100,200,90.140,5500,90.150,1000,90.190,1200,90.200,2020-01-03,10:23:58,00,";
var hq_str_sh603259="药明康德,91.650,91.620,90.050,92.030,89.890,90.050,90.060,6765485,611641880.000,47900,90.050,500,90.040,2900,90.010,15000,90.000,29000,89.990,100,90.060,7000,90.090,1200,90.100,200,90.140,5500,90.150,2020-01-03,10:24:58,00,";
var hq_str_sh603259="药明康德,91.650,91.620,90.090,92.030,89.890,90.090,90.100,6825185,617019266.000,3200,90.090,400,90.080,1500,90.060,35100,90.050,1100,90.040,500,90.100,300,90.140,5500,90.150,1000,90.190,1500,90.200,2020-01-03,10:25:58,00,";
var hq_str_sh603259="药明康德,91.650,91.620,90.150,92.030,89.890,90.120,90.150,6866985,620785844.000,2300,90.120,100,90.110,4700,90.090,400,90.080,7300,90.060,2200,90.150,1000,90.190,1500,90.200,200,90.220,300,90.230,2020-01-03,10:26:58,00,";
var hq_str_sh603259="药明康德,91.650,91.620,90.200,92.030,89.890,90.220,90.280,6903085,624040908.000,100,90.220,1600,90.200,100,90.180,5700,90.130,1300,90.120,700,90.280,500,90.290,11177,90.300,100,90.360,1300,90.370,2020-01-03,10:27:58,00,";
var hq_str_sh603259="药明康德,91.650,91.620,90.200,92.030,89.890,90.210,90.240,6932785,626720560.000,400,90.210,1200,90.200,500,90.180,2000,90.160,1700,90.140,200,90.240,1000,90.260,400,90.270,2600,90.280,9677,90.300,2020-01-03,10:28:58,00,";
var hq_str_sh603259="药明康德,91.650,91.620,90.160,92.030,89.890,90.150,90.160,6960185,629192001.000,4500,90.150,1400,90.140,1800,90.130,1400,90.120,8900,90.110,7800,90.160,2501,90.220,2900,90.240,2200,90.250,500,90.260,2020-01-03,10:30:01,00,";
var hq_str_sh603259="药明康德,91.650,91.620,90.100,92.030,89.890,90.100,90.110,6988485,631742662.000,11600,90.100,5200,90.090,1600,90.080,7200,90.060,1800,90.050,727,90.110,700,90.120,9000,90.130,500,90.140,900,90.150,2020-01-03,10:30:58,00,";
var hq_str_sh603259="药明康德,91.650,91.620,90.100,92.030,89.890,90.100,90.110,7045685,636896068.000,2800,90.100,3600,90.080,100,90.070,7600,90.060,1800,90.050,5727,90.110,1200,90.120,2400,90.130,500,90.140,400,90.150,2020-01-03,10:31:58,00,";
var hq_str_sh603259="药明康德,91.650,91.620,90.060,92.030,89.890,90.060,90.070,7083585,640310711.000,7100,90.060,1800,90.050,1800,90.030,2200,90.020,6300,90.010,2300,90.070,2100,90.080,3348,90.100,500,90.120,2400,90.130,2020-01-03,10:32:58,00,";
var hq_str_sh603259="药明康德,91.650,91.620,90.060,92.030,89.890,90.060,90.070,7104485,642193176.000,1700,90.060,3300,90.050,600,90.040,2300,90.030,800,90.020,2500,90.070,400,90.100,500,90.120,2400,90.130,500,90.140,2020-01-03,10:33:58,00,";
var hq_str_sh603259="药明康德,91.650,91.620,90.090,92.030,89.890,90.100,90.120,7121004,643681317.000,100,90.100,581,90.090,300,90.080,500,90.070,300,90.060,400,90.120,1600,90.130,500,90.140,400,90.150,2300,90.160,2020-01-03,10:34:58,00,";
var hq_str_sh603259="药明康德,91.650,91.620,90.080,92.030,89.890,90.080,90.090,7135258,644965353.000,20900,90.080,700,90.070,8627,90.060,3100,90.050,6400,90.030,800,90.090,600,90.100,1100,90.120,1600,90.130,500,90.140,2020-01-03,10:35:58,00,";
var hq_str_sh603259="药明康德,91.650,91.620,90.110,92.030,89.890,90.110,90.120,7147793,646094677.000,1200,90.110,8100,90.100,3200,90.090,17565,90.080,700,90.070,1100,90.120,1600,90.130,500,90.140,400,90.150,2300,90.160,2020-01-03,10:36:58,00,";
var hq_str_sh603259="药明康德,91.650,91.620,90.090,92.030,89.890,90.090,90.120,7180993,649086130.000,500,90.090,13765,90.080,700,90.070,9427,90.060,3300,90.050,200,90.120,600,90.140,500,90.150,2300,90.160,8200,90.180,2020-01-03,10:37:58,00,";
var hq_str_sh603259="药明康德,91.650,91.620,90.090,92.030,89.890,90.090,90.110,7210793,651770916.000,2000,90.090,500,90.080,9065,90.070,9427,90.060,3300,90.050,300,90.110,100,90.130,300,90.140,1500,90.150,2300,90.160,2020-01-03,10:38:58,00,";
var hq_str_sh603259="药明康德,91.650,91.620,90.090,92.030,89.890,90.080,90.090,7217093,652338475.000,1700,90.080,9165,90.070,9427,90.060,3300,90.050,700,90.040,200,90.090,200,90.100,760,90.110,300,90.140,1500,90.150,2020-01-03,10:39:58,00,";
var hq_str_sh603259="药明康德,91.650,91.620,90.080,92.030,89.890,90.070,90.080,7240593,654455164.000,100,90.070,2827,90.060,3700,90.050,900,90.040,4100,90.030,2060,90.080,2800,90.090,7600,90.100,1000,90.110,300,90.140,2020-01-03,10:40:58,00,";
var hq_str_sh603259="药明康德,91.650,91.620,90.050,92.030,89.890,90.050,90.060,7260706,656266600.000,1015,90.050,1200,90.040,4100,90.030,1600,90.020,7100,90.010,5100,90.060,2050,90.070,3160,90.080,2500,90.090,3900,90.100,2020-01-03,10:42:01,00,";
var hq_str_sh603259="药明康德,91.650,91.620,90.040,92.030,89.890,90.030,90.050,7286021,658546791.000,14200,90.030,2400,90.020,7400,90.010,30000,90.000,27200,89.990,500,90.050,4800,90.070,1200,90.090,200,90.100,1000,90.110,2020-01-03,10:42:58,00,";
var hq_str_sh603259="药明康德,91.650,91.620,90.090,92.030,89.890,90.050,90.070,7313048,660980260.000,173,90.050,100,90.040,2900,90.030,7400,90.020,7200,90.010,200,90.070,1500,90.090,400,90.100,1000,90.110,100,90.140,2020-01-03,10:43:58,00,";
var hq_str_sh603259="药明康德,91.650,91.620,90.060,92.030,89.890,90.050,90.070,7325748,662123779.000,13000,90.050,600,90.040,1273,90.030,7400,90.020,12900,90.010,300,90.070,1400,90.090,2300,90.100,9100,90.110,100,90.140,2020-01-03,10:44:58,00,";
var hq_str_sh603259="药明康德,91.650,91.620,90.110,92.030,89.890,90.110,90.150,7361083,665306742.000,1800,90.110,4065,90.050,1600,90.040,1073,90.030,6600,90.020,1400,90.150,800,90.160,2200,90.180,1000,90.190,400,90.200,2020-01-03,10:45:58,00,";
var hq_str_sh603259="药明康德,91.650,91.620,90.070,92.030,89.890,90.070,90.090,7367338,665870445.000,445,90.070,3300,90.060,4065,90.050,1400,90.040,1073,90.030,300,90.090,1000,90.100,3900,90.110,1000,90.120,2700,90.140,2020-01-03,10:46:58,00,";
var hq_str_sh603259="药明康德,91.650,91.620,90.110,92.030,89.890,90.110,90.120,7382138,667203761.000,2500,90.110,1000,90.080,1400,90.070,3145,90.060,4865,90.050,600,90.120,2300,90.140,1700,90.150,800,90.160,2200,90.180,2020-01-03,10:47:58,00,";
var hq_str_sh603259="药明康德,91.650,91.620,90.150,92.030,89.890,90.150,90.160,7407338,669474676.000,600,90.150,1100,90.120,800,90.080,900,90.070,7145,90.060,3600,90.160,2000,90.180,1000,90.190,400,90.200,200,90.250,2020-01-03,10:48:58,00,";
var hq_str_sh603259="药明康德,91.650,91.620,90.080,92.030,89.890,90.080,90.120,7425065,671072817.000,3873,90.080,1500,90.070,8245,90.060,4365,90.050,1400,90.040,800,90.120,200,90.130,200,90.160,3700,90.180,400,90.190,2020-01-03,10:50:01,00,";
var hq_str_sh603259="药明康德,91.650,91.620,90.150,92.030,89.890,90.150,90.160,7449812,673302712.000,700,90.150,4800,90.100,953,90.090,5973,90.080,1500,90.070,100,90.160,3500,90.180,300,90.190,2000,90.200,200,90.250,2020-01-03,10:50:58,00,";
var hq_str_sh603259="药明康德,91.650,91.620,90.060,92.030,89.890,90.060,90.080,7484238,676404512.000,6245,90.060,4365,90.050,1400,90.040,3373,90.030,6700,90.020,3127,90.080,5200,90.100,3000,90.120,300,90.150,100,90.160,2020-01-03,10:52:01,00,";
var hq_str_sh603259="药明康德,91.650,91.620,90.100,92.030,89.890,90.070,90.080,7517029,679359041.000,9,90.070,1545,90.060,4965,90.050,1400,90.040,3373,90.030,400,90.080,11227,90.100,100,90.120,200,90.150,200,90.160,2020-01-03,10:52:58,00,";
var hq_str_sh603259="药明康德,91.650,91.620,90.040,92.030,89.890,90.030,90.040,7542329,681637264.000,1892,90.030,6700,90.020,12800,90.010,39200,90.000,27000,89.990,100,90.040,2900,90.060,500,90.070,4900,90.080,2400,90.150,2020-01-03,10:53:58,00,";
var hq_str_sh603259="药明康德,91.650,91.620,90.070,92.030,89.890,90.060,90.070,7560629,683285303.000,1500,90.060,10900,90.050,1300,90.040,1292,90.030,7600,90.020,5600,90.070,1300,90.080,1700,90.150,10100,90.160,3500,90.180,2020-01-03,10:54:58,00,";
var hq_str_sh603259="药明康德,91.650,91.620,90.150,92.030,89.890,90.100,90.150,7575029,684582441.000,300,90.100,400,90.090,1500,90.080,3600,90.070,4200,90.060,7400,90.150,10300,90.160,3500,90.180,300,90.190,1200,90.200,2020-01-03,10:55:58,00,";
var hq_str_sh603259="药明康德,91.650,91.620,90.150,92.030,89.890,90.140,90.150,7583608,685355627.000,300,90.140,100,90.110,600,90.100,221,90.090,1100,90.080,3100,90.150,10300,90.160,3500,90.180,300,90.190,1200,90.200,2020-01-03,10:56:55,00,";
var hq_str_sh603259="药明康德,91.650,91.620,90.100,92.030,89.890,90.100,90.120,7597688,686624353.000,8021,90.100,5020,90.090,1600,90.080,14900,90.070,28400,90.060,200,90.120,2100,90.130,1200,90.140,2500,90.150,10300,90.160,2020-01-03,10:57:58,00,";
var hq_str_sh603259="药明康德,91.650,91.620,90.120,92.030,89.890,90.110,90.120,7615188,688201406.000,3600,90.110,7221,90.100,6220,90.090,2900,90.080,14900,90.070,1000,90.120,1000,90.140,800,90.150,1100,90.160,3500,90.180,2020-01-03,10:58:58,00,";
var hq_str_sh603259="药明康德,91.650,91.620,90.090,92.030,89.890,90.090,90.100,7657729,692034073.000,100,90.090,100,90.080,6980,90.070,28500,90.060,11900,90.050,3440,90.100,8579,90.110,1000,90.120,200,90.140,400,90.150,2020-01-03,10:59:58,00,";
var hq_str_sh603259="药明康德,91.650,91.620,90.060,92.030,89.890,90.060,90.070,7696400,695516949.000,4909,90.060,9500,90.050,1900,90.040,592,90.030,7400,90.020,1800,90.070,300,90.080,400,90.090,3800,90.100,400,90.110,2020-01-03,11:00:58,00,";
var hq_str_sh603259="药明康德,91.650,91.620,90.050,92.030,89.890,90.050,90.060,7718209,697481036.000,2100,90.050,1900,90.040,1892,90.030,6900,90.020,12900,90.010,5891,90.060,8280,90.070,800,90.090,500,90.100,400,90.110,2020-01-03,11:01:58,00,";
var hq_str_sh603259="药明康德,91.650,91.620,90.010,92.030,89.890,90.010,90.020,7746101,699992057.000,6100,90.010,38900,90.000,27000,89.990,13553,89.980,5700,89.970,7300,90.020,2834,90.030,409,90.040,2700,90.050,500,90.060,2020-01-03,11:02:58,00,";
var hq_str_sh603259="药明康德,91.650,91.620,89.980,92.030,89.890,89.970,89.980,7842954,708708388.000,6000,89.970,19200,89.960,21000,89.950,100,89.940,9100,89.930,949,89.980,4100,90.000,12300,90.010,1500,90.020,2834,90.030,2020-01-03,11:03:58,00,";
var hq_str_sh603259="药明康德,91.650,91.620,89.970,92.030,89.890,89.960,89.970,7907954,714555857.000,500,89.960,7300,89.950,800,89.940,29800,89.930,27800,89.920,9200,89.970,600,89.980,2500,90.000,8800,90.010,100,90.020,2020-01-03,11:04:58,00,";
var hq_str_sh603259="药明康德,91.650,91.620,89.930,92.030,89.890,89.920,89.930,7958954,719142688.000,27500,89.920,42100,89.910,78400,89.900,39306,89.890,32300,89.880,1800,89.930,12500,89.940,14180,89.950,200,89.960,100,89.970,2020-01-03,11:05:58,00,";
var hq_str_sh603259="药明康德,91.650,91.620,89.870,92.030,89.870,89.860,89.870,8206260,741375205.000,1800,89.860,5500,89.850,400,89.840,1600,89.830,800,89.820,10200,89.870,4594,89.880,15280,89.900,2100,89.910,300,89.920,2020-01-03,11:07:01,00,";
var hq_str_sh603259="药明康德,91.650,91.620,89.830,92.030,89.820,89.830,89.840,8237560,744187203.000,1700,89.830,3500,89.820,13200,89.810,30100,89.800,21300,89.790,300,89.840,6017,89.850,2800,89.860,10100,89.870,1300,89.880,2020-01-03,11:07:58,00,";
var hq_str_sh603259="药明康德,91.650,91.620,89.840,92.030,89.820,89.830,89.840,8353777,754627915.000,20183,89.830,55900,89.820,14100,89.810,31700,89.800,21300,89.790,10700,89.840,200,89.850,1200,89.860,500,89.870,300,89.910,2020-01-03,11:09:01,00,";
var hq_str_sh603259="药明康德,91.650,91.620,89.890,92.030,89.820,89.890,89.900,8384077,757351526.000,1000,89.890,23400,89.880,1400,89.860,3300,89.840,21783,89.830,3800,89.900,500,89.950,6300,89.970,200,90.000,8600,90.010,2020-01-03,11:09:58,00,";
var hq_str_sh603259="药明康德,91.650,91.620,89.850,92.030,89.820,89.840,89.850,8463919,764527208.000,9658,89.840,22083,89.830,55400,89.820,3500,89.810,45700,89.800,195,89.850,500,89.860,100,89.870,200,89.880,800,89.890,2020-01-03,11:10:58,00,";
var hq_str_sh603259="药明康德,91.650,91.620,89.830,92.030,89.820,89.830,89.840,8535460,770954231.000,200,89.830,52400,89.820,3700,89.810,46700,89.800,21800,89.790,500,89.840,300,89.850,200,89.880,500,89.950,700,90.000,2020-01-03,11:11:58,00,";
var hq_str_sh603259="药明康德,91.650,91.620,89.820,92.030,89.820,89.810,89.820,8614160,778023282.000,5800,89.810,47600,89.800,21900,89.790,1600,89.780,1600,89.770,4000,89.820,1200,89.830,6500,89.840,300,89.850,200,89.880,2020-01-03,11:12:58,00,";
var hq_str_sh603259="药明康德,91.650,91.620,89.810,92.030,89.800,89.800,89.810,8666360,782711284.000,35700,89.800,22000,89.790,4200,89.780,1700,89.770,1300,89.760,160,89.810,8200,89.820,1000,89.840,300,89.850,600,89.950,2020-01-03,11:13:58,00,";
var hq_str_sh603259="药明康德,91.650,91.620,89.600,92.030,89.600,89.600,89.610,8780960,792997642.000,7900,89.600,1900,89.580,100,89.570,2400,89.560,900,89.550,700,89.610,2300,89.620,4000,89.630,600,89.640,11400,89.650,2020-01-03,11:14:58,00,";
var hq_str_sh603259="药明康德,91.650,91.620,89.430,92.030,89.410,89.410,89.430,8875460,801455640.000,1400,89.410,2500,89.400,3100,89.390,700,89.380,100,89.370,3200,89.430,5947,89.440,300,89.450,14900,89.480,900,89.490,2020-01-03,11:15:58,00,";
var hq_str_sh603259="药明康德,91.650,91.620,89.410,92.030,89.380,89.400,89.410,8933860,806676509.000,200,89.400,2900,89.380,3000,89.370,3800,89.360,1300,89.350,1700,89.410,25400,89.420,2800,89.430,1347,89.440,300,89.450,2020-01-03,11:16:58,00,";
var hq_str_sh603259="药明康德,91.650,91.620,89.350,92.030,89.330,89.330,89.350,9039624,816131737.000,1700,89.330,2200,89.320,2000,89.310,40200,89.300,200,89.290,232,89.350,400,89.390,100,89.400,8800,89.410,4400,89.430,2020-01-03,11:17:58,00,";
var hq_str_sh603259="药明康德,91.650,91.620,89.260,92.030,89.230,89.250,89.260,9141383,825219248.000,400,89.250,100,89.240,1241,89.230,1100,89.220,1100,89.210,3400,89.260,1600,89.270,100,89.280,9400,89.290,3200,89.300,2020-01-03,11:18:58,00,";
var hq_str_sh603259="药明康德,91.650,91.620,89.120,92.030,89.100,89.110,89.120,9234724,833540799.000,700,89.110,2100,89.100,500,89.090,5100,89.080,600,89.070,1800,89.120,500,89.130,21140,89.150,16300,89.160,100,89.180,2020-01-03,11:19:58,00,";
var hq_str_sh603259="药明康德,91.650,91.620,89.080,92.030,89.000,89.070,89.080,9380864,846553339.000,800,89.070,18800,89.060,400,89.050,1400,89.040,4800,89.030,4134,89.080,33200,89.100,100,89.110,13100,89.120,300,89.130,2020-01-03,11:20:58,00,";
var hq_str_sh603259="药明康德,91.650,91.620,88.970,92.030,88.970,88.960,88.970,9516424,858620259.000,1000,88.960,900,88.950,800,88.940,100,88.930,200,88.920,700,88.970,6200,88.990,4740,89.000,2720,89.060,6100,89.070,2020-01-03,11:21:58,00,";
var hq_str_sh603259="药明康德,91.650,91.620,89.130,92.030,88.960,89.130,89.150,9625358,868315884.000,1300,89.130,700,89.120,666,89.100,3000,89.080,900,89.070,3140,89.150,2100,89.160,100,89.180,400,89.190,300,89.240,2020-01-03,11:22:58,00,";
var hq_str_sh603259="药明康德,91.650,91.620,89.150,92.030,88.960,89.150,89.160,9715157,876321216.000,100,89.150,100,89.130,67,89.110,400,89.100,300,89.090,400,89.160,1559,89.170,1600,89.190,5600,89.200,500,89.210,2020-01-03,11:23:58,00,";
var hq_str_sh603259="药明康德,91.650,91.620,88.940,92.030,88.930,88.930,88.940,9795064,883434560.000,600,88.930,1100,88.920,2500,88.910,12100,88.900,1900,88.890,100,88.940,3640,88.960,900,88.970,200,88.980,800,88.990,2020-01-03,11:24:58,00,";
var hq_str_sh603259="药明康德,91.650,91.620,88.950,92.030,88.900,88.930,88.950,9892104,892064481.000,260,88.930,2700,88.920,5900,88.910,5200,88.900,4600,88.890,900,88.950,10000,88.960,900,88.970,800,88.990,6500,89.000,2020-01-03,11:25:58,00,";
var hq_str_sh603259="药明康德,91.650,91.620,88.850,92.030,88.830,88.840,88.850,9987200,900516471.000,600,88.840,3464,88.830,7100,88.820,1000,88.810,9100,88.800,5800,88.850,10000,88.860,3700,88.870,2350,88.890,2400,88.900,2020-01-03,11:26:58,00,";
var hq_str_sh603259="药明康德,91.650,91.620,88.600,92.030,88.590,88.590,88.600,10074800,908290794.000,4300,88.590,2300,88.580,200,88.570,6000,88.560,300,88.550,2700,88.600,100,88.660,600,88.670,3700,88.680,4400,88.710,2020-01-03,11:27:58,00,";
var hq_str_sh603259="药明康德,91.650,91.620,88.600,92.030,88.590,88.590,88.600,10197673,919179108.000,3727,88.590,2200,88.580,400,88.570,8100,88.560,500,88.550,11300,88.600,2600,88.630,11800,88.650,300,88.660,600,88.680,2020-01-03,11:29:01,00,";
var hq_str_sh603259="药明康德,91.650,91.620,88.610,92.030,88.590,88.600,88.610,10291793,927519017.000,300,88.600,2107,88.590,2500,88.580,800,88.570,8000,88.560,100,88.610,22500,88.640,300,88.650,200,88.660,600,88.680,2020-01-03,11:29:58,00,";
var hq_str_sh603259="药明康德,91.650,91.620,88.610,92.030,88.590,88.600,88.610,10291793,927519017.000,300,88.600,2107,88.590,2500,88.580,800,88.570,8000,88.560,100,88.610,22500,88.640,300,88.650,200,88.660,600,88.680,2020-01-03,11:30:00,00,";
var hq_str_sh603259="药明康德,91.650,91.620,88.700,92.030,88.510,88.690,88.700,10481413,944320404.000,40300,88.690,300,88.650,5200,88.640,100,88.620,2200,88.610,500,88.700,18400,88.710,800,88.790,50300,88.800,100,88.820,2020-01-03,13:00:59,00,";
var hq_str_sh603259="药明康德,91.650,91.620,88.780,92.030,88.510,88.730,88.790,10566534,951871646.000,2600,88.730,800,88.720,3200,88.710,5600,88.700,1500,88.690,2000,88.790,51100,88.800,100,88.820,9800,88.910,1200,88.950,2020-01-03,13:01:59,00,";
var hq_str_sh603259="药明康德,91.650,91.620,88.720,92.030,88.510,88.710,88.720,10596832,954560143.000,802,88.710,6400,88.700,5100,88.690,11200,88.680,300,88.650,900,88.720,1700,88.740,200,88.750,1100,88.790,50100,88.800,2020-01-03,13:02:59,00,";
var hq_str_sh603259="药明康德,91.650,91.620,88.690,92.030,88.510,88.690,88.700,10628934,957407631.000,4600,88.690,11600,88.680,600,88.670,100,88.660,300,88.650,100,88.700,200,88.710,4300,88.720,200,88.750,1100,88.790,2020-01-03,13:03:59,00,";
var hq_str_sh603259="药明康德,91.650,91.620,88.680,92.030,88.510,88.660,88.680,10668034,960875135.000,1400,88.660,900,88.650,6000,88.640,300,88.620,1600,88.610,1600,88.680,5040,88.690,6200,88.700,900,88.710,700,88.720,2020-01-03,13:04:59,00,";
var hq_str_sh603259="药明康德,91.650,91.620,88.650,92.030,88.510,88.680,88.700,10715734,965104746.000,300,88.680,3300,88.650,3700,88.640,100,88.630,700,88.620,16440,88.700,1500,88.720,200,88.750,1100,88.790,50200,88.800,2020-01-03,13:05:59,00,";
var hq_str_sh603259="药明康德,91.650,91.620,88.660,92.030,88.510,88.640,88.660,10768334,969767903.000,2200,88.640,1000,88.630,2500,88.620,5800,88.610,6887,88.600,1800,88.660,500,88.680,1300,88.690,15140,88.700,700,88.720,2020-01-03,13:06:59,00,";
var hq_str_sh603259="药明康德,91.650,91.620,88.720,92.030,88.510,88.720,88.740,10824114,974714815.000,2060,88.720,3500,88.700,700,88.690,2360,88.680,5400,88.670,3500,88.740,700,88.750,10000,88.780,1400,88.790,50300,88.800,2020-01-03,13:07:59,00,";
var hq_str_sh603259="药明康德,91.650,91.620,88.690,92.030,88.510,88.670,88.690,10913234,982619906.000,900,88.670,14000,88.660,6500,88.650,1600,88.640,300,88.630,9500,88.690,2780,88.700,400,88.710,10000,88.780,300,88.790,2020-01-03,13:08:59,00,";
var hq_str_sh603259="药明康德,91.650,91.620,88.640,92.030,88.510,88.630,88.650,10989034,989340448.000,1500,88.630,400,88.620,5900,88.610,13587,88.600,200,88.590,1800,88.650,28200,88.660,2900,88.670,2800,88.680,1200,88.690,2020-01-03,13:09:59,00,";
var hq_str_sh603259="药明康德,91.650,91.620,88.660,92.030,88.510,88.660,88.670,11073430,996822185.000,400,88.660,3500,88.650,1100,88.640,4700,88.610,15987,88.600,1600,88.670,10100,88.700,5000,88.710,200,88.720,100,88.750,2020-01-03,13:10:59,00,";
var hq_str_sh603259="药明康德,91.650,91.620,88.610,92.030,88.510,88.580,88.610,11133517,1002147370.000,1700,88.580,900,88.570,400,88.560,2700,88.550,600,88.540,4113,88.610,2000,88.620,300,88.640,4900,88.650,100,88.660,2020-01-03,13:11:59,00,";
var hq_str_sh603259="药明康德,91.650,91.620,88.460,92.030,88.450,88.440,88.460,11255117,1012909933.000,400,88.440,300,88.430,300,88.410,3900,88.400,600,88.390,7579,88.460,600,88.470,1120,88.490,9100,88.500,300,88.540,2020-01-03,13:12:59,00,";
var hq_str_sh603259="药明康德,91.650,91.620,88.360,92.030,88.360,88.360,88.390,11293717,1016322058.000,1000,88.360,700,88.350,100,88.340,4200,88.330,1700,88.310,5000,88.390,9400,88.400,16300,88.410,300,88.440,13100,88.450,2020-01-03,13:13:59,00,";
var hq_str_sh603259="药明康德,91.650,91.620,88.350,92.030,88.330,88.340,88.350,11342817,1020660273.000,1200,88.340,4400,88.330,2500,88.320,3300,88.310,11500,88.300,5600,88.350,600,88.360,10500,88.370,7500,88.380,1500,88.390,2020-01-03,13:14:59,00,";
var hq_str_sh603259="药明康德,91.650,91.620,88.320,92.030,88.310,88.330,88.350,11410017,1026596619.000,10200,88.330,3200,88.320,5300,88.310,13900,88.300,9500,88.290,19500,88.350,500,88.360,100,88.380,1500,88.390,7100,88.400,2020-01-03,13:15:59,00,";
var hq_str_sh603259="药明康德,91.650,91.620,88.370,92.030,88.310,88.350,88.370,11495517,1034151472.000,200,88.350,1100,88.340,3300,88.330,4900,88.320,15000,88.310,4100,88.370,2440,88.380,700,88.390,6700,88.400,600,88.440,2020-01-03,13:16:59,00,";
var hq_str_sh603259="药明康德,91.650,91.620,88.370,92.030,88.310,88.360,88.370,11576590,1041314575.000,5200,88.360,400,88.350,727,88.330,7400,88.320,15500,88.310,1400,88.370,340,88.380,7000,88.400,600,88.440,12900,88.450,2020-01-03,13:17:59,00,";
var hq_str_sh603259="药明康德,91.650,91.620,88.310,92.030,88.300,88.300,88.310,11663317,1048974423.000,9800,88.300,9700,88.290,3100,88.280,2000,88.270,1300,88.260,3400,88.310,5373,88.320,4620,88.330,3800,88.340,1400,88.350,2020-01-03,13:18:59,00,";
var hq_str_sh603259="药明康德,91.650,91.620,88.160,92.030,88.150,88.160,88.180,11770517,1058433213.000,1800,88.160,1800,88.150,12900,88.140,5300,88.130,3600,88.120,7500,88.180,200,88.190,58300,88.200,2520,88.220,3400,88.250,2020-01-03,13:19:59,00,";
var hq_str_sh603259="药明康德,91.650,91.620,88.220,92.030,88.150,88.220,88.300,11912657,1070967855.000,1600,88.220,2500,88.210,400,88.200,8000,88.180,1780,88.170,32100,88.300,9100,88.320,3300,88.330,1200,88.350,900,88.360,2020-01-03,13:20:59,00,";
var hq_str_sh603259="药明康德,91.650,91.620,88.230,92.030,88.150,88.220,88.230,11999157,1078601686.000,900,88.220,25100,88.210,3500,88.200,4300,88.180,4580,88.170,4700,88.230,11140,88.280,12500,88.290,31900,88.300,9100,88.320,2020-01-03,13:21:59,00,";
var hq_str_sh603259="药明康德,91.650,91.620,88.260,92.030,88.150,88.250,88.260,12147473,1091696430.000,2384,88.250,1400,88.230,7600,88.220,24100,88.210,5800,88.200,850,88.260,8258,88.270,200,88.280,14473,88.300,11240,88.310,2020-01-03,13:22:59,00,";
var hq_str_sh603259="药明康德,91.650,91.620,88.250,92.030,88.150,88.240,88.250,12216116,1097755137.000,8300,88.240,3900,88.230,9600,88.220,24300,88.210,6900,88.200,5324,88.250,5000,88.260,1400,88.280,5700,88.290,24673,88.300,2020-01-03,13:23:59,00,";
var hq_str_sh603259="药明康德,91.650,91.620,88.240,92.030,88.150,88.230,88.240,12291416,1104400013.000,11200,88.230,10100,88.220,24800,88.210,14200,88.200,4600,88.180,124,88.240,1400,88.280,500,88.290,24700,88.300,5600,88.320,2020-01-03,13:24:59,00,";
var hq_str_sh603259="药明康德,91.650,91.620,88.250,92.030,88.150,88.230,88.270,12367616,1111125243.000,10900,88.230,11800,88.220,25900,88.210,15700,88.200,6200,88.180,5197,88.270,500,88.280,200,88.290,24600,88.300,5600,88.320,2020-01-03,13:25:59,00,";
var hq_str_sh603259="药明康德,91.650,91.620,88.230,92.030,88.150,88.230,88.240,12473836,1120497781.000,4100,88.230,100,88.220,16980,88.210,18000,88.200,6200,88.180,2500,88.240,3400,88.260,600,88.290,24600,88.300,5600,88.320,2020-01-03,13:26:59,00,";
var hq_str_sh603259="药明康德,91.650,91.620,88.200,92.030,88.150,88.200,88.210,12543816,1126671406.000,19900,88.200,500,88.190,6800,88.180,4680,88.170,4500,88.160,12840,88.210,500,88.220,12200,88.230,8500,88.240,500,88.260,2020-01-03,13:27:59,00,";
var hq_str_sh603259="药明康德,91.650,91.620,88.160,92.030,88.150,88.160,88.170,12685868,1139197635.000,3400,88.160,7028,88.150,4700,88.140,5300,88.130,6100,88.120,1300,88.170,1500,88.190,400,88.200,5200,88.210,400,88.220,2020-01-03,13:28:59,00,";
var hq_str_sh603259="药明康德,91.650,91.620,88.290,92.030,88.150,88.270,88.290,12774768,1147041187.000,600,88.270,5600,88.250,2500,88.230,34300,88.220,300,88.210,1500,88.290,24900,88.300,5500,88.320,3300,88.330,1200,88.350,2020-01-03,13:29:59,00,";
var hq_str_sh603259="药明康德,91.650,91.620,88.260,92.030,88.150,88.250,88.260,12833368,1152212986.000,9000,88.250,6000,88.230,34100,88.220,800,88.210,1800,88.200,300,88.260,3200,88.280,5400,88.290,24900,88.300,5500,88.320,2020-01-03,13:30:59,00,";
var hq_str_sh603259="药明康德,91.650,91.620,88.230,92.030,88.150,88.230,88.240,12912280,1159175787.000,10400,88.230,18988,88.220,700,88.210,10000,88.200,400,88.190,11700,88.240,4200,88.250,200,88.260,5000,88.270,5800,88.290,2020-01-03,13:31:59,00,";
var hq_str_sh603259="药明康德,91.650,91.620,88.260,92.030,88.150,88.240,88.260,13017668,1168474141.000,900,88.240,700,88.230,2500,88.220,5700,88.210,16200,88.200,11952,88.260,5000,88.270,5800,88.290,25400,88.300,100,88.310,2020-01-03,13:32:59,00,";
var hq_str_sh603259="药明康德,91.650,91.620,88.220,92.030,88.150,88.220,88.260,13095068,1175302779.000,2600,88.220,10800,88.210,27400,88.200,2200,88.190,6500,88.180,1000,88.260,5000,88.270,6700,88.290,25400,88.300,100,88.310,2020-01-03,13:33:59,00,";
var hq_str_sh603259="药明康德,91.650,91.620,88.280,92.030,88.150,88.270,88.280,13148671,1180033482.000,15097,88.270,100,88.260,1200,88.250,500,88.240,6200,88.220,6200,88.280,6200,88.290,25400,88.300,100,88.310,3700,88.320,2020-01-03,13:34:59,00,";
var hq_str_sh603259="药明康德,91.650,91.620,88.280,92.030,88.150,88.260,88.280,13197911,1184379968.000,1757,88.260,300,88.250,1200,88.240,4400,88.230,17000,88.220,2800,88.280,4600,88.290,25400,88.300,100,88.310,3700,88.320,2020-01-03,13:35:59,00,";
var hq_str_sh603259="药明康德,91.650,91.620,88.250,92.030,88.150,88.240,88.250,13271411,1190864985.000,3100,88.240,500,88.230,3200,88.220,4900,88.210,42757,88.200,1100,88.250,7700,88.260,500,88.280,4600,88.290,25400,88.300,2020-01-03,13:36:59,00,";
var hq_str_sh603259="药明康德,91.650,91.620,88.280,92.030,88.150,88.280,88.290,13305091,1193837495.000,1900,88.280,1000,88.260,1720,88.250,3400,88.240,2500,88.230,2900,88.290,25400,88.300,100,88.310,3700,88.320,1100,88.330,2020-01-03,13:37:59,00,";
var hq_str_sh603259="药明康德,91.650,91.620,88.230,92.030,88.150,88.210,88.230,13345638,1197415580.000,5600,88.210,48957,88.200,2300,88.190,11100,88.180,2200,88.170,1000,88.230,1500,88.250,2100,88.260,4300,88.280,2900,88.290,2020-01-03,13:38:59,00,";
var hq_str_sh603259="药明康德,91.650,91.620,88.140,92.030,88.140,88.140,88.150,13479423,1209213452.000,2800,88.140,9600,88.130,4500,88.120,3700,88.110,13700,88.100,672,88.150,19600,88.160,4900,88.170,12900,88.180,37443,88.200,2020-01-03,13:39:59,00,";
var hq_str_sh603259="药明康德,91.650,91.620,88.090,92.030,88.050,88.080,88.090,13598963,1219745235.000,200,88.080,100,88.060,1860,88.050,3200,88.040,5000,88.030,2700,88.090,500,88.100,1300,88.110,2400,88.120,1600,88.130,2020-01-03,13:40:59,00,";
var hq_str_sh603259="药明康德,91.650,91.620,88.060,92.030,88.020,88.050,88.100,13793103,1236840382.000,3300,88.050,300,88.040,800,88.030,11120,88.020,43200,88.010,100,88.100,500,88.110,100,88.120,1300,88.130,11000,88.140,2020-01-03,13:41:59,00,";
var hq_str_sh603259="药明康德,91.650,91.620,88.280,92.030,88.020,88.250,88.270,13865835,1243252360.000,400,88.250,600,88.200,100,88.190,1300,88.170,2600,88.160,74,88.270,5500,88.280,2800,88.290,24900,88.300,2500,88.310,2020-01-03,13:42:59,00,";
var hq_str_sh603259="药明康德,91.650,91.620,88.200,92.030,88.020,88.190,88.200,13907235,1246905895.000,200,88.190,4700,88.180,1500,88.170,1300,88.160,1900,88.150,5214,88.200,2700,88.290,24900,88.300,2500,88.310,3700,88.320,2020-01-03,13:43:59,00,";
var hq_str_sh603259="药明康德,91.650,91.620,88.370,92.030,88.020,88.330,88.400,14001389,1255217137.000,3760,88.330,4600,88.320,300,88.290,1600,88.280,1300,88.270,200,88.400,10000,88.410,12800,88.450,200,88.460,100,88.480,2020-01-03,13:44:59,00,";
var hq_str_sh603259="药明康德,91.650,91.620,88.490,92.030,88.020,88.460,88.490,14077289,1261928250.000,4100,88.460,4000,88.450,1300,88.420,1000,88.410,1000,88.400,2000,88.490,2600,88.500,100,88.580,500,88.600,300,88.620,2020-01-03,13:45:59,00,";
var hq_str_sh603259="药明康德,91.650,91.620,88.470,92.030,88.020,88.460,88.470,14117212,1265459951.000,9820,88.460,500,88.450,2700,88.400,4000,88.380,3200,88.370,100,88.470,1900,88.480,1200,88.490,200,88.500,100,88.580,2020-01-03,13:46:59,00,";
var hq_str_sh603259="药明康德,91.650,91.620,88.480,92.030,88.020,88.480,88.500,14147232,1268116674.000,2600,88.480,2200,88.470,1700,88.460,1000,88.450,100,88.430,100,88.500,2400,88.510,200,88.590,500,88.600,400,88.610,2020-01-03,13:47:59,00,";
var hq_str_sh603259="药明康德,91.650,91.620,88.450,92.030,88.020,88.450,88.460,14176245,1270683556.000,87,88.450,200,88.410,5000,88.400,4500,88.380,3100,88.370,3800,88.460,3600,88.480,2100,88.490,2300,88.500,100,88.510,2020-01-03,13:48:59,00,";
var hq_str_sh603259="药明康德,91.650,91.620,88.400,92.030,88.020,88.390,88.400,14202632,1273016727.000,500,88.390,4500,88.380,4100,88.370,2200,88.360,3800,88.350,4000,88.400,3300,88.410,100,88.430,2300,88.480,200,88.490,2020-01-03,13:49:59,00,";
var hq_str_sh603259="药明康德,91.650,91.620,88.410,92.030,88.020,88.400,88.410,14244032,1276676785.000,3400,88.400,500,88.390,400,88.380,3600,88.370,2900,88.360,5700,88.410,100,88.510,600,88.600,600,88.610,200,88.650,2020-01-03,13:50:59,00,";
var hq_str_sh603259="药明康德,91.650,91.620,88.380,92.030,88.020,88.380,88.390,14261832,1278250173.000,4600,88.380,7000,88.370,3200,88.360,5600,88.350,1200,88.340,900,88.390,5000,88.400,2400,88.410,300,88.490,100,88.500,2020-01-03,13:51:59,00,";
var hq_str_sh603259="药明康德,91.650,91.620,88.410,92.030,88.020,88.410,88.450,14280332,1279885925.000,4500,88.410,7400,88.400,1900,88.390,3000,88.380,7100,88.370,400,88.450,1100,88.460,5100,88.480,6400,88.490,5000,88.500,2020-01-03,13:52:59,00,";
var hq_str_sh603259="药明康德,91.650,91.620,88.660,92.030,88.020,88.600,88.650,14314832,1282940434.000,600,88.600,200,88.590,1200,88.580,200,88.540,4200,88.530,300,88.650,1800,88.660,300,88.680,100,88.690,204,88.700,2020-01-03,13:53:59,00,";
var hq_str_sh603259="药明康德,91.650,91.620,88.500,92.030,88.020,88.500,88.520,14344232,1285543875.000,100,88.500,6600,88.490,600,88.480,4800,88.450,5600,88.410,200,88.520,200,88.580,11600,88.600,3800,88.630,400,88.640,2020-01-03,13:54:59,00,";
var hq_str_sh603259="药明康德,91.650,91.620,88.520,92.030,88.020,88.510,88.520,14364732,1287358593.000,200,88.510,12200,88.500,7900,88.490,900,88.480,2100,88.460,400,88.520,2800,88.530,1500,88.570,4200,88.580,200,88.590,2020-01-03,13:55:59,00,";
var hq_str_sh603259="药明康德,91.650,91.620,88.490,92.030,88.020,88.450,88.470,14405465,1290963145.000,4167,88.450,5600,88.410,3400,88.400,3900,88.390,5200,88.380,1600,88.470,1700,88.490,3600,88.500,1800,88.510,1600,88.530,2020-01-03,13:56:59,00,";
var hq_str_sh603259="药明康德,91.650,91.620,88.430,92.030,88.020,88.420,88.430,14432207,1293328834.000,400,88.420,3125,88.410,3300,88.400,4200,88.390,5200,88.380,1300,88.430,500,88.440,7073,88.450,4600,88.490,700,88.500,2020-01-03,13:58:02,00,";
var hq_str_sh603259="药明康德,91.650,91.620,88.650,92.030,88.020,88.650,88.660,14474480,1297070945.000,100,88.650,5200,88.580,600,88.550,800,88.530,1500,88.510,300,88.660,300,88.680,100,88.690,5104,88.700,100,88.750,2020-01-03,13:58:59,00,";
var hq_str_sh603259="药明康德,91.650,91.620,88.740,92.030,88.020,88.740,88.750,14510959,1300306249.000,1221,88.740,400,88.730,400,88.650,1400,88.590,3500,88.580,100,88.750,200,88.760,300,88.790,1000,88.800,100,88.820,2020-01-03,13:59:59,00,";
var hq_str_sh603259="药明康德,91.650,91.620,88.800,92.030,88.020,88.800,88.840,14555937,1304297697.000,1349,88.800,100,88.760,500,88.750,7021,88.740,100,88.720,800,88.840,3800,88.850,100,88.860,600,88.880,100,88.890,2020-01-03,14:00:59,00,";
var hq_str_sh603259="药明康德,91.650,91.620,88.770,92.030,88.020,88.770,88.780,14614105,1309461650.000,7751,88.770,200,88.760,7551,88.740,100,88.720,300,88.710,600,88.780,200,88.790,8500,88.800,1400,88.830,100,88.840,2020-01-03,14:01:59,00,";
var hq_str_sh603259="药明康德,91.650,91.620,88.650,92.030,88.020,88.650,88.670,14674280,1314800585.000,300,88.650,100,88.640,200,88.630,600,88.600,600,88.590,5300,88.670,1800,88.680,1927,88.700,900,88.710,3800,88.730,2020-01-03,14:02:59,00,";
var hq_str_sh603259="药明康德,91.650,91.620,88.500,92.030,88.020,88.500,88.510,14700267,1317101474.000,5613,88.500,200,88.490,200,88.480,300,88.470,100,88.460,5500,88.510,3200,88.520,3700,88.550,600,88.560,1800,88.600,2020-01-03,14:03:59,00,";
var hq_str_sh603259="药明康德,91.650,91.620,88.500,92.030,88.020,88.490,88.500,14741867,1320783393.000,300,88.490,100,88.480,1900,88.470,200,88.460,11800,88.450,5000,88.500,4277,88.520,9100,88.540,500,88.550,600,88.560,2020-01-03,14:04:59,00,";
var hq_str_sh603259="药明康德,91.650,91.620,88.490,92.030,88.020,88.480,88.490,14772147,1323462859.000,3520,88.480,2500,88.470,7500,88.460,12200,88.450,400,88.440,9900,88.490,1900,88.500,100,88.510,1800,88.520,500,88.550,2020-01-03,14:05:59,00,";
var hq_str_sh603259="药明康德,91.650,91.620,88.400,92.030,88.020,88.400,88.410,14818412,1327555237.000,17080,88.400,4100,88.390,14200,88.380,16700,88.370,1900,88.360,2275,88.410,200,88.420,500,88.430,2700,88.440,5285,88.450,2020-01-03,14:06:59,00,";
var hq_str_sh603259="药明康德,91.650,91.620,88.500,92.030,88.020,88.500,88.550,14859352,1331175507.000,200,88.500,1500,88.480,800,88.470,200,88.460,1600,88.450,500,88.550,600,88.560,500,88.600,700,88.630,100,88.660,2020-01-03,14:07:59,00,";
var hq_str_sh603259="药明康德,91.650,91.620,88.580,92.030,88.020,88.580,88.630,14883452,1333308945.000,300,88.580,1700,88.570,700,88.520,400,88.510,4500,88.500,700,88.630,100,88.660,100,88.670,500,88.680,1927,88.700,2020-01-03,14:08:59,00,";
var hq_str_sh603259="药明康德,91.650,91.620,88.630,92.030,88.020,88.620,88.630,14904475,1335171700.000,3122,88.620,900,88.610,3000,88.580,10000,88.570,55,88.560,900,88.630,100,88.660,500,88.680,2127,88.700,1000,88.710,2020-01-03,14:09:59,00,";
var hq_str_sh603259="药明康德,91.650,91.620,88.710,92.030,88.020,88.700,88.710,14938402,1338179765.000,73,88.700,900,88.680,100,88.670,700,88.660,300,88.650,100,88.710,7098,88.740,12300,88.800,1300,88.810,200,88.840,2020-01-03,14:10:59,00,";
var hq_str_sh603259="药明康德,91.650,91.620,88.690,92.030,88.020,88.660,88.670,14958802,1339989203.000,1900,88.660,600,88.650,2222,88.630,800,88.620,600,88.600,100,88.670,2700,88.700,2900,88.710,100,88.730,8798,88.740,2020-01-03,14:11:59,00,";
var hq_str_sh603259="药明康德,91.650,91.620,88.660,92.030,88.020,88.660,88.670,14978642,1341748251.000,8500,88.660,1860,88.650,400,88.640,2222,88.630,900,88.620,1300,88.670,3300,88.700,1000,88.710,100,88.730,7298,88.740,2020-01-03,14:12:59,00,";
var hq_str_sh603259="药明康德,91.650,91.620,88.650,92.030,88.020,88.640,88.650,15014402,1344919437.000,800,88.640,2122,88.630,900,88.620,3900,88.600,3900,88.580,540,88.650,200,88.710,100,88.720,7598,88.740,100,88.750,2020-01-03,14:13:59,00,";
var hq_str_sh603259="药明康德,91.650,91.620,88.630,92.030,88.020,88.610,88.630,15036124,1346844645.000,14200,88.610,5500,88.600,3600,88.580,11000,88.570,55,88.560,1300,88.630,3078,88.640,2840,88.650,100,88.700,1100,88.720,2020-01-03,14:14:59,00,";
var hq_str_sh603259="药明康德,91.650,91.620,88.590,92.030,88.020,88.580,88.590,15064724,1349378840.000,17500,88.580,11000,88.570,155,88.560,900,88.550,600,88.520,1700,88.590,700,88.600,6800,88.610,10000,88.620,400,88.630,2020-01-03,14:15:59,00,";
var hq_str_sh603259="药明康德,91.650,91.620,88.510,92.030,88.020,88.510,88.520,15101279,1352616768.000,600,88.510,8200,88.500,100,88.490,1300,88.480,200,88.470,1445,88.520,200,88.560,15100,88.570,4078,88.580,6300,88.590,2020-01-03,14:16:59,00,";
var hq_str_sh603259="药明康德,91.650,91.620,88.530,92.030,88.020,88.520,88.540,15144457,1356437174.000,1000,88.520,900,88.510,1200,88.500,100,88.470,100,88.460,600,88.540,4200,88.560,3400,88.570,2300,88.580,600,88.590,2020-01-03,14:17:59,00,";
var hq_str_sh603259="药明康德,91.650,91.620,88.460,92.030,88.020,88.450,88.460,15162057,1357994926.000,4122,88.450,400,88.440,200,88.430,3200,88.420,2100,88.410,1000,88.460,800,88.470,100,88.480,12910,88.500,2200,88.530,2020-01-03,14:18:59,00,";
var hq_str_sh603259="药明康德,91.650,91.620,88.500,92.030,88.020,88.480,88.500,15201668,1361498381.000,760,88.480,1100,88.470,500,88.460,500,88.450,500,88.440,12010,88.500,100,88.530,1300,88.580,1100,88.610,10100,88.620,2020-01-03,14:19:59,00,";
var hq_str_sh603259="药明康德,91.650,91.620,88.590,92.030,88.020,88.580,88.590,15234778,1364429553.000,100,88.580,100,88.570,1200,88.560,1000,88.540,5200,88.530,200,88.590,2100,88.600,2100,88.610,10100,88.620,200,88.660,2020-01-03,14:20:59,00,";
var hq_str_sh603259="药明康德,91.650,91.620,88.580,92.030,88.020,88.580,88.590,15254589,1366183946.000,400,88.580,12000,88.570,4089,88.550,5100,88.530,9700,88.500,100,88.590,2000,88.610,10100,88.620,1000,88.660,400,88.700,2020-01-03,14:21:59,00,";
var hq_str_sh603259="药明康德,91.650,91.620,88.590,92.030,88.020,88.580,88.590,15277589,1368221210.000,800,88.580,1400,88.570,8900,88.560,6289,88.550,300,88.540,2000,88.590,1500,88.600,1200,88.610,10100,88.620,1000,88.660,2020-01-03,14:22:59,00,";
var hq_str_sh603259="药明康德,91.650,91.620,88.610,92.030,88.020,88.610,88.620,15300898,1370286370.000,300,88.610,2391,88.600,2900,88.590,4700,88.580,1300,88.570,10100,88.620,1000,88.660,400,88.700,1000,88.720,7298,88.740,2020-01-03,14:23:59,00,";
var hq_str_sh603259="药明康德,91.650,91.620,88.620,92.030,88.020,88.610,88.620,15328062,1372693349.000,1600,88.610,7400,88.600,3200,88.590,5100,88.580,1300,88.570,3909,88.620,100,88.650,1000,88.660,400,88.700,1000,88.720,2020-01-03,14:24:59,00,";
var hq_str_sh603259="药明康德,91.650,91.620,88.640,92.030,88.020,88.620,88.630,15354762,1375059224.000,800,88.620,7700,88.600,1800,88.590,8300,88.580,1300,88.570,300,88.630,400,88.640,5400,88.650,1000,88.660,400,88.700,2020-01-03,14:25:59,00,";
var hq_str_sh603259="药明康德,91.650,91.620,88.650,92.030,88.020,88.600,88.650,15408675,1379838335.000,4587,88.600,1600,88.590,8300,88.580,1200,88.570,7800,88.560,15900,88.650,200,88.670,3000,88.690,1000,88.720,7298,88.740,2020-01-03,14:26:59,00,";
var hq_str_sh603259="药明康德,91.650,91.620,88.600,92.030,88.020,88.590,88.600,15553062,1392638874.000,1000,88.590,8300,88.580,600,88.570,6100,88.560,2689,88.550,7711,88.600,200,88.650,9500,88.660,500,88.670,1000,88.730,2020-01-03,14:27:59,00,";
var hq_str_sh603259="药明康德,91.650,91.620,88.510,92.030,88.020,88.510,88.530,15603451,1397101803.000,1300,88.510,17800,88.500,500,88.490,1100,88.480,1400,88.470,10500,88.530,900,88.540,1811,88.550,7552,88.560,900,88.580,2020-01-03,14:28:59,00,";
var hq_str_sh603259="药明康德,91.650,91.620,88.510,92.030,88.020,88.500,88.510,15650762,1401289248.000,3989,88.500,1300,88.490,2100,88.480,1500,88.470,300,88.460,300,88.510,10100,88.520,9500,88.530,900,88.540,1811,88.550,2020-01-03,14:29:59,00,";
var hq_str_sh603259="药明康德,91.650,91.620,88.490,92.030,88.020,88.490,88.500,15710451,1406573165.000,2200,88.490,2300,88.480,1600,88.470,500,88.460,1300,88.450,6311,88.500,4500,88.510,600,88.560,15500,88.580,1600,88.600,2020-01-03,14:30:59,00,";
var hq_str_sh603259="药明康德,91.650,91.620,88.460,92.030,88.020,88.460,88.480,15787140,1413356195.000,1200,88.460,600,88.420,3600,88.410,28091,88.400,3300,88.390,6000,88.480,1500,88.490,10611,88.500,4000,88.510,400,88.550,2020-01-03,14:31:59,00,";
var hq_str_sh603259="药明康德,91.650,91.620,88.430,92.030,88.020,88.430,88.440,15803640,1414815668.000,1400,88.430,1100,88.420,8700,88.410,28591,88.400,3300,88.390,4500,88.440,2600,88.450,6800,88.460,9500,88.470,7700,88.480,2020-01-03,14:32:59,00,";
var hq_str_sh603259="药明康德,91.650,91.620,88.430,92.030,88.020,88.430,88.440,15862560,1420024840.000,2100,88.430,600,88.420,700,88.410,6071,88.400,3700,88.390,19300,88.440,100,88.450,6200,88.460,1100,88.470,800,88.480,2020-01-03,14:33:59,00,";
var hq_str_sh603259="药明康德,91.650,91.620,88.410,92.030,88.020,88.410,88.420,15882644,1421800803.000,2716,88.410,9771,88.400,10600,88.390,15900,88.380,4100,88.370,13400,88.420,1000,88.430,9800,88.440,100,88.450,6100,88.460,2020-01-03,14:34:59,00,";
var hq_str_sh603259="药明康德,91.650,91.620,88.500,92.030,88.020,88.500,88.510,15942619,1427105438.000,6248,88.500,100,88.490,6600,88.480,400,88.470,2300,88.450,300,88.510,200,88.530,3480,88.550,200,88.600,200,88.650,2020-01-03,14:35:59,00,";
var hq_str_sh603259="药明康德,91.650,91.620,88.500,92.030,88.020,88.500,88.510,15965012,1429087403.000,1655,88.500,400,88.490,16900,88.480,400,88.470,2400,88.450,3000,88.510,1900,88.520,1000,88.530,800,88.550,100,88.590,2020-01-03,14:36:59,00,";
var hq_str_sh603259="药明康德,91.650,91.620,88.470,92.030,88.020,88.460,88.470,15997167,1431932596.000,1100,88.460,2700,88.450,200,88.440,1800,88.430,20700,88.420,622,88.470,2106,88.480,4100,88.490,1300,88.500,800,88.510,2020-01-03,14:37:59,00,";
var hq_str_sh603259="药明康德,91.650,91.620,88.470,92.030,88.020,88.460,88.480,16024067,1434312040.000,200,88.460,600,88.430,17400,88.420,1400,88.410,11864,88.400,3300,88.480,400,88.490,200,88.500,300,88.510,1500,88.520,2020-01-03,14:38:59,00,";
var hq_str_sh603259="药明康德,91.650,91.620,88.480,92.030,88.020,88.460,88.490,16046067,1436257861.000,600,88.460,400,88.450,4500,88.440,9300,88.430,17700,88.420,400,88.490,200,88.500,300,88.510,1500,88.520,200,88.530,2020-01-03,14:39:59,00,";
var hq_str_sh603259="药明康德,91.650,91.620,88.770,92.030,88.020,88.700,88.720,16066908,1438104836.000,3159,88.700,2100,88.670,1300,88.660,300,88.650,2100,88.610,100,88.720,100,88.740,1200,88.770,100,88.780,6400,88.800,2020-01-03,14:40:59,00,";
var hq_str_sh603259="药明康德,91.650,91.620,88.650,92.030,88.020,88.620,88.700,16109167,1441852314.000,500,88.620,2100,88.610,400,88.600,100,88.590,200,88.560,100,88.700,100,88.710,400,88.720,400,88.750,600,88.760,2020-01-03,14:41:59,00,";
var hq_str_sh603259="药明康德,91.650,91.620,88.660,92.030,88.020,88.660,88.680,16172000,1447426446.000,11167,88.660,400,88.650,600,88.640,3000,88.620,2100,88.610,1200,88.680,200,88.730,100,88.740,8478,88.750,100,88.760,2020-01-03,14:42:59,00,";
var hq_str_sh603259="药明康德,91.650,91.620,88.650,92.030,88.020,88.650,88.660,16199880,1449898478.000,900,88.650,600,88.640,3100,88.620,2400,88.610,1300,88.600,4900,88.660,2600,88.670,1700,88.680,100,88.730,600,88.740,2020-01-03,14:43:57,00,";
var hq_str_sh603259="药明康德,91.650,91.620,88.680,92.030,88.020,88.680,88.700,16245882,1453976961.000,1500,88.680,2698,88.660,2100,88.650,1200,88.640,4200,88.620,500,88.700,700,88.740,1400,88.750,1100,88.760,1200,88.770,2020-01-03,14:44:59,00,";
var hq_str_sh603259="药明康德,91.650,91.620,88.720,92.030,88.020,88.710,88.720,16283688,1457330873.000,1794,88.710,1100,88.700,200,88.690,2800,88.680,200,88.670,500,88.720,1800,88.730,11200,88.740,3200,88.760,500,88.770,2020-01-03,14:45:59,00,";
var hq_str_sh603259="药明康德,91.650,91.620,88.680,92.030,88.020,88.670,88.680,16313882,1460008818.000,2800,88.670,2200,88.660,2300,88.650,200,88.640,4800,88.630,11640,88.680,1400,88.700,2506,88.710,400,88.720,1800,88.730,2020-01-03,14:46:59,00,";
var hq_str_sh603259="药明康德,91.650,91.620,88.760,92.030,88.020,88.760,88.770,16367856,1464796477.000,500,88.760,800,88.740,1100,88.730,16000,88.700,2500,88.680,1000,88.770,3600,88.780,300,88.790,1100,88.800,1300,88.810,2020-01-03,14:47:59,00,";
var hq_str_sh603259="药明康德,91.650,91.620,88.910,92.030,88.020,88.900,88.910,16413856,1468881671.000,400,88.900,800,88.890,5100,88.880,3200,88.870,400,88.860,2100,88.910,200,88.920,400,88.950,600,88.960,4000,88.970,2020-01-03,14:48:59,00,";
var hq_str_sh603259="药明康德,91.650,91.620,88.910,92.030,88.020,88.910,88.950,16458422,1472844240.000,2900,88.910,3300,88.900,4100,88.890,6000,88.880,3200,88.870,5400,88.950,13400,88.960,6000,88.970,3000,88.980,2800,88.990,2020-01-03,14:49:59,00,";
var hq_str_sh603259="药明康德,91.650,91.620,88.900,92.030,88.020,88.900,88.910,16513422,1477734054.000,3500,88.900,5600,88.890,5900,88.880,3200,88.870,100,88.860,2900,88.910,3900,88.920,100,88.930,10500,88.940,9000,88.950,2020-01-03,14:50:59,00,";
var hq_str_sh603259="药明康德,91.650,91.620,88.810,92.030,88.020,88.800,88.810,16552922,1481244492.000,2300,88.800,4700,88.790,15300,88.780,5000,88.770,2100,88.760,200,88.810,1200,88.820,3008,88.830,500,88.840,8100,88.850,2020-01-03,14:51:59,00,";
var hq_str_sh603259="药明康德,91.650,91.620,88.890,92.030,88.020,88.850,88.890,16609477,1486269602.000,253,88.850,100,88.820,1300,88.810,9700,88.800,4800,88.790,1200,88.890,14287,88.900,600,88.910,3000,88.920,3900,88.930,2020-01-03,14:52:59,00,";
var hq_str_sh603259="药明康德,91.650,91.620,88.880,92.030,88.020,88.860,88.890,16670173,1491663812.000,700,88.860,200,88.850,200,88.840,1400,88.830,1300,88.820,15900,88.890,13200,88.900,600,88.910,3000,88.920,3900,88.930,2020-01-03,14:53:59,00,";
var hq_str_sh603259="药明康德,91.650,91.620,88.880,92.030,88.020,88.880,88.890,16758573,1499520589.000,15300,88.880,4400,88.870,4300,88.860,2000,88.850,100,88.840,15600,88.890,10200,88.900,500,88.910,3300,88.920,3900,88.930,2020-01-03,14:54:59,00,";
var hq_str_sh603259="药明康德,91.650,91.620,88.920,92.030,88.020,88.910,88.930,16855574,1508144991.000,721,88.910,8700,88.890,4478,88.880,4400,88.870,5100,88.860,300,88.930,1800,88.940,9200,88.950,17200,88.960,2300,88.970,2020-01-03,14:55:59,00,";
var hq_str_sh603259="药明康德,91.650,91.620,89.000,92.030,88.020,88.990,89.000,16933374,1515065681.000,600,88.990,9600,88.960,9000,88.950,1100,88.940,600,88.930,9200,89.000,2780,89.010,500,89.020,200,89.050,1500,89.090,2020-01-03,14:56:59,00,";
var hq_str_sh603259="药明康德,91.650,91.620,88.990,92.030,88.020,89.260,89.260,16933474,1515074580.000,66080,89.260,178020,0.000,0,0.000,0,0.000,0,0.000,66080,89.260,0,0.000,0,0.000,0,0.000,0,0.000,2020-01-03,14:57:59,00,";
var hq_str_sh603259="药明康德,91.650,91.620,88.990,92.030,88.020,89.260,89.260,16933474,1515074580.000,98280,89.260,174520,0.000,0,0.000,0,0.000,0,0.000,98280,89.260,0,0.000,0,0.000,0,0.000,0,0.000,2020-01-03,14:58:59,00,";
