var hq_str_sh603259="药明康德,131.370,131.500,131.370,131.370,131.370,131.300,131.370,91500,12020355.000,300,131.300,100,131.250,200,131.220,800,131.200,200,131.170,2900,131.370,1900,131.380,400,131.400,100,131.470,3700,131.480,2020-12-28,09:29:56,00,";
var hq_str_sh603259="药明康德,131.370,131.500,130.710,131.370,130.700,130.710,130.750,237200,31105986.000,100,130.710,5900,130.700,3500,130.660,5300,130.650,500,130.600,3200,130.750,300,130.760,499,130.870,2916,130.930,1217,131.000,2020-12-28,09:30:59,00,";
var hq_str_sh603259="药明康德,131.370,131.500,130.950,131.370,130.560,130.800,131.280,321300,42098788.000,3200,130.800,500,130.790,300,130.750,300,130.740,100,130.720,4900,131.280,100,131.290,4800,131.300,100,131.350,1200,131.360,2020-12-28,09:31:59,00,";
var hq_str_sh603259="药明康德,131.370,131.500,130.080,131.370,130.080,130.130,130.190,473900,62022396.000,1100,130.130,100,130.100,600,130.080,1100,130.030,500,130.020,200,130.190,1500,130.290,200,130.310,200,130.320,5200,130.350,2020-12-28,09:32:59,00,";
var hq_str_sh603259="药明康德,131.370,131.500,129.720,131.370,129.720,129.710,129.720,632300,82604581.000,500,129.710,300,129.700,600,129.680,100,129.650,200,129.620,4100,129.720,2000,129.750,10600,129.790,18600,129.800,321,129.810,2020-12-28,09:33:59,00,";
var hq_str_sh603259="药明康德,131.370,131.500,129.670,131.370,129.610,129.620,129.670,796621,103922416.000,11700,129.620,700,129.610,12600,129.600,100,129.560,100,129.550,700,129.670,200,129.680,10700,129.700,8000,129.780,1300,129.790,2020-12-28,09:34:59,00,";
var hq_str_sh603259="药明康德,131.370,131.500,129.770,131.370,129.600,129.750,129.770,983818,128206267.000,100,129.750,1303,129.700,2000,129.660,400,129.650,100,129.630,1100,129.770,2100,129.800,300,129.820,400,129.830,4300,129.840,2020-12-28,09:35:59,00,";
var hq_str_sh603259="药明康德,131.370,131.500,129.550,131.370,129.450,129.520,129.550,1087321,141619289.000,100,129.520,2200,129.500,600,129.480,200,129.470,100,129.460,200,129.550,6000,129.570,1300,129.580,3000,129.600,5300,129.620,2020-12-28,09:36:59,00,";
var hq_str_sh603259="药明康德,131.370,131.500,129.230,131.370,129.190,129.150,129.230,1182106,153880312.000,400,129.150,100,129.130,300,129.120,400,129.110,1100,129.100,13500,129.230,800,129.240,3700,129.280,100,129.290,600,129.300,2020-12-28,09:37:59,00,";
var hq_str_sh603259="药明康德,131.370,131.500,129.380,131.370,129.020,129.300,129.380,1304936,169747052.000,100,129.300,1000,129.280,700,129.270,100,129.200,400,129.180,4700,129.380,2700,129.390,10200,129.400,800,129.410,400,129.420,2020-12-28,09:38:59,00,";
var hq_str_sh603259="药明康德,131.370,131.500,129.100,131.370,129.020,129.090,129.100,1434036,186429514.000,200,129.090,100,129.080,400,129.070,900,129.060,100,129.050,2400,129.100,100,129.110,100,129.120,800,129.140,500,129.150,2020-12-28,09:39:59,00,";
var hq_str_sh603259="药明康德,131.370,131.500,129.020,131.370,129.010,129.010,129.100,1587236,206208151.000,8900,129.010,58900,129.000,800,128.980,200,128.960,100,128.950,46900,129.100,400,129.110,100,129.120,1300,129.150,5437,129.160,2020-12-28,09:40:59,00,";
var hq_str_sh603259="药明康德,131.370,131.500,128.600,131.370,128.600,128.580,128.600,1789736,232315007.000,600,128.580,300,128.570,100,128.560,1900,128.520,900,128.510,1600,128.600,3000,128.610,300,128.620,100,128.640,500,128.650,2020-12-28,09:41:59,00,";
var hq_str_sh603259="药明康德,131.370,131.500,128.230,131.370,128.180,128.220,128.230,1923836,249531707.000,3700,128.220,200,128.200,200,128.180,200,128.160,600,128.150,1400,128.230,100,128.260,900,128.300,800,128.370,1000,128.390,2020-12-28,09:42:59,00,";
var hq_str_sh603259="药明康德,131.370,131.500,128.370,131.370,128.100,128.350,128.370,2095836,271591725.000,1700,128.350,200,128.340,5000,128.300,700,128.290,2400,128.280,3500,128.370,3100,128.400,18300,128.460,500,128.490,16800,128.500,2020-12-28,09:43:59,00,";
var hq_str_sh603259="药明康德,131.370,131.500,128.400,131.370,128.100,128.380,128.400,2223716,288012118.000,5920,128.380,1400,128.370,1100,128.360,400,128.350,2300,128.330,700,128.400,300,128.410,6400,128.420,516,128.450,18000,128.460,2020-12-28,09:44:59,00,";
var hq_str_sh603259="药明康德,131.370,131.500,128.750,131.370,128.100,128.740,128.760,2403631,311146855.000,100,128.740,2000,128.700,500,128.680,100,128.670,800,128.660,7016,128.760,8400,128.770,400,128.780,100,128.860,26900,128.880,2020-12-28,09:45:59,00,";
var hq_str_sh603259="药明康德,131.370,131.500,129.200,131.370,128.100,129.230,129.250,2525743,326893634.000,300,129.230,20500,129.200,100,129.030,600,129.020,2200,129.000,100,129.250,200,129.290,100,129.300,700,129.330,2000,129.390,2020-12-28,09:46:59,00,";
var hq_str_sh603259="药明康德,131.370,131.500,128.770,131.370,128.100,128.740,128.770,2618227,338824595.000,200,128.740,900,128.730,300,128.720,1300,128.710,1200,128.700,1856,128.770,200,128.810,1700,128.880,100,128.890,1200,128.900,2020-12-28,09:47:59,00,";
var hq_str_sh603259="药明康德,131.370,131.500,128.530,131.370,128.100,128.510,128.530,2753327,356192157.000,100,128.510,300,128.500,400,128.480,1300,128.470,900,128.460,1300,128.530,500,128.710,1600,128.720,2800,128.730,300,128.740,2020-12-28,09:48:59,00,";
var hq_str_sh603259="药明康德,131.370,131.500,128.980,131.370,128.100,128.950,128.980,2869527,371142069.000,700,128.950,2800,128.920,3700,128.900,1000,128.880,700,128.810,2600,128.980,300,128.990,1400,129.000,500,129.010,3000,129.020,2020-12-28,09:49:59,00,";
var hq_str_sh603259="药明康德,131.370,131.500,129.280,131.370,128.100,129.250,129.290,3016927,390177156.000,1200,129.250,3500,129.220,1000,129.210,600,129.200,11400,129.180,200,129.290,1900,129.300,500,129.310,3000,129.340,100,129.390,2020-12-28,09:50:59,00,";
var hq_str_sh603259="药明康德,131.370,131.500,129.360,131.370,128.100,129.270,129.360,3156527,408219483.000,100,129.270,100,129.260,1600,129.250,100,129.200,300,129.180,3000,129.360,200,129.450,600,129.460,2900,129.500,300,129.520,2020-12-28,09:51:59,00,";
var hq_str_sh603259="药明康德,131.370,131.500,129.450,131.370,128.100,129.390,129.450,3240927,419144745.000,5000,129.390,1100,129.380,600,129.360,500,129.340,1100,129.330,200,129.450,12720,129.500,1100,129.520,3100,129.650,1000,129.660,2020-12-28,09:52:59,00,";
var hq_str_sh603259="药明康德,131.370,131.500,129.350,131.370,128.100,129.350,129.380,3327827,430392006.000,600,129.350,100,129.320,500,129.300,100,129.280,300,129.270,600,129.380,5500,129.390,9300,129.400,100,129.420,6200,129.450,2020-12-28,09:53:59,00,";
var hq_str_sh603259="药明康德,131.370,131.500,129.350,131.370,128.100,129.300,129.350,3456227,447002403.000,2500,129.300,400,129.290,100,129.280,100,129.260,100,129.230,2000,129.350,920,129.500,1000,129.590,400,129.600,100,129.610,2020-12-28,09:54:59,00,";
var hq_str_sh603259="药明康德,131.370,131.500,129.480,131.370,128.100,129.400,129.480,3512261,454252831.000,2066,129.400,1100,129.390,1000,129.370,900,129.360,6500,129.350,400,129.480,200,129.490,1020,129.500,1000,129.590,100,129.600,2020-12-28,09:55:59,00,";
var hq_str_sh603259="药明康德,131.370,131.500,129.570,131.370,128.100,129.540,129.570,3582181,463310370.000,3100,129.540,700,129.530,300,129.520,200,129.510,2100,129.500,1700,129.570,800,129.590,3300,129.650,1500,129.660,100,129.730,2020-12-28,09:56:59,00,";
var hq_str_sh603259="药明康德,131.370,131.500,129.170,131.370,128.100,129.130,129.140,3698847,478393428.000,200,129.130,4500,129.120,4300,129.110,12100,129.100,100,129.090,1900,129.140,300,129.170,700,129.210,1500,129.310,800,129.340,2020-12-28,09:57:59,00,";
var hq_str_sh603259="药明康德,131.370,131.500,128.890,131.370,128.100,128.840,128.850,3837124,496217729.000,423,128.840,2500,128.830,200,128.820,100,128.810,200,128.800,300,128.850,2800,128.860,100,128.910,100,128.990,900,129.000,2020-12-28,09:58:59,00,";
var hq_str_sh603259="药明康德,131.370,131.500,129.010,131.370,128.100,128.950,129.050,3915424,506304586.000,100,128.950,2100,128.910,500,128.900,100,128.860,600,128.850,200,129.050,2000,129.100,100,129.120,100,129.140,100,129.170,2020-12-28,09:59:59,00,";
var hq_str_sh603259="药明康德,131.370,131.500,129.490,131.370,128.100,129.340,129.490,3995964,516696301.000,1800,129.340,1200,129.330,1700,129.310,300,129.300,900,129.270,1600,129.490,1000,129.500,1400,129.530,800,129.550,100,129.570,2020-12-28,10:00:59,00,";
var hq_str_sh603259="药明康德,131.370,131.500,129.850,131.370,128.100,129.840,129.850,4066364,525823393.000,3800,129.840,100,129.830,400,129.820,500,129.800,1500,129.780,800,129.850,300,129.880,400,129.900,200,129.940,200,129.950,2020-12-28,10:01:59,00,";
var hq_str_sh603259="药明康德,131.370,131.500,129.990,131.370,128.100,129.960,129.990,4153064,537081424.000,3700,129.960,11700,129.900,900,129.890,500,129.880,200,129.850,200,129.990,4796,130.000,300,130.060,200,130.100,1000,130.180,2020-12-28,10:02:59,00,";
var hq_str_sh603259="药明康德,131.370,131.500,129.980,131.370,128.100,129.970,129.980,4226540,546642448.000,100,129.970,3120,129.960,10100,129.900,300,129.890,100,129.850,1200,129.980,4100,129.990,3300,130.000,900,130.020,3600,130.060,2020-12-28,10:03:59,00,";
var hq_str_sh603259="药明康德,131.370,131.500,129.990,131.370,128.100,129.980,129.990,4287160,554518800.000,600,129.980,1100,129.970,400,129.960,6100,129.950,200,129.940,1300,129.990,100,130.000,100,130.030,4700,130.050,4200,130.060,2020-12-28,10:04:59,00,";
var hq_str_sh603259="药明康德,131.370,131.500,130.060,131.370,128.100,130.050,130.060,4355960,563466049.000,1100,130.050,900,130.040,700,130.030,800,130.010,9800,130.000,1800,130.060,900,130.080,1300,130.090,4000,130.100,4100,130.110,2020-12-28,10:05:59,00,";
var hq_str_sh603259="药明康德,131.370,131.500,129.490,131.370,128.100,129.490,129.580,4473360,578700974.000,700,129.490,100,129.390,6500,129.350,200,129.330,300,129.320,3800,129.580,3800,129.730,400,129.860,100,129.880,400,129.900,2020-12-28,10:06:59,00,";
var hq_str_sh603259="药明康德,131.370,131.500,129.350,131.370,128.100,129.330,129.350,4529960,586034423.000,2000,129.330,200,129.310,9000,129.300,300,129.240,200,129.230,500,129.350,2100,129.400,2100,129.490,200,129.500,200,129.530,2020-12-28,10:07:59,00,";
var hq_str_sh603259="药明康德,131.370,131.500,129.600,131.370,128.100,129.480,129.570,4594860,594428793.000,400,129.480,600,129.470,400,129.370,400,129.360,200,129.350,100,129.570,200,129.590,2700,129.600,500,129.640,200,129.670,2020-12-28,10:08:59,00,";
var hq_str_sh603259="药明康德,131.370,131.500,129.170,131.370,128.100,129.080,129.170,4657860,602574731.000,1100,129.080,200,129.020,900,129.010,7600,129.000,400,128.900,2400,129.170,3200,129.200,400,129.210,200,129.220,200,129.230,2020-12-28,10:09:59,00,";
var hq_str_sh603259="药明康德,131.370,131.500,128.740,131.370,128.100,128.720,128.740,4750760,614557184.000,300,128.720,100,128.710,1300,128.700,100,128.680,500,128.670,200,128.740,4700,128.750,2000,128.760,2300,128.800,800,128.810,2020-12-28,10:10:59,00,";
var hq_str_sh603259="药明康德,131.370,131.500,129.300,131.370,128.100,129.210,129.300,4800060,620913161.000,100,129.210,900,129.150,300,129.140,100,129.130,4600,129.100,400,129.300,400,129.310,700,129.330,200,129.360,200,129.370,2020-12-28,10:11:59,00,";
var hq_str_sh603259="药明康德,131.370,131.500,128.910,131.370,128.100,128.900,128.910,4911460,635290045.000,200,128.900,3900,128.890,1700,128.880,200,128.850,1600,128.820,800,128.910,100,128.970,500,128.980,100,129.000,700,129.010,2020-12-28,10:12:59,00,";
var hq_str_sh603259="药明康德,131.370,131.500,129.660,131.370,128.100,129.430,129.540,4961600,641771909.000,200,129.430,2200,129.420,1700,129.410,700,129.350,100,129.330,300,129.540,100,129.630,500,129.660,6500,129.680,268,129.790,2020-12-28,10:13:59,00,";
var hq_str_sh603259="药明康德,131.370,131.500,129.330,131.370,128.100,129.210,129.330,5015100,648699181.000,100,129.210,700,129.200,400,129.100,100,129.040,700,129.010,700,129.330,900,129.380,200,129.420,300,129.500,300,129.540,2020-12-28,10:14:59,00,";
var hq_str_sh603259="药明康德,131.370,131.500,129.280,131.370,128.100,129.200,129.400,5055700,653944175.000,600,129.200,400,129.120,100,129.110,5000,129.100,300,129.030,900,129.400,100,129.480,400,129.500,300,129.540,100,129.550,2020-12-28,10:15:59,00,";
var hq_str_sh603259="药明康德,131.370,131.500,129.300,131.370,128.100,129.300,129.330,5123200,662658956.000,200,129.300,100,129.140,800,129.130,100,129.100,1800,129.090,100,129.330,100,129.340,100,129.410,600,129.470,200,129.480,2020-12-28,10:16:58,00,";
var hq_str_sh603259="药明康德,131.370,131.500,128.990,131.370,128.100,128.900,128.990,5206900,673458570.000,100,128.900,500,128.880,700,128.850,100,128.830,1600,128.820,100,128.990,500,129.010,800,129.050,200,129.210,400,129.300,2020-12-28,10:17:59,00,";
var hq_str_sh603259="药明康德,131.370,131.500,129.010,131.370,128.100,129.070,129.180,5283300,683314857.000,400,129.070,600,129.010,12900,129.000,500,128.990,400,128.980,100,129.180,11700,129.200,1200,129.210,500,129.330,900,129.340,2020-12-28,10:18:59,00,";
var hq_str_sh603259="药明康德,131.370,131.500,129.270,131.370,128.100,129.270,129.320,5328200,689115567.000,300,129.270,100,129.260,100,129.250,400,129.240,300,129.220,1000,129.320,200,129.330,500,129.340,700,129.350,600,129.470,2020-12-28,10:19:59,00,";
var hq_str_sh603259="药明康德,131.370,131.500,129.350,131.370,128.100,129.340,129.350,5348040,691680747.000,400,129.340,600,129.290,100,129.280,100,129.250,200,129.220,700,129.350,100,129.460,600,129.470,500,129.490,500,129.500,2020-12-28,10:20:59,00,";
var hq_str_sh603259="药明康德,131.370,131.500,129.490,131.370,128.100,129.360,129.450,5391940,697358436.000,900,129.360,600,129.350,100,129.340,200,129.320,100,129.230,100,129.450,1300,129.490,500,129.500,600,129.510,300,129.600,2020-12-28,10:21:59,00,";
var hq_str_sh603259="药明康德,131.370,131.500,129.110,131.370,128.100,129.100,129.110,5437240,703210077.000,100,129.100,200,129.090,1100,129.080,1500,129.060,300,129.050,300,129.110,600,129.180,200,129.190,700,129.200,200,129.210,2020-12-28,10:22:56,00,";
var hq_str_sh603259="药明康德,131.370,131.500,129.360,131.370,128.100,129.340,129.360,5465740,706891526.000,100,129.340,100,129.330,200,129.310,400,129.300,2300,129.210,700,129.360,100,129.410,600,129.420,900,129.450,100,129.470,2020-12-28,10:23:59,00,";
var hq_str_sh603259="药明康德,131.370,131.500,129.730,131.370,128.100,129.660,129.730,5503640,711802376.000,100,129.660,200,129.630,3300,129.560,400,129.550,100,129.540,2000,129.730,300,129.760,100,129.780,200,129.790,2700,129.800,2020-12-28,10:24:59,00,";
var hq_str_sh603259="药明康德,131.370,131.500,129.860,131.370,128.100,129.710,129.830,5584640,722314515.000,500,129.710,13400,129.500,2200,129.470,200,129.460,1700,129.360,200,129.830,3500,129.860,1600,129.870,180,129.890,400,129.900,2020-12-28,10:25:59,00,";
var hq_str_sh603259="药明康德,131.370,131.500,129.810,131.370,128.100,129.800,129.810,5690740,736083319.000,29600,129.800,100,129.750,1300,129.700,200,129.690,500,129.680,3100,129.810,14227,130.000,100,130.030,900,130.050,200,130.060,2020-12-28,10:26:59,00,";
var hq_str_sh603259="药明康德,131.370,131.500,130.380,131.370,128.100,130.350,130.370,5809967,751598636.000,1600,130.350,200,130.330,1700,130.300,500,130.250,500,130.240,3400,130.370,400,130.420,1200,130.440,500,130.480,100,130.490,2020-12-28,10:27:59,00,";
var hq_str_sh603259="药明康德,131.370,131.500,130.350,131.370,128.100,130.300,130.350,5868667,759243243.000,7600,130.300,100,130.290,100,130.280,400,130.270,200,130.260,700,130.350,400,130.370,500,130.380,1400,130.420,1200,130.440,2020-12-28,10:28:59,00,";
var hq_str_sh603259="药明康德,131.370,131.500,130.550,131.370,128.100,130.530,130.550,5983567,774223843.000,400,130.530,6000,130.500,500,130.470,100,130.460,300,130.450,1500,130.550,200,130.600,200,130.680,3300,130.700,20200,130.800,2020-12-28,10:29:59,00,";
var hq_str_sh603259="药明康德,131.370,131.500,130.900,131.370,128.100,130.880,130.900,6090858,788251673.000,800,130.880,200,130.860,800,130.850,2300,130.830,14700,130.800,4200,130.900,100,130.960,300,130.980,1100,130.990,10280,131.000,2020-12-28,10:30:59,00,";
var hq_str_sh603259="药明康德,131.370,131.500,131.070,131.370,128.100,130.900,131.000,6289678,814297345.000,1100,130.900,400,130.880,300,130.810,9580,130.800,200,130.780,400,131.000,300,131.070,6300,131.080,5800,131.090,9600,131.100,2020-12-28,10:31:59,00,";
var hq_str_sh603259="药明康德,131.370,131.500,130.800,131.370,128.100,130.800,130.810,6420978,831502369.000,8380,130.800,700,130.790,100,130.780,100,130.770,400,130.710,200,130.810,200,130.890,1500,131.000,400,131.010,200,131.020,2020-12-28,10:32:59,00,";
var hq_str_sh603259="药明康德,131.370,131.500,131.060,131.370,128.100,131.010,131.060,6498578,841664117.000,100,131.010,100,131.000,1600,130.990,300,130.980,1000,130.960,2200,131.060,240,131.100,10000,131.190,100,131.200,100,131.210,2020-12-28,10:33:59,00,";
var hq_str_sh603259="药明康德,131.370,131.500,130.830,131.370,128.100,130.820,130.890,6559078,849588943.000,100,130.820,700,130.810,5500,130.800,400,130.730,300,130.720,900,130.890,400,130.910,400,130.920,100,130.980,1700,130.990,2020-12-28,10:34:59,00,";
var hq_str_sh603259="药明康德,131.370,131.500,131.300,131.500,128.100,131.270,131.300,6646478,861055651.000,300,131.270,5600,131.120,500,131.100,500,131.070,2100,131.060,3100,131.300,100,131.360,500,131.370,500,131.470,1100,131.480,2020-12-28,10:35:59,00,";
var hq_str_sh603259="药明康德,131.370,131.500,131.000,131.500,128.100,130.900,131.000,6707278,869023153.000,1200,130.900,300,130.890,500,130.850,400,130.830,300,130.820,1600,131.000,700,131.040,1300,131.050,100,131.090,2700,131.100,2020-12-28,10:36:59,00,";
var hq_str_sh603259="药明康德,131.370,131.500,131.290,131.500,128.100,131.270,131.290,6777058,878179148.000,200,131.270,1000,131.250,2820,131.240,34200,131.100,1200,131.040,11500,131.290,2600,131.300,100,131.450,1000,131.470,1400,131.480,2020-12-28,10:37:58,00,";
var hq_str_sh603259="药明康德,131.370,131.500,131.040,131.500,128.100,130.890,131.040,6911778,895850669.000,1100,130.890,100,130.880,500,130.850,200,130.830,100,130.820,5500,131.040,200,131.050,100,131.060,1300,131.090,1600,131.100,2020-12-28,10:38:59,00,";
var hq_str_sh603259="药明康德,131.370,131.500,130.900,131.500,128.100,130.880,130.900,6976378,904301356.000,100,130.880,4600,130.870,1000,130.760,200,130.700,200,130.680,3400,130.900,5400,131.000,300,131.060,52600,131.200,200,131.290,2020-12-28,10:39:59,00,";
var hq_str_sh603259="药明康德,131.370,131.500,130.680,131.500,128.100,130.680,130.690,7028878,911172698.000,100,130.680,200,130.650,400,130.590,400,130.560,400,130.530,1600,130.690,600,130.700,100,130.720,300,130.750,100,130.760,2020-12-28,10:40:59,00,";
var hq_str_sh603259="药明康德,131.370,131.500,130.420,131.500,128.100,130.350,130.420,7059278,915140387.000,2300,130.350,100,130.250,100,130.240,200,130.210,200,130.200,1100,130.420,100,130.440,100,130.480,400,130.490,300,130.500,2020-12-28,10:41:59,00,";
var hq_str_sh603259="药明康德,131.370,131.500,130.270,131.500,128.100,130.260,130.270,7095978,919924604.000,200,130.260,1100,130.250,100,130.240,400,130.210,200,130.200,200,130.270,1500,130.280,760,130.300,1800,130.310,1700,130.350,2020-12-28,10:42:59,00,";
var hq_str_sh603259="药明康德,131.370,131.500,130.310,131.500,128.100,130.290,130.310,7136138,925160643.000,1900,130.290,1340,130.280,100,130.260,100,130.250,100,130.240,1000,130.310,100,130.330,700,130.350,2600,130.360,1100,130.420,2020-12-28,10:43:59,00,";
var hq_str_sh603259="药明康德,131.370,131.500,130.100,131.500,128.100,130.050,130.100,7179238,930773780.000,1000,130.050,200,130.030,700,130.020,3800,130.010,8200,130.000,1000,130.100,100,130.130,500,130.150,1300,130.190,300,130.200,2020-12-28,10:44:59,00,";
var hq_str_sh603259="药明康德,131.370,131.500,130.000,131.500,128.100,130.010,130.190,7244238,939221068.000,500,130.010,6000,130.000,300,129.990,100,129.930,200,129.920,500,130.190,2300,130.340,100,130.350,1300,130.360,2000,130.490,2020-12-28,10:45:59,00,";
var hq_str_sh603259="药明康德,131.370,131.500,130.190,131.500,128.100,130.190,130.290,7284638,944481294.000,700,130.190,200,130.180,400,130.150,100,130.050,4200,130.000,200,130.290,5200,130.300,800,130.340,300,130.350,1300,130.360,2020-12-28,10:46:59,00,";
var hq_str_sh603259="药明康德,131.370,131.500,130.210,131.500,128.100,130.200,130.210,7313038,948178385.000,100,130.200,400,130.160,200,130.150,100,130.140,1400,130.120,1500,130.210,100,130.250,7500,130.280,800,130.290,1700,130.300,2020-12-28,10:47:59,00,";
var hq_str_sh603259="药明康德,131.370,131.500,129.860,131.500,128.100,129.850,129.890,7378038,956633389.000,600,129.850,100,129.810,2400,129.800,1200,129.700,200,129.690,300,129.890,2300,129.900,100,129.910,100,129.920,100,129.930,2020-12-28,10:48:59,00,";
var hq_str_sh603259="药明康德,131.370,131.500,129.790,131.500,128.100,129.740,129.790,7452238,966252486.000,100,129.740,600,129.730,100,129.720,200,129.610,1100,129.600,1900,129.790,5100,129.850,500,129.890,200,129.900,500,129.920,2020-12-28,10:49:59,00,";
var hq_str_sh603259="药明康德,131.370,131.500,130.080,131.500,128.100,129.850,130.080,7504938,973101121.000,900,129.850,300,129.810,5200,129.800,300,129.790,200,129.760,5800,130.080,600,130.090,100,130.260,200,130.280,1500,130.300,2020-12-28,10:50:59,00,";
var hq_str_sh603259="药明康德,131.370,131.500,130.020,131.500,128.100,130.010,130.020,7547338,978613793.000,1100,130.010,3400,130.000,200,129.990,100,129.950,200,129.930,500,130.020,1200,130.040,300,130.130,1900,130.250,300,130.270,2020-12-28,10:51:59,00,";
var hq_str_sh603259="药明康德,131.370,131.500,130.350,131.500,128.100,130.310,130.350,7583138,983276361.000,100,130.310,1200,130.300,2300,130.290,100,130.270,400,130.210,500,130.350,800,130.360,600,130.420,1400,130.480,2500,130.490,2020-12-28,10:52:59,00,";
var hq_str_sh603259="药明康德,131.370,131.500,130.080,131.500,128.100,130.060,130.080,7615938,987546429.000,100,130.060,300,130.050,100,130.040,1900,130.030,5600,130.000,900,130.080,3900,130.100,5900,130.190,600,130.200,2300,130.310,2020-12-28,10:53:59,00,";
var hq_str_sh603259="药明康德,131.370,131.500,129.970,131.500,128.100,129.930,129.970,7659138,993163367.000,200,129.930,100,129.920,100,129.910,2200,129.900,200,129.890,1000,129.970,300,130.000,200,130.160,200,130.170,5000,130.190,2020-12-28,10:54:59,00,";
var hq_str_sh603259="药明康德,131.370,131.500,129.920,131.500,128.100,129.920,129.930,7696538,998024962.000,100,129.920,1900,129.910,2500,129.900,200,129.890,900,129.880,400,129.930,600,129.990,300,130.000,196,130.030,500,130.040,2020-12-28,10:55:59,00,";
var hq_str_sh603259="药明康德,131.370,131.500,130.190,131.500,128.100,130.190,130.200,7745334,1004375770.000,1300,130.190,200,130.140,100,130.090,600,130.080,800,130.050,300,130.200,1000,130.470,300,130.480,2300,130.490,1100,130.500,2020-12-28,10:56:59,00,";
var hq_str_sh603259="药明康德,131.370,131.500,130.050,131.500,128.100,129.890,130.050,7829074,1015271431.000,800,129.890,2400,129.810,6500,129.800,500,129.790,400,129.780,900,130.050,200,130.090,1100,130.120,100,130.130,100,130.140,2020-12-28,10:57:59,00,";
var hq_str_sh603259="药明康德,131.370,131.500,130.220,131.500,128.100,130.080,130.340,7867374,1020250220.000,800,130.080,100,130.060,100,130.040,300,130.000,2000,129.990,100,130.340,1600,130.350,500,130.400,100,130.490,100,130.500,2020-12-28,10:58:59,00,";
var hq_str_sh603259="药明康德,131.370,131.500,130.060,131.500,128.100,130.050,130.060,7893774,1023686009.000,200,130.050,3000,130.000,1700,129.990,500,129.960,400,129.930,1200,130.060,500,130.070,200,130.080,100,130.130,100,130.240,2020-12-28,10:59:59,00,";
var hq_str_sh603259="药明康德,131.370,131.500,130.090,131.500,128.100,130.070,130.090,7927574,1028081582.000,300,130.070,100,130.050,100,130.030,1500,130.000,400,129.990,100,130.090,900,130.120,4000,130.200,1000,130.220,100,130.230,2020-12-28,11:00:59,00,";
var hq_str_sh603259="药明康德,131.370,131.500,130.050,131.500,128.100,130.010,130.080,8002974,1037888995.000,100,130.010,28100,130.000,100,129.990,800,129.960,400,129.930,1200,130.080,600,130.180,400,130.190,3800,130.200,1000,130.220,2020-12-28,11:01:59,00,";
var hq_str_sh603259="药明康德,131.370,131.500,130.200,131.500,128.100,130.190,130.200,8036674,1042272396.000,100,130.190,1800,130.170,1800,130.160,1500,130.130,200,130.090,4600,130.200,1000,130.220,100,130.230,100,130.240,5000,130.280,2020-12-28,11:02:59,00,";
var hq_str_sh603259="药明康德,131.370,131.500,130.260,131.500,128.100,130.160,130.260,8078874,1047767259.000,100,130.160,15900,130.150,9900,130.100,200,130.090,18000,130.050,1100,130.260,1700,130.280,100,130.290,4565,130.300,1400,130.350,2020-12-28,11:03:59,00,";
var hq_str_sh603259="药明康德,131.370,131.500,130.180,131.500,128.100,130.170,130.180,8117574,1052807030.000,100,130.170,400,130.160,11000,130.150,400,130.140,400,130.110,1000,130.180,300,130.220,400,130.230,100,130.250,300,130.280,2020-12-28,11:04:59,00,";
var hq_str_sh603259="药明康德,131.370,131.500,130.400,131.500,128.100,130.400,130.500,8138839,1055577429.000,400,130.400,200,130.360,2000,130.310,10200,130.300,1100,130.290,500,130.500,100,130.570,100,130.580,1000,130.750,100,130.770,2020-12-28,11:05:59,00,";
var hq_str_sh603259="药明康德,131.370,131.500,130.510,131.500,128.100,130.490,130.500,8177439,1060615899.000,400,130.490,200,130.480,100,130.470,300,130.460,100,130.450,200,130.500,700,130.510,1000,130.560,5100,130.700,500,130.730,2020-12-28,11:06:59,00,";
var hq_str_sh603259="药明康德,131.370,131.500,130.350,131.500,128.100,130.330,130.350,8257139,1071021765.000,100,130.330,500,130.320,2000,130.310,10700,130.300,1000,130.290,300,130.350,100,130.360,300,130.370,100,130.380,200,130.390,2020-12-28,11:07:59,00,";
var hq_str_sh603259="药明康德,131.370,131.500,129.830,131.500,128.100,129.830,129.840,8416274,1091720364.000,100,129.830,1200,129.810,7500,129.800,500,129.790,800,129.780,5900,129.840,100,129.850,500,129.880,1700,129.890,1200,129.910,2020-12-28,11:08:59,00,";
var hq_str_sh603259="药明康德,131.370,131.500,129.980,131.500,128.100,129.970,129.980,8490274,1101330521.000,200,129.970,900,129.910,100,129.900,100,129.890,1300,129.870,300,129.980,1600,130.000,100,130.040,300,130.090,300,130.110,2020-12-28,11:09:59,00,";
var hq_str_sh603259="药明康德,131.370,131.500,130.310,131.500,128.100,130.330,130.340,8546274,1108634031.000,400,130.330,100,130.310,7200,130.250,1400,130.210,300,130.130,200,130.340,200,130.370,1600,130.400,2900,130.410,600,130.420,2020-12-28,11:10:59,00,";
var hq_str_sh603259="药明康德,131.370,131.500,130.000,131.500,128.100,130.020,130.040,8603774,1116119169.000,100,130.020,21300,130.000,500,129.910,100,129.900,100,129.890,1500,130.040,800,130.050,600,130.080,500,130.190,2700,130.200,2020-12-28,11:11:59,00,";
var hq_str_sh603259="药明康德,131.370,131.500,130.000,131.500,128.100,129.930,129.950,8667874,1124447721.000,100,129.930,100,129.910,1200,129.900,200,129.880,800,129.850,400,129.950,1600,130.040,300,130.080,500,130.160,100,130.190,2020-12-28,11:12:59,00,";
var hq_str_sh603259="药明康德,131.370,131.500,129.880,131.500,128.100,129.860,129.880,8701674,1128838510.000,2500,129.860,1000,129.810,10000,129.800,700,129.790,100,129.760,200,129.880,900,129.900,200,129.910,300,129.970,200,129.980,2020-12-28,11:13:59,00,";
var hq_str_sh603259="药明康德,131.370,131.500,129.700,131.500,128.100,129.680,129.690,8740474,1133873082.000,1700,129.680,800,129.660,2100,129.650,100,129.640,200,129.610,100,129.690,2000,129.720,400,129.800,100,129.810,100,129.860,2020-12-28,11:14:59,00,";
var hq_str_sh603259="药明康德,131.370,131.500,130.030,131.500,128.100,130.000,130.030,8768774,1137548002.000,1600,130.000,100,129.900,29400,129.890,800,129.820,3100,129.810,2900,130.030,300,130.040,200,130.080,100,130.150,600,130.160,2020-12-28,11:15:59,00,";
var hq_str_sh603259="药明康德,131.370,131.500,129.710,131.500,128.100,129.700,129.710,8842274,1147090916.000,100,129.700,300,129.680,300,129.660,100,129.650,100,129.640,200,129.710,1500,129.720,200,129.760,200,129.830,6400,129.880,2020-12-28,11:16:59,00,";
var hq_str_sh603259="药明康德,131.370,131.500,129.660,131.500,128.100,129.640,129.660,8895274,1153965551.000,300,129.640,500,129.630,1000,129.620,3900,129.610,6300,129.600,1100,129.660,100,129.670,100,129.680,100,129.690,600,129.710,2020-12-28,11:17:59,00,";
var hq_str_sh603259="药明康德,131.370,131.500,129.760,131.500,128.100,129.750,129.760,8923574,1157636408.000,600,129.750,1400,129.740,500,129.730,4000,129.720,4400,129.710,600,129.760,1600,129.770,300,129.780,200,129.810,200,129.870,2020-12-28,11:18:59,00,";
var hq_str_sh603259="药明康德,131.370,131.500,129.980,131.500,128.100,129.910,129.980,8948974,1160934296.000,1200,129.910,500,129.900,2400,129.880,2600,129.870,200,129.860,4100,129.980,1000,129.990,300,130.000,200,130.030,100,130.150,2020-12-28,11:19:59,00,";
var hq_str_sh603259="药明康德,131.370,131.500,129.830,131.500,128.100,129.820,129.830,8980674,1165051132.000,3300,129.820,3500,129.810,400,129.800,2400,129.780,2700,129.770,500,129.830,500,129.870,100,129.890,500,129.900,100,129.910,2020-12-28,11:20:59,00,";
var hq_str_sh603259="药明康德,131.370,131.500,129.660,131.500,128.100,129.660,129.670,9038474,1172552530.000,400,129.660,600,129.650,300,129.640,100,129.620,4000,129.610,3200,129.670,900,129.690,1400,129.700,400,129.720,200,129.730,2020-12-28,11:21:59,00,";
var hq_str_sh603259="药明康德,131.370,131.500,129.840,131.500,128.100,129.800,129.820,9070974,1176768497.000,3400,129.800,300,129.780,1900,129.770,3200,129.760,300,129.740,500,129.820,2700,129.840,600,129.850,500,129.900,300,129.950,2020-12-28,11:22:59,00,";
var hq_str_sh603259="药明康德,131.370,131.500,130.070,131.500,128.100,130.030,130.060,9092214,1179528102.000,5000,130.030,500,130.000,400,129.960,2060,129.950,400,129.930,100,130.060,1800,130.070,400,130.080,600,130.150,500,130.160,2020-12-28,11:23:59,00,";
var hq_str_sh603259="药明康德,131.370,131.500,130.310,131.500,128.100,130.310,130.380,9117514,1182823520.000,900,130.310,500,130.300,1900,130.270,100,130.190,100,130.170,300,130.380,2100,130.400,6000,130.430,800,130.440,2200,130.480,2020-12-28,11:24:59,00,";
var hq_str_sh603259="药明康德,131.370,131.500,130.100,131.500,128.100,130.120,130.150,9151714,1187276701.000,200,130.120,100,130.100,600,130.090,100,130.080,200,130.070,200,130.150,1000,130.170,400,130.220,1400,130.250,500,130.290,2020-12-28,11:25:59,00,";
var hq_str_sh603259="药明康德,131.370,131.500,130.150,131.500,128.100,130.030,130.150,9177714,1190659782.000,300,130.030,400,130.020,600,130.010,1700,130.000,4960,129.950,900,130.150,500,130.160,300,130.170,1500,130.240,1400,130.250,2020-12-28,11:26:59,00,";
var hq_str_sh603259="药明康德,131.370,131.500,130.130,131.500,128.100,130.090,130.110,9195975,1193035424.000,656,130.090,400,130.060,100,130.050,1000,130.040,900,129.960,300,130.110,500,130.130,500,130.140,1200,130.150,300,130.170,2020-12-28,11:27:59,00,";
var hq_str_sh603259="药明康德,131.370,131.500,130.150,131.500,128.100,130.150,130.210,9230175,1197485990.000,3356,130.150,30100,130.140,700,130.080,4900,130.070,100,130.060,1600,130.210,1200,130.230,1600,130.240,1400,130.250,100,130.290,2020-12-28,11:28:59,00,";
var hq_str_sh603259="药明康德,131.370,131.500,130.010,131.500,128.100,130.010,130.090,9287975,1205006743.000,500,130.010,500,130.000,400,129.970,3100,129.960,556,129.950,100,130.090,700,130.110,1600,130.140,6100,130.160,6600,130.200,2020-12-28,11:29:59,00,";
var hq_str_sh603259="药明康德,131.370,131.500,130.020,131.500,128.100,130.010,130.060,9288275,1205045747.000,300,130.010,500,130.000,400,129.970,3100,129.960,556,129.950,200,130.060,100,130.090,700,130.110,1300,130.140,6100,130.160,2020-12-28,13:00:00,00,";
var hq_str_sh603259="药明康德,131.370,131.500,130.050,131.500,128.100,130.050,130.060,9436475,1224329110.000,200,130.050,1800,130.020,15800,130.010,3200,130.000,900,129.980,10920,130.060,2000,130.120,100,130.140,400,130.240,400,130.350,2020-12-28,13:01:00,00,";
var hq_str_sh603259="药明康德,131.370,131.500,129.920,131.500,128.100,129.900,129.920,9477231,1229628143.000,2100,129.900,100,129.890,100,129.880,600,129.870,4600,129.860,100,129.920,244,129.950,4700,130.000,3200,130.010,100,130.020,2020-12-28,13:02:00,00,";
var hq_str_sh603259="药明康德,131.370,131.500,129.780,131.500,128.100,129.760,129.800,9543031,1238174841.000,2700,129.760,200,129.750,600,129.710,800,129.700,1200,129.680,5200,129.800,1000,129.810,300,129.820,7800,129.840,200,129.900,2020-12-28,13:03:00,00,";
var hq_str_sh603259="药明康德,131.370,131.500,130.000,131.500,128.100,129.840,130.000,9600931,1245695369.000,2000,129.840,300,129.830,300,129.820,700,129.810,1300,129.800,2001,130.000,7900,130.010,300,130.050,600,130.060,100,130.070,2020-12-28,13:03:57,00,";
var hq_str_sh603259="药明康德,131.370,131.500,129.990,131.500,128.100,129.990,130.000,9642431,1251084020.000,4200,129.990,300,129.810,10400,129.800,700,129.770,17850,129.760,4001,130.000,14620,130.010,100,130.020,300,130.050,500,130.060,2020-12-28,13:05:00,00,";
var hq_str_sh603259="药明康德,131.370,131.500,129.860,131.500,128.100,129.840,129.860,9716352,1260686209.000,800,129.840,400,129.810,100,129.790,100,129.780,10900,129.770,100,129.860,100,129.870,600,129.880,100,130.000,100,130.040,2020-12-28,13:05:57,00,";
var hq_str_sh603259="药明康德,131.370,131.500,129.940,131.500,128.100,129.910,129.940,9732052,1262725881.000,900,129.910,3000,129.900,400,129.880,1300,129.870,3500,129.860,700,129.940,1600,129.980,100,129.990,200,130.050,100,130.140,2020-12-28,13:07:00,00,";
var hq_str_sh603259="药明康德,131.370,131.500,130.000,131.500,128.100,130.000,130.020,9760052,1266365343.000,12900,130.000,1500,129.990,1000,129.970,700,129.960,200,129.920,200,130.020,300,130.050,100,130.160,100,130.170,2800,130.360,2020-12-28,13:08:01,00,";
var hq_str_sh603259="药明康德,131.370,131.500,130.090,131.500,128.100,130.090,130.130,9777352,1268617034.000,300,130.090,7100,130.080,4400,130.050,400,130.040,3100,130.020,100,130.130,200,130.340,100,130.350,1300,130.380,200,130.390,2020-12-28,13:08:57,00,";
var hq_str_sh603259="药明康德,131.370,131.500,130.110,131.500,128.100,130.110,130.130,9802252,1271856891.000,300,130.110,4800,130.100,1100,130.090,5500,130.080,200,130.060,1900,130.130,400,130.330,2100,130.340,2400,130.350,100,130.370,2020-12-28,13:09:57,00,";
var hq_str_sh603259="药明康德,131.370,131.500,130.240,131.500,128.100,130.220,130.240,9829152,1275359136.000,4600,130.220,2300,130.200,200,130.190,2300,130.150,600,130.130,600,130.240,1400,130.250,800,130.320,600,130.330,2000,130.340,2020-12-28,13:11:00,00,";
var hq_str_sh603259="药明康德,131.370,131.500,130.060,131.500,128.100,130.060,130.110,9870752,1280772590.000,100,130.060,500,130.050,100,130.030,200,130.020,13200,130.000,1000,130.110,200,130.120,900,130.130,1680,130.190,5200,130.200,2020-12-28,13:12:00,00,";
var hq_str_sh603259="药明康德,131.370,131.500,130.040,131.500,128.100,130.040,130.080,9894552,1283867736.000,2900,130.040,1300,130.030,100,130.020,1000,130.010,9800,130.000,1400,130.080,100,130.130,600,130.180,1680,130.190,5500,130.200,2020-12-28,13:13:00,00,";
var hq_str_sh603259="药明康德,131.370,131.500,130.050,131.500,128.100,130.040,130.050,9909952,1285870807.000,3600,130.040,100,130.020,1000,130.010,10200,130.000,100,129.990,300,130.050,300,130.080,100,130.150,1000,130.180,1480,130.190,2020-12-28,13:14:00,00,";
var hq_str_sh603259="药明康德,131.370,131.500,130.140,131.500,128.100,130.140,130.160,9934652,1289085445.000,400,130.140,200,130.100,400,130.090,1500,130.080,500,130.070,400,130.160,3600,130.180,3400,130.190,1880,130.200,3100,130.220,2020-12-28,13:15:00,00,";
var hq_str_sh603259="药明康德,131.370,131.500,130.090,131.500,128.100,130.090,130.100,9963652,1292856752.000,300,130.090,200,129.990,800,129.980,700,129.950,900,129.910,1500,130.100,200,130.170,2800,130.180,5700,130.190,1780,130.200,2020-12-28,13:16:00,00,";
var hq_str_sh603259="药明康德,131.370,131.500,130.030,131.500,128.100,130.030,130.040,9982352,1295288856.000,700,130.030,15200,130.020,500,130.010,100,130.000,400,129.980,300,130.040,2820,130.080,500,130.090,500,130.100,1000,130.120,2020-12-28,13:17:00,00,";
var hq_str_sh603259="药明康德,131.370,131.500,129.950,131.500,128.100,129.950,130.080,10033352,1301917402.000,3700,129.950,800,129.940,400,129.920,700,129.910,15000,129.900,920,130.080,300,130.090,1000,130.120,1860,130.180,3700,130.190,2020-12-28,13:18:00,00,";
var hq_str_sh603259="药明康德,131.370,131.500,129.760,131.500,128.100,129.720,129.760,10083452,1308425211.000,200,129.720,100,129.710,500,129.700,1650,129.680,200,129.670,200,129.760,1200,129.770,800,129.800,100,129.810,100,129.820,2020-12-28,13:19:00,00,";
var hq_str_sh603259="药明康德,131.370,131.500,129.770,131.500,128.100,129.810,129.830,10107952,1311604756.000,100,129.810,900,129.800,300,129.780,5500,129.770,1700,129.760,700,129.830,1400,129.850,200,129.890,100,129.940,200,130.000,2020-12-28,13:19:57,00,";
var hq_str_sh603259="药明康德,131.370,131.500,130.000,131.500,128.100,130.000,130.120,10124752,1313787514.000,1000,130.000,200,129.950,2300,129.940,700,129.890,500,129.880,900,130.120,400,130.150,1860,130.180,2280,130.200,600,130.250,2020-12-28,13:21:00,00,";
var hq_str_sh603259="药明康德,131.370,131.500,130.010,131.500,128.100,130.010,130.060,10149952,1317063839.000,300,130.010,1100,130.000,17500,129.990,500,129.960,300,129.950,300,130.060,1900,130.120,100,130.130,1860,130.180,100,130.190,2020-12-28,13:21:57,00,";
var hq_str_sh603259="药明康德,131.370,131.500,130.340,131.500,128.100,130.200,130.300,10194972,1322922962.000,500,130.200,600,130.130,300,130.100,200,130.060,200,130.010,540,130.300,2000,130.350,4056,130.400,100,130.490,3469,130.500,2020-12-28,13:22:57,00,";
var hq_str_sh603259="药明康德,131.370,131.500,130.300,131.500,128.100,130.300,130.320,10218372,1325971134.000,9000,130.300,100,130.210,1300,130.200,200,130.080,300,130.050,100,130.320,600,130.340,1900,130.350,4056,130.400,700,130.490,2020-12-28,13:24:00,00,";
var hq_str_sh603259="药明康德,131.370,131.500,130.210,131.500,128.100,130.210,130.220,10251872,1330333715.000,300,130.210,1700,130.100,4000,130.010,1000,130.000,400,129.990,800,130.220,300,130.230,200,130.240,200,130.260,400,130.270,2020-12-28,13:25:00,00,";
var hq_str_sh603259="药明康德,131.370,131.500,130.180,131.500,128.100,130.110,130.170,10277372,1333653587.000,800,130.110,4000,130.010,2200,130.000,300,129.990,200,129.980,200,130.170,500,130.210,100,130.220,100,130.240,200,130.290,2020-12-28,13:26:00,00,";
var hq_str_sh603259="药明康德,131.370,131.500,130.060,131.500,128.100,130.060,130.140,10301772,1336828784.000,100,130.060,700,130.040,200,130.030,3900,130.010,2300,130.000,100,130.140,700,130.150,500,130.210,100,130.280,200,130.290,2020-12-28,13:27:00,00,";
var hq_str_sh603259="药明康德,131.370,131.500,130.190,131.500,128.100,130.160,130.260,10331272,1340671784.000,200,130.160,400,130.140,200,130.130,100,130.120,300,130.060,1000,130.260,200,130.300,1000,130.390,5956,130.400,100,130.490,2020-12-28,13:28:00,00,";
var hq_str_sh603259="药明康德,131.370,131.500,130.030,131.500,128.100,130.030,130.090,10364872,1345042878.000,300,130.030,400,130.020,1200,130.000,300,129.990,200,129.980,100,130.090,1300,130.100,100,130.110,100,130.120,100,130.140,2020-12-28,13:29:00,00,";
var hq_str_sh603259="药明康德,131.370,131.500,129.990,131.500,128.100,129.960,130.000,10387872,1348033840.000,300,129.960,100,129.940,100,129.880,200,129.870,400,129.850,900,130.000,100,130.030,300,130.040,200,130.080,200,130.090,2020-12-28,13:30:00,00,";
var hq_str_sh603259="药明康德,131.370,131.500,129.960,131.500,128.100,129.890,129.960,10411872,1351152883.000,500,129.890,2700,129.880,200,129.870,100,129.860,400,129.850,500,129.960,300,130.000,1700,130.050,100,130.080,500,130.200,2020-12-28,13:31:00,00,";
var hq_str_sh603259="药明康德,131.370,131.500,130.330,131.500,128.100,130.330,130.360,10430072,1353519105.000,1300,130.330,100,130.260,1400,130.250,100,130.210,1100,130.200,200,130.360,5300,130.400,100,130.490,3469,130.500,1000,130.510,2020-12-28,13:31:57,00,";
var hq_str_sh603259="药明康德,131.370,131.500,130.330,131.500,128.100,130.300,130.350,10479472,1359953755.000,200,130.300,500,130.250,4700,130.220,700,130.210,3500,130.170,700,130.350,5300,130.400,100,130.490,3469,130.500,100,130.560,2020-12-28,13:32:57,00,";
var hq_str_sh603259="药明康德,131.370,131.500,130.350,131.500,128.100,130.350,130.370,10508672,1363758722.000,100,130.350,100,130.330,1000,130.320,1600,130.310,1800,130.300,100,130.370,4000,130.400,100,130.490,4269,130.500,100,130.560,2020-12-28,13:34:00,00,";
var hq_str_sh603259="药明康德,131.370,131.500,130.240,131.500,128.100,130.240,130.270,10542972,1368225930.000,800,130.240,700,130.200,500,130.190,100,130.100,900,130.060,500,130.270,400,130.300,300,130.310,300,130.320,100,130.380,2020-12-28,13:34:57,00,";
var hq_str_sh603259="药明康德,131.370,131.500,130.270,131.500,128.100,130.270,130.320,10569772,1371715030.000,400,130.270,800,130.260,200,130.220,100,130.150,1000,130.140,500,130.320,100,130.350,300,130.360,600,130.370,1300,130.380,2020-12-28,13:36:00,00,";
var hq_str_sh603259="药明康德,131.370,131.500,130.170,131.500,128.100,130.160,130.180,10600572,1375725648.000,10300,130.160,100,130.150,1200,130.140,100,130.120,1000,130.100,600,130.180,400,130.200,200,130.210,100,130.220,700,130.240,2020-12-28,13:36:57,00,";
var hq_str_sh603259="药明康德,131.370,131.500,130.280,131.500,128.100,130.230,130.280,10639872,1380843836.000,200,130.230,100,130.220,1200,130.210,900,130.200,300,130.190,700,130.280,300,130.320,800,130.330,400,130.340,200,130.350,2020-12-28,13:38:00,00,";
var hq_str_sh603259="药明康德,131.370,131.500,129.960,131.500,128.100,129.970,129.980,10696072,1388157338.000,400,129.970,300,129.960,1100,129.910,1400,129.900,100,129.860,100,129.980,2800,129.990,500,130.000,400,130.010,100,130.020,2020-12-28,13:39:00,00,";
var hq_str_sh603259="药明康德,131.370,131.500,129.900,131.500,128.100,129.900,129.910,10747172,1394798115.000,600,129.900,300,129.890,100,129.880,200,129.870,100,129.860,1700,129.910,300,129.930,500,129.960,400,129.970,2100,129.990,2020-12-28,13:40:00,00,";
var hq_str_sh603259="药明康德,131.370,131.500,129.950,131.500,128.100,129.950,129.990,10772372,1398072420.000,4900,129.950,900,129.930,1100,129.920,600,129.910,2600,129.900,800,129.990,4000,130.000,100,130.020,500,130.120,5000,130.150,2020-12-28,13:41:00,00,";
var hq_str_sh603259="药明康德,131.370,131.500,129.890,131.500,128.100,129.880,129.900,10805072,1402320703.000,2900,129.880,2100,129.870,3800,129.860,800,129.850,2200,129.840,1400,129.900,600,130.000,100,130.020,100,130.100,500,130.120,2020-12-28,13:41:57,00,";
var hq_str_sh603259="药明康德,131.370,131.500,130.030,131.500,128.100,130.000,130.010,10822972,1404647744.000,2700,130.000,10400,129.990,200,129.970,100,129.950,200,129.940,200,130.010,100,130.060,1800,130.140,1900,130.150,1000,130.170,2020-12-28,13:43:00,00,";
var hq_str_sh603259="药明康德,131.370,131.500,130.060,131.500,128.100,130.040,130.060,10843845,1407362912.000,1100,130.040,400,130.030,600,130.010,2500,130.000,9700,129.990,2078,130.060,300,130.080,100,130.120,100,130.150,600,130.170,2020-12-28,13:44:00,00,";
var hq_str_sh603259="药明康德,131.370,131.500,130.120,131.500,128.100,130.120,130.290,10869363,1410684066.000,160,130.120,500,130.110,100,130.100,22,130.080,100,130.070,100,130.290,700,130.300,3200,130.330,2700,130.350,400,130.360,2020-12-28,13:45:00,00,";
var hq_str_sh603259="药明康德,131.370,131.500,130.230,131.500,128.100,130.200,130.230,10894503,1413959346.000,260,130.200,100,130.130,500,130.120,100,130.100,22,130.080,600,130.230,700,130.240,100,130.260,4900,130.400,1000,130.420,2020-12-28,13:46:00,00,";
var hq_str_sh603259="药明康德,131.370,131.500,130.950,131.500,128.100,130.920,130.940,11189003,1452506535.000,100,130.920,200,130.810,300,130.780,10100,130.700,900,130.670,100,130.940,2300,130.960,7500,130.970,200,130.990,5100,131.000,2020-12-28,13:47:00,00,";
var hq_str_sh603259="药明康德,131.370,131.500,131.030,131.500,128.100,130.930,131.080,11274903,1463755748.000,200,130.930,700,130.920,500,130.900,100,130.890,400,130.840,100,131.080,6300,131.090,169,131.100,100,131.120,1100,131.150,2020-12-28,13:47:57,00,";
var hq_str_sh603259="药明康德,131.370,131.500,130.910,131.500,128.100,130.910,130.930,11322503,1469988767.000,300,130.910,1300,130.900,1000,130.890,200,130.880,3300,130.840,200,130.930,100,130.960,1400,131.070,12100,131.080,6400,131.090,2020-12-28,13:48:57,00,";
var hq_str_sh603259="药明康德,131.370,131.500,130.880,131.500,128.100,130.810,130.910,11368603,1476026902.000,100,130.810,800,130.710,400,130.680,1100,130.600,300,130.560,200,130.910,300,130.940,13600,130.950,300,130.980,400,131.000,2020-12-28,13:50:00,00,";
var hq_str_sh603259="药明康德,131.370,131.500,130.870,131.500,128.100,130.930,130.950,11414403,1482019699.000,200,130.930,500,130.700,600,130.680,100,130.620,100,130.610,7700,130.950,1700,130.960,300,130.990,1600,131.000,100,131.030,2020-12-28,13:51:00,00,";
var hq_str_sh603259="药明康德,131.370,131.500,130.640,131.500,128.100,130.640,130.670,11457403,1487644005.000,200,130.640,200,130.630,600,130.620,100,130.610,600,130.600,300,130.670,400,130.740,100,130.900,2800,130.920,2000,130.930,2020-12-28,13:52:00,00,";
var hq_str_sh603259="药明康德,131.370,131.500,130.810,131.500,128.100,130.810,130.820,11479203,1490495559.000,500,130.810,100,130.740,800,130.700,300,130.660,100,130.620,800,130.820,300,130.830,300,130.840,4200,130.910,2700,130.920,2020-12-28,13:53:00,00,";
var hq_str_sh603259="药明康德,131.370,131.500,130.760,131.500,128.100,130.760,130.850,11497903,1492941682.000,1400,130.760,1600,130.750,600,130.700,200,130.690,400,130.660,600,130.850,100,130.870,825,130.880,2000,130.900,4100,130.910,2020-12-28,13:54:00,00,";
var hq_str_sh603259="药明康德,131.370,131.500,130.700,131.500,128.100,130.700,130.710,11535803,1497899218.000,200,130.700,200,130.660,200,130.630,100,130.620,100,130.610,500,130.710,200,130.720,1500,130.750,100,130.800,2200,130.840,2020-12-28,13:55:00,00,";
var hq_str_sh603259="药明康德,131.370,131.500,130.300,131.500,128.100,130.200,130.300,11585103,1504335223.000,860,130.200,1000,130.150,100,130.130,200,130.120,22,130.080,14700,130.300,300,130.370,100,130.380,1000,130.390,200,130.420,2020-12-28,13:56:00,00,";
var hq_str_sh603259="药明康德,131.370,131.500,130.440,131.500,128.100,130.440,130.490,11622103,1509157024.000,100,130.440,300,130.380,700,130.310,200,130.290,200,130.230,200,130.490,100,130.500,200,130.590,8400,130.600,1000,130.670,2020-12-28,13:56:57,00,";
var hq_str_sh603259="药明康德,131.370,131.500,130.260,131.500,128.100,130.260,130.270,11645903,1512256971.000,100,130.260,700,130.240,2700,130.230,400,130.220,400,130.210,3200,130.270,300,130.280,800,130.360,7500,130.400,300,130.420,2020-12-28,13:58:00,00,";
var hq_str_sh603259="药明康德,131.370,131.500,130.360,131.500,128.100,130.260,130.360,11680603,1516779574.000,800,130.260,1700,130.230,200,130.210,100,130.180,600,130.170,1300,130.360,2200,130.370,7500,130.380,100,130.390,2500,130.400,2020-12-28,13:59:00,00,";
var hq_str_sh603259="药明康德,131.370,131.500,130.050,131.500,128.100,130.020,130.090,11763976,1527627576.000,300,130.020,1409,130.010,100,130.000,100,129.990,200,129.970,100,130.090,100,130.100,100,130.110,100,130.120,4100,130.170,2020-12-28,14:00:00,00,";
var hq_str_sh603259="药明康德,131.370,131.500,129.980,131.500,128.100,129.920,129.950,11822085,1535182043.000,200,129.920,600,129.910,300,129.900,200,129.890,100,129.880,400,129.950,200,130.030,4334,130.070,200,130.120,2500,130.180,2020-12-28,14:01:00,00,";
var hq_str_sh603259="药明康德,131.370,131.500,130.280,131.500,128.100,130.130,130.270,11949165,1551746414.000,1000,130.130,2000,130.100,400,130.070,600,130.010,2200,130.000,1300,130.270,800,130.280,1000,130.440,1000,130.450,3400,130.500,2020-12-28,14:01:57,00,";
var hq_str_sh603259="药明康德,131.370,131.500,130.040,131.500,128.100,130.000,130.040,12010465,1559718833.000,5400,130.000,600,129.960,1300,129.950,700,129.930,120,129.920,100,130.040,200,130.060,3200,130.080,100,130.090,1600,130.100,2020-12-28,14:03:00,00,";
var hq_str_sh603259="药明康德,131.370,131.500,129.960,131.500,128.100,129.960,129.980,12038065,1563306440.000,1700,129.960,1500,129.950,1700,129.940,1200,129.930,100,129.920,500,129.980,200,130.000,300,130.050,2300,130.080,100,130.090,2020-12-28,14:03:57,00,";
var hq_str_sh603259="药明康德,131.370,131.500,129.920,131.500,128.100,129.920,129.950,12088165,1569816288.000,3600,129.920,2100,129.910,12720,129.900,300,129.890,2100,129.880,100,129.950,400,129.960,200,129.970,1700,129.990,7100,130.000,2020-12-28,14:05:00,00,";
var hq_str_sh603259="药明康德,131.370,131.500,129.950,131.500,128.100,129.940,129.950,12112272,1572948952.000,100,129.940,800,129.930,2200,129.920,2100,129.910,14520,129.900,2600,129.950,100,129.980,400,129.990,10000,130.000,100,130.010,2020-12-28,14:06:00,00,";
var hq_str_sh603259="药明康德,131.370,131.500,129.780,131.500,128.100,129.770,129.780,12174292,1581004861.000,100,129.770,1000,129.760,500,129.750,500,129.710,14300,129.700,100,129.780,300,129.800,2000,129.830,500,129.850,100,129.860,2020-12-28,14:07:00,00,";
var hq_str_sh603259="药明康德,131.370,131.500,129.800,131.500,128.100,129.780,129.800,12218692,1586768554.000,400,129.780,300,129.760,300,129.740,700,129.720,1000,129.710,22014,129.800,4380,129.900,100,129.920,100,129.930,2500,129.940,2020-12-28,14:07:57,00,";
var hq_str_sh603259="药明康德,131.370,131.500,129.740,131.500,128.100,129.730,129.740,12268992,1593295307.000,1200,129.730,2000,129.710,22700,129.700,700,129.690,550,129.680,1400,129.740,4300,129.780,15914,129.800,4380,129.900,100,129.920,2020-12-28,14:09:00,00,";
var hq_str_sh603259="药明康德,131.370,131.500,129.530,131.500,128.100,129.520,129.530,12370042,1606394140.000,1600,129.520,1300,129.510,15600,129.500,500,129.470,6400,129.460,2700,129.530,3900,129.540,500,129.550,1800,129.560,100,129.570,2020-12-28,14:10:00,00,";
var hq_str_sh603259="药明康德,131.370,131.500,129.400,131.500,128.100,129.400,129.410,12430542,1614227922.000,5400,129.400,800,129.390,500,129.380,1300,129.360,300,129.340,300,129.410,7300,129.420,300,129.430,3000,129.480,200,129.490,2020-12-28,14:11:00,00,";
var hq_str_sh603259="药明康德,131.370,131.500,129.380,131.500,128.100,129.380,129.400,12480242,1620659221.000,900,129.380,200,129.370,700,129.360,700,129.350,300,129.340,300,129.400,1800,129.420,200,129.430,100,129.480,6000,129.500,2020-12-28,14:11:57,00,";
var hq_str_sh603259="药明康德,131.370,131.500,129.350,131.500,128.100,129.350,129.370,12511842,1624747224.000,1100,129.350,1100,129.340,300,129.330,2100,129.320,1000,129.310,1500,129.370,600,129.420,200,129.430,100,129.480,6000,129.500,2020-12-28,14:13:00,00,";
var hq_str_sh603259="药明康德,131.370,131.500,129.220,131.500,128.100,129.220,129.270,12545342,1629078797.000,200,129.220,1000,129.210,1000,129.200,200,129.180,300,129.170,400,129.270,400,129.280,400,129.290,4500,129.300,200,129.310,2020-12-28,14:14:00,00,";
var hq_str_sh603259="药明康德,131.370,131.500,129.280,131.500,128.100,129.270,129.280,12578842,1633409334.000,1100,129.270,400,129.260,500,129.240,200,129.230,700,129.220,3500,129.280,600,129.300,200,129.310,300,129.320,300,129.330,2020-12-28,14:14:57,00,";
var hq_str_sh603259="药明康德,131.370,131.500,129.100,131.500,128.100,129.080,129.100,12623942,1639234174.000,200,129.080,900,129.070,900,129.060,500,129.050,100,129.040,600,129.100,5700,129.110,500,129.120,400,129.130,800,129.150,2020-12-28,14:16:00,00,";
var hq_str_sh603259="药明康德,131.370,131.500,129.050,131.500,128.100,129.040,129.050,12659742,1643854567.000,100,129.040,1800,129.030,6700,129.020,15400,129.010,51200,129.000,500,129.050,100,129.060,100,129.070,3500,129.080,1100,129.100,2020-12-28,14:17:00,00,";
var hq_str_sh603259="药明康德,131.370,131.500,129.300,131.500,128.100,129.270,129.280,12695842,1648517715.000,200,129.270,100,129.260,1800,129.250,200,129.210,500,129.190,800,129.280,500,129.300,1100,129.320,700,129.350,1500,129.360,2020-12-28,14:18:00,00,";
var hq_str_sh603259="药明康德,131.370,131.500,128.840,131.500,128.100,128.830,128.840,12834242,1666373446.000,500,128.830,600,128.810,13400,128.800,900,128.780,400,128.770,1300,128.840,4800,128.850,200,128.890,400,128.900,1500,128.990,2020-12-28,14:19:00,00,";
var hq_str_sh603259="药明康德,131.370,131.500,128.710,131.500,128.100,128.700,128.710,12897142,1674473258.000,900,128.700,600,128.680,100,128.670,900,128.660,400,128.650,300,128.710,6000,128.720,700,128.740,980,128.800,600,128.810,2020-12-28,14:20:00,00,";
var hq_str_sh603259="药明康德,131.370,131.500,128.780,131.500,128.100,128.780,128.810,12944782,1680605915.000,900,128.780,1400,128.770,100,128.750,4600,128.740,300,128.720,400,128.810,100,128.860,100,128.870,500,128.880,19200,129.000,2020-12-28,14:20:57,00,";
var hq_str_sh603259="药明康德,131.370,131.500,128.880,131.500,128.100,128.880,128.930,12976382,1684677465.000,2000,128.880,1500,128.870,500,128.860,200,128.810,1900,128.800,200,128.930,100,128.950,6600,128.990,18100,129.000,100,129.050,2020-12-28,14:22:00,00,";
var hq_str_sh603259="药明康德,131.370,131.500,128.990,131.500,128.100,128.960,129.000,13021682,1690519722.000,4400,128.960,800,128.950,200,128.930,600,128.910,1200,128.900,12200,129.000,200,129.030,100,129.040,100,129.050,200,129.060,2020-12-28,14:22:57,00,";
var hq_str_sh603259="药明康德,131.370,131.500,129.000,131.500,128.100,128.960,129.000,13063982,1695976003.000,600,128.960,100,128.950,200,128.930,200,128.920,400,128.910,500,129.000,600,129.140,200,129.270,100,129.290,2000,129.300,2020-12-28,14:24:00,00,";
var hq_str_sh603259="药明康德,131.370,131.500,128.730,131.500,128.100,128.700,128.710,13109882,1701888296.000,300,128.700,300,128.680,500,128.670,1700,128.660,500,128.650,100,128.710,100,128.720,500,128.730,7935,128.800,400,128.810,2020-12-28,14:24:57,00,";
var hq_str_sh603259="药明康德,131.370,131.500,128.590,131.500,128.100,128.580,128.590,13168501,1709426806.000,1300,128.580,1000,128.570,1100,128.560,400,128.550,400,128.530,5700,128.590,1400,128.600,6000,128.630,100,128.650,3100,128.670,2020-12-28,14:26:00,00,";
var hq_str_sh603259="药明康德,131.370,131.500,128.540,131.500,128.100,128.560,128.580,13284601,1724350174.000,1200,128.560,2500,128.530,11100,128.520,2800,128.510,900,128.500,400,128.580,100,128.620,5600,128.630,1400,128.730,1000,128.800,2020-12-28,14:27:00,00,";
var hq_str_sh603259="药明康德,131.370,131.500,128.830,131.500,128.100,128.820,128.830,13327101,1729819549.000,400,128.820,1200,128.760,1100,128.750,1800,128.730,4000,128.710,400,128.830,100,128.920,100,128.980,200,128.990,400,129.000,2020-12-28,14:27:57,00,";
var hq_str_sh603259="药明康德,131.370,131.500,128.880,131.500,128.100,128.870,128.980,13366679,1734919235.000,100,128.870,500,128.850,4500,128.840,1000,128.830,600,128.820,200,128.980,700,129.000,1000,129.080,100,129.240,2000,129.290,2020-12-28,14:29:00,00,";
var hq_str_sh603259="药明康德,131.370,131.500,128.690,131.500,128.100,128.680,128.690,13431201,1743229494.000,100,128.680,200,128.670,900,128.660,500,128.640,200,128.630,200,128.690,500,128.710,200,128.730,500,128.770,1300,128.780,2020-12-28,14:29:57,00,";
var hq_str_sh603259="药明康德,131.370,131.500,128.460,131.500,128.100,128.450,128.490,13491001,1750915914.000,500,128.450,200,128.440,200,128.430,500,128.410,4700,128.400,600,128.490,200,128.500,400,128.550,100,128.560,2400,128.570,2020-12-28,14:31:00,00,";
var hq_str_sh603259="药明康德,131.370,131.500,128.570,131.500,128.100,128.550,128.570,13517177,1754280200.000,800,128.550,700,128.540,700,128.530,100,128.520,600,128.510,1200,128.570,200,128.700,500,128.770,1400,128.780,200,128.790,2020-12-28,14:31:57,00,";
var hq_str_sh603259="药明康德,131.370,131.500,128.730,131.500,128.100,128.730,128.770,13541177,1757367672.000,900,128.730,700,128.710,5500,128.700,2300,128.610,2100,128.600,600,128.770,1400,128.780,200,128.790,100,128.800,100,128.950,2020-12-28,14:32:57,00,";
var hq_str_sh603259="药明康德,131.370,131.500,129.050,131.500,128.100,129.000,129.050,13566777,1760666575.000,300,129.000,1200,128.950,1600,128.930,300,128.910,300,128.900,100,129.050,300,129.060,700,129.070,700,129.080,100,129.100,2020-12-28,14:34:00,00,";
var hq_str_sh603259="药明康德,131.370,131.500,128.860,131.500,128.100,128.860,128.940,13603277,1765374393.000,400,128.860,500,128.810,800,128.800,1100,128.750,200,128.740,100,128.940,100,129.040,200,129.190,100,129.200,1100,129.230,2020-12-28,14:34:57,00,";
var hq_str_sh603259="药明康德,131.370,131.500,128.960,131.500,128.100,128.950,128.960,13636277,1769629596.000,500,128.950,700,128.910,300,128.900,100,128.870,400,128.820,200,128.960,600,128.980,600,129.000,500,129.010,1200,129.040,2020-12-28,14:35:57,00,";
var hq_str_sh603259="药明康德,131.370,131.500,128.910,131.500,128.100,128.880,128.910,13664777,1773304428.000,200,128.880,500,128.870,800,128.860,700,128.850,400,128.820,600,128.910,1850,129.000,1100,129.040,700,129.050,200,129.170,2020-12-28,14:37:00,00,";
var hq_str_sh603259="药明康德,131.370,131.500,128.980,131.500,128.100,128.970,129.000,13691327,1776728513.000,100,128.970,2500,128.930,200,128.920,900,128.910,15600,128.900,200,129.000,100,129.130,300,129.150,200,129.170,200,129.180,2020-12-28,14:37:57,00,";
var hq_str_sh603259="药明康德,131.370,131.500,129.240,131.500,128.100,129.200,129.240,13719227,1780331344.000,100,129.200,100,129.180,800,129.140,100,129.130,300,129.070,1100,129.240,1300,129.290,600,129.300,700,129.350,1500,129.360,2020-12-28,14:39:00,00,";
var hq_str_sh603259="药明康德,131.370,131.500,129.280,131.500,128.100,129.280,129.300,13766427,1786435226.000,100,129.280,1000,129.260,1200,129.250,2000,129.240,400,129.230,1000,129.300,60,129.350,1900,129.360,800,129.390,5300,129.400,2020-12-28,14:39:57,00,";
var hq_str_sh603259="药明康德,131.370,131.500,129.340,131.500,128.100,129.340,129.380,13819227,1793263460.000,300,129.340,500,129.330,300,129.320,100,129.310,1300,129.300,800,129.380,400,129.390,360,129.400,100,129.420,1300,129.490,2020-12-28,14:41:00,00,";
var hq_str_sh603259="药明康德,131.370,131.500,129.310,131.500,128.100,129.300,129.310,13845727,1796690670.000,100,129.300,1000,129.290,1400,129.280,1600,129.270,400,129.260,7300,129.310,900,129.330,100,129.350,600,129.370,780,129.380,2020-12-28,14:41:57,00,";
var hq_str_sh603259="药明康德,131.370,131.500,129.350,131.500,128.100,129.340,129.350,13877627,1800815594.000,500,129.340,1300,129.330,500,129.320,8600,129.310,100,129.300,3600,129.350,2000,129.370,780,129.380,400,129.390,360,129.400,2020-12-28,14:43:00,00,";
var hq_str_sh603259="药明康德,131.370,131.500,129.350,131.500,128.100,129.350,129.370,13901147,1803858313.000,400,129.350,900,129.330,400,129.320,8300,129.310,200,129.300,100,129.370,700,129.440,900,129.490,800,129.500,300,129.520,2020-12-28,14:44:00,00,";
var hq_str_sh603259="药明康德,131.370,131.500,129.470,131.500,128.100,129.410,129.470,13952647,1810526114.000,500,129.410,900,129.400,600,129.390,600,129.380,900,129.350,1400,129.470,200,129.490,17100,129.500,2200,129.540,5000,129.550,2020-12-28,14:45:00,00,";
var hq_str_sh603259="药明康德,131.370,131.500,129.230,131.500,128.100,129.230,129.240,14019147,1819127307.000,100,129.230,600,129.200,100,129.180,400,129.170,400,129.140,100,129.240,100,129.250,800,129.260,2600,129.280,7356,129.320,2020-12-28,14:46:00,00,";
var hq_str_sh603259="药明康德,131.370,131.500,129.200,131.500,128.100,129.200,129.350,14066798,1825286438.000,49,129.200,900,129.190,3100,129.180,2400,129.170,100,129.160,1743,129.350,1000,129.390,200,129.410,400,129.450,620,129.480,2020-12-28,14:47:00,00,";
var hq_str_sh603259="药明康德,131.370,131.500,129.520,131.500,128.100,129.520,129.540,14105461,1830291142.000,400,129.520,2737,129.480,100,129.440,200,129.420,3300,129.410,1200,129.540,5000,129.550,600,129.580,200,129.590,200,129.600,2020-12-28,14:47:57,00,";
var hq_str_sh603259="药明康德,131.370,131.500,129.580,131.500,128.100,129.580,129.630,14153186,1836474512.000,275,129.580,3800,129.500,200,129.490,9200,129.480,400,129.470,600,129.630,800,129.700,1000,129.710,300,129.720,100,129.760,2020-12-28,14:48:57,00,";
var hq_str_sh603259="药明康德,131.370,131.500,129.610,131.500,128.100,129.570,129.580,14197386,1842203969.000,100,129.570,100,129.550,200,129.540,875,129.500,200,129.490,400,129.580,500,129.630,500,129.640,500,129.660,600,129.690,2020-12-28,14:49:57,00,";
var hq_str_sh603259="药明康德,131.370,131.500,129.630,131.500,128.100,129.620,129.630,14235210,1847106390.000,900,129.620,1776,129.600,100,129.540,2900,129.530,300,129.510,400,129.630,500,129.640,800,129.650,800,129.660,900,129.670,2020-12-28,14:51:00,00,";
var hq_str_sh603259="药明康德,131.370,131.500,129.630,131.500,128.100,129.620,129.630,14262610,1850657806.000,100,129.620,2300,129.610,2900,129.600,900,129.590,600,129.580,400,129.630,300,129.640,800,129.650,500,129.660,900,129.670,2020-12-28,14:51:57,00,";
var hq_str_sh603259="药明康德,131.370,131.500,129.330,131.500,128.100,129.330,129.350,14322661,1858434312.000,100,129.330,400,129.310,500,129.300,400,129.290,400,129.260,300,129.350,400,129.370,1800,129.400,3100,129.470,100,129.490,2020-12-28,14:52:57,00,";
var hq_str_sh603259="药明康德,131.370,131.500,129.050,131.500,128.100,129.030,129.050,14375661,1865278106.000,500,129.030,500,129.020,1400,129.010,14200,129.000,500,128.990,1600,129.050,900,129.140,300,129.200,100,129.210,700,129.260,2020-12-28,14:54:00,00,";
var hq_str_sh603259="药明康德,131.370,131.500,129.490,131.500,128.100,129.450,129.490,14403661,1868898613.000,100,129.450,500,129.420,600,129.360,6000,129.320,100,129.300,200,129.490,125,129.500,100,129.580,200,129.600,500,129.620,2020-12-28,14:54:57,00,";
var hq_str_sh603259="药明康德,131.370,131.500,129.380,131.500,128.100,129.380,129.400,14435289,1872992183.000,4500,129.380,100,129.370,100,129.350,4300,129.330,2100,129.320,300,129.400,300,129.430,600,129.480,286,129.500,400,129.520,2020-12-28,14:56:00,00,";
var hq_str_sh603259="药明康德,131.370,131.500,129.460,131.500,128.100,129.420,129.460,14486025,1879561195.000,200,129.420,500,129.410,1000,129.400,700,129.380,100,129.370,200,129.460,100,129.530,100,129.550,300,129.570,500,129.580,2020-12-28,14:56:57,00,";
var hq_str_sh603259="药明康德,131.370,131.500,129.460,131.500,128.100,128.850,128.850,14486025,1879561195.000,163500,128.850,0,0.000,0,0.000,0,0.000,0,0.000,163500,128.850,75000,0.000,0,0.000,0,0.000,0,0.000,2020-12-28,14:58:00,00,";
var hq_str_sh603259="药明康德,131.370,131.500,129.460,131.500,128.100,128.850,128.850,14486025,1879561195.000,195100,128.850,0,0.000,0,0.000,0,0.000,0,0.000,195100,128.850,97232,0.000,0,0.000,0,0.000,0,0.000,2020-12-28,14:59:00,00,";
