var hq_str_sh603259="药明康德,83.040,83.180,83.040,83.130,83.040,83.040,83.130,110639,9187702.000,7961,83.040,4100,83.030,100,83.010,10100,83.000,1800,82.990,3400,83.130,8400,83.150,200,83.170,212300,83.180,100,83.200,2020-06-15,09:30:00,00,";
var hq_str_sh603259="药明康德,83.040,83.180,82.920,83.150,82.500,82.680,82.920,517300,42896182.000,700,82.680,700,82.650,1300,82.600,100,82.550,4500,82.510,200,82.920,2500,82.980,2000,83.000,1200,83.020,100,83.030,2020-06-15,09:31:00,00,";
var hq_str_sh603259="药明康德,83.040,83.180,83.170,83.180,82.500,83.160,83.170,721140,59810688.000,1100,83.160,1700,83.150,8800,83.140,100,83.120,1000,83.100,6100,83.170,171700,83.180,200,83.200,6000,83.260,500,83.300,2020-06-15,09:32:00,00,";
var hq_str_sh603259="药明康德,83.040,83.180,83.110,83.180,82.500,83.090,83.110,930920,77246333.000,4400,83.090,200,83.080,2600,83.070,3300,83.060,6300,83.050,3200,83.110,2240,83.160,800,83.170,109100,83.180,300,83.200,2020-06-15,09:33:00,00,";
var hq_str_sh603259="药明康德,83.040,83.180,83.390,83.400,82.500,83.390,83.400,1202960,99879380.000,3300,83.390,700,83.370,100,83.310,1600,83.290,900,83.270,1100,83.400,2000,83.450,600,83.460,1200,83.470,1100,83.480,2020-06-15,09:34:00,00,";
var hq_str_sh603259="药明康德,83.040,83.180,82.860,83.460,82.500,82.820,82.860,1458760,121149920.000,600,82.820,900,82.810,3900,82.800,200,82.770,200,82.740,100,82.860,3000,82.900,100,82.920,400,82.930,380,82.960,2020-06-15,09:34:57,00,";
var hq_str_sh603259="药明康德,83.040,83.180,82.880,83.460,82.500,82.850,82.880,1598960,132770631.000,100,82.850,600,82.810,7496,82.800,600,82.790,100,82.780,467,82.880,1200,82.890,1000,82.900,400,82.910,600,82.920,2020-06-15,09:36:00,00,";
var hq_str_sh603259="药明康德,83.040,83.180,83.190,83.460,82.500,83.050,83.190,1686154,140005557.000,600,83.050,900,83.040,800,83.030,1300,83.020,2000,83.010,300,83.190,2500,83.200,700,83.210,600,83.230,200,83.240,2020-06-15,09:36:57,00,";
var hq_str_sh603259="药明康德,83.040,83.180,83.360,83.460,82.500,83.350,83.360,1800458,149524762.000,1100,83.350,800,83.330,2420,83.320,700,83.310,2800,83.300,400,83.360,6300,83.370,2500,83.380,100,83.390,21440,83.400,2020-06-15,09:38:00,00,";
var hq_str_sh603259="药明康德,83.040,83.180,83.110,83.460,82.500,83.100,83.110,1916474,159183914.000,3200,83.100,700,83.080,700,83.060,900,83.050,600,83.040,3800,83.110,4600,83.120,3800,83.150,100,83.170,2900,83.180,2020-06-15,09:38:57,00,";
var hq_str_sh603259="药明康德,83.040,83.180,82.880,83.460,82.500,82.820,82.880,2060274,171114237.000,340,82.820,1900,82.810,8896,82.800,200,82.790,2300,82.780,300,82.880,1700,82.920,2540,82.940,900,82.950,800,82.960,2020-06-15,09:39:57,00,";
var hq_str_sh603259="药明康德,83.040,83.180,82.620,83.460,82.500,82.620,82.660,2213474,183781074.000,2940,82.620,1800,82.610,10500,82.600,300,82.590,2900,82.580,500,82.660,100,82.720,1000,82.740,280,82.760,100,82.830,2020-06-15,09:41:00,00,";
var hq_str_sh603259="药明康德,83.040,83.180,82.760,83.460,82.500,82.760,82.830,2319402,192533896.000,920,82.760,200,82.680,100,82.660,100,82.640,9100,82.610,200,82.830,300,82.880,200,82.920,100,82.940,200,82.990,2020-06-15,09:42:00,00,";
var hq_str_sh603259="药明康德,83.040,83.180,82.780,83.460,82.500,82.680,82.750,2446372,203037717.000,100,82.680,600,82.670,3700,82.660,2930,82.610,39792,82.600,400,82.750,200,82.770,400,82.780,7000,82.790,200,82.800,2020-06-15,09:43:00,00,";
var hq_str_sh603259="药明康德,83.040,83.180,82.580,83.460,82.500,82.580,82.590,2589994,214903540.000,3300,82.580,1200,82.570,2200,82.560,3100,82.550,100,82.540,200,82.590,508,82.600,22000,82.610,500,82.620,1300,82.680,2020-06-15,09:43:57,00,";
var hq_str_sh603259="药明康德,83.040,83.180,82.690,83.460,82.500,82.680,82.690,2682398,222534184.000,300,82.680,2700,82.640,6000,82.620,100,82.610,5200,82.600,540,82.690,100,82.700,1500,82.740,340,82.750,2600,82.800,2020-06-15,09:45:00,00,";
var hq_str_sh603259="药明康德,83.040,83.180,82.800,83.460,82.500,82.790,82.800,2741758,227445087.000,600,82.790,200,82.750,6300,82.740,500,82.730,11000,82.720,1500,82.800,200,82.840,11353,82.850,2000,82.890,1400,82.900,2020-06-15,09:46:00,00,";
var hq_str_sh603259="药明康德,83.040,83.180,82.890,83.460,82.500,82.890,82.900,2803551,232565285.000,300,82.890,2100,82.870,200,82.860,6740,82.850,8047,82.840,6520,82.900,400,82.940,500,82.990,440,83.000,1600,83.010,2020-06-15,09:47:00,00,";
var hq_str_sh603259="药明康德,83.040,83.180,83.040,83.460,82.500,83.040,83.050,2868071,237917327.000,2100,83.040,4700,83.020,11700,83.000,1200,82.990,2900,82.980,1300,83.050,1700,83.060,1520,83.100,900,83.120,900,83.140,2020-06-15,09:47:57,00,";
var hq_str_sh603259="药明康德,83.040,83.180,83.170,83.460,82.500,83.160,83.190,2963835,245881914.000,860,83.160,500,83.140,7700,83.120,100,83.110,2280,83.100,1200,83.190,500,83.200,900,83.220,300,83.260,1400,83.270,2020-06-15,09:49:00,00,";
var hq_str_sh603259="药明康德,83.040,83.180,83.170,83.460,82.500,83.150,83.170,3036935,251963255.000,100,83.150,7860,83.120,3200,83.100,500,83.090,60,83.080,500,83.170,280,83.190,1060,83.200,500,83.210,200,83.220,2020-06-15,09:50:00,00,";
var hq_str_sh603259="药明康德,83.040,83.180,83.100,83.460,82.500,83.090,83.100,3127135,259465941.000,500,83.090,60,83.080,1200,83.050,400,83.040,100,83.020,500,83.100,600,83.140,5000,83.150,900,83.170,1500,83.180,2020-06-15,09:50:57,00,";
var hq_str_sh603259="药明康德,83.040,83.180,83.140,83.460,82.500,83.130,83.150,3207075,266106735.000,260,83.130,200,83.120,2580,83.100,500,83.080,5300,83.070,6800,83.150,100,83.170,3200,83.180,2720,83.190,51840,83.200,2020-06-15,09:52:00,00,";
var hq_str_sh603259="药明康德,83.040,83.180,82.950,83.460,82.500,82.950,82.970,3295195,273427338.000,1000,82.950,500,82.930,500,82.920,1300,82.910,2800,82.900,1300,82.970,920,82.990,1600,83.000,800,83.020,1400,83.030,2020-06-15,09:52:57,00,";
var hq_str_sh603259="药明康德,83.040,83.180,82.880,83.460,82.500,82.880,82.900,3370335,279660685.000,2460,82.880,100,82.860,3540,82.850,100,82.840,500,82.830,2380,82.900,9800,82.920,800,82.970,17200,83.000,900,83.050,2020-06-15,09:53:57,00,";
var hq_str_sh603259="药明康德,83.040,83.180,82.820,83.460,82.500,82.810,82.820,3446835,285999828.000,3400,82.810,9700,82.800,1100,82.790,3100,82.780,200,82.770,100,82.820,21880,82.830,2500,82.840,600,82.850,8580,82.860,2020-06-15,09:55:00,00,";
var hq_str_sh603259="药明康德,83.040,83.180,82.780,83.460,82.500,82.780,82.790,3528135,292731656.000,7100,82.780,600,82.770,1200,82.750,400,82.740,1100,82.730,2715,82.790,2940,82.800,800,82.810,800,82.820,13680,82.830,2020-06-15,09:56:00,00,";
var hq_str_sh603259="药明康德,83.040,83.180,82.790,83.460,82.500,82.790,82.800,3586570,297569409.000,1660,82.790,200,82.780,5400,82.770,1200,82.760,1300,82.750,17700,82.800,300,82.820,100,82.840,7580,82.860,9400,82.920,2020-06-15,09:57:00,00,";
var hq_str_sh603259="药明康德,83.040,83.180,82.800,83.460,82.500,82.790,82.800,3652930,303063474.000,300,82.790,2700,82.780,3160,82.770,2700,82.760,1700,82.750,2280,82.800,300,82.810,300,82.820,100,82.840,7580,82.860,2020-06-15,09:58:00,00,";
var hq_str_sh603259="药明康德,83.040,83.180,82.860,83.460,82.500,82.850,82.900,3679190,305238931.000,6520,82.850,600,82.830,300,82.820,17000,82.800,1600,82.790,1400,82.900,200,82.910,9400,82.920,800,82.960,500,82.970,2020-06-15,09:58:57,00,";
var hq_str_sh603259="药明康德,83.040,83.180,82.990,83.460,82.500,82.990,83.000,3698490,306839622.000,1600,82.990,200,82.930,9000,82.920,3200,82.900,200,82.880,16800,83.000,400,83.050,1000,83.080,3260,83.090,600,83.140,2020-06-15,09:59:57,00,";
var hq_str_sh603259="药明康德,83.040,83.180,82.820,83.460,82.500,82.800,82.820,3759530,311899519.000,4000,82.800,200,82.780,1620,82.770,2800,82.760,27100,82.750,900,82.820,100,82.830,400,82.860,1000,82.870,300,82.930,2020-06-15,10:01:00,00,";
var hq_str_sh603259="药明康德,83.040,83.180,82.960,83.460,82.500,82.950,82.960,3786890,314167435.000,3880,82.950,1400,82.930,700,82.910,700,82.890,1600,82.880,100,82.960,500,82.970,200,82.980,2276,82.990,6297,83.000,2020-06-15,10:02:00,00,";
var hq_str_sh603259="药明康德,83.040,83.180,83.000,83.460,82.500,83.000,83.010,3819603,316882102.000,1463,83.000,4600,82.990,400,82.980,3224,82.970,900,82.960,200,83.010,400,83.050,1000,83.080,3260,83.090,1300,83.100,2020-06-15,10:02:57,00,";
var hq_str_sh603259="药明康德,83.040,83.180,83.130,83.460,82.500,83.130,83.140,3845003,318991930.000,1500,83.130,2400,83.060,4000,83.030,2300,83.010,3200,83.000,3752,83.140,3400,83.150,200,83.160,100,83.170,600,83.180,2020-06-15,10:04:00,00,";
var hq_str_sh603259="药明康德,83.040,83.180,83.100,83.460,82.500,83.100,83.110,3886465,322438104.000,259,83.100,2000,83.090,2020,83.060,200,83.030,2300,83.010,400,83.110,1280,83.120,1973,83.150,100,83.170,900,83.180,2020-06-15,10:05:00,00,";
var hq_str_sh603259="药明康德,83.040,83.180,83.180,83.460,82.500,83.170,83.190,3923765,325539150.000,1659,83.170,4159,83.150,1385,83.140,500,83.130,1400,83.120,500,83.190,3100,83.200,300,83.240,300,83.250,4400,83.260,2020-06-15,10:06:00,00,";
var hq_str_sh603259="药明康德,83.040,83.180,83.300,83.460,82.500,83.280,83.300,3967213,329156648.000,59,83.280,3400,83.270,3958,83.260,2759,83.250,400,83.240,2700,83.300,200,83.310,400,83.330,100,83.340,1400,83.350,2020-06-15,10:06:57,00,";
var hq_str_sh603259="药明康德,83.040,83.180,83.380,83.460,82.500,83.380,83.390,4044401,335591130.000,320,83.380,100,83.370,1220,83.350,10700,83.330,1100,83.320,800,83.390,15460,83.400,500,83.420,2720,83.450,6680,83.460,2020-06-15,10:08:00,00,";
var hq_str_sh603259="药明康德,83.040,83.180,83.340,83.460,82.500,83.340,83.370,4104542,340604740.000,1578,83.340,3463,83.330,1100,83.320,6200,83.310,3817,83.300,1800,83.370,300,83.380,400,83.390,3480,83.400,500,83.420,2020-06-15,10:08:57,00,";
var hq_str_sh603259="药明康德,83.040,83.180,83.470,83.500,82.500,83.470,83.480,4227248,350840524.000,500,83.470,4058,83.440,800,83.420,1400,83.400,6700,83.390,1400,83.480,644,83.490,23032,83.500,1100,83.550,400,83.560,2020-06-15,10:09:57,00,";
var hq_str_sh603259="药明康德,83.040,83.180,83.500,83.500,82.500,83.480,83.500,4300251,356934134.000,100,83.480,100,83.470,800,83.460,4938,83.450,2800,83.430,3799,83.500,1100,83.550,400,83.560,920,83.580,13800,83.600,2020-06-15,10:11:00,00,";
var hq_str_sh603259="药明康德,83.040,83.180,83.590,83.600,82.500,83.590,83.600,4348753,360986903.000,1240,83.590,8302,83.580,3000,83.560,3200,83.550,1100,83.540,142,83.600,300,83.610,600,83.620,10100,83.650,400,83.660,2020-06-15,10:12:00,00,";
var hq_str_sh603259="药明康德,83.040,83.180,83.650,83.680,82.500,83.650,83.660,4396493,364979908.000,4200,83.650,300,83.640,2644,83.630,2900,83.620,2700,83.610,500,83.660,1500,83.680,600,83.690,3800,83.700,800,83.720,2020-06-15,10:12:57,00,";
var hq_str_sh603259="药明康德,83.040,83.180,83.740,83.750,82.500,83.680,83.710,4456193,369976337.000,6500,83.680,2500,83.670,2400,83.660,1800,83.650,100,83.640,300,83.710,4700,83.740,940,83.750,5100,83.760,3200,83.770,2020-06-15,10:13:57,00,";
var hq_str_sh603259="药明康德,83.040,83.180,83.410,83.750,82.500,83.410,83.430,4543148,377243742.000,1200,83.410,16959,83.400,1200,83.390,900,83.380,659,83.370,840,83.430,800,83.440,1500,83.450,900,83.480,300,83.490,2020-06-15,10:15:00,00,";
var hq_str_sh603259="药明康德,83.040,83.180,83.530,83.750,82.500,83.530,83.540,4558688,378540867.000,3000,83.530,3600,83.520,12800,83.500,100,83.490,6900,83.480,23700,83.540,340,83.550,100,83.560,100,83.570,8460,83.600,2020-06-15,10:16:00,00,";
var hq_str_sh603259="药明康德,83.040,83.180,83.670,83.750,82.500,83.650,83.660,4616454,383368660.000,17300,83.650,100,83.630,8160,83.620,400,83.610,1100,83.600,500,83.660,2000,83.670,1100,83.680,1500,83.700,100,83.710,2020-06-15,10:16:57,00,";
var hq_str_sh603259="药明康德,83.040,83.180,83.700,83.770,82.500,83.660,83.700,4695454,389980363.000,5400,83.660,18300,83.650,160,83.620,400,83.580,300,83.570,300,83.700,200,83.710,4120,83.720,500,83.730,480,83.740,2020-06-15,10:17:57,00,";
var hq_str_sh603259="药明康德,83.040,83.180,83.560,83.770,82.500,83.550,83.570,4755754,395026037.000,300,83.550,400,83.540,200,83.520,11700,83.500,100,83.470,300,83.570,1000,83.580,900,83.610,900,83.640,7400,83.650,2020-06-15,10:18:57,00,";
var hq_str_sh603259="药明康德,83.040,83.180,83.700,83.770,82.500,83.710,83.720,4794434,398261562.000,200,83.710,3560,83.700,200,83.690,1060,83.670,3600,83.650,200,83.720,2000,83.730,1280,83.740,1540,83.750,3500,83.760,2020-06-15,10:19:57,00,";
var hq_str_sh603259="药明康德,83.040,83.180,83.760,83.800,82.500,83.740,83.770,4852134,403093896.000,500,83.740,5400,83.730,1200,83.720,3100,83.710,1060,83.700,200,83.770,400,83.790,2640,83.800,100,83.810,1000,83.820,2020-06-15,10:20:57,00,";
var hq_str_sh603259="药明康德,83.040,83.180,83.710,83.800,82.500,83.710,83.720,4951494,411410030.000,5700,83.710,2400,83.600,400,83.550,100,83.540,200,83.520,1600,83.720,300,83.730,4800,83.750,400,83.760,3020,83.800,2020-06-15,10:22:00,00,";
var hq_str_sh603259="药明康德,83.040,83.180,83.730,83.800,82.500,83.700,83.730,5011814,416459620.000,4580,83.700,6000,83.680,500,83.620,300,83.600,700,83.550,1200,83.730,100,83.740,5200,83.750,640,83.760,500,83.790,2020-06-15,10:22:57,00,";
var hq_str_sh603259="药明康德,83.040,83.180,83.800,83.810,82.500,83.800,83.810,5090594,423054272.000,1300,83.800,1500,83.770,7400,83.750,1800,83.730,100,83.710,1020,83.810,1000,83.820,1300,83.830,6000,83.840,6000,83.850,2020-06-15,10:24:00,00,";
var hq_str_sh603259="药明康德,83.040,83.180,83.600,83.810,82.500,83.600,83.660,5154834,428432008.000,200,83.600,100,83.580,300,83.550,100,83.540,1200,83.520,860,83.660,600,83.670,760,83.680,1300,83.700,2500,83.720,2020-06-15,10:25:00,00,";
var hq_str_sh603259="药明康德,83.040,83.180,83.700,83.810,82.500,83.690,83.700,5234034,435053599.000,500,83.690,100,83.610,9200,83.600,2000,83.560,1700,83.550,1720,83.700,2100,83.720,300,83.730,800,83.740,700,83.750,2020-06-15,10:25:57,00,";
var hq_str_sh603259="药明康德,83.040,83.180,83.570,83.810,82.500,83.510,83.550,5295934,440228597.000,2500,83.510,16200,83.500,100,83.480,200,83.470,1700,83.460,240,83.550,200,83.580,15740,83.600,500,83.630,2920,83.650,2020-06-15,10:27:00,00,";
var hq_str_sh603259="药明康德,83.040,83.180,83.730,83.810,82.500,83.730,83.740,5366834,446158324.000,3700,83.730,1300,83.700,400,83.560,500,83.550,100,83.540,500,83.740,400,83.750,800,83.770,3100,83.780,3100,83.790,2020-06-15,10:27:57,00,";
var hq_str_sh603259="药明康德,83.040,83.180,83.850,83.850,82.500,83.740,83.850,5436234,451973477.000,3700,83.740,5000,83.720,2000,83.710,100,83.700,600,83.690,3968,83.850,3300,83.860,480,83.870,4640,83.880,860,83.890,2020-06-15,10:28:57,00,";
var hq_str_sh603259="药明康德,83.040,83.180,83.690,83.850,82.500,83.690,83.710,5484214,455990785.000,200,83.690,4400,83.600,100,83.580,200,83.550,1400,83.530,100,83.710,100,83.720,12400,83.760,880,83.770,700,83.790,2020-06-15,10:30:00,00,";
var hq_str_sh603259="药明康德,83.040,83.180,83.480,83.850,82.500,83.480,83.490,5580334,464018640.000,200,83.480,420,83.430,200,83.420,3500,83.410,17659,83.400,600,83.490,2140,83.500,1100,83.510,740,83.530,100,83.540,2020-06-15,10:30:57,00,";
var hq_str_sh603259="药明康德,83.040,83.180,83.690,83.850,82.500,83.610,83.690,5742834,477613121.000,420,83.610,24220,83.600,600,83.590,600,83.570,600,83.550,700,83.690,2620,83.760,3720,83.770,3000,83.780,7000,83.790,2020-06-15,10:32:00,00,";
var hq_str_sh603259="药明康德,83.040,83.180,83.910,83.920,82.500,83.910,83.920,5981130,497577948.000,3000,83.910,29180,83.900,1600,83.890,2100,83.860,300,83.850,1200,83.920,700,83.930,100,83.940,1420,83.950,3100,83.960,2020-06-15,10:33:00,00,";
var hq_str_sh603259="药明康德,83.040,83.180,84.010,84.010,82.500,84.000,84.010,6221630,517761336.000,49200,84.000,600,83.900,300,83.870,2400,83.850,13884,83.840,1400,84.010,220,84.020,200,84.040,100,84.050,300,84.060,2020-06-15,10:33:57,00,";
var hq_str_sh603259="药明康德,83.040,83.180,84.060,84.080,82.500,84.050,84.060,6271999,521994075.000,5471,84.050,2400,84.030,100,84.020,3400,84.010,8600,84.000,5140,84.060,100,84.070,1800,84.080,700,84.090,3200,84.100,2020-06-15,10:35:00,00,";
var hq_str_sh603259="药明康德,83.040,83.180,84.210,84.220,82.500,84.210,84.220,6445799,536624412.000,1200,84.210,1540,84.150,60,84.130,500,84.110,300,84.100,2100,84.220,1200,84.230,1300,84.240,1600,84.250,300,84.260,2020-06-15,10:35:57,00,";
var hq_str_sh603259="药明康德,83.040,83.180,84.080,84.230,82.500,84.080,84.090,6541079,544639878.000,1120,84.080,500,84.060,6371,84.050,1000,84.030,500,84.020,780,84.090,300,84.150,200,84.170,2500,84.190,3180,84.200,2020-06-15,10:36:57,00,";
var hq_str_sh603259="药明康德,83.040,83.180,84.070,84.230,82.500,84.060,84.070,6575006,547492837.000,5493,84.060,2471,84.050,1000,84.030,400,84.020,2800,84.010,1200,84.070,200,84.080,1220,84.090,100,84.100,1000,84.110,2020-06-15,10:38:00,00,";
var hq_str_sh603259="药明康德,83.040,83.180,83.950,84.230,82.500,83.880,83.950,6626170,551793305.000,100,83.880,200,83.870,2200,83.850,13884,83.840,100,83.800,380,83.950,100,83.970,1200,83.980,4440,83.990,53000,84.000,2020-06-15,10:38:57,00,";
var hq_str_sh603259="药明康德,83.040,83.180,83.900,84.230,82.500,83.860,83.900,6740654,561394181.000,200,83.860,200,83.820,900,83.800,700,83.780,2960,83.770,23009,83.900,3900,83.910,2600,83.920,1040,83.950,700,83.980,2020-06-15,10:40:00,00,";
var hq_str_sh603259="药明康德,83.040,83.180,83.750,84.230,82.500,83.750,83.780,6830514,568929325.000,1120,83.750,600,83.740,600,83.730,900,83.720,4200,83.700,300,83.780,1040,83.790,2100,83.800,1516,83.810,440,83.820,2020-06-15,10:40:57,00,";
var hq_str_sh603259="药明康德,83.040,83.180,83.730,84.230,82.500,83.670,83.730,6888634,573793896.000,1000,83.670,100,83.650,600,83.640,300,83.630,1100,83.620,2520,83.730,1120,83.750,1540,83.790,1800,83.800,1516,83.810,2020-06-15,10:42:00,00,";
var hq_str_sh603259="药明康德,83.040,83.180,83.800,84.230,82.500,83.800,83.840,6911710,575726417.000,3444,83.800,1900,83.780,600,83.760,5600,83.750,1000,83.740,800,83.840,100,83.850,1020,83.860,200,83.890,21209,83.900,2020-06-15,10:43:00,00,";
var hq_str_sh603259="药明康德,83.040,83.180,83.660,84.230,82.500,83.660,83.680,7000370,583147342.000,64,83.660,12700,83.630,7400,83.620,7900,83.610,11800,83.600,300,83.680,1420,83.700,100,83.730,200,83.770,300,83.780,2020-06-15,10:44:00,00,";
var hq_str_sh603259="药明康德,83.040,83.180,83.730,84.230,82.500,83.730,83.780,7018730,584684452.000,4580,83.730,3500,83.710,9860,83.700,100,83.690,1900,83.680,100,83.780,900,83.810,200,83.820,140,83.830,200,83.840,2020-06-15,10:44:57,00,";
var hq_str_sh603259="药明康德,83.040,83.180,83.760,84.230,82.500,83.760,83.780,7046330,586998092.000,3900,83.760,400,83.750,1100,83.740,980,83.730,1600,83.720,400,83.780,200,83.800,100,83.830,300,83.840,1400,83.850,2020-06-15,10:46:00,00,";
var hq_str_sh603259="药明康德,83.040,83.180,83.690,84.230,82.500,83.690,83.740,7101370,591605870.000,500,83.690,200,83.680,900,83.670,600,83.660,3500,83.650,400,83.740,100,83.760,400,83.780,1300,83.800,100,83.840,2020-06-15,10:46:57,00,";
var hq_str_sh603259="药明康德,83.040,83.180,83.900,84.230,82.500,83.810,83.900,7136750,594570410.000,100,83.810,5720,83.800,600,83.780,1600,83.760,800,83.750,36509,83.900,540,83.950,100,83.970,100,83.980,600,83.990,2020-06-15,10:47:57,00,";
var hq_str_sh603259="药明康德,83.040,83.180,83.850,84.230,82.500,83.810,83.850,7173350,597639754.000,400,83.810,4420,83.800,600,83.780,300,83.770,1600,83.760,80,83.850,1000,83.860,4500,83.870,25849,83.900,200,83.910,2020-06-15,10:48:57,00,";
var hq_str_sh603259="药明康德,83.040,83.180,83.800,84.230,82.500,83.790,83.850,7207730,600521337.000,800,83.790,1300,83.780,1340,83.770,1700,83.760,800,83.750,200,83.850,1200,83.860,1440,83.870,2300,83.890,25749,83.900,2020-06-15,10:50:00,00,";
var hq_str_sh603259="药明康德,83.040,83.180,83.750,84.230,82.500,83.680,83.750,7270170,605749649.000,800,83.680,3600,83.660,3500,83.650,700,83.640,100,83.630,1800,83.750,200,83.760,2300,83.800,2000,83.820,100,83.830,2020-06-15,10:51:00,00,";
var hq_str_sh603259="药明康德,83.040,83.180,83.700,84.230,82.500,83.680,83.700,7292550,607622702.000,3520,83.680,6800,83.670,4800,83.660,3500,83.650,700,83.640,1100,83.700,400,83.730,500,83.740,1500,83.750,3400,83.800,2020-06-15,10:52:00,00,";
var hq_str_sh603259="药明康德,83.040,83.180,83.850,84.230,82.500,83.850,83.860,7322530,610133736.000,10700,83.850,1500,83.820,2200,83.790,100,83.730,600,83.720,2500,83.860,900,83.880,1000,83.890,25649,83.900,200,83.910,2020-06-15,10:52:57,00,";
var hq_str_sh603259="药明康德,83.040,83.180,83.700,84.230,82.500,83.690,83.700,7377290,614721831.000,2000,83.690,5020,83.680,6300,83.670,4700,83.660,3500,83.650,540,83.700,680,83.710,4700,83.720,100,83.780,300,83.800,2020-06-15,10:54:00,00,";
var hq_str_sh603259="药明康德,83.040,83.180,83.710,84.230,82.500,83.700,83.720,7429510,619093833.000,4080,83.700,2000,83.690,4220,83.680,6400,83.670,1200,83.660,500,83.720,100,83.730,200,83.750,1400,83.760,500,83.790,2020-06-15,10:55:00,00,";
var hq_str_sh603259="药明康德,83.040,83.180,83.590,84.230,82.500,83.580,83.590,7516410,626362306.000,4800,83.580,2700,83.560,300,83.550,600,83.540,800,83.530,1340,83.590,1200,83.610,300,83.620,300,83.650,800,83.670,2020-06-15,10:56:00,00,";
var hq_str_sh603259="药明康德,83.040,83.180,83.790,84.230,82.500,83.790,83.840,7563450,630292984.000,600,83.790,100,83.710,500,83.700,700,83.640,3200,83.620,400,83.840,2420,83.850,600,83.860,1700,83.880,7000,83.890,2020-06-15,10:56:57,00,";
var hq_str_sh603259="药明康德,83.040,83.180,83.900,84.230,82.500,83.880,83.890,7750710,645974031.000,21180,83.880,200,83.850,100,83.800,2600,83.760,600,83.740,900,83.890,23429,83.900,200,83.910,1040,83.950,200,83.970,2020-06-15,10:58:00,00,";
var hq_str_sh603259="药明康德,83.040,83.180,83.730,84.230,82.500,83.720,83.730,7820490,651825530.000,1300,83.720,3000,83.710,1900,83.700,700,83.680,500,83.670,200,83.730,600,83.740,37400,83.750,1500,83.870,1640,83.880,2020-06-15,10:58:57,00,";
var hq_str_sh603259="药明康德,83.040,83.180,83.750,84.230,82.500,83.740,83.750,7872390,656172296.000,4000,83.740,1100,83.730,1700,83.720,2700,83.700,600,83.680,46200,83.750,284,83.800,300,83.870,520,83.880,14009,83.900,2020-06-15,10:59:57,00,";
var hq_str_sh603259="药明康德,83.040,83.180,83.620,84.230,82.500,83.610,83.620,7908090,659160867.000,6000,83.610,2960,83.600,2200,83.580,100,83.570,1700,83.560,1200,83.620,100,83.630,600,83.640,200,83.660,96200,83.700,2020-06-15,11:00:57,00,";
var hq_str_sh603259="药明康德,83.040,83.180,83.600,84.230,82.500,83.560,83.590,7959150,663429347.000,500,83.560,700,83.550,100,83.540,100,83.530,700,83.520,300,83.590,200,83.600,2800,83.630,100,83.640,95300,83.700,2020-06-15,11:02:00,00,";
var hq_str_sh603259="药明康德,83.040,83.180,83.600,84.230,82.500,83.510,83.600,8023950,668841345.000,400,83.510,3800,83.500,3000,83.490,500,83.470,1700,83.460,1026,83.600,200,83.620,2600,83.630,100,83.640,80,83.650,2020-06-15,11:03:00,00,";
var hq_str_sh603259="药明康德,83.040,83.180,83.350,84.230,82.500,83.300,83.360,8117309,676629916.000,2617,83.300,59,83.280,300,83.270,2900,83.260,300,83.250,1826,83.360,400,83.370,200,83.380,1200,83.390,10200,83.400,2020-06-15,11:03:58,00,";
var hq_str_sh603259="药明康德,83.040,83.180,83.330,84.230,82.500,83.320,83.330,8135306,678129168.000,1000,83.320,200,83.310,580,83.300,600,83.290,600,83.280,226,83.330,600,83.350,300,83.360,12100,83.400,80,83.430,2020-06-15,11:04:57,00,";
var hq_str_sh603259="药明康德,83.040,83.180,83.330,84.230,82.500,83.330,83.350,8154306,679712310.000,1400,83.330,8800,83.320,2300,83.310,3280,83.300,1500,83.290,200,83.350,100,83.370,340,83.390,12100,83.400,80,83.430,2020-06-15,11:06:01,00,";
var hq_str_sh603259="药明康德,83.040,83.180,83.500,84.230,82.500,83.500,83.550,8176846,681592310.000,9700,83.500,400,83.450,500,83.430,3400,83.410,21360,83.400,300,83.550,100,83.590,500,83.600,3000,83.620,2600,83.630,2020-06-15,11:06:57,00,";
var hq_str_sh603259="药明康德,83.040,83.180,83.460,84.230,82.500,83.460,83.470,8209426,684311783.000,700,83.460,120,83.450,100,83.430,1200,83.420,3600,83.410,300,83.470,200,83.490,6060,83.500,300,83.540,100,83.590,2020-06-15,11:08:01,00,";
var hq_str_sh603259="药明康德,83.040,83.180,83.600,84.230,82.500,83.450,83.540,8235226,686465594.000,6400,83.450,12700,83.440,3600,83.430,1500,83.420,3400,83.410,100,83.540,400,83.600,3000,83.620,2600,83.630,100,83.640,2020-06-15,11:08:58,00,";
var hq_str_sh603259="药明康德,83.040,83.180,83.500,84.230,82.500,83.490,83.500,8248326,687559614.000,4500,83.490,800,83.480,1500,83.470,6200,83.460,8200,83.450,1600,83.500,300,83.510,600,83.520,80,83.530,300,83.570,2020-06-15,11:10:00,00,";
var hq_str_sh603259="药明康德,83.040,83.180,83.620,84.230,82.500,83.620,83.630,8265346,688982023.000,11800,83.620,4400,83.610,4480,83.600,600,83.580,700,83.560,2900,83.630,100,83.640,500,83.660,100,83.680,3600,83.690,2020-06-15,11:10:58,00,";
var hq_str_sh603259="药明康德,83.040,83.180,83.650,84.230,82.500,83.640,83.660,8297876,691702717.000,800,83.640,2760,83.630,14100,83.620,1000,83.610,14280,83.600,800,83.660,200,83.680,3800,83.690,700,83.720,284,83.800,2020-06-15,11:11:58,00,";
var hq_str_sh603259="药明康德,83.040,83.180,83.500,84.230,82.500,83.490,83.500,8357956,696724353.000,860,83.490,2300,83.480,1200,83.470,6700,83.460,7200,83.450,500,83.500,100,83.510,1200,83.520,1600,83.550,500,83.590,2020-06-15,11:13:01,00,";
var hq_str_sh603259="药明康德,83.040,83.180,83.440,84.230,82.500,83.440,83.450,8382116,698740828.000,12300,83.440,3100,83.430,1300,83.420,2700,83.410,10800,83.400,1200,83.450,500,83.460,1000,83.470,100,83.480,1200,83.490,2020-06-15,11:13:58,00,";
var hq_str_sh603259="药明康德,83.040,83.180,83.400,84.230,82.500,83.400,83.430,8425536,702362930.000,9380,83.400,3500,83.380,1900,83.360,3000,83.350,1100,83.340,800,83.430,600,83.440,1300,83.450,500,83.460,1100,83.470,2020-06-15,11:15:01,00,";
var hq_str_sh603259="药明康德,83.040,83.180,83.260,84.230,82.500,83.260,83.290,8508696,709293833.000,3599,83.260,5500,83.250,1800,83.240,300,83.230,800,83.220,980,83.290,200,83.320,200,83.340,3000,83.350,800,83.370,2020-06-15,11:16:01,00,";
var hq_str_sh603259="药明康德,83.040,83.180,83.320,84.230,82.500,83.320,83.370,8535416,711519726.000,1580,83.320,800,83.300,2099,83.290,600,83.280,5400,83.270,800,83.370,400,83.420,6100,83.510,1000,83.520,820,83.550,2020-06-15,11:16:58,00,";
var hq_str_sh603259="药明康德,83.040,83.180,83.540,84.230,82.500,83.500,83.510,8559056,713493360.000,700,83.500,4400,83.480,500,83.470,600,83.460,600,83.440,400,83.510,100,83.540,100,83.560,3300,83.580,300,83.590,2020-06-15,11:17:58,00,";
var hq_str_sh603259="药明康德,83.040,83.180,83.440,84.230,82.500,83.420,83.440,8571696,714548747.000,600,83.420,1100,83.400,600,83.380,1100,83.370,1100,83.360,40,83.440,100,83.450,980,83.460,500,83.470,5040,83.500,2020-06-15,11:18:58,00,";
var hq_str_sh603259="药明康德,83.040,83.180,83.600,84.230,82.500,83.460,83.600,8606276,717434686.000,100,83.460,300,83.420,4360,83.410,960,83.400,600,83.380,480,83.600,700,83.620,300,83.630,1900,83.640,300,83.650,2020-06-15,11:19:58,00,";
var hq_str_sh603259="药明康德,83.040,83.180,83.600,84.230,82.500,83.510,83.550,8615956,718243134.000,3500,83.510,6400,83.500,3620,83.480,21000,83.460,600,83.440,200,83.550,300,83.600,2200,83.630,1900,83.640,300,83.650,2020-06-15,11:21:01,00,";
var hq_str_sh603259="药明康德,83.040,83.180,83.640,84.230,82.500,83.600,83.640,8655420,721542249.000,18700,83.600,600,83.580,700,83.570,900,83.560,500,83.550,1700,83.640,3800,83.650,500,83.660,100,83.680,3600,83.690,2020-06-15,11:22:01,00,";
var hq_str_sh603259="药明康德,83.040,83.180,83.700,84.230,82.500,83.700,83.710,8675160,723193554.000,2860,83.700,500,83.640,100,83.630,4400,83.620,1600,83.610,500,83.710,700,83.720,300,83.750,100,83.800,2000,83.830,2020-06-15,11:22:58,00,";
var hq_str_sh603259="药明康德,83.040,83.180,83.530,84.230,82.500,83.520,83.530,8730820,727846747.000,3936,83.520,400,83.510,5200,83.500,3520,83.480,700,83.460,300,83.530,800,83.600,3400,83.610,100,83.620,100,83.640,2020-06-15,11:23:58,00,";
var hq_str_sh603259="药明康德,83.040,83.180,83.510,84.230,82.500,83.510,83.520,8745920,729107869.000,100,83.510,5036,83.500,3620,83.480,700,83.460,600,83.440,2000,83.520,300,83.630,400,83.650,300,83.670,400,83.680,2020-06-15,11:25:01,00,";
var hq_str_sh603259="药明康德,83.040,83.180,83.510,84.230,82.500,83.510,83.520,8756900,730024825.000,920,83.510,6800,83.500,3620,83.480,14900,83.460,600,83.440,5100,83.520,100,83.540,100,83.620,400,83.630,300,83.660,2020-06-15,11:26:01,00,";
var hq_str_sh603259="药明康德,83.040,83.180,83.610,84.230,82.500,83.560,83.580,8773016,731371353.000,1100,83.560,500,83.550,900,83.540,1984,83.520,920,83.510,400,83.580,700,83.620,300,83.630,200,83.660,700,83.680,2020-06-15,11:27:01,00,";
var hq_str_sh603259="药明康德,83.040,83.180,83.550,84.230,82.500,83.540,83.550,8786742,732518113.000,900,83.540,1058,83.520,2020,83.510,6000,83.500,3520,83.480,1100,83.550,3000,83.560,200,83.580,700,83.620,300,83.630,2020-06-15,11:27:58,00,";
var hq_str_sh603259="药明康德,83.040,83.180,83.480,84.230,82.500,83.480,83.500,8805360,734072793.000,980,83.480,200,83.470,14900,83.460,600,83.440,800,83.420,700,83.500,300,83.510,1442,83.520,4774,83.540,200,83.550,2020-06-15,11:29:01,00,";
var hq_str_sh603259="药明康德,83.040,83.180,83.400,84.230,82.500,83.390,83.450,8834040,736465991.000,900,83.390,900,83.380,2700,83.370,3400,83.360,200,83.350,200,83.450,600,83.470,3480,83.480,200,83.490,3400,83.500,2020-06-15,11:29:58,00,";
var hq_str_sh603259="药明康德,83.040,83.180,83.390,84.230,82.500,83.390,83.440,8834540,736507686.000,400,83.390,900,83.380,2700,83.370,3400,83.360,200,83.350,500,83.440,200,83.450,600,83.470,3480,83.480,200,83.490,2020-06-15,11:30:00,00,";
var hq_str_sh603259="药明康德,83.040,83.180,83.290,84.230,82.500,83.290,83.340,8969084,747723489.000,1100,83.290,254,83.260,7100,83.250,1700,83.240,1700,83.230,300,83.340,100,83.410,140,83.450,200,83.470,600,83.540,2020-06-15,13:00:58,00,";
var hq_str_sh603259="药明康德,83.040,83.180,83.100,84.230,82.500,83.100,83.110,9039008,753542390.000,4576,83.100,300,83.090,300,83.080,4200,83.070,300,83.060,400,83.110,300,83.120,1100,83.130,400,83.140,2100,83.150,2020-06-15,13:01:58,00,";
var hq_str_sh603259="药明康德,83.040,83.180,83.100,84.230,82.500,83.060,83.110,9113786,759753229.000,300,83.060,500,83.040,1500,83.020,13277,83.010,70400,83.000,500,83.110,1100,83.170,1100,83.190,2100,83.200,900,83.220,2020-06-15,13:02:58,00,";
var hq_str_sh603259="药明康德,83.040,83.180,83.020,84.230,82.500,83.010,83.050,9170374,764453644.000,8389,83.010,70400,83.000,1500,82.990,4400,82.980,700,82.970,2100,83.050,200,83.060,100,83.070,2700,83.080,300,83.090,2020-06-15,13:03:58,00,";
var hq_str_sh603259="药明康德,83.040,83.180,83.100,84.230,82.500,83.080,83.120,9210899,767820186.000,500,83.080,200,83.060,1395,83.050,300,83.040,1000,83.030,500,83.120,1300,83.140,2000,83.150,100,83.210,900,83.220,2020-06-15,13:04:58,00,";
var hq_str_sh603259="药明康德,83.040,83.180,83.090,84.230,82.500,83.080,83.090,9249694,771043314.000,4700,83.080,500,83.060,300,83.050,1200,83.040,1100,83.030,2960,83.090,1548,83.100,300,83.160,200,83.170,100,83.210,2020-06-15,13:05:58,00,";
var hq_str_sh603259="药明康德,83.040,83.180,83.030,84.230,82.500,83.020,83.030,9277594,773360786.000,200,83.020,10689,83.010,75500,83.000,1600,82.990,5100,82.980,1500,83.030,900,83.040,2706,83.050,1160,83.060,300,83.070,2020-06-15,13:06:58,00,";
var hq_str_sh603259="药明康德,83.040,83.180,82.860,84.230,82.500,82.860,82.930,9455965,788156265.000,3800,82.860,3593,82.850,100,82.820,100,82.810,53000,82.800,2600,82.930,700,82.940,100,82.960,13511,83.000,100,83.020,2020-06-15,13:07:58,00,";
var hq_str_sh603259="药明康德,83.040,83.180,82.860,84.230,82.500,82.850,82.870,9495389,791423629.000,2000,82.850,100,82.840,9000,82.820,4700,82.810,54500,82.800,25,82.870,3000,82.910,2200,82.990,13611,83.000,100,83.020,2020-06-15,13:08:58,00,";
var hq_str_sh603259="药明康德,83.040,83.180,82.800,84.230,82.500,82.810,82.820,9595227,799691703.000,1500,82.810,2300,82.800,300,82.790,1300,82.780,1300,82.770,200,82.820,500,82.830,800,82.840,600,82.880,200,82.900,2020-06-15,13:09:58,00,";
var hq_str_sh603259="药明康德,83.040,83.180,82.750,84.230,82.500,82.750,82.770,9650571,804271764.000,280,82.750,1600,82.720,14551,82.710,23800,82.700,2100,82.690,400,82.770,500,82.880,200,82.900,400,82.910,400,82.970,2020-06-15,13:10:58,00,";
var hq_str_sh603259="药明康德,83.040,83.180,82.910,84.230,82.500,82.910,82.970,9679251,806648766.000,600,82.910,300,82.900,200,82.890,820,82.880,600,82.870,100,82.970,500,82.980,2100,82.990,800,83.000,100,83.020,2020-06-15,13:11:58,00,";
var hq_str_sh603259="药明康德,83.040,83.180,82.790,84.230,82.500,82.780,82.790,9707771,809011842.000,500,82.780,600,82.770,3800,82.760,6880,82.750,300,82.730,3048,82.790,1600,82.800,200,82.850,3800,82.860,100,82.870,2020-06-15,13:12:58,00,";
var hq_str_sh603259="药明康德,83.040,83.180,82.710,84.230,82.500,82.710,82.720,9757235,813103995.000,3100,82.710,24600,82.700,2300,82.690,16200,82.680,200,82.670,900,82.720,300,82.730,600,82.740,400,82.750,7900,82.760,2020-06-15,13:13:58,00,";
var hq_str_sh603259="药明康德,83.040,83.180,82.790,84.230,82.500,82.760,82.790,9788575,815697424.000,600,82.760,400,82.750,4660,82.730,800,82.720,6300,82.710,200,82.790,300,82.860,300,82.900,300,82.910,100,82.920,2020-06-15,13:14:58,00,";
var hq_str_sh603259="药明康德,83.040,83.180,82.920,84.230,82.500,82.910,82.920,9811582,817603746.000,400,82.910,6776,82.900,100,82.890,200,82.880,100,82.870,200,82.920,1600,82.930,800,82.960,200,82.970,1800,82.980,2020-06-15,13:15:58,00,";
var hq_str_sh603259="药明康德,83.040,83.180,82.810,84.230,82.500,82.810,82.890,9838058,819798432.000,300,82.810,8477,82.800,200,82.790,500,82.770,200,82.760,207,82.890,1860,82.900,15038,82.910,600,82.930,200,82.970,2020-06-15,13:16:58,00,";
var hq_str_sh603259="药明康德,83.040,83.180,82.920,84.230,82.500,82.920,82.980,9876982,823024886.000,2100,82.920,473,82.910,1200,82.890,500,82.880,1960,82.870,1800,82.980,2700,82.990,6000,83.000,100,83.020,500,83.030,2020-06-15,13:17:58,00,";
var hq_str_sh603259="药明康德,83.040,83.180,82.870,84.230,82.500,82.860,82.870,9906755,825494692.000,700,82.860,1800,82.850,800,82.830,900,82.810,9177,82.800,400,82.870,9648,82.900,300,82.910,3924,82.920,100,82.970,2020-06-15,13:18:58,00,";
var hq_str_sh603259="药明康德,83.040,83.180,82.810,84.230,82.500,82.770,82.810,9967421,830518459.000,100,82.770,500,82.730,1111,82.720,5600,82.710,28200,82.700,1700,82.810,500,82.860,600,82.870,1000,82.910,100,82.970,2020-06-15,13:19:58,00,";
var hq_str_sh603259="药明康德,83.040,83.180,82.580,84.230,82.500,82.570,82.580,10089335,840595156.000,297,82.570,4100,82.560,11600,82.550,500,82.540,2600,82.530,2596,82.580,1240,82.590,1200,82.600,100,82.610,832,82.660,2020-06-15,13:20:58,00,";
var hq_str_sh603259="药明康德,83.040,83.180,82.670,84.230,82.500,82.660,82.670,10118900,843037452.000,200,82.660,4700,82.650,100,82.640,3600,82.620,1194,82.610,300,82.670,17634,82.680,820,82.720,300,82.740,600,82.770,2020-06-15,13:21:58,00,";
var hq_str_sh603259="药明康德,83.040,83.180,82.860,84.230,82.500,82.890,82.910,10159149,846366445.000,900,82.890,5800,82.820,500,82.780,4397,82.770,100,82.760,300,82.910,500,82.980,1500,83.000,200,83.020,500,83.030,2020-06-15,13:22:58,00,";
var hq_str_sh603259="药明康德,83.040,83.180,83.070,84.230,82.500,83.000,83.050,10188380,848793099.000,6672,83.000,300,82.990,100,82.980,3000,82.930,2200,82.920,100,83.050,1200,83.200,100,83.210,700,83.220,1700,83.230,2020-06-15,13:23:58,00,";
var hq_str_sh603259="药明康德,83.040,83.180,83.000,84.230,82.500,83.000,83.060,10207080,850346729.000,8472,83.000,300,82.990,3000,82.930,1600,82.920,3897,82.910,880,83.060,100,83.080,300,83.090,200,83.160,10600,83.170,2020-06-15,13:24:58,00,";
var hq_str_sh603259="药明康德,83.040,83.180,82.930,84.230,82.500,82.920,82.930,10232052,852418613.000,2500,82.920,3897,82.910,1200,82.900,4100,82.890,300,82.870,3500,82.930,800,82.940,1700,82.960,9941,83.000,100,83.020,2020-06-15,13:25:58,00,";
var hq_str_sh603259="药明康德,83.040,83.180,82.900,84.230,82.500,82.900,82.910,10273987,855896649.000,462,82.900,4200,82.890,700,82.880,400,82.870,1000,82.860,500,82.910,1839,82.940,500,82.950,300,82.970,4341,83.000,2020-06-15,13:26:58,00,";
var hq_str_sh603259="药明康德,83.040,83.180,82.900,84.230,82.500,82.900,82.910,10295249,857659203.000,4900,82.900,1400,82.890,1000,82.860,400,82.850,100,82.830,3340,82.910,300,82.930,1639,82.940,500,82.950,1641,83.000,2020-06-15,13:28:01,00,";
var hq_str_sh603259="药明康德,83.040,83.180,82.900,84.230,82.500,82.900,82.940,10324873,860114815.000,1100,82.900,220,82.860,256,82.850,100,82.840,6400,82.830,1439,82.940,500,82.950,2641,83.000,300,83.010,100,83.060,2020-06-15,13:28:58,00,";
var hq_str_sh603259="药明康德,83.040,83.180,83.000,84.230,82.500,82.880,83.000,10350178,862212370.000,3017,82.880,1298,82.850,500,82.840,5576,82.830,7100,82.820,300,83.000,100,83.060,100,83.080,500,83.100,200,83.160,2020-06-15,13:29:58,00,";
var hq_str_sh603259="药明康德,83.040,83.180,83.000,84.230,82.500,82.940,83.000,10363583,863324786.000,11895,82.940,8400,82.930,400,82.920,200,82.910,1000,82.900,1600,83.000,300,83.030,992,83.050,11200,83.160,10800,83.170,2020-06-15,13:30:58,00,";
var hq_str_sh603259="药明康德,83.040,83.180,82.980,84.230,82.500,82.970,82.980,10379346,864632583.000,100,82.970,6100,82.960,3800,82.950,4332,82.940,7400,82.930,80,82.980,100,82.990,3096,83.000,992,83.050,200,83.140,2020-06-15,13:31:58,00,";
var hq_str_sh603259="药明康德,83.040,83.180,83.130,84.230,82.500,83.070,83.130,10414258,867534596.000,100,83.070,400,83.040,2560,83.000,220,82.990,2200,82.980,2600,83.130,2700,83.140,400,83.160,2900,83.170,500,83.180,2020-06-15,13:32:58,00,";
var hq_str_sh603259="药明康德,83.040,83.180,83.130,84.230,82.500,83.130,83.140,10423314,868287383.000,3600,83.130,100,83.120,100,83.110,400,83.100,2144,83.090,1000,83.140,300,83.160,3000,83.170,800,83.180,1800,83.190,2020-06-15,13:33:58,00,";
var hq_str_sh603259="药明康德,83.040,83.180,83.070,84.230,82.500,83.050,83.070,10445858,870160908.000,400,83.050,800,83.040,4200,83.030,900,83.010,2600,83.000,940,83.070,480,83.100,3806,83.130,800,83.140,4500,83.150,2020-06-15,13:34:58,00,";
var hq_str_sh603259="药明康德,83.040,83.180,83.030,84.230,82.500,83.040,83.050,10470258,872187711.000,100,83.040,4200,83.030,1400,83.010,3500,83.000,320,82.990,12693,83.050,100,83.100,2100,83.110,300,83.120,2826,83.130,2020-06-15,13:35:58,00,";
var hq_str_sh603259="药明康德,83.040,83.180,82.980,84.230,82.500,82.980,83.000,10494158,874171959.000,4820,82.980,1700,82.970,1200,82.950,2632,82.940,200,82.910,3100,83.000,1440,83.010,14405,83.050,500,83.100,2100,83.110,2020-06-15,13:36:58,00,";
var hq_str_sh603259="药明康德,83.040,83.180,82.980,84.230,82.500,82.980,83.000,10540878,878049231.000,5000,82.980,4200,82.970,2300,82.950,700,82.940,200,82.920,1835,83.000,500,83.020,40,83.030,14405,83.050,200,83.100,2020-06-15,13:37:58,00,";
var hq_str_sh603259="药明康德,83.040,83.180,82.980,84.230,82.500,82.910,82.980,10573628,880765835.000,2060,82.910,6290,82.900,2100,82.890,7117,82.880,200,82.870,2400,82.980,1600,83.000,40,83.030,14405,83.050,200,83.100,2020-06-15,13:39:01,00,";
var hq_str_sh603259="药明康德,83.040,83.180,83.000,84.230,82.500,82.970,83.000,10601237,883055550.000,100,82.970,5000,82.960,4491,82.910,4050,82.900,2000,82.890,1900,83.000,240,83.030,14405,83.050,200,83.100,2100,83.110,2020-06-15,13:39:58,00,";
var hq_str_sh603259="药明康德,83.040,83.180,82.880,84.230,82.500,82.880,82.890,10627299,885216560.000,8696,82.880,200,82.870,2400,82.860,1098,82.850,700,82.840,300,82.890,1200,82.900,3400,82.990,2400,83.000,300,83.020,2020-06-15,13:40:58,00,";
var hq_str_sh603259="药明康德,83.040,83.180,82.880,84.230,82.500,82.820,82.880,10651037,887183739.000,2460,82.820,10900,82.800,8700,82.780,1000,82.770,700,82.760,2426,82.880,2300,82.890,2300,82.900,300,82.920,8300,82.980,2020-06-15,13:41:58,00,";
var hq_str_sh603259="药明康德,83.040,83.180,82.730,84.230,82.500,82.730,82.740,10681497,889705536.000,300,82.730,700,82.720,28800,82.710,2100,82.700,300,82.690,860,82.740,600,82.750,300,82.760,5280,82.780,1000,82.790,2020-06-15,13:43:01,00,";
var hq_str_sh603259="药明康德,83.040,83.180,82.700,84.230,82.500,82.690,82.700,10730397,893750504.000,300,82.690,3800,82.680,1600,82.670,1200,82.660,3800,82.650,6721,82.700,200,82.720,4320,82.750,6700,82.760,600,82.780,2020-06-15,13:43:58,00,";
var hq_str_sh603259="药明康德,83.040,83.180,82.610,84.230,82.500,82.600,82.640,10784045,898183621.000,9960,82.600,35677,82.590,9400,82.580,200,82.570,6500,82.560,100,82.640,1380,82.670,600,82.680,300,82.690,1100,82.700,2020-06-15,13:44:58,00,";
var hq_str_sh603259="药明康德,83.040,83.180,82.680,84.230,82.500,82.680,82.700,10833045,902231953.000,4920,82.680,8120,82.670,600,82.660,300,82.650,1000,82.640,200,82.700,2220,82.750,400,82.780,1380,82.800,2200,82.820,2020-06-15,13:45:58,00,";
var hq_str_sh603259="药明康德,83.040,83.180,82.640,84.230,82.500,82.640,82.650,10872785,905516927.000,200,82.640,1600,82.610,6200,82.600,31520,82.590,10200,82.580,2600,82.650,4500,82.670,90016,82.680,380,82.700,2120,82.750,2020-06-15,13:46:58,00,";
var hq_str_sh603259="药明康德,83.040,83.180,82.640,84.230,82.500,82.640,82.650,10894045,907274139.000,84,82.640,4256,82.630,2200,82.620,1900,82.610,9600,82.600,5300,82.650,2220,82.670,90516,82.680,300,82.690,780,82.700,2020-06-15,13:47:58,00,";
var hq_str_sh603259="药明康德,83.040,83.180,82.680,84.230,82.500,82.670,82.680,10920888,909492782.000,577,82.670,26980,82.660,700,82.650,700,82.640,6640,82.620,90916,82.680,300,82.690,780,82.700,2120,82.750,400,82.780,2020-06-15,13:48:58,00,";
var hq_str_sh603259="药明康德,83.040,83.180,82.890,84.230,82.500,82.830,82.890,11052035,920338070.000,1100,82.830,2200,82.820,920,82.810,2100,82.800,900,82.760,500,82.890,5000,82.900,600,82.950,3100,82.970,8300,82.980,2020-06-15,13:49:58,00,";
var hq_str_sh603259="药明康德,83.040,83.180,82.720,84.230,82.500,82.700,82.720,11094295,923837767.000,3760,82.700,800,82.680,1200,82.670,24546,82.660,1800,82.650,100,82.720,500,82.730,600,82.740,300,82.750,500,82.760,2020-06-15,13:50:58,00,";
var hq_str_sh603259="药明康德,83.040,83.180,82.670,84.230,82.500,82.670,82.680,11125355,926406127.000,1500,82.670,25746,82.660,2600,82.650,800,82.640,100,82.630,4400,82.680,500,82.690,1000,82.700,900,82.710,600,82.720,2020-06-15,13:51:58,00,";
var hq_str_sh603259="药明康德,83.040,83.180,82.670,84.230,82.500,82.670,82.680,11157655,929076849.000,1600,82.670,25246,82.660,4500,82.650,700,82.640,100,82.630,4580,82.680,9500,82.700,900,82.710,900,82.720,1500,82.800,2020-06-15,13:52:58,00,";
var hq_str_sh603259="药明康德,83.040,83.180,82.670,84.230,82.500,82.650,82.660,11212087,933576083.000,180,82.650,1700,82.640,1074,82.620,3800,82.610,16300,82.600,1000,82.660,1600,82.670,700,82.680,300,82.690,9400,82.700,2020-06-15,13:53:58,00,";
var hq_str_sh603259="药明康德,83.040,83.180,82.580,84.230,82.500,82.580,82.600,11293861,940330484.000,5700,82.580,1000,82.570,6000,82.560,14000,82.550,1400,82.540,1579,82.600,1700,82.630,600,82.650,320,82.660,300,82.680,2020-06-15,13:55:01,00,";
var hq_str_sh603259="药明康德,83.040,83.180,82.600,84.230,82.500,82.570,82.590,11321998,942654460.000,2163,82.570,43100,82.560,14100,82.550,1700,82.540,3600,82.530,400,82.590,1900,82.600,200,82.650,3580,82.660,2000,82.670,2020-06-15,13:55:58,00,";
var hq_str_sh603259="药明康德,83.040,83.180,82.600,84.230,82.500,82.570,82.600,11356431,945497781.000,600,82.570,32030,82.560,14800,82.550,1500,82.540,3800,82.530,100,82.600,400,82.610,100,82.630,740,82.640,700,82.650,2020-06-15,13:56:58,00,";
var hq_str_sh603259="药明康德,83.040,83.180,82.570,84.230,82.500,82.570,82.600,11379756,947423952.000,1030,82.570,34675,82.560,15400,82.550,1400,82.540,3700,82.530,780,82.600,100,82.610,1500,82.620,740,82.640,700,82.650,2020-06-15,13:57:58,00,";
var hq_str_sh603259="药明康德,83.040,83.180,82.630,84.230,82.500,82.620,82.640,11396256,948786848.000,213,82.620,3500,82.600,4467,82.580,4150,82.570,35275,82.560,740,82.640,700,82.650,3880,82.660,100,82.670,200,82.680,2020-06-15,13:58:58,00,";
var hq_str_sh603259="药明康德,83.040,83.180,82.640,84.230,82.500,82.600,82.640,11418410,950617266.000,300,82.600,100,82.590,3426,82.580,4750,82.570,32975,82.560,300,82.640,790,82.650,3880,82.660,100,82.670,200,82.680,2020-06-15,14:00:01,00,";
var hq_str_sh603259="药明康德,83.040,83.180,82.660,84.230,82.500,82.640,82.650,11430770,951638798.000,840,82.640,900,82.630,1200,82.620,1800,82.610,1800,82.600,200,82.650,2556,82.660,700,82.670,200,82.680,9700,82.700,2020-06-15,14:00:58,00,";
var hq_str_sh603259="药明康德,83.040,83.180,82.590,84.230,82.500,82.580,82.590,11452310,953418615.000,7126,82.580,4150,82.570,33675,82.560,16200,82.550,1400,82.540,2000,82.590,3520,82.600,1878,82.630,80,82.640,1000,82.650,2020-06-15,14:01:58,00,";
var hq_str_sh603259="药明康德,83.040,83.180,82.570,84.230,82.500,82.570,82.580,11529380,959781564.000,381,82.570,4600,82.530,4100,82.520,7400,82.510,87600,82.500,800,82.580,2300,82.590,1878,82.630,80,82.640,1000,82.650,2020-06-15,14:02:58,00,";
var hq_str_sh603259="药明康德,83.040,83.180,82.570,84.230,82.500,82.560,82.590,11554766,961877467.000,4000,82.560,7500,82.550,1200,82.540,1000,82.530,5495,82.520,2040,82.590,300,82.600,4815,82.630,80,82.640,1000,82.650,2020-06-15,14:03:58,00,";
var hq_str_sh603259="药明康德,83.040,83.180,82.630,84.230,82.500,82.630,82.660,11586366,964487845.000,1240,82.630,300,82.610,4200,82.600,6160,82.590,3200,82.580,408,82.660,100,82.670,200,82.680,480,82.690,9700,82.700,2020-06-15,14:04:58,00,";
var hq_str_sh603259="药明康德,83.040,83.180,82.630,84.230,82.500,82.630,82.650,11602109,965788779.000,197,82.630,3800,82.620,3300,82.610,3100,82.600,5660,82.590,100,82.650,850,82.660,100,82.670,200,82.680,480,82.690,2020-06-15,14:05:58,00,";
var hq_str_sh603259="药明康德,83.040,83.180,82.650,84.230,82.500,82.630,82.640,11622293,967456871.000,100,82.630,2613,82.620,3300,82.610,4400,82.600,2460,82.590,100,82.640,500,82.650,1130,82.690,10200,82.700,300,82.710,2020-06-15,14:06:58,00,";
var hq_str_sh603259="药明康德,83.040,83.180,82.660,84.230,82.500,82.660,82.670,11634176,968438848.000,2000,82.660,1197,82.630,3233,82.620,3200,82.610,4400,82.600,300,82.670,200,82.680,300,82.690,10300,82.700,300,82.710,2020-06-15,14:07:58,00,";
var hq_str_sh603259="药明康德,83.040,83.180,82.650,84.230,82.500,82.650,82.680,11655245,970180190.000,42,82.650,5786,82.630,9033,82.620,3200,82.610,5900,82.600,2100,82.680,2952,82.690,10480,82.700,400,82.710,800,82.800,2020-06-15,14:08:58,00,";
var hq_str_sh603259="药明康德,83.040,83.180,82.630,84.230,82.500,82.630,82.640,11676246,971915881.000,2827,82.630,9133,82.620,3100,82.610,6800,82.600,2560,82.590,1630,82.640,400,82.670,2500,82.680,2652,82.690,12380,82.700,2020-06-15,14:09:58,00,";
var hq_str_sh603259="药明康德,83.040,83.180,82.670,84.230,82.500,82.660,82.670,11693644,973353781.000,100,82.660,4868,82.630,8994,82.620,3300,82.610,7800,82.600,67,82.670,2452,82.690,12680,82.700,400,82.710,300,82.730,2020-06-15,14:10:58,00,";
var hq_str_sh603259="药明康德,83.040,83.180,82.650,84.230,82.500,82.660,82.670,11703729,974187355.000,100,82.660,1282,82.650,4400,82.640,5501,82.630,9194,82.620,4740,82.670,100,82.680,1552,82.690,12880,82.700,400,82.710,2020-06-15,14:11:58,00,";
var hq_str_sh603259="药明康德,83.040,83.180,82.710,84.230,82.500,82.710,82.800,11735553,976818827.000,268,82.710,1200,82.700,200,82.690,100,82.680,3220,82.670,900,82.800,100,82.870,1600,82.880,1600,82.900,400,82.910,2020-06-15,14:12:58,00,";
var hq_str_sh603259="药明康德,83.040,83.180,82.980,84.230,82.500,82.870,82.880,11790305,981356847.000,500,82.870,3478,82.860,500,82.850,100,82.840,2600,82.830,100,82.880,3880,82.980,600,83.030,1000,83.040,12305,83.050,2020-06-15,14:13:58,00,";
var hq_str_sh603259="药明康德,83.040,83.180,82.850,84.230,82.500,82.850,82.870,11837105,985239115.000,678,82.850,100,82.840,3460,82.800,100,82.780,100,82.770,1700,82.870,1200,82.880,300,82.900,700,82.960,600,83.030,2020-06-15,14:14:58,00,";
var hq_str_sh603259="药明康德,83.040,83.180,82.800,84.230,82.500,82.770,82.780,11861043,987222473.000,700,82.770,300,82.760,400,82.750,300,82.720,100,82.710,411,82.780,1000,82.820,400,82.880,300,82.950,2400,82.990,2020-06-15,14:15:58,00,";
var hq_str_sh603259="药明康德,83.040,83.180,82.890,84.230,82.500,82.930,82.990,11874319,988322485.000,400,82.930,1491,82.850,100,82.830,1200,82.820,3600,82.810,500,82.990,1800,83.000,100,83.020,600,83.030,1700,83.040,2020-06-15,14:16:58,00,";
var hq_str_sh603259="药明康德,83.040,83.180,82.930,84.230,82.500,82.930,82.980,11899698,990426522.000,5305,82.930,300,82.920,5200,82.910,8400,82.900,5635,82.890,100,82.980,1300,82.990,2000,83.000,100,83.020,400,83.030,2020-06-15,14:17:58,00,";
var hq_str_sh603259="药明康德,83.040,83.180,82.930,84.230,82.500,82.930,82.950,11944363,994132766.000,500,82.930,5100,82.910,1200,82.900,335,82.890,100,82.880,2000,82.950,100,82.980,1000,82.990,500,83.000,500,83.030,2020-06-15,14:18:58,00,";
var hq_str_sh603259="药明康德,83.040,83.180,82.900,84.230,82.500,82.900,82.920,11978739,996982921.000,917,82.900,9370,82.860,1300,82.850,100,82.830,700,82.820,1920,82.920,400,82.940,500,82.950,1100,82.980,803,82.990,2020-06-15,14:19:58,00,";
var hq_str_sh603259="药明康德,83.040,83.180,82.940,84.230,82.500,82.940,82.970,12011033,999662456.000,290,82.940,5300,82.880,2280,82.870,10470,82.860,1300,82.850,439,82.970,588,83.060,500,83.080,1000,83.090,5360,83.100,2020-06-15,14:20:58,00,";
var hq_str_sh603259="药明康德,83.040,83.180,83.180,84.230,82.500,83.180,83.190,12075456,1005013863.000,38,83.180,1200,83.120,100,83.060,300,83.030,3500,83.020,1700,83.190,1320,83.200,4800,83.210,700,83.220,800,83.230,2020-06-15,14:21:58,00,";
var hq_str_sh603259="药明康德,83.040,83.180,82.980,84.230,82.500,82.910,82.980,12105712,1007527647.000,2100,82.910,3800,82.880,1180,82.870,8000,82.860,1500,82.850,534,82.980,1100,82.990,1700,83.000,200,83.040,5500,83.050,2020-06-15,14:22:58,00,";
var hq_str_sh603259="药明康德,83.040,83.180,83.000,84.230,82.500,82.930,83.000,12124729,1009105736.000,4783,82.930,300,82.920,2400,82.910,100,82.890,3800,82.880,1604,83.000,800,83.010,100,83.040,17000,83.050,105100,83.100,2020-06-15,14:23:58,00,";
var hq_str_sh603259="药明康德,83.040,83.180,82.980,84.230,82.500,82.980,83.000,12361890,1028804775.000,17560,82.980,1700,82.900,162,82.890,4200,82.880,4380,82.870,6700,83.000,8000,83.050,1800,83.090,11904,83.100,2500,83.150,2020-06-15,14:24:58,00,";
var hq_str_sh603259="药明康德,83.040,83.180,83.040,84.230,82.500,83.000,83.040,12392897,1031377707.000,15900,83.000,100,82.910,3553,82.900,3162,82.890,4300,82.880,2500,83.040,28100,83.050,1400,83.090,14004,83.100,2500,83.150,2020-06-15,14:25:58,00,";
var hq_str_sh603259="药明康德,83.040,83.180,82.970,84.230,82.500,82.900,82.970,12418797,1033527228.000,2853,82.900,3162,82.890,5100,82.880,4380,82.870,8800,82.860,200,82.970,100,83.000,100,83.010,2000,83.020,900,83.040,2020-06-15,14:26:59,00,";
var hq_str_sh603259="药明康德,83.040,83.180,82.950,84.230,82.500,82.950,82.960,12430237,1034476123.000,4800,82.950,2800,82.920,3860,82.910,3853,82.900,3000,82.890,500,82.960,200,82.970,1000,83.000,2740,83.020,600,83.040,2020-06-15,14:27:58,00,";
var hq_str_sh603259="药明康德,83.040,83.180,82.970,84.230,82.500,82.980,83.000,12444715,1035677334.000,100,82.980,100,82.970,6182,82.960,640,82.950,4000,82.940,200,83.000,1340,83.020,2200,83.040,28500,83.050,440,83.090,2020-06-15,14:28:58,00,";
var hq_str_sh603259="药明康德,83.040,83.180,83.000,84.230,82.500,83.030,83.050,12488935,1039349227.000,200,83.030,400,83.000,100,82.990,1700,82.980,7480,82.970,100,83.050,500,83.080,1340,83.090,14004,83.100,200,83.120,2020-06-15,14:29:58,00,";
var hq_str_sh603259="药明康德,83.040,83.180,83.050,84.230,82.500,83.050,83.060,12513221,1041366298.000,4914,83.050,6500,83.000,2700,82.980,6680,82.970,3382,82.960,1100,83.060,1500,83.070,500,83.080,1040,83.090,12004,83.100,2020-06-15,14:30:59,00,";
var hq_str_sh603259="药明康德,83.040,83.180,82.950,84.230,82.500,82.950,83.140,12657987,1053393353.000,200,82.950,4050,82.940,5000,82.930,1200,82.920,4060,82.910,900,83.140,5200,83.150,31500,83.180,600,83.190,10660,83.200,2020-06-15,14:31:59,00,";
var hq_str_sh603259="药明康德,83.040,83.180,83.100,84.230,82.500,83.100,83.130,12810867,1066106040.000,99400,83.100,500,83.030,1400,83.020,5000,83.010,3500,83.000,400,83.130,1200,83.140,600,83.170,92600,83.200,3800,83.210,2020-06-15,14:32:59,00,";
var hq_str_sh603259="药明康德,83.040,83.180,83.130,84.230,82.500,83.100,83.130,13030177,1084341513.000,1710,83.100,100,83.060,600,83.030,1400,83.020,700,83.010,300,83.130,100,83.140,200,83.150,3300,83.190,2700,83.200,2020-06-15,14:33:59,00,";
var hq_str_sh603259="药明康德,83.040,83.180,83.020,84.230,82.500,83.020,83.050,13050087,1085995738.000,2500,83.020,14000,83.010,4300,83.000,2700,82.980,600,82.960,2729,83.050,500,83.080,6800,83.100,540,83.110,100,83.130,2020-06-15,14:34:59,00,";
var hq_str_sh603259="药明康德,83.040,83.180,83.030,84.230,82.500,83.020,83.030,13067207,1087417530.000,5600,83.020,15800,83.010,4600,83.000,2700,82.980,600,82.960,1100,83.030,700,83.040,3480,83.050,700,83.060,400,83.080,2020-06-15,14:35:59,00,";
var hq_str_sh603259="药明康德,83.040,83.180,83.050,84.230,82.500,83.030,83.050,13102736,1090367955.000,4720,83.030,1900,83.020,15800,83.010,5800,83.000,2700,82.980,1140,83.050,1600,83.070,400,83.080,2000,83.090,8736,83.100,2020-06-15,14:36:59,00,";
var hq_str_sh603259="药明康德,83.040,83.180,83.040,84.230,82.500,83.030,83.040,13126799,1092366078.000,1200,83.030,13857,83.010,6200,83.000,2700,82.980,600,82.960,188,83.040,28140,83.050,100,83.060,80,83.070,700,83.080,2020-06-15,14:37:59,00,";
var hq_str_sh603259="药明康德,83.040,83.180,82.950,84.230,82.500,82.940,82.970,13157556,1094919020.000,3250,82.940,5000,82.930,1200,82.920,3760,82.910,4353,82.900,2488,82.970,1542,82.980,100,82.990,3500,83.000,23051,83.010,2020-06-15,14:38:59,00,";
var hq_str_sh603259="药明康德,83.040,83.180,82.810,84.230,82.500,82.800,82.810,13205059,1098855918.000,3140,82.800,700,82.780,30000,82.760,100,82.750,1300,82.720,4300,82.810,4300,82.820,3100,82.830,100,82.840,100,82.850,2020-06-15,14:39:59,00,";
var hq_str_sh603259="药明康德,83.040,83.180,82.670,84.230,82.500,82.660,82.670,13268599,1104112716.000,3228,82.660,3700,82.650,10900,82.640,100,82.630,600,82.620,69,82.670,100,82.680,1840,82.700,2300,82.710,280,82.720,2020-06-15,14:40:59,00,";
var hq_str_sh603259="药明康德,83.040,83.180,82.660,84.230,82.500,82.650,82.660,13320019,1108363900.000,7000,82.650,11000,82.640,100,82.630,1700,82.620,4100,82.610,7400,82.660,100,82.680,500,82.760,100,82.780,1000,82.800,2020-06-15,14:41:59,00,";
var hq_str_sh603259="药明康德,83.040,83.180,82.820,84.230,82.500,82.820,82.840,13350380,1110875688.000,349,82.820,41300,82.810,1200,82.750,700,82.710,1300,82.700,500,82.840,1500,82.860,600,82.880,1000,82.890,8195,82.900,2020-06-15,14:42:59,00,";
var hq_str_sh603259="药明康德,83.040,83.180,82.850,84.230,82.500,82.840,82.850,13361912,1111831092.000,17,82.840,1100,82.830,1200,82.820,41700,82.810,500,82.800,2161,82.850,700,82.880,4600,82.890,8795,82.900,500,82.930,2020-06-15,14:43:59,00,";
var hq_str_sh603259="药明康德,83.040,83.180,82.670,84.230,82.500,82.670,82.680,13426629,1117189673.000,400,82.670,2200,82.660,8600,82.650,11400,82.640,200,82.630,2100,82.680,1600,82.690,1800,82.700,1100,82.720,300,82.730,2020-06-15,14:44:59,00,";
var hq_str_sh603259="药明康德,83.040,83.180,82.670,84.230,82.500,82.650,82.660,13473653,1121077518.000,5076,82.650,11500,82.640,700,82.630,1600,82.620,3000,82.610,400,82.660,978,82.670,1800,82.680,2600,82.690,1600,82.700,2020-06-15,14:45:59,00,";
var hq_str_sh603259="药明康德,83.040,83.180,82.660,84.230,82.500,82.650,82.660,13513589,1124378314.000,3400,82.650,600,82.640,1200,82.630,2000,82.620,3800,82.610,140,82.660,1500,82.680,2500,82.690,7600,82.700,600,82.800,2020-06-15,14:46:59,00,";
var hq_str_sh603259="药明康德,83.040,83.180,82.690,84.230,82.500,82.690,82.700,13557823,1128034979.000,2000,82.690,800,82.670,1400,82.660,1618,82.650,600,82.640,7600,82.700,600,82.800,400,82.810,700,82.830,1000,82.840,2020-06-15,14:47:59,00,";
var hq_str_sh603259="药明康德,83.040,83.180,82.640,84.230,82.500,82.630,82.640,13588307,1130555067.000,1200,82.630,2500,82.620,5400,82.610,23500,82.600,2460,82.590,1340,82.640,2582,82.650,300,82.660,880,82.670,500,82.680,2020-06-15,14:48:59,00,";
var hq_str_sh603259="药明康德,83.040,83.180,82.610,84.230,82.500,82.610,82.630,13640832,1134894965.000,1598,82.610,30600,82.600,2660,82.590,5800,82.580,2900,82.570,1300,82.630,4918,82.650,300,82.680,400,82.690,6360,82.700,2020-06-15,14:49:59,00,";
var hq_str_sh603259="药明康德,83.040,83.180,82.610,84.230,82.500,82.600,82.610,13718245,1141290138.000,3362,82.600,5660,82.590,5900,82.580,4100,82.570,2100,82.560,2700,82.610,700,82.630,200,82.640,3618,82.650,400,82.690,2020-06-15,14:50:59,00,";
var hq_str_sh603259="药明康德,83.040,83.180,82.700,84.230,82.500,82.670,82.700,13774202,1145914008.000,300,82.670,21900,82.650,4500,82.640,2100,82.630,29745,82.620,4460,82.700,600,82.800,500,82.810,100,82.820,700,82.830,2020-06-15,14:51:59,00,";
var hq_str_sh603259="药明康德,83.040,83.180,82.650,84.230,82.500,82.650,82.670,13833759,1150837230.000,3843,82.650,4700,82.640,2400,82.630,29845,82.620,1000,82.610,500,82.670,460,82.700,5000,82.710,5000,82.750,600,82.800,2020-06-15,14:52:59,00,";
var hq_str_sh603259="药明康德,83.040,83.180,82.630,84.230,82.500,82.630,82.660,13904655,1156695653.000,4100,82.630,7292,82.620,1300,82.610,6100,82.600,300,82.590,545,82.660,200,82.670,200,82.680,660,82.700,5000,82.710,2020-06-15,14:53:59,00,";
var hq_str_sh603259="药明康德,83.040,83.180,82.640,84.230,82.500,82.580,82.590,13974458,1162461780.000,4889,82.580,4000,82.570,2000,82.560,8400,82.550,200,82.540,500,82.590,418,82.640,780,82.650,200,82.680,760,82.700,2020-06-15,14:54:59,00,";
var hq_str_sh603259="药明康德,83.040,83.180,82.600,84.230,82.500,82.610,82.640,14055644,1169167649.000,300,82.610,400,82.590,2700,82.580,3803,82.570,2300,82.560,853,82.640,1300,82.680,780,82.690,5000,82.710,5700,82.750,2020-06-15,14:55:59,00,";
var hq_str_sh603259="药明康德,83.040,83.180,82.710,84.230,82.500,82.700,82.710,14124618,1174864886.000,920,82.700,500,82.600,2396,82.590,500,82.580,694,82.570,2400,82.710,5700,82.750,900,82.800,500,82.810,100,82.820,2020-06-15,14:56:59,00,";
var hq_str_sh603259="药明康德,83.040,83.180,82.710,84.230,82.500,82.520,82.520,14127618,1175113016.000,40847,82.520,3038,0.000,0,0.000,0,0.000,0,0.000,40847,82.520,0,0.000,0,0.000,0,0.000,0,0.000,2020-06-15,14:57:59,00,";
var hq_str_sh603259="药明康德,83.040,83.180,82.710,84.230,82.500,82.500,82.500,14127618,1175113016.000,74727,82.500,71158,0.000,0,0.000,0,0.000,0,0.000,74727,82.500,0,0.000,0,0.000,0,0.000,0,0.000,2020-06-15,14:58:59,00,";
