var hq_str_sh603259="药明康德,108.050,108.050,108.050,108.050,108.050,108.020,108.050,33200,3587260.000,5000,108.020,2500,108.000,300,107.800,500,107.720,100,107.630,8700,108.050,100,108.170,100,108.200,1100,108.400,100,108.450,2020-12-03,09:29:54,00,";
var hq_str_sh603259="药明康德,108.050,108.050,108.030,108.400,107.810,108.000,108.030,104200,11259135.000,5000,108.000,200,107.950,200,107.930,100,107.820,600,107.810,320,108.030,400,108.040,400,108.090,1300,108.100,200,108.110,2020-12-03,09:30:59,00,";
var hq_str_sh603259="药明康德,108.050,108.050,107.830,108.420,107.770,107.770,107.810,176124,19037475.000,100,107.770,600,107.740,800,107.720,500,107.710,200,107.700,500,107.810,1100,107.830,200,107.860,700,107.900,6040,108.000,2020-12-03,09:31:59,00,";
var hq_str_sh603259="药明康德,108.050,108.050,108.100,108.420,107.650,107.840,108.070,198024,21398269.000,2100,107.840,3100,107.830,200,107.820,100,107.810,200,107.800,100,108.070,900,108.090,1200,108.100,900,108.200,300,108.210,2020-12-03,09:32:59,00,";
var hq_str_sh603259="药明康德,108.050,108.050,107.920,108.420,107.650,107.920,107.930,220924,23870983.000,600,107.920,300,107.900,500,107.890,200,107.880,500,107.870,200,107.930,100,107.940,200,107.960,4800,108.000,300,108.010,2020-12-03,09:33:59,00,";
var hq_str_sh603259="药明康德,108.050,108.050,108.200,108.420,107.650,108.200,108.210,276424,29864275.000,500,108.200,100,108.140,500,108.080,500,108.060,1500,108.050,600,108.210,200,108.250,7040,108.290,3600,108.300,600,108.320,2020-12-03,09:34:59,00,";
var hq_str_sh603259="药明康德,108.050,108.050,108.320,108.420,107.650,108.320,108.330,318564,34428013.000,5400,108.320,2000,108.300,560,108.290,900,108.280,100,108.260,1600,108.330,700,108.380,5800,108.440,2800,108.450,200,108.470,2020-12-03,09:35:59,00,";
var hq_str_sh603259="药明康德,108.050,108.050,108.130,108.830,107.650,108.060,108.140,408724,44209049.000,500,108.060,900,108.050,1000,108.010,4200,108.000,500,107.950,200,108.140,600,108.180,5100,108.250,100,108.260,1600,108.280,2020-12-03,09:36:59,00,";
var hq_str_sh603259="药明康德,108.050,108.050,108.400,108.830,107.650,108.360,108.400,450324,48714642.000,7300,108.360,100,108.350,100,108.340,800,108.310,6100,108.300,300,108.400,1200,108.410,100,108.480,2700,108.490,1200,108.500,2020-12-03,09:37:59,00,";
var hq_str_sh603259="药明康德,108.050,108.050,108.150,108.830,107.650,108.140,108.150,514924,55708708.000,300,108.140,500,108.130,800,108.100,200,108.070,1200,108.050,1400,108.150,100,108.180,1200,108.200,1200,108.210,1460,108.220,2020-12-03,09:38:59,00,";
var hq_str_sh603259="药明康德,108.050,108.050,108.130,108.830,107.650,108.110,108.130,562724,60881861.000,800,108.110,1300,108.100,1200,108.050,100,108.020,500,108.010,300,108.130,200,108.190,2600,108.220,500,108.250,400,108.260,2020-12-03,09:39:59,00,";
var hq_str_sh603259="药明康德,108.050,108.050,108.120,108.830,107.650,108.090,108.120,606024,65563146.000,100,108.090,100,108.080,100,108.070,100,108.060,2100,108.050,2000,108.120,1000,108.200,1200,108.220,500,108.250,300,108.260,2020-12-03,09:40:59,00,";
var hq_str_sh603259="药明康德,108.050,108.050,108.010,108.830,107.650,108.000,108.020,638324,69053589.000,17800,108.000,500,107.980,500,107.950,800,107.910,300,107.900,800,108.020,1200,108.030,1200,108.060,300,108.070,100,108.100,2020-12-03,09:41:59,00,";
var hq_str_sh603259="药明康德,108.050,108.050,107.830,108.830,107.650,107.830,107.840,699424,75644982.000,400,107.830,700,107.820,2000,107.810,4900,107.800,200,107.790,2700,107.840,1700,107.910,300,107.950,1500,107.980,600,107.990,2020-12-03,09:42:59,00,";
var hq_str_sh603259="药明康德,108.050,108.050,108.000,108.830,107.650,107.990,108.000,722664,78152276.000,300,107.990,1100,107.950,3500,107.920,100,107.910,100,107.900,500,108.000,100,108.010,16400,108.050,2300,108.060,100,108.080,2020-12-03,09:43:59,00,";
var hq_str_sh603259="药明康德,108.050,108.050,107.990,108.830,107.650,107.990,108.010,748964,80992639.000,2900,107.990,600,107.950,100,107.930,100,107.910,2100,107.900,2300,108.010,900,108.040,16900,108.050,2500,108.060,100,108.080,2020-12-03,09:44:59,00,";
var hq_str_sh603259="药明康德,108.050,108.050,108.170,108.830,107.650,107.990,108.170,868184,93866989.000,4400,107.990,100,107.980,900,107.970,100,107.960,100,107.880,280,108.170,300,108.190,1800,108.200,400,108.210,600,108.220,2020-12-03,09:45:59,00,";
var hq_str_sh603259="药明康德,108.050,108.050,108.050,108.830,107.650,108.040,108.050,960184,103808699.000,3000,108.040,400,108.030,14700,108.000,3300,107.990,400,107.970,15900,108.050,1200,108.060,400,108.070,800,108.080,1400,108.100,2020-12-03,09:46:59,00,";
var hq_str_sh603259="药明康德,108.050,108.050,107.500,108.830,107.500,107.480,107.500,1127083,121789195.000,1000,107.480,500,107.470,500,107.440,500,107.410,1500,107.400,7040,107.500,2800,107.540,4200,107.820,100,107.840,100,107.960,2020-12-03,09:47:59,00,";
var hq_str_sh603259="药明康德,108.050,108.050,107.600,108.830,107.500,107.590,107.600,1241923,134143661.000,1700,107.590,400,107.580,300,107.560,1000,107.550,400,107.530,100,107.600,500,107.760,600,107.790,39900,107.800,3800,107.820,2020-12-03,09:48:59,00,";
var hq_str_sh603259="药明康德,108.050,108.050,107.580,108.830,107.480,107.530,107.590,1308123,141261143.000,1000,107.530,1600,107.520,400,107.510,500,107.500,2300,107.490,700,107.590,2700,107.600,200,107.610,1900,107.760,600,107.770,2020-12-03,09:49:59,00,";
var hq_str_sh603259="药明康德,108.050,108.050,107.490,108.830,107.440,107.410,107.490,1406223,151813353.000,600,107.410,3800,107.400,600,107.370,10000,107.350,500,107.340,200,107.490,13200,107.500,1200,107.600,200,107.670,200,107.680,2020-12-03,09:50:59,00,";
var hq_str_sh603259="药明康德,108.050,108.050,107.180,108.830,107.180,107.150,107.180,1454723,157021383.000,100,107.150,500,107.130,100,107.120,300,107.110,1000,107.100,400,107.180,600,107.200,700,107.220,400,107.250,400,107.280,2020-12-03,09:51:59,00,";
var hq_str_sh603259="药明康德,108.050,108.050,107.120,108.830,107.020,107.110,107.160,1494423,161273374.000,3500,107.110,800,107.100,400,107.080,1900,107.070,1200,107.060,1700,107.160,2700,107.190,300,107.200,200,107.220,300,107.250,2020-12-03,09:52:59,00,";
var hq_str_sh603259="药明康德,108.050,108.050,107.430,108.830,107.020,107.410,107.430,1529223,165008604.000,1200,107.410,900,107.400,400,107.310,200,107.300,2500,107.280,4500,107.430,13300,107.500,100,107.540,2000,107.590,200,107.660,2020-12-03,09:53:59,00,";
var hq_str_sh603259="药明康德,108.050,108.050,107.410,108.830,107.020,107.400,107.410,1586723,171187108.000,100,107.400,1500,107.380,500,107.340,500,107.310,300,107.300,200,107.410,400,107.460,6900,107.480,100,107.490,15072,107.500,2020-12-03,09:54:59,00,";
var hq_str_sh603259="药明康德,108.050,108.050,107.300,108.830,107.000,107.240,107.320,1730623,186604421.000,100,107.240,2000,107.100,2200,107.090,800,107.080,1100,107.040,200,107.320,1200,107.330,500,107.370,1000,107.380,1200,107.400,2020-12-03,09:55:59,00,";
var hq_str_sh603259="药明康德,108.050,108.050,107.120,108.830,107.000,107.120,107.180,1847858,199156825.000,1400,107.120,600,107.110,600,107.100,1100,107.090,400,107.080,1600,107.180,1772,107.200,4100,107.220,300,107.240,1500,107.250,2020-12-03,09:56:59,00,";
var hq_str_sh603259="药明康德,108.050,108.050,106.910,108.830,106.880,106.900,106.910,1920458,206927621.000,1400,106.900,4400,106.890,2000,106.880,400,106.870,1800,106.860,100,106.910,1700,106.970,500,106.990,34400,107.000,6400,107.010,2020-12-03,09:57:59,00,";
var hq_str_sh603259="药明康德,108.050,108.050,106.990,108.830,106.880,106.990,107.000,2106590,226849952.000,2100,106.990,2800,106.980,200,106.970,1000,106.950,1500,106.940,29600,107.000,100,107.240,200,107.280,8200,107.300,100,107.320,2020-12-03,09:58:59,00,";
var hq_str_sh603259="药明康德,108.050,108.050,107.200,108.830,106.880,107.090,107.260,2186290,235382972.000,100,107.090,1200,107.080,200,107.050,500,107.040,3000,107.010,400,107.260,300,107.270,400,107.290,200,107.380,6800,107.480,2020-12-03,09:59:59,00,";
var hq_str_sh603259="药明康德,108.050,108.050,107.300,108.830,106.880,107.290,107.300,2230990,240172424.000,100,107.290,200,107.280,100,107.260,1100,107.230,500,107.210,2800,107.300,200,107.380,6800,107.480,14700,107.500,200,107.530,2020-12-03,10:00:59,00,";
var hq_str_sh603259="药明康德,108.050,108.050,107.500,108.830,106.880,107.520,107.530,2316390,249342852.000,600,107.520,2700,107.500,100,107.470,700,107.460,200,107.400,200,107.530,2200,107.590,800,107.660,200,107.670,100,107.680,2020-12-03,10:01:59,00,";
var hq_str_sh603259="药明康德,108.050,108.050,107.810,108.830,106.880,107.810,107.830,2350990,253069863.000,100,107.810,1100,107.760,100,107.700,500,107.680,100,107.670,100,107.830,500,107.860,200,107.880,700,107.890,500,107.900,2020-12-03,10:02:59,00,";
var hq_str_sh603259="药明康德,108.050,108.050,107.510,108.830,106.880,107.510,107.540,2414290,259883514.000,200,107.510,550,107.500,550,107.480,100,107.470,200,107.460,200,107.540,4580,107.590,31780,107.600,1400,107.740,1100,107.760,2020-12-03,10:03:59,00,";
var hq_str_sh603259="药明康德,108.050,108.050,107.970,108.830,106.880,107.960,107.970,2513850,270615210.000,1000,107.960,2000,107.910,200,107.880,300,107.850,800,107.840,5500,107.970,9200,107.990,900,108.030,2800,108.040,5600,108.050,2020-12-03,10:04:59,00,";
var hq_str_sh603259="药明康德,108.050,108.050,107.940,108.830,106.880,107.910,107.920,2548850,274391984.000,400,107.910,200,107.870,6500,107.810,500,107.800,300,107.720,600,107.920,200,107.940,3000,107.950,2200,107.960,1900,107.980,2020-12-03,10:05:59,00,";
var hq_str_sh603259="药明康德,108.050,108.050,108.050,108.830,106.880,108.070,108.110,2625350,282654555.000,100,108.070,700,108.050,800,108.040,300,108.030,200,108.020,2900,108.110,200,108.120,200,108.140,700,108.150,300,108.170,2020-12-03,10:06:59,00,";
var hq_str_sh603259="药明康德,108.050,108.050,108.050,108.830,106.880,108.000,108.050,2678350,288389219.000,900,108.000,200,107.990,300,107.920,400,107.880,4700,107.820,600,108.050,900,108.130,1000,108.150,100,108.220,400,108.240,2020-12-03,10:07:59,00,";
var hq_str_sh603259="药明康德,108.050,108.050,108.010,108.830,106.880,108.000,108.010,2718350,292710895.000,700,108.000,800,107.990,300,107.980,500,107.950,200,107.920,200,108.010,200,108.020,700,108.030,2800,108.050,1000,108.060,2020-12-03,10:08:59,00,";
var hq_str_sh603259="药明康德,108.050,108.050,107.950,108.830,106.880,107.950,107.980,2755750,296749149.000,300,107.950,2400,107.820,600,107.800,1100,107.750,300,107.720,300,107.980,600,107.990,3400,108.000,1312,108.030,300,108.040,2020-12-03,10:09:59,00,";
var hq_str_sh603259="药明康德,108.050,108.050,108.170,108.830,106.880,108.160,108.170,2812602,302888705.000,100,108.160,800,108.150,100,108.120,3100,108.100,800,108.070,700,108.170,600,108.180,500,108.220,100,108.240,300,108.250,2020-12-03,10:10:59,00,";
var hq_str_sh603259="药明康德,108.050,108.050,108.250,108.830,106.880,108.250,108.260,2862814,308321413.000,9700,108.250,200,108.230,300,108.220,1700,108.210,2388,108.200,400,108.260,600,108.300,300,108.360,200,108.370,300,108.390,2020-12-03,10:11:59,00,";
var hq_str_sh603259="药明康德,108.050,108.050,108.350,108.830,106.880,108.350,108.430,2911714,313620044.000,1800,108.350,10300,108.320,3000,108.300,5400,108.280,200,108.270,1000,108.430,100,108.440,1800,108.450,1600,108.480,1800,108.490,2020-12-03,10:12:59,00,";
var hq_str_sh603259="药明康德,108.050,108.050,108.430,108.830,106.880,108.430,108.470,3001214,323329654.000,12700,108.430,800,108.400,1000,108.350,700,108.300,200,108.270,2100,108.470,1100,108.480,600,108.490,7400,108.500,3400,108.510,2020-12-03,10:13:59,00,";
var hq_str_sh603259="药明康德,108.050,108.050,108.470,108.830,106.880,108.470,108.500,3072514,331063516.000,100,108.470,300,108.460,300,108.450,2400,108.440,3500,108.430,960,108.500,2700,108.510,1800,108.520,1700,108.530,7000,108.550,2020-12-03,10:14:59,00,";
var hq_str_sh603259="药明康德,108.050,108.050,108.410,108.830,106.880,108.410,108.430,3097914,333817603.000,100,108.410,1700,108.400,300,108.390,200,108.380,300,108.350,200,108.430,800,108.440,2700,108.450,3100,108.460,100,108.480,2020-12-03,10:15:59,00,";
var hq_str_sh603259="药明康德,108.050,108.050,108.400,108.830,106.880,108.400,108.420,3146714,339110585.000,1000,108.400,500,108.310,300,108.300,100,108.270,200,108.260,400,108.420,600,108.430,700,108.440,1300,108.450,200,108.460,2020-12-03,10:16:59,00,";
var hq_str_sh603259="药明康德,108.050,108.050,108.400,108.830,106.880,108.370,108.380,3173514,342015306.000,100,108.370,200,108.270,200,108.260,100,108.250,500,108.240,300,108.380,300,108.400,100,108.420,200,108.430,5800,108.440,2020-12-03,10:17:59,00,";
var hq_str_sh603259="药明康德,108.050,108.050,108.440,108.830,106.880,108.440,108.450,3199714,344856379.000,5300,108.440,1100,108.400,600,108.390,5000,108.380,400,108.370,400,108.450,900,108.470,800,108.480,1300,108.490,3200,108.500,2020-12-03,10:18:59,00,";
var hq_str_sh603259="药明康德,108.050,108.050,108.390,108.830,106.880,108.380,108.390,3270592,352543620.000,1822,108.380,400,108.360,500,108.350,3600,108.300,200,108.270,100,108.390,12100,108.400,500,108.470,800,108.480,100,108.490,2020-12-03,10:19:59,00,";
var hq_str_sh603259="药明康德,108.050,108.050,108.400,108.830,106.880,108.370,108.390,3317114,357585468.000,4200,108.370,300,108.350,1400,108.310,4500,108.270,300,108.260,100,108.390,21700,108.400,6009,108.470,200,108.490,23600,108.500,2020-12-03,10:20:59,00,";
var hq_str_sh603259="药明康德,108.050,108.050,108.580,108.830,106.880,108.560,108.580,3397923,366349902.000,100,108.560,3091,108.500,4600,108.490,1400,108.480,500,108.470,1260,108.580,5000,108.590,4600,108.600,200,108.610,2000,108.620,2020-12-03,10:21:59,00,";
var hq_str_sh603259="药明康德,108.050,108.050,108.480,108.830,106.880,108.490,108.610,3510661,378586526.000,53,108.490,700,108.460,1000,108.440,600,108.430,1700,108.400,1000,108.610,100,108.660,1300,108.680,700,108.690,300,108.700,2020-12-03,10:22:59,00,";
var hq_str_sh603259="药明康德,108.050,108.050,108.340,108.830,106.880,108.350,108.370,3563314,384293685.000,100,108.350,200,108.340,2200,108.330,900,108.320,600,108.310,1400,108.370,2847,108.400,1000,108.590,900,108.600,100,108.610,2020-12-03,10:23:59,00,";
var hq_str_sh603259="药明康德,108.050,108.050,108.580,108.830,106.880,108.450,108.580,3602561,388555733.000,100,108.450,800,108.440,200,108.430,1600,108.400,2300,108.370,100,108.580,1400,108.590,37600,108.600,200,108.630,200,108.650,2020-12-03,10:24:59,00,";
var hq_str_sh603259="药明康德,108.050,108.050,108.590,108.830,106.880,108.580,108.590,3635461,392128197.000,100,108.580,100,108.560,700,108.460,500,108.440,500,108.400,700,108.590,27700,108.600,300,108.650,800,108.690,3500,108.700,2020-12-03,10:25:59,00,";
var hq_str_sh603259="药明康德,108.050,108.050,108.580,108.830,106.880,108.560,108.580,3676261,396558926.000,400,108.560,400,108.530,900,108.480,500,108.440,500,108.400,300,108.580,3900,108.600,200,108.630,200,108.650,800,108.690,2020-12-03,10:26:59,00,";
var hq_str_sh603259="药明康德,108.050,108.050,108.760,108.830,106.880,108.750,108.760,3719941,401306735.000,100,108.750,500,108.700,500,108.690,500,108.680,100,108.660,700,108.760,9800,108.800,200,108.810,500,108.820,1600,108.830,2020-12-03,10:27:59,00,";
var hq_str_sh603259="药明康德,108.050,108.050,108.970,108.970,106.880,108.970,108.980,3811441,411269126.000,3600,108.970,9900,108.960,1600,108.950,300,108.940,600,108.910,7700,108.980,11300,108.990,23100,109.000,2600,109.020,100,109.050,2020-12-03,10:28:59,00,";
var hq_str_sh603259="药明康德,108.050,108.050,109.090,109.100,106.880,109.090,109.100,3902341,421178629.000,1500,109.090,200,109.080,2400,109.070,300,109.060,1600,109.050,3300,109.100,100,109.110,2200,109.120,1500,109.180,500,109.190,2020-12-03,10:29:59,00,";
var hq_str_sh603259="药明康德,108.050,108.050,109.040,109.120,106.880,109.040,109.050,4041942,436393513.000,800,109.040,3999,108.960,100,108.910,4600,108.900,300,108.850,1000,109.050,200,109.060,1400,109.070,1000,109.080,400,109.090,2020-12-03,10:30:59,00,";
var hq_str_sh603259="药明康德,108.050,108.050,109.000,109.120,106.880,108.970,108.980,4094182,442089323.000,3560,108.970,600,108.960,3600,108.950,500,108.920,700,108.910,300,108.980,200,109.000,300,109.020,700,109.050,800,109.060,2020-12-03,10:31:59,00,";
var hq_str_sh603259="药明康德,108.050,108.050,108.990,109.120,106.880,109.000,109.020,4121382,445053541.000,1800,109.000,300,108.970,460,108.960,600,108.950,300,108.940,1900,109.020,400,109.030,400,109.050,2800,109.060,12300,109.070,2020-12-03,10:32:59,00,";
var hq_str_sh603259="药明康德,108.050,108.050,108.750,109.120,106.880,108.660,108.820,4201442,453778958.000,600,108.660,900,108.640,500,108.600,100,108.570,700,108.560,400,108.820,600,108.830,500,108.850,100,108.870,1100,108.880,2020-12-03,10:33:59,00,";
var hq_str_sh603259="药明康德,108.050,108.050,109.000,109.120,106.880,109.000,109.020,4266152,460825194.000,4290,109.000,400,108.940,5600,108.900,900,108.860,500,108.820,2100,109.020,1100,109.040,400,109.050,3500,109.070,300,109.090,2020-12-03,10:34:59,00,";
var hq_str_sh603259="药明康德,108.050,108.050,109.020,109.120,106.880,109.010,109.020,4353942,470393426.000,400,109.010,3500,109.000,800,108.960,500,108.950,2100,108.940,500,109.020,110,109.030,1300,109.040,900,109.050,200,109.060,2020-12-03,10:35:59,00,";
var hq_str_sh603259="药明康德,108.050,108.050,109.120,109.120,106.880,109.110,109.120,4389846,474309577.000,200,109.110,2500,109.100,200,109.090,1200,109.080,7300,109.070,1200,109.120,700,109.130,100,109.150,700,109.170,1300,109.180,2020-12-03,10:36:59,00,";
var hq_str_sh603259="药明康德,108.050,108.050,109.500,109.520,106.880,109.500,109.520,4439246,479711408.000,4400,109.500,3400,109.450,1100,109.430,6200,109.420,3100,109.400,31100,109.520,1000,109.530,100,109.540,100,109.550,1000,109.570,2020-12-03,10:37:59,00,";
var hq_str_sh603259="药明康德,108.050,108.050,109.500,109.660,106.880,109.490,109.500,4610746,498497947.000,600,109.490,3500,109.470,500,109.460,3200,109.450,1700,109.420,6700,109.500,9400,109.510,900,109.520,500,109.530,4900,109.540,2020-12-03,10:38:59,00,";
var hq_str_sh603259="药明康德,108.050,108.050,109.460,109.660,106.880,109.460,109.470,4683546,506466142.000,900,109.460,1100,109.360,500,109.340,400,109.320,500,109.310,100,109.470,1800,109.480,1100,109.490,9900,109.500,2100,109.510,2020-12-03,10:39:56,00,";
var hq_str_sh603259="药明康德,108.050,108.050,109.380,109.660,106.880,109.380,109.400,4748446,513569432.000,9500,109.380,100,109.370,1000,109.360,500,109.340,400,109.320,500,109.400,700,109.420,1300,109.440,700,109.460,1900,109.470,2020-12-03,10:40:59,00,";
var hq_str_sh603259="药明康德,108.050,108.050,109.580,109.660,106.880,109.570,109.580,4808990,520201188.000,1200,109.570,500,109.560,600,109.550,3700,109.540,400,109.510,6100,109.580,10300,109.590,1500,109.600,400,109.610,700,109.620,2020-12-03,10:41:59,00,";
var hq_str_sh603259="药明康德,108.050,108.050,109.610,109.660,106.880,109.600,109.620,4858090,525581214.000,400,109.600,200,109.580,1600,109.570,3300,109.560,600,109.550,1500,109.620,900,109.640,1400,109.650,600,109.660,100,109.670,2020-12-03,10:42:59,00,";
var hq_str_sh603259="药明康德,108.050,108.050,109.740,109.800,106.880,109.740,109.800,4904190,530636613.000,300,109.740,300,109.720,700,109.680,1900,109.650,2200,109.640,800,109.800,400,109.810,300,109.820,900,109.850,100,109.860,2020-12-03,10:43:59,00,";
var hq_str_sh603259="药明康德,108.050,108.050,109.980,110.000,106.880,109.900,109.980,5041190,545698090.000,30400,109.900,500,109.890,900,109.880,1200,109.870,8300,109.860,5600,109.980,200,109.990,21570,110.000,200,110.010,1100,110.020,2020-12-03,10:44:59,00,";
var hq_str_sh603259="药明康德,108.050,108.050,110.290,110.350,106.880,110.280,110.290,5228760,566353751.000,500,110.280,13200,110.200,500,110.180,1800,110.150,3500,110.130,700,110.290,200,110.300,100,110.320,200,110.340,200,110.350,2020-12-03,10:45:59,00,";
var hq_str_sh603259="药明康德,108.050,108.050,110.150,110.350,106.880,110.170,110.190,5410060,586333218.000,600,110.170,200,110.130,700,110.110,17900,110.100,1200,110.080,600,110.190,1200,110.200,4100,110.210,2400,110.250,7900,110.260,2020-12-03,10:46:59,00,";
var hq_str_sh603259="药明康德,108.050,108.050,110.230,110.350,106.880,110.200,110.230,5558960,602735884.000,1100,110.200,17900,110.180,300,110.140,300,110.120,11500,110.110,100,110.230,4200,110.250,6900,110.260,6100,110.270,2900,110.280,2020-12-03,10:47:59,00,";
var hq_str_sh603259="药明康德,108.050,108.050,110.180,110.350,106.880,110.180,110.200,5690560,617239230.000,200,110.180,13800,110.110,5900,110.100,1000,110.080,1100,110.060,1100,110.200,3200,110.250,6000,110.260,6100,110.270,3400,110.280,2020-12-03,10:48:59,00,";
var hq_str_sh603259="药明康德,108.050,108.050,110.220,110.350,106.880,110.190,110.220,5784760,627619527.000,200,110.190,1400,110.170,1900,110.160,2000,110.150,1200,110.120,2300,110.220,1100,110.230,700,110.240,21300,110.250,2500,110.260,2020-12-03,10:49:59,00,";
var hq_str_sh603259="药明康德,108.050,108.050,110.450,110.510,106.880,110.410,110.460,5914580,641947471.000,200,110.410,600,110.400,500,110.380,500,110.340,500,110.300,100,110.460,700,110.470,800,110.480,100,110.490,6700,110.500,2020-12-03,10:50:59,00,";
var hq_str_sh603259="药明康德,108.050,108.050,110.230,110.510,106.880,110.110,110.230,5991300,650411437.000,4980,110.110,1900,110.100,1000,110.080,1100,110.060,500,110.050,9300,110.230,1200,110.240,1000,110.270,1500,110.300,1000,110.350,2020-12-03,10:51:59,00,";
var hq_str_sh603259="药明康德,108.050,108.050,110.050,110.510,106.880,110.050,110.070,6036580,655395938.000,700,110.050,400,109.980,1000,109.940,800,109.910,4100,109.900,100,110.070,100,110.090,320,110.100,100,110.110,600,110.120,2020-12-03,10:52:59,00,";
var hq_str_sh603259="药明康德,108.050,108.050,110.270,110.510,106.880,110.270,110.280,6072260,659325065.000,60,110.270,100,110.240,100,110.210,8800,110.200,7200,110.150,200,110.280,200,110.300,1000,110.310,200,110.320,1200,110.350,2020-12-03,10:53:59,00,";
var hq_str_sh603259="药明康德,108.050,108.050,110.410,110.510,106.880,110.410,110.420,6167460,669831019.000,500,110.410,500,110.270,100,110.240,2700,110.210,6960,110.200,2300,110.420,600,110.440,700,110.450,1300,110.470,200,110.480,2020-12-03,10:54:59,00,";
var hq_str_sh603259="药明康德,108.050,108.050,110.400,110.510,106.880,110.400,110.410,6226160,676311113.000,200,110.400,100,110.370,200,110.300,600,110.260,100,110.240,600,110.410,2900,110.450,1300,110.470,500,110.480,1500,110.490,2020-12-03,10:55:59,00,";
var hq_str_sh603259="药明康德,108.050,108.050,110.350,110.510,106.880,110.360,110.400,6260260,680074400.000,100,110.360,800,110.340,200,110.290,2200,110.250,1200,110.220,200,110.400,4600,110.410,4000,110.420,300,110.440,1200,110.450,2020-12-03,10:56:59,00,";
var hq_str_sh603259="药明康德,108.050,108.050,110.390,110.510,106.880,110.390,110.400,6286660,682988753.000,1400,110.390,500,110.380,1500,110.370,600,110.360,1000,110.350,8400,110.400,2400,110.410,3400,110.420,200,110.430,300,110.440,2020-12-03,10:57:59,00,";
var hq_str_sh603259="药明康德,108.050,108.050,110.400,110.510,106.880,110.390,110.400,6330360,687811474.000,2100,110.390,200,110.380,100,110.370,4500,110.320,800,110.260,5000,110.400,2200,110.410,3100,110.420,200,110.430,100,110.440,2020-12-03,10:58:59,00,";
var hq_str_sh603259="药明康德,108.050,108.050,110.420,110.510,106.880,110.420,110.430,6406086,696171979.000,1074,110.420,100,110.410,10200,110.400,800,110.380,5000,110.370,1000,110.430,500,110.440,1300,110.470,700,110.480,4300,110.490,2020-12-03,10:59:59,00,";
var hq_str_sh603259="药明康德,108.050,108.050,110.200,110.510,106.880,110.190,110.200,6495020,705974323.000,200,110.190,500,110.150,200,110.130,1000,110.120,5500,110.110,200,110.200,100,110.210,1000,110.350,4100,110.400,2400,110.410,2020-12-03,11:00:59,00,";
var hq_str_sh603259="药明康德,108.050,108.050,110.160,110.510,106.880,110.110,110.160,6533820,710253039.000,4800,110.110,21100,110.100,100,110.020,6000,110.000,100,109.990,1000,110.160,200,110.270,400,110.300,100,110.310,1600,110.370,2020-12-03,11:01:59,00,";
var hq_str_sh603259="药明康德,108.050,108.050,110.120,110.510,106.880,110.100,110.110,6575420,714834241.000,11500,110.100,500,110.020,6100,110.000,100,109.990,600,109.980,300,110.110,800,110.120,100,110.140,300,110.160,200,110.170,2020-12-03,11:02:59,00,";
var hq_str_sh603259="药明康德,108.050,108.050,110.380,110.510,106.880,110.370,110.380,6611920,718859760.000,600,110.370,500,110.350,100,110.300,2100,110.280,200,110.230,1440,110.380,4500,110.390,4900,110.400,2800,110.410,2700,110.420,2020-12-03,11:03:59,00,";
var hq_str_sh603259="药明康德,108.050,108.050,110.570,110.580,106.880,110.560,110.570,6711860,729899793.000,6900,110.560,1800,110.550,300,110.530,400,110.510,100,110.500,300,110.570,4000,110.580,1500,110.590,17700,110.600,100,110.610,2020-12-03,11:04:59,00,";
var hq_str_sh603259="药明康德,108.050,108.050,110.680,110.700,106.880,110.680,110.700,6766660,735961317.000,2200,110.680,31600,110.670,400,110.660,1400,110.650,10900,110.630,2700,110.700,100,110.710,900,110.720,200,110.750,200,110.760,2020-12-03,11:05:59,00,";
var hq_str_sh603259="药明康德,108.050,108.050,110.730,110.770,106.880,110.720,110.730,6814960,741309266.000,200,110.720,500,110.700,28800,110.670,200,110.660,700,110.650,1200,110.730,500,110.750,1920,110.760,200,110.770,2400,110.780,2020-12-03,11:06:59,00,";
var hq_str_sh603259="药明康德,108.050,108.050,110.780,110.820,106.880,110.780,110.790,6889360,749550037.000,1100,110.780,100,110.770,100,110.760,3100,110.740,26400,110.670,3600,110.790,3000,110.800,1220,110.820,1400,110.830,1300,110.850,2020-12-03,11:07:59,00,";
var hq_str_sh603259="药明康德,108.050,108.050,110.790,110.860,106.880,110.740,110.790,6953660,756674250.000,600,110.740,500,110.710,100,110.700,600,110.680,26500,110.670,300,110.790,900,110.840,3700,110.850,520,110.860,2100,110.870,2020-12-03,11:08:56,00,";
var hq_str_sh603259="药明康德,108.050,108.050,110.860,110.900,106.880,110.840,110.860,7005760,762449490.000,2600,110.840,3300,110.810,1800,110.800,200,110.790,3400,110.770,1600,110.860,100,110.870,900,110.880,1900,110.890,23220,110.900,2020-12-03,11:09:59,00,";
var hq_str_sh603259="药明康德,108.050,108.050,110.750,110.900,106.880,110.750,110.760,7053860,767777837.000,500,110.750,2100,110.740,300,110.730,1200,110.720,100,110.710,500,110.760,1000,110.770,6300,110.790,3801,110.800,400,110.810,2020-12-03,11:10:59,00,";
var hq_str_sh603259="药明康德,108.050,108.050,110.840,110.900,106.880,110.780,110.820,7118560,774946321.000,500,110.780,500,110.770,200,110.760,200,110.750,500,110.740,300,110.820,1300,110.840,800,110.850,300,110.870,500,110.880,2020-12-03,11:11:59,00,";
var hq_str_sh603259="药明康德,108.050,108.050,110.850,110.900,106.880,110.850,110.870,7207860,784834030.000,7600,110.850,400,110.730,500,110.710,20150,110.700,500,110.690,800,110.870,400,110.880,1900,110.890,21120,110.900,2600,110.910,2020-12-03,11:12:59,00,";
var hq_str_sh603259="药明康德,108.050,108.050,110.860,110.900,106.880,110.860,110.890,7255460,790109845.000,100,110.860,100,110.850,900,110.840,3000,110.830,1600,110.810,6500,110.890,21920,110.900,2700,110.910,900,110.920,1000,110.930,2020-12-03,11:13:59,00,";
var hq_str_sh603259="药明康德,108.050,108.050,110.900,110.910,106.880,110.860,110.900,7348360,800411194.000,600,110.860,1100,110.830,1100,110.810,3000,110.800,500,110.780,600,110.900,2300,110.910,900,110.920,1100,110.930,1200,110.940,2020-12-03,11:14:59,00,";
var hq_str_sh603259="药明康德,108.050,108.050,110.950,110.950,106.880,110.920,110.950,7397460,805857164.000,500,110.920,1000,110.910,500,110.880,11500,110.870,500,110.840,20600,110.950,200,110.960,1100,110.970,10100,110.980,6300,110.990,2020-12-03,11:15:59,00,";
var hq_str_sh603259="药明康德,108.050,108.050,110.940,110.960,106.880,110.940,110.950,7448760,811548481.000,100,110.940,10600,110.930,500,110.920,600,110.910,3600,110.900,400,110.950,1600,110.960,1100,110.970,10500,110.980,7100,110.990,2020-12-03,11:16:59,00,";
var hq_str_sh603259="药明康德,108.050,108.050,110.980,110.980,106.880,110.930,110.980,7495660,816751989.000,900,110.930,500,110.920,600,110.910,3700,110.900,200,110.890,6700,110.980,7700,110.990,174266,111.000,100,111.010,5500,111.050,2020-12-03,11:17:56,00,";
var hq_str_sh603259="药明康德,108.050,108.050,110.940,110.980,106.880,110.900,110.940,7542660,821966340.000,2600,110.900,800,110.880,600,110.870,500,110.840,800,110.830,1000,110.940,200,110.950,900,110.960,700,110.970,1700,110.980,2020-12-03,11:18:59,00,";
var hq_str_sh603259="药明康德,108.050,108.050,110.990,111.000,106.880,110.920,110.940,7652780,834185571.000,880,110.920,2800,110.910,700,110.900,300,110.880,600,110.870,200,110.940,6300,110.950,1100,110.980,600,110.990,157666,111.000,2020-12-03,11:19:59,00,";
var hq_str_sh603259="药明康德,108.050,108.050,110.990,111.000,106.880,110.980,110.990,7700080,839434495.000,700,110.980,100,110.970,2700,110.950,200,110.940,780,110.920,10300,110.990,150266,111.000,300,111.010,5900,111.050,1000,111.080,2020-12-03,11:20:59,00,";
var hq_str_sh603259="药明康德,108.050,108.050,110.690,111.010,106.880,110.610,110.690,7966360,868974452.000,200,110.610,600,110.590,300,110.570,3500,110.560,200,110.550,600,110.690,1300,110.700,300,110.720,1300,110.730,2200,110.780,2020-12-03,11:21:59,00,";
var hq_str_sh603259="药明康德,108.050,108.050,110.920,111.010,106.880,110.910,110.960,8004460,873194860.000,200,110.910,1200,110.900,400,110.890,1400,110.830,100,110.800,1000,110.960,10600,110.970,1600,110.980,2000,110.990,9700,111.000,2020-12-03,11:22:59,00,";
var hq_str_sh603259="药明康德,108.050,108.050,110.720,111.010,106.880,110.710,110.730,8068660,880313732.000,200,110.710,1300,110.700,500,110.680,3000,110.650,600,110.620,300,110.730,200,110.740,500,110.750,700,110.760,100,110.820,2020-12-03,11:23:59,00,";
var hq_str_sh603259="药明康德,108.050,108.050,110.500,111.010,106.880,110.500,110.600,8111360,885037211.000,500,110.500,500,110.470,1500,110.450,700,110.420,500,110.390,1200,110.600,100,110.660,500,110.670,1200,110.750,300,110.760,2020-12-03,11:24:59,00,";
var hq_str_sh603259="药明康德,108.050,108.050,110.330,111.010,106.880,110.330,110.400,8165260,890988537.000,400,110.330,100,110.320,100,110.310,1200,110.300,100,110.280,900,110.400,2400,110.430,1000,110.490,3200,110.500,500,110.510,2020-12-03,11:25:59,00,";
var hq_str_sh603259="药明康德,108.050,108.050,110.280,111.010,106.880,110.280,110.300,8214460,896415681.000,1200,110.280,800,110.270,400,110.240,300,110.230,900,110.220,2100,110.300,1000,110.320,600,110.350,500,110.390,4300,110.400,2020-12-03,11:26:59,00,";
var hq_str_sh603259="药明康德,108.050,108.050,110.560,111.010,106.880,110.570,110.760,8244946,899782896.000,200,110.570,10094,110.560,200,110.550,3300,110.520,200,110.480,300,110.760,1200,110.800,100,110.820,400,110.850,700,110.890,2020-12-03,11:28:00,00,";
var hq_str_sh603259="药明康德,108.050,108.050,110.610,111.010,106.880,110.610,110.690,8279346,903588564.000,2200,110.610,600,110.590,3600,110.570,2794,110.560,200,110.550,100,110.690,2100,110.700,4300,110.710,100,110.750,1100,110.760,2020-12-03,11:28:59,00,";
var hq_str_sh603259="药明康德,108.050,108.050,110.990,111.010,106.880,110.990,111.000,8316646,907716000.000,1300,110.990,200,110.760,400,110.610,100,110.600,600,110.500,11600,111.000,200,111.010,300,111.030,600,111.050,1100,111.080,2020-12-03,11:29:59,00,";
var hq_str_sh603259="药明康德,108.050,108.050,111.000,111.010,106.880,110.760,110.990,8321446,908248781.000,200,110.760,200,110.710,400,110.610,100,110.600,600,110.500,1300,110.990,8900,111.000,200,111.010,300,111.030,600,111.050,2020-12-03,13:00:00,00,";
var hq_str_sh603259="药明康德,108.050,108.050,110.360,111.010,106.880,110.350,110.360,8465546,924190320.000,1000,110.350,100,110.340,7300,110.330,100,110.320,200,110.310,2900,110.360,500,110.370,200,110.380,900,110.400,300,110.420,2020-12-03,13:01:00,00,";
var hq_str_sh603259="药明康德,108.050,108.050,110.210,111.010,106.880,110.200,110.210,8549466,933441072.000,1300,110.200,800,110.130,500,110.120,10000,110.110,600,110.100,2100,110.210,300,110.320,700,110.520,100,110.580,1000,110.590,2020-12-03,13:02:00,00,";
var hq_str_sh603259="药明康德,108.050,108.050,110.270,111.010,106.880,110.270,110.280,8620636,941281077.000,2700,110.270,3900,110.190,300,110.180,1400,110.150,200,110.130,4720,110.280,9000,110.320,500,110.520,200,110.550,2000,110.880,2020-12-03,13:03:00,00,";
var hq_str_sh603259="药明康德,108.050,108.050,110.590,111.010,106.880,110.590,110.700,8650756,944603823.000,4800,110.590,400,110.540,9700,110.520,500,110.500,1100,110.480,1100,110.700,1000,110.850,900,110.860,100,110.870,2500,110.880,2020-12-03,13:04:00,00,";
var hq_str_sh603259="药明康德,108.050,108.050,110.700,111.010,106.880,110.680,110.700,8715956,951818747.000,2600,110.680,1000,110.580,4200,110.560,4400,110.540,1400,110.530,200,110.700,900,110.870,4500,110.880,100,110.900,1000,110.960,2020-12-03,13:05:00,00,";
var hq_str_sh603259="药明康德,108.050,108.050,110.680,111.010,106.880,110.680,110.750,8755632,956211029.000,524,110.680,4500,110.590,600,110.580,200,110.550,600,110.540,500,110.750,100,110.800,100,110.860,300,110.870,4600,110.880,2020-12-03,13:05:57,00,";
var hq_str_sh603259="药明康德,108.050,108.050,110.790,111.010,106.880,110.790,110.860,8776432,958514266.000,200,110.790,2800,110.780,100,110.740,100,110.730,6800,110.700,300,110.860,1300,110.870,3300,110.880,300,110.900,100,110.940,2020-12-03,13:07:00,00,";
var hq_str_sh603259="药明康德,108.050,108.050,110.850,111.010,106.880,110.850,110.880,8799632,961085022.000,4800,110.850,400,110.840,400,110.830,2700,110.800,400,110.790,1100,110.880,300,110.900,100,110.940,500,110.950,1100,110.960,2020-12-03,13:08:00,00,";
var hq_str_sh603259="药明康德,108.050,108.050,110.770,111.010,106.880,110.760,110.780,8852232,966914733.000,400,110.760,1200,110.750,200,110.730,4500,110.720,200,110.700,3800,110.780,2500,110.820,600,110.830,300,110.840,800,110.850,2020-12-03,13:09:00,00,";
var hq_str_sh603259="药明康德,108.050,108.050,110.660,111.010,106.880,110.630,110.660,8899156,972110041.000,500,110.630,1000,110.600,500,110.570,200,110.550,500,110.540,4000,110.660,100,110.690,300,110.710,800,110.730,3876,110.740,2020-12-03,13:10:00,00,";
var hq_str_sh603259="药明康德,108.050,108.050,110.750,111.010,106.880,110.740,110.750,8924132,974875143.000,424,110.740,4500,110.730,1700,110.710,500,110.630,1000,110.600,6100,110.750,100,110.760,900,110.770,500,110.780,400,110.800,2020-12-03,13:10:57,00,";
var hq_str_sh603259="药明康德,108.050,108.050,110.910,111.010,106.880,110.910,110.940,8976656,980695686.000,100,110.910,8000,110.900,200,110.880,200,110.870,4400,110.850,100,110.940,1100,110.950,500,110.960,300,110.970,2800,110.980,2020-12-03,13:12:00,00,";
var hq_str_sh603259="药明康德,108.050,108.050,110.970,111.010,106.880,110.960,110.970,9012656,984689289.000,1900,110.960,4500,110.950,300,110.940,3200,110.900,800,110.870,3300,110.970,700,110.980,5540,110.990,50021,111.000,700,111.010,2020-12-03,13:12:57,00,";
var hq_str_sh603259="药明康德,108.050,108.050,110.930,111.010,106.880,110.880,110.900,9060256,989971269.000,100,110.880,900,110.850,500,110.840,6500,110.810,1300,110.800,100,110.900,300,110.910,1100,110.930,10000,110.970,3700,110.990,2020-12-03,13:14:00,00,";
var hq_str_sh603259="药明康德,108.050,108.050,110.800,111.010,106.880,110.830,110.860,9104956,994926627.000,100,110.830,300,110.720,500,110.690,500,110.660,500,110.630,1600,110.860,4800,110.900,1500,110.920,700,110.950,1100,110.960,2020-12-03,13:15:00,00,";
var hq_str_sh603259="药明康德,108.050,108.050,110.800,111.010,106.880,110.640,110.800,9147876,999678759.000,400,110.640,1000,110.620,880,110.610,1400,110.600,500,110.570,2100,110.800,1000,110.810,600,110.820,900,110.830,1300,110.860,2020-12-03,13:15:57,00,";
var hq_str_sh603259="药明康德,108.050,108.050,110.550,111.010,106.880,110.530,110.550,9172956,1002453613.000,400,110.530,1100,110.520,1000,110.510,1900,110.500,1900,110.480,5300,110.550,100,110.570,520,110.610,5500,110.630,100,110.640,2020-12-03,13:17:00,00,";
var hq_str_sh603259="药明康德,108.050,108.050,110.500,111.010,106.880,110.480,110.500,9201756,1005636659.000,200,110.480,100,110.470,300,110.460,200,110.430,500,110.420,4100,110.500,3300,110.510,1600,110.520,200,110.530,2200,110.540,2020-12-03,13:18:00,00,";
var hq_str_sh603259="药明康德,108.050,108.050,110.370,111.010,106.880,110.360,110.380,9228356,1008574221.000,300,110.360,3500,110.330,13200,110.320,100,110.310,1500,110.300,600,110.380,2700,110.390,12400,110.400,200,110.430,600,110.450,2020-12-03,13:19:00,00,";
var hq_str_sh603259="药明康德,108.050,108.050,109.880,111.010,106.880,109.880,109.900,9427456,1030488002.000,900,109.880,100,109.820,1100,109.800,100,109.790,100,109.770,700,109.900,2300,109.910,500,109.950,3100,109.960,9300,109.980,2020-12-03,13:19:57,00,";
var hq_str_sh603259="药明康德,108.050,108.050,109.930,111.010,106.880,109.920,109.930,9484456,1036755268.000,1600,109.920,1600,109.910,10000,109.900,800,109.890,1200,109.880,1700,109.930,57400,110.000,1000,110.020,100,110.100,200,110.180,2020-12-03,13:21:00,00,";
var hq_str_sh603259="药明康德,108.050,108.050,109.910,111.010,106.880,109.900,109.910,9556456,1044672697.000,6300,109.900,800,109.890,800,109.880,200,109.870,3000,109.860,1700,109.910,200,109.930,6200,109.940,200,109.990,46800,110.000,2020-12-03,13:22:00,00,";
var hq_str_sh603259="药明康德,108.050,108.050,109.700,111.010,106.880,109.680,109.700,9615156,1051122959.000,200,109.680,600,109.660,100,109.630,500,109.620,200,109.610,21200,109.700,800,109.800,300,109.850,30000,109.900,600,109.950,2020-12-03,13:23:00,00,";
var hq_str_sh603259="药明康德,108.050,108.050,109.690,111.010,106.880,109.680,109.690,9689256,1059254447.000,1000,109.680,100,109.670,1000,109.660,300,109.650,200,109.630,1700,109.690,8900,109.700,51,109.740,100,109.750,400,109.800,2020-12-03,13:23:57,00,";
var hq_str_sh603259="药明康德,108.050,108.050,109.990,111.010,106.880,109.900,109.990,9728307,1063541627.000,400,109.900,300,109.890,200,109.880,400,109.860,200,109.820,400,109.990,46900,110.000,100,110.050,100,110.100,200,110.180,2020-12-03,13:24:57,00,";
var hq_str_sh603259="药明康德,108.050,108.050,109.800,111.010,106.880,109.790,109.800,9809407,1072453961.000,600,109.790,200,109.780,100,109.750,100,109.720,100,109.710,100,109.800,3800,109.830,3100,109.860,900,109.900,4800,109.960,2020-12-03,13:26:00,00,";
var hq_str_sh603259="药明康德,108.050,108.050,110.000,111.010,106.880,109.950,110.000,9857607,1077751324.000,1700,109.950,200,109.920,300,109.910,1100,109.880,100,109.870,31400,110.000,100,110.050,5200,110.100,200,110.180,100,110.190,2020-12-03,13:27:00,00,";
var hq_str_sh603259="药明康德,108.050,108.050,109.950,111.010,106.880,109.900,109.950,9898007,1082190149.000,500,109.900,100,109.870,400,109.860,400,109.850,200,109.840,1000,109.950,200,109.960,3500,109.970,3000,109.980,1800,109.990,2020-12-03,13:27:57,00,";
var hq_str_sh603259="药明康德,108.050,108.050,109.920,111.010,106.880,109.880,109.950,9919507,1084552726.000,1000,109.880,400,109.860,700,109.840,400,109.820,500,109.810,1300,109.950,3700,109.970,400,109.980,2100,109.990,27900,110.000,2020-12-03,13:29:00,00,";
var hq_str_sh603259="药明康德,108.050,108.050,109.900,111.010,106.880,109.890,109.900,9958107,1088795081.000,600,109.890,2200,109.880,400,109.870,500,109.850,900,109.830,3800,109.900,600,109.920,500,109.950,1900,109.970,400,109.980,2020-12-03,13:29:57,00,";
var hq_str_sh603259="药明康德,108.050,108.050,109.750,111.010,106.880,109.720,109.750,10005807,1094033790.000,1300,109.720,1700,109.700,1249,109.690,400,109.670,800,109.660,1000,109.750,100,109.760,200,109.770,11000,109.800,700,109.880,2020-12-03,13:30:57,00,";
var hq_str_sh603259="药明康德,108.050,108.050,109.800,111.010,106.880,109.750,109.770,10037407,1097502159.000,400,109.750,100,109.730,500,109.720,200,109.710,2600,109.700,500,109.770,3300,109.800,200,109.850,200,109.870,100,109.880,2020-12-03,13:31:57,00,";
var hq_str_sh603259="药明康德,108.050,108.050,109.690,111.010,106.880,109.690,109.710,10089256,1103193459.000,100,109.690,100,109.670,900,109.620,2300,109.610,9600,109.600,100,109.710,19600,109.800,100,109.890,2700,109.900,700,109.970,2020-12-03,13:32:57,00,";
var hq_str_sh603259="药明康德,108.050,108.050,109.720,111.010,106.880,109.740,109.750,10123356,1106936806.000,500,109.740,500,109.720,3000,109.710,100,109.670,100,109.640,2400,109.750,300,109.770,200,109.790,1400,109.800,100,109.890,2020-12-03,13:34:00,00,";
var hq_str_sh603259="药明康德,108.050,108.050,109.600,111.010,106.880,109.620,109.660,10156256,1110547367.000,1100,109.620,10100,109.600,700,109.580,200,109.550,900,109.530,500,109.660,10200,109.750,300,109.760,200,109.790,200,109.800,2020-12-03,13:35:00,00,";
var hq_str_sh603259="药明康德,108.050,108.050,109.700,111.010,106.880,109.700,109.710,10192656,1114538207.000,1900,109.700,2200,109.690,1200,109.680,700,109.670,1200,109.630,200,109.710,200,109.730,1100,109.740,7900,109.750,200,109.800,2020-12-03,13:36:00,00,";
var hq_str_sh603259="药明康德,108.050,108.050,109.580,111.010,106.880,109.570,109.580,10228856,1118507389.000,200,109.570,1600,109.560,1100,109.550,500,109.540,500,109.530,7900,109.580,100,109.600,100,109.740,900,109.850,100,109.890,2020-12-03,13:36:57,00,";
var hq_str_sh603259="药明康德,108.050,108.050,110.500,111.010,106.880,109.830,110.500,10296456,1125938862.000,700,109.830,100,109.800,500,109.780,500,109.750,500,109.720,3983,110.500,100,110.510,200,110.520,100,110.530,2000,110.550,2020-12-03,13:38:00,00,";
var hq_str_sh603259="药明康德,108.050,108.050,109.740,111.010,106.880,109.730,109.740,10394256,1136677593.000,600,109.730,100,109.700,400,109.690,500,109.660,500,109.630,3600,109.740,2300,109.750,300,109.870,100,109.990,500,110.000,2020-12-03,13:39:00,00,";
var hq_str_sh603259="药明康德,108.050,108.050,109.940,111.010,106.880,109.940,109.990,10419506,1139453076.000,600,109.940,800,109.930,500,109.840,500,109.810,100,109.800,100,109.990,100,110.000,3400,110.060,1200,110.110,400,110.180,2020-12-03,13:40:00,00,";
var hq_str_sh603259="药明康德,108.050,108.050,109.760,111.010,106.880,109.790,109.800,10446006,1142364628.000,100,109.790,800,109.760,400,109.740,200,109.730,500,109.720,2600,109.800,400,109.810,200,109.820,29000,109.900,400,109.930,2020-12-03,13:40:57,00,";
var hq_str_sh603259="药明康德,108.050,108.050,109.840,111.010,106.880,109.820,109.840,10465506,1144506130.000,100,109.820,700,109.810,800,109.800,2500,109.780,100,109.760,300,109.840,900,109.880,26600,109.900,300,109.930,5800,110.000,2020-12-03,13:42:00,00,";
var hq_str_sh603259="药明康德,108.050,108.050,109.900,111.010,106.880,109.890,109.900,10484906,1146637903.000,700,109.890,800,109.870,500,109.860,500,109.840,1000,109.820,16700,109.900,300,109.930,4600,110.000,300,110.030,100,110.040,2020-12-03,13:42:57,00,";
var hq_str_sh603259="药明康德,108.050,108.050,109.770,111.010,106.880,109.760,109.770,10520006,1150493935.000,200,109.760,700,109.750,400,109.740,300,109.730,500,109.720,100,109.770,500,109.790,20600,109.800,200,109.880,4800,109.900,2020-12-03,13:43:57,00,";
var hq_str_sh603259="药明康德,108.050,108.050,109.900,111.010,106.880,109.870,109.900,10555166,1154355022.000,900,109.870,100,109.850,600,109.840,1040,109.830,500,109.810,1600,109.900,300,109.930,400,109.980,8800,110.000,100,110.020,2020-12-03,13:44:57,00,";
var hq_str_sh603259="药明康德,108.050,108.050,109.780,111.010,106.880,109.750,109.780,10587766,1157936283.000,500,109.750,400,109.740,400,109.730,500,109.720,800,109.700,5800,109.780,3300,109.800,200,109.840,200,109.850,4000,109.870,2020-12-03,13:46:00,00,";
var hq_str_sh603259="药明康德,108.050,108.050,109.810,111.010,106.880,109.780,109.810,10607166,1160066153.000,400,109.780,800,109.770,1800,109.760,2100,109.750,300,109.740,200,109.810,4000,109.870,500,109.880,2000,109.890,48300,109.900,2020-12-03,13:46:57,00,";
var hq_str_sh603259="药明康德,108.050,108.050,109.900,111.010,106.880,109.890,109.900,10622966,1161801992.000,500,109.890,200,109.860,500,109.840,300,109.830,300,109.810,46800,109.900,300,109.950,28300,110.000,100,110.020,100,110.030,2020-12-03,13:48:00,00,";
var hq_str_sh603259="药明康德,108.050,108.050,109.870,111.010,106.880,109.850,109.880,10662366,1166131819.000,200,109.850,800,109.840,300,109.830,800,109.810,1400,109.800,400,109.880,1000,109.890,24321,109.900,400,109.910,300,109.950,2020-12-03,13:48:57,00,";
var hq_str_sh603259="药明康德,108.050,108.050,109.860,111.010,106.880,109.840,109.900,10688466,1168999291.000,300,109.840,6000,109.810,1400,109.800,1300,109.780,300,109.770,18821,109.900,400,109.910,300,109.950,29100,110.000,100,110.020,2020-12-03,13:50:00,00,";
var hq_str_sh603259="药明康德,108.050,108.050,109.900,111.010,106.880,109.880,109.900,10723066,1172801264.000,100,109.880,1300,109.870,200,109.860,1300,109.850,1000,109.840,1221,109.900,400,109.910,400,109.990,29100,110.000,100,110.010,2020-12-03,13:50:57,00,";
var hq_str_sh603259="药明康德,108.050,108.050,109.700,111.010,106.880,109.700,109.750,10788466,1179982461.000,200,109.700,400,109.690,1000,109.680,500,109.660,300,109.650,100,109.750,4000,109.790,5800,109.800,900,109.810,3978,109.820,2020-12-03,13:52:00,00,";
var hq_str_sh603259="药明康德,108.050,108.050,109.760,111.010,106.880,109.760,109.770,10807366,1182057409.000,500,109.760,100,109.750,500,109.720,1600,109.700,400,109.690,200,109.770,600,109.780,1700,109.790,1100,109.800,200,109.810,2020-12-03,13:53:00,00,";
var hq_str_sh603259="药明康德,108.050,108.050,109.500,111.010,106.880,109.480,109.500,10908666,1193154047.000,100,109.480,200,109.470,500,109.460,100,109.450,800,109.440,26300,109.500,600,109.530,1300,109.690,100,109.740,6900,109.760,2020-12-03,13:54:00,00,";
var hq_str_sh603259="药明康德,108.050,108.050,109.670,111.010,106.880,109.580,109.670,10949666,1197644819.000,200,109.580,100,109.550,300,109.520,2600,109.510,14400,109.500,400,109.670,300,109.680,1700,109.690,100,109.740,6900,109.760,2020-12-03,13:54:57,00,";
var hq_str_sh603259="药明康德,108.050,108.050,109.760,111.010,106.880,109.570,109.760,10970166,1199894109.000,2100,109.570,1200,109.550,500,109.540,900,109.520,1600,109.510,2600,109.760,1100,109.770,200,109.790,400,109.800,1000,109.830,2020-12-03,13:55:57,00,";
var hq_str_sh603259="药明康德,108.050,108.050,109.860,111.010,106.880,109.850,109.860,10986986,1201740097.000,100,109.850,100,109.800,180,109.770,200,109.720,1000,109.630,600,109.860,5700,109.870,200,109.880,700,109.890,400,109.900,2020-12-03,13:57:00,00,";
var hq_str_sh603259="药明康德,108.050,108.050,109.800,111.010,106.880,109.750,109.800,11003466,1203548756.000,300,109.750,400,109.740,600,109.630,200,109.620,500,109.600,48600,109.800,1200,109.850,1000,109.860,200,109.880,500,109.890,2020-12-03,13:58:00,00,";
var hq_str_sh603259="药明康德,108.050,108.050,109.730,111.010,106.880,109.730,109.750,11032566,1206742980.000,800,109.730,200,109.700,500,109.690,500,109.680,500,109.660,1700,109.750,600,109.760,1200,109.770,11600,109.780,47900,109.800,2020-12-03,13:59:00,00,";
var hq_str_sh603259="药明康德,108.050,108.050,109.480,111.010,106.880,109.470,109.480,11125266,1216896619.000,1700,109.470,400,109.460,1100,109.450,900,109.440,200,109.430,1800,109.480,100,109.490,37178,109.500,3200,109.550,2000,109.730,2020-12-03,14:00:00,00,";
var hq_str_sh603259="药明康德,108.050,108.050,109.720,111.010,106.880,109.520,109.720,11185444,1223486884.000,500,109.520,900,109.510,1800,109.500,600,109.490,2200,109.480,1600,109.720,1300,109.730,200,109.740,1100,109.760,9400,109.780,2020-12-03,14:01:00,00,";
var hq_str_sh603259="药明康德,108.050,108.050,109.620,111.010,106.880,109.540,109.620,11210244,1226205349.000,200,109.540,1100,109.530,1200,109.520,2100,109.510,1600,109.500,700,109.620,1600,109.700,1000,109.710,600,109.720,700,109.730,2020-12-03,14:01:57,00,";
var hq_str_sh603259="药明康德,108.050,108.050,109.620,111.010,106.880,109.620,109.700,11240444,1229516252.000,700,109.620,100,109.610,1600,109.600,100,109.570,500,109.560,900,109.700,1100,109.710,200,109.730,500,109.750,600,109.760,2020-12-03,14:03:00,00,";
var hq_str_sh603259="药明康德,108.050,108.050,109.730,111.010,106.880,109.730,109.740,11256844,1231315173.000,600,109.730,400,109.720,600,109.710,1400,109.670,1100,109.660,100,109.740,280,109.760,9400,109.780,100,109.790,1800,109.800,2020-12-03,14:03:57,00,";
var hq_str_sh603259="药明康德,108.050,108.050,109.730,111.010,106.880,109.700,109.730,11292944,1235275768.000,3200,109.700,200,109.690,800,109.660,200,109.620,100,109.600,600,109.730,300,109.770,6080,109.780,100,109.790,2700,109.800,2020-12-03,14:05:00,00,";
var hq_str_sh603259="药明康德,108.050,108.050,109.840,111.010,106.880,109.830,109.840,11312824,1237458072.000,320,109.830,300,109.790,1500,109.780,4100,109.770,3600,109.760,300,109.840,1200,109.850,200,109.880,500,109.890,700,109.900,2020-12-03,14:05:57,00,";
var hq_str_sh603259="药明康德,108.050,108.050,109.900,111.010,106.880,109.900,109.950,11344724,1240962977.000,1300,109.900,2000,109.880,300,109.870,2000,109.860,400,109.850,2800,109.950,100,109.980,1100,109.990,12500,110.000,200,110.010,2020-12-03,14:07:00,00,";
var hq_str_sh603259="药明康德,108.050,108.050,109.970,111.010,106.880,109.960,109.970,11361884,1242849899.000,340,109.960,300,109.950,100,109.930,600,109.920,2500,109.910,2700,109.970,9200,110.000,200,110.010,100,110.020,200,110.040,2020-12-03,14:07:57,00,";
var hq_str_sh603259="药明康德,108.050,108.050,109.990,111.010,106.880,109.970,110.000,11388484,1245775491.000,2500,109.970,1340,109.960,100,109.930,2500,109.910,2500,109.900,3600,110.000,300,110.010,100,110.020,700,110.040,100,110.070,2020-12-03,14:08:57,00,";
var hq_str_sh603259="药明康德,108.050,108.050,110.100,111.010,106.880,110.090,110.100,11412504,1248418048.000,1100,110.090,680,110.080,600,110.030,500,110.020,500,109.990,1300,110.100,200,110.130,300,110.150,500,110.160,300,110.180,2020-12-03,14:10:00,00,";
var hq_str_sh603259="药明康德,108.050,108.050,109.990,111.010,106.880,109.970,110.020,11447784,1252300822.000,2600,109.970,840,109.960,500,109.930,2900,109.910,3900,109.900,1200,110.020,100,110.040,100,110.050,300,110.060,100,110.080,2020-12-03,14:11:00,00,";
var hq_str_sh603259="药明康德,108.050,108.050,110.230,111.010,106.880,110.210,110.230,11476204,1255431641.000,400,110.210,100,110.180,300,110.150,800,110.110,300,110.080,5500,110.230,2600,110.240,2700,110.250,1400,110.280,200,110.340,2020-12-03,14:12:00,00,";
var hq_str_sh603259="药明康德,108.050,108.050,110.300,111.010,106.880,110.280,110.300,11516104,1259830006.000,100,110.280,1900,110.260,1100,110.250,800,110.240,600,110.230,3300,110.300,100,110.340,1700,110.350,10100,110.360,2000,110.400,2020-12-03,14:13:00,00,";
var hq_str_sh603259="药明康德,108.050,108.050,110.320,111.010,106.880,110.300,110.320,11554004,1264010540.000,2500,110.300,100,110.290,1200,110.280,2400,110.270,1900,110.260,1700,110.320,4200,110.330,400,110.340,1000,110.350,10500,110.360,2020-12-03,14:14:00,00,";
var hq_str_sh603259="药明康德,108.050,108.050,110.330,111.010,106.880,110.330,110.340,11578704,1266735490.000,10600,110.330,13400,110.320,2100,110.310,2300,110.300,100,110.290,1500,110.340,1700,110.350,10700,110.360,100,110.390,2800,110.400,2020-12-03,14:15:00,00,";
var hq_str_sh603259="药明康德,108.050,108.050,110.500,111.010,106.880,110.460,110.500,11624004,1271737097.000,4400,110.460,2900,110.450,100,110.430,700,110.410,3400,110.400,2600,110.500,100,110.510,100,110.530,2000,110.550,2100,110.560,2020-12-03,14:16:00,00,";
var hq_str_sh603259="药明康德,108.050,108.050,110.550,111.010,106.880,110.540,110.550,11667704,1276566553.000,100,110.540,4800,110.530,300,110.520,4700,110.510,7500,110.500,300,110.550,2400,110.560,1200,110.580,400,110.590,11500,110.600,2020-12-03,14:16:57,00,";
var hq_str_sh603259="药明康德,108.050,108.050,110.470,111.010,106.880,110.410,110.470,11838804,1295471410.000,400,110.410,1200,110.400,2500,110.380,3600,110.370,500,110.360,300,110.470,6300,110.480,8000,110.490,55400,110.500,2400,110.530,2020-12-03,14:18:00,00,";
var hq_str_sh603259="药明康德,108.050,108.050,110.450,111.010,106.880,110.420,110.450,11896504,1301846047.000,500,110.420,300,110.410,7600,110.400,5000,110.390,600,110.380,200,110.450,500,110.490,46700,110.500,400,110.510,1000,110.530,2020-12-03,14:18:57,00,";
var hq_str_sh603259="药明康德,108.050,108.050,110.490,111.010,106.880,110.480,110.490,11946904,1307414379.000,2500,110.480,1800,110.470,500,110.460,6500,110.450,900,110.440,3500,110.490,39000,110.500,400,110.510,100,110.520,1000,110.530,2020-12-03,14:19:57,00,";
var hq_str_sh603259="药明康德,108.050,108.050,110.490,111.010,106.880,110.460,110.490,11998204,1313082571.000,600,110.460,6400,110.450,900,110.440,500,110.430,300,110.410,800,110.490,24000,110.500,400,110.510,100,110.520,1000,110.530,2020-12-03,14:20:57,00,";
var hq_str_sh603259="药明康德,108.050,108.050,110.410,111.010,106.880,110.410,110.490,12067704,1320760565.000,900,110.410,2900,110.400,100,110.390,600,110.380,3600,110.370,300,110.490,2900,110.500,1700,110.510,300,110.520,1000,110.530,2020-12-03,14:22:00,00,";
var hq_str_sh603259="药明康德,108.050,108.050,110.470,111.010,106.880,110.380,110.470,12108304,1325244823.000,1000,110.380,2300,110.370,500,110.360,3200,110.340,500,110.330,200,110.470,2000,110.480,24400,110.490,2700,110.500,1700,110.510,2020-12-03,14:22:57,00,";
var hq_str_sh603259="药明康德,108.050,108.050,110.350,111.010,106.880,110.340,110.350,12166704,1331690945.000,1500,110.340,1700,110.330,100,110.320,4200,110.300,500,110.270,800,110.350,1800,110.360,3400,110.370,100,110.440,800,110.450,2020-12-03,14:23:57,00,";
var hq_str_sh603259="药明康德,108.050,108.050,110.450,111.010,106.880,110.450,110.480,12205704,1335996784.000,5600,110.450,1600,110.440,2600,110.430,4900,110.420,1000,110.410,2900,110.480,24600,110.490,6300,110.500,1700,110.510,300,110.520,2020-12-03,14:25:00,00,";
var hq_str_sh603259="药明康德,108.050,108.050,110.490,111.010,106.880,110.480,110.490,12271304,1343242997.000,100,110.480,1700,110.420,500,110.390,5100,110.380,100,110.370,17000,110.490,11000,110.500,1700,110.510,300,110.520,500,110.530,2020-12-03,14:26:00,00,";
var hq_str_sh603259="药明康德,108.050,108.050,110.480,111.010,106.880,110.460,110.480,12313004,1347849838.000,700,110.460,2100,110.440,1900,110.430,1700,110.420,600,110.390,1000,110.480,6700,110.490,10500,110.500,1700,110.510,300,110.520,2020-12-03,14:26:57,00,";
var hq_str_sh603259="药明康德,108.050,108.050,110.550,111.010,106.880,110.550,110.560,12367104,1353828050.000,6400,110.550,700,110.540,100,110.530,1800,110.520,600,110.510,1100,110.560,100,110.580,1600,110.590,12100,110.600,620,110.610,2020-12-03,14:27:57,00,";
var hq_str_sh603259="药明康德,108.050,108.050,110.470,111.010,106.880,110.460,110.470,12440304,1361916202.000,700,110.460,1500,110.450,2100,110.440,700,110.430,1700,110.420,1600,110.470,5500,110.480,700,110.500,800,110.520,1000,110.550,2020-12-03,14:29:00,00,";
var hq_str_sh603259="药明康德,108.050,108.050,110.560,111.010,106.880,110.560,110.570,12477504,1366027140.000,1200,110.560,400,110.540,300,110.530,500,110.520,1600,110.490,1140,110.570,1220,110.580,2700,110.590,12400,110.600,620,110.610,2020-12-03,14:29:57,00,";
var hq_str_sh603259="药明康德,108.050,108.050,110.570,111.010,106.880,110.580,110.590,12537504,1372660368.000,500,110.580,200,110.570,300,110.550,500,110.540,2600,110.520,1460,110.590,14000,110.600,620,110.610,500,110.620,1000,110.630,2020-12-03,14:31:00,00,";
var hq_str_sh603259="药明康德,108.050,108.050,110.570,111.010,106.880,110.520,110.550,12575004,1376807033.000,2200,110.520,200,110.510,2400,110.490,600,110.480,1200,110.470,100,110.550,200,110.570,200,110.590,13060,110.600,620,110.610,2020-12-03,14:31:57,00,";
var hq_str_sh603259="药明康德,108.050,108.050,110.580,111.010,106.880,110.570,110.600,12622104,1382015681.000,900,110.570,900,110.560,800,110.540,300,110.530,4400,110.520,11860,110.600,1820,110.610,500,110.620,1100,110.630,200,110.660,2020-12-03,14:32:57,00,";
var hq_str_sh603259="药明康德,108.050,108.050,110.600,111.010,106.880,110.590,110.600,12652804,1385410757.000,2100,110.590,100,110.570,1400,110.560,100,110.550,400,110.540,460,110.600,1820,110.610,800,110.620,1100,110.630,200,110.660,2020-12-03,14:33:57,00,";
var hq_str_sh603259="药明康德,108.050,108.050,110.540,111.010,106.880,110.540,110.590,12700684,1390705266.000,600,110.540,500,110.530,2400,110.490,600,110.480,1200,110.470,200,110.590,300,110.600,100,110.620,5600,110.630,100,110.640,2020-12-03,14:35:00,00,";
var hq_str_sh603259="药明康德,108.050,108.050,110.540,111.010,106.880,110.500,110.540,12739884,1395037344.000,600,110.500,4300,110.490,500,110.480,1500,110.470,1100,110.450,2800,110.540,200,110.550,2400,110.590,6700,110.600,200,110.620,2020-12-03,14:36:00,00,";
var hq_str_sh603259="药明康德,108.050,108.050,110.350,111.010,106.880,110.340,110.350,12800484,1401730359.000,100,110.340,500,110.330,100,110.320,600,110.310,500,110.300,2300,110.350,900,110.360,200,110.390,76400,110.400,1200,110.450,2020-12-03,14:36:57,00,";
var hq_str_sh603259="药明康德,108.050,108.050,110.350,111.010,106.880,110.310,110.340,12833484,1405370350.000,100,110.310,1400,110.280,100,110.270,600,110.250,200,110.230,400,110.340,200,110.350,100,110.360,6300,110.380,800,110.390,2020-12-03,14:38:00,00,";
var hq_str_sh603259="药明康德,108.050,108.050,110.250,111.010,106.880,110.110,110.280,12876684,1410132811.000,3000,110.110,100,110.100,500,110.050,3500,110.020,1000,110.010,400,110.280,1300,110.340,900,110.350,200,110.360,4700,110.380,2020-12-03,14:38:57,00,";
var hq_str_sh603259="药明康德,108.050,108.050,110.280,111.010,106.880,110.280,110.290,12900784,1412790330.000,1300,110.280,2400,110.260,600,110.250,400,110.220,500,110.160,300,110.290,200,110.300,500,110.320,300,110.330,100,110.340,2020-12-03,14:40:00,00,";
var hq_str_sh603259="药明康德,108.050,108.050,110.260,111.010,106.880,110.260,110.300,12920484,1414962194.000,2000,110.260,300,110.250,5400,110.240,100,110.230,500,110.190,1900,110.300,500,110.320,300,110.330,100,110.340,800,110.350,2020-12-03,14:40:57,00,";
var hq_str_sh603259="药明康德,108.050,108.050,110.310,111.010,106.880,110.300,110.310,12944984,1417664829.000,2000,110.300,600,110.290,2000,110.280,2400,110.270,2400,110.260,100,110.310,4200,110.340,400,110.350,200,110.360,100,110.370,2020-12-03,14:42:00,00,";
var hq_str_sh603259="药明康德,108.050,108.050,110.120,111.010,106.880,110.120,110.140,13005584,1424344872.000,200,110.120,2000,110.110,200,110.100,500,110.080,600,110.050,1400,110.140,5600,110.150,57300,110.160,6600,110.200,200,110.220,2020-12-03,14:43:00,00,";
var hq_str_sh603259="药明康德,108.050,108.050,110.050,111.010,106.880,110.000,110.050,13033184,1427382471.000,2200,110.000,600,109.990,500,109.960,500,109.930,500,109.910,2100,110.050,6400,110.060,1500,110.070,200,110.080,5000,110.100,2020-12-03,14:43:57,00,";
var hq_str_sh603259="药明康德,108.050,108.050,110.060,111.010,106.880,110.060,110.070,13071880,1431640660.000,200,110.060,2604,110.050,6200,110.040,1500,110.030,1400,110.020,1400,110.070,800,110.080,5100,110.100,300,110.110,4800,110.120,2020-12-03,14:45:00,00,";
var hq_str_sh603259="药明康德,108.050,108.050,110.080,111.010,106.880,110.070,110.080,13094180,1434095061.000,1600,110.070,1100,110.060,4604,110.050,3700,110.040,900,110.030,2700,110.080,4800,110.100,500,110.110,200,110.120,200,110.220,2020-12-03,14:45:57,00,";
var hq_str_sh603259="药明康德,108.050,108.050,110.210,111.010,106.880,110.160,110.210,13124280,1437411848.000,1400,110.160,3000,110.150,500,110.140,1200,110.130,500,110.110,1000,110.210,1700,110.220,800,110.230,2300,110.250,900,110.280,2020-12-03,14:46:57,00,";
var hq_str_sh603259="药明康德,108.050,108.050,110.230,111.010,106.880,110.220,110.230,13146380,1439847503.000,2400,110.220,3800,110.210,1200,110.200,500,110.190,800,110.180,600,110.230,300,110.240,100,110.250,900,110.280,700,110.290,2020-12-03,14:47:57,00,";
var hq_str_sh603259="药明康德,108.050,108.050,110.260,111.010,106.880,110.210,110.250,13186480,1444268427.000,500,110.210,1000,110.200,500,110.190,800,110.180,1700,110.170,600,110.250,20980,110.260,3900,110.270,4400,110.280,700,110.290,2020-12-03,14:48:57,00,";
var hq_str_sh603259="药明康德,108.050,108.050,110.150,111.010,106.880,110.140,110.150,13223780,1448378816.000,1100,110.140,1200,110.130,500,110.110,1300,110.080,200,110.070,22480,110.150,800,110.160,3800,110.170,1500,110.180,3200,110.190,2020-12-03,14:49:57,00,";
var hq_str_sh603259="药明康德,108.050,108.050,110.100,111.010,106.880,110.100,110.110,13264980,1452914548.000,2800,110.100,200,110.080,600,110.070,2500,110.060,4804,110.050,600,110.110,100,110.120,500,110.140,600,110.150,1000,110.160,2020-12-03,14:50:57,00,";
var hq_str_sh603259="药明康德,108.050,108.050,110.100,111.010,106.880,110.090,110.100,13311093,1457991015.000,87,110.090,2100,110.080,8800,110.070,2300,110.060,4904,110.050,3300,110.100,300,110.110,100,110.120,500,110.140,300,110.150,2020-12-03,14:52:00,00,";
var hq_str_sh603259="药明康德,108.050,108.050,110.160,111.010,106.880,110.120,110.170,13340393,1461216954.000,2100,110.120,2600,110.100,2400,110.090,4787,110.080,7800,110.070,100,110.170,1600,110.180,1100,110.200,200,110.210,300,110.220,2020-12-03,14:53:00,00,";
var hq_str_sh603259="药明康德,108.050,108.050,110.210,111.010,106.880,110.170,110.180,13368093,1464269134.000,500,110.170,900,110.160,500,110.150,1000,110.140,1200,110.130,300,110.180,100,110.250,3900,110.280,600,110.290,1500,110.300,2020-12-03,14:53:57,00,";
var hq_str_sh603259="药明康德,108.050,108.050,110.190,111.010,106.880,110.150,110.190,13409714,1468854882.000,400,110.150,200,110.140,1800,110.130,800,110.120,900,110.100,14840,110.190,2320,110.200,600,110.210,500,110.220,1100,110.250,2020-12-03,14:55:00,00,";
var hq_str_sh603259="药明康德,108.050,108.050,110.190,111.010,106.880,110.120,110.140,13445514,1472798023.000,200,110.120,1300,110.110,500,110.100,300,110.080,400,110.070,400,110.140,200,110.160,600,110.190,15754,110.200,600,110.210,2020-12-03,14:55:57,00,";
var hq_str_sh603259="药明康德,108.050,108.050,110.070,111.010,106.880,110.060,110.070,13466314,1475088793.000,900,110.060,1800,110.050,1100,110.040,300,110.020,600,110.010,2100,110.070,600,110.110,200,110.130,700,110.140,100,110.150,2020-12-03,14:56:57,00,";
var hq_str_sh603259="药明康德,108.050,108.050,110.100,111.010,106.880,110.200,110.200,13470514,1475551155.000,40300,110.200,0,0.000,0,0.000,0,0.000,0,0.000,40300,110.200,16502,0.000,0,0.000,0,0.000,0,0.000,2020-12-03,14:57:57,00,";
var hq_str_sh603259="药明康德,108.050,108.050,110.100,111.010,106.880,110.100,110.100,13470514,1475551155.000,87748,110.100,11052,0.000,0,0.000,0,0.000,0,0.000,87748,110.100,0,0.000,0,0.000,0,0.000,0,0.000,2020-12-03,14:58:57,00,";
