var hq_str_sh603259="药明康德,97.990,95.490,97.990,97.990,97.990,97.390,97.990,410100,40185699.000,100,97.390,500,96.990,400,96.450,100,96.030,31300,96.000,6040,97.990,78100,98.000,18200,98.010,4000,98.030,100,98.080,2020-01-17,09:29:55,00,";
var hq_str_sh603259="药明康德,97.990,95.490,96.960,98.000,96.040,96.900,96.950,701800,68476506.000,200,96.900,200,96.810,1600,96.720,500,96.660,4800,96.600,1100,96.950,1100,96.960,2100,96.970,100,97.000,300,97.140,2020-01-17,09:30:49,00,";
var hq_str_sh603259="药明康德,97.990,95.490,97.300,98.000,96.040,97.000,97.300,926800,90360495.000,10700,97.000,4700,96.970,1500,96.960,400,96.810,200,96.750,4200,97.300,700,97.340,900,97.400,1000,97.440,100,97.450,2020-01-17,09:31:40,00,";
var hq_str_sh603259="药明康德,97.990,95.490,96.630,98.000,96.040,96.630,96.760,1141970,111196133.000,1800,96.630,700,96.600,200,96.590,1000,96.570,400,96.550,3300,96.760,600,96.770,2200,96.780,100,96.800,4100,96.980,2020-01-17,09:32:37,00,";
var hq_str_sh603259="药明康德,97.990,95.490,96.600,98.000,96.040,96.540,96.600,1280270,124584501.000,2000,96.540,100,96.530,1400,96.510,6430,96.500,500,96.490,800,96.600,7100,96.610,2700,96.620,1900,96.630,3400,96.640,2020-01-17,09:33:37,00,";
var hq_str_sh603259="药明康德,97.990,95.490,96.300,98.000,96.030,96.300,96.450,1433100,139292247.000,1900,96.300,100,96.260,1500,96.250,100,96.230,1100,96.220,100,96.450,500,96.510,1100,96.520,500,96.600,600,96.620,2020-01-17,09:34:31,00,";
var hq_str_sh603259="药明康德,97.990,95.490,95.810,98.000,95.810,95.780,95.810,1662500,161380327.000,100,95.780,100,95.750,100,95.700,100,95.660,1000,95.610,1400,95.810,500,95.890,8000,95.910,3500,95.930,200,95.940,2020-01-17,09:35:58,00,";
var hq_str_sh603259="药明康德,97.990,95.490,96.000,98.000,95.530,96.000,96.120,1766700,171359308.000,2700,96.000,700,95.980,7000,95.970,1700,95.960,400,95.930,440,96.120,3300,96.200,300,96.280,200,96.300,1400,96.310,2020-01-17,09:36:58,00,";
var hq_str_sh603259="药明康德,97.990,95.490,95.940,98.000,95.530,95.920,95.940,1941200,188115739.000,800,95.920,1400,95.910,2200,95.900,1600,95.890,1100,95.880,300,95.940,700,96.010,100,96.020,100,96.030,3100,96.040,2020-01-17,09:37:58,00,";
var hq_str_sh603259="药明康德,97.990,95.490,95.900,98.000,95.530,95.910,95.950,2033500,196970782.000,400,95.910,3100,95.850,3200,95.840,1900,95.830,5000,95.800,500,95.950,200,95.980,1780,96.000,100,96.010,1100,96.020,2020-01-17,09:38:58,00,";
var hq_str_sh603259="药明康德,97.990,95.490,95.970,98.000,95.530,95.980,96.000,2111180,204408408.000,100,95.980,800,95.970,4000,95.960,1900,95.910,1000,95.900,2280,96.000,100,96.010,400,96.020,2200,96.040,1300,96.100,2020-01-17,09:39:58,00,";
var hq_str_sh603259="药明康德,97.990,95.490,95.950,98.000,95.530,95.840,95.950,2246960,217450234.000,100,95.840,200,95.820,800,95.800,1100,95.790,2300,95.720,700,95.950,2000,95.990,6600,96.000,700,96.010,3400,96.020,2020-01-17,09:40:58,00,";
var hq_str_sh603259="药明康德,97.990,95.490,95.550,98.000,95.500,95.500,95.550,2356660,227951764.000,800,95.500,1100,95.490,1700,95.480,100,95.470,300,95.460,6300,95.550,200,95.560,1800,95.570,4000,95.580,2700,95.600,2020-01-17,09:41:58,00,";
var hq_str_sh603259="药明康德,97.990,95.490,95.100,98.000,95.000,95.030,95.060,2549560,246304757.000,200,95.030,600,95.020,13600,95.000,300,94.990,11200,94.980,100,95.060,8900,95.100,400,95.150,800,95.160,400,95.290,2020-01-17,09:42:58,00,";
var hq_str_sh603259="药明康德,97.990,95.490,95.230,98.000,95.000,95.190,95.230,2632562,254202842.000,200,95.190,100,95.170,2800,95.160,100,95.150,600,95.130,300,95.230,1000,95.250,100,95.260,500,95.300,900,95.320,2020-01-17,09:43:58,00,";
var hq_str_sh603259="药明康德,97.990,95.490,95.050,98.000,95.000,95.050,95.060,2730660,263538472.000,4600,95.050,2200,95.020,5500,95.010,22800,95.000,11400,94.980,2500,95.060,600,95.070,900,95.080,2000,95.090,2900,95.110,2020-01-17,09:44:58,00,";
var hq_str_sh603259="药明康德,97.990,95.490,94.580,98.000,94.550,94.560,94.580,2887260,278388268.000,3000,94.560,900,94.550,700,94.530,2600,94.520,3800,94.510,4500,94.580,1200,94.590,900,94.600,100,94.610,3400,94.640,2020-01-17,09:45:58,00,";
var hq_str_sh603259="药明康德,97.990,95.490,94.450,98.000,94.450,94.440,94.480,3059660,294688961.000,1300,94.440,100,94.430,1000,94.410,100,94.400,3100,94.380,1700,94.480,100,94.490,3100,94.540,800,94.550,500,94.600,2020-01-17,09:46:58,00,";
var hq_str_sh603259="药明康德,97.990,95.490,94.880,98.000,94.450,94.880,94.910,3208060,308741342.000,2800,94.880,600,94.750,200,94.700,600,94.690,300,94.680,500,94.910,100,94.950,300,94.970,800,94.990,3500,95.000,2020-01-17,09:47:58,00,";
var hq_str_sh603259="药明康德,97.990,95.490,94.790,98.000,94.450,94.770,94.840,3288660,316388227.000,100,94.770,300,94.760,100,94.750,300,94.730,6500,94.720,1900,94.840,400,94.850,1100,94.860,500,94.930,400,94.940,2020-01-17,09:48:58,00,";
var hq_str_sh603259="药明康德,97.990,95.490,95.000,98.000,94.450,95.000,95.010,3348360,322051749.000,4400,95.000,500,94.980,200,94.910,1600,94.860,800,94.850,1600,95.010,200,95.020,2000,95.050,1000,95.100,1200,95.130,2020-01-17,09:49:58,00,";
var hq_str_sh603259="药明康德,97.990,95.490,95.220,98.000,94.450,95.220,95.240,3394960,326489465.000,600,95.220,700,95.200,2100,95.190,300,95.160,200,95.150,300,95.240,3700,95.300,400,95.310,3000,95.320,100,95.350,2020-01-17,09:50:58,00,";
var hq_str_sh603259="药明康德,97.990,95.490,95.050,98.000,94.450,95.080,95.170,3461460,332816748.000,100,95.080,400,95.050,400,95.010,35800,95.000,200,94.910,1300,95.170,600,95.190,1000,95.200,300,95.250,200,95.270,2020-01-17,09:51:58,00,";
var hq_str_sh603259="药明康德,97.990,95.490,95.220,98.000,94.450,95.260,95.320,3508360,337282414.000,500,95.260,2900,95.220,1100,95.210,200,95.200,100,95.150,200,95.320,1200,95.490,21580,95.500,100,95.540,400,95.560,2020-01-17,09:52:58,00,";
var hq_str_sh603259="药明康德,97.990,95.490,95.110,98.000,94.450,95.070,95.110,3551060,341352564.000,1900,95.070,2000,95.050,100,95.010,31500,95.000,400,94.990,100,95.110,100,95.150,200,95.180,1200,95.210,4000,95.240,2020-01-17,09:53:58,00,";
var hq_str_sh603259="药明康德,97.990,95.490,95.050,98.000,94.450,95.060,95.090,3605260,346511886.000,400,95.060,300,95.050,1500,95.030,300,95.020,100,95.010,2100,95.090,900,95.130,100,95.300,600,95.340,1000,95.390,2020-01-17,09:54:58,00,";
var hq_str_sh603259="药明康德,97.990,95.490,95.450,98.000,94.450,95.420,95.450,3679040,353549538.000,1200,95.420,1100,95.410,200,95.400,4800,95.350,3800,95.320,100,95.450,300,95.490,3800,95.500,300,95.600,300,95.680,2020-01-17,09:55:58,00,";
var hq_str_sh603259="药明康德,97.990,95.490,95.600,98.000,94.450,95.600,95.620,3746040,359946201.000,300,95.600,5600,95.550,300,95.510,1500,95.500,200,95.430,1700,95.620,100,95.630,2700,95.660,100,95.670,1500,95.680,2020-01-17,09:56:58,00,";
var hq_str_sh603259="药明康德,97.990,95.490,95.870,98.000,94.450,95.840,95.860,3793340,364474061.000,100,95.840,100,95.800,2700,95.780,1000,95.700,100,95.660,700,95.860,200,95.870,300,95.880,600,95.890,100,95.920,2020-01-17,09:57:58,00,";
var hq_str_sh603259="药明康德,97.990,95.490,95.600,98.000,94.450,95.600,95.610,3839040,368849167.000,11900,95.600,5000,95.550,200,95.510,300,95.500,100,95.490,4200,95.610,300,95.620,100,95.630,500,95.640,100,95.660,2020-01-17,09:58:58,00,";
var hq_str_sh603259="药明康德,97.990,95.490,95.790,98.000,94.450,95.710,95.790,3886940,373435564.000,100,95.710,1600,95.700,6600,95.680,200,95.660,500,95.630,100,95.790,500,95.880,1900,95.890,3000,95.910,200,95.920,2020-01-17,09:59:58,00,";
var hq_str_sh603259="药明康德,97.990,95.490,96.110,98.000,94.450,96.070,96.080,3973040,381698888.000,200,96.070,1000,96.050,100,96.010,34000,96.000,200,95.950,4600,96.080,500,96.100,100,96.120,100,96.130,200,96.140,2020-01-17,10:00:58,00,";
var hq_str_sh603259="药明康德,97.990,95.490,96.020,98.000,94.450,96.020,96.030,4030340,387203423.000,600,96.020,100,96.010,35700,96.000,200,95.950,3700,95.800,300,96.030,800,96.050,600,96.060,100,96.080,700,96.090,2020-01-17,10:01:58,00,";
var hq_str_sh603259="药明康德,97.990,95.490,96.030,98.000,94.450,96.030,96.120,4093880,393304920.000,660,96.030,1000,96.020,800,96.010,30500,96.000,3800,95.800,200,96.120,200,96.130,200,96.140,500,96.150,600,96.160,2020-01-17,10:02:58,00,";
var hq_str_sh603259="药明康德,97.990,95.490,96.200,98.000,94.450,96.190,96.200,4117880,395612631.000,700,96.190,600,96.180,3800,96.160,600,96.150,100,96.140,41100,96.200,100,96.210,500,96.240,500,96.250,100,96.260,2020-01-17,10:03:58,00,";
var hq_str_sh603259="药明康德,97.990,95.490,96.470,98.000,94.450,96.400,96.430,4192580,402800543.000,200,96.400,100,96.390,100,96.380,300,96.370,1000,96.330,300,96.430,1200,96.470,700,96.490,3100,96.500,200,96.540,2020-01-17,10:04:58,00,";
var hq_str_sh603259="药明康德,97.990,95.490,96.500,98.000,94.450,96.490,96.500,4251880,408522555.000,3200,96.490,1000,96.480,400,96.470,100,96.410,1500,96.400,2100,96.500,600,96.520,5000,96.530,100,96.560,600,96.570,2020-01-17,10:05:58,00,";
var hq_str_sh603259="药明康德,97.990,95.490,96.570,98.000,94.450,96.540,96.570,4305680,413714625.000,5300,96.540,3200,96.530,300,96.520,100,96.510,1400,96.500,600,96.570,400,96.580,2000,96.590,7700,96.600,600,96.630,2020-01-17,10:06:58,00,";
var hq_str_sh603259="药明康德,97.990,95.490,96.640,98.000,94.450,96.640,96.760,4393780,422234916.000,1900,96.640,600,96.610,1000,96.600,1200,96.590,200,96.580,3400,96.760,100,96.790,1000,96.800,1500,96.820,300,96.830,2020-01-17,10:07:58,00,";
var hq_str_sh603259="药明康德,97.990,95.490,96.800,98.000,94.450,96.730,96.800,4435880,426309187.000,100,96.730,100,96.690,1500,96.660,2900,96.650,800,96.640,1200,96.800,200,96.810,3000,96.830,1400,96.840,6000,96.850,2020-01-17,10:08:58,00,";
var hq_str_sh603259="药明康德,97.990,95.490,96.880,98.000,94.450,96.880,96.950,4510080,433493890.000,1200,96.880,5700,96.800,800,96.790,200,96.730,1000,96.700,700,96.950,11600,96.960,5100,96.970,2700,96.980,8500,96.990,2020-01-17,10:09:58,00,";
var hq_str_sh603259="药明康德,97.990,95.490,96.690,98.000,94.450,96.650,96.700,4581080,440374844.000,2600,96.650,500,96.640,300,96.610,1500,96.590,300,96.580,400,96.700,300,96.730,300,96.740,1000,96.770,500,96.790,2020-01-17,10:10:58,00,";
var hq_str_sh603259="药明康德,97.990,95.490,96.260,98.000,94.450,96.220,96.260,4635880,445660703.000,500,96.220,200,96.210,9500,96.200,300,96.080,1300,96.010,600,96.260,1900,96.300,300,96.380,400,96.390,100,96.400,2020-01-17,10:11:58,00,";
var hq_str_sh603259="药明康德,97.990,95.490,96.430,98.000,94.450,96.420,96.430,4660480,448030881.000,900,96.420,1700,96.410,14700,96.380,12900,96.340,100,96.320,500,96.430,100,96.460,300,96.490,1700,96.500,100,96.510,2020-01-17,10:12:58,00,";
var hq_str_sh603259="药明康德,97.990,95.490,96.650,98.000,94.450,96.610,96.650,4675980,449527622.000,4600,96.610,2100,96.600,100,96.590,4000,96.580,100,96.560,600,96.650,400,96.660,100,96.680,400,96.700,100,96.740,2020-01-17,10:14:01,00,";
var hq_str_sh603259="药明康德,97.990,95.490,96.380,98.000,94.450,96.380,96.390,4722180,453987980.000,8900,96.380,12900,96.340,7500,96.300,200,96.230,900,96.220,1500,96.390,1200,96.410,400,96.420,800,96.440,100,96.450,2020-01-17,10:14:59,00,";
var hq_str_sh603259="药明康德,97.990,95.490,96.240,98.000,94.450,96.230,96.240,4788780,460403603.000,12200,96.230,900,96.220,9500,96.200,100,96.110,100,96.100,4000,96.240,100,96.250,200,96.270,300,96.280,100,96.290,2020-01-17,10:15:58,00,";
var hq_str_sh603259="药明康德,97.990,95.490,96.330,98.000,94.450,96.300,96.320,4817180,463138073.000,100,96.300,100,96.290,900,96.280,1500,96.270,1300,96.260,800,96.320,1100,96.330,300,96.340,600,96.350,100,96.360,2020-01-17,10:16:59,00,";
var hq_str_sh603259="药明康德,97.990,95.490,96.270,98.000,94.450,96.260,96.270,4851080,466402992.000,1300,96.260,2500,96.250,300,96.240,12200,96.230,200,96.220,900,96.270,800,96.280,1500,96.290,159,96.300,200,96.310,2020-01-17,10:17:59,00,";
var hq_str_sh603259="药明康德,97.990,95.490,96.170,98.000,94.450,96.110,96.170,4907280,471811565.000,100,96.110,200,96.100,300,96.080,8000,96.020,1000,96.010,200,96.170,300,96.190,900,96.200,1800,96.210,100,96.220,2020-01-17,10:18:59,00,";
var hq_str_sh603259="药明康德,97.990,95.490,96.140,98.000,94.450,96.140,96.150,4933719,474353068.000,900,96.140,3361,96.100,1300,96.080,8000,96.020,1000,96.010,100,96.150,900,96.160,500,96.180,600,96.230,3600,96.240,2020-01-17,10:19:59,00,";
var hq_str_sh603259="药明康德,97.990,95.490,95.800,98.000,94.450,95.800,95.860,4997880,480516179.000,7000,95.800,500,95.780,2000,95.710,500,95.630,400,95.610,1700,95.860,1600,95.930,500,96.000,1240,96.010,800,96.100,2020-01-17,10:20:59,00,";
var hq_str_sh603259="药明康德,97.990,95.490,95.980,98.000,94.450,95.960,96.000,5022480,482874590.000,1200,95.960,2400,95.950,100,95.930,800,95.920,100,95.910,500,96.000,440,96.010,400,96.230,300,96.240,700,96.250,2020-01-17,10:21:59,00,";
var hq_str_sh603259="药明康德,97.990,95.490,96.110,98.000,94.450,96.100,96.110,5043720,484916181.000,1000,96.100,500,96.090,1500,96.080,100,96.050,1900,96.010,100,96.110,1300,96.140,200,96.170,100,96.220,7000,96.230,2020-01-17,10:22:59,00,";
var hq_str_sh603259="药明康德,97.990,95.490,96.140,98.000,94.450,96.130,96.140,5064020,486868346.000,3300,96.130,1100,96.100,500,96.090,2000,96.080,1000,96.010,700,96.140,300,96.150,3200,96.160,100,96.170,100,96.180,2020-01-17,10:23:59,00,";
var hq_str_sh603259="药明康德,97.990,95.490,96.190,98.000,94.450,96.200,96.210,5091820,489541800.000,2400,96.200,5700,96.190,1300,96.180,8700,96.150,500,96.140,1300,96.210,400,96.220,700,96.250,2500,96.270,100,96.300,2020-01-17,10:24:59,00,";
var hq_str_sh603259="药明康德,97.990,95.490,96.280,98.000,94.450,96.280,96.290,5117020,491967484.000,100,96.280,200,96.270,600,96.250,2000,96.220,100,96.210,1400,96.290,1100,96.300,1000,96.310,600,96.340,300,96.350,2020-01-17,10:25:59,00,";
var hq_str_sh603259="药明康德,97.990,95.490,96.310,98.000,94.450,96.300,96.310,5157420,495857856.000,8700,96.300,900,96.290,2900,96.280,300,96.250,2000,96.220,2500,96.310,400,96.320,600,96.340,400,96.350,1100,96.360,2020-01-17,10:26:59,00,";
var hq_str_sh603259="药明康德,97.990,95.490,96.320,98.000,94.450,96.310,96.320,5191720,499160906.000,1500,96.310,2100,96.300,6600,96.290,15100,96.250,2100,96.220,700,96.320,700,96.340,900,96.350,1100,96.360,7100,96.380,2020-01-17,10:27:59,00,";
var hq_str_sh603259="药明康德,97.990,95.490,96.360,98.000,94.450,96.360,96.370,5213020,501212850.000,2400,96.360,100,96.350,600,96.340,2700,96.330,200,96.300,100,96.370,7100,96.380,700,96.400,1100,96.480,5800,96.490,2020-01-17,10:28:59,00,";
var hq_str_sh603259="药明康德,97.990,95.490,96.600,98.000,94.450,96.600,96.610,5248720,504655520.000,100,96.600,400,96.580,4400,96.550,400,96.540,100,96.500,400,96.610,600,96.630,100,96.640,200,96.650,700,96.660,2020-01-17,10:29:59,00,";
var hq_str_sh603259="药明康德,97.990,95.490,96.690,98.000,94.450,96.690,96.710,5270720,506782347.000,700,96.690,600,96.670,300,96.660,700,96.610,500,96.580,500,96.710,800,96.740,300,96.780,1600,96.790,7786,96.800,2020-01-17,10:30:59,00,";
var hq_str_sh603259="药明康德,97.990,95.490,96.660,98.000,94.450,96.660,96.670,5285820,508241504.000,3300,96.660,4000,96.640,600,96.620,4900,96.570,1000,96.560,300,96.670,800,96.690,400,96.700,200,96.710,300,96.770,2020-01-17,10:31:59,00,";
var hq_str_sh603259="药明康德,97.990,95.490,96.900,98.000,94.450,96.880,96.910,5318506,511405119.000,700,96.880,1700,96.870,1100,96.860,200,96.840,400,96.810,1000,96.910,1200,96.920,100,96.940,2200,96.950,3100,96.960,2020-01-17,10:32:59,00,";
var hq_str_sh603259="药明康德,97.990,95.490,96.910,98.000,94.450,96.910,96.920,5356606,515097529.000,1200,96.910,600,96.890,7200,96.880,1000,96.860,200,96.840,800,96.920,600,96.940,200,96.950,2900,96.960,1100,96.970,2020-01-17,10:33:59,00,";
var hq_str_sh603259="药明康德,97.990,95.490,96.920,98.000,94.450,96.890,97.000,5465267,525630587.000,5139,96.890,2000,96.880,600,96.860,200,96.840,300,96.810,15700,97.000,200,97.010,200,97.040,400,97.050,300,97.080,2020-01-17,10:34:59,00,";
var hq_str_sh603259="药明康德,97.990,95.490,96.990,98.000,94.450,96.970,96.990,5539767,532854730.000,4500,96.970,100,96.940,400,96.890,1900,96.880,600,96.860,3600,96.990,14000,97.000,200,97.010,200,97.040,300,97.050,2020-01-17,10:35:59,00,";
var hq_str_sh603259="药明康德,97.990,95.490,97.300,98.000,94.450,97.300,97.310,5610467,539719010.000,3200,97.300,1700,97.260,4900,97.250,2400,97.230,600,97.220,600,97.310,500,97.320,600,97.330,800,97.340,500,97.350,2020-01-17,10:36:59,00,";
var hq_str_sh603259="药明康德,97.990,95.490,97.550,98.000,94.450,97.550,97.570,5782647,556511624.000,1500,97.550,1500,97.540,6700,97.530,700,97.520,500,97.510,1500,97.570,3300,97.600,1400,97.800,5100,97.810,500,97.820,2020-01-17,10:37:59,00,";
var hq_str_sh603259="药明康德,97.990,95.490,97.310,98.000,94.450,97.210,97.250,5882947,566288951.000,900,97.210,400,97.180,1700,97.150,200,97.140,100,97.020,700,97.250,300,97.300,3400,97.310,300,97.400,900,97.420,2020-01-17,10:38:59,00,";
var hq_str_sh603259="药明康德,97.990,95.490,97.390,98.000,94.450,97.320,97.370,5940847,571924044.000,2400,97.320,400,97.310,2200,97.300,300,97.290,9600,97.260,200,97.370,200,97.390,600,97.400,100,97.420,100,97.470,2020-01-17,10:39:59,00,";
var hq_str_sh603259="药明康德,97.990,95.490,97.570,98.000,94.450,97.580,97.590,6009867,578650262.000,3600,97.580,4000,97.560,800,97.550,500,97.530,4300,97.520,100,97.590,800,97.600,1100,97.650,1100,97.680,1100,97.700,2020-01-17,10:40:59,00,";
var hq_str_sh603259="药明康德,97.990,95.490,97.850,98.000,94.450,97.840,97.850,6109867,588425060.000,800,97.840,800,97.820,2600,97.810,1900,97.800,3400,97.780,1000,97.850,5400,97.860,100,97.870,7620,97.880,2400,97.890,2020-01-17,10:41:59,00,";
var hq_str_sh603259="药明康德,97.990,95.490,97.710,98.000,94.450,97.710,97.740,6212387,598452599.000,400,97.710,380,97.680,100,97.670,1600,97.660,4200,97.650,500,97.740,2140,97.780,300,97.790,2000,97.800,200,97.820,2020-01-17,10:42:59,00,";
var hq_str_sh603259="药明康德,97.990,95.490,97.650,98.000,94.450,97.650,97.690,6329987,609935022.000,2500,97.650,1500,97.600,2900,97.560,200,97.510,4400,97.500,900,97.690,3200,97.700,2000,97.730,2000,97.750,2000,97.760,2020-01-17,10:43:59,00,";
var hq_str_sh603259="药明康德,97.990,95.490,97.510,98.000,94.450,97.410,97.510,6436987,620373164.000,4200,97.410,3500,97.400,300,97.320,7200,97.310,800,97.300,600,97.510,900,97.520,300,97.540,400,97.560,1800,97.580,2020-01-17,10:44:59,00,";
var hq_str_sh603259="药明康德,97.990,95.490,97.040,98.000,94.450,97.040,97.110,6500487,626550340.000,4000,97.040,100,97.030,200,97.020,7100,97.010,12200,97.000,400,97.110,1000,97.180,1300,97.210,300,97.220,500,97.250,2020-01-17,10:45:59,00,";
var hq_str_sh603259="药明康德,97.990,95.490,97.080,98.000,94.450,97.080,97.100,6546387,631009094.000,1800,97.080,1000,97.070,30500,97.010,12000,97.000,200,96.980,10500,97.100,100,97.220,400,97.250,600,97.260,1800,97.280,2020-01-17,10:46:59,00,";
var hq_str_sh603259="药明康德,97.990,95.490,97.040,98.000,94.450,97.020,97.040,6642087,640297286.000,300,97.020,1200,97.010,11300,97.000,500,96.950,100,96.880,600,97.040,200,97.050,2200,97.150,100,97.180,700,97.200,2020-01-17,10:47:59,00,";
var hq_str_sh603259="药明康德,97.990,95.490,97.110,98.000,94.450,97.110,97.130,6688787,644828613.000,3300,97.110,1100,97.070,2000,97.060,100,97.020,22100,97.010,500,97.130,2400,97.150,500,97.200,100,97.210,100,97.220,2020-01-17,10:48:59,00,";
var hq_str_sh603259="药明康德,97.990,95.490,96.910,98.000,94.450,96.910,96.930,6766787,652395662.000,300,96.910,3000,96.850,100,96.840,500,96.810,5114,96.800,900,96.930,400,96.950,1900,97.000,10000,97.090,200,97.100,2020-01-17,10:49:59,00,";
var hq_str_sh603259="药明康德,97.990,95.490,96.670,98.000,94.450,96.660,96.670,6890501,664373012.000,500,96.660,600,96.650,4000,96.640,200,96.610,500,96.560,1000,96.670,700,96.690,1700,96.710,1500,96.730,500,96.760,2020-01-17,10:50:59,00,";
var hq_str_sh603259="药明康德,97.990,95.490,96.840,98.000,94.450,96.840,96.850,6939201,669083595.000,5500,96.840,1800,96.820,7600,96.800,1100,96.790,400,96.770,2200,96.850,5000,96.900,200,96.950,2400,97.000,10000,97.090,2020-01-17,10:51:59,00,";
var hq_str_sh603259="药明康德,97.990,95.490,97.000,98.000,94.450,97.000,97.010,6970201,672087981.000,2300,97.000,1200,96.990,100,96.980,500,96.970,600,96.960,200,97.010,10000,97.090,300,97.100,1800,97.110,300,97.120,2020-01-17,10:52:59,00,";
var hq_str_sh603259="药明康德,97.990,95.490,97.100,98.000,94.450,97.100,97.110,7004501,675417988.000,1700,97.100,2300,97.090,2400,97.080,300,97.060,400,97.050,1800,97.110,1500,97.120,300,97.130,1000,97.150,500,97.200,2020-01-17,10:53:59,00,";
var hq_str_sh603259="药明康德,97.990,95.490,97.260,98.000,94.450,97.260,97.280,7021401,677060206.000,1000,97.260,7800,97.250,200,97.230,1300,97.210,2500,97.200,3000,97.280,5600,97.300,300,97.310,23600,97.320,200,97.350,2020-01-17,10:54:59,00,";
var hq_str_sh603259="药明康德,97.990,95.490,97.320,98.000,94.450,97.300,97.320,7074301,682207603.000,400,97.300,500,97.290,2500,97.280,900,97.270,900,97.250,9000,97.320,200,97.330,200,97.350,800,97.380,800,97.400,2020-01-17,10:55:59,00,";
var hq_str_sh603259="药明康德,97.990,95.490,97.310,98.000,94.450,97.300,97.320,7128201,687447961.000,800,97.300,300,97.290,700,97.260,100,97.220,400,97.180,1400,97.320,100,97.330,200,97.350,200,97.360,800,97.380,2020-01-17,10:56:59,00,";
var hq_str_sh603259="药明康德,97.990,95.490,97.500,98.000,94.450,97.490,97.500,7152881,689852464.000,300,97.490,600,97.480,100,97.470,200,97.430,10520,97.400,940,97.500,300,97.520,300,97.540,400,97.550,100,97.560,2020-01-17,10:57:59,00,";
var hq_str_sh603259="药明康德,97.990,95.490,97.350,98.000,94.450,97.250,97.350,7199301,694375655.000,200,97.250,100,97.220,100,97.200,1000,97.180,15200,97.160,800,97.350,22380,97.400,200,97.470,2500,97.480,300,97.490,2020-01-17,10:58:59,00,";
var hq_str_sh603259="药明康德,97.990,95.490,97.390,98.000,94.450,97.390,97.400,7231041,697466553.000,600,97.390,1000,97.350,500,97.320,200,97.300,100,97.220,13880,97.400,100,97.410,200,97.420,2600,97.450,2500,97.480,2020-01-17,10:59:59,00,";
var hq_str_sh603259="药明康德,97.990,95.490,97.260,98.000,94.450,97.260,97.300,7282941,702520150.000,800,97.260,200,97.230,1400,97.220,100,97.200,300,97.190,700,97.300,500,97.350,800,97.360,200,97.380,400,97.390,2020-01-17,11:00:59,00,";
var hq_str_sh603259="药明康德,97.990,95.490,97.340,98.000,94.450,97.280,97.340,7310041,705157216.000,100,97.280,900,97.270,100,97.260,1100,97.200,300,97.190,300,97.340,500,97.350,800,97.360,200,97.380,400,97.390,2020-01-17,11:01:59,00,";
var hq_str_sh603259="药明康德,97.990,95.490,97.340,98.000,94.450,97.310,97.340,7336941,707775099.000,300,97.310,400,97.300,700,97.280,300,97.260,100,97.210,1000,97.340,500,97.350,800,97.360,400,97.390,3100,97.400,2020-01-17,11:02:59,00,";
var hq_str_sh603259="药明康德,97.990,95.490,97.470,98.000,94.450,97.470,97.500,7424488,716303731.000,2000,97.470,100,97.450,1100,97.440,3700,97.410,22300,97.400,700,97.500,600,97.510,1300,97.550,600,97.560,600,97.570,2020-01-17,11:03:59,00,";
var hq_str_sh603259="药明康德,97.990,95.490,97.520,98.000,94.450,97.510,97.520,7454849,719265545.000,3100,97.510,100,97.500,100,97.490,200,97.470,300,97.440,200,97.520,400,97.550,500,97.570,2100,97.580,500,97.590,2020-01-17,11:04:59,00,";
var hq_str_sh603259="药明康德,97.990,95.490,97.410,98.000,94.450,97.400,97.410,7482849,721995702.000,25100,97.400,1100,97.350,2000,97.300,1000,97.280,100,97.210,140,97.410,400,97.450,1700,97.490,16300,97.500,300,97.510,2020-01-17,11:05:59,00,";
var hq_str_sh603259="药明康德,97.990,95.490,97.430,98.000,94.450,97.410,97.430,7507749,724422754.000,400,97.410,25900,97.400,1800,97.350,2600,97.300,1000,97.280,100,97.430,3500,97.440,400,97.450,500,97.480,800,97.490,2020-01-17,11:06:59,00,";
var hq_str_sh603259="药明康德,97.990,95.490,97.430,98.000,94.450,97.420,97.430,7531549,726741660.000,3500,97.420,3600,97.410,26600,97.400,2200,97.350,2600,97.300,1000,97.430,3100,97.440,400,97.450,300,97.480,2000,97.490,2020-01-17,11:07:59,00,";
var hq_str_sh603259="药明康德,97.990,95.490,97.490,98.000,94.450,97.460,97.490,7566749,730172225.000,700,97.460,1200,97.430,500,97.420,1600,97.410,26600,97.400,700,97.490,7440,97.500,5200,97.510,2000,97.550,400,97.560,2020-01-17,11:08:59,00,";
var hq_str_sh603259="药明康德,97.990,95.490,97.400,98.000,94.450,97.400,97.410,7604849,733885401.000,26600,97.400,5000,97.380,2500,97.350,2600,97.300,1000,97.280,100,97.410,200,97.420,300,97.430,500,97.440,2100,97.480,2020-01-17,11:09:59,00,";
var hq_str_sh603259="药明康德,97.990,95.490,97.450,98.000,94.450,97.410,97.470,7623849,735737085.000,800,97.410,27200,97.400,5000,97.380,3500,97.350,2600,97.300,200,97.470,600,97.480,13900,97.490,4600,97.500,200,97.510,2020-01-17,11:10:59,00,";
var hq_str_sh603259="药明康德,97.990,95.490,97.400,98.000,94.450,97.300,97.330,7677149,740929223.000,2600,97.300,1000,97.280,100,97.210,1100,97.200,100,97.180,100,97.330,100,97.380,100,97.390,8900,97.400,400,97.410,2020-01-17,11:11:59,00,";
var hq_str_sh603259="药明康德,97.990,95.490,97.180,98.000,94.450,97.180,97.190,7698249,742981154.000,400,97.180,14400,97.160,1000,97.150,100,97.130,2500,97.100,1000,97.190,9800,97.200,600,97.210,200,97.220,100,97.230,2020-01-17,11:12:59,00,";
var hq_str_sh603259="药明康德,97.990,95.490,97.010,98.000,94.450,97.010,97.060,7733249,746381116.000,800,97.010,2900,97.000,100,96.980,100,96.950,200,96.910,400,97.060,600,97.070,100,97.100,1400,97.130,400,97.160,2020-01-17,11:13:59,00,";
var hq_str_sh603259="药明康德,97.990,95.490,96.830,98.000,94.450,96.790,96.900,7768749,749818771.000,1100,96.790,1900,96.770,400,96.760,4700,96.750,1700,96.710,100,96.900,300,96.910,300,96.980,300,97.000,7800,97.010,2020-01-17,11:14:59,00,";
var hq_str_sh603259="药明康德,97.990,95.490,96.930,98.000,94.450,96.910,96.930,7779769,750886475.000,2500,96.910,5400,96.900,100,96.860,800,96.850,3100,96.840,1200,96.930,200,96.950,200,96.990,500,97.000,7800,97.010,2020-01-17,11:15:59,00,";
var hq_str_sh603259="药明康德,97.990,95.490,97.090,98.000,94.450,97.020,97.100,7820669,754851391.000,19000,97.020,100,96.980,200,96.940,2200,96.850,2500,96.840,900,97.100,800,97.160,1500,97.170,1000,97.190,300,97.200,2020-01-17,11:16:59,00,";
var hq_str_sh603259="药明康德,97.990,95.490,97.220,98.000,94.450,97.200,97.220,7834369,756182394.000,18700,97.200,100,97.160,200,97.130,300,97.120,400,97.100,100,97.220,200,97.250,100,97.260,2140,97.280,13700,97.300,2020-01-17,11:17:59,00,";
var hq_str_sh603259="药明康德,97.990,95.490,97.150,98.000,94.450,97.150,97.160,7887169,761315467.000,8100,97.150,1600,97.120,300,97.110,2000,97.100,100,97.090,400,97.160,1700,97.170,500,97.200,2700,97.300,500,97.360,2020-01-17,11:18:59,00,";
var hq_str_sh603259="药明康德,97.990,95.490,97.170,98.000,94.450,97.170,97.180,7914869,764007592.000,500,97.170,300,97.160,3600,97.150,1600,97.120,200,97.110,100,97.180,100,97.200,100,97.230,1400,97.240,800,97.250,2020-01-17,11:19:59,00,";
var hq_str_sh603259="药明康德,97.990,95.490,97.210,98.000,94.450,97.210,97.230,7956309,768032677.000,400,97.210,1560,97.200,2400,97.100,4500,97.080,300,97.040,100,97.230,200,97.240,800,97.250,5000,97.300,500,97.360,2020-01-17,11:20:59,00,";
var hq_str_sh603259="药明康德,97.990,95.490,97.220,98.000,94.450,97.210,97.220,7965809,768956332.000,2600,97.210,5260,97.200,6100,97.100,4400,97.080,200,97.020,900,97.220,5516,97.230,100,97.240,1500,97.250,200,97.260,2020-01-17,11:21:59,00,";
var hq_str_sh603259="药明康德,97.990,95.490,97.080,98.000,94.450,97.080,97.090,7994885,771781188.000,800,97.080,600,97.040,200,97.020,1300,97.010,6300,97.000,1700,97.090,800,97.110,200,97.120,2100,97.140,3540,97.200,2020-01-17,11:22:59,00,";
var hq_str_sh603259="药明康德,97.990,95.490,97.300,98.000,94.450,97.250,97.300,8037925,775966707.000,8800,97.250,200,97.230,800,97.220,7660,97.200,500,97.170,200,97.300,700,97.310,6900,97.320,1800,97.330,1000,97.350,2020-01-17,11:23:59,00,";
var hq_str_sh603259="药明康德,97.990,95.490,97.200,98.000,94.450,97.200,97.210,8068625,778951448.000,1560,97.200,300,97.170,400,97.160,3200,97.150,5000,97.110,700,97.210,400,97.220,1500,97.230,3900,97.250,800,97.260,2020-01-17,11:24:59,00,";
var hq_str_sh603259="药明康德,97.990,95.490,96.910,98.000,94.450,96.910,96.920,8108585,782831485.000,100,96.910,400,96.900,100,96.870,2000,96.850,2300,96.840,1000,96.920,600,96.940,500,96.970,1000,96.980,400,97.000,2020-01-17,11:25:59,00,";
var hq_str_sh603259="药明康德,97.990,95.490,97.000,98.000,94.450,96.840,96.880,8132485,785145505.000,200,96.840,200,96.820,200,96.810,100,96.800,800,96.760,700,96.880,2000,97.000,300,97.060,100,97.110,5000,97.160,2020-01-17,11:26:56,00,";
var hq_str_sh603259="药明康德,97.990,95.490,97.070,98.000,94.450,97.070,97.090,8153165,787152396.000,200,97.070,100,97.050,200,97.030,5600,97.010,13000,97.000,900,97.090,400,97.100,200,97.110,200,97.130,300,97.140,2020-01-17,11:27:59,00,";
var hq_str_sh603259="药明康德,97.990,95.490,97.200,98.000,94.450,97.200,97.220,8169965,788784258.000,11200,97.200,200,97.190,11300,97.110,100,97.090,500,97.070,1000,97.220,1240,97.250,100,97.260,400,97.270,100,97.280,2020-01-17,11:28:56,00,";
var hq_str_sh603259="药明康德,97.990,95.490,97.130,98.000,94.450,97.120,97.130,8194977,791215312.000,3988,97.120,10700,97.110,100,97.070,100,97.050,13000,97.000,200,97.130,600,97.140,500,97.150,800,97.190,2500,97.200,2020-01-17,11:29:59,00,";
var hq_str_sh603259="药明康德,97.990,95.490,97.130,98.000,94.450,97.120,97.130,8194977,791215312.000,3988,97.120,10700,97.110,100,97.070,100,97.050,13000,97.000,200,97.130,700,97.140,500,97.150,800,97.190,2500,97.200,2020-01-17,11:30:00,00,";
var hq_str_sh603259="药明康德,97.990,95.490,96.610,98.000,94.450,96.610,96.640,8273777,798857960.000,100,96.610,100,96.600,2000,96.580,4000,96.560,400,96.520,1700,96.640,200,96.680,400,96.690,3300,96.710,100,96.750,2020-01-17,13:00:59,00,";
var hq_str_sh603259="药明康德,97.990,95.490,97.030,98.000,94.450,97.030,97.100,8301677,801560149.000,900,97.030,1100,97.000,400,96.990,200,96.980,5100,96.850,1200,97.100,100,97.120,1053,97.130,300,97.140,1200,97.150,2020-01-17,13:01:59,00,";
var hq_str_sh603259="药明康德,97.990,95.490,96.850,98.000,94.450,96.820,96.850,8333877,804681299.000,5000,96.820,1100,96.810,4000,96.800,100,96.760,100,96.740,1200,96.850,15490,96.980,2000,97.000,1853,97.130,300,97.140,2020-01-17,13:02:59,00,";
var hq_str_sh603259="药明康德,97.990,95.490,96.850,98.000,94.450,96.850,96.890,8356077,806830787.000,8800,96.850,200,96.820,1900,96.810,3200,96.800,100,96.740,100,96.890,300,96.900,300,96.960,1100,96.970,15490,96.980,2020-01-17,13:03:59,00,";
var hq_str_sh603259="药明康德,97.990,95.490,96.740,98.000,94.450,96.710,96.740,8414977,812540441.000,400,96.710,1000,96.700,100,96.660,900,96.630,100,96.620,600,96.740,1100,96.750,1700,96.770,1600,96.800,200,96.820,2020-01-17,13:04:59,00,";
var hq_str_sh603259="药明康德,97.990,95.490,97.110,98.000,94.450,97.110,97.120,8451107,816041429.000,200,97.110,200,97.040,21770,97.000,1000,96.990,500,96.980,100,97.120,1853,97.130,300,97.140,1200,97.150,1100,97.170,2020-01-17,13:05:56,00,";
var hq_str_sh603259="药明康德,97.990,95.490,97.010,98.000,94.450,97.010,97.030,8521107,822832069.000,4100,97.010,3870,97.000,1300,96.990,800,96.940,200,96.930,500,97.030,400,97.040,1600,97.080,100,97.100,1800,97.120,2020-01-17,13:06:59,00,";
var hq_str_sh603259="药明康德,97.990,95.490,96.890,98.000,94.450,96.870,96.890,8551077,825738646.000,200,96.870,900,96.860,2900,96.850,700,96.810,1000,96.780,1300,96.890,40,96.920,100,97.000,100,97.010,100,97.020,2020-01-17,13:07:59,00,";
var hq_str_sh603259="药明康德,97.990,95.490,97.010,98.000,94.450,97.000,97.020,8570637,827635812.000,2940,97.000,200,96.950,200,96.920,200,96.910,100,96.900,300,97.020,1200,97.030,1200,97.040,1780,97.050,500,97.060,2020-01-17,13:08:59,00,";
var hq_str_sh603259="药明康德,97.990,95.490,97.160,98.000,94.450,97.160,97.170,8599670,830454434.000,1100,97.160,247,97.140,200,97.130,900,97.080,24020,97.050,900,97.170,600,97.190,7700,97.200,200,97.210,100,97.220,2020-01-17,13:09:59,00,";
var hq_str_sh603259="药明康德,97.990,95.490,97.300,98.000,94.450,97.250,97.260,8629470,833352042.000,1500,97.250,200,97.240,200,97.220,5300,97.210,600,97.200,400,97.260,100,97.330,100,97.350,1400,97.370,900,97.380,2020-01-17,13:10:59,00,";
var hq_str_sh603259="药明康德,97.990,95.490,97.350,98.000,94.450,97.330,97.350,8653070,835649883.000,1000,97.330,400,97.320,1100,97.310,200,97.300,660,97.290,340,97.350,200,97.370,100,97.380,1700,97.410,4700,97.450,2020-01-17,13:11:59,00,";
var hq_str_sh603259="药明康德,97.990,95.490,97.310,98.000,94.450,97.300,97.310,8700930,840310293.000,4300,97.300,200,97.240,5300,97.210,500,97.200,100,97.160,7640,97.310,900,97.320,1800,97.330,800,97.350,1100,97.380,2020-01-17,13:12:59,00,";
var hq_str_sh603259="药明康德,97.990,95.490,97.540,98.000,94.450,97.530,97.580,8781430,848155410.000,1400,97.530,3000,97.520,600,97.510,31800,97.500,100,97.440,300,97.580,4240,97.600,380,97.610,600,97.620,100,97.640,2020-01-17,13:13:59,00,";
var hq_str_sh603259="药明康德,97.990,95.490,97.430,98.000,94.450,97.400,97.430,8847930,854641320.000,5100,97.400,1500,97.350,100,97.320,4700,97.310,4200,97.300,1500,97.430,1300,97.460,200,97.480,12900,97.500,900,97.510,2020-01-17,13:14:59,00,";
var hq_str_sh603259="药明康德,97.990,95.490,97.220,98.000,94.450,97.140,97.200,8890230,858757815.000,1247,97.140,2400,97.130,100,97.090,24020,97.050,2300,97.030,200,97.200,300,97.210,1000,97.220,200,97.240,400,97.290,2020-01-17,13:15:59,00,";
var hq_str_sh603259="药明康德,97.990,95.490,97.400,98.000,94.450,97.400,97.430,8910210,860702152.000,1660,97.400,700,97.380,1900,97.370,200,97.360,4000,97.350,100,97.430,600,97.480,9200,97.500,200,97.510,2100,97.520,2020-01-17,13:16:59,00,";
var hq_str_sh603259="药明康德,97.990,95.490,97.350,98.000,94.450,97.330,97.340,8934570,863074791.000,1100,97.330,100,97.300,100,97.290,200,97.260,500,97.150,1100,97.340,1400,97.350,1100,97.360,200,97.370,300,97.380,2020-01-17,13:17:59,00,";
var hq_str_sh603259="药明康德,97.990,95.490,97.430,98.000,94.450,97.430,97.500,8958670,865421693.000,2800,97.430,20500,97.400,100,97.350,200,97.340,2300,97.300,14380,97.500,200,97.510,2240,97.520,3200,97.530,700,97.540,2020-01-17,13:18:59,00,";
var hq_str_sh603259="药明康德,97.990,95.490,97.340,98.000,94.450,97.320,97.340,9011770,870594061.000,200,97.320,700,97.310,4100,97.300,600,97.260,500,97.160,600,97.340,600,97.360,500,97.400,2100,97.450,300,97.460,2020-01-17,13:19:59,00,";
var hq_str_sh603259="药明康德,97.990,95.490,97.320,98.000,94.450,97.300,97.320,9035010,872855036.000,600,97.300,2100,97.280,600,97.270,560,97.260,100,97.240,500,97.320,3000,97.330,100,97.340,600,97.360,500,97.400,2020-01-17,13:20:59,00,";
var hq_str_sh603259="药明康德,97.990,95.490,97.230,98.000,94.450,97.230,97.260,9088970,878104583.000,400,97.230,3600,97.220,1700,97.210,6200,97.200,100,97.190,1200,97.260,940,97.300,1800,97.330,100,97.340,600,97.360,2020-01-17,13:21:59,00,";
var hq_str_sh603259="药明康德,97.990,95.490,97.200,98.000,94.450,97.200,97.230,9116570,880787777.000,2500,97.200,100,97.190,1300,97.160,3800,97.150,947,97.140,200,97.230,200,97.250,3100,97.290,1340,97.300,100,97.320,2020-01-17,13:22:59,00,";
var hq_str_sh603259="药明康德,97.990,95.490,97.130,98.000,94.450,97.090,97.130,9143470,883401675.000,100,97.090,700,97.070,400,97.060,24120,97.050,2300,97.030,3100,97.130,1300,97.140,2000,97.150,800,97.160,400,97.190,2020-01-17,13:23:59,00,";
var hq_str_sh603259="药明康德,97.990,95.490,97.110,98.000,94.450,97.110,97.120,9191070,888022164.000,1000,97.110,14000,97.090,700,97.060,12420,97.050,2300,97.030,500,97.120,2900,97.130,300,97.140,1500,97.150,12400,97.200,2020-01-17,13:24:59,00,";
var hq_str_sh603259="药明康德,97.990,95.490,97.170,98.000,94.450,97.160,97.170,9225070,891325126.000,5900,97.160,1400,97.150,1200,97.140,3500,97.130,700,97.110,1200,97.170,200,97.190,10100,97.200,2900,97.210,100,97.240,2020-01-17,13:25:59,00,";
var hq_str_sh603259="药明康德,97.990,95.490,97.160,98.000,94.450,97.160,97.170,9256870,894415481.000,100,97.160,2000,97.150,3500,97.130,700,97.100,13700,97.090,4300,97.170,4100,97.190,900,97.200,2500,97.210,100,97.240,2020-01-17,13:26:57,00,";
var hq_str_sh603259="药明康德,97.990,95.490,97.040,98.000,94.450,97.010,97.040,9317890,900339342.000,1700,97.010,900,97.000,500,96.980,200,96.950,200,96.900,1400,97.040,12780,97.050,59800,97.060,6000,97.080,14100,97.090,2020-01-17,13:27:59,00,";
var hq_str_sh603259="药明康德,97.990,95.490,96.860,98.000,94.450,96.860,96.870,9343390,902810566.000,200,96.860,7000,96.850,100,96.820,1000,96.810,2500,96.800,1200,96.870,200,96.880,5400,96.890,3440,96.900,7300,96.950,2020-01-17,13:28:59,00,";
var hq_str_sh603259="药明康德,97.990,95.490,96.870,98.000,94.450,96.860,96.870,9362490,904660776.000,3300,96.860,6300,96.850,100,96.830,2800,96.800,1500,96.780,100,96.870,3600,96.890,4440,96.900,7300,96.950,100,96.970,2020-01-17,13:29:59,00,";
var hq_str_sh603259="药明康德,97.990,95.490,96.870,98.000,94.450,96.860,96.870,9395890,907896613.000,1100,96.860,6000,96.850,100,96.840,100,96.810,2600,96.800,1200,96.870,500,96.880,400,96.890,3500,96.900,200,96.920,2020-01-17,13:30:59,00,";
var hq_str_sh603259="药明康德,97.990,95.490,96.850,98.000,94.450,96.830,96.850,9429190,911122281.000,1200,96.830,100,96.810,2600,96.800,1500,96.780,200,96.740,1000,96.850,7200,96.950,100,96.970,3600,97.000,1000,97.010,2020-01-17,13:31:59,00,";
var hq_str_sh603259="药明康德,97.990,95.490,96.840,98.000,94.450,96.820,96.850,9468290,914909411.000,9100,96.820,1900,96.810,3400,96.800,1600,96.780,3500,96.750,1200,96.850,500,96.860,1900,96.880,3200,96.950,100,96.970,2020-01-17,13:32:59,00,";
var hq_str_sh603259="药明康德,97.990,95.490,96.890,98.000,94.450,96.880,96.900,9514490,919384251.000,1800,96.880,1100,96.870,100,96.860,2200,96.850,200,96.840,200,96.900,3200,96.950,100,96.980,3300,97.000,1000,97.010,2020-01-17,13:33:59,00,";
var hq_str_sh603259="药明康德,97.990,95.490,96.950,98.000,94.450,96.930,96.950,9536790,921545642.000,100,96.930,4800,96.920,1100,96.910,700,96.890,500,96.880,3460,96.950,200,96.980,3300,97.000,1000,97.010,100,97.030,2020-01-17,13:34:59,00,";
var hq_str_sh603259="药明康德,97.990,95.490,97.000,98.000,94.450,96.990,97.000,9557850,923587892.000,1600,96.990,1200,96.980,7840,96.950,1000,96.940,4200,96.930,10100,97.000,1000,97.010,1000,97.020,100,97.030,100,97.050,2020-01-17,13:35:57,00,";
var hq_str_sh603259="药明康德,97.990,95.490,97.030,98.000,94.450,97.040,97.050,9582850,926012835.000,100,97.040,3000,97.020,6300,97.010,22100,97.000,100,96.980,100,97.050,53100,97.060,5800,97.080,600,97.100,500,97.170,2020-01-17,13:36:57,00,";
var hq_str_sh603259="药明康德,97.990,95.490,97.040,98.000,94.450,97.040,97.050,9621550,929768901.000,1500,97.040,1000,97.030,3000,97.020,5000,97.010,22100,97.000,9400,97.050,30300,97.060,200,97.070,6400,97.080,600,97.100,2020-01-17,13:37:59,00,";
var hq_str_sh603259="药明康德,97.990,95.490,97.050,98.000,94.450,97.040,97.050,9685250,935951357.000,1400,97.040,2100,97.020,6000,97.010,22100,97.000,200,96.980,12900,97.050,6000,97.080,1100,97.100,300,97.110,600,97.170,2020-01-17,13:38:59,00,";
var hq_str_sh603259="药明康德,97.990,95.490,97.010,98.000,94.450,97.010,97.040,9716250,938959519.000,2900,97.010,22100,97.000,700,96.980,7640,96.950,300,96.930,100,97.040,1000,97.050,400,97.060,6000,97.080,1600,97.100,2020-01-17,13:39:59,00,";
var hq_str_sh603259="药明康德,97.990,95.490,96.990,98.000,94.450,96.990,97.000,9752950,942519543.000,3400,96.990,4500,96.980,300,96.960,100,96.930,300,96.870,10800,97.000,30600,97.010,500,97.060,400,97.070,6500,97.080,2020-01-17,13:40:59,00,";
var hq_str_sh603259="药明康德,97.990,95.490,96.970,98.000,94.450,96.950,96.970,9782050,945341289.000,1100,96.950,100,96.910,3300,96.900,100,96.890,900,96.880,600,96.970,2700,97.000,100,97.010,200,97.020,900,97.050,2020-01-17,13:41:59,00,";
var hq_str_sh603259="药明康德,97.990,95.490,96.980,98.000,94.450,96.970,96.980,9805050,947570901.000,100,96.970,100,96.960,1400,96.950,100,96.930,800,96.910,300,96.980,3800,97.000,100,97.010,100,97.020,900,97.050,2020-01-17,13:42:59,00,";
var hq_str_sh603259="药明康德,97.990,95.490,96.910,98.000,94.450,96.920,97.000,9844450,951391479.000,100,96.920,300,96.910,1200,96.900,1200,96.880,200,96.870,240,97.000,1500,97.010,400,97.020,1000,97.050,500,97.060,2020-01-17,13:43:59,00,";
var hq_str_sh603259="药明康德,97.990,95.490,96.990,98.000,94.450,96.990,97.000,9870050,953874393.000,1000,96.990,400,96.980,100,96.970,1100,96.960,200,96.950,13640,97.000,300,97.020,1100,97.050,600,97.060,6500,97.080,2020-01-17,13:44:59,00,";
var hq_str_sh603259="药明康德,97.990,95.490,96.990,98.000,94.450,96.980,96.990,9893050,956105237.000,1700,96.980,400,96.970,600,96.960,400,96.950,1900,96.910,7400,96.990,4180,97.000,500,97.020,500,97.030,1100,97.050,2020-01-17,13:45:59,00,";
var hq_str_sh603259="药明康德,97.990,95.490,97.050,98.000,94.450,97.020,97.030,9911930,957936572.000,2900,97.020,1200,97.010,3700,97.000,100,96.990,1120,96.980,700,97.030,400,97.050,600,97.060,6400,97.080,200,97.090,2020-01-17,13:46:59,00,";
var hq_str_sh603259="药明康德,97.990,95.490,97.160,98.000,94.450,97.160,97.170,9928450,959540369.000,600,97.160,800,97.150,1100,97.120,700,97.110,7700,97.100,400,97.170,800,97.180,1400,97.200,2100,97.210,3100,97.230,2020-01-17,13:47:57,00,";
var hq_str_sh603259="药明康德,97.990,95.490,97.290,98.000,94.450,97.280,97.290,9949750,961611367.000,500,97.280,100,97.240,4200,97.230,1000,97.220,200,97.210,1200,97.290,4600,97.300,1000,97.320,400,97.330,200,97.350,2020-01-17,13:48:59,00,";
var hq_str_sh603259="药明康德,97.990,95.490,97.290,98.000,94.450,97.280,97.290,9969250,963508537.000,700,97.280,3000,97.260,400,97.250,100,97.240,3500,97.230,1800,97.290,1500,97.300,2500,97.320,500,97.330,200,97.340,2020-01-17,13:49:59,00,";
var hq_str_sh603259="药明康德,97.990,95.490,97.320,98.000,94.450,97.310,97.320,9986350,965172339.000,1400,97.310,200,97.300,9800,97.290,100,97.280,3000,97.260,400,97.320,500,97.330,200,97.340,800,97.350,800,97.360,2020-01-17,13:50:59,00,";
var hq_str_sh603259="药明康德,97.990,95.490,97.300,98.000,94.450,97.290,97.300,10014550,967916557.000,1000,97.290,3400,97.260,100,97.240,3900,97.230,3400,97.170,200,97.300,300,97.310,400,97.320,400,97.330,1100,97.340,2020-01-17,13:51:59,00,";
var hq_str_sh603259="药明康德,97.990,95.490,97.290,98.000,94.450,97.270,97.290,10027950,969220482.000,400,97.270,2400,97.260,200,97.240,3500,97.230,100,97.210,400,97.290,7700,97.300,200,97.310,500,97.330,500,97.360,2020-01-17,13:52:59,00,";
var hq_str_sh603259="药明康德,97.990,95.490,97.260,98.000,94.450,97.260,97.280,10043750,970757558.000,900,97.260,600,97.240,3800,97.230,3400,97.170,100,97.150,1500,97.280,500,97.290,5700,97.300,100,97.320,500,97.330,2020-01-17,13:53:57,00,";
var hq_str_sh603259="药明康德,97.990,95.490,97.220,98.000,94.450,97.180,97.190,10065450,972867775.000,200,97.180,3400,97.170,100,97.150,100,97.100,400,97.080,400,97.190,300,97.200,200,97.220,100,97.230,600,97.240,2020-01-17,13:54:57,00,";
var hq_str_sh603259="药明康德,97.990,95.490,97.170,98.000,94.450,97.180,97.190,10085250,974792851.000,200,97.180,2400,97.170,100,97.150,400,97.140,100,97.100,100,97.190,1500,97.250,2500,97.260,740,97.270,200,97.280,2020-01-17,13:55:57,00,";
var hq_str_sh603259="药明康德,97.990,95.490,97.300,98.000,94.450,97.310,97.320,10105410,976753927.000,200,97.310,3180,97.300,1300,97.290,1100,97.270,200,97.250,300,97.320,800,97.350,1000,97.360,500,97.370,200,97.380,2020-01-17,13:56:59,00,";
var hq_str_sh603259="药明康德,97.990,95.490,97.480,98.000,94.450,97.420,97.450,10138010,979929600.000,300,97.420,200,97.400,1800,97.380,900,97.370,1100,97.360,200,97.450,200,97.470,1000,97.480,300,97.490,28460,97.500,2020-01-17,13:57:59,00,";
var hq_str_sh603259="药明康德,97.990,95.490,97.490,98.000,94.450,97.460,97.490,10173210,983361195.000,100,97.460,200,97.440,300,97.430,700,97.420,200,97.400,8000,97.490,15360,97.500,600,97.510,3800,97.520,12500,97.530,2020-01-17,13:58:59,00,";
var hq_str_sh603259="药明康德,97.990,95.490,97.400,98.000,94.450,97.380,97.400,10196710,985651560.000,600,97.380,200,97.370,100,97.360,200,97.350,100,97.310,1800,97.400,500,97.420,100,97.470,200,97.480,4600,97.490,2020-01-17,13:59:59,00,";
var hq_str_sh603259="药明康德,97.990,95.490,97.290,98.000,94.450,97.290,97.350,10224610,988367246.000,2780,97.290,300,97.260,100,97.240,500,97.220,1900,97.170,100,97.350,200,97.360,600,97.370,300,97.380,700,97.400,2020-01-17,14:00:59,00,";
var hq_str_sh603259="药明康德,97.990,95.490,97.340,98.000,94.450,97.340,97.350,10238310,989701117.000,700,97.340,1000,97.330,200,97.300,2580,97.290,300,97.260,1000,97.350,4300,97.370,1000,97.400,100,97.410,1000,97.440,2020-01-17,14:01:59,00,";
var hq_str_sh603259="药明康德,97.990,95.490,97.360,98.000,94.450,97.350,97.360,10260210,991833200.000,500,97.350,1100,97.340,900,97.300,2580,97.290,300,97.260,700,97.360,3000,97.370,3500,97.400,100,97.410,1000,97.440,2020-01-17,14:02:59,00,";
var hq_str_sh603259="药明康德,97.990,95.490,97.360,98.000,94.450,97.360,97.370,10283910,994140648.000,800,97.360,100,97.340,100,97.330,3100,97.320,1300,97.310,200,97.370,1200,97.390,4100,97.400,100,97.410,1000,97.440,2020-01-17,14:03:59,00,";
var hq_str_sh603259="药明康德,97.990,95.490,97.350,98.000,94.450,97.350,97.360,10299910,995698282.000,1200,97.350,2400,97.340,5700,97.330,2500,97.320,1200,97.310,1200,97.360,200,97.390,2900,97.400,100,97.410,700,97.430,2020-01-17,14:05:00,00,";
var hq_str_sh603259="药明康德,97.990,95.490,97.410,98.000,94.450,97.410,97.430,10313510,997022757.000,600,97.410,200,97.400,500,97.390,900,97.380,100,97.360,1200,97.430,1000,97.440,1600,97.450,100,97.470,300,97.480,2020-01-17,14:06:00,00,";
var hq_str_sh603259="药明康德,97.990,95.490,97.330,98.000,94.450,97.310,97.330,10350810,1000655535.000,1100,97.310,6300,97.300,2580,97.290,300,97.260,100,97.250,1900,97.330,3140,97.360,200,97.370,100,97.380,100,97.390,2020-01-17,14:06:57,00,";
var hq_str_sh603259="药明康德,97.990,95.490,97.300,98.000,94.450,97.270,97.280,10392290,1004692073.000,500,97.270,900,97.230,400,97.220,1100,97.100,400,97.080,300,97.280,5740,97.300,200,97.320,200,97.330,2700,97.340,2020-01-17,14:07:59,00,";
var hq_str_sh603259="药明康德,97.990,95.490,97.380,98.000,94.450,97.380,97.390,10421510,1007535731.000,4020,97.380,200,97.370,4300,97.360,1460,97.350,700,97.320,600,97.390,1900,97.400,8240,97.450,700,97.480,4200,97.490,2020-01-17,14:09:00,00,";
var hq_str_sh603259="药明康德,97.990,95.490,97.400,98.000,94.450,97.390,97.400,10498110,1014996750.000,300,97.390,500,97.380,1720,97.370,600,97.360,600,97.320,1400,97.400,2100,97.410,2300,97.460,200,97.480,46700,97.500,2020-01-17,14:10:00,00,";
var hq_str_sh603259="药明康德,97.990,95.490,97.330,98.000,94.450,97.330,97.340,10541630,1019235893.000,1300,97.330,10700,97.320,5100,97.310,4100,97.300,300,97.290,100,97.340,200,97.350,1580,97.380,3000,97.440,100,97.450,2020-01-17,14:11:00,00,";
var hq_str_sh603259="药明康德,97.990,95.490,97.340,98.000,94.450,97.320,97.340,10657630,1030537697.000,500,97.320,5100,97.310,7100,97.300,300,97.290,100,97.280,2100,97.340,100,97.370,300,97.380,200,97.390,14392,97.500,2020-01-17,14:12:00,00,";
var hq_str_sh603259="药明康德,97.990,95.490,97.340,98.000,94.450,97.330,97.340,10772130,1041688091.000,400,97.330,200,97.320,10300,97.310,5300,97.300,300,97.290,5200,97.340,1400,97.350,500,97.360,7000,97.400,500,97.480,2020-01-17,14:13:00,00,";
var hq_str_sh603259="药明康德,97.990,95.490,97.430,98.000,94.450,97.420,97.430,10833030,1047622409.000,100,97.420,1300,97.410,4200,97.400,600,97.380,400,97.360,1100,97.430,1700,97.460,2900,97.470,100,97.480,192,97.500,2020-01-17,14:14:00,00,";
var hq_str_sh603259="药明康德,97.990,95.490,97.420,98.000,94.450,97.410,97.430,10872830,1051500886.000,700,97.410,2100,97.400,600,97.380,700,97.360,900,97.350,1000,97.430,700,97.440,2300,97.470,6400,97.480,200,97.490,2020-01-17,14:15:00,00,";
var hq_str_sh603259="药明康德,97.990,95.490,97.410,98.000,94.450,97.420,97.470,10909230,1055048425.000,500,97.420,3300,97.410,2100,97.400,700,97.360,7400,97.310,100,97.470,800,97.500,4732,97.510,6100,97.520,4400,97.530,2020-01-17,14:16:00,00,";
var hq_str_sh603259="药明康德,97.990,95.490,97.460,98.000,94.450,97.460,97.480,10928730,1056949372.000,1100,97.460,3000,97.450,500,97.440,1400,97.420,5300,97.410,1000,97.480,600,97.500,2132,97.510,9600,97.520,4400,97.530,2020-01-17,14:17:00,00,";
var hq_str_sh603259="药明康德,97.990,95.490,97.470,98.000,94.450,97.470,97.490,10956830,1059688929.000,900,97.470,1400,97.460,3800,97.450,500,97.440,1400,97.420,300,97.490,500,97.500,800,97.510,9132,97.520,4500,97.530,2020-01-17,14:18:00,00,";
var hq_str_sh603259="药明康德,97.990,95.490,97.420,98.000,94.450,97.410,97.420,10982530,1062193668.000,3500,97.410,3600,97.400,700,97.360,3300,97.350,7400,97.310,200,97.420,400,97.460,2500,97.480,1400,97.500,1500,97.510,2020-01-17,14:19:00,00,";
var hq_str_sh603259="药明康德,97.990,95.490,97.380,98.000,94.450,97.380,97.390,11020630,1065904927.000,600,97.380,3500,97.350,7400,97.310,10500,97.300,800,97.290,1100,97.390,1800,97.400,3080,97.500,1600,97.510,6932,97.520,2020-01-17,14:20:00,00,";
var hq_str_sh603259="药明康德,97.990,95.490,97.320,98.000,94.450,97.310,97.320,11053110,1069066973.000,720,97.310,10300,97.300,800,97.290,1500,97.280,100,97.250,700,97.320,2100,97.340,500,97.350,100,97.370,2400,97.380,2020-01-17,14:21:00,00,";
var hq_str_sh603259="药明康德,97.990,95.490,97.350,98.000,94.450,97.330,97.340,11081562,1071835757.000,2700,97.330,3300,97.310,17600,97.300,1468,97.280,100,97.250,200,97.340,300,97.360,200,97.370,2900,97.380,2100,97.390,2020-01-17,14:22:00,00,";
var hq_str_sh603259="药明康德,97.990,95.490,97.310,98.000,94.450,97.300,97.310,11118262,1075407130.000,5100,97.300,1868,97.280,100,97.250,200,97.200,3000,97.110,1800,97.310,3700,97.320,400,97.330,2400,97.370,2000,97.380,2020-01-17,14:23:00,00,";
var hq_str_sh603259="药明康德,97.990,95.490,97.260,98.000,94.450,97.250,97.260,11147830,1078284496.000,1100,97.250,5000,97.230,200,97.200,5000,97.160,3000,97.110,400,97.260,600,97.270,8532,97.280,1400,97.380,2100,97.390,2020-01-17,14:24:00,00,";
var hq_str_sh603259="药明康德,97.990,95.490,97.290,98.000,94.450,97.290,97.390,11168230,1080269147.000,2000,97.290,3000,97.280,4100,97.270,3000,97.260,6400,97.250,2032,97.390,4100,97.400,3700,97.410,100,97.470,200,97.490,2020-01-17,14:24:58,00,";
var hq_str_sh603259="药明康德,97.990,95.490,97.380,98.000,94.450,97.380,97.390,11184886,1081890913.000,5800,97.380,700,97.330,700,97.310,244,97.300,300,97.290,932,97.390,4900,97.400,3700,97.410,1000,97.450,100,97.470,2020-01-17,14:26:00,00,";
var hq_str_sh603259="药明康德,97.990,95.490,97.300,98.000,94.450,97.270,97.380,11223030,1085602981.000,2100,97.270,5000,97.250,5100,97.230,5500,97.160,3000,97.110,1356,97.380,200,97.390,3400,97.400,3700,97.410,2000,97.450,2020-01-17,14:27:00,00,";
var hq_str_sh603259="药明康德,97.990,95.490,97.400,98.000,94.450,97.400,97.410,11237630,1087024847.000,2900,97.400,2500,97.390,400,97.360,200,97.340,500,97.280,2200,97.410,100,97.440,2000,97.450,100,97.470,200,97.480,2020-01-17,14:28:00,00,";
var hq_str_sh603259="药明康德,97.990,95.490,97.430,98.000,94.450,97.420,97.430,11262731,1089471000.000,799,97.420,1600,97.400,1600,97.390,200,97.340,500,97.280,1500,97.430,1400,97.460,100,97.490,11540,97.500,3900,97.510,2020-01-17,14:28:58,00,";
var hq_str_sh603259="药明康德,97.990,95.490,97.410,98.000,94.450,97.410,97.450,11298430,1092949192.000,4800,97.410,2300,97.400,200,97.370,300,97.350,200,97.340,1400,97.450,100,97.480,300,97.490,9041,97.500,3900,97.510,2020-01-17,14:30:00,00,";
var hq_str_sh603259="药明康德,97.990,95.490,97.390,98.000,94.450,97.380,97.390,11326430,1095677416.000,200,97.380,100,97.350,200,97.340,3000,97.280,2100,97.270,500,97.390,35000,97.400,3500,97.420,400,97.430,1000,97.460,2020-01-17,14:31:00,00,";
var hq_str_sh603259="药明康德,97.990,95.490,97.370,98.000,94.450,97.370,97.380,11354175,1098379523.000,100,97.370,200,97.350,100,97.340,3000,97.280,2100,97.270,600,97.380,400,97.390,27901,97.400,3400,97.420,7700,97.430,2020-01-17,14:31:58,00,";
var hq_str_sh603259="药明康德,97.990,95.490,97.450,98.000,94.450,97.440,97.450,11416376,1104438254.000,100,97.440,300,97.420,5799,97.400,100,97.390,200,97.380,1000,97.450,1400,97.460,700,97.480,2700,97.490,9381,97.500,2020-01-17,14:33:00,00,";
var hq_str_sh603259="药明康德,97.990,95.490,97.440,98.000,94.450,97.430,97.440,11429376,1105704994.000,2300,97.430,3400,97.420,20500,97.410,5099,97.400,200,97.380,2800,97.440,100,97.450,1400,97.460,1700,97.480,2700,97.490,2020-01-17,14:33:58,00,";
var hq_str_sh603259="药明康德,97.990,95.490,97.460,98.000,94.450,97.460,97.470,11462154,1108898756.000,500,97.460,222,97.450,500,97.440,3400,97.430,18400,97.410,900,97.470,2400,97.480,2700,97.490,11181,97.500,3500,97.510,2020-01-17,14:35:00,00,";
var hq_str_sh603259="药明康德,97.990,95.490,97.490,98.000,94.450,97.470,97.480,11493009,1111905825.000,100,97.470,145,97.460,422,97.430,100,97.420,18400,97.410,800,97.480,200,97.490,14481,97.500,4100,97.510,9532,97.520,2020-01-17,14:36:00,00,";
var hq_str_sh603259="药明康德,97.990,95.490,97.500,98.000,94.450,97.480,97.500,11525421,1115065720.000,1900,97.480,1633,97.460,422,97.430,500,97.420,18400,97.410,200,97.500,3781,97.510,9432,97.520,4600,97.530,3000,97.540,2020-01-17,14:36:58,00,";
var hq_str_sh603259="药明康德,97.990,95.490,97.490,98.000,94.450,97.470,97.490,11554634,1117913712.000,900,97.470,2700,97.450,3700,97.430,600,97.420,18400,97.410,700,97.490,2000,97.510,8513,97.520,4800,97.530,3400,97.540,2020-01-17,14:38:00,00,";
var hq_str_sh603259="药明康德,97.990,95.490,97.450,98.000,94.450,97.450,97.520,11593678,1121719300.000,156,97.450,100,97.420,18400,97.410,6999,97.400,1700,97.380,5613,97.520,4800,97.530,3400,97.540,10300,97.550,1400,97.560,2020-01-17,14:38:58,00,";
var hq_str_sh603259="药明康德,97.990,95.490,97.430,98.000,94.450,97.420,97.430,11630478,1125304739.000,6500,97.420,5956,97.410,9599,97.400,3100,97.380,4400,97.370,1000,97.430,200,97.440,600,97.450,100,97.460,500,97.470,2020-01-17,14:40:00,00,";
var hq_str_sh603259="药明康德,97.990,95.490,97.380,98.000,94.450,97.360,97.370,11679233,1130053890.000,600,97.360,100,97.340,100,97.320,1000,97.300,400,97.290,100,97.370,2100,97.380,1800,97.400,7045,97.410,900,97.420,2020-01-17,14:41:00,00,";
var hq_str_sh603259="药明康德,97.990,95.490,97.250,98.000,94.450,97.250,97.260,11695116,1131599058.000,5200,97.250,5500,97.230,500,97.220,400,97.210,800,97.190,800,97.260,2700,97.270,2100,97.280,800,97.290,2400,97.300,2020-01-17,14:42:00,00,";
var hq_str_sh603259="药明康德,97.990,95.490,97.200,98.000,94.450,97.200,97.210,11725316,1134535380.000,4000,97.200,800,97.190,1600,97.180,5900,97.160,200,97.100,1100,97.210,300,97.220,200,97.230,12004,97.260,500,97.270,2020-01-17,14:43:00,00,";
var hq_str_sh603259="药明康德,97.990,95.490,97.080,98.000,94.450,97.080,97.090,11755416,1137459440.000,5600,97.080,1500,97.060,800,97.030,1000,97.010,4900,97.000,200,97.090,2400,97.100,300,97.160,18000,97.180,300,97.200,2020-01-17,14:44:00,00,";
var hq_str_sh603259="药明康德,97.990,95.490,97.020,98.000,94.450,97.010,97.030,11794516,1141255104.000,13700,97.010,120,96.980,100,96.940,100,96.900,400,96.880,500,97.030,700,97.040,100,97.050,6200,97.060,100,97.070,2020-01-17,14:45:00,00,";
var hq_str_sh603259="药明康德,97.990,95.490,96.960,98.000,94.450,96.960,96.980,11828016,1144503696.000,4500,96.960,500,96.950,16920,96.930,1700,96.910,300,96.900,400,96.980,100,96.990,500,97.000,4400,97.010,100,97.020,2020-01-17,14:45:58,00,";
var hq_str_sh603259="药明康德,97.990,95.490,97.050,98.000,94.450,97.050,97.060,11859089,1147518045.000,1600,97.050,100,97.030,1800,97.020,100,97.010,1800,97.000,6200,97.060,400,97.090,200,97.100,200,97.130,2300,97.150,2020-01-17,14:46:58,00,";
var hq_str_sh603259="药明康德,97.990,95.490,97.260,98.000,94.450,97.260,97.270,11940947,1155473643.000,896,97.260,400,97.250,200,97.230,100,97.220,2900,97.190,800,97.270,600,97.280,1700,97.300,1100,97.350,1800,97.360,2020-01-17,14:47:58,00,";
var hq_str_sh603259="药明康德,97.990,95.490,97.180,98.000,94.450,97.180,97.190,12001003,1161315602.000,1540,97.180,300,97.170,200,97.160,1000,97.100,200,97.080,2200,97.190,2200,97.200,600,97.210,852,97.220,5140,97.230,2020-01-17,14:48:58,00,";
var hq_str_sh603259="药明康德,97.990,95.490,97.000,98.000,94.450,97.000,97.010,12043573,1165447012.000,700,97.000,3600,96.990,300,96.970,4300,96.960,100,96.940,1800,97.010,100,97.020,1000,97.030,100,97.050,500,97.070,2020-01-17,14:50:00,00,";
var hq_str_sh603259="药明康德,97.990,95.490,97.050,98.000,94.450,97.050,97.060,12082173,1169192393.000,2200,97.050,5000,97.040,6600,97.030,1000,97.020,800,97.010,2100,97.060,500,97.070,100,97.110,3200,97.180,300,97.190,2020-01-17,14:50:58,00,";
var hq_str_sh603259="药明康德,97.990,95.490,97.130,98.000,94.450,97.130,97.170,12140964,1174901085.000,400,97.130,6000,97.120,12609,97.110,200,97.100,500,97.080,700,97.170,500,97.180,500,97.190,1840,97.200,352,97.220,2020-01-17,14:51:58,00,";
var hq_str_sh603259="药明康德,97.990,95.490,97.130,98.000,94.450,97.050,97.080,12192828,1179938964.000,500,97.050,800,97.040,300,97.030,1000,97.020,100,97.010,600,97.080,300,97.110,1400,97.120,1954,97.130,100,97.140,2020-01-17,14:52:58,00,";
var hq_str_sh603259="药明康德,97.990,95.490,97.100,98.000,94.450,97.040,97.100,12222680,1182836707.000,1000,97.040,1248,97.020,100,97.010,7400,97.000,400,96.990,800,97.100,400,97.110,100,97.120,1954,97.130,400,97.140,2020-01-17,14:54:00,00,";
var hq_str_sh603259="药明康德,97.990,95.490,97.030,98.000,94.450,97.030,97.040,12249080,1185399744.000,900,97.030,600,97.010,8600,97.000,500,96.990,100,96.980,900,97.040,12000,97.050,100,97.060,600,97.070,100,97.080,2020-01-17,14:55:00,00,";
var hq_str_sh603259="药明康德,97.990,95.490,96.960,98.000,94.450,96.970,96.990,12285080,1188892012.000,100,96.970,900,96.960,1100,96.940,400,96.930,100,96.920,800,96.990,24000,97.000,1454,97.030,800,97.040,2400,97.050,2020-01-17,14:55:58,00,";
var hq_str_sh603259="药明康德,97.990,95.490,96.940,98.000,94.450,96.930,96.940,12314647,1191758636.000,300,96.930,933,96.910,2300,96.900,1500,96.880,400,96.850,3400,96.940,4650,96.950,1800,96.960,700,96.970,8700,96.990,2020-01-17,14:56:58,00,";
var hq_str_sh603259="药明康德,97.990,95.490,96.940,98.000,94.450,96.990,96.990,12314647,1191758636.000,48100,96.990,0,0.000,0,0.000,0,0.000,0,0.000,48100,96.990,7290,0.000,0,0.000,0,0.000,0,0.000,2020-01-17,14:58:00,00,";
var hq_str_sh603259="药明康德,97.990,95.490,96.940,98.000,94.450,96.980,96.980,12314647,1191758636.000,52800,96.980,0,0.000,0,0.000,0,0.000,0,0.000,52800,96.980,7990,0.000,0,0.000,0,0.000,0,0.000,2020-01-17,14:58:58,00,";
