var hq_str_sh603259="药明康德,104.270,105.220,104.270,104.270,104.270,104.270,104.300,56300,5870401.000,18600,104.270,800,104.220,200,104.210,1200,104.200,100,104.190,300,104.300,900,104.500,200,104.690,10000,104.800,200,104.880,2020-09-07,09:29:48,00,";
var hq_str_sh603259="药明康德,104.270,105.220,105.000,105.000,104.270,104.890,104.990,195600,20435358.000,100,104.890,1400,104.780,300,104.770,200,104.760,900,104.740,1500,104.990,12120,105.000,100,105.070,1400,105.100,100,105.110,2020-09-07,09:30:58,00,";
var hq_str_sh603259="药明康德,104.270,105.220,104.780,105.070,104.270,104.790,104.800,265200,27737381.000,100,104.790,300,104.780,400,104.770,100,104.750,100,104.740,2900,104.800,4090,104.810,100,104.820,200,104.830,200,104.850,2020-09-07,09:31:58,00,";
var hq_str_sh603259="药明康德,104.270,105.220,104.960,105.070,104.270,104.960,105.000,312090,32652380.000,200,104.960,900,104.910,900,104.900,7800,104.880,100,104.860,600,105.000,4820,105.010,100,105.020,800,105.070,500,105.100,2020-09-07,09:32:58,00,";
var hq_str_sh603259="药明康德,104.270,105.220,105.190,105.190,104.270,105.110,105.190,394210,41276566.000,300,105.110,800,105.100,12600,105.070,400,105.030,4400,105.020,900,105.190,300,105.200,500,105.210,600,105.220,100,105.230,2020-09-07,09:33:58,00,";
var hq_str_sh603259="药明康德,104.270,105.220,104.740,105.200,104.270,104.700,104.710,520190,54504816.000,10500,104.700,600,104.690,3900,104.680,200,104.670,100,104.610,400,104.710,1500,104.730,250,104.740,6500,104.760,400,104.770,2020-09-07,09:34:58,00,";
var hq_str_sh603259="药明康德,104.270,105.220,104.300,105.200,104.270,104.280,104.300,613390,64247597.000,500,104.280,13100,104.270,300,104.260,200,104.230,100,104.220,800,104.300,2649,104.310,100,104.320,600,104.560,400,104.570,2020-09-07,09:35:58,00,";
var hq_str_sh603259="药明康德,104.270,105.220,104.050,105.200,104.030,104.050,104.060,678839,71065410.000,2300,104.050,100,104.040,1400,104.030,3300,104.020,20700,104.010,2200,104.060,500,104.080,100,104.210,5840,104.220,100,104.270,2020-09-07,09:36:49,00,";
var hq_str_sh603259="药明康德,104.270,105.220,103.830,105.200,103.830,103.830,103.850,811439,84858188.000,200,103.830,2300,103.810,3300,103.800,100,103.790,1300,103.780,100,103.850,300,103.890,8500,103.900,5000,103.910,2600,103.920,2020-09-07,09:37:58,00,";
var hq_str_sh603259="药明康德,104.270,105.220,103.920,105.200,103.800,104.000,104.020,904579,94532212.000,5000,104.000,500,103.990,300,103.980,5200,103.960,200,103.950,2100,104.020,600,104.030,280,104.050,2800,104.060,36,104.070,2020-09-07,09:38:58,00,";
var hq_str_sh603259="药明康德,104.270,105.220,104.300,105.200,103.800,104.300,104.350,956415,99929403.000,500,104.300,2300,104.290,3920,104.280,1500,104.270,400,104.250,500,104.350,300,104.360,1400,104.390,700,104.400,100,104.410,2020-09-07,09:39:58,00,";
var hq_str_sh603259="药明康德,104.270,105.220,104.350,105.200,103.800,104.320,104.330,1060435,110782420.000,1800,104.320,2300,104.310,3700,104.300,1800,104.290,400,104.280,1000,104.330,5207,104.350,400,104.380,1200,104.420,1300,104.500,2020-09-07,09:40:58,00,";
var hq_str_sh603259="药明康德,104.270,105.220,104.390,105.200,103.800,104.350,104.470,1123242,117335460.000,2500,104.350,1300,104.330,4100,104.320,493,104.310,5400,104.300,300,104.470,100,104.500,1300,104.600,200,104.660,100,104.740,2020-09-07,09:41:58,00,";
var hq_str_sh603259="药明康德,104.270,105.220,104.770,105.200,103.800,104.760,104.770,1165062,121709436.000,2700,104.760,3900,104.750,200,104.710,2400,104.680,100,104.620,300,104.770,2650,104.780,100,104.800,400,104.810,200,104.830,2020-09-07,09:42:58,00,";
var hq_str_sh603259="药明康德,104.270,105.220,104.860,105.200,103.800,104.840,104.860,1232332,128763814.000,300,104.840,300,104.830,4100,104.810,200,104.800,1700,104.780,2700,104.860,400,104.870,4200,104.880,600,104.890,2200,104.900,2020-09-07,09:43:58,00,";
var hq_str_sh603259="药明康德,104.270,105.220,104.680,105.200,103.800,104.660,104.680,1279012,133651068.000,200,104.660,1300,104.640,1000,104.620,1220,104.610,3600,104.600,1900,104.680,1100,104.700,100,104.710,2200,104.760,200,104.770,2020-09-07,09:44:58,00,";
var hq_str_sh603259="药明康德,104.270,105.220,104.700,105.200,103.800,104.650,104.700,1342912,140342973.000,400,104.650,3900,104.640,700,104.620,1020,104.610,4200,104.600,300,104.700,500,104.740,300,104.760,500,104.880,1700,104.890,2020-09-07,09:45:58,00,";
var hq_str_sh603259="药明康德,104.270,105.220,104.310,105.200,103.800,104.310,104.320,1471512,153749340.000,100,104.310,2600,104.140,100,104.130,200,104.120,7300,104.110,400,104.320,500,104.390,2600,104.400,900,104.410,1200,104.420,2020-09-07,09:46:58,00,";
var hq_str_sh603259="药明康德,104.270,105.220,104.350,105.200,103.800,104.350,104.380,1547912,161709584.000,1100,104.350,1800,104.310,12600,104.300,2600,104.210,16700,104.200,200,104.380,1600,104.390,2300,104.400,800,104.500,300,104.530,2020-09-07,09:47:58,00,";
var hq_str_sh603259="药明康德,104.270,105.220,104.500,105.200,103.800,104.500,104.510,1611412,168339884.000,6900,104.500,100,104.410,1900,104.400,5000,104.390,2500,104.380,400,104.510,700,104.530,100,104.570,1800,104.600,1900,104.610,2020-09-07,09:48:58,00,";
var hq_str_sh603259="药明康德,104.270,105.220,104.300,105.200,103.800,104.300,104.310,1670412,174500528.000,13700,104.300,500,104.280,500,104.260,500,104.240,500,104.230,1200,104.310,1800,104.320,5100,104.330,700,104.340,500,104.370,2020-09-07,09:49:58,00,";
var hq_str_sh603259="药明康德,104.270,105.220,104.290,105.200,103.800,104.270,104.280,1763992,184258330.000,3300,104.270,600,104.260,200,104.250,1200,104.230,1800,104.220,400,104.280,100,104.290,400,104.410,2000,104.430,400,104.440,2020-09-07,09:50:58,00,";
var hq_str_sh603259="药明康德,104.270,105.220,104.240,105.200,103.800,104.250,104.260,1797592,187761566.000,2200,104.250,2800,104.240,100,104.230,1100,104.220,15300,104.210,22700,104.260,200,104.270,400,104.280,100,104.290,1900,104.300,2020-09-07,09:51:58,00,";
var hq_str_sh603259="药明康德,104.270,105.220,104.210,105.200,103.800,104.200,104.210,1861632,194436253.000,20960,104.200,500,104.190,7100,104.180,500,104.170,600,104.150,9200,104.210,400,104.220,100,104.230,600,104.260,200,104.270,2020-09-07,09:52:58,00,";
var hq_str_sh603259="药明康德,104.270,105.220,104.080,105.200,103.800,104.080,104.100,1950692,203711877.000,2900,104.080,500,104.050,20064,104.000,900,103.990,1500,103.980,2400,104.100,7900,104.110,1300,104.120,1300,104.130,1300,104.150,2020-09-07,09:53:58,00,";
var hq_str_sh603259="药明康德,104.270,105.220,104.000,105.200,103.800,104.000,104.010,2032156,212185048.000,1900,104.000,200,103.930,2600,103.920,11200,103.910,5900,103.900,900,104.010,4336,104.080,1800,104.100,5200,104.110,500,104.120,2020-09-07,09:54:58,00,";
var hq_str_sh603259="药明康德,104.270,105.220,103.970,105.200,103.800,103.970,103.990,2073236,216457581.000,920,103.970,3800,103.960,400,103.950,500,103.940,3400,103.930,200,103.990,25480,104.000,22500,104.010,100,104.020,300,104.070,2020-09-07,09:55:58,00,";
var hq_str_sh603259="药明康德,104.270,105.220,104.060,105.200,103.800,104.050,104.060,2172616,226794168.000,600,104.050,1000,104.040,2900,104.030,1700,104.020,6300,104.010,2000,104.060,3036,104.080,900,104.100,500,104.120,700,104.180,2020-09-07,09:56:58,00,";
var hq_str_sh603259="药明康德,104.270,105.220,104.020,105.200,103.800,104.020,104.040,2214716,231174473.000,4000,104.020,5700,104.010,6600,104.000,2300,103.990,4100,103.980,10000,104.040,436,104.050,200,104.090,300,104.100,500,104.120,2020-09-07,09:57:58,00,";
var hq_str_sh603259="药明康德,104.270,105.220,103.950,105.200,103.800,103.940,103.950,2279416,237903386.000,1400,103.940,3600,103.930,2500,103.920,11000,103.910,9300,103.900,2000,103.950,1500,103.960,500,103.970,1300,103.980,2800,103.990,2020-09-07,09:58:58,00,";
var hq_str_sh603259="药明康德,104.270,105.220,103.600,105.200,103.580,103.560,103.600,2429276,253456382.000,1100,103.560,100,103.550,500,103.540,2100,103.530,800,103.520,2000,103.600,300,103.610,300,103.620,4500,103.650,700,103.660,2020-09-07,10:00:01,00,";
var hq_str_sh603259="药明康德,104.270,105.220,103.670,105.200,103.500,103.630,103.720,2582595,269340516.000,100,103.630,3000,103.620,1400,103.610,8900,103.600,1200,103.580,3300,103.720,720,103.780,23100,103.790,2500,103.800,100,103.840,2020-09-07,10:00:55,00,";
var hq_str_sh603259="药明康德,104.270,105.220,103.790,105.200,103.500,103.700,103.790,2668715,278272229.000,900,103.700,400,103.680,900,103.670,200,103.660,900,103.650,1300,103.790,300,103.800,4100,103.880,3300,103.890,500,103.900,2020-09-07,10:01:58,00,";
var hq_str_sh603259="药明康德,104.270,105.220,103.740,105.200,103.500,103.720,103.760,2749435,286646000.000,2300,103.720,3000,103.710,1600,103.700,800,103.680,300,103.670,100,103.760,3100,103.800,1000,103.810,800,103.870,6900,103.880,2020-09-07,10:02:58,00,";
var hq_str_sh603259="药明康德,104.270,105.220,103.610,105.200,103.500,103.610,103.620,2872355,299387755.000,480,103.610,8400,103.600,300,103.590,2100,103.580,3100,103.570,9300,103.620,100,103.630,2400,103.650,800,103.750,100,103.760,2020-09-07,10:03:55,00,";
var hq_str_sh603259="药明康德,104.270,105.220,103.560,105.200,103.500,103.550,103.570,2936087,305988978.000,4732,103.550,3100,103.540,1900,103.530,2900,103.520,5600,103.510,2300,103.570,10800,103.580,2700,103.600,9500,103.610,6500,103.620,2020-09-07,10:04:58,00,";
var hq_str_sh603259="药明康德,104.270,105.220,103.610,105.200,103.500,103.610,103.620,3026927,315398648.000,1100,103.610,7300,103.600,10900,103.580,6400,103.560,3392,103.550,1400,103.620,200,103.640,1400,103.650,300,103.800,800,103.860,2020-09-07,10:05:58,00,";
var hq_str_sh603259="药明康德,104.270,105.220,103.500,105.200,103.500,103.500,103.510,3097719,322729917.000,45000,103.500,700,103.490,900,103.480,300,103.470,1000,103.460,4500,103.510,2180,103.520,1600,103.530,7448,103.550,4700,103.560,2020-09-07,10:06:55,00,";
var hq_str_sh603259="药明康德,104.270,105.220,103.360,105.200,103.360,103.360,103.380,3248819,338357784.000,8200,103.360,4800,103.350,1400,103.340,5100,103.330,2400,103.320,3080,103.380,3700,103.390,300,103.400,2800,103.450,200,103.460,2020-09-07,10:07:58,00,";
var hq_str_sh603259="药明康德,104.270,105.220,103.400,105.200,103.360,103.400,103.450,3321299,345851953.000,3800,103.400,900,103.390,25300,103.380,1100,103.370,5500,103.360,9300,103.450,400,103.470,500,103.480,400,103.490,19100,103.500,2020-09-07,10:08:58,00,";
var hq_str_sh603259="药明康德,104.270,105.220,103.410,105.200,103.360,103.400,103.410,3384059,352342290.000,29840,103.400,3300,103.390,22700,103.380,700,103.370,4900,103.360,700,103.410,500,103.480,1100,103.490,800,103.500,1900,103.510,2020-09-07,10:09:58,00,";
var hq_str_sh603259="药明康德,104.270,105.220,103.600,105.200,103.360,103.590,103.600,3430179,357115997.000,100,103.590,200,103.580,2400,103.560,1700,103.550,900,103.520,500,103.600,2300,103.610,1500,103.620,1400,103.650,300,103.680,2020-09-07,10:10:58,00,";
var hq_str_sh603259="药明康德,104.270,105.220,103.900,105.200,103.360,103.890,103.900,3472979,361554074.000,300,103.890,500,103.880,25400,103.870,1100,103.860,100,103.810,200,103.900,1000,103.920,300,103.940,200,103.970,500,103.990,2020-09-07,10:11:58,00,";
var hq_str_sh603259="药明康德,104.270,105.220,103.990,105.200,103.360,103.930,103.990,3515277,365952783.000,300,103.930,900,103.920,400,103.910,2300,103.900,900,103.890,3200,103.990,6400,104.000,1800,104.010,2200,104.030,100,104.060,2020-09-07,10:12:58,00,";
var hq_str_sh603259="药明康德,104.270,105.220,103.700,105.200,103.360,103.700,103.710,3585177,373209820.000,400,103.700,400,103.680,2600,103.650,400,103.620,100,103.600,200,103.710,4200,103.730,600,103.740,100,103.750,600,103.760,2020-09-07,10:13:58,00,";
var hq_str_sh603259="药明康德,104.270,105.220,103.580,105.200,103.360,103.560,103.580,3635077,378379016.000,600,103.560,300,103.540,1000,103.530,1100,103.520,300,103.510,600,103.580,800,103.590,200,103.610,100,103.640,100,103.660,2020-09-07,10:14:58,00,";
var hq_str_sh603259="药明康德,104.270,105.220,103.600,105.200,103.360,103.590,103.600,3660177,380978835.000,1900,103.590,1300,103.580,700,103.570,500,103.560,1600,103.550,6200,103.600,12900,103.610,8200,103.650,800,103.660,600,103.680,2020-09-07,10:15:58,00,";
var hq_str_sh603259="药明康德,104.270,105.220,103.470,105.200,103.360,103.460,103.470,3749877,390265563.000,1400,103.460,1400,103.450,1100,103.440,2400,103.420,16800,103.410,7400,103.470,300,103.520,300,103.560,700,103.570,200,103.580,2020-09-07,10:16:58,00,";
var hq_str_sh603259="药明康德,104.270,105.220,103.590,105.200,103.360,103.580,103.590,3801466,395606579.000,300,103.580,1000,103.560,2600,103.510,800,103.500,200,103.490,500,103.590,100,103.610,7940,103.650,300,103.660,600,103.680,2020-09-07,10:17:58,00,";
var hq_str_sh603259="药明康德,104.270,105.220,103.700,105.200,103.360,103.700,103.710,3834746,399055605.000,560,103.700,1100,103.650,2800,103.630,600,103.620,1000,103.610,300,103.710,200,103.720,600,103.740,400,103.780,100,103.820,2020-09-07,10:18:58,00,";
var hq_str_sh603259="药明康德,104.270,105.220,103.600,105.200,103.360,103.530,103.600,3867666,402467642.000,300,103.530,200,103.520,2700,103.510,1700,103.500,300,103.490,640,103.600,1500,103.610,600,103.660,1200,103.670,300,103.680,2020-09-07,10:19:58,00,";
var hq_str_sh603259="药明康德,104.270,105.220,103.510,105.200,103.360,103.510,103.590,3915886,407458658.000,380,103.510,2500,103.500,200,103.490,1000,103.480,500,103.470,3100,103.590,4640,103.600,500,103.610,500,103.660,600,103.670,2020-09-07,10:20:58,00,";
var hq_str_sh603259="药明康德,104.270,105.220,103.410,105.200,103.360,103.410,103.440,3980966,414191339.000,2700,103.410,33040,103.400,1500,103.390,23600,103.380,700,103.370,220,103.440,100,103.450,700,103.460,700,103.470,1680,103.500,2020-09-07,10:21:58,00,";
var hq_str_sh603259="药明康德,104.270,105.220,103.470,105.200,103.360,103.460,103.470,4039766,420275221.000,100,103.460,200,103.450,600,103.430,1400,103.420,16500,103.410,100,103.470,400,103.480,1300,103.490,600,103.500,1800,103.510,2020-09-07,10:22:58,00,";
var hq_str_sh603259="药明康德,104.270,105.220,103.500,105.200,103.360,103.480,103.500,4076406,424065500.000,8140,103.480,1000,103.470,300,103.460,800,103.440,1600,103.430,400,103.500,1200,103.510,5480,103.600,500,103.610,500,103.660,2020-09-07,10:23:58,00,";
var hq_str_sh603259="药明康德,104.270,105.220,103.510,105.200,103.360,103.530,103.550,4100706,426580937.000,200,103.530,300,103.520,100,103.510,3700,103.500,12100,103.490,800,103.550,440,103.590,5180,103.600,500,103.610,500,103.660,2020-09-07,10:24:58,00,";
var hq_str_sh603259="药明康德,104.270,105.220,103.640,105.200,103.360,103.640,103.660,4132964,429922537.000,300,103.640,300,103.630,1000,103.620,220,103.600,100,103.590,2500,103.660,7200,103.680,1000,103.700,400,103.720,600,103.740,2020-09-07,10:25:58,00,";
var hq_str_sh603259="药明康德,104.270,105.220,103.720,105.200,103.360,103.720,103.800,4193604,436211242.000,40,103.720,500,103.700,1620,103.680,4800,103.660,900,103.650,1000,103.800,300,103.860,2300,103.870,500,103.890,240,103.920,2020-09-07,10:26:58,00,";
var hq_str_sh603259="药明康德,104.270,105.220,103.820,105.200,103.360,103.820,103.840,4220104,438962760.000,300,103.820,500,103.810,1100,103.800,1000,103.780,400,103.720,1260,103.840,100,103.860,500,103.890,200,103.910,240,103.920,2020-09-07,10:27:58,00,";
var hq_str_sh603259="药明康德,104.270,105.220,103.760,105.200,103.360,103.760,103.790,4241004,441131977.000,800,103.760,200,103.740,700,103.730,600,103.720,500,103.700,1100,103.790,3240,103.800,400,103.810,100,103.820,3500,103.830,2020-09-07,10:28:58,00,";
var hq_str_sh603259="药明康德,104.270,105.220,103.800,105.200,103.360,103.790,103.800,4267225,443853130.000,1740,103.790,1900,103.780,1600,103.770,2039,103.760,200,103.750,3740,103.800,600,103.810,300,103.820,860,103.840,300,103.870,2020-09-07,10:29:58,00,";
var hq_str_sh603259="药明康德,104.270,105.220,103.660,105.200,103.360,103.660,103.680,4299304,447181125.000,2500,103.660,400,103.650,200,103.640,500,103.630,200,103.620,4100,103.680,1400,103.690,2000,103.700,200,103.720,1800,103.750,2020-09-07,10:30:58,00,";
var hq_str_sh603259="药明康德,104.270,105.220,103.570,105.200,103.360,103.570,103.590,4321724,449504457.000,200,103.570,700,103.550,800,103.510,13300,103.500,11200,103.490,80,103.590,3700,103.600,200,103.620,100,103.630,1300,103.640,2020-09-07,10:31:58,00,";
var hq_str_sh603259="药明康德,104.270,105.220,103.440,105.200,103.360,103.430,103.450,4381064,455645450.000,100,103.430,600,103.420,15820,103.410,35720,103.400,2300,103.390,1960,103.450,500,103.460,2200,103.470,300,103.480,5600,103.500,2020-09-07,10:32:55,00,";
var hq_str_sh603259="药明康德,104.270,105.220,103.450,105.200,103.360,103.450,103.460,4417824,459449955.000,600,103.450,700,103.440,2900,103.430,1600,103.420,15820,103.410,18100,103.460,620,103.500,1300,103.550,4100,103.590,1500,103.600,2020-09-07,10:33:58,00,";
var hq_str_sh603259="药明康德,104.270,105.220,103.420,105.200,103.360,103.410,103.420,4468224,464662533.000,2100,103.410,31240,103.400,4000,103.390,37800,103.380,400,103.370,2200,103.420,100,103.430,1600,103.440,800,103.450,18600,103.460,2020-09-07,10:34:58,00,";
var hq_str_sh603259="药明康德,104.270,105.220,103.350,105.200,103.340,103.340,103.350,4578664,476080326.000,1400,103.340,3600,103.330,4000,103.320,4600,103.310,13100,103.300,15500,103.350,1600,103.360,460,103.380,700,103.390,6900,103.400,2020-09-07,10:35:58,00,";
var hq_str_sh603259="药明康德,104.270,105.220,103.090,105.200,103.090,103.090,103.150,4705664,489186406.000,300,103.090,2400,103.080,100,103.070,1900,103.060,7400,103.050,100,103.150,200,103.160,300,103.170,1000,103.200,1600,103.210,2020-09-07,10:36:58,00,";
var hq_str_sh603259="药明康德,104.270,105.220,103.310,105.200,103.090,103.290,103.320,4761224,494921830.000,1100,103.290,200,103.280,100,103.250,3100,103.240,18000,103.230,200,103.320,1200,103.330,100,103.350,500,103.380,200,103.390,2020-09-07,10:37:58,00,";
var hq_str_sh603259="药明康德,104.270,105.220,103.270,105.200,103.090,103.250,103.270,4792544,498156576.000,200,103.250,1980,103.240,19200,103.230,2700,103.220,100,103.210,1500,103.270,10300,103.280,500,103.300,100,103.310,500,103.320,2020-09-07,10:38:58,00,";
var hq_str_sh603259="药明康德,104.270,105.220,103.230,105.200,103.090,103.230,103.270,4837444,502792351.000,5880,103.230,3300,103.220,800,103.210,1200,103.200,1000,103.180,500,103.270,800,103.280,900,103.300,100,103.310,400,103.320,2020-09-07,10:39:58,00,";
var hq_str_sh603259="药明康德,104.270,105.220,103.300,105.200,103.090,103.300,103.310,4909344,510213938.000,100,103.300,100,103.270,200,103.250,200,103.240,1800,103.210,100,103.310,400,103.320,300,103.330,500,103.380,200,103.390,2020-09-07,10:40:58,00,";
var hq_str_sh603259="药明康德,104.270,105.220,103.530,105.200,103.090,103.530,103.540,4940644,513451020.000,1200,103.530,500,103.520,2600,103.510,3800,103.500,1400,103.480,600,103.540,900,103.550,600,103.560,1900,103.600,200,103.620,2020-09-07,10:41:58,00,";
var hq_str_sh603259="药明康德,104.270,105.220,103.640,105.200,103.090,103.610,103.640,4968044,516289093.000,100,103.610,700,103.580,3000,103.570,600,103.560,1300,103.550,200,103.640,3600,103.650,100,103.660,200,103.680,300,103.690,2020-09-07,10:42:58,00,";
var hq_str_sh603259="药明康德,104.270,105.220,103.300,105.200,103.090,103.300,103.450,5026844,522370541.000,1200,103.300,300,103.280,1100,103.250,100,103.240,300,103.220,400,103.450,1500,103.480,700,103.490,200,103.500,300,103.520,2020-09-07,10:43:58,00,";
var hq_str_sh603259="药明康德,104.270,105.220,103.360,105.200,103.090,103.360,103.410,5062344,526039765.000,2700,103.360,100,103.340,100,103.330,2200,103.300,300,103.280,200,103.410,1800,103.450,300,103.480,600,103.490,500,103.500,2020-09-07,10:44:58,00,";
var hq_str_sh603259="药明康德,104.270,105.220,103.300,105.200,103.090,103.290,103.300,5086044,528488607.000,200,103.290,2700,103.280,500,103.270,300,103.260,900,103.250,4800,103.300,200,103.310,1780,103.320,200,103.330,400,103.340,2020-09-07,10:45:58,00,";
var hq_str_sh603259="药明康德,104.270,105.220,103.340,105.200,103.090,103.320,103.340,5121124,532112889.000,1600,103.320,1000,103.310,1020,103.300,1600,103.290,2200,103.280,2800,103.340,800,103.370,200,103.380,400,103.400,200,103.410,2020-09-07,10:46:58,00,";
var hq_str_sh603259="药明康德,104.270,105.220,103.340,105.200,103.090,103.340,103.360,5138424,533900496.000,1600,103.340,8700,103.330,9400,103.320,500,103.310,2620,103.300,200,103.360,900,103.370,100,103.380,200,103.410,100,103.440,2020-09-07,10:47:58,00,";
var hq_str_sh603259="药明康德,104.270,105.220,103.300,105.200,103.090,103.290,103.300,5203344,540608727.000,200,103.290,1600,103.280,1000,103.270,400,103.260,700,103.250,1800,103.300,900,103.370,200,103.400,100,103.440,1000,103.450,2020-09-07,10:48:58,00,";
var hq_str_sh603259="药明康德,104.270,105.220,103.240,105.200,103.090,103.230,103.240,5227944,543148919.000,700,103.230,1800,103.210,15900,103.200,2600,103.180,200,103.170,1300,103.240,300,103.250,900,103.280,1000,103.290,2900,103.300,2020-09-07,10:49:58,00,";
var hq_str_sh603259="药明康德,104.270,105.220,103.200,105.200,103.090,103.200,103.210,5279744,548495074.000,1100,103.200,3100,103.180,300,103.170,3000,103.160,3000,103.150,200,103.210,1100,103.220,100,103.230,3000,103.240,300,103.250,2020-09-07,10:50:58,00,";
var hq_str_sh603259="药明康德,104.270,105.220,103.150,105.200,103.090,103.120,103.150,5337044,554406103.000,900,103.120,2900,103.110,24980,103.100,2500,103.090,5800,103.080,1800,103.150,1000,103.160,900,103.170,200,103.180,1200,103.200,2020-09-07,10:51:58,00,";
var hq_str_sh603259="药明康德,104.270,105.220,103.100,105.200,103.090,103.100,103.120,5394644,560346568.000,4980,103.100,2500,103.090,6000,103.080,10300,103.070,3200,103.060,4300,103.120,100,103.130,300,103.140,100,103.160,4000,103.200,2020-09-07,10:52:58,00,";
var hq_str_sh603259="药明康德,104.270,105.220,103.030,105.200,103.010,103.030,103.050,5508824,572113470.000,4900,103.030,15900,103.020,24000,103.010,195800,103.000,1000,102.990,200,103.050,3200,103.060,5800,103.090,1200,103.100,3920,103.120,2020-09-07,10:53:58,00,";
var hq_str_sh603259="药明康德,104.270,105.220,103.030,105.200,103.010,103.030,103.050,5594424,580935389.000,900,103.030,7200,103.020,24400,103.010,197400,103.000,800,102.990,100,103.050,2300,103.060,300,103.080,2120,103.090,1800,103.120,2020-09-07,10:54:58,00,";
var hq_str_sh603259="药明康德,104.270,105.220,102.930,105.200,102.900,102.930,102.940,5905764,613002104.000,2360,102.930,1200,102.910,60500,102.900,400,102.890,5800,102.880,1800,102.940,900,102.950,3100,102.960,2700,102.970,20900,102.980,2020-09-07,10:55:58,00,";
var hq_str_sh603259="药明康德,104.270,105.220,102.930,105.200,102.900,102.920,102.930,6043012,627128556.000,1000,102.920,1660,102.910,11752,102.900,1200,102.890,6300,102.880,400,102.930,500,102.990,1900,103.000,400,103.060,200,103.080,2020-09-07,10:56:58,00,";
var hq_str_sh603259="药明康德,104.270,105.220,102.880,105.200,102.880,102.880,102.890,6102924,633293727.000,6000,102.880,600,102.870,3900,102.860,2000,102.850,700,102.840,300,102.890,600,102.900,8888,102.910,2200,102.920,3300,102.930,2020-09-07,10:57:58,00,";
var hq_str_sh603259="药明康德,104.270,105.220,102.810,105.200,102.800,102.800,102.810,6150392,638175856.000,63332,102.800,500,102.790,1100,102.780,1200,102.770,600,102.760,4200,102.810,1500,102.820,1900,102.830,200,102.840,400,102.850,2020-09-07,10:58:58,00,";
var hq_str_sh603259="药明康德,104.270,105.220,102.590,105.200,102.590,102.590,102.600,6257024,649133580.000,2300,102.590,700,102.580,700,102.560,900,102.550,500,102.540,2600,102.600,4100,102.650,300,102.660,200,102.670,4900,102.680,2020-09-07,10:59:58,00,";
var hq_str_sh603259="药明康德,104.270,105.220,102.510,105.200,102.500,102.510,102.550,6356784,659361837.000,20,102.510,43120,102.500,1300,102.480,500,102.470,600,102.460,500,102.550,1600,102.590,1200,102.600,600,102.660,3900,102.680,2020-09-07,11:00:58,00,";
var hq_str_sh603259="药明康德,104.270,105.220,102.630,105.200,102.500,102.630,102.700,6399984,663794748.000,200,102.630,2800,102.620,4100,102.610,3900,102.600,600,102.590,500,102.700,518,102.720,100,102.760,1600,102.800,1128,102.810,2020-09-07,11:01:58,00,";
var hq_str_sh603259="药明康德,104.270,105.220,102.760,105.200,102.500,102.710,102.760,6450084,668940576.000,200,102.710,300,102.700,600,102.680,500,102.660,900,102.640,12000,102.760,3500,102.830,46,102.860,900,102.880,1298,102.900,2020-09-07,11:02:58,00,";
var hq_str_sh603259="药明康德,104.270,105.220,102.650,105.200,102.500,102.640,102.650,6488184,672851521.000,4300,102.640,800,102.620,5300,102.610,17800,102.600,800,102.590,200,102.650,12537,102.690,2900,102.700,3200,102.710,200,102.760,2020-09-07,11:03:58,00,";
var hq_str_sh603259="药明康德,104.270,105.220,102.630,105.200,102.500,102.630,102.680,6602984,684632266.000,1600,102.630,300,102.610,100,102.600,2400,102.580,1200,102.560,240,102.680,7137,102.690,1300,102.700,1500,102.710,100,102.720,2020-09-07,11:04:58,00,";
var hq_str_sh603259="药明康德,104.270,105.220,102.690,105.200,102.500,102.650,102.690,6662464,690736485.000,200,102.650,100,102.640,2600,102.630,800,102.620,4400,102.610,1177,102.690,6300,102.700,1500,102.710,100,102.720,200,102.750,2020-09-07,11:05:58,00,";
var hq_str_sh603259="药明康德,104.270,105.220,102.860,105.200,102.500,102.710,102.860,6719141,696557526.000,3800,102.710,3223,102.700,500,102.690,200,102.680,400,102.660,5220,102.860,5846,102.880,200,102.900,6488,102.910,2000,102.920,2020-09-07,11:06:58,00,";
var hq_str_sh603259="药明康德,104.270,105.220,102.910,105.200,102.500,102.850,102.910,6765741,701350144.000,1100,102.850,1700,102.840,1300,102.830,500,102.810,1300,102.800,3388,102.910,2000,102.920,200,102.930,1000,102.990,5800,103.000,2020-09-07,11:07:58,00,";
var hq_str_sh603259="药明康德,104.270,105.220,102.950,105.200,102.500,102.950,102.960,6793329,704189337.000,3100,102.950,1200,102.940,400,102.930,2400,102.920,2900,102.910,300,102.960,200,102.970,500,102.980,3600,102.990,5800,103.000,2020-09-07,11:08:58,00,";
var hq_str_sh603259="药明康德,104.270,105.220,102.990,105.200,102.500,102.970,102.990,6817829,706712200.000,400,102.970,3200,102.950,1300,102.940,300,102.930,1800,102.920,9200,102.990,4400,103.000,300,103.010,1120,103.050,500,103.060,2020-09-07,11:09:58,00,";
var hq_str_sh603259="药明康德,104.270,105.220,103.080,105.200,102.500,103.090,103.100,6863149,711381678.000,400,103.090,1600,103.080,2580,103.070,200,103.060,400,103.050,13400,103.100,100,103.110,15000,103.150,24700,103.200,100,103.230,2020-09-07,11:10:55,00,";
var hq_str_sh603259="药明康德,104.270,105.220,103.080,105.200,102.500,103.060,103.080,6898049,714979398.000,600,103.060,500,103.050,500,103.040,200,103.030,1300,103.020,900,103.080,1100,103.090,3300,103.100,100,103.110,100,103.140,2020-09-07,11:11:58,00,";
var hq_str_sh603259="药明康德,104.270,105.220,102.910,105.200,102.500,102.900,102.910,6932849,718563544.000,400,102.900,900,102.880,200,102.870,900,102.860,300,102.850,500,102.910,3100,102.940,6900,102.950,100,102.970,9700,102.980,2020-09-07,11:12:58,00,";
var hq_str_sh603259="药明康德,104.270,105.220,102.820,105.200,102.500,102.850,102.860,6959849,721341092.000,1800,102.850,1300,102.820,200,102.810,2500,102.800,500,102.780,300,102.860,100,102.870,100,102.880,100,102.890,2500,102.900,2020-09-07,11:13:58,00,";
var hq_str_sh603259="药明康德,104.270,105.220,102.850,105.200,102.500,102.820,102.850,7004549,725940558.000,1000,102.820,3500,102.800,500,102.780,500,102.760,1400,102.750,5780,102.850,200,102.900,2300,102.940,2160,102.950,500,102.970,2020-09-07,11:14:59,00,";
var hq_str_sh603259="药明康德,104.270,105.220,102.840,105.200,102.500,102.830,102.840,7039169,729501056.000,980,102.830,800,102.820,1100,102.810,3900,102.800,600,102.780,1500,102.840,3200,102.850,580,102.860,100,102.930,2100,102.940,2020-09-07,11:15:58,00,";
var hq_str_sh603259="药明康德,104.270,105.220,102.880,105.200,102.500,102.890,102.930,7059869,731630490.000,2300,102.890,13300,102.880,1900,102.860,1600,102.850,4900,102.840,2000,102.930,1800,102.940,1560,102.950,200,102.980,2260,102.990,2020-09-07,11:16:58,00,";
var hq_str_sh603259="药明康德,104.270,105.220,102.960,105.200,102.500,102.960,102.990,7086869,734409621.000,2400,102.960,5900,102.950,100,102.930,1200,102.900,10900,102.890,120,102.990,1500,103.000,7000,103.010,200,103.020,300,103.060,2020-09-07,11:17:59,00,";
var hq_str_sh603259="药明康德,104.270,105.220,103.090,105.200,102.500,103.030,103.090,7115489,737358346.000,1400,103.030,1800,103.020,1200,103.010,1600,103.000,1400,102.980,9700,103.090,2500,103.100,100,103.140,15000,103.150,27800,103.200,2020-09-07,11:18:58,00,";
var hq_str_sh603259="药明康德,104.270,105.220,103.120,105.200,102.500,103.100,103.120,7148889,740801882.000,700,103.100,100,103.090,2400,103.080,800,103.060,300,103.050,3200,103.120,200,103.140,15000,103.150,27800,103.200,100,103.230,2020-09-07,11:19:59,00,";
var hq_str_sh603259="药明康德,104.270,105.220,102.910,105.200,102.500,102.890,102.960,7181789,744190110.000,6800,102.890,2600,102.880,2000,102.860,1000,102.850,1000,102.840,400,102.960,400,103.000,200,103.020,200,103.050,1600,103.060,2020-09-07,11:20:58,00,";
var hq_str_sh603259="药明康德,104.270,105.220,102.960,105.200,102.500,102.870,102.960,7256289,751855167.000,400,102.870,400,102.810,6880,102.800,600,102.780,400,102.770,1900,102.960,100,102.970,200,102.990,200,103.000,300,103.040,2020-09-07,11:21:59,00,";
var hq_str_sh603259="药明康德,104.270,105.220,102.810,105.200,102.500,102.810,102.830,7299889,756340427.000,19600,102.810,6080,102.800,700,102.780,500,102.770,600,102.760,100,102.830,400,102.860,1000,102.870,600,102.900,500,102.990,2020-09-07,11:22:59,00,";
var hq_str_sh603259="药明康德,104.270,105.220,102.820,105.200,102.500,102.820,102.840,7329669,759403009.000,900,102.820,13200,102.810,7180,102.800,500,102.790,700,102.780,400,102.840,2700,102.850,500,102.860,200,102.920,200,102.990,2020-09-07,11:23:59,00,";
var hq_str_sh603259="药明康德,104.270,105.220,102.800,105.200,102.500,102.810,102.820,7359769,762497646.000,2500,102.810,5680,102.800,500,102.790,1700,102.780,600,102.770,500,102.820,946,102.840,2900,102.850,400,102.990,10600,103.000,2020-09-07,11:24:59,00,";
var hq_str_sh603259="药明康德,104.270,105.220,102.880,105.200,102.500,102.890,102.990,7385415,765135504.000,200,102.890,19800,102.880,400,102.870,5000,102.850,1000,102.820,400,102.990,10700,103.000,3300,103.030,1300,103.040,600,103.060,2020-09-07,11:25:58,00,";
var hq_str_sh603259="药明康德,104.270,105.220,102.990,105.200,102.500,102.920,103.000,7412775,767951508.000,540,102.920,2700,102.910,7800,102.900,20200,102.880,600,102.870,10900,103.000,1500,103.030,1300,103.040,600,103.060,100,103.070,2020-09-07,11:26:59,00,";
var hq_str_sh603259="药明康德,104.270,105.220,102.920,105.200,102.500,102.920,102.950,7445075,771276852.000,2100,102.920,1500,102.910,12300,102.900,5400,102.890,20200,102.880,1700,102.950,100,102.960,100,102.970,800,103.000,1400,103.030,2020-09-07,11:27:59,00,";
var hq_str_sh603259="药明康德,104.270,105.220,102.930,105.200,102.500,102.930,102.990,7485775,775465173.000,400,102.930,200,102.920,400,102.900,6400,102.890,18000,102.880,500,102.990,2180,103.000,400,103.020,1400,103.030,300,103.040,2020-09-07,11:28:59,00,";
var hq_str_sh603259="药明康德,104.270,105.220,103.000,105.200,102.500,102.890,103.000,7503975,777338346.000,3800,102.890,17900,102.880,500,102.870,500,102.860,1800,102.850,4480,103.000,500,103.010,400,103.020,1400,103.030,300,103.040,2020-09-07,11:29:59,00,";
var hq_str_sh603259="药明康德,104.270,105.220,103.000,105.200,102.500,102.900,103.000,7503975,777338346.000,100,102.900,3800,102.890,17900,102.880,500,102.870,500,102.860,4780,103.000,500,103.010,400,103.020,1400,103.030,300,103.040,2020-09-07,11:30:00,00,";
var hq_str_sh603259="药明康德,104.270,105.220,102.890,105.200,102.500,102.890,103.010,7666670,794082319.000,100,102.890,1740,102.850,1900,102.840,1700,102.810,8845,102.800,2500,103.010,400,103.020,300,103.040,400,103.060,100,103.070,2020-09-07,13:00:59,00,";
var hq_str_sh603259="药明康德,104.270,105.220,102.840,105.200,102.500,102.840,102.860,7712598,798807616.000,1000,102.840,100,102.830,500,102.820,400,102.810,9957,102.800,2200,102.860,200,102.870,200,102.930,200,102.990,7200,103.000,2020-09-07,13:01:59,00,";
var hq_str_sh603259="药明康德,104.270,105.220,102.850,105.200,102.500,102.840,102.850,7754455,803111572.000,300,102.840,840,102.820,1200,102.800,4360,102.790,7400,102.780,2000,102.850,6700,102.900,2400,102.980,2100,102.990,8900,103.000,2020-09-07,13:02:59,00,";
var hq_str_sh603259="药明康德,104.270,105.220,102.780,105.200,102.500,102.760,102.780,7803255,808127665.000,1300,102.760,700,102.750,500,102.740,400,102.730,2200,102.720,3760,102.780,8100,102.820,4260,102.840,1900,102.850,300,102.880,2020-09-07,13:03:59,00,";
var hq_str_sh603259="药明康德,104.270,105.220,102.700,105.200,102.500,102.690,102.700,7851255,813057758.000,100,102.690,5700,102.680,100,102.670,2200,102.660,1000,102.650,7600,102.700,900,102.710,200,102.720,2400,102.730,700,102.740,2020-09-07,13:04:59,00,";
var hq_str_sh603259="药明康德,104.270,105.220,102.660,105.200,102.500,102.660,102.680,7879555,815963474.000,1700,102.660,1900,102.650,1000,102.640,200,102.630,3200,102.620,700,102.680,7300,102.690,10300,102.700,1000,102.710,300,102.720,2020-09-07,13:05:59,00,";
var hq_str_sh603259="药明康德,104.270,105.220,102.550,105.200,102.500,102.530,102.610,7992699,827566868.000,200,102.530,100,102.510,48896,102.500,400,102.490,2400,102.480,700,102.610,400,102.620,5600,102.660,6400,102.680,5800,102.690,2020-09-07,13:06:59,00,";
var hq_str_sh603259="药明康德,104.270,105.220,102.410,105.200,102.410,102.410,102.440,8092795,837826961.000,100,102.410,2000,102.400,600,102.390,1300,102.380,400,102.370,4200,102.440,3200,102.470,300,102.480,700,102.490,7229,102.500,2020-09-07,13:07:59,00,";
var hq_str_sh603259="药明康德,104.270,105.220,102.280,105.200,102.280,102.280,102.300,8138295,842483750.000,700,102.280,1400,102.270,600,102.260,500,102.250,600,102.240,4000,102.300,1800,102.340,2400,102.350,1300,102.360,1760,102.370,2020-09-07,13:08:59,00,";
var hq_str_sh603259="药明康德,104.270,105.220,102.470,105.200,102.200,102.460,102.470,8227135,851574948.000,400,102.460,500,102.410,2600,102.400,2600,102.390,500,102.380,200,102.470,3600,102.480,100,102.520,200,102.610,1100,102.660,2020-09-07,13:09:59,00,";
var hq_str_sh603259="药明康德,104.270,105.220,102.500,105.200,102.200,102.480,102.500,8279275,856920131.000,2100,102.480,800,102.470,1460,102.460,40800,102.450,900,102.440,13460,102.500,5900,102.510,100,102.520,100,102.550,2829,102.650,2020-09-07,13:10:59,00,";
var hq_str_sh603259="药明康德,104.270,105.220,102.310,105.200,102.200,102.300,102.310,8361064,865296697.000,16371,102.300,500,102.290,5000,102.280,620,102.270,500,102.260,800,102.310,3580,102.330,100,102.350,440,102.360,4300,102.380,2020-09-07,13:11:59,00,";
var hq_str_sh603259="药明康德,104.270,105.220,102.310,105.200,102.200,102.310,102.380,8431095,872461043.000,640,102.310,16300,102.300,1800,102.290,3100,102.280,1420,102.270,349,102.380,300,102.440,1900,102.450,8700,102.460,300,102.480,2020-09-07,13:12:56,00,";
var hq_str_sh603259="药明康德,104.270,105.220,102.430,105.200,102.200,102.440,102.450,8465844,876018322.000,1500,102.440,600,102.400,500,102.390,1000,102.380,891,102.370,2000,102.450,8700,102.460,300,102.480,1900,102.490,4260,102.500,2020-09-07,13:13:56,00,";
var hq_str_sh603259="药明康德,104.270,105.220,102.490,105.200,102.200,102.440,102.490,8512344,880781626.000,1000,102.440,2000,102.430,500,102.420,5600,102.410,6600,102.400,300,102.490,4160,102.500,5900,102.510,400,102.530,100,102.550,2020-09-07,13:14:56,00,";
var hq_str_sh603259="药明康德,104.270,105.220,102.510,105.200,102.200,102.510,102.550,8572504,886947060.000,100,102.510,1100,102.500,600,102.490,300,102.480,100,102.470,400,102.550,100,102.570,400,102.600,300,102.700,400,102.710,2020-09-07,13:15:59,00,";
var hq_str_sh603259="药明康德,104.270,105.220,102.540,105.200,102.200,102.530,102.540,8607004,890484237.000,300,102.530,200,102.510,2900,102.500,500,102.490,10500,102.480,900,102.540,400,102.570,200,102.580,200,102.590,500,102.600,2020-09-07,13:16:59,00,";
var hq_str_sh603259="药明康德,104.270,105.220,102.480,105.200,102.200,102.480,102.490,8647504,894635103.000,900,102.480,100,102.470,3200,102.460,7900,102.450,700,102.440,700,102.490,1000,102.500,300,102.510,1000,102.520,1300,102.540,2020-09-07,13:17:56,00,";
var hq_str_sh603259="药明康德,104.270,105.220,102.450,105.200,102.200,102.450,102.460,8677304,897688430.000,4900,102.450,700,102.440,1040,102.430,900,102.420,3700,102.410,7700,102.460,2800,102.470,2500,102.480,700,102.490,2000,102.500,2020-09-07,13:18:59,00,";
var hq_str_sh603259="药明康德,104.270,105.220,102.520,105.200,102.200,102.500,102.520,8731204,903213437.000,100,102.500,500,102.490,700,102.480,400,102.470,2100,102.460,200,102.520,100,102.580,200,102.590,700,102.600,100,102.680,2020-09-07,13:19:59,00,";
var hq_str_sh603259="药明康德,104.270,105.220,102.510,105.200,102.200,102.560,102.600,8759604,906125920.000,100,102.560,200,102.540,100,102.520,1100,102.510,3200,102.500,100,102.600,100,102.640,400,102.650,100,102.670,200,102.680,2020-09-07,13:20:59,00,";
var hq_str_sh603259="药明康德,104.270,105.220,102.670,105.200,102.200,102.660,102.670,8795842,909842432.000,200,102.660,500,102.600,500,102.560,100,102.550,500,102.530,500,102.670,200,102.680,100,102.690,2500,102.700,100,102.720,2020-09-07,13:21:59,00,";
var hq_str_sh603259="药明康德,104.270,105.220,102.600,105.200,102.200,102.570,102.600,8827242,913064480.000,100,102.570,500,102.560,500,102.550,500,102.540,500,102.530,800,102.600,100,102.610,100,102.650,800,102.670,400,102.690,2020-09-07,13:22:59,00,";
var hq_str_sh603259="药明康德,104.270,105.220,102.490,105.200,102.200,102.490,102.510,8867004,917140495.000,500,102.490,200,102.480,1100,102.470,1800,102.460,2000,102.450,100,102.510,38,102.520,100,102.530,700,102.570,3100,102.600,2020-09-07,13:23:59,00,";
var hq_str_sh603259="药明康德,104.270,105.220,102.500,105.200,102.200,102.470,102.510,8901704,920696564.000,3500,102.470,700,102.460,2800,102.450,1000,102.440,940,102.430,200,102.510,38,102.520,100,102.530,100,102.540,700,102.570,2020-09-07,13:24:59,00,";
var hq_str_sh603259="药明康德,104.270,105.220,102.410,105.200,102.200,102.410,102.420,8952344,925884649.000,300,102.410,4300,102.400,700,102.390,1700,102.380,700,102.370,1020,102.420,200,102.450,1000,102.460,1000,102.490,1100,102.500,2020-09-07,13:25:59,00,";
var hq_str_sh603259="药明康德,104.270,105.220,102.470,105.200,102.200,102.460,102.470,9004264,931202704.000,200,102.460,1800,102.440,10500,102.430,1000,102.420,8600,102.410,100,102.470,1100,102.490,1000,102.500,1100,102.510,38,102.520,2020-09-07,13:26:59,00,";
var hq_str_sh603259="药明康德,104.270,105.220,102.430,105.200,102.200,102.420,102.430,9106543,941680983.000,100,102.420,700,102.380,2700,102.370,3100,102.360,1000,102.350,5244,102.430,500,102.450,5800,102.460,900,102.490,2700,102.500,2020-09-07,13:27:59,00,";
var hq_str_sh603259="药明康德,104.270,105.220,102.360,105.200,102.200,102.350,102.360,9136443,944742355.000,2500,102.350,500,102.340,500,102.330,900,102.320,5360,102.310,900,102.360,9000,102.370,15200,102.380,9200,102.390,800,102.400,2020-09-07,13:28:59,00,";
var hq_str_sh603259="药明康德,104.270,105.220,102.430,105.200,102.200,102.430,102.480,9291387,960611237.000,1100,102.430,1600,102.420,1300,102.410,14900,102.400,800,102.390,600,102.480,700,102.490,5300,102.500,200,102.510,500,102.520,2020-09-07,13:29:59,00,";
var hq_str_sh603259="药明康德,104.270,105.220,102.480,105.200,102.200,102.440,102.480,9327307,964290804.000,100,102.440,200,102.430,6980,102.410,15400,102.400,500,102.390,700,102.480,6200,102.500,400,102.520,100,102.530,500,102.570,2020-09-07,13:30:59,00,";
var hq_str_sh603259="药明康德,104.270,105.220,102.600,105.200,102.200,102.570,102.590,9363087,967959833.000,600,102.570,500,102.560,500,102.550,500,102.540,800,102.530,100,102.590,2355,102.600,2700,102.610,5400,102.620,400,102.640,2020-09-07,13:31:56,00,";
var hq_str_sh603259="药明康德,104.270,105.220,102.510,105.200,102.200,102.510,102.520,9380287,969723869.000,800,102.510,16600,102.500,500,102.490,500,102.480,500,102.470,1140,102.520,4400,102.530,500,102.540,2200,102.550,3200,102.560,2020-09-07,13:32:56,00,";
var hq_str_sh603259="药明康德,104.270,105.220,102.440,105.200,102.200,102.430,102.440,9436427,975477823.000,2100,102.430,500,102.420,6980,102.410,16000,102.400,1100,102.390,4800,102.440,500,102.480,1000,102.490,2800,102.500,900,102.510,2020-09-07,13:33:59,00,";
var hq_str_sh603259="药明康德,104.270,105.220,102.410,105.200,102.200,102.400,102.410,9472407,979163125.000,16800,102.400,1100,102.390,1000,102.380,500,102.370,1000,102.360,14520,102.410,1000,102.420,200,102.440,2200,102.450,100,102.490,2020-09-07,13:34:59,00,";
var hq_str_sh603259="药明康德,104.270,105.220,102.390,105.200,102.200,102.370,102.390,9516407,983668773.000,100,102.370,1000,102.360,700,102.350,500,102.340,700,102.330,100,102.390,4506,102.400,100,102.410,1000,102.420,100,102.440,2020-09-07,13:35:59,00,";
var hq_str_sh603259="药明康德,104.270,105.220,102.340,105.200,102.200,102.320,102.330,9543099,986400689.000,3008,102.320,5560,102.310,20040,102.300,600,102.290,2500,102.280,100,102.330,500,102.340,1100,102.360,800,102.370,200,102.380,2020-09-07,13:36:59,00,";
var hq_str_sh603259="药明康德,104.270,105.220,102.360,105.200,102.200,102.360,102.370,9593499,991557714.000,400,102.360,100,102.330,300,102.320,2400,102.310,13708,102.300,700,102.370,200,102.380,6720,102.390,4100,102.400,400,102.410,2020-09-07,13:37:59,00,";
var hq_str_sh603259="药明康德,104.270,105.220,102.370,105.200,102.200,102.310,102.370,9633939,995696305.000,3860,102.310,16708,102.300,600,102.290,3600,102.280,1520,102.270,400,102.370,100,102.380,11720,102.390,4100,102.400,300,102.410,2020-09-07,13:38:59,00,";
var hq_str_sh603259="药明康德,104.270,105.220,102.380,105.200,102.200,102.310,102.380,9680479,1000458859.000,1000,102.310,4628,102.300,600,102.290,3600,102.280,1520,102.270,2355,102.380,8920,102.390,3900,102.400,500,102.410,1100,102.420,2020-09-07,13:39:59,00,";
var hq_str_sh603259="药明康德,104.270,105.220,102.500,105.200,102.200,102.480,102.500,9755554,1008145951.000,200,102.480,200,102.440,1000,102.420,800,102.410,900,102.400,4100,102.500,900,102.530,400,102.550,800,102.560,600,102.580,2020-09-07,13:40:59,00,";
var hq_str_sh603259="药明康德,104.270,105.220,102.350,105.200,102.200,102.350,102.370,9790454,1011719811.000,9500,102.350,1100,102.330,1000,102.320,1525,102.310,1200,102.300,5000,102.370,11700,102.380,100,102.390,1600,102.400,1600,102.420,2020-09-07,13:41:59,00,";
var hq_str_sh603259="药明康德,104.270,105.220,102.300,105.200,102.200,102.240,102.300,9878360,1020710710.000,1100,102.240,2700,102.230,8839,102.220,1500,102.210,35400,102.200,100,102.300,4900,102.370,9100,102.380,1600,102.400,1700,102.420,2020-09-07,13:42:59,00,";
var hq_str_sh603259="药明康德,104.270,105.220,102.500,105.200,102.200,102.370,102.500,9961475,1029220401.000,200,102.370,800,102.360,200,102.350,100,102.320,400,102.310,3300,102.500,4060,102.550,3000,102.560,100,102.580,900,102.590,2020-09-07,13:43:59,00,";
var hq_str_sh603259="药明康德,104.270,105.220,102.450,105.200,102.200,102.440,102.450,10011975,1034391025.000,2700,102.440,100,102.420,900,102.400,1700,102.390,200,102.370,2500,102.450,400,102.460,1500,102.480,800,102.490,1600,102.500,2020-09-07,13:44:59,00,";
var hq_str_sh603259="药明康德,104.270,105.220,102.620,105.200,102.200,102.610,102.620,10067635,1040100277.000,4100,102.610,600,102.600,100,102.590,200,102.560,100,102.550,900,102.620,700,102.630,100,102.720,1000,102.730,3000,102.750,2020-09-07,13:45:59,00,";
var hq_str_sh603259="药明康德,104.270,105.220,102.610,105.200,102.200,102.620,102.660,10113735,1044833264.000,800,102.620,2600,102.610,1000,102.600,900,102.590,800,102.580,5200,102.660,1100,102.680,1500,102.700,19140,102.710,1000,102.730,2020-09-07,13:46:59,00,";
var hq_str_sh603259="药明康德,104.270,105.220,102.460,105.200,102.200,102.460,102.470,10145935,1048135882.000,100,102.460,10000,102.450,2200,102.440,3200,102.430,1000,102.420,600,102.470,1000,102.480,300,102.500,800,102.510,100,102.540,2020-09-07,13:47:59,00,";
var hq_str_sh603259="药明康德,104.270,105.220,102.480,105.200,102.200,102.480,102.520,10218155,1055533358.000,900,102.480,100,102.470,400,102.460,900,102.450,800,102.440,3100,102.520,1200,102.540,2300,102.550,4300,102.570,200,102.650,2020-09-07,13:48:59,00,";
var hq_str_sh603259="药明康德,104.270,105.220,102.440,105.200,102.200,102.440,102.450,10250455,1058843395.000,400,102.440,100,102.430,300,102.420,1900,102.410,8500,102.400,4200,102.450,1000,102.470,1000,102.480,10800,102.520,400,102.530,2020-09-07,13:49:59,00,";
var hq_str_sh603259="药明康德,104.270,105.220,102.530,105.200,102.200,102.530,102.580,10288055,1062697445.000,1000,102.530,800,102.520,100,102.510,700,102.500,400,102.480,600,102.580,6000,102.600,100,102.650,100,102.660,600,102.680,2020-09-07,13:50:59,00,";
var hq_str_sh603259="药明康德,104.270,105.220,102.450,105.200,102.200,102.440,102.450,10322455,1066223017.000,900,102.440,800,102.430,1100,102.420,1900,102.410,5400,102.400,600,102.450,3840,102.470,200,102.490,200,102.500,700,102.520,2020-09-07,13:51:59,00,";
var hq_str_sh603259="药明康德,104.270,105.220,102.660,105.200,102.200,102.560,102.680,10364491,1070531923.000,200,102.560,100,102.550,100,102.540,600,102.530,6500,102.520,600,102.680,400,102.690,2300,102.700,2000,102.730,3100,102.750,2020-09-07,13:52:59,00,";
var hq_str_sh603259="药明康德,104.270,105.220,102.770,105.200,102.200,102.720,102.770,10408691,1075072158.000,200,102.720,800,102.710,200,102.700,200,102.670,2100,102.660,5000,102.770,600,102.800,3500,102.820,400,102.850,2000,102.860,2020-09-07,13:53:59,00,";
var hq_str_sh603259="药明康德,104.270,105.220,102.770,105.200,102.200,102.740,102.770,10455991,1079934650.000,2000,102.740,8000,102.710,500,102.700,8200,102.670,300,102.650,1000,102.770,100,102.790,100,102.800,5100,102.850,100,102.880,2020-09-07,13:54:59,00,";
var hq_str_sh603259="药明康德,104.270,105.220,102.910,105.200,102.200,102.900,102.920,10484831,1082900216.000,600,102.900,100,102.890,200,102.850,1700,102.840,400,102.830,100,102.920,500,102.930,1300,102.940,2000,102.960,3500,102.970,2020-09-07,13:55:57,00,";
var hq_str_sh603259="药明康德,104.270,105.220,102.960,105.200,102.200,102.940,102.960,10513431,1085844081.000,3200,102.940,800,102.930,800,102.920,800,102.910,900,102.900,4100,102.960,2000,102.970,700,102.980,700,102.990,14040,103.000,2020-09-07,13:56:59,00,";
var hq_str_sh603259="药明康德,104.270,105.220,103.020,105.200,102.200,103.020,103.030,10568271,1091493319.000,1400,103.020,400,103.010,1200,103.000,4600,102.990,1000,102.980,1900,103.030,500,103.040,2800,103.050,1000,103.060,4900,103.080,2020-09-07,13:57:59,00,";
var hq_str_sh603259="药明康德,104.270,105.220,103.040,105.200,102.200,103.030,103.040,10599671,1094728619.000,300,103.030,100,103.010,1200,103.000,1000,102.990,1000,102.980,800,103.040,4000,103.080,400,103.090,4400,103.100,200,103.120,2020-09-07,13:58:57,00,";
var hq_str_sh603259="药明康德,104.270,105.220,103.180,105.200,102.200,103.180,103.190,10656311,1100569304.000,400,103.180,1000,103.170,800,103.160,900,103.150,800,103.140,800,103.190,28800,103.200,2300,103.220,2000,103.260,200,103.270,2020-09-07,13:59:59,00,";
var hq_str_sh603259="药明康德,104.270,105.220,103.100,105.200,102.200,103.080,103.090,10679011,1102910282.000,1100,103.080,100,103.070,800,103.060,1000,103.050,1200,103.040,100,103.090,3700,103.100,820,103.110,2100,103.140,100,103.150,2020-09-07,14:00:59,00,";
var hq_str_sh603259="药明康德,104.270,105.220,103.410,105.200,102.200,103.400,103.410,10766531,1111944886.000,500,103.400,1900,103.390,700,103.370,3300,103.330,2100,103.320,1400,103.410,600,103.440,800,103.460,1000,103.470,1500,103.480,2020-09-07,14:01:59,00,";
var hq_str_sh603259="药明康德,104.270,105.220,103.330,105.200,102.200,103.330,103.340,10795231,1114912282.000,1400,103.330,300,103.300,1600,103.280,400,103.270,100,103.260,300,103.340,1200,103.360,900,103.370,2500,103.380,600,103.390,2020-09-07,14:02:59,00,";
var hq_str_sh603259="药明康德,104.270,105.220,103.270,105.200,102.200,103.260,103.270,10836031,1119126399.000,1400,103.260,400,103.240,800,103.230,2400,103.220,1000,103.210,2000,103.270,4100,103.300,1400,103.330,1000,103.340,200,103.350,2020-09-07,14:03:59,00,";
var hq_str_sh603259="药明康德,104.270,105.220,103.120,105.200,102.200,103.110,103.120,10884511,1124128412.000,800,103.110,1100,103.100,1000,103.090,1000,103.080,2600,103.070,720,103.120,600,103.130,200,103.140,4500,103.150,600,103.170,2020-09-07,14:04:59,00,";
var hq_str_sh603259="药明康德,104.270,105.220,102.850,105.200,102.200,102.850,102.860,10958011,1131697023.000,800,102.850,600,102.840,400,102.830,2000,102.810,3900,102.800,600,102.860,3300,102.880,500,102.900,1200,102.910,2000,102.920,2020-09-07,14:05:59,00,";
var hq_str_sh603259="药明康德,104.270,105.220,102.800,105.200,102.200,102.800,102.830,11032311,1139332685.000,25100,102.800,200,102.790,100,102.780,100,102.770,7400,102.720,2200,102.830,6500,102.870,1300,102.880,3100,102.910,400,102.920,2020-09-07,14:06:59,00,";
var hq_str_sh603259="药明康德,104.270,105.220,102.830,105.200,102.200,102.790,102.830,11092911,1145563569.000,6600,102.790,1900,102.780,5800,102.770,800,102.760,800,102.750,1600,102.830,5100,102.840,1000,102.870,2000,102.910,200,102.920,2020-09-07,14:07:59,00,";
var hq_str_sh603259="药明康德,104.270,105.220,102.680,105.200,102.200,102.660,102.680,11188311,1155369697.000,200,102.660,100,102.650,300,102.620,200,102.610,1000,102.600,800,102.680,3000,102.690,3100,102.700,1500,102.710,1300,102.720,2020-09-07,14:08:59,00,";
var hq_str_sh603259="药明康德,104.270,105.220,102.420,105.200,102.200,102.420,102.480,11254631,1162168994.000,780,102.420,1400,102.410,2900,102.400,1200,102.390,900,102.380,200,102.480,900,102.490,5000,102.500,4000,102.510,2200,102.520,2020-09-07,14:09:59,00,";
var hq_str_sh603259="药明康德,104.270,105.220,102.470,105.200,102.200,102.470,102.480,11312831,1168129673.000,300,102.470,100,102.450,200,102.440,240,102.430,300,102.420,2100,102.480,7200,102.500,400,102.530,3300,102.540,1700,102.550,2020-09-07,14:10:59,00,";
var hq_str_sh603259="药明康德,104.270,105.220,102.620,105.200,102.200,102.630,102.700,11400585,1177130238.000,100,102.630,200,102.620,100,102.600,900,102.560,2100,102.550,1200,102.700,1400,102.710,100,102.750,100,102.760,500,102.780,2020-09-07,14:11:59,00,";
var hq_str_sh603259="药明康德,104.270,105.220,102.580,105.200,102.200,102.580,102.590,11471085,1184366135.000,1400,102.580,2000,102.560,1300,102.550,800,102.540,800,102.530,600,102.590,7060,102.610,900,102.620,500,102.630,100,102.640,2020-09-07,14:12:59,00,";
var hq_str_sh603259="药明康德,104.270,105.220,102.510,105.200,102.200,102.500,102.510,11522285,1189617116.000,3200,102.500,800,102.490,800,102.480,1000,102.470,900,102.460,4200,102.510,100,102.520,6200,102.530,5600,102.540,1200,102.550,2020-09-07,14:13:59,00,";
var hq_str_sh603259="药明康德,104.270,105.220,102.410,105.200,102.200,102.410,102.420,11564394,1193930842.000,1091,102.410,2100,102.400,1100,102.390,2500,102.380,2900,102.370,1400,102.420,1400,102.440,1500,102.450,5100,102.460,3000,102.480,2020-09-07,14:14:59,00,";
var hq_str_sh603259="药明康德,104.270,105.220,102.130,105.200,102.130,102.120,102.130,11699085,1207702710.000,1300,102.120,2000,102.110,4500,102.100,100,102.090,2800,102.080,2520,102.130,300,102.150,500,102.160,1300,102.170,1800,102.180,2020-09-07,14:15:59,00,";
var hq_str_sh603259="药明康德,104.270,105.220,102.200,105.200,102.050,102.180,102.200,11811383,1219170126.000,900,102.180,1300,102.160,17700,102.150,700,102.140,100,102.130,2660,102.200,100,102.220,3000,102.230,4700,102.240,700,102.270,2020-09-07,14:16:59,00,";
var hq_str_sh603259="药明康德,104.270,105.220,102.200,105.200,102.050,102.200,102.220,11891930,1227402516.000,553,102.200,1000,102.190,200,102.180,200,102.170,1100,102.160,1300,102.220,900,102.230,100,102.260,1900,102.270,200,102.280,2020-09-07,14:17:59,00,";
var hq_str_sh603259="药明康德,104.270,105.220,102.200,105.200,102.050,102.180,102.200,11940083,1232327285.000,200,102.180,2000,102.160,11300,102.150,500,102.140,600,102.130,3215,102.200,400,102.270,500,102.280,300,102.290,12960,102.300,2020-09-07,14:18:59,00,";
var hq_str_sh603259="药明康德,104.270,105.220,102.240,105.200,102.050,102.240,102.260,11985098,1236929090.000,2700,102.240,1300,102.230,100,102.220,1000,102.200,800,102.180,100,102.260,200,102.270,1600,102.280,900,102.290,2260,102.300,2020-09-07,14:19:59,00,";
var hq_str_sh603259="药明康德,104.270,105.220,102.300,105.200,102.050,102.300,102.310,12036238,1242163211.000,5200,102.300,2400,102.290,1200,102.280,800,102.270,1300,102.260,1100,102.310,1100,102.370,400,102.390,300,102.460,858,102.470,2020-09-07,14:20:59,00,";
var hq_str_sh603259="药明康德,104.270,105.220,102.320,105.200,102.050,102.310,102.320,12075438,1246174230.000,2600,102.310,1800,102.300,4100,102.290,1900,102.280,800,102.270,9300,102.320,100,102.350,800,102.370,200,102.390,2100,102.460,2020-09-07,14:21:59,00,";
var hq_str_sh603259="药明康德,104.270,105.220,102.310,105.200,102.050,102.300,102.310,12119688,1250701297.000,7550,102.300,2100,102.290,2400,102.280,800,102.270,1100,102.260,4000,102.310,3000,102.320,100,102.330,100,102.350,800,102.370,2020-09-07,14:22:59,00,";
var hq_str_sh603259="药明康德,104.270,105.220,102.220,105.200,102.050,102.220,102.250,12178638,1256729213.000,10800,102.220,100,102.200,5300,102.160,1600,102.150,200,102.140,800,102.250,500,102.270,3000,102.280,1300,102.290,10940,102.300,2020-09-07,14:23:59,00,";
var hq_str_sh603259="药明康德,104.270,105.220,102.210,105.200,102.050,102.200,102.210,12226538,1261626662.000,2800,102.200,900,102.190,1000,102.180,1100,102.170,6600,102.160,2600,102.210,1000,102.220,900,102.230,880,102.250,1100,102.270,2020-09-07,14:24:59,00,";
var hq_str_sh603259="药明康德,104.270,105.220,102.170,105.200,102.050,102.160,102.170,12282938,1267389587.000,1600,102.160,4700,102.150,800,102.140,1600,102.130,800,102.120,2200,102.170,1200,102.180,5634,102.190,2700,102.200,700,102.210,2020-09-07,14:25:59,00,";
var hq_str_sh603259="药明康德,104.270,105.220,102.170,105.200,102.050,102.160,102.180,12328618,1272056296.000,1800,102.160,1820,102.150,4100,102.140,1200,102.130,4500,102.120,2300,102.180,4034,102.190,3200,102.200,2200,102.220,900,102.230,2020-09-07,14:26:59,00,";
var hq_str_sh603259="药明康德,104.270,105.220,102.070,105.200,102.050,102.070,102.080,12384938,1277807888.000,900,102.070,5100,102.060,4500,102.050,900,102.040,3500,102.030,100,102.080,1000,102.090,100,102.100,100,102.110,300,102.120,2020-09-07,14:27:58,00,";
var hq_str_sh603259="药明康德,104.270,105.220,102.000,105.200,102.000,102.000,102.040,12506006,1290159655.000,88532,102.000,600,101.990,1600,101.980,1100,101.970,300,101.960,1540,102.040,3800,102.050,9200,102.060,3600,102.070,100,102.080,2020-09-07,14:28:59,00,";
var hq_str_sh603259="药明康德,104.270,105.220,102.010,105.200,102.000,102.010,102.150,12630571,1302868405.000,14100,102.010,62867,102.000,600,101.990,2600,101.980,1100,101.970,1780,102.150,2200,102.170,2200,102.180,3934,102.190,3000,102.200,2020-09-07,14:29:59,00,";
var hq_str_sh603259="药明康德,104.270,105.220,102.080,105.200,102.000,102.080,102.110,12685311,1308456682.000,1060,102.080,200,102.060,1900,102.050,2700,102.030,1000,102.020,400,102.110,1380,102.170,2200,102.180,3934,102.190,2500,102.200,2020-09-07,14:30:59,00,";
var hq_str_sh603259="药明康德,104.270,105.220,102.030,105.200,102.000,102.030,102.060,12751851,1315248961.000,3820,102.030,1200,102.020,14800,102.010,59567,102.000,700,101.990,3000,102.060,11098,102.070,200,102.080,300,102.100,8500,102.110,2020-09-07,14:31:58,00,";
var hq_str_sh603259="药明康德,104.270,105.220,102.000,105.200,101.950,101.950,101.990,12904038,1330773636.000,600,101.950,900,101.940,1000,101.930,600,101.920,1200,101.910,1300,101.990,21413,102.000,2580,102.020,4400,102.030,40,102.050,2020-09-07,14:32:59,00,";
var hq_str_sh603259="药明康德,104.270,105.220,101.660,105.200,101.660,101.660,101.720,13008038,1341369402.000,100,101.660,300,101.650,200,101.630,100,101.610,1900,101.600,200,101.720,600,101.750,340,101.790,5620,101.800,1400,101.810,2020-09-07,14:33:59,00,";
var hq_str_sh603259="药明康德,104.270,105.220,101.630,105.200,101.500,101.630,101.640,13158438,1356652155.000,300,101.630,200,101.520,7100,101.500,200,101.490,400,101.480,400,101.640,400,101.650,3600,101.690,200,101.700,2600,101.720,2020-09-07,14:34:59,00,";
var hq_str_sh603259="药明康德,104.270,105.220,101.190,105.200,101.030,101.060,101.170,13280638,1369039995.000,400,101.060,300,101.050,400,101.040,2500,101.030,2400,101.020,300,101.170,100,101.180,2600,101.190,100,101.200,800,101.230,2020-09-07,14:35:59,00,";
var hq_str_sh603259="药明康德,104.270,105.220,100.640,105.200,100.580,100.640,100.670,13547690,1395988799.000,500,100.640,200,100.620,3800,100.600,1200,100.590,1048,100.580,100,100.670,100,100.700,4300,100.710,500,100.720,200,100.850,2020-09-07,14:36:59,00,";
var hq_str_sh603259="药明康德,104.270,105.220,100.970,105.200,100.580,100.850,100.970,13718370,1413170865.000,300,100.850,200,100.840,400,100.830,200,100.820,600,100.810,1100,100.970,2000,100.990,3000,101.000,5780,101.080,100,101.090,2020-09-07,14:37:59,00,";
var hq_str_sh603259="药明康德,104.270,105.220,100.760,105.200,100.580,100.730,100.760,13827470,1424172996.000,1100,100.730,200,100.720,2000,100.710,52200,100.700,1400,100.690,400,100.760,200,100.810,850,100.860,300,100.870,500,100.880,2020-09-07,14:38:59,00,";
var hq_str_sh603259="药明康德,104.270,105.220,100.920,105.200,100.580,100.920,100.930,13929260,1434438635.000,4000,100.920,6000,100.910,35160,100.900,14050,100.890,1400,100.880,600,100.930,100,100.940,1500,100.950,9700,100.970,500,100.980,2020-09-07,14:39:58,00,";
var hq_str_sh603259="药明康德,104.270,105.220,101.180,105.200,100.580,101.150,101.180,14049107,1446547344.000,6700,101.150,200,101.110,900,101.100,200,101.090,1400,101.080,800,101.180,100,101.210,300,101.270,900,101.300,100,101.380,2020-09-07,14:40:59,00,";
var hq_str_sh603259="药明康德,104.270,105.220,101.030,105.200,100.580,101.020,101.030,14157207,1457481460.000,2900,101.020,600,101.010,7100,101.000,400,100.990,1900,100.980,13300,101.030,500,101.040,900,101.080,2000,101.100,200,101.130,2020-09-07,14:41:59,00,";
var hq_str_sh603259="药明康德,104.270,105.220,101.000,105.200,100.580,101.000,101.010,14297587,1471656521.000,400,101.000,200,100.970,5600,100.960,7100,100.950,1600,100.940,300,101.010,2280,101.020,3900,101.030,200,101.060,100,101.080,2020-09-07,14:42:59,00,";
var hq_str_sh603259="药明康德,104.270,105.220,101.140,105.200,100.580,101.090,101.140,14415667,1483590836.000,100,101.090,5100,101.080,2200,101.070,7400,101.060,600,101.050,1900,101.140,2900,101.150,48000,101.180,100,101.190,300,101.200,2020-09-07,14:43:59,00,";
var hq_str_sh603259="药明康德,104.270,105.220,101.170,105.200,100.580,101.080,101.150,14534180,1495570791.000,1100,101.080,100,101.070,1000,101.050,100,101.030,7187,101.010,300,101.150,48000,101.180,100,101.190,300,101.200,13700,101.210,2020-09-07,14:44:59,00,";
var hq_str_sh603259="药明康德,104.270,105.220,101.200,105.200,100.580,101.180,101.200,14656320,1507928065.000,5100,101.180,3700,101.170,2500,101.160,900,101.150,500,101.140,600,101.200,300,101.300,100,101.380,200,101.400,700,101.480,2020-09-07,14:45:58,00,";
var hq_str_sh603259="药明康德,104.270,105.220,101.270,105.200,100.580,101.260,101.270,14728420,1515226476.000,2700,101.260,2100,101.250,3000,101.240,2500,101.230,700,101.220,1300,101.270,900,101.280,300,101.290,1100,101.300,900,101.310,2020-09-07,14:46:59,00,";
var hq_str_sh603259="药明康德,104.270,105.220,101.020,105.200,100.580,101.020,101.040,14839420,1526456190.000,200,101.020,2087,101.010,23400,101.000,300,100.990,100,100.980,100,101.040,5000,101.050,300,101.060,1000,101.070,1200,101.080,2020-09-07,14:47:59,00,";
var hq_str_sh603259="药明康德,104.270,105.220,101.000,105.200,100.580,100.990,101.000,15045707,1547315059.000,1400,100.990,300,100.980,2400,100.970,900,100.960,1900,100.950,3363,101.000,600,101.160,200,101.190,2800,101.260,2800,101.290,2020-09-07,14:48:59,00,";
var hq_str_sh603259="药明康德,104.270,105.220,101.020,105.200,100.580,101.010,101.020,15088707,1551661944.000,1600,101.010,16800,101.000,1700,100.990,500,100.980,2700,100.970,9798,101.020,400,101.040,100,101.080,600,101.090,6200,101.100,2020-09-07,14:49:53,00,";
var hq_str_sh603259="药明康德,104.270,105.220,101.020,105.200,100.580,101.000,101.020,15190707,1561965657.000,400,101.000,500,100.990,500,100.980,2700,100.970,600,100.960,1398,101.020,300,101.030,500,101.040,6000,101.050,600,101.080,2020-09-07,14:50:59,00,";
var hq_str_sh603259="药明康德,104.270,105.220,101.000,105.200,100.580,101.000,101.010,15287307,1571721683.000,7400,101.000,1500,100.990,500,100.970,1900,100.960,3500,100.950,100,101.010,13698,101.020,1200,101.030,5400,101.050,400,101.080,2020-09-07,14:51:59,00,";
var hq_str_sh603259="药明康德,104.270,105.220,100.980,105.200,100.580,100.980,100.990,15356807,1578740664.000,2100,100.980,2200,100.970,1700,100.960,4000,100.950,1500,100.940,1700,100.990,9500,101.000,5400,101.010,14698,101.020,300,101.030,2020-09-07,14:52:59,00,";
var hq_str_sh603259="药明康德,104.270,105.220,101.040,105.200,100.580,101.030,101.040,15463020,1589467503.000,1000,101.030,4500,101.020,1000,101.010,300,101.000,900,100.990,4800,101.040,100,101.050,3400,101.090,5600,101.100,1400,101.110,2020-09-07,14:53:59,00,";
var hq_str_sh603259="药明康德,104.270,105.220,100.950,105.200,100.580,100.950,100.960,15566020,1599871067.000,600,100.950,5200,100.940,400,100.930,5800,100.920,10700,100.910,900,100.960,1300,100.970,500,100.980,2500,101.000,200,101.030,2020-09-07,14:54:58,00,";
var hq_str_sh603259="药明康德,104.270,105.220,100.800,105.200,100.580,100.810,100.850,15721840,1615593374.000,100,100.810,2040,100.800,500,100.790,2000,100.780,100,100.770,1100,100.850,100,100.860,1100,100.870,6600,100.880,5900,100.900,2020-09-07,14:55:59,00,";
var hq_str_sh603259="药明康德,104.270,105.220,100.730,105.200,100.580,100.720,100.750,15827580,1626249418.000,300,100.720,1400,100.710,3700,100.700,1700,100.690,1000,100.680,740,100.750,100,100.760,9460,100.800,1000,100.810,100,100.820,2020-09-07,14:56:58,00,";
var hq_str_sh603259="药明康德,104.270,105.220,100.750,105.200,100.580,101.000,101.000,15833420,1626838003.000,102300,101.000,0,0.000,0,0.000,0,0.000,0,0.000,102300,101.000,24340,0.000,0,0.000,0,0.000,0,0.000,2020-09-07,14:58:00,00,";
var hq_str_sh603259="药明康德,104.270,105.220,100.750,105.200,100.580,100.520,100.520,15833420,1626838003.000,266620,100.520,940,0.000,0,0.000,0,0.000,0,0.000,266620,100.520,0,0.000,0,0.000,0,0.000,0,0.000,2020-09-07,14:58:59,00,";
