var hq_str_sh603259="药明康德,101.500,102.530,101.500,102.350,101.000,101.300,101.400,192560,19529808.000,100,101.300,100,101.180,100,101.100,43940,101.000,1800,100.990,3000,101.400,6000,101.500,20000,101.930,1000,102.500,2767,102.520,2020-04-30,09:30:00,00,";
var hq_str_sh603259="药明康德,101.500,102.530,102.250,102.350,101.000,102.260,102.300,448520,45586170.000,100,102.260,600,102.250,2200,102.060,200,102.050,10800,102.000,900,102.300,2000,102.470,100,102.490,1900,102.500,2867,102.520,2020-04-30,09:30:57,00,";
var hq_str_sh603259="药明康德,101.500,102.530,101.930,102.530,101.000,101.930,101.970,566620,57665325.000,1100,101.930,100,101.920,100,101.890,100,101.880,300,101.830,1500,101.970,2100,101.990,6800,102.000,5700,102.060,4100,102.090,2020-04-30,09:32:00,00,";
var hq_str_sh603259="药明康德,101.500,102.530,101.700,102.530,101.000,101.640,101.700,668520,68036848.000,500,101.640,600,101.630,200,101.610,1800,101.600,300,101.590,6200,101.700,100,101.730,300,101.770,2800,101.850,700,101.880,2020-04-30,09:33:00,00,";
var hq_str_sh603259="药明康德,101.500,102.530,101.450,102.530,101.000,101.420,101.450,796720,81058050.000,1600,101.420,3000,101.410,700,101.400,200,101.370,500,101.360,6200,101.450,8100,101.460,200,101.470,2900,101.550,500,101.570,2020-04-30,09:34:00,00,";
var hq_str_sh603259="药明康德,101.500,102.530,101.120,102.530,101.000,101.120,101.180,942520,95833207.000,400,101.120,1600,101.110,2500,101.100,1000,101.080,500,101.060,800,101.180,9800,101.200,3900,101.210,1000,101.220,100,101.230,2020-04-30,09:35:00,00,";
var hq_str_sh603259="药明康德,101.500,102.530,100.810,102.530,100.500,100.810,100.880,1184220,120200032.000,2100,100.810,2300,100.800,100,100.700,500,100.690,100,100.670,4056,100.880,700,100.890,2300,100.900,8400,101.000,1000,101.010,2020-04-30,09:35:57,00,";
var hq_str_sh603259="药明康德,101.500,102.530,100.990,102.530,100.500,100.920,100.990,1322276,134128213.000,1200,100.920,100,100.880,100,100.870,100,100.860,2200,100.850,1600,100.990,5500,101.000,1000,101.010,400,101.020,1300,101.050,2020-04-30,09:36:57,00,";
var hq_str_sh603259="药明康德,101.500,102.530,101.380,102.530,100.500,101.250,101.390,1366856,138633536.000,400,101.250,400,101.240,1100,101.230,500,101.210,200,101.200,7800,101.390,20200,101.400,100,101.460,900,101.490,1800,101.500,2020-04-30,09:37:57,00,";
var hq_str_sh603259="药明康德,101.500,102.530,101.570,102.530,100.500,101.590,101.670,1482156,150337736.000,100,101.590,900,101.570,300,101.560,100,101.520,1100,101.490,100,101.670,500,101.750,1000,101.760,200,101.770,100,101.800,2020-04-30,09:38:57,00,";
var hq_str_sh603259="药明康德,101.500,102.530,101.900,102.530,100.500,101.910,101.930,1517329,153913725.000,1500,101.910,4900,101.900,900,101.890,2200,101.880,1800,101.820,100,101.930,100,101.970,100,101.980,500,101.990,7600,102.000,2020-04-30,09:39:57,00,";
var hq_str_sh603259="药明康德,101.500,102.530,102.250,102.530,100.500,102.100,102.200,1587029,161033352.000,4500,102.100,200,102.030,200,102.020,300,102.010,1900,102.000,1000,102.200,1022,102.250,200,102.270,800,102.280,500,102.380,2020-04-30,09:40:57,00,";
var hq_str_sh603259="药明康德,101.500,102.530,102.000,102.530,100.500,101.980,102.000,1651729,167634377.000,600,101.980,400,101.810,1000,101.800,200,101.790,100,101.780,900,102.000,1500,102.030,1900,102.050,3800,102.060,200,102.170,2020-04-30,09:41:57,00,";
var hq_str_sh603259="药明康德,101.500,102.530,101.650,102.530,100.500,101.620,101.680,1698929,172439527.000,200,101.620,1200,101.610,5500,101.600,12100,101.560,200,101.550,11000,101.680,200,101.700,3200,101.720,6600,101.740,200,101.790,2020-04-30,09:43:00,00,";
var hq_str_sh603259="药明康德,101.500,102.530,101.590,102.530,100.500,101.580,101.590,1755629,178201339.000,600,101.580,3800,101.570,14100,101.560,900,101.550,200,101.530,400,101.590,2300,101.600,2400,101.620,200,101.650,4500,101.680,2020-04-30,09:43:57,00,";
var hq_str_sh603259="药明康德,101.500,102.530,101.670,102.530,100.500,101.600,101.670,1817329,184470473.000,1000,101.600,3300,101.590,900,101.570,13800,101.560,600,101.550,8800,101.670,300,101.980,1500,101.990,1900,102.000,100,102.030,2020-04-30,09:45:00,00,";
var hq_str_sh603259="药明康德,101.500,102.530,101.950,102.530,100.500,101.880,101.950,1854428,188247528.000,200,101.880,300,101.760,200,101.720,300,101.710,10300,101.700,4300,101.950,4400,101.960,1500,101.980,1500,101.990,2100,102.000,2020-04-30,09:45:57,00,";
var hq_str_sh603259="药明康德,101.500,102.530,101.870,102.530,100.500,101.800,101.870,1898628,192751062.000,2400,101.800,100,101.750,500,101.720,1300,101.710,11700,101.700,800,101.870,3500,101.880,2400,101.910,3100,101.940,800,101.980,2020-04-30,09:46:57,00,";
var hq_str_sh603259="药明康德,101.500,102.530,101.680,102.530,100.500,101.670,101.680,1981229,201152345.000,100,101.670,100,101.660,3200,101.650,200,101.630,500,101.610,3900,101.680,4100,101.690,1800,101.740,3400,101.750,200,101.800,2020-04-30,09:48:00,00,";
var hq_str_sh603259="药明康德,101.500,102.530,101.950,102.530,100.500,101.890,101.980,2052429,208394639.000,200,101.890,3300,101.880,300,101.750,400,101.710,100,101.690,600,101.980,1500,101.990,4100,102.000,500,102.030,4500,102.050,2020-04-30,09:48:57,00,";
var hq_str_sh603259="药明康德,101.500,102.530,102.020,102.530,100.500,102.020,102.060,2125529,215845434.000,100,102.020,18400,102.000,900,101.930,500,101.920,7300,101.880,1200,102.060,400,102.100,200,102.170,800,102.200,400,102.210,2020-04-30,09:50:00,00,";
var hq_str_sh603259="药明康德,101.500,102.530,102.560,102.560,100.500,102.520,102.560,2186529,222089535.000,100,102.520,300,102.510,400,102.500,1100,102.490,500,102.480,4000,102.560,900,102.580,200,102.600,500,102.660,600,102.680,2020-04-30,09:51:00,00,";
var hq_str_sh603259="药明康德,101.500,102.530,102.960,102.980,100.500,102.930,102.960,2265429,230196186.000,2500,102.930,200,102.910,800,102.900,200,102.880,400,102.870,2000,102.960,2500,102.990,4400,103.000,400,103.080,200,103.090,2020-04-30,09:51:57,00,";
var hq_str_sh603259="药明康德,101.500,102.530,102.930,103.150,100.500,102.860,102.930,2326929,236531015.000,600,102.860,900,102.820,300,102.780,100,102.770,2300,102.700,100,102.930,100,102.990,7700,103.000,1200,103.010,200,103.020,2020-04-30,09:52:57,00,";
var hq_str_sh603259="药明康德,101.500,102.530,102.750,103.150,100.500,102.500,102.750,2367729,240725919.000,300,102.500,400,102.490,100,102.460,400,102.440,200,102.300,2400,102.750,7800,102.800,3100,102.810,15300,102.820,300,102.860,2020-04-30,09:54:00,00,";
var hq_str_sh603259="药明康德,101.500,102.530,102.020,103.150,100.500,102.020,102.050,2394029,243414446.000,2400,102.020,4900,102.010,16500,102.000,200,101.990,700,101.930,1200,102.050,1200,102.060,3400,102.080,200,102.090,2200,102.110,2020-04-30,09:54:57,00,";
var hq_str_sh603259="药明康德,101.500,102.530,101.920,103.150,100.500,101.810,101.920,2494929,253700413.000,600,101.810,300,101.750,4600,101.710,200,101.700,600,101.680,800,101.920,4100,101.960,1000,101.970,1700,101.980,16300,102.000,2020-04-30,09:55:57,00,";
var hq_str_sh603259="药明康德,101.500,102.530,101.780,103.150,100.500,101.760,101.770,2549129,259217879.000,1200,101.760,500,101.750,1000,101.740,1000,101.730,1700,101.720,1900,101.770,9500,101.780,300,101.910,500,101.920,100,101.960,2020-04-30,09:57:00,00,";
var hq_str_sh603259="药明康德,101.500,102.530,101.750,103.150,100.500,101.730,101.740,2586529,263023299.000,100,101.730,300,101.720,2000,101.710,5500,101.700,300,101.690,400,101.740,100,101.760,1700,101.770,4700,101.780,200,101.840,2020-04-30,09:57:57,00,";
var hq_str_sh603259="药明康德,101.500,102.530,101.720,103.150,100.500,101.710,101.720,2640329,268495359.000,1700,101.710,600,101.680,100,101.670,500,101.620,6600,101.610,2300,101.720,300,101.730,2400,101.740,200,101.750,100,101.760,2020-04-30,09:59:00,00,";
var hq_str_sh603259="药明康德,101.500,102.530,102.470,103.150,100.500,102.300,102.470,2669629,271479400.000,400,102.300,100,101.980,100,101.970,700,101.960,11100,101.920,800,102.470,2900,102.490,1000,102.500,400,102.510,100,102.530,2020-04-30,09:59:57,00,";
var hq_str_sh603259="药明康德,101.500,102.530,101.760,103.150,100.500,101.750,101.770,2707629,275354597.000,1400,101.750,700,101.740,700,101.730,400,101.720,100,101.710,1500,101.770,5700,101.900,400,101.920,5700,101.930,700,101.950,2020-04-30,10:01:00,00,";
var hq_str_sh603259="药明康德,101.500,102.530,101.730,103.150,100.500,101.720,101.730,2737929,278438090.000,700,101.720,400,101.710,3200,101.700,2700,101.690,11200,101.680,300,101.730,400,101.740,13800,101.750,200,101.760,100,101.840,2020-04-30,10:01:57,00,";
var hq_str_sh603259="药明康德,101.500,102.530,101.810,103.150,100.500,101.800,101.810,2783629,283090760.000,4500,101.800,500,101.780,600,101.770,5600,101.760,10700,101.750,2600,101.810,6200,101.820,100,101.840,700,101.860,200,101.880,2020-04-30,10:03:00,00,";
var hq_str_sh603259="药明康德,101.500,102.530,101.710,103.150,100.500,101.740,101.750,2850629,289908212.000,2700,101.740,11100,101.680,800,101.670,700,101.660,100,101.620,800,101.750,2300,101.780,100,101.790,1900,101.800,13400,101.810,2020-04-30,10:03:57,00,";
var hq_str_sh603259="药明康德,101.500,102.530,101.540,103.150,100.500,101.530,101.540,2914029,296352219.000,100,101.530,1600,101.520,3600,101.510,13800,101.500,100,101.490,800,101.540,11200,101.550,800,101.560,1600,101.580,24300,101.600,2020-04-30,10:04:57,00,";
var hq_str_sh603259="药明康德,101.500,102.530,101.530,103.150,100.500,101.510,101.530,2981629,303214768.000,500,101.510,12800,101.500,400,101.490,700,101.480,600,101.470,5000,101.530,8300,101.540,400,101.550,1000,101.560,400,101.570,2020-04-30,10:06:00,00,";
var hq_str_sh603259="药明康德,101.500,102.530,101.510,103.150,100.500,101.510,101.520,3023229,307438182.000,1400,101.510,900,101.500,400,101.490,1300,101.480,2500,101.470,1080,101.520,4200,101.530,700,101.560,500,101.570,1400,101.580,2020-04-30,10:06:57,00,";
var hq_str_sh603259="药明康德,101.500,102.530,101.490,103.150,100.500,101.480,101.490,3052929,310452997.000,800,101.480,3600,101.470,500,101.460,200,101.450,1500,101.440,2400,101.490,3500,101.500,600,101.510,400,101.520,780,101.530,2020-04-30,10:07:57,00,";
var hq_str_sh603259="药明康德,101.500,102.530,101.410,103.150,100.500,101.400,101.480,3079229,313121526.000,11800,101.400,100,101.390,1700,101.380,100,101.370,500,101.360,200,101.480,1600,101.490,3640,101.500,200,101.510,400,101.520,2020-04-30,10:08:57,00,";
var hq_str_sh603259="药明康德,101.500,102.530,101.390,103.150,100.500,101.360,101.400,3141709,319455788.000,100,101.360,100,101.340,4100,101.330,200,101.320,1600,101.310,1500,101.400,200,101.430,200,101.440,1100,101.470,200,101.480,2020-04-30,10:09:57,00,";
var hq_str_sh603259="药明康德,101.500,102.530,101.390,103.150,100.500,101.380,101.390,3180209,323360547.000,600,101.380,1000,101.370,1000,101.360,1100,101.350,800,101.340,100,101.390,800,101.400,300,101.410,500,101.490,1000,101.500,2020-04-30,10:10:57,00,";
var hq_str_sh603259="药明康德,101.500,102.530,101.280,103.150,100.500,101.280,101.310,3248909,330322061.000,1920,101.280,400,101.270,300,101.260,100,101.250,100,101.220,2800,101.310,200,101.320,300,101.340,3100,101.350,300,101.380,2020-04-30,10:11:57,00,";
var hq_str_sh603259="药明康德,101.500,102.530,101.250,103.150,100.500,101.230,101.250,3280629,333533901.000,500,101.230,300,101.220,6800,101.210,13600,101.200,1900,101.180,8380,101.250,2100,101.290,900,101.300,2800,101.310,100,101.320,2020-04-30,10:12:57,00,";
var hq_str_sh603259="药明康德,101.500,102.530,101.100,103.150,100.500,101.050,101.100,3371829,342760138.000,100,101.050,5600,101.020,4900,101.010,29800,101.000,300,100.990,23000,101.100,300,101.130,2000,101.170,1480,101.180,1900,101.190,2020-04-30,10:14:00,00,";
var hq_str_sh603259="药明康德,101.500,102.530,100.880,103.150,100.500,100.870,100.880,3492829,354980345.000,300,100.870,2300,100.860,3100,100.850,100,100.840,100,100.830,600,100.880,300,100.900,6400,100.980,2300,100.990,31200,101.000,2020-04-30,10:15:00,00,";
var hq_str_sh603259="药明康德,101.500,102.530,100.750,103.150,100.500,100.700,100.750,3597329,365509254.000,100,100.700,100,100.690,400,100.650,700,100.620,900,100.610,3700,100.750,100,100.760,6600,100.770,6500,100.780,3200,100.790,2020-04-30,10:16:00,00,";
var hq_str_sh603259="药明康德,101.500,102.530,100.670,103.150,100.500,100.610,100.670,3699629,375813959.000,3900,100.610,4900,100.600,300,100.590,4100,100.580,800,100.570,9700,100.670,2200,100.680,333,100.810,5400,100.830,3000,100.840,2020-04-30,10:17:00,00,";
var hq_str_sh603259="药明康德,101.500,102.530,100.770,103.150,100.500,100.770,100.790,3762449,382139244.000,1600,100.770,200,100.760,500,100.750,3600,100.740,700,100.730,6900,100.790,833,100.800,800,100.810,5400,100.830,3000,100.840,2020-04-30,10:18:01,00,";
var hq_str_sh603259="药明康德,101.500,102.530,100.750,103.150,100.500,100.720,100.800,3865049,392474976.000,300,100.720,600,100.700,1200,100.690,2400,100.680,7800,100.670,1308,100.800,800,100.820,3000,100.830,2000,100.850,1900,100.880,2020-04-30,10:18:58,00,";
var hq_str_sh603259="药明康德,101.500,102.530,101.040,103.150,100.500,101.030,101.040,3922792,398302181.000,100,101.030,300,101.020,1400,101.010,7600,101.000,100,100.990,2500,101.040,700,101.050,900,101.100,680,101.180,800,101.250,2020-04-30,10:20:01,00,";
var hq_str_sh603259="药明康德,101.500,102.530,101.350,103.150,100.500,101.360,101.400,3955672,401631306.000,2000,101.360,19800,101.350,3900,101.300,1500,101.260,3900,101.250,900,101.400,1100,101.470,4200,101.480,100,101.490,400,101.500,2020-04-30,10:20:58,00,";
var hq_str_sh603259="药明康德,101.500,102.530,101.300,103.150,100.500,101.310,101.340,4012072,407348217.000,100,101.310,3300,101.300,4200,101.250,5400,101.200,200,101.180,3100,101.340,3100,101.350,2300,101.360,500,101.370,600,101.400,2020-04-30,10:22:01,00,";
var hq_str_sh603259="药明康德,101.500,102.530,101.010,103.150,100.500,101.030,101.170,4049972,411183875.000,100,101.030,1100,101.010,2500,101.000,100,100.990,500,100.920,1300,101.170,11600,101.180,500,101.200,2300,101.210,2400,101.220,2020-04-30,10:22:58,00,";
var hq_str_sh603259="药明康德,101.500,102.530,101.010,103.150,100.500,101.000,101.010,4083772,414596412.000,3800,101.000,100,100.960,6600,100.950,4600,100.940,300,100.910,1100,101.010,3200,101.020,1500,101.090,300,101.160,11500,101.180,2020-04-30,10:23:58,00,";
var hq_str_sh603259="药明康德,101.500,102.530,100.870,103.150,100.500,100.800,100.870,4141772,420449024.000,8200,100.800,500,100.790,800,100.780,200,100.770,700,100.760,3600,100.870,200,100.880,3300,100.940,3000,101.000,1700,101.010,2020-04-30,10:25:01,00,";
var hq_str_sh603259="药明康德,101.500,102.530,100.980,103.150,100.500,100.970,100.980,4181372,424444546.000,1100,100.970,500,100.960,3300,100.940,200,100.900,1500,100.890,200,100.980,2900,101.000,1600,101.010,300,101.160,11500,101.180,2020-04-30,10:25:58,00,";
var hq_str_sh603259="药明康德,101.500,102.530,100.780,103.150,100.500,100.780,100.790,4239772,430333347.000,100,100.780,600,100.770,1000,100.760,1900,100.750,400,100.720,1300,100.790,8000,100.800,100,100.970,2800,101.000,1600,101.010,2020-04-30,10:27:01,00,";
var hq_str_sh603259="药明康德,101.500,102.530,100.770,103.150,100.500,100.770,100.780,4279672,434353254.000,100,100.770,300,100.760,200,100.730,600,100.720,1700,100.710,400,100.780,4100,100.790,1147,100.800,100,100.970,2800,101.000,2020-04-30,10:27:58,00,";
var hq_str_sh603259="药明康德,101.500,102.530,101.000,103.150,100.500,100.990,101.000,4326819,439107910.000,600,100.990,1500,100.950,3000,100.910,1700,100.900,1200,100.880,2200,101.000,400,101.150,300,101.160,100,101.170,11500,101.180,2020-04-30,10:28:58,00,";
var hq_str_sh603259="药明康德,101.500,102.530,101.160,103.150,100.500,101.140,101.160,4346519,441099325.000,200,101.140,500,101.130,400,101.100,1700,101.080,800,101.070,2300,101.160,400,101.170,11500,101.180,200,101.200,200,101.300,2020-04-30,10:30:01,00,";
var hq_str_sh603259="药明康德,101.500,102.530,101.140,103.150,100.500,101.140,101.150,4395519,446055475.000,2300,101.140,300,101.130,1500,101.110,2900,101.090,1100,101.080,1600,101.150,4800,101.170,8700,101.180,200,101.200,200,101.230,2020-04-30,10:30:58,00,";
var hq_str_sh603259="药明康德,101.500,102.530,101.310,103.150,100.500,101.300,101.310,4434119,449962466.000,1200,101.300,100,101.270,1600,101.260,10200,101.250,100,101.240,3400,101.310,500,101.340,500,101.410,600,101.450,700,101.490,2020-04-30,10:31:58,00,";
var hq_str_sh603259="药明康德,101.500,102.530,101.260,103.150,100.500,101.260,101.290,4457319,452312887.000,1000,101.260,10100,101.250,1600,101.240,2300,101.230,2800,101.210,300,101.290,1700,101.300,1400,101.320,2000,101.370,3900,101.380,2020-04-30,10:32:58,00,";
var hq_str_sh603259="药明康德,101.500,102.530,101.120,103.150,100.500,101.120,101.160,4509519,457597538.000,400,101.120,1500,101.110,1800,101.090,300,101.080,500,101.070,2100,101.160,3100,101.200,2700,101.230,3400,101.250,300,101.280,2020-04-30,10:33:58,00,";
var hq_str_sh603259="药明康德,101.500,102.530,101.110,103.150,100.500,101.090,101.100,4535119,460185658.000,100,101.090,100,101.030,200,101.020,200,101.010,6100,101.000,1700,101.100,7100,101.110,1000,101.120,200,101.130,100,101.140,2020-04-30,10:35:01,00,";
var hq_str_sh603259="药明康德,101.500,102.530,101.030,103.150,100.500,101.000,101.030,4566119,463319297.000,4700,101.000,300,100.990,200,100.950,1500,100.900,1300,100.880,100,101.030,200,101.060,2200,101.070,1900,101.080,100,101.130,2020-04-30,10:35:58,00,";
var hq_str_sh603259="药明康德,101.500,102.530,100.970,103.150,100.500,100.920,100.970,4589119,465641526.000,800,100.920,2100,100.900,1100,100.890,600,100.880,600,100.870,4500,100.970,800,100.980,300,100.990,7200,101.000,1800,101.010,2020-04-30,10:37:01,00,";
var hq_str_sh603259="药明康德,101.500,102.530,100.910,103.150,100.500,100.900,100.910,4613962,468148564.000,100,100.900,257,100.890,700,100.880,2100,100.870,500,100.850,3100,100.910,300,100.920,100,100.930,100,100.960,300,100.970,2020-04-30,10:38:01,00,";
var hq_str_sh603259="药明康德,101.500,102.530,100.850,103.150,100.500,100.850,100.860,4632819,470050675.000,4400,100.850,2000,100.840,4800,100.830,11000,100.820,4900,100.810,1200,100.860,12143,100.870,700,100.910,200,100.960,300,100.970,2020-04-30,10:38:58,00,";
var hq_str_sh603259="药明康德,101.500,102.530,100.860,103.150,100.500,100.860,100.870,4675319,474337083.000,300,100.860,1500,100.850,4100,100.840,6800,100.830,11900,100.820,8643,100.870,200,100.910,200,100.960,7700,101.000,1800,101.010,2020-04-30,10:39:58,00,";
var hq_str_sh603259="药明康德,101.500,102.530,100.880,103.150,100.500,100.870,100.880,4704762,477307188.000,3757,100.870,6300,100.860,5100,100.850,3700,100.840,6500,100.830,500,100.880,600,100.900,500,100.910,200,100.960,7700,101.000,2020-04-30,10:40:58,00,";
var hq_str_sh603259="药明康德,101.500,102.530,101.200,103.150,100.500,101.010,101.200,4750562,481934885.000,300,101.010,1500,100.990,2300,100.970,5900,100.960,400,100.930,40800,101.200,6162,101.300,2000,101.400,500,101.410,600,101.450,2020-04-30,10:42:01,00,";
var hq_str_sh603259="药明康德,101.500,102.530,101.050,103.150,100.500,101.020,101.050,4765802,483474713.000,100,101.020,1260,101.010,800,101.000,100,100.990,400,100.980,1000,101.050,2000,101.060,4700,101.070,100,101.120,500,101.170,2020-04-30,10:42:58,00,";
var hq_str_sh603259="药明康德,101.500,102.530,101.000,103.150,100.500,100.990,101.000,4796402,486564504.000,300,100.990,100,100.970,15060,100.960,1200,100.930,200,100.920,5700,101.000,700,101.020,100,101.030,700,101.050,100,101.120,2020-04-30,10:43:55,00,";
var hq_str_sh603259="药明康德,101.500,102.530,100.990,103.150,100.500,100.970,100.990,4826402,489593769.000,3500,100.970,3360,100.960,1600,100.950,800,100.930,200,100.920,1300,100.990,2300,101.000,700,101.020,100,101.100,100,101.120,2020-04-30,10:45:01,00,";
var hq_str_sh603259="药明康德,101.500,102.530,100.980,103.150,100.500,100.970,100.980,4835602,490522845.000,3000,100.970,3360,100.960,1600,100.950,1500,100.940,800,100.930,400,100.980,6200,100.990,1300,101.000,400,101.020,400,101.090,2020-04-30,10:45:58,00,";
var hq_str_sh603259="药明康德,101.500,102.530,100.970,103.150,100.500,100.960,100.970,4853902,492370692.000,3360,100.960,2200,100.950,1500,100.940,1200,100.930,200,100.920,2900,100.970,12249,100.980,1300,101.000,400,101.020,400,101.100,2020-04-30,10:46:58,00,";
var hq_str_sh603259="药明康德,101.500,102.530,100.980,103.150,100.500,100.980,101.000,4870102,494006451.000,100,100.980,17100,100.970,3160,100.960,700,100.950,1900,100.940,1149,101.000,400,101.020,400,101.100,500,101.170,41200,101.200,2020-04-30,10:47:58,00,";
var hq_str_sh603259="药明康德,101.500,102.530,101.000,103.150,100.500,101.010,101.020,4943031,501377525.000,1200,101.010,9220,101.000,1900,100.990,1300,100.980,15251,100.970,300,101.020,1900,101.040,22400,101.200,300,101.250,1100,101.300,2020-04-30,10:48:58,00,";
var hq_str_sh603259="药明康德,101.500,102.530,100.990,103.150,100.500,100.980,100.990,4971351,504239291.000,1100,100.980,13551,100.970,2860,100.960,700,100.950,100,100.940,300,100.990,12880,101.000,700,101.070,2900,101.080,4100,101.100,2020-04-30,10:49:58,00,";
var hq_str_sh603259="药明康德,101.500,102.530,100.900,103.150,100.500,100.880,100.900,5013262,508469657.000,4100,100.880,557,100.870,4700,100.860,2000,100.850,3600,100.840,900,100.900,1600,100.910,2300,100.920,2340,100.960,300,100.980,2020-04-30,10:50:58,00,";
var hq_str_sh603259="药明康德,101.500,102.530,100.880,103.150,100.500,100.880,100.960,5062862,513473650.000,13157,100.880,2000,100.860,2100,100.850,3600,100.840,5400,100.830,400,100.960,1300,100.980,200,100.990,2880,101.000,2900,101.080,2020-04-30,10:52:01,00,";
var hq_str_sh603259="药明康德,101.500,102.530,100.880,103.150,100.500,100.860,100.870,5100519,517273271.000,1900,100.860,5000,100.850,3600,100.840,5400,100.830,3600,100.820,2100,100.870,2843,100.880,56700,100.920,500,100.930,1700,100.940,2020-04-30,10:53:01,00,";
var hq_str_sh603259="药明康德,101.500,102.530,100.810,103.150,100.500,100.800,100.810,5145919,521851312.000,15400,100.800,100,100.790,3900,100.780,3100,100.770,600,100.760,2400,100.810,51400,100.820,10000,100.830,1000,100.850,9643,100.880,2020-04-30,10:54:01,00,";
var hq_str_sh603259="药明康德,101.500,102.530,100.720,103.150,100.500,100.720,100.730,5259619,533311742.000,1000,100.720,600,100.710,16200,100.700,1100,100.690,12100,100.680,800,100.730,100,100.760,3200,100.770,900,100.780,100,100.790,2020-04-30,10:54:58,00,";
var hq_str_sh603259="药明康德,101.500,102.530,100.760,103.150,100.500,100.760,100.770,5303119,537693171.000,600,100.760,200,100.750,300,100.730,2100,100.720,7900,100.710,2200,100.770,400,100.790,1000,100.850,9643,100.880,800,100.900,2020-04-30,10:55:58,00,";
var hq_str_sh603259="药明康德,101.500,102.530,100.860,103.150,100.500,100.850,100.860,5319619,539356187.000,400,100.850,800,100.840,3500,100.810,4300,100.800,800,100.790,300,100.860,9643,100.880,800,100.900,200,100.930,100,100.940,2020-04-30,10:57:01,00,";
var hq_str_sh603259="药明康德,101.500,102.530,100.850,103.150,100.500,100.840,100.850,5347181,542134934.000,1000,100.840,100,100.830,500,100.800,200,100.790,900,100.780,200,100.850,500,100.860,4500,100.870,8243,100.880,100,100.940,2020-04-30,10:57:58,00,";
var hq_str_sh603259="药明康德,101.500,102.530,100.770,103.150,100.500,100.760,100.770,5365481,543979691.000,300,100.760,600,100.750,2900,100.730,5038,100.720,7300,100.710,100,100.770,100,100.780,2400,100.790,2600,100.800,100,100.810,2020-04-30,10:58:58,00,";
var hq_str_sh603259="药明康德,101.500,102.530,100.720,103.150,100.500,100.710,100.720,5413770,548843006.000,9900,100.710,34649,100.700,1500,100.690,9800,100.680,8900,100.670,600,100.720,400,100.750,1500,100.760,100,100.770,100,100.780,2020-04-30,10:59:58,00,";
var hq_str_sh603259="药明康德,101.500,102.530,100.620,103.150,100.500,100.600,100.620,5533562,560905502.000,59037,100.600,600,100.590,26700,100.580,900,100.570,8500,100.560,600,100.620,200,100.650,1000,100.680,200,100.690,5151,100.700,2020-04-30,11:00:58,00,";
var hq_str_sh603259="药明康德,101.500,102.530,100.650,103.150,100.500,100.620,100.700,5577562,565332373.000,3800,100.620,1900,100.610,44837,100.600,800,100.590,27100,100.580,5151,100.700,600,100.790,2000,100.800,100,100.810,1500,100.850,2020-04-30,11:01:58,00,";
var hq_str_sh603259="药明康德,101.500,102.530,100.670,103.150,100.500,100.660,100.670,5658062,573432783.000,300,100.660,12900,100.650,1800,100.640,1900,100.620,600,100.610,200,100.670,1651,100.700,300,100.790,2000,100.800,100,100.810,2020-04-30,11:02:58,00,";
var hq_str_sh603259="药明康德,101.500,102.530,100.600,103.150,100.500,100.590,100.600,5743399,582019026.000,15800,100.590,27400,100.580,700,100.570,10100,100.560,8400,100.550,2063,100.600,1800,100.610,4600,100.620,200,100.640,6800,100.650,2020-04-30,11:03:58,00,";
var hq_str_sh603259="药明康德,101.500,102.530,100.650,103.150,100.500,100.640,100.650,5767062,584399603.000,1000,100.640,1300,100.630,500,100.620,300,100.610,49800,100.600,100,100.650,5800,100.660,100,100.670,300,100.680,1651,100.700,2020-04-30,11:05:01,00,";
var hq_str_sh603259="药明康德,101.500,102.530,100.660,103.150,100.500,100.640,100.680,5797162,587428910.000,2100,100.640,6100,100.630,200,100.620,6300,100.610,50900,100.600,200,100.680,1651,100.700,300,100.790,2000,100.800,100,100.810,2020-04-30,11:05:58,00,";
var hq_str_sh603259="药明康德,101.500,102.530,100.790,103.150,100.500,100.790,100.800,5805713,588290034.000,600,100.790,600,100.740,3249,100.700,500,100.690,3900,100.680,2000,100.800,100,100.810,200,100.830,100,100.840,1500,100.850,2020-04-30,11:06:58,00,";
var hq_str_sh603259="药明康德,101.500,102.530,100.990,103.150,100.500,100.960,100.990,5825202,590255577.000,1500,100.960,2000,100.950,200,100.940,500,100.910,5511,100.900,200,100.990,37480,101.000,1800,101.080,500,101.100,16800,101.200,2020-04-30,11:07:58,00,";
var hq_str_sh603259="药明康德,101.500,102.530,100.900,103.150,100.500,100.900,100.920,5845602,592314420.000,111,100.900,300,100.780,300,100.750,1100,100.720,1200,100.710,3300,100.920,1400,100.940,20900,100.950,400,100.970,500,100.990,2020-04-30,11:08:58,00,";
var hq_str_sh603259="药明康德,101.500,102.530,100.720,103.150,100.500,100.710,100.780,5856213,593384231.000,1700,100.710,300,100.700,1000,100.690,4100,100.680,200,100.670,400,100.780,1600,100.880,800,100.910,6500,100.920,100,100.930,2020-04-30,11:09:58,00,";
var hq_str_sh603259="药明康德,101.500,102.530,100.720,103.150,100.500,100.720,100.740,5869613,594733949.000,2600,100.720,3500,100.700,1000,100.690,5800,100.680,200,100.670,100,100.740,100,100.770,900,100.780,300,100.830,5200,100.920,2020-04-30,11:10:58,00,";
var hq_str_sh603259="药明康德,101.500,102.530,100.910,103.150,100.500,100.830,100.910,5877413,595520251.000,4700,100.830,200,100.820,700,100.800,4000,100.790,900,100.780,900,100.910,5200,100.920,100,100.930,100,100.940,20900,100.950,2020-04-30,11:11:58,00,";
var hq_str_sh603259="药明康德,101.500,102.530,100.950,103.150,100.500,100.930,100.950,5941913,602031820.000,1600,100.930,1500,100.910,500,100.900,500,100.880,200,100.850,5900,100.950,2900,100.990,34580,101.000,500,101.100,700,101.170,2020-04-30,11:13:01,00,";
var hq_str_sh603259="药明康德,101.500,102.530,100.900,103.150,100.500,100.850,100.900,5958813,603737328.000,100,100.850,2700,100.840,3900,100.830,900,100.820,4000,100.810,600,100.900,900,100.910,3900,100.950,1700,100.990,31880,101.000,2020-04-30,11:13:58,00,";
var hq_str_sh603259="药明康德,101.500,102.530,100.850,103.150,100.500,100.850,100.880,5974513,605320929.000,1300,100.850,3400,100.840,3900,100.830,900,100.820,4000,100.810,11100,100.880,5000,100.900,300,100.910,2100,100.950,1700,100.990,2020-04-30,11:14:58,00,";
var hq_str_sh603259="药明康德,101.500,102.530,100.900,103.150,100.500,100.880,100.900,6010913,608993101.000,1100,100.880,500,100.870,1500,100.860,100,100.850,1800,100.840,6600,100.900,300,100.920,800,100.930,4800,100.940,2400,100.950,2020-04-30,11:16:01,00,";
var hq_str_sh603259="药明康德,101.500,102.530,100.810,103.150,100.500,100.810,100.850,6036613,611585186.000,1800,100.810,5200,100.800,800,100.780,1700,100.770,300,100.750,6200,100.850,300,100.860,5700,100.890,6200,100.900,800,100.930,2020-04-30,11:17:01,00,";
var hq_str_sh603259="药明康德,101.500,102.530,100.910,103.150,100.500,100.900,100.910,6063013,614247901.000,5100,100.900,1500,100.850,1300,100.820,1300,100.810,5900,100.800,1600,100.910,800,100.930,2100,100.950,1500,100.990,32380,101.000,2020-04-30,11:17:58,00,";
var hq_str_sh603259="药明康德,101.500,102.530,100.880,103.150,100.500,100.880,100.900,6090813,617051598.000,3100,100.880,2100,100.850,1000,100.830,2200,100.800,400,100.780,10700,100.900,100,100.910,800,100.930,2100,100.950,1400,100.990,2020-04-30,11:18:58,00,";
var hq_str_sh603259="药明康德,101.500,102.530,100.890,103.150,100.500,100.870,100.880,6107813,618766568.000,300,100.870,500,100.860,2100,100.850,1000,100.830,300,100.820,100,100.880,1800,100.890,10200,100.900,100,100.910,800,100.930,2020-04-30,11:19:58,00,";
var hq_str_sh603259="药明康德,101.500,102.530,100.900,103.150,100.500,100.880,100.900,6126813,620682954.000,100,100.880,1100,100.870,100,100.860,100,100.850,500,100.810,9500,100.900,100,100.910,800,100.930,2100,100.950,1400,100.990,2020-04-30,11:20:58,00,";
var hq_str_sh603259="药明康德,101.500,102.530,100.950,103.150,100.500,100.900,100.950,6145413,622559599.000,1000,100.900,2200,100.880,100,100.870,1500,100.860,2800,100.850,1300,100.950,1400,100.990,32380,101.000,500,101.100,700,101.170,2020-04-30,11:21:58,00,";
var hq_str_sh603259="药明康德,101.500,102.530,100.880,103.150,100.500,100.880,100.900,6166013,624638899.000,400,100.880,100,100.870,1300,100.850,100,100.840,100,100.820,200,100.900,8400,100.910,30680,101.000,500,101.100,700,101.170,2020-04-30,11:22:58,00,";
var hq_str_sh603259="药明康德,101.500,102.530,100.880,103.150,100.500,100.850,100.900,6187713,626828281.000,1100,100.850,100,100.840,100,100.820,600,100.810,4300,100.800,2300,100.900,700,100.910,30080,101.000,500,101.100,700,101.170,2020-04-30,11:23:58,00,";
var hq_str_sh603259="药明康德,101.500,102.530,100.860,103.150,100.500,100.860,100.890,6211213,629197736.000,2100,100.860,5300,100.800,300,100.790,1000,100.770,400,100.760,1300,100.890,700,100.910,10000,100.990,29980,101.000,500,101.100,2020-04-30,11:24:58,00,";
var hq_str_sh603259="药明康德,101.500,102.530,101.070,103.150,100.500,101.020,101.070,6261693,634295498.000,800,101.020,200,101.010,1800,100.960,400,100.910,7300,100.900,1800,101.070,3000,101.080,100,101.170,600,101.190,16900,101.200,2020-04-30,11:25:58,00,";
var hq_str_sh603259="药明康德,101.500,102.530,101.190,103.150,100.500,101.170,101.190,6289293,637086682.000,600,101.170,1200,101.160,1500,101.150,1500,101.110,300,101.070,2900,101.190,17100,101.200,100,101.220,6262,101.300,800,101.350,2020-04-30,11:27:01,00,";
var hq_str_sh603259="药明康德,101.500,102.530,101.010,103.150,100.500,101.010,101.030,6301893,638361024.000,600,101.010,300,101.000,200,100.980,10800,100.970,1400,100.910,100,101.030,300,101.140,2400,101.150,2300,101.160,1600,101.170,2020-04-30,11:28:01,00,";
var hq_str_sh603259="药明康德,101.500,102.530,100.990,103.150,100.500,100.970,100.990,6337093,641915460.000,1300,100.970,100,100.910,1300,100.900,600,100.870,300,100.860,700,100.990,100,101.000,3500,101.160,100,101.180,500,101.190,2020-04-30,11:28:58,00,";
var hq_str_sh603259="药明康德,101.500,102.530,100.970,103.150,100.500,100.750,100.970,6358327,644058214.000,200,100.750,166,100.740,600,100.730,2500,100.720,3800,100.710,4800,100.970,11100,100.990,100,101.070,100,101.150,3100,101.160,2020-04-30,11:29:58,00,";
var hq_str_sh603259="药明康德,101.500,102.530,100.990,103.150,100.500,100.750,100.990,6367527,644987086.000,200,100.750,166,100.740,600,100.730,2500,100.720,3800,100.710,7700,100.990,100,101.070,100,101.150,3100,101.160,100,101.180,2020-04-30,11:30:00,00,";
var hq_str_sh603259="药明康德,101.500,102.530,100.820,103.150,100.500,100.800,100.820,6442227,652518172.000,3500,100.800,2600,100.710,32266,100.700,1400,100.690,2400,100.680,12000,100.820,100,100.990,600,101.000,400,101.150,3000,101.160,2020-04-30,13:00:58,00,";
var hq_str_sh603259="药明康德,101.500,102.530,100.830,103.150,100.500,100.830,100.980,6512127,659561238.000,2500,100.830,200,100.820,100,100.810,300,100.790,5000,100.740,3800,100.980,500,100.990,800,101.000,1700,101.150,3100,101.160,2020-04-30,13:01:58,00,";
var hq_str_sh603259="药明康德,101.500,102.530,100.960,103.150,100.500,100.860,100.970,6545527,662930550.000,100,100.860,2400,100.850,11500,100.840,700,100.800,100,100.790,21300,100.970,500,100.980,500,100.990,900,101.000,100,101.020,2020-04-30,13:02:58,00,";
var hq_str_sh603259="药明康德,101.500,102.530,100.880,103.150,100.500,100.870,100.880,6574727,665878338.000,900,100.870,1000,100.860,2700,100.850,11600,100.840,1500,100.830,9900,100.880,100,100.950,2400,100.960,3800,100.970,500,100.990,2020-04-30,13:03:58,00,";
var hq_str_sh603259="药明康德,101.500,102.530,100.850,103.150,100.500,100.860,100.880,6608827,669317825.000,1000,100.860,1100,100.850,5600,100.840,2200,100.830,100,100.810,100,100.880,700,100.940,1100,100.950,20000,100.960,3900,100.970,2020-04-30,13:04:58,00,";
var hq_str_sh603259="药明康德,101.500,102.530,100.860,103.150,100.500,100.860,100.900,6629927,671446703.000,2900,100.860,1200,100.850,7100,100.840,2000,100.830,600,100.810,5600,100.900,100,100.950,20000,100.960,3900,100.970,500,100.980,2020-04-30,13:05:58,00,";
var hq_str_sh603259="药明康德,101.500,102.530,100.800,103.150,100.500,100.750,100.800,6670927,675581745.000,200,100.750,500,100.730,100,100.720,32000,100.710,30266,100.700,2600,100.800,6300,100.880,900,100.900,100,100.950,20000,100.960,2020-04-30,13:06:58,00,";
var hq_str_sh603259="药明康德,101.500,102.530,100.790,103.150,100.500,100.790,100.800,6691327,677637597.000,600,100.790,200,100.780,100,100.760,5800,100.750,200,100.740,1300,100.800,5000,100.880,500,100.890,100,100.900,300,100.950,2020-04-30,13:07:58,00,";
var hq_str_sh603259="药明康德,101.500,102.530,100.750,103.150,100.500,100.730,100.750,6786427,687220161.000,2700,100.730,10700,100.720,32800,100.710,34766,100.700,1500,100.690,2000,100.750,1200,100.760,5200,100.880,500,100.890,100,100.900,2020-04-30,13:08:58,00,";
var hq_str_sh603259="药明康德,101.500,102.530,100.810,103.150,100.500,100.800,100.810,6809127,689507718.000,300,100.800,100,100.790,9000,100.780,3100,100.770,1800,100.760,800,100.810,6500,100.820,100,100.860,400,100.870,3000,100.880,2020-04-30,13:09:58,00,";
var hq_str_sh603259="药明康德,101.500,102.530,100.960,103.150,100.500,100.890,100.950,6835527,692170428.000,1900,100.890,7600,100.880,200,100.870,4900,100.860,500,100.850,500,100.950,17100,100.960,3800,100.970,500,100.980,1500,101.000,2020-04-30,13:10:58,00,";
var hq_str_sh603259="药明康德,101.500,102.530,100.950,103.150,100.500,100.950,100.960,6871927,695844312.000,8400,100.950,1700,100.920,1500,100.910,500,100.900,1600,100.880,12200,100.960,3800,100.970,500,100.980,100,100.990,1500,101.000,2020-04-30,13:11:58,00,";
var hq_str_sh603259="药明康德,101.500,102.530,100.860,103.150,100.500,100.860,100.880,6909227,699609268.000,2700,100.860,1100,100.850,800,100.840,4500,100.830,13900,100.820,300,100.880,1700,100.900,15500,100.910,400,100.920,2700,100.940,2020-04-30,13:12:58,00,";
var hq_str_sh603259="药明康德,101.500,102.530,100.820,103.150,100.500,100.880,100.900,6961527,704883111.000,100,100.880,300,100.810,7300,100.800,200,100.790,200,100.780,900,100.900,14400,100.910,400,100.920,2400,100.950,1000,100.960,2020-04-30,13:13:58,00,";
var hq_str_sh603259="药明康德,101.500,102.530,100.800,103.150,100.500,100.800,100.810,6979027,706647386.000,8000,100.800,300,100.790,200,100.780,100,100.770,3500,100.760,600,100.810,100,100.820,800,100.830,3700,100.890,1100,100.900,2020-04-30,13:14:58,00,";
var hq_str_sh603259="药明康德,101.500,102.530,100.770,103.150,100.500,100.770,100.850,7001627,708925588.000,500,100.770,3500,100.760,1000,100.750,700,100.740,2500,100.730,100,100.850,500,100.890,15400,100.910,300,100.920,2600,100.950,2020-04-30,13:15:58,00,";
var hq_str_sh603259="药明康德,101.500,102.530,100.910,103.150,100.500,100.870,100.910,7010227,709793012.000,400,100.870,800,100.860,4100,100.850,1500,100.830,1900,100.820,11000,100.910,300,100.920,2400,100.950,1000,100.960,3800,100.970,2020-04-30,13:16:58,00,";
var hq_str_sh603259="药明康德,101.500,102.530,100.910,103.150,100.500,100.910,100.920,7033527,712144066.000,200,100.910,1500,100.900,4900,100.890,1700,100.880,1900,100.870,300,100.920,2300,100.950,1000,100.960,3800,100.970,500,100.980,2020-04-30,13:17:58,00,";
var hq_str_sh603259="药明康德,101.500,102.530,100.960,103.150,100.500,100.960,100.970,7053727,714182810.000,3000,100.960,500,100.920,1500,100.900,5000,100.890,100,100.880,3800,100.970,500,100.980,100,100.990,4000,101.000,100,101.040,2020-04-30,13:18:58,00,";
var hq_str_sh603259="药明康德,101.500,102.530,101.090,103.150,100.500,101.100,101.150,7085927,717436131.000,2000,101.100,1800,101.090,300,101.030,200,101.010,3200,101.000,500,101.150,1400,101.160,300,101.190,17000,101.200,300,101.220,2020-04-30,13:19:58,00,";
var hq_str_sh603259="药明康德,101.500,102.530,101.050,103.150,100.500,101.000,101.050,7108627,719731153.000,1900,101.000,100,100.990,2000,100.980,400,100.970,100,100.960,200,101.050,400,101.090,1000,101.100,1100,101.120,600,101.130,2020-04-30,13:20:58,00,";
var hq_str_sh603259="药明康德,101.500,102.530,100.890,103.150,100.500,100.890,100.900,7131127,722002944.000,2900,100.890,400,100.880,400,100.870,100,100.860,4200,100.850,16600,100.900,100,100.980,2900,101.000,1800,101.010,1600,101.040,2020-04-30,13:21:58,00,";
var hq_str_sh603259="药明康德,101.500,102.530,100.900,103.150,100.500,100.890,100.900,7157827,724696808.000,2900,100.890,1200,100.880,100,100.860,5400,100.850,8400,100.830,1300,100.900,3800,101.000,1600,101.040,2200,101.050,900,101.100,2020-04-30,13:22:58,00,";
var hq_str_sh603259="药明康德,101.500,102.530,100.940,103.150,100.500,100.890,100.940,7167127,725635083.000,3700,100.890,1200,100.880,1700,100.860,5800,100.850,1500,100.840,300,100.940,3300,101.000,800,101.010,1600,101.040,2200,101.050,2020-04-30,13:23:56,00,";
var hq_str_sh603259="药明康德,101.500,102.530,101.000,103.150,100.500,101.000,101.010,7173267,726255021.000,8100,101.000,800,100.960,200,100.950,400,100.910,1800,100.900,800,101.010,1600,101.040,1200,101.050,900,101.100,5700,101.120,2020-04-30,13:24:58,00,";
var hq_str_sh603259="药明康德,101.500,102.530,100.970,103.150,100.500,100.950,100.980,7190367,727982058.000,100,100.950,500,100.920,2300,100.910,5600,100.900,4260,100.890,1100,100.980,400,101.000,3000,101.010,400,101.030,1600,101.040,2020-04-30,13:25:58,00,";
var hq_str_sh603259="药明康德,101.500,102.530,101.000,103.150,100.500,100.980,101.000,7196267,728577707.000,100,100.980,10400,100.970,900,100.960,2300,100.920,2500,100.910,700,101.000,1800,101.010,700,101.030,1600,101.040,1200,101.050,2020-04-30,13:26:58,00,";
var hq_str_sh603259="药明康德,101.500,102.530,101.000,103.150,100.500,101.000,101.020,7203867,729345353.000,1200,101.000,700,100.990,600,100.980,10500,100.970,200,100.960,2800,101.020,1000,101.030,1600,101.040,400,101.080,900,101.100,2020-04-30,13:27:58,00,";
var hq_str_sh603259="药明康德,101.500,102.530,101.010,103.150,100.500,101.000,101.010,7224267,731405876.000,6400,101.000,4200,100.990,200,100.980,10500,100.970,1800,100.960,3700,101.010,200,101.020,1000,101.030,900,101.100,5700,101.120,2020-04-30,13:28:58,00,";
var hq_str_sh603259="药明康德,101.500,102.530,101.000,103.150,100.500,100.990,101.000,7253967,734406102.000,3600,100.990,300,100.980,10500,100.970,1800,100.960,500,100.920,3600,101.000,1100,101.020,300,101.100,4400,101.120,600,101.130,2020-04-30,13:29:58,00,";
var hq_str_sh603259="药明康德,101.500,102.530,101.040,103.150,100.500,101.000,101.040,7275667,736597847.000,6100,101.000,500,100.990,600,100.980,10500,100.970,1800,100.960,3000,101.040,500,101.090,1700,101.100,4400,101.120,600,101.130,2020-04-30,13:30:58,00,";
var hq_str_sh603259="药明康德,101.500,102.530,101.070,103.150,100.500,101.050,101.080,7299867,739043138.000,100,101.050,1500,101.010,5500,101.000,500,100.990,600,100.980,800,101.080,700,101.090,1400,101.100,4400,101.120,1500,101.130,2020-04-30,13:31:58,00,";
var hq_str_sh603259="药明康德,101.500,102.530,101.030,103.150,100.500,101.010,101.030,7324667,741548872.000,1700,101.010,5800,101.000,500,100.990,600,100.980,10300,100.970,2300,101.030,200,101.060,1200,101.070,500,101.080,700,101.090,2020-04-30,13:32:58,00,";
var hq_str_sh603259="药明康德,101.500,102.530,101.080,103.150,100.500,101.060,101.080,7358367,744954551.000,16300,101.060,2000,101.020,1500,101.010,5900,101.000,600,100.990,2300,101.080,6662,101.100,2400,101.110,5100,101.120,1500,101.130,2020-04-30,13:33:58,00,";
var hq_str_sh603259="药明康德,101.500,102.530,101.100,103.150,100.500,101.000,101.080,7400767,749238450.000,2600,101.000,800,100.990,100,100.980,500,100.970,700,100.960,500,101.080,3300,101.090,2562,101.100,5100,101.120,1500,101.130,2020-04-30,13:34:58,00,";
var hq_str_sh603259="药明康德,101.500,102.530,101.100,103.150,100.500,101.090,101.100,7428767,752068383.000,3700,101.090,2600,101.000,100,100.980,700,100.970,700,100.960,6162,101.100,4300,101.120,1500,101.130,500,101.140,300,101.150,2020-04-30,13:35:58,00,";
var hq_str_sh603259="药明康德,101.500,102.530,101.120,103.150,100.500,101.100,101.120,7454867,754707152.000,1900,101.100,1600,101.090,5000,101.080,1500,101.050,200,101.010,1500,101.120,1500,101.130,500,101.140,800,101.150,100,101.160,2020-04-30,13:36:58,00,";
var hq_str_sh603259="药明康德,101.500,102.530,101.200,103.150,100.500,101.190,101.200,7472167,756457144.000,1800,101.190,900,101.180,1600,101.160,900,101.150,100,101.140,18700,101.200,700,101.210,800,101.220,100,101.250,1000,101.280,2020-04-30,13:37:58,00,";
var hq_str_sh603259="药明康德,101.500,102.530,101.220,103.150,100.500,101.220,101.240,7507267,760009352.000,1200,101.220,800,101.210,6200,101.200,300,101.190,1100,101.180,500,101.240,600,101.250,1300,101.280,1300,101.300,800,101.350,2020-04-30,13:38:58,00,";
var hq_str_sh603259="药明康德,101.500,102.530,101.260,103.150,100.500,101.250,101.260,7520167,761315288.000,1000,101.250,3800,101.240,3700,101.220,1200,101.210,6200,101.200,2000,101.260,4300,101.280,1300,101.300,100,101.340,3500,101.350,2020-04-30,13:39:58,00,";
var hq_str_sh603259="药明康德,101.500,102.530,101.280,103.150,100.500,101.270,101.280,7533967,762712732.000,2200,101.270,300,101.260,5900,101.250,3300,101.240,3500,101.220,5100,101.280,1300,101.300,100,101.340,3500,101.350,3400,101.390,2020-04-30,13:40:58,00,";
var hq_str_sh603259="药明康德,101.500,102.530,101.260,103.150,100.500,101.250,101.260,7550467,764383626.000,2100,101.250,2300,101.240,5000,101.220,2800,101.210,6400,101.200,1700,101.260,9700,101.270,1600,101.280,1400,101.300,100,101.340,2020-04-30,13:41:58,00,";
var hq_str_sh603259="药明康德,101.500,102.530,101.350,103.150,100.500,101.350,101.380,7583067,767685338.000,400,101.350,1200,101.340,1000,101.300,200,101.280,1600,101.270,2200,101.380,3400,101.390,100,101.400,500,101.410,2000,101.430,2020-04-30,13:43:01,00,";
var hq_str_sh603259="药明康德,101.500,102.530,101.470,103.150,100.500,101.470,101.500,7606207,770032120.000,800,101.470,1500,101.460,200,101.440,2600,101.430,460,101.420,5300,101.500,100,101.550,6000,101.560,1200,101.580,100,101.600,2020-04-30,13:43:58,00,";
var hq_str_sh603259="药明康德,101.500,102.530,101.540,103.150,100.500,101.520,101.540,7659007,775393768.000,300,101.520,200,101.510,7000,101.500,200,101.480,2300,101.470,6800,101.540,2900,101.610,200,101.630,200,101.660,1800,101.680,2020-04-30,13:44:58,00,";
var hq_str_sh603259="药明康德,101.500,102.530,101.680,103.150,100.500,101.650,101.680,7694107,778960169.000,1000,101.650,100,101.630,200,101.620,3000,101.610,2100,101.600,900,101.680,2300,101.700,400,101.710,500,101.740,1200,101.750,2020-04-30,13:45:58,00,";
var hq_str_sh603259="药明康德,101.500,102.530,101.850,103.150,100.500,101.830,101.850,7734547,783074449.000,100,101.830,100,101.820,7000,101.800,2200,101.760,1100,101.750,2900,101.850,1500,101.860,700,101.880,1300,101.900,900,101.910,2020-04-30,13:46:58,00,";
var hq_str_sh603259="药明康德,101.500,102.530,101.830,103.150,100.500,101.830,101.840,7776747,787371633.000,700,101.830,4800,101.810,3100,101.800,200,101.780,400,101.760,1300,101.840,2900,101.860,800,101.870,1300,101.880,900,101.890,2020-04-30,13:47:58,00,";
var hq_str_sh603259="药明康德,101.500,102.530,101.810,103.150,100.500,101.810,101.820,7813847,791149817.000,1000,101.810,6300,101.800,1500,101.790,200,101.780,400,101.760,3700,101.820,1700,101.840,3000,101.850,200,101.860,1200,101.870,2020-04-30,13:48:58,00,";
var hq_str_sh603259="药明康德,101.500,102.530,101.880,103.150,100.500,101.880,101.890,7858547,795701963.000,2500,101.880,3500,101.800,1300,101.780,200,101.760,800,101.750,1700,101.890,500,101.900,100,101.910,200,101.920,300,101.930,2020-04-30,13:49:58,00,";
var hq_str_sh603259="药明康德,101.500,102.530,101.800,103.150,100.500,101.800,101.840,7889647,798869782.000,300,101.800,1300,101.780,200,101.760,800,101.750,100,101.740,100,101.840,900,101.850,300,101.860,1500,101.880,900,101.900,2020-04-30,13:50:58,00,";
var hq_str_sh603259="药明康德,101.500,102.530,101.840,103.150,100.500,101.810,101.840,7913847,801334312.000,700,101.810,2300,101.800,1300,101.780,3200,101.760,800,101.750,300,101.840,100,101.850,1500,101.860,600,101.870,1100,101.880,2020-04-30,13:51:58,00,";
var hq_str_sh603259="药明康德,101.500,102.530,101.900,103.150,100.500,101.900,101.950,7938447,803840072.000,2400,101.900,1700,101.850,3000,101.820,3100,101.810,2300,101.800,200,101.950,600,101.960,100,101.970,2700,101.980,3300,101.990,2020-04-30,13:52:58,00,";
var hq_str_sh603259="药明康德,101.500,102.530,102.030,103.150,100.500,102.000,102.030,8037147,813906990.000,12500,102.000,1900,101.990,700,101.980,4500,101.960,100,101.950,6100,102.030,200,102.040,100,102.050,200,102.080,200,102.090,2020-04-30,13:53:58,00,";
var hq_str_sh603259="药明康德,101.500,102.530,102.090,103.150,100.500,102.080,102.090,8078247,818100473.000,600,102.080,4500,102.040,900,102.030,200,102.020,200,102.010,3400,102.090,200,102.100,200,102.120,200,102.140,600,102.150,2020-04-30,13:54:58,00,";
var hq_str_sh603259="药明康德,101.500,102.530,102.100,103.150,100.500,102.100,102.130,8105047,820836593.000,5200,102.100,100,102.080,1900,102.050,4000,102.040,200,102.020,500,102.130,1600,102.140,1000,102.150,200,102.160,700,102.170,2020-04-30,13:55:58,00,";
var hq_str_sh603259="药明康德,101.500,102.530,102.170,103.150,100.500,102.170,102.180,8137547,824156002.000,400,102.170,100,102.160,6900,102.150,700,102.130,800,102.110,1400,102.180,800,102.190,200,102.200,100,102.220,100,102.230,2020-04-30,13:56:58,00,";
var hq_str_sh603259="药明康德,101.500,102.530,102.110,103.150,100.500,102.050,102.100,8191347,829649683.000,4000,102.050,100,102.030,100,102.020,14100,102.000,100,101.980,600,102.100,300,102.150,100,102.160,15700,102.170,500,102.180,2020-04-30,13:57:58,00,";
var hq_str_sh603259="药明康德,101.500,102.530,102.000,103.150,100.500,101.980,102.000,8222147,832792361.000,100,101.980,200,101.960,100,101.950,1100,101.900,200,101.880,2200,102.000,500,102.010,5800,102.020,300,102.030,100,102.040,2020-04-30,13:58:58,00,";
var hq_str_sh603259="药明康德,101.500,102.530,102.000,103.150,100.500,102.000,102.010,8248247,835454064.000,400,102.000,600,101.950,400,101.900,200,101.880,100,101.870,500,102.010,4800,102.020,300,102.030,100,102.040,100,102.050,2020-04-30,13:59:58,00,";
var hq_str_sh603259="药明康德,101.500,102.530,101.780,103.150,100.500,101.780,101.950,8274947,838174752.000,2900,101.780,600,101.710,2600,101.700,600,101.680,400,101.610,500,101.950,100,101.960,800,101.990,7100,102.000,1000,102.010,2020-04-30,14:00:58,00,";
var hq_str_sh603259="药明康德,101.500,102.530,101.920,103.150,100.500,101.900,101.920,8293247,840039367.000,6500,101.900,3200,101.890,100,101.860,700,101.850,200,101.840,300,101.920,100,101.940,2900,101.950,600,101.960,600,101.970,2020-04-30,14:01:58,00,";
var hq_str_sh603259="药明康德,101.500,102.530,102.030,103.150,100.500,102.010,102.030,8323447,843119182.000,900,102.010,2500,102.000,500,101.990,2200,101.980,2100,101.970,100,102.030,100,102.040,100,102.050,200,102.080,100,102.090,2020-04-30,14:02:58,00,";
var hq_str_sh603259="药明康德,101.500,102.530,101.990,103.150,100.500,101.980,102.010,8341247,844935427.000,2200,101.980,1300,101.970,1400,101.960,4700,101.940,100,101.930,1200,102.010,300,102.050,100,102.060,300,102.070,300,102.080,2020-04-30,14:04:01,00,";
var hq_str_sh603259="药明康德,101.500,102.530,101.940,103.150,100.500,101.980,102.040,8373947,848269966.000,1200,101.980,400,101.940,800,101.930,1300,101.920,200,101.910,200,102.040,400,102.050,300,102.060,1200,102.080,100,102.090,2020-04-30,14:04:58,00,";
var hq_str_sh603259="药明康德,101.500,102.530,102.110,103.150,100.500,102.090,102.100,8397547,850677727.000,200,102.090,3300,102.080,200,102.060,200,102.050,900,102.030,400,102.100,800,102.110,200,102.120,200,102.140,200,102.150,2020-04-30,14:05:58,00,";
var hq_str_sh603259="药明康德,101.500,102.530,102.100,103.150,100.500,102.140,102.160,8421847,853159113.000,300,102.140,200,102.100,100,102.080,200,102.030,100,101.950,500,102.160,7400,102.170,1100,102.180,6500,102.200,100,102.220,2020-04-30,14:06:58,00,";
var hq_str_sh603259="药明康德,101.500,102.530,102.200,103.150,100.500,102.230,102.250,8454747,856521150.000,200,102.230,900,102.200,1600,102.180,5900,102.170,500,102.160,800,102.250,400,102.260,300,102.290,2600,102.300,200,102.310,2020-04-30,14:07:58,00,";
var hq_str_sh603259="药明康德,101.500,102.530,102.260,103.150,100.500,102.260,102.290,8478147,858913749.000,600,102.260,700,102.250,1500,102.230,1600,102.200,400,102.180,1900,102.290,1600,102.300,200,102.310,200,102.340,300,102.350,2020-04-30,14:08:58,00,";
var hq_str_sh603259="药明康德,101.500,102.530,102.240,103.150,100.500,102.230,102.240,8527747,863986592.000,800,102.230,100,102.200,300,102.180,5800,102.170,300,102.160,3000,102.240,2500,102.330,1400,102.340,1300,102.350,300,102.360,2020-04-30,14:09:58,00,";
var hq_str_sh603259="药明康德,101.500,102.530,102.190,103.150,100.500,102.190,102.230,8557847,867064232.000,100,102.190,500,102.180,5000,102.170,300,102.160,200,102.150,500,102.230,100,102.280,1000,102.290,2500,102.300,2200,102.320,2020-04-30,14:10:58,00,";
var hq_str_sh603259="药明康德,101.500,102.530,101.910,103.150,100.500,101.900,101.910,8577547,869074830.000,2100,101.900,600,101.890,100,101.860,300,101.850,200,101.840,1200,101.910,200,101.930,800,101.940,1100,102.000,200,102.020,2020-04-30,14:11:58,00,";
var hq_str_sh603259="药明康德,101.500,102.530,101.910,103.150,100.500,101.880,101.890,8598647,871224490.000,9100,101.880,2300,101.860,1400,101.850,1000,101.840,2900,101.820,300,101.890,300,101.910,200,101.920,800,102.000,100,102.100,2020-04-30,14:12:58,00,";
var hq_str_sh603259="药明康德,101.500,102.530,101.770,103.150,100.500,101.750,101.800,8663247,877805528.000,100,101.750,1300,101.730,200,101.700,700,101.680,2100,101.650,26200,101.800,200,101.810,100,101.850,2000,101.860,800,101.980,2020-04-30,14:13:58,00,";
var hq_str_sh603259="药明康德,101.500,102.530,101.710,103.150,100.500,101.710,101.720,8684747,879992933.000,1400,101.710,3300,101.690,1100,101.680,500,101.670,3200,101.660,1700,101.720,300,101.730,600,101.750,200,101.770,300,101.780,2020-04-30,14:14:58,00,";
var hq_str_sh603259="药明康德,101.500,102.530,101.760,103.150,100.500,101.720,101.760,8701147,881661129.000,200,101.720,800,101.710,6500,101.700,700,101.690,2400,101.680,700,101.760,200,101.770,200,101.780,400,101.790,23600,101.800,2020-04-30,14:15:58,00,";
var hq_str_sh603259="药明康德,101.500,102.530,101.780,103.150,100.500,101.770,101.780,8727447,884337859.000,2300,101.770,100,101.730,500,101.720,1200,101.710,6300,101.700,800,101.780,1700,101.790,21200,101.800,1600,101.860,1000,101.960,2020-04-30,14:16:58,00,";
var hq_str_sh603259="药明康德,101.500,102.530,101.660,103.150,100.500,101.660,101.670,8759147,887562295.000,1900,101.660,19500,101.650,2100,101.630,400,101.610,100,101.600,500,101.670,400,101.700,900,101.730,1300,101.760,2500,101.770,2020-04-30,14:17:59,00,";
var hq_str_sh603259="药明康德,101.500,102.530,101.630,103.150,100.500,101.620,101.630,8799047,891618185.000,100,101.620,500,101.610,1100,101.600,4100,101.590,100,101.580,600,101.630,522,101.640,2981,101.650,2500,101.660,700,101.670,2020-04-30,14:18:59,00,";
var hq_str_sh603259="药明康德,101.500,102.530,101.600,103.150,100.500,101.590,101.600,8824147,894168344.000,900,101.590,200,101.560,3700,101.540,400,101.520,1100,101.510,1200,101.600,900,101.610,3900,101.630,1981,101.650,300,101.670,2020-04-30,14:19:59,00,";
var hq_str_sh603259="药明康德,101.500,102.530,101.770,103.150,100.500,101.610,101.770,8839628,895741276.000,200,101.610,3100,101.600,100,101.590,3700,101.540,200,101.530,1200,101.770,1300,101.790,100,101.800,1600,101.860,1000,101.960,2020-04-30,14:20:59,00,";
var hq_str_sh603259="药明康德,101.500,102.530,101.720,103.150,100.500,101.720,101.770,8854528,897255903.000,300,101.720,2700,101.700,3600,101.680,700,101.610,1600,101.600,700,101.770,1300,101.790,2100,101.800,1800,101.860,900,101.950,2020-04-30,14:21:59,00,";
var hq_str_sh603259="药明康德,101.500,102.530,101.830,103.150,100.500,101.800,101.810,8869028,898731705.000,200,101.800,200,101.790,200,101.780,2700,101.770,2000,101.750,700,101.810,1900,101.860,1421,101.880,400,101.890,300,101.940,2020-04-30,14:22:58,00,";
var hq_str_sh603259="药明康德,101.500,102.530,101.790,103.150,100.500,101.770,101.800,8881228,899973731.000,500,101.770,1700,101.750,800,101.740,200,101.700,3600,101.680,1500,101.800,500,101.810,400,101.840,200,101.850,1100,101.860,2020-04-30,14:23:59,00,";
var hq_str_sh603259="药明康德,101.500,102.530,101.630,103.150,100.500,101.610,101.620,8900428,901926111.000,4500,101.610,2000,101.600,100,101.590,100,101.580,1700,101.570,500,101.620,300,101.640,100,101.650,100,101.670,3900,101.680,2020-04-30,14:24:59,00,";
var hq_str_sh603259="药明康德,101.500,102.530,101.630,103.150,100.500,101.630,101.670,8910628,902962772.000,200,101.630,2800,101.620,4700,101.610,22100,101.600,200,101.590,3600,101.670,100,101.770,1500,101.800,100,101.810,1200,101.860,2020-04-30,14:25:59,00,";
var hq_str_sh603259="药明康德,101.500,102.530,101.670,103.150,100.500,101.680,101.790,8930728,905005858.000,100,101.680,600,101.670,100,101.640,1700,101.630,55600,101.620,800,101.790,100,101.810,700,101.840,1100,101.860,1000,101.880,2020-04-30,14:26:59,00,";
var hq_str_sh603259="药明康德,101.500,102.530,102.000,103.150,100.500,102.000,102.010,8946349,906597563.000,179,102.000,200,101.990,2000,101.980,100,101.970,300,101.960,1500,102.010,100,102.040,100,102.050,100,102.060,200,102.090,2020-04-30,14:27:59,00,";
var hq_str_sh603259="药明康德,101.500,102.530,102.000,103.150,100.500,102.000,102.030,8958428,907829698.000,1400,102.000,900,101.990,600,101.980,100,101.960,200,101.950,2000,102.030,1321,102.040,600,102.080,1100,102.090,1200,102.100,2020-04-30,14:28:59,00,";
var hq_str_sh603259="药明康德,101.500,102.530,102.010,103.150,100.500,102.010,102.030,8972828,909298693.000,900,102.010,300,102.000,1100,101.990,100,101.960,200,101.950,300,102.030,1321,102.040,100,102.080,100,102.090,1600,102.100,2020-04-30,14:29:59,00,";
var hq_str_sh603259="药明康德,101.500,102.530,102.220,103.150,100.500,102.150,102.180,8991749,911231266.000,200,102.150,1100,102.140,200,102.100,300,102.050,300,102.040,400,102.180,3300,102.230,800,102.240,900,102.250,400,102.260,2020-04-30,14:30:59,00,";
var hq_str_sh603259="药明康德,101.500,102.530,102.180,103.150,100.500,102.180,102.210,9007649,912856185.000,1000,102.180,100,102.150,1100,102.140,200,102.100,100,102.050,700,102.210,2600,102.220,3800,102.230,900,102.250,500,102.260,2020-04-30,14:31:59,00,";
var hq_str_sh603259="药明康德,101.500,102.530,101.910,103.150,100.500,101.880,101.910,9044349,916602368.000,3400,101.880,200,101.790,100,101.770,100,101.760,1000,101.750,300,101.910,200,101.920,600,101.930,600,101.940,2800,102.000,2020-04-30,14:32:59,00,";
var hq_str_sh603259="药明康德,101.500,102.530,101.720,103.150,100.500,101.710,101.720,9080849,920317966.000,1400,101.710,1700,101.700,100,101.690,100,101.680,1600,101.670,100,101.720,100,101.730,300,101.740,700,101.770,1071,101.880,2020-04-30,14:33:59,00,";
var hq_str_sh603259="药明康德,101.500,102.530,101.750,103.150,100.500,101.740,101.750,9120920,924395458.000,100,101.740,1600,101.730,1100,101.720,400,101.710,4529,101.700,100,101.750,100,101.760,500,101.810,3400,101.890,200,101.900,2020-04-30,14:34:59,00,";
var hq_str_sh603259="药明康德,101.500,102.530,101.630,103.150,100.500,101.630,101.640,9149220,927273199.000,800,101.630,52300,101.620,2500,101.610,26900,101.600,300,101.580,200,101.640,1200,101.650,3300,101.670,400,101.680,1000,101.690,2020-04-30,14:35:59,00,";
var hq_str_sh603259="药明康德,101.500,102.530,101.630,103.150,100.500,101.620,101.640,9183920,930799545.000,31100,101.620,3000,101.610,28500,101.600,700,101.580,200,101.550,900,101.640,3400,101.670,1500,101.700,100,101.750,100,101.810,2020-04-30,14:36:59,00,";
var hq_str_sh603259="药明康德,101.500,102.530,101.610,103.150,100.500,101.600,101.610,9243876,936892047.000,18244,101.600,1000,101.580,300,101.550,3700,101.540,400,101.520,5800,101.610,300,101.640,100,101.670,1500,101.700,100,101.810,2020-04-30,14:37:59,00,";
var hq_str_sh603259="药明康德,101.500,102.530,101.620,103.150,100.500,101.620,101.640,9274876,940041921.000,400,101.620,2800,101.610,12944,101.600,1000,101.580,400,101.570,100,101.640,100,101.670,1500,101.700,100,101.810,200,101.900,2020-04-30,14:38:59,00,";
var hq_str_sh603259="药明康德,101.500,102.530,101.620,103.150,100.500,101.610,101.620,9293148,941898577.000,300,101.610,14772,101.600,1400,101.580,400,101.570,300,101.550,700,101.620,100,101.640,100,101.670,1500,101.700,100,101.810,2020-04-30,14:39:59,00,";
var hq_str_sh603259="药明康德,101.500,102.530,101.610,103.150,100.500,101.600,101.610,9307948,943402400.000,10872,101.600,1100,101.580,400,101.570,400,101.550,3700,101.540,300,101.610,3100,101.620,100,101.640,100,101.670,1500,101.700,2020-04-30,14:40:59,00,";
var hq_str_sh603259="药明康德,101.500,102.530,101.610,103.150,100.500,101.600,101.610,9351755,947852012.000,6565,101.600,100,101.520,100,101.510,6600,101.500,800,101.460,2400,101.610,900,101.620,1500,101.700,100,101.810,200,101.900,2020-04-30,14:41:59,00,";
var hq_str_sh603259="药明康德,101.500,102.530,101.640,103.150,100.500,101.530,101.640,9378255,950543900.000,100,101.530,600,101.520,6700,101.510,4465,101.500,200,101.470,500,101.640,1200,101.670,1007,101.680,1500,101.690,1300,101.700,2020-04-30,14:43:02,00,";
var hq_str_sh603259="药明康德,101.500,102.530,101.420,103.150,100.500,101.410,101.420,9406520,953413027.000,100,101.410,4100,101.400,700,101.390,1100,101.380,600,101.360,800,101.420,3535,101.430,2300,101.510,100,101.520,600,101.530,2020-04-30,14:43:59,00,";
var hq_str_sh603259="药明康德,101.500,102.530,101.570,103.150,100.500,101.560,101.670,9434877,956291438.000,900,101.560,6843,101.520,200,101.510,600,101.500,100,101.450,200,101.670,2440,101.680,100,101.690,1900,101.700,100,101.810,2020-04-30,14:44:59,00,";
var hq_str_sh603259="药明康德,101.500,102.530,101.670,103.150,100.500,101.670,101.680,9441477,956962219.000,900,101.670,1200,101.660,500,101.650,100,101.630,100,101.620,740,101.680,100,101.690,1900,101.700,100,101.810,100,101.820,2020-04-30,14:45:59,00,";
var hq_str_sh603259="药明康德,101.500,102.530,101.660,103.150,100.500,101.650,101.660,9455977,958436164.000,900,101.650,1300,101.640,900,101.600,300,101.580,2500,101.570,600,101.660,500,101.670,1940,101.680,2300,101.700,100,101.810,2020-04-30,14:46:59,00,";
var hq_str_sh603259="药明康德,101.500,102.530,101.640,103.150,100.500,101.600,101.640,9471377,960001646.000,700,101.600,200,101.590,1300,101.580,1500,101.570,900,101.560,400,101.640,1200,101.650,1000,101.660,200,101.670,1440,101.680,2020-04-30,14:47:59,00,";
var hq_str_sh603259="药明康德,101.500,102.530,101.810,103.150,100.500,101.650,101.820,9491617,962058967.000,700,101.650,160,101.640,400,101.630,4800,101.620,200,101.610,100,101.820,200,101.900,100,101.910,100,101.920,100,101.940,2020-04-30,14:48:59,00,";
var hq_str_sh603259="药明康德,101.500,102.530,101.800,103.150,100.500,101.800,101.820,9501917,963107023.000,500,101.800,5000,101.780,800,101.730,1000,101.700,300,101.670,600,101.820,100,101.830,100,101.840,400,101.890,200,101.900,2020-04-30,14:49:59,00,";
var hq_str_sh603259="药明康德,101.500,102.530,101.900,103.150,100.500,101.900,101.930,9512817,964217578.000,700,101.900,500,101.880,1200,101.830,400,101.820,100,101.810,600,101.930,500,101.950,1400,101.990,5900,102.000,100,102.060,2020-04-30,14:50:59,00,";
var hq_str_sh603259="药明康德,101.500,102.530,101.850,103.150,100.500,101.840,101.850,9551617,968171309.000,1400,101.840,1500,101.830,300,101.820,100,101.810,4800,101.800,200,101.850,1500,101.880,8200,101.900,300,101.910,300,101.950,2020-04-30,14:51:59,00,";
var hq_str_sh603259="药明康德,101.500,102.530,101.540,103.150,100.500,101.520,101.580,9600417,973130901.000,1200,101.520,2643,101.510,12000,101.500,100,101.490,100,101.480,200,101.580,200,101.590,2200,101.630,3600,101.640,500,101.650,2020-04-30,14:52:59,00,";
var hq_str_sh603259="药明康德,101.500,102.530,101.510,103.150,100.500,101.500,101.520,9656844,978859843.000,2516,101.500,100,101.490,600,101.480,200,101.460,400,101.450,400,101.520,400,101.540,100,101.550,3700,101.580,200,101.590,2020-04-30,14:53:59,00,";
var hq_str_sh603259="药明康德,101.500,102.530,101.600,103.150,100.500,101.600,101.630,9683244,981541188.000,100,101.600,1200,101.590,2900,101.580,1200,101.560,2300,101.550,400,101.630,500,101.650,500,101.700,2300,101.800,1000,101.850,2020-04-30,14:54:59,00,";
var hq_str_sh603259="药明康德,101.500,102.530,101.680,103.150,100.500,101.680,101.690,9702344,983482028.000,400,101.680,2800,101.630,600,101.620,1200,101.610,5400,101.600,100,101.690,800,101.700,1800,101.790,2300,101.800,1000,101.850,2020-04-30,14:55:59,00,";
var hq_str_sh603259="药明康德,101.500,102.530,101.780,103.150,100.500,101.700,101.780,9734844,986787513.000,600,101.700,2100,101.680,1900,101.650,1900,101.640,700,101.630,5660,101.780,1000,101.790,2700,101.800,2400,101.810,900,101.850,2020-04-30,14:56:59,00,";
var hq_str_sh603259="药明康德,101.500,102.530,101.780,103.150,100.500,101.770,101.770,9734844,986787513.000,20000,101.770,4700,0.000,0,0.000,0,0.000,0,0.000,20000,101.770,0,0.000,0,0.000,0,0.000,0,0.000,2020-04-30,14:57:58,00,";
var hq_str_sh603259="药明康德,101.500,102.530,101.780,103.150,100.500,101.770,101.770,9734844,986787513.000,33500,101.770,10500,0.000,0,0.000,0,0.000,0,0.000,33500,101.770,0,0.000,0,0.000,0,0.000,0,0.000,2020-04-30,14:58:59,00,";
