var hq_str_sh603259="药明康德,99.600,100.150,99.600,99.600,99.600,99.550,99.600,14100,1404360.000,300,99.550,200,99.500,300,99.490,100,99.400,100,99.210,6930,99.600,1200,99.720,5500,99.800,500,99.870,200,99.890,2020-04-13,09:29:47,00,";
var hq_str_sh603259="药明康德,99.600,100.150,99.000,99.600,98.640,98.650,99.000,116553,11559732.000,1362,98.650,4785,98.640,100,98.610,700,98.600,100,98.590,700,99.000,100,99.060,200,99.130,200,99.150,100,99.180,2020-04-13,09:30:58,00,";
var hq_str_sh603259="药明康德,99.600,100.150,98.170,99.600,98.000,98.170,98.180,270524,26704077.000,17800,98.170,100,98.150,100,98.100,1500,98.010,3100,98.000,600,98.180,200,98.220,300,98.240,2400,98.280,2500,98.320,2020-04-13,09:32:01,00,";
var hq_str_sh603259="药明康德,99.600,100.150,98.500,99.600,98.000,98.500,98.600,417482,41162871.000,2842,98.500,100,98.430,4100,98.410,900,98.400,200,98.370,9700,98.600,900,98.690,200,98.850,200,98.970,1200,98.990,2020-04-13,09:32:58,00,";
var hq_str_sh603259="药明康德,99.600,100.150,98.600,99.600,98.000,98.600,98.820,536232,52875633.000,1100,98.600,100,98.560,12850,98.550,200,98.540,400,98.530,1900,98.820,1300,98.830,100,98.890,1000,98.900,200,98.910,2020-04-13,09:33:58,00,";
var hq_str_sh603259="药明康德,99.600,100.150,98.930,99.600,98.000,98.930,98.990,619132,61059045.000,700,98.930,500,98.900,100,98.880,200,98.850,1100,98.830,2100,98.990,17800,99.000,100,99.180,9000,99.210,100,99.300,2020-04-13,09:34:58,00,";
var hq_str_sh603259="药明康德,99.600,100.150,99.840,99.870,98.000,99.570,99.840,733332,72407104.000,100,99.570,100,99.560,100,99.550,3100,99.500,700,99.300,4880,99.840,600,99.860,600,99.870,100,99.880,1500,99.950,2020-04-13,09:35:58,00,";
var hq_str_sh603259="药明康德,99.600,100.150,99.250,99.870,98.000,99.450,99.560,792532,78297187.000,200,99.450,300,99.250,10500,99.200,100,99.170,100,99.110,300,99.560,1200,99.670,800,99.680,900,99.690,1600,99.700,2020-04-13,09:36:58,00,";
var hq_str_sh603259="药明康德,99.600,100.150,98.910,99.870,98.000,98.910,98.930,858032,84792503.000,800,98.910,500,98.900,100,98.880,100,98.850,100,98.840,2900,98.930,100,98.940,100,98.950,600,99.000,200,99.010,2020-04-13,09:37:58,00,";
var hq_str_sh603259="药明康德,99.600,100.150,99.030,99.870,98.000,99.000,99.200,893032,88255877.000,10900,99.000,400,98.990,300,98.960,1200,98.950,2200,98.940,200,99.200,100,99.240,6100,99.250,7140,99.270,100,99.300,2020-04-13,09:38:58,00,";
var hq_str_sh603259="药明康德,99.600,100.150,99.270,99.870,98.000,99.240,99.270,991492,98005183.000,2540,99.240,200,99.200,300,99.100,100,99.050,18900,99.000,7240,99.270,500,99.300,300,99.440,700,99.480,12600,99.500,2020-04-13,09:39:58,00,";
var hq_str_sh603259="药明康德,99.600,100.150,99.480,99.870,98.000,99.480,99.490,1048732,103688236.000,200,99.480,6000,99.350,900,99.340,100,99.200,700,99.160,1100,99.490,11700,99.500,100,99.520,200,99.590,19000,99.600,2020-04-13,09:40:58,00,";
var hq_str_sh603259="药明康德,99.600,100.150,99.350,99.870,98.000,99.300,99.350,1093932,108179377.000,700,99.300,100,99.240,200,99.220,200,99.210,30100,99.200,2200,99.350,800,99.400,900,99.490,7400,99.500,100,99.520,2020-04-13,09:41:58,00,";
var hq_str_sh603259="药明康德,99.600,100.150,99.250,99.870,98.000,99.250,99.350,1254152,124084586.000,6000,99.250,2800,99.210,15180,99.200,100,99.190,300,99.180,2700,99.350,600,99.400,100,99.450,900,99.480,1000,99.490,2020-04-13,09:42:58,00,";
var hq_str_sh603259="药明康德,99.600,100.150,99.600,99.870,98.000,99.590,99.600,1314352,130075208.000,200,99.590,5700,99.550,100,99.510,6000,99.500,800,99.490,600,99.600,700,99.700,100,99.730,100,99.790,200,99.800,2020-04-13,09:43:58,00,";
var hq_str_sh603259="药明康德,99.600,100.150,99.640,99.870,98.000,99.560,99.640,1349652,133590794.000,100,99.560,52300,99.500,8000,99.480,800,99.400,6700,99.390,1200,99.640,100,99.680,6200,99.700,700,99.730,100,99.790,2020-04-13,09:44:58,00,";
var hq_str_sh603259="药明康德,99.600,100.150,99.810,99.870,98.000,99.810,99.820,1401352,138741747.000,100,99.810,1000,99.800,300,99.730,10400,99.700,4000,99.680,680,99.820,600,99.860,500,99.870,100,99.890,100,99.900,2020-04-13,09:45:58,00,";
var hq_str_sh603259="药明康德,99.600,100.150,99.990,99.990,98.000,99.980,99.990,1421232,140726832.000,200,99.980,100,99.960,1200,99.940,900,99.870,1120,99.800,3600,99.990,12500,100.000,100,100.090,600,100.100,6000,100.120,2020-04-13,09:47:01,00,";
var hq_str_sh603259="药明康德,99.600,100.150,100.100,100.150,98.000,100.100,100.120,1458132,144418810.000,500,100.100,400,100.090,300,100.080,21700,100.000,500,99.990,600,100.120,3940,100.150,500,100.200,300,100.240,1000,100.250,2020-04-13,09:47:58,00,";
var hq_str_sh603259="药明康德,99.600,100.150,100.380,100.500,98.000,100.380,100.420,1510272,149643169.000,400,100.380,300,100.340,2200,100.300,600,100.280,400,100.230,1200,100.420,100,100.430,500,100.460,500,100.480,800,100.490,2020-04-13,09:48:58,00,";
var hq_str_sh603259="药明康德,99.600,100.150,100.480,100.500,98.000,100.450,100.460,1532872,151912072.000,100,100.450,300,100.440,1400,100.430,700,100.420,1100,100.410,100,100.460,600,100.480,1200,100.490,900,100.500,100,100.530,2020-04-13,09:49:58,00,";
var hq_str_sh603259="药明康德,99.600,100.150,100.000,100.540,98.000,100.020,100.200,1591172,157761838.000,100,100.020,100,100.010,28560,100.000,300,99.990,100,99.980,100,100.200,2300,100.230,600,100.280,500,100.300,100,100.350,2020-04-13,09:50:58,00,";
var hq_str_sh603259="药明康德,99.600,100.150,100.200,100.540,98.000,100.170,100.200,1608272,159474194.000,600,100.170,4600,100.150,6500,100.100,100,100.090,1000,100.080,200,100.200,500,100.220,200,100.280,600,100.300,300,100.350,2020-04-13,09:51:58,00,";
var hq_str_sh603259="药明康德,99.600,100.150,100.150,100.540,98.000,100.150,100.200,1647872,163440586.000,9500,100.150,200,100.100,100,100.090,200,100.080,400,100.070,200,100.200,700,100.220,100,100.280,700,100.300,400,100.350,2020-04-13,09:52:58,00,";
var hq_str_sh603259="药明康德,99.600,100.150,100.010,100.540,98.000,100.000,100.030,1715972,170254651.000,1160,100.000,1800,99.990,100,99.980,300,99.900,1320,99.800,800,100.030,100,100.050,200,100.200,100,100.260,2700,100.300,2020-04-13,09:53:58,00,";
var hq_str_sh603259="药明康德,99.600,100.150,100.000,100.540,98.000,100.000,100.010,1732772,171935046.000,12960,100.000,600,99.980,300,99.960,200,99.900,1420,99.800,1800,100.010,6800,100.170,500,100.200,1100,100.260,5900,100.300,2020-04-13,09:54:58,00,";
var hq_str_sh603259="药明康德,99.600,100.150,99.680,100.540,98.000,99.660,99.670,1763952,175048217.000,300,99.660,900,99.630,400,99.600,200,99.530,200,99.520,700,99.670,100,99.690,2000,99.700,200,99.710,800,99.720,2020-04-13,09:55:58,00,";
var hq_str_sh603259="药明康德,99.600,100.150,99.500,100.540,98.000,99.500,99.630,1812252,179853044.000,600,99.500,300,99.440,100,99.410,500,99.360,500,99.300,500,99.630,500,99.660,100,99.680,100,99.690,1800,99.700,2020-04-13,09:56:58,00,";
var hq_str_sh603259="药明康德,99.600,100.150,99.500,100.540,98.000,99.500,99.510,1867552,185355342.000,5700,99.500,100,99.400,100,99.250,5000,99.220,2200,99.210,600,99.510,1300,99.520,200,99.530,300,99.540,400,99.550,2020-04-13,09:57:58,00,";
var hq_str_sh603259="药明康德,99.600,100.150,99.550,100.540,98.000,99.570,99.630,1894352,188021818.000,100,99.570,100,99.540,700,99.510,6100,99.500,1800,99.340,200,99.630,1500,99.650,100,99.680,100,99.690,100,99.700,2020-04-13,09:58:58,00,";
var hq_str_sh603259="药明康德,99.600,100.150,99.680,100.540,98.000,99.680,99.690,1901252,188709193.000,100,99.680,5200,99.650,600,99.620,300,99.610,100,99.600,100,99.690,5100,99.700,1400,99.800,100,99.900,700,99.910,2020-04-13,09:59:58,00,";
var hq_str_sh603259="药明康德,99.600,100.150,99.800,100.540,98.000,99.750,99.800,1911852,189766050.000,100,99.750,1400,99.740,500,99.730,600,99.720,400,99.710,1100,99.800,100,99.900,700,99.910,400,99.990,900,100.000,2020-04-13,10:00:58,00,";
var hq_str_sh603259="药明康德,99.600,100.150,100.010,100.540,98.000,100.010,100.090,1938852,192462969.000,100,100.010,1500,100.000,3600,99.800,100,99.760,1200,99.740,100,100.090,1160,100.100,2100,100.150,6600,100.170,600,100.200,2020-04-13,10:02:01,00,";
var hq_str_sh603259="药明康德,99.600,100.150,99.850,100.540,98.000,99.850,99.900,1943952,192972445.000,3500,99.850,300,99.820,400,99.810,3800,99.800,500,99.760,300,99.900,200,99.950,1000,99.980,4100,100.000,200,100.010,2020-04-13,10:02:58,00,";
var hq_str_sh603259="药明康德,99.600,100.150,100.000,100.540,98.000,99.970,100.000,1953792,193956048.000,1800,99.970,200,99.950,1960,99.900,3800,99.850,300,99.820,200,100.000,200,100.010,200,100.040,500,100.050,1960,100.100,2020-04-13,10:03:55,00,";
var hq_str_sh603259="药明康德,99.600,100.150,100.000,100.540,98.000,100.030,100.100,1975052,196082947.000,400,100.030,6440,100.000,100,99.990,300,99.980,1800,99.970,1000,100.100,1700,100.170,100,100.180,700,100.200,1000,100.290,2020-04-13,10:04:55,00,";
var hq_str_sh603259="药明康德,99.600,100.150,100.150,100.540,98.000,100.140,100.150,1993652,197944982.000,100,100.140,200,100.130,1200,100.100,300,100.070,5800,100.030,200,100.150,200,100.160,1100,100.170,800,100.180,5700,100.200,2020-04-13,10:05:58,00,";
var hq_str_sh603259="药明康德,99.600,100.150,100.000,100.540,98.000,100.050,100.120,2032792,201861734.000,500,100.050,800,100.040,3700,100.000,1100,99.990,300,99.980,100,100.120,100,100.170,1600,100.180,300,100.190,5700,100.200,2020-04-13,10:06:58,00,";
var hq_str_sh603259="药明康德,99.600,100.150,100.190,100.540,98.000,100.190,100.200,2046692,203253984.000,900,100.190,12800,100.180,1900,100.170,100,100.070,700,100.050,6200,100.200,1000,100.250,100,100.290,2900,100.300,100,100.330,2020-04-13,10:07:58,00,";
var hq_str_sh603259="药明康德,99.600,100.150,100.200,100.540,98.000,100.290,100.300,2060392,204626824.000,100,100.290,100,100.250,1000,100.210,2000,100.200,1200,100.190,3100,100.300,100,100.330,300,100.350,200,100.380,500,100.400,2020-04-13,10:08:58,00,";
var hq_str_sh603259="药明康德,99.600,100.150,100.410,100.540,98.000,100.410,100.430,2070492,205640075.000,200,100.410,3800,100.400,100,100.370,12000,100.350,300,100.330,100,100.430,200,100.450,300,100.480,200,100.490,6200,100.500,2020-04-13,10:09:58,00,";
var hq_str_sh603259="药明康德,99.600,100.150,100.500,100.540,98.000,100.480,100.500,2092292,207830708.000,100,100.480,1400,100.470,2200,100.460,2700,100.450,1200,100.430,2100,100.500,300,100.520,1300,100.530,4300,100.540,11100,100.550,2020-04-13,10:10:58,00,";
var hq_str_sh603259="药明康德,99.600,100.150,100.470,100.540,98.000,100.470,100.480,2115692,210182143.000,100,100.470,11900,100.460,100,100.450,600,100.440,1200,100.430,600,100.480,8500,100.500,100,100.510,100,100.520,300,100.530,2020-04-13,10:11:58,00,";
var hq_str_sh603259="药明康德,99.600,100.150,100.440,100.540,98.000,100.430,100.450,2148692,213497648.000,700,100.430,100,100.410,10200,100.400,200,100.380,100,100.370,100,100.450,1100,100.460,2300,100.500,400,100.510,200,100.520,2020-04-13,10:12:58,00,";
var hq_str_sh603259="药明康德,99.600,100.150,100.360,100.540,98.000,100.350,100.360,2173792,216018157.000,1300,100.350,5200,100.300,600,100.290,100,100.280,200,100.260,200,100.360,200,100.380,300,100.390,8600,100.400,200,100.420,2020-04-13,10:13:58,00,";
var hq_str_sh603259="药明康德,99.600,100.150,100.330,100.540,98.000,100.330,100.340,2184592,217101943.000,200,100.330,100,100.310,3000,100.300,600,100.290,300,100.280,100,100.340,1000,100.350,100,100.360,2800,100.390,10500,100.400,2020-04-13,10:14:58,00,";
var hq_str_sh603259="药明康德,99.600,100.150,100.310,100.540,98.000,100.310,100.330,2200792,218726908.000,400,100.310,7400,100.290,200,100.280,200,100.260,100,100.240,100,100.330,500,100.340,2400,100.350,100,100.360,2500,100.390,2020-04-13,10:15:58,00,";
var hq_str_sh603259="药明康德,99.600,100.150,100.350,100.540,98.000,100.350,100.390,2210192,219670086.000,200,100.350,4100,100.330,100,100.310,5300,100.300,7400,100.290,2500,100.390,1400,100.400,100,100.410,200,100.420,10200,100.480,2020-04-13,10:16:58,00,";
var hq_str_sh603259="药明康德,99.600,100.150,100.330,100.540,98.000,100.330,100.400,2236292,222291464.000,3700,100.330,300,100.300,7400,100.290,200,100.280,200,100.260,100,100.400,600,100.490,3100,100.500,100,100.510,200,100.520,2020-04-13,10:18:01,00,";
var hq_str_sh603259="药明康德,99.600,100.150,100.430,100.540,98.000,100.400,100.430,2254092,224078671.000,5200,100.400,900,100.360,4700,100.330,300,100.300,7400,100.290,200,100.430,600,100.460,11600,100.500,100,100.510,200,100.520,2020-04-13,10:18:58,00,";
var hq_str_sh603259="药明康德,99.600,100.150,100.550,100.550,98.000,100.520,100.550,2290292,227716262.000,100,100.520,3200,100.510,22000,100.500,200,100.430,100,100.410,1100,100.550,300,100.560,1000,100.580,1400,100.590,800,100.600,2020-04-13,10:19:58,00,";
var hq_str_sh603259="药明康德,99.600,100.150,100.610,100.610,98.000,100.610,100.650,2316792,230380669.000,100,100.610,200,100.600,400,100.590,100,100.580,100,100.550,100,100.650,100,100.660,800,100.690,1100,100.700,100,100.730,2020-04-13,10:20:58,00,";
var hq_str_sh603259="药明康德,99.600,100.150,100.800,100.800,98.000,100.730,100.800,2328092,231518627.000,2100,100.730,600,100.720,2000,100.700,8700,100.690,300,100.680,2400,100.800,200,100.810,100,100.840,100,100.850,2000,100.870,2020-04-13,10:21:58,00,";
var hq_str_sh603259="药明康德,99.600,100.150,100.600,100.800,98.000,100.600,100.680,2370892,235829618.000,200,100.600,100,100.580,100,100.550,100,100.540,20700,100.500,400,100.680,1000,100.700,100,100.730,100,100.740,700,100.760,2020-04-13,10:22:58,00,";
var hq_str_sh603259="药明康德,99.600,100.150,100.370,100.800,98.000,100.370,100.390,2419992,240763384.000,1300,100.370,1700,100.360,300,100.350,1400,100.330,1300,100.300,100,100.390,400,100.450,100,100.550,1100,100.600,2500,100.670,2020-04-13,10:23:58,00,";
var hq_str_sh603259="药明康德,99.600,100.150,100.460,100.800,98.000,100.460,100.540,2446092,243385191.000,100,100.460,300,100.380,200,100.360,300,100.340,4900,100.330,400,100.540,500,100.560,2500,100.570,200,100.580,1300,100.600,2020-04-13,10:24:58,00,";
var hq_str_sh603259="药明康德,99.600,100.150,100.300,100.800,98.000,100.290,100.310,2465792,245362859.000,7500,100.290,100,100.280,200,100.260,1100,100.250,1000,100.210,500,100.310,4500,100.330,100,100.410,100,100.430,2100,100.450,2020-04-13,10:25:58,00,";
var hq_str_sh603259="药明康德,99.600,100.150,100.410,100.800,98.000,100.410,100.430,2490792,247871871.000,2600,100.410,100,100.330,100,100.320,5300,100.300,4200,100.290,100,100.430,400,100.450,200,100.570,900,100.580,600,100.590,2020-04-13,10:26:58,00,";
var hq_str_sh603259="药明康德,99.600,100.150,100.290,100.800,98.000,100.290,100.300,2510792,249879208.000,3200,100.290,200,100.280,200,100.260,300,100.250,1000,100.210,300,100.300,700,100.310,100,100.330,300,100.350,100,100.450,2020-04-13,10:27:58,00,";
var hq_str_sh603259="药明康德,99.600,100.150,100.030,100.800,98.000,100.020,100.050,2534392,252245359.000,1000,100.020,200,100.010,6000,100.000,500,99.990,2000,99.970,500,100.050,200,100.080,100,100.150,400,100.170,400,100.200,2020-04-13,10:28:58,00,";
var hq_str_sh603259="药明康德,99.600,100.150,100.250,100.800,98.000,100.210,100.220,2553292,254138985.000,100,100.210,6900,100.200,500,100.180,700,100.150,2200,100.080,100,100.220,900,100.300,100,100.310,200,100.330,200,100.340,2020-04-13,10:30:01,00,";
var hq_str_sh603259="药明康德,99.600,100.150,100.130,100.800,98.000,100.130,100.170,2571692,255982848.000,100,100.130,500,100.100,300,100.090,2000,100.080,2000,100.070,2300,100.170,100,100.260,300,100.280,200,100.300,100,100.310,2020-04-13,10:30:58,00,";
var hq_str_sh603259="药明康德,99.600,100.150,100.090,100.800,98.000,100.090,100.140,2582392,257053934.000,200,100.090,1300,100.080,2100,100.070,2200,100.060,2000,100.050,200,100.140,3900,100.150,500,100.160,2300,100.170,100,100.220,2020-04-13,10:31:58,00,";
var hq_str_sh603259="药明康德,99.600,100.150,100.100,100.800,98.000,100.100,100.110,2602592,259076189.000,100,100.100,2400,100.090,900,100.080,2000,100.070,2300,100.060,500,100.110,200,100.160,300,100.170,1100,100.220,100,100.260,2020-04-13,10:32:58,00,";
var hq_str_sh603259="药明康德,99.600,100.150,100.110,100.800,98.000,100.110,100.120,2610592,259876990.000,2100,100.110,3800,100.100,100,100.090,1900,100.080,800,100.070,300,100.120,200,100.160,300,100.170,1100,100.220,100,100.260,2020-04-13,10:33:58,00,";
var hq_str_sh603259="药明康德,99.600,100.150,100.170,100.800,98.000,100.130,100.170,2616192,260437816.000,2400,100.130,1700,100.120,600,100.110,4400,100.100,300,100.090,200,100.170,300,100.220,200,100.260,200,100.270,1300,100.280,2020-04-13,10:34:58,00,";
var hq_str_sh603259="药明康德,99.600,100.150,100.260,100.800,98.000,100.260,100.270,2621792,260998975.000,500,100.260,3000,100.250,700,100.240,1000,100.220,5200,100.200,200,100.270,1300,100.280,300,100.300,100,100.380,100,100.460,2020-04-13,10:35:58,00,";
var hq_str_sh603259="药明康德,99.600,100.150,100.580,100.800,98.000,100.400,100.500,2637992,262625435.000,200,100.400,100,100.320,1000,100.310,5800,100.300,100,100.280,100,100.500,500,100.580,1200,100.590,2000,100.600,100,100.610,2020-04-13,10:36:58,00,";
var hq_str_sh603259="药明康德,99.600,100.150,100.590,100.800,98.000,100.580,100.590,2651651,263998012.000,5800,100.580,2641,100.410,5400,100.400,1200,100.340,900,100.310,1000,100.590,2000,100.600,100,100.610,100,100.630,1800,100.650,2020-04-13,10:37:58,00,";
var hq_str_sh603259="药明康德,99.600,100.150,100.670,100.800,98.000,100.660,100.670,2668051,265648739.000,3200,100.660,1600,100.650,5800,100.580,500,100.410,1900,100.400,300,100.670,700,100.690,1900,100.720,200,100.730,100,100.740,2020-04-13,10:38:58,00,";
var hq_str_sh603259="药明康德,99.600,100.150,100.700,100.800,98.000,100.680,100.690,2674751,266323394.000,1900,100.680,30300,100.670,1100,100.660,1500,100.650,200,100.620,400,100.690,2900,100.700,200,100.710,2200,100.720,200,100.730,2020-04-13,10:39:58,00,";
var hq_str_sh603259="药明康德,99.600,100.150,100.680,100.800,98.000,100.680,100.690,2695651,268427644.000,7000,100.680,26600,100.670,2100,100.660,1500,100.650,200,100.620,5400,100.690,5400,100.700,100,100.710,2100,100.720,200,100.730,2020-04-13,10:40:58,00,";
var hq_str_sh603259="药明康德,99.600,100.150,100.490,100.800,98.000,100.460,100.470,2751251,274024005.000,100,100.460,1900,100.400,2000,100.320,2100,100.310,7000,100.300,100,100.470,100,100.500,1300,100.510,5200,100.580,300,100.650,2020-04-13,10:41:58,00,";
var hq_str_sh603259="药明康德,99.600,100.150,100.300,100.800,98.000,100.300,100.350,2774551,276362330.000,4000,100.300,100,100.280,100,100.260,700,100.240,100,100.200,300,100.350,500,100.400,2700,100.410,200,100.430,1100,100.440,2020-04-13,10:42:58,00,";
var hq_str_sh603259="药明康德,99.600,100.150,100.350,100.800,98.000,100.320,100.330,2792051,278119602.000,3700,100.320,900,100.310,12200,100.300,2000,100.290,100,100.260,600,100.330,1200,100.580,400,100.610,100,100.650,1000,100.660,2020-04-13,10:43:58,00,";
var hq_str_sh603259="药明康德,99.600,100.150,100.540,100.800,98.000,100.470,100.540,2798651,278783067.000,400,100.470,600,100.360,2400,100.350,3200,100.330,2400,100.320,900,100.540,1900,100.600,400,100.610,1200,100.650,1100,100.660,2020-04-13,10:44:58,00,";
var hq_str_sh603259="药明康德,99.600,100.150,100.630,100.800,98.000,100.630,100.660,2808351,279758814.000,200,100.630,300,100.610,1900,100.600,1700,100.590,1000,100.570,300,100.660,500,100.670,3300,100.680,3500,100.690,6300,100.700,2020-04-13,10:45:58,00,";
var hq_str_sh603259="药明康德,99.600,100.150,100.680,100.800,98.000,100.680,100.690,2822951,281228473.000,1300,100.680,500,100.670,100,100.660,200,100.610,2000,100.600,3500,100.690,6500,100.700,2900,100.720,200,100.730,600,100.740,2020-04-13,10:46:58,00,";
var hq_str_sh603259="药明康德,99.600,100.150,100.800,100.800,98.000,100.770,100.800,2848351,283786676.000,1700,100.770,1000,100.760,500,100.740,100,100.720,500,100.710,400,100.800,100,100.810,100,100.840,100,100.850,500,100.860,2020-04-13,10:47:58,00,";
var hq_str_sh603259="药明康德,99.600,100.150,101.060,101.060,98.000,101.060,101.070,2925771,291602171.000,1700,101.060,400,101.040,880,101.020,3100,101.000,100,100.990,300,101.070,3200,101.080,100,101.090,200,101.100,1000,101.110,2020-04-13,10:48:58,00,";
var hq_str_sh603259="药明康德,99.600,100.150,101.190,101.200,98.000,101.190,101.200,2946571,293705707.000,1100,101.190,300,101.150,3000,101.140,100,101.120,800,101.100,1200,101.200,200,101.210,200,101.220,1000,101.230,100,101.240,2020-04-13,10:50:01,00,";
var hq_str_sh603259="药明康德,99.600,100.150,100.950,101.210,98.000,100.950,101.000,2963371,295404693.000,300,100.950,500,100.930,1000,100.910,2900,100.880,5200,100.870,800,101.000,300,101.020,200,101.030,800,101.100,1100,101.110,2020-04-13,10:50:58,00,";
var hq_str_sh603259="药明康德,99.600,100.150,100.910,101.210,98.000,100.880,100.910,2979171,296999412.000,100,100.880,5200,100.870,1400,100.800,9700,100.780,1000,100.770,6500,100.910,1200,100.920,200,100.970,3900,101.000,1200,101.100,2020-04-13,10:51:56,00,";
var hq_str_sh603259="药明康德,99.600,100.150,101.160,101.210,98.000,101.010,101.160,3026671,301799395.000,100,101.010,4800,101.000,2400,100.920,7000,100.910,500,100.900,300,101.160,1500,101.200,100,101.210,500,101.220,1000,101.230,2020-04-13,10:52:58,00,";
var hq_str_sh603259="药明康德,99.600,100.150,101.560,102.010,98.000,101.380,101.560,3156991,315052067.000,200,101.380,200,101.360,600,101.300,1100,101.230,6600,101.190,100,101.560,500,101.590,400,101.600,700,101.840,1000,101.870,2020-04-13,10:53:58,00,";
var hq_str_sh603259="药明康德,99.600,100.150,101.690,102.010,98.000,101.620,101.690,3199991,319426122.000,1100,101.620,200,101.610,3800,101.600,100,101.520,700,101.510,200,101.690,1100,101.700,400,101.740,100,101.760,300,101.770,2020-04-13,10:54:58,00,";
var hq_str_sh603259="药明康德,99.600,100.150,102.030,102.030,98.000,102.020,102.070,3239491,323449747.000,300,102.020,100,102.010,3800,102.000,1000,101.960,100,101.940,100,102.070,100,102.080,2600,102.100,1000,102.120,600,102.140,2020-04-13,10:55:58,00,";
var hq_str_sh603259="药明康德,99.600,100.150,101.810,102.130,98.000,101.740,101.800,3293391,328948227.000,100,101.740,1300,101.600,100,101.530,100,101.520,800,101.510,100,101.800,600,101.810,100,101.820,300,101.830,9800,101.840,2020-04-13,10:56:58,00,";
var hq_str_sh603259="药明康德,99.600,100.150,101.930,102.130,98.000,101.870,101.930,3331691,332849503.000,200,101.870,2200,101.860,200,101.830,200,101.750,100,101.730,2600,101.930,5500,102.000,200,102.040,100,102.060,100,102.080,2020-04-13,10:57:58,00,";
var hq_str_sh603259="药明康德,99.600,100.150,101.960,102.130,98.000,101.930,101.960,3363391,336081813.000,6300,101.930,3700,101.900,200,101.880,700,101.870,200,101.840,200,101.960,200,101.990,3400,102.000,200,102.040,600,102.050,2020-04-13,10:58:58,00,";
var hq_str_sh603259="药明康德,99.600,100.150,102.010,102.130,98.000,102.010,102.020,3392991,339100540.000,200,102.010,4400,102.000,200,101.970,600,101.960,3400,101.950,200,102.020,300,102.030,500,102.040,700,102.050,100,102.060,2020-04-13,10:59:58,00,";
var hq_str_sh603259="药明康德,99.600,100.150,101.700,102.130,98.000,101.700,101.800,3429691,342839436.000,3400,101.700,100,101.660,1200,101.600,400,101.580,100,101.550,11300,101.800,1300,101.810,300,101.820,500,101.830,200,101.860,2020-04-13,11:00:58,00,";
var hq_str_sh603259="药明康德,99.600,100.150,101.430,102.130,98.000,101.390,101.430,3475291,347469043.000,100,101.390,100,101.380,100,101.370,400,101.360,1900,101.350,1000,101.430,100,101.500,100,101.510,100,101.520,100,101.550,2020-04-13,11:02:01,00,";
var hq_str_sh603259="药明康德,99.600,100.150,101.390,102.130,98.000,101.400,101.410,3489891,348949214.000,800,101.400,4000,101.390,4200,101.360,1200,101.330,2800,101.320,100,101.410,300,101.450,300,101.500,200,101.510,100,101.520,2020-04-13,11:02:58,00,";
var hq_str_sh603259="药明康德,99.600,100.150,101.400,102.130,98.000,101.400,101.410,3497991,349770590.000,500,101.400,600,101.390,1000,101.330,2800,101.320,500,101.310,400,101.410,100,101.420,100,101.480,600,101.500,100,101.510,2020-04-13,11:03:58,00,";
var hq_str_sh603259="药明康德,99.600,100.150,101.450,102.130,98.000,101.410,101.450,3509991,350987598.000,100,101.410,2700,101.400,500,101.390,200,101.360,200,101.340,200,101.450,100,101.490,600,101.500,100,101.510,100,101.520,2020-04-13,11:04:58,00,";
var hq_str_sh603259="药明康德,99.600,100.150,101.420,102.130,98.000,101.420,101.440,3514491,351443960.000,2000,101.420,900,101.410,2700,101.400,500,101.390,200,101.360,2900,101.440,100,101.490,600,101.500,100,101.520,100,101.550,2020-04-13,11:05:58,00,";
var hq_str_sh603259="药明康德,99.600,100.150,101.420,102.130,98.000,101.430,101.440,3524091,352417653.000,600,101.430,900,101.410,1800,101.400,500,101.390,200,101.360,400,101.440,100,101.490,1600,101.500,100,101.520,100,101.550,2020-04-13,11:06:58,00,";
var hq_str_sh603259="药明康德,99.600,100.150,101.300,102.130,98.000,101.300,101.350,3548491,354890428.000,100,101.300,2100,101.220,100,101.150,1200,101.120,3100,101.100,100,101.350,300,101.400,600,101.410,1400,101.420,100,101.430,2020-04-13,11:07:59,00,";
var hq_str_sh603259="药明康德,99.600,100.150,101.260,102.130,98.000,101.260,101.300,3558391,355892542.000,1200,101.260,500,101.220,2800,101.200,5200,101.150,1200,101.120,400,101.300,100,101.310,1700,101.400,200,101.410,1300,101.420,2020-04-13,11:08:58,00,";
var hq_str_sh603259="药明康德,99.600,100.150,101.280,102.130,98.000,101.280,101.300,3569191,356986523.000,900,101.280,500,101.260,200,101.220,8300,101.200,200,101.180,300,101.300,200,101.310,100,101.390,2600,101.400,1300,101.420,2020-04-13,11:09:58,00,";
var hq_str_sh603259="药明康德,99.600,100.150,101.110,102.130,98.000,101.030,101.100,3596691,359768472.000,100,101.030,1400,101.010,8300,101.000,400,100.980,200,100.910,2500,101.100,1600,101.110,2200,101.120,600,101.150,1100,101.250,2020-04-13,11:10:59,00,";
var hq_str_sh603259="药明康德,99.600,100.150,101.130,102.130,98.000,101.060,101.110,3612291,361345541.000,300,101.060,500,101.040,1400,101.030,3800,101.020,6200,101.010,3600,101.110,400,101.140,600,101.150,200,101.170,200,101.280,2020-04-13,11:11:59,00,";
var hq_str_sh603259="药明康德,99.600,100.150,101.110,102.130,98.000,101.070,101.080,3629991,363134066.000,100,101.070,17200,101.060,3900,101.010,7600,101.000,400,100.980,300,101.080,2400,101.110,600,101.150,1200,101.280,200,101.310,2020-04-13,11:12:59,00,";
var hq_str_sh603259="药明康德,99.600,100.150,101.150,102.130,98.000,101.150,101.280,3641291,364276342.000,1600,101.150,4300,101.140,600,101.110,5200,101.100,200,101.070,1500,101.280,200,101.310,100,101.380,1300,101.390,2900,101.400,2020-04-13,11:13:59,00,";
var hq_str_sh603259="药明康德,99.600,100.150,101.300,102.130,98.000,101.210,101.300,3647691,364924343.000,1600,101.210,4700,101.200,100,101.170,100,101.160,1100,101.150,4200,101.300,300,101.310,200,101.380,1500,101.390,2900,101.400,2020-04-13,11:14:58,00,";
var hq_str_sh603259="药明康德,99.600,100.150,101.210,102.130,98.000,101.200,101.210,3662691,366442505.000,2700,101.200,100,101.170,400,101.160,500,101.150,5200,101.100,700,101.210,100,101.250,900,101.290,300,101.310,100,101.380,2020-04-13,11:15:59,00,";
var hq_str_sh603259="药明康德,99.600,100.150,101.150,102.130,98.000,101.110,101.150,3679491,368142066.000,100,101.110,5100,101.100,200,101.090,13200,101.060,200,101.050,900,101.150,300,101.160,10800,101.170,1500,101.180,700,101.210,2020-04-13,11:16:59,00,";
var hq_str_sh603259="药明康德,99.600,100.150,101.150,102.130,98.000,101.160,101.170,3700191,370236057.000,200,101.160,6400,101.150,2200,101.130,15600,101.100,200,101.090,1000,101.170,700,101.180,400,101.190,100,101.210,100,101.250,2020-04-13,11:17:59,00,";
var hq_str_sh603259="药明康德,99.600,100.150,101.150,102.130,98.000,101.150,101.180,3710791,371308336.000,3100,101.150,2200,101.130,15600,101.100,200,101.090,200,101.080,200,101.180,100,101.250,400,101.290,300,101.300,500,101.380,2020-04-13,11:18:59,00,";
var hq_str_sh603259="药明康德,99.600,100.150,101.160,102.130,98.000,101.160,101.250,3711491,371379151.000,2400,101.160,3000,101.150,2200,101.130,15600,101.100,200,101.090,200,101.250,400,101.290,300,101.300,500,101.380,1500,101.390,2020-04-13,11:19:56,00,";
var hq_str_sh603259="药明康德,99.600,100.150,101.250,102.130,98.000,101.200,101.250,3717891,372026982.000,5600,101.200,200,101.190,500,101.180,500,101.160,3100,101.150,100,101.250,400,101.260,200,101.280,1300,101.290,400,101.300,2020-04-13,11:20:59,00,";
var hq_str_sh603259="药明康德,99.600,100.150,101.200,102.130,98.000,101.190,101.200,3738291,374091375.000,3500,101.190,500,101.180,200,101.170,500,101.160,3100,101.150,400,101.200,200,101.220,500,101.240,600,101.250,2700,101.290,2020-04-13,11:21:59,00,";
var hq_str_sh603259="药明康德,99.600,100.150,101.190,102.130,98.000,101.170,101.190,3750791,375356321.000,200,101.170,500,101.160,8100,101.150,2200,101.130,15600,101.100,600,101.190,300,101.200,800,101.240,200,101.250,2700,101.290,2020-04-13,11:22:58,00,";
var hq_str_sh603259="药明康德,99.600,100.150,101.230,102.130,98.000,101.220,101.230,3755991,375882551.000,2300,101.220,5400,101.200,2200,101.190,700,101.160,600,101.150,400,101.230,800,101.240,200,101.250,2700,101.290,700,101.300,2020-04-13,11:23:59,00,";
var hq_str_sh603259="药明康德,99.600,100.150,101.250,102.130,98.000,101.230,101.250,3765291,376824107.000,5000,101.230,600,101.220,5300,101.200,10700,101.190,700,101.160,300,101.250,100,101.290,900,101.300,500,101.380,1500,101.390,2020-04-13,11:24:59,00,";
var hq_str_sh603259="药明康德,99.600,100.150,101.250,102.130,98.000,101.230,101.260,3771491,377451918.000,2100,101.230,600,101.220,5400,101.200,10200,101.190,800,101.160,500,101.260,400,101.300,1100,101.360,500,101.370,500,101.380,2020-04-13,11:26:02,00,";
var hq_str_sh603259="药明康德,99.600,100.150,101.260,102.130,98.000,101.260,101.300,3772691,377573434.000,3300,101.260,1600,101.250,700,101.230,700,101.220,5400,101.200,200,101.300,300,101.350,1100,101.360,500,101.370,500,101.380,2020-04-13,11:26:59,00,";
var hq_str_sh603259="药明康德,99.600,100.150,101.380,102.130,98.000,101.380,101.390,3778291,378140894.000,10700,101.380,1400,101.370,200,101.360,3000,101.350,5200,101.300,700,101.390,2000,101.400,1300,101.420,400,101.440,700,101.450,2020-04-13,11:27:59,00,";
var hq_str_sh603259="药明康德,99.600,100.150,101.460,102.130,98.000,101.460,101.490,3787591,379084198.000,1700,101.460,100,101.450,900,101.440,4000,101.410,10100,101.380,1200,101.490,1100,101.500,200,101.600,300,101.640,100,101.780,2020-04-13,11:28:59,00,";
var hq_str_sh603259="药明康德,99.600,100.150,101.780,102.130,98.000,101.780,101.800,3802891,380640265.000,3800,101.780,2300,101.750,700,101.700,300,101.640,500,101.560,300,101.800,100,101.840,100,101.850,1500,101.860,11300,101.870,2020-04-13,11:29:59,00,";
var hq_str_sh603259="药明康德,99.600,100.150,101.780,102.130,98.000,101.780,101.800,3802891,380640265.000,3800,101.780,2300,101.750,700,101.700,300,101.640,500,101.560,300,101.800,100,101.840,100,101.850,1500,101.860,11300,101.870,2020-04-13,11:30:00,00,";
var hq_str_sh603259="药明康德,99.600,100.150,101.330,102.130,98.000,101.330,101.490,3851391,385562756.000,900,101.330,2200,101.290,200,101.280,600,101.200,100,101.170,200,101.490,700,101.740,7800,101.780,600,101.790,500,101.800,2020-04-13,13:00:59,00,";
var hq_str_sh603259="药明康德,99.600,100.150,101.330,102.130,98.000,101.350,101.480,3858591,386292411.000,100,101.350,2200,101.290,100,101.280,1000,101.200,2200,101.170,300,101.480,700,101.490,200,101.690,2300,101.700,200,101.710,2020-04-13,13:01:59,00,";
var hq_str_sh603259="药明康德,99.600,100.150,101.470,102.130,98.000,101.470,101.560,3872791,387734438.000,1500,101.470,100,101.420,200,101.370,1500,101.320,1500,101.310,200,101.560,600,101.680,500,101.690,1500,101.700,200,101.720,2020-04-13,13:02:57,00,";
var hq_str_sh603259="药明康德,99.600,100.150,101.500,102.130,98.000,101.500,101.510,3879891,388454933.000,5000,101.500,200,101.480,600,101.470,200,101.440,200,101.420,200,101.510,100,101.650,600,101.660,600,101.680,500,101.690,2020-04-13,13:03:59,00,";
var hq_str_sh603259="药明康德,99.600,100.150,101.600,102.130,98.000,101.600,101.650,3891191,389602099.000,8700,101.600,100,101.550,1800,101.510,1700,101.500,100,101.490,1100,101.650,400,101.660,600,101.680,500,101.690,1500,101.700,2020-04-13,13:04:59,00,";
var hq_str_sh603259="药明康德,99.600,100.150,101.660,102.130,98.000,101.650,101.660,3904991,391004490.000,300,101.650,5100,101.620,700,101.610,3700,101.600,100,101.550,700,101.660,1200,101.680,1000,101.690,1500,101.700,200,101.730,2020-04-13,13:05:59,00,";
var hq_str_sh603259="药明康德,99.600,100.150,101.700,102.130,98.000,101.700,101.730,3916291,392153544.000,4500,101.700,200,101.690,3600,101.680,100,101.660,5100,101.620,200,101.730,11400,101.770,15000,101.780,600,101.790,1100,101.800,2020-04-13,13:06:59,00,";
var hq_str_sh603259="药明康德,99.600,100.150,101.700,102.130,98.000,101.700,101.710,3935291,394086159.000,6500,101.700,8600,101.680,100,101.660,5100,101.620,300,101.610,2800,101.710,600,101.730,400,101.740,1700,101.750,1000,101.760,2020-04-13,13:07:59,00,";
var hq_str_sh603259="药明康德,99.600,100.150,101.700,102.130,98.000,101.700,101.710,3967191,397330360.000,1400,101.700,13700,101.680,100,101.630,5300,101.620,300,101.610,600,101.710,1000,101.720,1600,101.730,100,101.740,1400,101.750,2020-04-13,13:08:59,00,";
var hq_str_sh603259="药明康德,99.600,100.150,101.530,102.130,98.000,101.530,101.540,4010991,401782360.000,7700,101.530,1100,101.500,100,101.490,200,101.420,100,101.400,1900,101.540,700,101.550,800,101.560,100,101.590,100,101.630,2020-04-13,13:09:57,00,";
var hq_str_sh603259="药明康德,99.600,100.150,101.400,102.130,98.000,101.350,101.400,4053991,406146758.000,200,101.350,2100,101.330,1500,101.320,1400,101.300,1500,101.180,400,101.400,1100,101.410,200,101.420,200,101.500,600,101.530,2020-04-13,13:10:59,00,";
var hq_str_sh603259="药明康德,99.600,100.150,101.270,102.130,98.000,101.270,101.290,4124491,413284638.000,2000,101.270,100,101.180,100,101.170,3500,101.160,100,101.120,200,101.290,3800,101.320,200,101.360,4300,101.370,1200,101.380,2020-04-13,13:11:59,00,";
var hq_str_sh603259="药明康德,99.600,100.150,101.100,102.130,98.000,101.050,101.100,4164791,417361131.000,100,101.050,6100,101.010,12400,101.000,2000,100.980,300,100.910,11100,101.100,200,101.110,200,101.160,300,101.170,1000,101.200,2020-04-13,13:12:59,00,";
var hq_str_sh603259="药明康德,99.600,100.150,100.910,102.130,98.000,100.910,101.000,4215491,422481516.000,100,100.910,4000,100.900,1200,100.880,5000,100.870,18600,100.850,500,101.000,100,101.030,100,101.050,1000,101.080,800,101.100,2020-04-13,13:13:59,00,";
var hq_str_sh603259="药明康德,99.600,100.150,101.000,102.130,98.000,100.970,101.000,4234391,424390164.000,100,100.970,1100,100.950,1400,100.940,200,100.910,5400,100.900,1100,101.000,100,101.050,800,101.100,200,101.170,600,101.280,2020-04-13,13:14:59,00,";
var hq_str_sh603259="药明康德,99.600,100.150,101.000,102.130,98.000,101.000,101.010,4250991,426066199.000,200,101.000,100,100.950,4600,100.940,300,100.910,10200,100.900,1400,101.010,1300,101.030,2400,101.100,400,101.170,600,101.280,2020-04-13,13:15:59,00,";
var hq_str_sh603259="药明康德,99.600,100.150,100.970,102.130,98.000,100.970,101.000,4258991,426873960.000,3100,100.970,800,100.960,2600,100.940,1200,100.910,10200,100.900,400,101.000,1100,101.020,1300,101.030,2400,101.100,200,101.170,2020-04-13,13:16:59,00,";
var hq_str_sh603259="药明康德,99.600,100.150,101.000,102.130,98.000,100.940,100.970,4286191,429621191.000,1000,100.940,5700,100.900,1000,100.880,5000,100.870,200,100.860,1100,100.970,1500,101.010,200,101.090,2300,101.100,200,101.170,2020-04-13,13:17:59,00,";
var hq_str_sh603259="药明康德,99.600,100.150,100.910,102.130,98.000,100.910,100.920,4305791,431600330.000,4700,100.910,6200,100.900,1000,100.880,5000,100.870,200,100.860,100,100.920,200,100.950,800,100.970,300,100.980,400,100.990,2020-04-13,13:18:59,00,";
var hq_str_sh603259="药明康德,99.600,100.150,100.990,102.130,98.000,100.990,101.000,4321391,433175080.000,12000,100.990,100,100.920,7300,100.900,1100,100.880,5000,100.870,800,101.000,100,101.010,700,101.100,200,101.170,2600,101.270,2020-04-13,13:19:59,00,";
var hq_str_sh603259="药明康德,99.600,100.150,101.200,102.130,98.000,101.050,101.190,4338291,434884869.000,200,101.050,100,101.030,500,101.020,300,101.010,10500,101.000,1200,101.190,1500,101.200,1800,101.210,800,101.220,500,101.240,2020-04-13,13:20:59,00,";
var hq_str_sh603259="药明康德,99.600,100.150,101.010,102.130,98.000,101.000,101.010,4367491,437834274.000,8600,101.000,1300,100.960,200,100.950,200,100.920,200,100.910,200,101.010,500,101.020,700,101.050,500,101.180,500,101.190,2020-04-13,13:21:57,00,";
var hq_str_sh603259="药明康德,99.600,100.150,101.020,102.130,98.000,101.000,101.020,4381691,439268520.000,13900,101.000,1300,100.960,200,100.950,200,100.920,200,100.910,300,101.020,700,101.050,100,101.160,600,101.170,1000,101.180,2020-04-13,13:22:59,00,";
var hq_str_sh603259="药明康德,99.600,100.150,101.010,102.130,98.000,101.000,101.010,4391491,440258343.000,12200,101.000,1900,100.960,200,100.950,200,100.930,200,100.920,900,101.010,500,101.020,500,101.050,2000,101.120,100,101.160,2020-04-13,13:23:59,00,";
var hq_str_sh603259="药明康德,99.600,100.150,101.120,102.130,98.000,101.120,101.140,4405991,441723221.000,1800,101.120,100,101.010,13400,101.000,1700,100.960,200,100.950,600,101.140,100,101.170,1000,101.180,400,101.190,700,101.200,2020-04-13,13:24:59,00,";
var hq_str_sh603259="药明康德,99.600,100.150,101.150,102.130,98.000,101.150,101.180,4413691,442501918.000,300,101.150,1300,101.130,600,101.080,100,101.070,200,101.040,1100,101.180,700,101.200,500,101.240,1500,101.250,400,101.270,2020-04-13,13:25:57,00,";
var hq_str_sh603259="药明康德,99.600,100.150,101.200,102.130,98.000,101.180,101.200,4417591,442896548.000,1000,101.180,1900,101.150,100,101.130,100,101.080,11500,101.000,300,101.200,400,101.270,700,101.280,100,101.350,1400,101.400,2020-04-13,13:26:59,00,";
var hq_str_sh603259="药明康德,99.600,100.150,101.180,102.130,98.000,101.180,101.190,4421491,443291171.000,1300,101.180,1300,101.150,700,101.130,11200,101.000,1700,100.960,700,101.190,1600,101.200,500,101.220,400,101.270,700,101.280,2020-04-13,13:27:59,00,";
var hq_str_sh603259="药明康德,99.600,100.150,101.150,102.130,98.000,101.130,101.150,4429691,444120708.000,2200,101.130,200,101.060,1600,101.010,10900,101.000,1700,100.960,600,101.150,1600,101.160,300,101.180,100,101.190,1900,101.200,2020-04-13,13:28:59,00,";
var hq_str_sh603259="药明康德,99.600,100.150,101.000,102.130,98.000,101.000,101.010,4437491,444908961.000,8100,101.000,1200,100.960,200,100.920,200,100.910,700,100.900,400,101.010,400,101.020,300,101.060,400,101.080,100,101.100,2020-04-13,13:29:59,00,";
var hq_str_sh603259="药明康德,99.600,100.150,100.750,102.130,98.000,100.720,100.810,4472991,448490573.000,100,100.720,100,100.710,200,100.700,100,100.610,100,100.600,3600,100.810,100,100.820,100,100.850,2900,100.870,100,100.880,2020-04-13,13:30:59,00,";
var hq_str_sh603259="药明康德,99.600,100.150,101.000,102.130,98.000,100.840,101.000,4497791,450992253.000,2600,100.840,3500,100.800,200,100.760,100,100.720,1500,100.710,600,101.000,300,101.060,100,101.080,100,101.100,1200,101.130,2020-04-13,13:31:59,00,";
var hq_str_sh603259="药明康德,99.600,100.150,100.900,102.130,98.000,100.850,100.900,4503791,451597676.000,700,100.850,2500,100.840,3300,100.800,100,100.760,100,100.720,800,100.900,300,100.910,500,100.920,500,101.000,700,101.050,2020-04-13,13:32:59,00,";
var hq_str_sh603259="药明康德,99.600,100.150,100.800,102.130,98.000,100.800,100.820,4516991,452928712.000,100,100.800,300,100.760,1000,100.720,1500,100.710,5200,100.700,100,100.820,400,100.850,400,100.870,1000,100.880,600,100.890,2020-04-13,13:33:59,00,";
var hq_str_sh603259="药明康德,99.600,100.150,100.810,102.130,98.000,100.820,100.850,4529691,454208950.000,400,100.820,3400,100.800,700,100.790,700,100.760,100,100.740,400,100.850,1300,100.890,1400,100.900,200,100.910,200,100.990,2020-04-13,13:34:59,00,";
var hq_str_sh603259="药明康德,99.600,100.150,100.770,102.130,98.000,100.760,100.790,4550691,456326045.000,600,100.760,1500,100.740,200,100.730,1300,100.720,100,100.710,100,100.790,9000,100.800,600,100.840,300,100.900,200,100.910,2020-04-13,13:35:59,00,";
var hq_str_sh603259="药明康德,99.600,100.150,100.760,102.130,98.000,100.750,100.760,4568291,458099819.000,300,100.750,600,100.740,300,100.730,1300,100.720,300,100.710,600,100.760,2800,100.770,200,100.800,400,100.850,300,100.900,2020-04-13,13:36:59,00,";
var hq_str_sh603259="药明康德,99.600,100.150,100.740,102.130,98.000,100.740,100.750,4572491,458522992.000,800,100.740,300,100.730,1200,100.720,300,100.710,10500,100.700,200,100.750,1600,100.760,300,100.900,200,100.910,800,100.990,2020-04-13,13:37:59,00,";
var hq_str_sh603259="药明康德,99.600,100.150,100.610,102.130,98.000,100.610,100.630,4588891,460174543.000,100,100.610,1900,100.600,700,100.590,100,100.530,100,100.510,200,100.630,400,100.650,4400,100.700,100,100.710,1700,100.720,2020-04-13,13:38:59,00,";
var hq_str_sh603259="药明康德,99.600,100.150,100.660,102.130,98.000,100.660,100.690,4607891,462086205.000,500,100.660,100,100.600,500,100.550,200,100.540,200,100.530,100,100.690,1400,100.700,900,100.720,800,100.740,100,100.750,2020-04-13,13:39:59,00,";
var hq_str_sh603259="药明康德,99.600,100.150,100.810,102.130,98.000,100.810,100.900,4627191,464029754.000,100,100.810,100,100.750,200,100.720,200,100.710,7200,100.700,400,100.900,200,100.910,1300,100.980,2200,100.990,4100,101.000,2020-04-13,13:40:59,00,";
var hq_str_sh603259="药明康德,99.600,100.150,100.810,102.130,98.000,100.800,100.810,4637671,465086275.000,3700,100.800,320,100.760,300,100.720,1300,100.710,1900,100.700,340,100.810,1000,100.850,1600,100.860,400,100.910,200,100.960,2020-04-13,13:41:59,00,";
var hq_str_sh603259="药明康德,99.600,100.150,100.800,102.130,98.000,100.780,100.800,4653671,466699270.000,500,100.780,120,100.760,1100,100.720,400,100.710,100,100.700,1188,100.800,400,100.810,100,100.850,1800,100.860,100,100.900,2020-04-13,13:42:58,00,";
var hq_str_sh603259="药明康德,99.600,100.150,100.680,102.130,98.000,100.610,100.680,4662291,467567383.000,700,100.610,300,100.600,2000,100.580,100,100.540,200,100.530,400,100.680,500,100.700,400,100.710,100,100.720,152,100.780,2020-04-13,13:43:57,00,";
var hq_str_sh603259="药明康德,99.600,100.150,100.590,102.130,98.000,100.590,100.600,4666604,468001254.000,87,100.590,1900,100.580,200,100.530,1400,100.510,10800,100.500,600,100.600,200,100.610,100,100.680,400,100.700,100,100.760,2020-04-13,13:44:57,00,";
var hq_str_sh603259="药明康德,99.600,100.150,100.510,102.130,98.000,100.500,100.520,4672791,468623301.000,10800,100.500,700,100.490,200,100.460,300,100.450,200,100.430,300,100.520,300,100.530,200,100.560,780,100.580,4913,100.590,2020-04-13,13:45:59,00,";
var hq_str_sh603259="药明康德,99.600,100.150,100.610,102.130,98.000,100.610,100.680,4699663,471324958.000,700,100.610,1807,100.600,300,100.510,10721,100.500,800,100.490,2300,100.680,400,100.700,100,100.760,100,100.850,1600,100.860,2020-04-13,13:46:59,00,";
var hq_str_sh603259="药明康德,99.600,100.150,100.610,102.130,98.000,100.610,100.650,4705063,471868263.000,507,100.610,200,100.550,300,100.540,200,100.530,1500,100.510,100,100.650,200,100.660,100,100.670,1900,100.680,400,100.700,2020-04-13,13:47:57,00,";
var hq_str_sh603259="药明康德,99.600,100.150,100.530,102.130,98.000,100.510,100.550,4707770,472140516.000,1300,100.510,11721,100.500,700,100.490,100,100.470,200,100.460,1000,100.550,300,100.600,200,100.660,100,100.670,100,100.680,2020-04-13,13:48:58,00,";
var hq_str_sh603259="药明康德,99.600,100.150,100.630,102.130,98.000,100.630,100.650,4718063,473175785.000,900,100.630,107,100.600,3500,100.510,11721,100.500,700,100.490,100,100.650,200,100.660,400,100.670,300,100.700,200,100.720,2020-04-13,13:49:57,00,";
var hq_str_sh603259="药明康德,99.600,100.150,100.500,102.130,98.000,100.450,100.550,4762970,477688735.000,600,100.450,100,100.410,900,100.380,100,100.340,1500,100.330,500,100.550,100,100.650,200,100.660,100,100.670,300,100.700,2020-04-13,13:50:59,00,";
var hq_str_sh603259="药明康德,99.600,100.150,100.610,102.130,98.000,100.610,100.650,4775970,478994784.000,400,100.610,100,100.550,1200,100.510,1500,100.500,100,100.480,200,100.650,200,100.660,100,100.670,300,100.700,200,100.720,2020-04-13,13:51:59,00,";
var hq_str_sh603259="药明康德,99.600,100.150,100.600,102.130,98.000,100.600,100.660,4798213,481233509.000,4700,100.600,200,100.580,900,100.550,200,100.540,100,100.520,2300,100.660,200,100.690,100,100.760,100,100.850,600,100.900,2020-04-13,13:52:58,00,";
var hq_str_sh603259="药明康德,99.600,100.150,101.050,102.130,98.000,101.010,101.050,4817613,483191266.000,100,101.010,700,100.980,100,100.940,200,100.920,14000,100.900,200,101.050,300,101.060,100,101.080,1500,101.130,100,101.180,2020-04-13,13:53:58,00,";
var hq_str_sh603259="药明康德,99.600,100.150,101.100,102.130,98.000,101.100,101.110,4827713,484212347.000,3700,101.100,100,101.060,500,101.000,100,100.940,300,100.910,400,101.110,700,101.140,4400,101.150,300,101.170,500,101.190,2020-04-13,13:54:59,00,";
var hq_str_sh603259="药明康德,99.600,100.150,101.150,102.130,98.000,101.110,101.150,4846313,486093222.000,1000,101.110,18900,101.100,200,101.090,100,101.060,900,101.000,1600,101.150,300,101.170,100,101.180,300,101.190,7000,101.200,2020-04-13,13:55:59,00,";
var hq_str_sh603259="药明康德,99.600,100.150,101.260,102.130,98.000,101.240,101.250,4874513,488947185.000,3000,101.240,1400,101.210,15100,101.200,400,101.170,200,101.150,400,101.250,1200,101.260,800,101.270,700,101.280,2000,101.300,2020-04-13,13:56:59,00,";
var hq_str_sh603259="药明康德,99.600,100.150,101.200,102.130,98.000,101.200,101.210,4901013,491630067.000,14400,101.200,400,101.170,200,101.150,200,101.130,400,101.110,1000,101.210,400,101.220,200,101.230,400,101.240,400,101.250,2020-04-13,13:57:59,00,";
var hq_str_sh603259="药明康德,99.600,100.150,101.130,102.130,98.000,101.130,101.150,4922813,493835844.000,1500,101.130,300,101.110,900,101.100,100,101.090,100,101.060,300,101.150,200,101.160,300,101.170,3500,101.200,4300,101.210,2020-04-13,13:58:59,00,";
var hq_str_sh603259="药明康德,99.600,100.150,101.080,102.130,98.000,101.080,101.090,4947813,496363354.000,16600,101.080,5800,101.000,500,100.820,600,100.810,700,100.800,1040,101.090,5100,101.100,1000,101.110,1800,101.150,100,101.190,2020-04-13,13:59:59,00,";
var hq_str_sh603259="药明康德,99.600,100.150,101.040,102.130,98.000,101.000,101.040,4976853,499298688.000,8860,101.000,700,100.830,600,100.810,700,100.800,100,100.760,1100,101.040,1100,101.080,900,101.100,900,101.110,100,101.130,2020-04-13,14:00:58,00,";
var hq_str_sh603259="药明康德,99.600,100.150,100.900,102.130,98.000,100.900,100.920,4989453,500570957.000,2600,100.900,600,100.830,200,100.820,600,100.810,700,100.800,300,100.920,300,100.950,400,101.000,1100,101.040,100,101.050,2020-04-13,14:01:59,00,";
var hq_str_sh603259="药明康德,99.600,100.150,100.830,102.130,98.000,100.840,100.900,4997753,501408252.000,600,100.840,200,100.830,400,100.820,100,100.810,6000,100.800,300,100.900,400,100.920,400,101.000,300,101.040,100,101.050,2020-04-13,14:02:59,00,";
var hq_str_sh603259="药明康德,99.600,100.150,100.910,102.130,98.000,100.890,100.900,5002853,501922785.000,1600,100.890,600,100.880,2300,100.860,400,100.850,1800,100.840,400,100.900,100,100.920,100,100.970,800,101.000,300,101.040,2020-04-13,14:03:59,00,";
var hq_str_sh603259="药明康德,99.600,100.150,100.930,102.130,98.000,100.920,100.930,5051653,506861584.000,3400,100.920,100,100.910,3200,100.900,20500,100.890,600,100.880,1000,100.930,100,100.980,6500,101.680,1300,101.690,700,101.700,2020-04-13,14:04:59,00,";
var hq_str_sh603259="药明康德,99.600,100.150,100.980,102.130,98.000,100.960,101.020,5078853,509609676.000,300,100.960,900,100.950,5700,100.900,25000,100.890,600,100.880,1100,101.020,100,101.030,800,101.060,900,101.110,500,101.220,2020-04-13,14:05:59,00,";
var hq_str_sh603259="药明康德,99.600,100.150,100.940,102.130,98.000,100.930,100.940,5087553,510487886.000,1200,100.930,1900,100.910,7200,100.900,25000,100.890,600,100.880,300,100.940,220,100.950,1200,100.960,1300,100.980,1300,100.990,2020-04-13,14:06:59,00,";
var hq_str_sh603259="药明康德,99.600,100.150,100.920,102.130,98.000,100.900,100.940,5096653,511406436.000,7600,100.900,25000,100.890,700,100.880,900,100.850,300,100.810,300,100.940,700,100.950,700,100.960,1120,100.980,1200,100.990,2020-04-13,14:07:59,00,";
var hq_str_sh603259="药明康德,99.600,100.150,100.950,102.130,98.000,100.910,100.950,5100353,511779873.000,200,100.910,7200,100.900,24800,100.890,700,100.880,200,100.870,100,100.950,1000,100.960,1120,100.980,1200,100.990,200,101.000,2020-04-13,14:08:58,00,";
var hq_str_sh603259="药明康德,99.600,100.150,100.910,102.130,98.000,100.910,100.920,5104453,512193597.000,1000,100.910,5300,100.900,24800,100.890,500,100.880,200,100.870,700,100.920,1000,100.950,800,100.960,1120,100.980,1200,100.990,2020-04-13,14:09:58,00,";
var hq_str_sh603259="药明康德,99.600,100.150,100.730,102.130,98.000,100.660,100.760,5143753,516158501.000,400,100.660,1000,100.610,1100,100.600,200,100.550,100,100.530,500,100.760,300,100.800,1100,100.810,2000,100.830,200,100.840,2020-04-13,14:10:59,00,";
var hq_str_sh603259="药明康德,99.600,100.150,100.720,102.130,98.000,100.680,100.700,5175253,519332053.000,200,100.680,300,100.610,8000,100.600,800,100.540,100,100.530,300,100.700,500,100.720,8600,100.760,600,100.890,300,100.950,2020-04-13,14:11:59,00,";
var hq_str_sh603259="药明康德,99.600,100.150,100.830,102.130,98.000,100.760,100.830,5195453,521367259.000,600,100.760,200,100.740,5100,100.700,500,100.650,200,100.630,500,100.830,1300,100.900,900,100.910,1120,100.980,1200,100.990,2020-04-13,14:12:59,00,";
var hq_str_sh603259="药明康德,99.600,100.150,100.830,102.130,98.000,100.830,100.840,5204253,522254542.000,15600,100.830,200,100.770,800,100.760,1000,100.750,200,100.740,100,100.840,300,100.860,1500,100.900,300,100.910,1120,100.980,2020-04-13,14:13:58,00,";
var hq_str_sh603259="药明康德,99.600,100.150,100.830,102.130,98.000,100.830,100.840,5220753,523918493.000,13800,100.830,200,100.770,1000,100.750,200,100.740,500,100.650,400,100.840,100,100.850,100,100.890,1100,100.900,100,100.910,2020-04-13,14:14:59,00,";
var hq_str_sh603259="药明康德,99.600,100.150,100.980,102.130,98.000,100.980,100.990,5227073,524556173.000,280,100.980,100,100.970,100,100.950,500,100.940,200,100.920,1200,100.990,400,101.000,1400,101.010,900,101.020,100,101.090,2020-04-13,14:15:59,00,";
var hq_str_sh603259="药明康德,99.600,100.150,100.990,102.130,98.000,100.900,100.920,5239073,525767805.000,37780,100.900,500,100.850,300,100.840,12300,100.830,200,100.820,800,100.920,600,101.000,100,101.090,20000,101.100,800,101.150,2020-04-13,14:16:59,00,";
var hq_str_sh603259="药明康德,99.600,100.150,101.150,102.130,98.000,101.100,101.200,5296419,531566302.000,300,101.100,2300,101.050,200,101.020,8800,101.000,500,100.950,8500,101.200,100,101.210,500,101.220,1100,101.250,100,101.300,2020-04-13,14:17:59,00,";
var hq_str_sh603259="药明康德,99.600,100.150,101.250,102.130,98.000,101.200,101.250,5313319,533276662.000,800,101.200,300,101.150,300,101.100,2100,101.050,8800,101.000,2700,101.250,100,101.290,100,101.300,900,101.330,100,101.350,2020-04-13,14:18:59,00,";
var hq_str_sh603259="药明康德,99.600,100.150,101.020,102.130,98.000,101.010,101.020,5351419,537136176.000,5300,101.010,18300,101.000,100,100.920,2000,100.910,37280,100.900,800,101.020,600,101.030,500,101.050,400,101.150,300,101.200,2020-04-13,14:19:59,00,";
var hq_str_sh603259="药明康德,99.600,100.150,101.000,102.130,98.000,101.000,101.010,5368619,538873470.000,13000,101.000,500,100.950,200,100.940,100,100.920,2100,100.910,1400,101.010,100,101.020,600,101.050,240,101.100,200,101.150,2020-04-13,14:20:59,00,";
var hq_str_sh603259="药明康德,99.600,100.150,100.970,102.130,98.000,100.950,100.970,5386819,540711687.000,1600,100.950,200,100.940,100,100.920,100,100.910,37380,100.900,200,100.970,1100,101.000,100,101.020,600,101.050,240,101.100,2020-04-13,14:21:59,00,";
var hq_str_sh603259="药明康德,99.600,100.150,101.050,102.130,98.000,101.040,101.050,5390062,541039229.000,2800,101.040,100,101.020,2000,101.010,9357,101.000,300,100.990,200,101.050,240,101.100,400,101.110,200,101.140,100,101.190,2020-04-13,14:22:58,00,";
var hq_str_sh603259="药明康德,99.600,100.150,101.110,102.130,98.000,101.060,101.100,5403762,542424094.000,1500,101.060,400,101.050,3000,101.040,100,101.020,4100,101.010,500,101.100,440,101.110,300,101.150,3100,101.190,500,101.200,2020-04-13,14:23:59,00,";
var hq_str_sh603259="药明康德,99.600,100.150,101.110,102.130,98.000,101.110,101.120,5405602,542610124.000,2260,101.110,300,101.060,400,101.050,3000,101.040,100,101.020,200,101.120,100,101.140,300,101.150,700,101.180,3100,101.190,2020-04-13,14:24:59,00,";
var hq_str_sh603259="药明康德,99.600,100.150,101.040,102.130,98.000,101.020,101.040,5416362,543697924.000,1900,101.020,4100,101.010,9457,101.000,200,100.980,100,100.970,200,101.040,300,101.060,7040,101.100,600,101.110,100,101.160,2020-04-13,14:25:59,00,";
var hq_str_sh603259="药明康德,99.600,100.150,100.980,102.130,98.000,100.980,100.990,5465819,548693168.000,900,100.980,100,100.950,100,100.920,800,100.910,37480,100.900,10200,100.990,16343,101.000,100,101.010,4300,101.020,400,101.040,2020-04-13,14:26:59,00,";
var hq_str_sh603259="药明康德,99.600,100.150,100.950,102.130,98.000,100.900,101.000,5497019,551842934.000,34180,100.900,900,100.860,200,100.840,4300,100.810,39900,100.800,11843,101.000,4300,101.020,500,101.040,2000,101.050,2000,101.060,2020-04-13,14:27:59,00,";
var hq_str_sh603259="药明康德,99.600,100.150,101.380,102.130,98.000,101.280,101.380,5712802,573682803.000,100,101.280,300,101.260,1400,101.250,2000,101.200,200,101.150,800,101.380,1900,101.490,13200,101.500,1300,101.580,4200,101.590,2020-04-13,14:28:59,00,";
var hq_str_sh603259="药明康德,99.600,100.150,101.400,102.130,98.000,101.370,101.400,5844602,587067968.000,700,101.370,800,101.270,700,101.260,1400,101.250,1000,101.230,200,101.400,1100,101.410,2400,101.420,100,101.470,2100,101.480,2020-04-13,14:29:59,00,";
var hq_str_sh603259="药明康德,99.600,100.150,101.330,102.130,98.000,101.330,101.340,5865102,589142929.000,100,101.330,300,101.240,1800,101.230,500,101.220,24000,101.210,800,101.340,400,101.350,100,101.360,9200,101.370,200,101.390,2020-04-13,14:30:59,00,";
var hq_str_sh603259="药明康德,99.600,100.150,101.280,102.130,98.000,101.210,101.230,5869502,589588476.000,24000,101.210,66100,101.200,500,101.150,200,101.120,300,101.110,200,101.230,400,101.240,100,101.280,5600,101.300,4800,101.310,2020-04-13,14:31:59,00,";
var hq_str_sh603259="药明康德,99.600,100.150,101.120,102.130,98.000,101.100,101.120,6113502,614302931.000,60000,101.100,200,101.040,3000,101.010,53300,101.000,100,100.950,2500,101.120,1600,101.130,5400,101.150,8200,101.170,10700,101.200,2020-04-13,14:32:59,00,";
var hq_str_sh603259="药明康德,99.600,100.150,101.000,102.130,98.000,101.000,101.010,6139402,616918908.000,4000,101.000,100,100.950,200,100.910,1600,100.900,200,100.880,400,101.010,100,101.060,10800,101.200,400,101.220,100,101.300,2020-04-13,14:33:59,00,";
var hq_str_sh603259="药明康德,99.600,100.150,101.030,102.130,98.000,101.030,101.040,6146802,617666362.000,700,101.030,100,101.020,2700,101.010,1400,101.000,100,100.950,300,101.040,100,101.060,200,101.190,10800,101.200,400,101.220,2020-04-13,14:34:59,00,";
var hq_str_sh603259="药明康德,99.600,100.150,101.170,102.130,98.000,101.060,101.170,6152702,618262565.000,2800,101.060,800,101.020,4300,101.010,2400,101.000,700,100.970,900,101.170,200,101.180,200,101.190,11000,101.200,400,101.220,2020-04-13,14:35:58,00,";
var hq_str_sh603259="药明康德,99.600,100.150,101.160,102.130,98.000,101.080,101.160,6160002,619000362.000,1000,101.080,300,101.030,500,101.020,4200,101.010,13500,101.000,200,101.160,1400,101.170,300,101.180,500,101.190,11000,101.200,2020-04-13,14:36:59,00,";
var hq_str_sh603259="药明康德,99.600,100.150,101.080,102.130,98.000,101.080,101.090,6163902,619394790.000,600,101.080,300,101.020,2700,101.010,13100,101.000,200,100.950,700,101.090,340,101.100,300,101.140,500,101.150,700,101.170,2020-04-13,14:37:59,00,";
var hq_str_sh603259="药明康德,99.600,100.150,101.030,102.130,98.000,101.020,101.030,6171202,620132460.000,2500,101.020,1200,101.010,13100,101.000,200,100.950,200,100.910,100,101.030,400,101.050,100,101.060,500,101.070,340,101.100,2020-04-13,14:38:59,00,";
var hq_str_sh603259="药明康德,99.600,100.150,101.000,102.130,98.000,101.000,101.020,6177902,620809258.000,20000,101.000,100,100.960,200,100.950,200,100.910,400,100.900,1500,101.020,900,101.030,100,101.060,100,101.070,340,101.100,2020-04-13,14:39:59,00,";
var hq_str_sh603259="药明康德,99.600,100.150,100.860,102.130,98.000,100.860,100.870,6197702,622808901.000,200,100.860,200,100.840,100,100.830,4600,100.800,100,100.780,800,100.870,600,100.910,300,100.960,300,101.000,400,101.010,2020-04-13,14:40:59,00,";
var hq_str_sh603259="药明康德,99.600,100.150,101.000,102.130,98.000,100.880,101.000,6220402,625101456.000,400,100.880,7900,100.860,200,100.840,1200,100.810,300,100.800,600,101.000,400,101.010,700,101.030,100,101.060,100,101.070,2020-04-13,14:41:59,00,";
var hq_str_sh603259="药明康德,99.600,100.150,100.860,102.130,98.000,100.860,100.870,6224702,625535327.000,6300,100.860,200,100.840,100,100.820,1200,100.810,800,100.800,100,100.870,900,100.880,1500,100.900,1400,100.920,600,100.950,2020-04-13,14:42:59,00,";
var hq_str_sh603259="药明康德,99.600,100.150,100.900,102.130,98.000,100.900,100.920,6232802,626352464.000,2300,100.900,1500,100.870,5500,100.860,200,100.840,400,100.820,1000,100.920,1100,100.930,1100,100.940,600,100.950,600,100.960,2020-04-13,14:43:59,00,";
var hq_str_sh603259="药明康德,99.600,100.150,100.940,102.130,98.000,100.940,100.950,6241502,627230583.000,100,100.940,900,100.930,1600,100.920,400,100.910,14600,100.900,200,100.950,600,100.960,500,100.970,3000,100.990,2700,101.000,2020-04-13,14:44:59,00,";
var hq_str_sh603259="药明康德,99.600,100.150,100.950,102.130,98.000,100.930,100.950,6263002,629401541.000,1100,100.930,1600,100.920,400,100.910,14600,100.900,200,100.890,400,100.950,1600,100.970,1100,101.000,100,101.010,1000,101.020,2020-04-13,14:45:59,00,";
var hq_str_sh603259="药明康德,99.600,100.150,100.930,102.130,98.000,100.930,100.940,6277202,630834863.000,2800,100.930,1000,100.920,100,100.910,15000,100.900,200,100.890,1300,100.940,1600,100.950,2300,100.990,2100,101.000,100,101.010,2020-04-13,14:46:59,00,";
var hq_str_sh603259="药明康德,99.600,100.150,100.950,102.130,98.000,100.950,100.970,6292102,632338886.000,1700,100.950,100,100.940,200,100.930,700,100.920,900,100.910,400,100.970,2200,100.990,2100,101.000,100,101.010,1000,101.020,2020-04-13,14:47:58,00,";
var hq_str_sh603259="药明康德,99.600,100.150,101.010,102.130,98.000,101.010,101.020,6310502,634197101.000,2900,101.010,6100,101.000,2500,100.970,100,100.960,200,100.950,200,101.020,700,101.030,600,101.050,100,101.060,100,101.070,2020-04-13,14:48:59,00,";
var hq_str_sh603259="药明康德,99.600,100.150,101.040,102.130,98.000,101.020,101.040,6320302,635187213.000,1100,101.020,200,101.010,6500,101.000,2500,100.970,200,100.960,500,101.040,700,101.050,600,101.060,1000,101.070,100,101.080,2020-04-13,14:49:58,00,";
var hq_str_sh603259="药明康德,99.600,100.150,101.010,102.130,98.000,101.000,101.010,6332102,636379312.000,7100,101.000,2500,100.970,200,100.960,100,100.950,300,100.940,100,101.010,600,101.020,200,101.050,1000,101.070,100,101.080,2020-04-13,14:50:58,00,";
var hq_str_sh603259="药明康德,99.600,100.150,101.030,102.130,98.000,101.010,101.050,6344402,637621742.000,800,101.010,6000,101.000,2500,100.970,200,100.960,200,100.950,3700,101.050,100,101.070,400,101.080,1100,101.090,12840,101.100,2020-04-13,14:51:59,00,";
var hq_str_sh603259="药明康德,99.600,100.150,101.070,102.130,98.000,101.040,101.070,6365702,639773786.000,300,101.040,4300,101.030,100,101.020,700,101.010,6000,101.000,2400,101.070,2700,101.080,1600,101.090,13140,101.100,100,101.110,2020-04-13,14:52:59,00,";
var hq_str_sh603259="药明康德,99.600,100.150,101.040,102.130,98.000,101.000,101.040,6382802,641501489.000,7300,101.000,200,100.990,400,100.980,200,100.960,200,100.950,1800,101.040,2700,101.050,500,101.060,400,101.070,2800,101.080,2020-04-13,14:53:59,00,";
var hq_str_sh603259="药明康德,99.600,100.150,101.010,102.130,98.000,101.010,101.030,6404502,643693677.000,700,101.010,4500,101.000,100,100.970,600,100.960,1800,100.950,1100,101.030,3300,101.040,1500,101.050,500,101.060,600,101.070,2020-04-13,14:54:59,00,";
var hq_str_sh603259="药明康德,99.600,100.150,100.980,102.130,98.000,100.980,100.990,6440902,647368721.000,400,100.980,800,100.970,1800,100.920,500,100.910,11100,100.900,300,100.990,900,101.000,1583,101.030,3000,101.040,1500,101.050,2020-04-13,14:55:59,00,";
var hq_str_sh603259="药明康德,99.600,100.150,101.080,102.130,98.000,101.080,101.090,6478802,651197165.000,18800,101.080,200,101.020,900,101.010,27600,101.000,3100,100.990,700,101.090,13000,101.100,1500,101.110,1400,101.150,600,101.170,2020-04-13,14:56:59,00,";
var hq_str_sh603259="药明康德,99.600,100.150,101.080,102.130,98.000,101.090,101.090,6478802,651197165.000,49700,101.090,1500,0.000,0,0.000,0,0.000,0,0.000,49700,101.090,0,0.000,0,0.000,0,0.000,0,0.000,2020-04-13,14:57:59,00,";
var hq_str_sh603259="药明康德,99.600,100.150,101.080,102.130,98.000,101.090,101.090,6478802,651197165.000,65720,101.090,4080,0.000,0,0.000,0,0.000,0,0.000,65720,101.090,0,0.000,0,0.000,0,0.000,0,0.000,2020-04-13,14:58:59,00,";
