var hq_str_sh603259="药明康德,100.650,100.580,100.650,100.650,100.650,100.650,100.680,72727,7319973.000,22773,100.650,100,100.640,100,100.620,64400,100.600,900,100.590,300,100.680,100,100.980,2460,101.000,200,101.080,100,101.200,2020-07-17,09:29:51,00,";
var hq_str_sh603259="药明康德,100.650,100.580,101.370,101.700,100.650,101.300,101.370,280247,28294671.000,100,101.300,600,101.280,100,101.210,6160,101.200,6700,101.190,100,101.370,400,101.800,1200,101.830,300,101.870,100,101.890,2020-07-17,09:30:58,00,";
var hq_str_sh603259="药明康德,100.650,100.580,101.200,102.000,100.650,100.950,101.200,594081,60066805.000,1000,100.950,300,100.830,100,100.800,100,100.770,400,100.760,2000,101.200,3600,101.220,700,101.310,900,101.370,1100,101.400,2020-07-17,09:31:58,00,";
var hq_str_sh603259="药明康德,100.650,100.580,101.850,102.000,100.650,101.840,101.850,753681,76240159.000,100,101.840,300,101.600,6100,101.580,14500,101.510,500,101.500,400,101.850,200,101.880,400,101.890,800,101.920,400,101.930,2020-07-17,09:33:01,00,";
var hq_str_sh603259="药明康德,100.650,100.580,101.610,102.000,100.650,101.610,101.680,948398,96030881.000,2100,101.610,27200,101.600,20700,101.510,2700,101.500,100,101.490,3200,101.680,1700,101.690,1380,101.700,300,101.710,1600,101.730,2020-07-17,09:33:58,00,";
var hq_str_sh603259="药明康德,100.650,100.580,101.790,102.000,100.650,101.750,101.790,1098778,111342901.000,900,101.750,1000,101.730,32200,101.720,6420,101.710,600,101.700,4700,101.790,6220,101.800,100,101.810,400,101.900,10500,101.910,2020-07-17,09:34:58,00,";
var hq_str_sh603259="药明康德,100.650,100.580,100.760,102.000,100.650,100.760,100.830,1362458,138065103.000,340,100.760,8300,100.750,34200,100.740,1800,100.730,300,100.720,4300,100.830,200,100.850,100,100.900,1640,100.910,500,100.940,2020-07-17,09:35:58,00,";
var hq_str_sh603259="药明康德,100.650,100.580,101.130,102.000,100.650,101.130,101.320,1639598,166024884.000,23000,101.130,1400,101.120,100,101.090,260,101.000,700,100.970,3900,101.320,200,101.370,3000,101.430,1000,101.440,100,101.450,2020-07-17,09:36:58,00,";
var hq_str_sh603259="药明康德,100.650,100.580,101.520,102.000,100.650,101.530,101.540,1772498,179476611.000,1100,101.530,4300,101.510,900,101.500,900,101.490,300,101.480,100,101.540,200,101.580,400,101.600,100,101.650,2300,101.660,2020-07-17,09:37:58,00,";
var hq_str_sh603259="药明康德,100.650,100.580,101.960,102.000,100.650,101.960,101.970,1843758,186728799.000,100,101.960,700,101.940,400,101.920,2700,101.910,4400,101.900,600,101.970,1500,101.980,6200,101.990,24540,102.000,100,102.010,2020-07-17,09:38:58,00,";
var hq_str_sh603259="药明康德,100.650,100.580,102.680,102.800,100.650,102.580,102.780,1990098,201700792.000,3800,102.580,7100,102.500,1200,102.450,600,102.390,200,102.360,100,102.780,500,102.800,300,102.830,800,102.850,2200,102.870,2020-07-17,09:39:58,00,";
var hq_str_sh603259="药明康德,100.650,100.580,102.750,102.970,100.650,102.730,102.750,2144838,217607778.000,200,102.730,5300,102.690,1460,102.680,1600,102.660,3400,102.580,2900,102.750,100,102.770,200,102.790,2500,102.800,500,102.830,2020-07-17,09:40:46,00,";
var hq_str_sh603259="药明康德,100.650,100.580,102.110,102.970,100.650,102.100,102.110,2274998,230923788.000,2300,102.100,700,102.090,500,102.080,100,102.070,200,102.060,2000,102.110,200,102.120,1000,102.190,200,102.200,6580,102.210,2020-07-17,09:41:58,00,";
var hq_str_sh603259="药明康德,100.650,100.580,101.700,102.970,100.650,101.700,101.770,2417038,245422495.000,4180,101.700,2300,101.690,100,101.680,400,101.660,300,101.640,200,101.770,2000,101.800,2700,101.810,4100,101.820,100,101.830,2020-07-17,09:42:58,00,";
var hq_str_sh603259="药明康德,100.650,100.580,102.610,102.970,100.650,102.610,102.680,2540938,258093865.000,2000,102.610,3100,102.570,100,102.500,1100,102.490,60500,102.370,200,102.680,400,102.690,300,102.700,300,102.710,300,102.730,2020-07-17,09:43:58,00,";
var hq_str_sh603259="药明康德,100.650,100.580,102.240,102.970,100.650,102.240,102.260,2716478,276062128.000,3460,102.240,100,102.030,1000,102.010,5900,102.000,200,101.950,100,102.260,900,102.270,1100,102.290,200,102.320,11800,102.500,2020-07-17,09:44:55,00,";
var hq_str_sh603259="药明康德,100.650,100.580,102.500,102.970,100.650,102.510,102.540,2852518,290006919.000,500,102.510,100,102.500,2700,102.490,200,102.450,3100,102.430,600,102.540,1200,102.590,800,102.600,5000,102.640,4500,102.650,2020-07-17,09:45:55,00,";
var hq_str_sh603259="药明康德,100.650,100.580,102.100,102.970,100.650,102.100,102.160,2937963,298748420.000,400,102.100,200,102.060,2700,102.050,900,102.030,100,102.020,800,102.160,100,102.230,200,102.250,600,102.270,100,102.280,2020-07-17,09:46:55,00,";
var hq_str_sh603259="药明康德,100.650,100.580,102.540,102.970,100.650,102.520,102.570,3025163,307680540.000,23300,102.520,3700,102.510,7000,102.500,300,102.490,500,102.460,500,102.570,1200,102.580,200,102.590,8000,102.600,400,102.620,2020-07-17,09:47:58,00,";
var hq_str_sh603259="药明康德,100.650,100.580,102.150,102.970,100.650,102.150,102.160,3162563,321752566.000,19300,102.150,500,102.140,1600,102.100,300,102.080,1200,102.060,300,102.160,1800,102.280,1200,102.290,1000,102.300,200,102.400,2020-07-17,09:48:58,00,";
var hq_str_sh603259="药明康德,100.650,100.580,102.130,102.970,100.650,102.080,102.130,3330403,338897857.000,1000,102.080,4800,102.070,900,102.020,1000,102.010,3160,102.000,400,102.130,300,102.170,200,102.210,200,102.250,1000,102.280,2020-07-17,09:49:58,00,";
var hq_str_sh603259="药明康德,100.650,100.580,102.370,102.970,100.650,102.370,102.470,3406463,346679083.000,300,102.370,1300,102.360,900,102.350,2000,102.340,200,102.330,3700,102.470,2400,102.480,500,102.490,10180,102.500,1500,102.510,2020-07-17,09:50:58,00,";
var hq_str_sh603259="药明康德,100.650,100.580,103.210,103.300,100.650,103.200,103.210,3632419,369930179.000,200,103.200,2200,103.150,200,103.130,3100,103.110,200,103.090,100,103.210,9200,103.230,300,103.240,6800,103.250,1200,103.260,2020-07-17,09:51:58,00,";
var hq_str_sh603259="药明康德,100.650,100.580,102.740,103.300,100.650,102.670,102.740,3761919,383248032.000,100,102.670,200,102.620,900,102.610,800,102.600,700,102.590,800,102.740,100,102.750,100,102.780,880,102.880,200,102.890,2020-07-17,09:52:58,00,";
var hq_str_sh603259="药明康德,100.650,100.580,102.590,103.300,100.650,102.550,102.590,3802119,387374429.000,500,102.550,200,102.530,2000,102.520,1400,102.510,1500,102.500,700,102.590,800,102.650,2000,102.670,300,102.700,300,102.730,2020-07-17,09:53:58,00,";
var hq_str_sh603259="药明康德,100.650,100.580,101.500,103.300,100.650,101.260,101.280,3974599,404915494.000,600,101.260,500,101.250,1200,101.240,20,101.230,200,101.220,200,101.280,500,101.400,200,101.510,200,101.580,100,101.650,2020-07-17,09:54:58,00,";
var hq_str_sh603259="药明康德,100.650,100.580,102.320,103.300,100.650,102.200,102.330,4196199,427515062.000,400,102.200,200,102.140,2700,102.010,67800,102.000,100,101.990,15500,102.330,900,102.400,200,102.410,100,102.520,100,102.640,2020-07-17,09:55:58,00,";
var hq_str_sh603259="药明康德,100.650,100.580,102.200,103.300,100.650,102.190,102.200,4285179,436603108.000,1300,102.190,4700,102.180,1900,102.170,200,102.160,2600,102.150,368,102.200,1400,102.380,100,102.390,900,102.400,600,102.470,2020-07-17,09:56:58,00,";
var hq_str_sh603259="药明康德,100.650,100.580,102.290,103.300,100.650,102.230,102.300,4362239,444482504.000,1900,102.230,2520,102.180,100,102.160,2700,102.150,18200,102.140,400,102.300,2208,102.350,400,102.360,1700,102.390,1300,102.400,2020-07-17,09:57:58,00,";
var hq_str_sh603259="药明康德,100.650,100.580,102.430,103.300,100.650,102.360,102.430,4465327,455034741.000,200,102.360,200,102.310,3640,102.300,100,102.290,1000,102.260,400,102.430,500,102.500,200,102.540,100,102.550,300,102.560,2020-07-17,09:59:01,00,";
var hq_str_sh603259="药明康德,100.650,100.580,102.370,103.300,100.650,102.320,102.370,4523727,461013273.000,400,102.320,100,102.310,1540,102.300,16400,102.290,400,102.270,7100,102.370,100,102.380,800,102.390,400,102.400,2300,102.410,2020-07-17,10:00:01,00,";
var hq_str_sh603259="药明康德,100.650,100.580,102.520,103.300,100.650,102.520,102.530,4605687,469405147.000,100,102.520,5300,102.500,100,102.470,1700,102.450,2700,102.430,500,102.530,400,102.540,100,102.550,300,102.560,100,102.590,2020-07-17,10:00:58,00,";
var hq_str_sh603259="药明康德,100.650,100.580,102.570,103.300,100.650,102.560,102.650,4665587,475548822.000,600,102.560,21700,102.550,100,102.460,500,102.440,200,102.430,3900,102.650,26100,102.660,300,102.720,1000,102.740,5700,102.750,2020-07-17,10:01:58,00,";
var hq_str_sh603259="药明康德,100.650,100.580,102.450,103.300,100.650,102.400,102.450,4776187,486890856.000,200,102.400,2200,102.340,1300,102.330,2600,102.310,2500,102.300,900,102.450,2200,102.460,100,102.470,300,102.480,100,102.490,2020-07-17,10:02:58,00,";
var hq_str_sh603259="药明康德,100.650,100.580,102.600,103.300,100.650,102.510,102.600,4870167,496529041.000,1300,102.510,4800,102.500,1400,102.480,3120,102.420,300,102.410,1900,102.600,80,102.650,10980,102.660,400,102.690,13300,102.700,2020-07-17,10:03:58,00,";
var hq_str_sh603259="药明康德,100.650,100.580,102.790,103.300,100.650,102.740,102.790,4956207,505362244.000,500,102.740,15360,102.730,500,102.700,28000,102.670,300,102.660,1000,102.790,200,102.820,400,102.830,5100,102.840,600,102.850,2020-07-17,10:04:58,00,";
var hq_str_sh603259="药明康德,100.650,100.580,102.990,103.300,100.650,102.870,102.990,5067427,516805545.000,2620,102.870,200,102.860,1200,102.840,300,102.810,400,102.800,8740,102.990,31020,103.000,400,103.010,100,103.020,800,103.060,2020-07-17,10:05:58,00,";
var hq_str_sh603259="药明康德,100.650,100.580,103.130,103.300,100.650,103.050,103.130,5214875,532004297.000,10400,103.050,200,103.040,200,103.030,300,103.020,1600,103.000,400,103.130,1200,103.150,1000,103.180,2000,103.210,100,103.230,2020-07-17,10:06:58,00,";
var hq_str_sh603259="药明康德,100.650,100.580,102.760,103.300,100.650,102.760,102.800,5287555,539481268.000,2800,102.760,400,102.730,1000,102.720,200,102.650,100,102.620,300,102.800,100,102.810,1600,102.830,100,102.840,100,102.850,2020-07-17,10:07:58,00,";
var hq_str_sh603259="药明康德,100.650,100.580,102.430,103.300,100.650,102.430,102.460,5343355,545202676.000,2300,102.430,1100,102.390,1400,102.330,200,102.320,300,102.310,1400,102.460,500,102.480,400,102.500,540,102.510,100,102.520,2020-07-17,10:08:58,00,";
var hq_str_sh603259="药明康德,100.650,100.580,102.550,103.300,100.650,102.540,102.550,5391295,550118347.000,800,102.540,3000,102.530,200,102.520,1100,102.500,11800,102.480,100,102.550,300,102.580,700,102.630,200,102.640,400,102.650,2020-07-17,10:09:58,00,";
var hq_str_sh603259="药明康德,100.650,100.580,102.680,103.300,100.650,102.680,102.760,5462795,557452008.000,800,102.680,400,102.640,900,102.620,5000,102.610,300,102.580,100,102.760,2400,102.800,866,102.810,680,102.820,200,102.840,2020-07-17,10:10:58,00,";
var hq_str_sh603259="药明康德,100.650,100.580,102.830,103.300,100.650,102.830,102.870,5525695,563919677.000,500,102.830,300,102.800,3000,102.790,1000,102.780,51400,102.770,400,102.870,100,102.880,400,102.980,100,102.990,6700,103.000,2020-07-17,10:11:58,00,";
var hq_str_sh603259="药明康德,100.650,100.580,102.960,103.300,100.650,102.960,102.990,5596691,571230565.000,200,102.960,100,102.930,500,102.910,600,102.900,1100,102.880,3060,102.990,400,103.000,100,103.010,700,103.020,1100,103.040,2020-07-17,10:12:58,00,";
var hq_str_sh603259="药明康德,100.650,100.580,102.830,103.300,100.650,102.830,102.890,5745891,586598393.000,600,102.830,1200,102.820,100,102.800,2900,102.790,200,102.780,1100,102.890,100,102.950,1000,102.960,1000,102.970,2887,103.000,2020-07-17,10:14:01,00,";
var hq_str_sh603259="药明康德,100.650,100.580,103.180,103.300,100.650,103.180,103.200,5842630,596567374.000,100,103.180,600,103.170,300,103.160,1300,103.150,19521,103.120,3100,103.200,2200,103.210,100,103.230,4000,103.250,1300,103.260,2020-07-17,10:14:58,00,";
var hq_str_sh603259="药明康德,100.650,100.580,103.120,103.300,100.650,103.120,103.150,5937330,606340982.000,10321,103.120,1200,103.020,2700,103.000,4300,102.920,800,102.890,600,103.150,1440,103.180,300,103.190,3680,103.200,1000,103.220,2020-07-17,10:15:58,00,";
var hq_str_sh603259="药明康德,100.650,100.580,102.830,103.300,100.650,102.810,102.830,6002251,613027844.000,200,102.810,100,102.800,1800,102.790,1600,102.780,50100,102.770,200,102.830,100,102.880,400,102.890,9200,102.900,200,102.910,2020-07-17,10:16:58,00,";
var hq_str_sh603259="药明康德,100.650,100.580,102.800,103.300,100.650,102.790,102.800,6047351,617664988.000,1100,102.790,700,102.780,51100,102.770,200,102.760,300,102.750,8300,102.800,300,102.810,100,102.820,200,102.880,5400,102.900,2020-07-17,10:17:58,00,";
var hq_str_sh603259="药明康德,100.650,100.580,103.000,103.300,100.650,103.000,103.040,6113231,624440727.000,24500,103.000,3200,102.800,300,102.790,400,102.780,38700,102.770,300,103.040,100,103.090,500,103.100,1000,103.110,6019,103.120,2020-07-17,10:18:58,00,";
var hq_str_sh603259="药明康德,100.650,100.580,103.220,103.300,100.650,103.220,103.230,6157531,629008565.000,900,103.220,5780,103.200,3700,103.160,400,103.130,200,103.120,1300,103.230,5000,103.240,200,103.250,100,103.270,1000,103.280,2020-07-17,10:19:58,00,";
var hq_str_sh603259="药明康德,100.650,100.580,103.680,103.690,100.650,103.650,103.680,6294211,643149121.000,2600,103.650,300,103.630,3500,103.600,400,103.580,100,103.560,17800,103.680,500,103.690,1800,103.700,200,103.720,200,103.730,2020-07-17,10:20:58,00,";
var hq_str_sh603259="药明康德,100.650,100.580,103.710,103.750,100.650,103.710,103.730,6452471,659551639.000,4200,103.710,1400,103.700,3200,103.680,1000,103.670,200,103.650,1300,103.730,200,103.740,2600,103.750,100,103.760,200,103.770,2020-07-17,10:22:01,00,";
var hq_str_sh603259="药明康德,100.650,100.580,103.850,103.970,100.650,103.800,103.840,6568875,671641858.000,2300,103.800,600,103.780,300,103.760,100,103.750,200,103.740,1800,103.840,5600,103.950,2100,103.960,3600,103.970,5300,103.980,2020-07-17,10:22:58,00,";
var hq_str_sh603259="药明康德,100.650,100.580,104.000,104.100,100.650,104.000,104.030,6744835,689935119.000,13300,104.000,500,103.990,800,103.970,3800,103.960,400,103.950,2200,104.030,600,104.080,3700,104.100,700,104.110,500,104.140,2020-07-17,10:23:58,00,";
var hq_str_sh603259="药明康德,100.650,100.580,104.390,104.410,100.650,104.390,104.430,6851651,701063596.000,44,104.390,1900,104.380,1400,104.350,800,104.340,400,104.330,100,104.430,1200,104.440,100,104.460,300,104.470,100,104.480,2020-07-17,10:25:01,00,";
var hq_str_sh603259="药明康德,100.650,100.580,104.240,104.490,100.650,104.200,104.240,6993851,715905982.000,600,104.200,100,104.190,200,104.180,500,104.100,300,104.050,2100,104.240,500,104.250,3880,104.270,500,104.280,8000,104.300,2020-07-17,10:25:58,00,";
var hq_str_sh603259="药明康德,100.650,100.580,104.330,104.490,100.650,104.350,104.380,7125651,729650825.000,2100,104.350,1900,104.310,11800,104.300,9300,104.290,2600,104.270,1580,104.380,200,104.390,7500,104.400,100,104.410,700,104.420,2020-07-17,10:26:58,00,";
var hq_str_sh603259="药明康德,100.650,100.580,104.220,104.490,100.650,104.210,104.220,7259551,743621508.000,100,104.210,100,104.190,100,104.030,200,104.020,1500,104.010,300,104.220,6000,104.270,3400,104.290,9200,104.300,1100,104.310,2020-07-17,10:27:58,00,";
var hq_str_sh603259="药明康德,100.650,100.580,103.750,104.490,100.650,103.730,103.810,7342351,752230322.000,300,103.730,500,103.700,300,103.680,100,103.670,200,103.660,200,103.810,500,103.890,100,103.910,5600,103.920,100,103.940,2020-07-17,10:28:58,00,";
var hq_str_sh603259="药明康德,100.650,100.580,104.020,104.490,100.650,104.020,104.060,7432311,761563093.000,600,104.020,300,104.000,1200,103.990,2760,103.980,1200,103.940,300,104.060,100,104.070,100,104.080,200,104.100,400,104.200,2020-07-17,10:29:58,00,";
var hq_str_sh603259="药明康德,100.650,100.580,104.280,104.490,100.650,104.270,104.280,7476811,766203458.000,200,104.270,400,104.260,500,104.250,100,104.240,1000,104.230,1400,104.280,500,104.300,100,104.310,600,104.320,300,104.350,2020-07-17,10:30:58,00,";
var hq_str_sh603259="药明康德,100.650,100.580,104.440,104.520,100.650,104.430,104.440,7585811,777584725.000,1000,104.430,400,104.420,1800,104.410,10000,104.400,800,104.390,900,104.440,1600,104.480,400,104.550,100,104.560,4500,104.570,2020-07-17,10:31:58,00,";
var hq_str_sh603259="药明康德,100.650,100.580,104.580,104.680,100.650,104.600,104.630,7639711,783220686.000,300,104.600,7400,104.580,900,104.570,1800,104.560,2100,104.550,1300,104.630,3540,104.680,4300,104.700,200,104.740,400,104.750,2020-07-17,10:32:58,00,";
var hq_str_sh603259="药明康德,100.650,100.580,104.600,104.760,100.650,104.600,104.620,7750531,794815406.000,3000,104.600,600,104.530,100,104.510,2000,104.500,200,104.490,4300,104.620,500,104.650,100,104.690,3100,104.700,100,104.730,2020-07-17,10:33:58,00,";
var hq_str_sh603259="药明康德,100.650,100.580,104.380,104.760,100.650,104.180,104.380,7798631,799839034.000,500,104.180,100,104.170,600,104.160,500,104.130,1000,104.110,1800,104.380,1800,104.390,500,104.410,300,104.420,300,104.430,2020-07-17,10:34:55,00,";
var hq_str_sh603259="药明康德,100.650,100.580,104.040,104.760,100.650,104.060,104.070,7838231,803966825.000,1200,104.060,500,104.000,2760,103.980,3800,103.940,300,103.920,400,104.070,900,104.100,400,104.150,500,104.180,13500,104.200,2020-07-17,10:35:58,00,";
var hq_str_sh603259="药明康德,100.650,100.580,104.210,104.760,100.650,104.200,104.210,7878911,808204388.000,4520,104.200,2800,104.170,400,104.160,200,104.150,20500,104.100,1400,104.210,100,104.230,300,104.290,900,104.330,500,104.340,2020-07-17,10:36:58,00,";
var hq_str_sh603259="药明康德,100.650,100.580,103.750,104.760,100.650,103.750,103.760,7933091,813842422.000,300,103.750,9800,103.740,300,103.680,2200,103.600,100,103.580,1400,103.760,2400,103.770,400,103.800,36400,103.850,100,103.860,2020-07-17,10:37:52,00,";
var hq_str_sh603259="药明康德,100.650,100.580,103.670,104.760,100.650,103.650,103.670,8030591,823954507.000,300,103.650,100,103.610,2200,103.600,100,103.580,2000,103.550,100,103.670,800,103.680,200,103.690,14996,103.700,900,103.750,2020-07-17,10:38:58,00,";
var hq_str_sh603259="药明康德,100.650,100.580,103.730,104.760,100.650,103.730,103.750,8082311,829316188.000,200,103.730,100,103.710,100,103.700,1120,103.670,2560,103.660,796,103.750,100,103.850,100,103.860,200,103.890,100,103.900,2020-07-17,10:39:58,00,";
var hq_str_sh603259="药明康德,100.650,100.580,104.190,104.760,100.650,104.190,104.200,8157707,837150692.000,9900,104.190,1300,104.180,500,104.020,600,104.010,2700,104.000,900,104.200,4260,104.210,1000,104.300,700,104.330,600,104.350,2020-07-17,10:40:58,00,";
var hq_str_sh603259="药明康德,100.650,100.580,104.180,104.760,100.650,104.150,104.180,8205107,842086756.000,400,104.150,300,104.100,1200,104.020,600,104.000,200,103.990,800,104.180,900,104.190,4100,104.200,3860,104.210,700,104.220,2020-07-17,10:42:01,00,";
var hq_str_sh603259="药明康德,100.650,100.580,104.020,104.760,100.650,104.020,104.040,8282207,850116003.000,900,104.020,800,104.000,300,103.970,100,103.900,1000,103.880,400,104.040,440,104.050,100,104.090,300,104.110,100,104.130,2020-07-17,10:42:58,00,";
var hq_str_sh603259="药明康德,100.650,100.580,103.940,104.760,100.650,103.910,103.940,8325407,854605790.000,400,103.910,5500,103.880,1000,103.850,1400,103.780,100,103.730,1600,103.940,500,103.960,600,103.970,300,103.980,1260,103.990,2020-07-17,10:43:58,00,";
var hq_str_sh603259="药明康德,100.650,100.580,104.090,104.760,100.650,104.010,104.090,8385467,860850001.000,300,104.010,300,104.000,740,103.990,4000,103.980,500,103.970,40,104.090,1700,104.100,500,104.110,200,104.130,900,104.140,2020-07-17,10:44:58,00,";
var hq_str_sh603259="药明康德,100.650,100.580,103.930,104.760,100.650,103.930,103.950,8480974,870783421.000,1200,103.930,1233,103.900,900,103.880,100,103.850,3000,103.830,1100,103.950,1100,103.970,2800,103.980,900,103.990,100,104.000,2020-07-17,10:45:58,00,";
var hq_str_sh603259="药明康德,100.650,100.580,103.700,104.760,100.650,103.700,103.710,8550674,878019390.000,100,103.700,3000,103.690,100,103.680,300,103.630,2200,103.610,2000,103.710,200,103.720,400,103.730,1300,103.770,400,103.780,2020-07-17,10:46:58,00,";
var hq_str_sh603259="药明康德,100.650,100.580,104.010,104.760,100.650,104.000,104.020,8605274,883688535.000,1700,104.000,2400,103.940,5800,103.930,3800,103.920,100,103.860,100,104.020,600,104.030,1500,104.060,1000,104.090,500,104.100,2020-07-17,10:47:55,00,";
var hq_str_sh603259="药明康德,100.650,100.580,104.090,104.760,100.650,104.060,104.090,8641074,887413926.000,100,104.060,1800,104.050,4900,104.040,5800,104.030,200,104.020,300,104.090,600,104.100,100,104.120,2100,104.140,1600,104.150,2020-07-17,10:48:58,00,";
var hq_str_sh603259="药明康德,100.650,100.580,104.160,104.760,100.650,104.090,104.150,8710374,894629908.000,5000,104.090,2600,104.080,1000,104.070,500,104.050,1300,104.040,1400,104.150,2820,104.160,2900,104.170,1900,104.180,7200,104.200,2020-07-17,10:49:58,00,";
var hq_str_sh603259="药明康德,100.650,100.580,104.110,104.760,100.650,104.100,104.110,8768274,900658007.000,700,104.100,100,104.060,600,104.050,1300,104.040,2000,104.030,500,104.110,400,104.130,2640,104.140,500,104.150,2620,104.160,2020-07-17,10:50:58,00,";
var hq_str_sh603259="药明康德,100.650,100.580,104.250,104.760,100.650,104.250,104.260,8833074,907408787.000,300,104.250,2900,104.210,2000,104.200,500,104.160,500,104.130,100,104.260,1800,104.280,2000,104.300,700,104.330,500,104.350,2020-07-17,10:51:58,00,";
var hq_str_sh603259="药明康德,100.650,100.580,104.250,104.760,100.650,104.240,104.250,8891574,913510632.000,100,104.240,100,104.230,2900,104.210,100,104.160,500,104.130,500,104.250,1400,104.260,2400,104.270,1500,104.280,3000,104.290,2020-07-17,10:52:58,00,";
var hq_str_sh603259="药明康德,100.650,100.580,103.900,104.760,100.650,103.890,103.900,8941774,918733533.000,100,103.890,2800,103.850,1900,103.830,1100,103.800,5400,103.790,700,103.900,1700,103.910,100,103.940,2200,103.950,200,103.980,2020-07-17,10:53:58,00,";
var hq_str_sh603259="药明康德,100.650,100.580,103.350,104.760,100.650,103.330,103.370,9013474,926162259.000,800,103.330,100,103.320,100,103.260,2100,103.250,3980,103.240,100,103.370,800,103.380,1300,103.390,500,103.410,100,103.430,2020-07-17,10:54:58,00,";
var hq_str_sh603259="药明康德,100.650,100.580,103.300,104.760,100.650,103.280,103.380,9089410,934009573.000,100,103.280,300,103.270,3900,103.260,3000,103.250,200,103.240,800,103.380,2400,103.390,700,103.400,900,103.410,300,103.460,2020-07-17,10:55:58,00,";
var hq_str_sh603259="药明康德,100.650,100.580,103.290,104.760,100.650,103.260,103.290,9123510,937531109.000,1900,103.260,400,103.250,300,103.240,100,103.210,1100,103.200,100,103.290,300,103.300,3300,103.370,200,103.380,2400,103.390,2020-07-17,10:56:58,00,";
var hq_str_sh603259="药明康德,100.650,100.580,103.600,104.760,100.650,103.600,103.670,9161650,941477336.000,340,103.600,8300,103.590,100,103.580,400,103.560,800,103.550,1100,103.670,100,103.690,300,103.710,1800,103.720,200,103.740,2020-07-17,10:57:58,00,";
var hq_str_sh603259="药明康德,100.650,100.580,103.860,104.760,100.650,103.840,103.860,9181816,943569707.000,100,103.840,100,103.820,500,103.810,2634,103.780,5000,103.740,900,103.860,200,103.870,500,103.880,600,103.890,900,103.900,2020-07-17,10:58:58,00,";
var hq_str_sh603259="药明康德,100.650,100.580,103.690,104.760,100.650,103.670,103.690,9245150,950145059.000,5000,103.670,100,103.660,2700,103.630,40,103.600,3400,103.590,3100,103.690,900,103.700,3300,103.710,1900,103.720,500,103.740,2020-07-17,10:59:58,00,";
var hq_str_sh603259="药明康德,100.650,100.580,103.580,104.760,100.650,103.560,103.580,9284990,954274143.000,400,103.560,1100,103.500,500,103.410,5200,103.400,100,103.380,600,103.580,3500,103.600,360,103.610,100,103.620,500,103.640,2020-07-17,11:00:58,00,";
var hq_str_sh603259="药明康德,100.650,100.580,103.300,104.760,100.650,103.300,103.320,9312290,957099417.000,300,103.300,400,103.280,3700,103.270,200,103.250,300,103.240,300,103.320,300,103.350,2240,103.400,500,103.410,500,103.480,2020-07-17,11:01:58,00,";
var hq_str_sh603259="药明康德,100.650,100.580,102.850,104.760,100.650,102.850,102.880,9356370,961643455.000,400,102.850,300,102.820,2200,102.800,400,102.780,200,102.760,400,102.880,1900,102.900,300,102.930,300,102.940,500,102.960,2020-07-17,11:02:58,00,";
var hq_str_sh603259="药明康德,100.650,100.580,102.700,104.760,100.650,102.730,102.770,9408070,966959365.000,100,102.730,200,102.700,1000,102.680,2100,102.660,400,102.650,1000,102.770,1200,102.800,700,102.840,500,102.850,400,102.860,2020-07-17,11:03:58,00,";
var hq_str_sh603259="药明康德,100.650,100.580,102.540,104.760,100.650,102.530,102.560,9497970,976181809.000,4800,102.530,100,102.520,500,102.500,500,102.490,7400,102.480,200,102.560,200,102.590,100,102.600,1300,102.610,200,102.620,2020-07-17,11:04:58,00,";
var hq_str_sh603259="药明康德,100.650,100.580,102.350,104.760,100.650,102.330,102.350,9590470,985660919.000,800,102.330,200,102.320,300,102.310,700,102.300,100,102.250,100,102.350,200,102.360,700,102.390,2000,102.420,400,102.430,2020-07-17,11:05:58,00,";
var hq_str_sh603259="药明康德,100.650,100.580,102.240,104.760,100.650,102.210,102.240,9647410,991481088.000,1160,102.210,200,102.200,200,102.140,400,102.130,500,102.110,800,102.240,100,102.250,300,102.280,400,102.300,300,102.310,2020-07-17,11:06:58,00,";
var hq_str_sh603259="药明康德,100.650,100.580,102.140,104.760,100.650,102.140,102.180,9738750,1000819767.000,800,102.140,300,102.110,1400,102.100,1000,102.050,100,102.040,600,102.180,100,102.190,700,102.200,100,102.210,280,102.250,2020-07-17,11:07:58,00,";
var hq_str_sh603259="药明康德,100.650,100.580,102.070,104.760,100.650,102.070,102.150,9824910,1009625343.000,200,102.070,40,102.060,1200,102.050,200,102.040,1300,102.030,1200,102.150,800,102.250,600,102.310,300,102.420,600,102.430,2020-07-17,11:08:58,00,";
var hq_str_sh603259="药明康德,100.650,100.580,101.730,104.760,100.650,101.700,101.730,9946750,1022052475.000,800,101.700,100,101.680,300,101.660,100,101.610,1800,101.600,100,101.730,200,101.780,1300,101.790,800,101.800,900,101.810,2020-07-17,11:09:58,00,";
var hq_str_sh603259="药明康德,100.650,100.580,101.540,104.760,100.650,101.520,101.540,10062050,1033764535.000,1400,101.520,1700,101.510,14500,101.500,200,101.490,100,101.480,200,101.540,1300,101.550,1100,101.590,100,101.600,24080,101.610,2020-07-17,11:10:52,00,";
var hq_str_sh603259="药明康德,100.650,100.580,101.500,104.760,100.650,101.520,101.550,10153150,1043017348.000,3700,101.520,16200,101.500,200,101.490,100,101.450,100,101.420,1500,101.550,360,101.560,20452,101.570,900,101.580,2400,101.600,2020-07-17,11:11:58,00,";
var hq_str_sh603259="药明康德,100.650,100.580,101.320,104.760,100.650,101.310,101.330,10281150,1055999031.000,2600,101.310,3500,101.300,300,101.290,300,101.280,100,101.260,100,101.330,300,101.370,5440,101.380,100,101.390,200,101.430,2020-07-17,11:12:58,00,";
var hq_str_sh603259="药明康德,100.650,100.580,101.650,104.760,100.650,101.650,101.790,10330730,1061032445.000,100,101.650,1600,101.630,2600,101.620,3600,101.610,2900,101.600,100,101.790,900,101.810,1000,101.940,400,101.970,300,102.000,2020-07-17,11:13:56,00,";
var hq_str_sh603259="药明康德,100.650,100.580,101.870,104.760,100.650,101.870,101.880,10384330,1066490557.000,1700,101.870,200,101.860,6900,101.850,400,101.810,100,101.780,800,101.880,100,101.930,1000,101.950,100,101.990,300,102.000,2020-07-17,11:14:58,00,";
var hq_str_sh603259="药明康德,100.650,100.580,101.960,104.760,100.650,101.960,102.110,10446949,1072881451.000,4500,101.960,1500,101.910,100,101.900,4600,101.890,700,101.880,1000,102.110,100,102.200,2000,102.250,1000,102.350,100,102.400,2020-07-17,11:15:58,00,";
var hq_str_sh603259="药明康德,100.650,100.580,102.160,104.760,100.650,102.150,102.160,10483949,1076662591.000,2100,102.150,1200,102.100,900,102.070,200,102.010,2900,102.000,200,102.160,200,102.170,200,102.180,5419,102.200,100,102.240,2020-07-17,11:16:52,00,";
var hq_str_sh603259="药明康德,100.650,100.580,101.810,104.760,100.650,101.800,101.810,10520049,1080347397.000,100,101.800,5100,101.780,100,101.710,100,101.680,300,101.650,200,101.810,700,101.850,300,101.870,100,101.880,500,101.890,2020-07-17,11:17:58,00,";
var hq_str_sh603259="药明康德,100.650,100.580,101.860,104.760,100.650,101.860,101.870,10540649,1082445060.000,600,101.860,2400,101.850,600,101.840,900,101.830,400,101.820,900,101.870,300,101.990,3200,102.000,400,102.010,100,102.150,2020-07-17,11:18:56,00,";
var hq_str_sh603259="药明康德,100.650,100.580,101.950,104.760,100.650,101.940,101.950,10552949,1083698645.000,2100,101.940,6200,101.930,600,101.910,600,101.900,400,101.880,13012,101.950,14600,101.960,300,101.970,200,101.990,3500,102.000,2020-07-17,11:19:58,00,";
var hq_str_sh603259="药明康德,100.650,100.580,101.390,104.760,100.650,101.380,101.390,10644869,1093050224.000,4600,101.380,5000,101.370,1500,101.360,5500,101.350,200,101.340,1400,101.390,3700,101.400,1200,101.410,600,101.420,1200,101.430,2020-07-17,11:20:58,00,";
var hq_str_sh603259="药明康德,100.650,100.580,101.160,104.760,100.650,101.100,101.130,10730069,1101681876.000,1200,101.100,100,101.090,4500,101.080,700,101.070,500,101.060,3800,101.130,200,101.150,100,101.160,49880,101.180,200,101.190,2020-07-17,11:21:58,00,";
var hq_str_sh603259="药明康德,100.650,100.580,101.110,104.760,100.650,101.030,101.160,10834809,1112268324.000,1300,101.030,1500,101.020,46100,101.000,200,100.990,700,100.980,3000,101.160,1200,101.210,1886,101.300,400,101.360,1500,101.370,2020-07-17,11:22:58,00,";
var hq_str_sh603259="药明康德,100.650,100.580,101.030,104.760,100.650,101.030,101.040,10878829,1116716493.000,1860,101.030,2820,101.020,6200,101.010,45100,101.000,100,100.990,400,101.040,2200,101.050,46680,101.060,300,101.100,100,101.130,2020-07-17,11:23:43,00,";
var hq_str_sh603259="药明康德,100.650,100.580,101.040,104.760,100.650,101.040,101.070,11054677,1134477356.000,632,101.040,2000,101.030,800,101.010,5000,101.000,300,100.980,100,101.070,1800,101.160,200,101.200,100,101.210,700,101.350,2020-07-17,11:24:58,00,";
var hq_str_sh603259="药明康德,100.650,100.580,101.230,104.760,100.650,101.270,101.290,11096177,1138677182.000,2200,101.270,100,101.220,1000,101.200,1000,101.190,500,101.170,1100,101.290,2600,101.300,1000,101.310,300,101.320,940,101.330,2020-07-17,11:25:58,00,";
var hq_str_sh603259="药明康德,100.650,100.580,100.950,104.760,100.650,100.950,100.990,11180217,1147170650.000,3092,100.950,100,100.940,5200,100.930,6100,100.910,10600,100.900,200,100.990,200,101.000,400,101.010,140,101.020,2000,101.040,2020-07-17,11:26:58,00,";
var hq_str_sh603259="药明康德,100.650,100.580,101.050,104.760,100.650,101.040,101.050,11213537,1150536937.000,2700,101.040,600,101.030,1100,101.020,1880,101.010,4700,101.000,100,101.050,200,101.060,100,101.130,4419,101.150,100,101.170,2020-07-17,11:27:58,00,";
var hq_str_sh603259="药明康德,100.650,100.580,101.050,104.760,100.650,101.030,101.050,11229057,1152105479.000,2540,101.030,1100,101.020,4980,101.010,4900,101.000,2100,100.990,1200,101.050,800,101.070,500,101.090,11512,101.100,100,101.110,2020-07-17,11:28:40,00,";
var hq_str_sh603259="药明康德,100.650,100.580,101.060,104.760,100.650,101.100,101.110,11285708,1157829091.000,81,101.100,2800,101.040,1400,101.030,200,101.020,900,101.010,900,101.110,100,101.130,600,101.140,4719,101.150,200,101.280,2020-07-17,11:29:52,00,";
var hq_str_sh603259="药明康德,100.650,100.580,101.100,104.760,100.650,101.100,101.110,11290008,1158263830.000,1681,101.100,500,101.060,2800,101.040,1400,101.030,200,101.020,400,101.110,100,101.130,500,101.140,4719,101.150,200,101.280,2020-07-17,11:30:00,00,";
var hq_str_sh603259="药明康德,100.650,100.580,100.850,104.760,100.650,101.000,101.020,11515869,1181076374.000,100,101.000,1500,100.850,2100,100.820,700,100.810,3600,100.800,800,101.020,1220,101.030,100,101.040,1600,101.050,300,101.080,2020-07-17,13:00:56,00,";
var hq_str_sh603259="药明康德,100.650,100.580,100.730,104.760,100.650,100.720,100.730,11669469,1196577227.000,1000,100.720,500,100.710,10000,100.700,400,100.690,13500,100.680,100,100.730,800,100.750,600,100.810,480,100.980,1860,101.050,2020-07-17,13:01:59,00,";
var hq_str_sh603259="药明康德,100.650,100.580,101.240,104.760,100.650,101.180,101.240,11741389,1203828047.000,100,101.180,100,101.150,1600,101.140,4500,101.110,1000,101.100,300,101.240,100,101.340,1000,101.360,140,101.370,100,101.420,2020-07-17,13:02:59,00,";
var hq_str_sh603259="药明康德,100.650,100.580,101.300,104.760,100.650,101.210,101.300,11802369,1210006569.000,520,101.210,5200,101.200,500,101.180,400,101.140,100,101.130,800,101.300,600,101.320,1600,101.350,500,101.360,400,101.390,2020-07-17,13:03:53,00,";
var hq_str_sh603259="药明康德,100.650,100.580,101.540,104.760,100.650,101.540,101.580,11881665,1218045511.000,2600,101.540,100,101.530,1600,101.500,1000,101.430,100,101.420,400,101.580,100,101.590,200,101.780,1000,101.790,2800,101.820,2020-07-17,13:04:56,00,";
var hq_str_sh603259="药明康德,100.650,100.580,101.830,104.760,100.650,101.830,101.900,11989585,1229047714.000,100,101.830,1200,101.780,100,101.660,100,101.600,4200,101.590,400,101.900,300,101.950,4380,102.000,1000,102.140,100,102.190,2020-07-17,13:05:59,00,";
var hq_str_sh603259="药明康德,100.650,100.580,101.730,104.760,100.650,101.730,101.770,12029465,1233103823.000,400,101.730,620,101.720,4300,101.710,400,101.700,200,101.660,700,101.770,200,101.780,200,101.840,500,101.930,3100,101.950,2020-07-17,13:06:59,00,";
var hq_str_sh603259="药明康德,100.650,100.580,101.690,104.760,100.650,101.680,101.690,12082885,1238536135.000,100,101.680,500,101.670,700,101.650,200,101.630,6700,101.610,200,101.690,1500,101.710,200,101.720,2480,101.730,300,101.770,2020-07-17,13:07:59,00,";
var hq_str_sh603259="药明康德,100.650,100.580,101.650,104.760,100.650,101.620,101.650,12143985,1244749907.000,1000,101.620,6700,101.610,3600,101.600,1800,101.590,3100,101.580,400,101.650,400,101.660,200,101.670,480,101.690,400,101.730,2020-07-17,13:08:59,00,";
var hq_str_sh603259="药明康德,100.650,100.580,101.450,104.760,100.650,101.440,101.450,12199585,1250398671.000,500,101.440,100,101.420,404,101.400,2300,101.390,2100,101.360,100,101.450,1600,101.590,500,101.610,2800,101.620,300,101.630,2020-07-17,13:09:59,00,";
var hq_str_sh603259="药明康德,100.650,100.580,101.560,104.760,100.650,101.560,101.630,12253185,1255841859.000,800,101.560,100,101.520,7800,101.510,5000,101.500,400,101.460,1100,101.630,100,101.670,1296,101.680,180,101.690,200,101.700,2020-07-17,13:10:59,00,";
var hq_str_sh603259="药明康德,100.650,100.580,101.120,104.760,100.650,101.100,101.120,12312185,1261823575.000,700,101.100,500,101.090,200,101.070,100,101.060,700,101.050,100,101.120,800,101.150,500,101.170,300,101.200,400,101.210,2020-07-17,13:11:59,00,";
var hq_str_sh603259="药明康德,100.650,100.580,101.240,104.760,100.650,101.230,101.240,12422038,1272931229.000,100,101.230,700,101.180,9000,101.100,500,101.060,1300,101.050,700,101.240,200,101.310,200,101.380,1300,101.390,500,101.440,2020-07-17,13:12:59,00,";
var hq_str_sh603259="药明康德,100.650,100.580,101.060,104.760,100.650,101.090,101.100,12478438,1278635482.000,100,101.090,300,101.050,500,101.030,1600,101.020,1000,101.010,1200,101.100,100,101.130,100,101.200,200,101.380,1300,101.390,2020-07-17,13:13:59,00,";
var hq_str_sh603259="药明康德,100.650,100.580,100.810,104.760,100.650,100.810,100.830,12673838,1298366940.000,100,100.810,10000,100.800,200,100.750,100,100.740,400,100.710,2400,100.830,9400,100.940,10300,100.950,200,101.010,100,101.080,2020-07-17,13:14:59,00,";
var hq_str_sh603259="药明康德,100.650,100.580,100.700,104.760,100.650,100.670,100.700,12810218,1312101922.000,21720,100.670,2600,100.660,7900,100.650,400,100.630,200,100.620,4800,100.700,400,100.710,3200,100.720,4500,100.740,200,100.750,2020-07-17,13:15:59,00,";
var hq_str_sh603259="药明康德,100.650,100.580,100.580,104.760,100.500,100.550,100.580,12955878,1326758782.000,100,100.550,2800,100.530,1800,100.520,3500,100.510,36360,100.500,1900,100.580,400,100.610,300,100.640,3400,100.650,1200,100.660,2020-07-17,13:16:59,00,";
var hq_str_sh603259="药明康德,100.650,100.580,100.920,104.760,100.500,100.890,100.990,13163030,1347611162.000,200,100.890,100,100.850,5600,100.820,1200,100.780,200,100.760,700,100.990,100,101.000,100,101.060,100,101.090,200,101.130,2020-07-17,13:17:59,00,";
var hq_str_sh603259="药明康德,100.650,100.580,100.830,104.760,100.500,100.820,100.830,13232430,1354618840.000,9100,100.820,600,100.810,700,100.800,1300,100.780,1000,100.770,1300,100.830,300,100.870,200,100.980,32200,101.000,5300,101.240,2020-07-17,13:18:59,00,";
var hq_str_sh603259="药明康德,100.650,100.580,100.900,104.760,100.500,100.900,100.970,13286930,1360115474.000,8600,100.900,1400,100.870,1200,100.860,100,100.850,200,100.840,100,100.970,600,100.980,700,100.990,32700,101.000,13008,101.490,2020-07-17,13:19:59,00,";
var hq_str_sh603259="药明康德,100.650,100.580,100.600,104.760,100.500,100.590,100.600,13389890,1370490624.000,1600,100.590,100,100.570,86388,100.550,100,100.540,1000,100.530,11910,100.600,2100,100.620,300,100.630,100,100.640,1900,100.650,2020-07-17,13:20:59,00,";
var hq_str_sh603259="药明康德,100.650,100.580,100.600,104.760,100.500,100.590,100.600,13459990,1377542769.000,800,100.590,1100,100.580,1700,100.560,84588,100.550,100,100.540,7500,100.600,1130,100.610,13840,100.620,200,100.630,700,100.650,2020-07-17,13:21:59,00,";
var hq_str_sh603259="药明康德,100.650,100.580,100.530,104.760,100.500,100.520,100.530,13599078,1391528533.000,8600,100.520,2200,100.510,41360,100.500,800,100.490,10900,100.480,500,100.530,200,100.550,6140,100.570,1200,100.580,300,100.590,2020-07-17,13:22:59,00,";
var hq_str_sh603259="药明康德,100.650,100.580,100.800,104.760,100.500,100.820,100.830,13679218,1399589721.000,200,100.820,5200,100.710,1400,100.700,100,100.680,1000,100.660,400,100.830,500,100.990,31400,101.000,220,101.150,2100,101.260,2020-07-17,13:23:59,00,";
var hq_str_sh603259="药明康德,100.650,100.580,100.950,104.760,100.500,100.930,100.950,13714618,1403162941.000,700,100.930,100,100.920,600,100.810,1800,100.800,200,100.770,300,100.950,200,100.960,500,100.970,400,100.980,1200,100.990,2020-07-17,13:24:53,00,";
var hq_str_sh603259="药明康德,100.650,100.580,100.700,104.760,100.500,100.680,100.700,13757018,1407439209.000,900,100.680,100,100.660,400,100.650,200,100.620,100,100.610,3800,100.700,900,100.710,500,100.730,200,100.750,300,100.790,2020-07-17,13:25:59,00,";
var hq_str_sh603259="药明康德,100.650,100.580,100.710,104.760,100.500,100.710,100.720,13791638,1410925499.000,8080,100.710,300,100.660,400,100.650,200,100.620,100,100.610,500,100.720,1900,100.730,500,100.740,500,100.790,200,100.810,2020-07-17,13:26:57,00,";
var hq_str_sh603259="药明康德,100.650,100.580,100.870,104.760,100.500,100.790,100.870,13817338,1413514994.000,3160,100.790,400,100.780,100,100.770,100,100.750,100,100.740,400,100.870,200,100.900,100,100.930,100,100.950,2340,100.980,2020-07-17,13:27:59,00,";
var hq_str_sh603259="药明康德,100.650,100.580,100.740,104.760,100.500,100.720,100.740,13859138,1417728092.000,100,100.720,4120,100.710,700,100.700,200,100.690,100,100.660,3000,100.740,400,100.760,2800,100.780,300,100.790,200,100.820,2020-07-17,13:28:59,00,";
var hq_str_sh603259="药明康德,100.650,100.580,100.630,104.760,100.500,100.600,100.630,13921358,1423990922.000,100,100.600,2400,100.580,100,100.560,3300,100.550,10200,100.540,600,100.630,300,100.650,100,100.670,400,100.690,1300,100.700,2020-07-17,13:29:59,00,";
var hq_str_sh603259="药明康德,100.650,100.580,100.520,104.760,100.500,100.510,100.520,13983258,1430213626.000,200,100.510,29360,100.500,800,100.490,11100,100.480,200,100.450,1500,100.520,2400,100.540,400,100.560,300,100.570,400,100.580,2020-07-17,13:30:59,00,";
var hq_str_sh603259="药明康德,100.650,100.580,100.500,104.760,100.500,100.490,100.500,14041858,1436103556.000,1200,100.490,11000,100.480,200,100.450,2100,100.400,200,100.390,3100,100.500,2200,100.510,1100,100.520,300,100.540,1920,100.550,2020-07-17,13:31:59,00,";
var hq_str_sh603259="药明康德,100.650,100.580,100.300,104.760,100.300,100.300,100.380,14079458,1439880303.000,2300,100.300,100,100.290,400,100.280,200,100.260,400,100.250,200,100.380,5000,100.400,300,100.440,1500,100.450,600,100.460,2020-07-17,13:32:59,00,";
var hq_str_sh603259="药明康德,100.650,100.580,100.590,104.760,100.250,100.580,100.590,14152458,1447213858.000,3440,100.580,100,100.570,1400,100.510,500,100.500,1600,100.470,1100,100.590,1000,100.600,4000,100.610,5700,100.620,200,100.640,2020-07-17,13:33:59,00,";
var hq_str_sh603259="药明康德,100.650,100.580,100.220,104.760,100.200,100.200,100.220,14205698,1452558774.000,3400,100.200,2100,100.180,200,100.170,600,100.150,300,100.140,1300,100.220,1600,100.230,6500,100.250,1100,100.260,300,100.270,2020-07-17,13:34:59,00,";
var hq_str_sh603259="药明康德,100.650,100.580,100.010,104.760,100.000,100.010,100.020,14361798,1468173251.000,1100,100.010,35300,100.000,3300,99.990,700,99.980,100,99.970,300,100.020,500,100.050,2480,100.060,200,100.070,580,100.080,2020-07-17,13:36:02,00,";
var hq_str_sh603259="药明康德,100.650,100.580,100.210,104.760,100.000,100.210,100.230,14412706,1473268173.000,3460,100.210,2900,100.110,16900,100.100,100,100.090,200,100.080,200,100.230,200,100.240,3000,100.250,600,100.260,100,100.300,2020-07-17,13:36:59,00,";
var hq_str_sh603259="药明康德,100.650,100.580,100.580,104.760,100.000,100.560,100.620,14458726,1477888284.000,1100,100.560,1200,100.550,300,100.540,1900,100.520,400,100.500,2548,100.620,200,100.640,500,100.650,300,100.690,380,100.710,2020-07-17,13:37:50,00,";
var hq_str_sh603259="药明康德,100.650,100.580,100.620,104.760,100.000,100.620,100.630,14508306,1482876219.000,1200,100.620,300,100.610,4720,100.600,1000,100.590,1300,100.580,100,100.630,700,100.640,300,100.670,380,100.710,600,100.720,2020-07-17,13:38:59,00,";
var hq_str_sh603259="药明康德,100.650,100.580,100.620,104.760,100.000,100.600,100.610,14557606,1487836574.000,1300,100.600,400,100.580,400,100.570,1100,100.550,400,100.540,400,100.610,700,100.640,1400,100.650,400,100.670,780,100.710,2020-07-17,13:39:57,00,";
var hq_str_sh603259="药明康德,100.650,100.580,100.310,104.760,100.000,100.300,100.310,14590706,1491162123.000,4380,100.300,200,100.260,500,100.250,200,100.230,2900,100.220,1600,100.310,1000,100.350,900,100.400,700,100.450,1100,100.510,2020-07-17,13:40:57,00,";
var hq_str_sh603259="药明康德,100.650,100.580,100.600,104.760,100.000,100.590,100.600,14623446,1494452334.000,200,100.590,1700,100.580,5000,100.570,2200,100.560,6600,100.550,300,100.600,1840,100.610,300,100.620,400,100.630,300,100.650,2020-07-17,13:41:59,00,";
var hq_str_sh603259="药明康德,100.650,100.580,100.730,104.760,100.000,100.730,100.740,14656046,1497733867.000,3900,100.730,700,100.720,2200,100.700,2500,100.680,100,100.670,100,100.740,500,100.780,1100,100.800,400,100.810,100,100.820,2020-07-17,13:42:59,00,";
var hq_str_sh603259="药明康德,100.650,100.580,101.300,104.760,100.000,101.300,101.390,14697846,1501955533.000,3700,101.300,100,101.120,500,101.110,900,101.090,2600,101.080,1180,101.390,100,101.440,400,101.450,16008,101.490,4900,101.500,2020-07-17,13:43:59,00,";
var hq_str_sh603259="药明康德,100.650,100.580,101.390,104.760,100.000,101.350,101.390,14758026,1508049792.000,400,101.350,1100,101.330,2800,101.320,2100,101.300,800,101.280,900,101.390,1100,101.400,3300,101.410,100,101.420,500,101.430,2020-07-17,13:44:59,00,";
var hq_str_sh603259="药明康德,100.650,100.580,101.300,104.760,100.000,101.080,101.300,14806626,1512974303.000,1400,101.080,200,101.060,2100,101.050,5600,101.040,200,101.020,3900,101.300,3000,101.310,900,101.320,200,101.330,800,101.340,2020-07-17,13:45:59,00,";
var hq_str_sh603259="药明康德,100.650,100.580,101.250,104.760,100.000,101.230,101.250,14846126,1516974130.000,300,101.230,100,101.210,400,101.200,300,101.170,4500,101.150,1500,101.250,200,101.260,1900,101.300,1100,101.310,200,101.340,2020-07-17,13:46:59,00,";
var hq_str_sh603259="药明康德,100.650,100.580,101.370,104.760,100.000,101.330,101.370,14889206,1521339128.000,720,101.330,5000,101.310,400,101.300,100,101.250,300,101.220,2000,101.370,200,101.380,1400,101.400,2800,101.410,2000,101.450,2020-07-17,13:47:59,00,";
var hq_str_sh603259="药明康德,100.650,100.580,101.200,104.760,100.000,101.200,101.230,14935898,1526069929.000,400,101.200,200,101.190,1000,101.180,200,101.170,3600,101.150,400,101.230,1500,101.250,100,101.270,1100,101.300,400,101.320,2020-07-17,13:48:59,00,";
var hq_str_sh603259="药明康德,100.650,100.580,101.070,104.760,100.000,101.040,101.070,14957598,1528264469.000,5600,101.040,200,101.020,1800,101.010,10500,101.000,100,100.960,600,101.070,300,101.080,200,101.090,1500,101.100,1200,101.160,2020-07-17,13:49:59,00,";
var hq_str_sh603259="药明康德,100.650,100.580,100.900,104.760,100.000,100.880,100.910,14993098,1531849371.000,100,100.880,2400,100.850,100,100.810,3100,100.800,600,100.780,200,100.910,800,100.950,500,100.970,2200,100.980,600,100.990,2020-07-17,13:50:59,00,";
var hq_str_sh603259="药明康德,100.650,100.580,101.000,104.760,100.000,101.000,101.010,15034238,1536003145.000,3300,101.000,500,100.990,200,100.980,100,100.950,900,100.920,200,101.010,700,101.020,600,101.030,272,101.050,1500,101.070,2020-07-17,13:51:59,00,";
var hq_str_sh603259="药明康德,100.650,100.580,101.010,104.760,100.000,101.010,101.020,15057278,1538329825.000,260,101.010,200,100.980,400,100.970,5300,100.960,10700,100.950,1000,101.020,200,101.040,772,101.070,400,101.090,200,101.100,2020-07-17,13:52:59,00,";
var hq_str_sh603259="药明康德,100.650,100.580,100.970,104.760,100.000,100.970,100.980,15073338,1539951731.000,200,100.970,3400,100.960,10500,100.950,100,100.940,800,100.920,900,100.980,500,100.990,100,101.000,800,101.010,400,101.030,2020-07-17,13:53:59,00,";
var hq_str_sh603259="药明康德,100.650,100.580,100.910,104.760,100.000,100.910,100.920,15097038,1542344271.000,800,100.910,4360,100.900,100,100.890,100,100.880,100,100.820,1500,100.920,1400,100.940,3072,100.950,1100,100.960,280,101.000,2020-07-17,13:54:59,00,";
var hq_str_sh603259="药明康德,100.650,100.580,100.810,104.760,100.000,100.820,100.990,15138650,1546542587.000,200,100.820,800,100.810,300,100.790,3200,100.780,1300,100.770,100,100.990,700,101.000,6100,101.010,100,101.030,200,101.090,2020-07-17,13:55:59,00,";
var hq_str_sh603259="药明康德,100.650,100.580,100.770,104.760,100.000,100.770,100.780,15154950,1548185696.000,600,100.770,100,100.740,200,100.730,100,100.720,100,100.710,1561,100.780,1500,100.800,300,100.810,1600,100.850,300,100.870,2020-07-17,13:56:59,00,";
var hq_str_sh603259="药明康德,100.650,100.580,100.690,104.760,100.000,100.680,100.700,15180650,1550775198.000,200,100.680,100,100.670,100,100.660,500,100.650,500,100.640,200,100.700,700,100.710,1000,100.730,900,100.740,200,100.770,2020-07-17,13:57:59,00,";
var hq_str_sh603259="药明康德,100.650,100.580,100.990,104.760,100.000,100.890,100.990,15216790,1554417213.000,200,100.890,1500,100.880,200,100.860,200,100.820,1700,100.800,1200,100.990,2300,101.000,100,101.030,200,101.090,300,101.100,2020-07-17,13:58:59,00,";
var hq_str_sh603259="药明康德,100.650,100.580,101.140,104.760,100.000,101.140,101.190,15242370,1557002480.000,200,101.140,500,101.130,720,101.110,400,101.100,2800,101.090,300,101.190,400,101.200,100,101.220,200,101.250,500,101.290,2020-07-17,13:59:56,00,";
var hq_str_sh603259="药明康德,100.650,100.580,101.330,104.760,100.000,101.320,101.330,15266010,1559396005.000,460,101.320,3000,101.300,4300,101.260,4200,101.250,2500,101.240,400,101.330,200,101.340,600,101.350,200,101.360,200,101.370,2020-07-17,14:00:56,00,";
var hq_str_sh603259="药明康德,100.650,100.580,101.330,104.760,100.000,101.320,101.330,15296370,1562472295.000,2000,101.320,100,101.310,400,101.300,2800,101.260,4200,101.250,3200,101.330,200,101.370,600,101.390,1000,101.400,2900,101.410,2020-07-17,14:01:59,00,";
var hq_str_sh603259="药明康德,100.650,100.580,101.360,104.760,100.000,101.350,101.360,15321570,1565026253.000,2800,101.350,400,101.340,4300,101.330,2600,101.320,300,101.300,1200,101.360,200,101.370,100,101.400,3000,101.410,700,101.420,2020-07-17,14:02:59,00,";
var hq_str_sh603259="药明康德,100.650,100.580,101.250,104.760,100.000,101.250,101.270,15349270,1567833307.000,1300,101.250,2400,101.240,1800,101.230,500,101.220,4500,101.210,100,101.270,1400,101.280,700,101.300,1500,101.310,100,101.320,2020-07-17,14:03:59,00,";
var hq_str_sh603259="药明康德,100.650,100.580,101.230,104.760,100.000,101.220,101.230,15375316,1570470029.000,300,101.220,1916,101.210,300,101.200,100,101.190,100,101.180,100,101.230,300,101.240,500,101.270,600,101.280,2500,101.300,2020-07-17,14:04:59,00,";
var hq_str_sh603259="药明康德,100.650,100.580,100.810,104.760,100.000,100.810,100.820,15427652,1575748692.000,800,100.810,600,100.720,400,100.710,1900,100.700,3100,100.690,400,100.820,200,100.830,200,100.870,200,100.910,100,100.940,2020-07-17,14:05:59,00,";
var hq_str_sh603259="药明康德,100.650,100.580,100.900,104.760,100.000,100.870,100.900,15450352,1578037131.000,100,100.870,1000,100.860,500,100.830,1400,100.820,500,100.810,3400,100.900,400,100.910,100,100.920,600,100.950,4100,100.960,2020-07-17,14:06:59,00,";
var hq_str_sh603259="药明康德,100.650,100.580,101.010,104.760,100.000,101.010,101.030,15490592,1582098654.000,2800,101.010,1900,101.000,200,100.960,300,100.950,5000,100.920,200,101.030,200,101.040,200,101.070,300,101.230,5400,101.250,2020-07-17,14:07:59,00,";
var hq_str_sh603259="药明康德,100.650,100.580,101.240,104.760,100.000,101.150,101.160,15513312,1584395831.000,2100,101.150,1200,101.140,100,101.120,100,101.110,900,101.100,100,101.160,100,101.240,5400,101.250,200,101.270,200,101.280,2020-07-17,14:08:59,00,";
var hq_str_sh603259="药明康德,100.650,100.580,101.300,104.760,100.000,101.270,101.300,15544812,1587584976.000,500,101.270,200,101.260,10400,101.250,4200,101.240,3200,101.230,140,101.300,400,101.310,200,101.320,680,101.330,3300,101.340,2020-07-17,14:09:59,00,";
var hq_str_sh603259="药明康德,100.650,100.580,101.440,104.760,100.000,101.400,101.440,15586692,1591830278.000,100,101.400,2100,101.360,1700,101.340,10400,101.330,3100,101.310,900,101.440,200,101.450,5600,101.500,200,101.520,100,101.550,2020-07-17,14:10:59,00,";
var hq_str_sh603259="药明康德,100.650,100.580,101.530,104.760,100.000,101.520,101.540,15624072,1595624088.000,4800,101.520,800,101.510,2200,101.500,3700,101.490,3800,101.470,500,101.540,200,101.550,2020,101.560,600,101.580,700,101.590,2020-07-17,14:11:59,00,";
var hq_str_sh603259="药明康德,100.650,100.580,101.750,104.760,100.000,101.750,101.770,15676368,1600938557.000,6580,101.750,100,101.740,700,101.710,5324,101.700,4600,101.660,1100,101.770,1800,101.800,300,101.810,200,101.870,1500,101.880,2020-07-17,14:12:57,00,";
var hq_str_sh603259="药明康德,100.650,100.580,101.940,104.760,100.000,101.880,101.960,15740948,1607517421.000,200,101.880,200,101.870,100,101.820,900,101.810,200,101.800,1100,101.960,5000,101.970,900,101.980,9000,101.990,11000,102.000,2020-07-17,14:13:53,00,";
var hq_str_sh603259="药明康德,100.650,100.580,101.900,104.760,100.000,101.870,101.900,15792888,1612811082.000,200,101.870,100,101.820,200,101.800,200,101.770,100,101.740,3200,101.900,100,101.920,2200,101.930,820,101.940,300,101.950,2020-07-17,14:14:59,00,";
var hq_str_sh603259="药明康德,100.650,100.580,101.720,104.760,100.000,101.720,101.730,15817508,1615315659.000,320,101.720,300,101.700,200,101.690,100,101.670,1800,101.660,200,101.730,600,101.740,400,101.880,1300,101.890,14300,101.900,2020-07-17,14:15:59,00,";
var hq_str_sh603259="药明康德,100.650,100.580,101.720,104.760,100.000,101.720,101.740,15846808,1618296423.000,1400,101.720,700,101.700,100,101.670,1700,101.660,1100,101.650,1900,101.740,200,101.750,200,101.760,300,101.770,2200,101.800,2020-07-17,14:16:57,00,";
var hq_str_sh603259="药明康德,100.650,100.580,101.870,104.760,100.000,101.870,101.880,15897708,1623476368.000,1200,101.870,2400,101.660,1200,101.650,100,101.610,500,101.600,1800,101.880,500,101.890,2700,101.900,4000,101.910,7800,101.930,2020-07-17,14:17:57,00,";
var hq_str_sh603259="药明康德,100.650,100.580,102.090,104.760,100.000,102.010,102.090,15975088,1631366879.000,1700,102.010,9620,102.000,1100,101.980,1000,101.970,900,101.960,1300,102.090,100,102.100,100,102.110,400,102.120,300,102.130,2020-07-17,14:18:59,00,";
var hq_str_sh603259="药明康德,100.650,100.580,102.050,104.760,100.000,102.050,102.080,16030188,1636990089.000,5300,102.050,1100,102.040,100,102.030,10400,102.010,100,102.000,800,102.080,600,102.120,280,102.130,200,102.140,4600,102.150,2020-07-17,14:19:59,00,";
var hq_str_sh603259="药明康德,100.650,100.580,101.890,104.760,100.000,101.800,101.890,16087288,1642815427.000,700,101.800,500,101.770,200,101.700,2200,101.660,1100,101.650,400,101.890,800,101.900,300,101.930,100,101.940,300,101.960,2020-07-17,14:20:57,00,";
var hq_str_sh603259="药明康德,100.650,100.580,101.870,104.760,100.000,101.870,101.880,16105468,1644666960.000,1200,101.870,300,101.860,400,101.850,100,101.830,300,101.820,1700,101.880,100,101.890,500,101.900,100,101.920,300,101.930,2020-07-17,14:21:59,00,";
var hq_str_sh603259="药明康德,100.650,100.580,102.300,104.760,100.000,102.230,102.300,16197748,1654092639.000,2100,102.230,200,102.200,600,102.190,11300,102.180,10420,102.150,4100,102.300,600,102.350,100,102.360,600,102.380,100,102.390,2020-07-17,14:22:59,00,";
var hq_str_sh603259="药明康德,100.650,100.580,102.400,104.760,100.000,102.300,102.380,16227748,1657162626.000,2300,102.300,9800,102.290,300,102.280,100,102.260,700,102.250,200,102.380,1700,102.400,700,102.420,100,102.430,2200,102.440,2020-07-17,14:23:59,00,";
var hq_str_sh603259="药明康德,100.650,100.580,102.430,104.760,100.000,102.400,102.430,16276248,1662128359.000,3000,102.400,1500,102.310,4700,102.300,9600,102.290,400,102.280,2200,102.430,2100,102.450,300,102.480,7000,102.490,7472,102.500,2020-07-17,14:24:59,00,";
var hq_str_sh603259="药明康德,100.650,100.580,102.490,104.760,100.000,102.420,102.490,16327048,1667331340.000,200,102.420,3000,102.410,1100,102.400,300,102.390,6800,102.320,5800,102.490,7572,102.500,500,102.520,200,102.540,700,102.550,2020-07-17,14:25:59,00,";
var hq_str_sh603259="药明康德,100.650,100.580,102.510,104.760,100.000,102.510,102.530,16368188,1671548653.000,8200,102.510,1200,102.500,400,102.490,500,102.420,800,102.410,200,102.530,500,102.580,872,102.590,900,102.600,100,102.610,2020-07-17,14:26:59,00,";
var hq_str_sh603259="药明康德,100.650,100.580,102.500,104.760,100.000,102.490,102.500,16432688,1678162002.000,100,102.490,500,102.420,700,102.410,2100,102.400,300,102.390,1800,102.500,1100,102.510,100,102.540,2000,102.550,200,102.560,2020-07-17,14:27:59,00,";
var hq_str_sh603259="药明康德,100.650,100.580,102.300,104.760,100.000,102.300,102.310,16472438,1682230881.000,13950,102.300,900,102.280,100,102.250,500,102.230,200,102.200,1400,102.310,400,102.320,300,102.350,100,102.380,400,102.390,2020-07-17,14:28:59,00,";
var hq_str_sh603259="药明康德,100.650,100.580,102.400,104.760,100.000,102.400,102.410,16530188,1688139743.000,11700,102.400,600,102.350,500,102.300,100,102.280,200,102.260,1600,102.410,200,102.470,2600,102.500,1414,102.510,100,102.520,2020-07-17,14:29:59,00,";
var hq_str_sh603259="药明康德,100.650,100.580,102.600,104.760,100.000,102.600,102.610,16579460,1693186771.000,6528,102.600,100,102.580,100,102.570,200,102.560,400,102.550,100,102.610,700,102.620,1300,102.650,700,102.660,1000,102.670,2020-07-17,14:30:59,00,";
var hq_str_sh603259="药明康德,100.650,100.580,102.500,104.760,100.000,102.380,102.500,16653160,1700747076.000,2600,102.380,2300,102.370,300,102.360,500,102.350,2200,102.300,700,102.500,100,102.530,300,102.610,1000,102.620,1800,102.630,2020-07-17,14:31:59,00,";
var hq_str_sh603259="药明康德,100.650,100.580,102.600,104.760,100.000,102.530,102.600,16693360,1704867265.000,100,102.530,500,102.430,9000,102.420,1300,102.380,800,102.370,1300,102.600,2900,102.650,1100,102.660,1300,102.670,300,102.680,2020-07-17,14:32:50,00,";
var hq_str_sh603259="药明康德,100.650,100.580,102.460,104.760,100.000,102.440,102.500,16740700,1709718437.000,1500,102.440,1800,102.430,2100,102.420,500,102.400,1300,102.380,1100,102.500,100,102.540,100,102.580,100,102.600,200,102.630,2020-07-17,14:33:59,00,";
var hq_str_sh603259="药明康德,100.650,100.580,102.430,104.760,100.000,102.380,102.430,16761800,1711879933.000,500,102.380,200,102.370,300,102.360,500,102.350,500,102.300,240,102.430,200,102.440,2400,102.500,100,102.590,2400,102.600,2020-07-17,14:34:56,00,";
var hq_str_sh603259="药明康德,100.650,100.580,102.120,104.760,100.000,102.010,102.020,16803320,1716124545.000,1200,102.010,73600,102.000,200,101.880,200,101.860,100,101.850,300,102.020,80,102.120,300,102.150,300,102.170,100,102.200,2020-07-17,14:35:59,00,";
var hq_str_sh603259="药明康德,100.650,100.580,102.000,104.760,100.000,102.000,102.010,16911320,1727141273.000,3200,102.000,200,101.930,100,101.900,100,101.890,200,101.880,300,102.010,300,102.050,700,102.080,100,102.100,300,102.190,2020-07-17,14:36:59,00,";
var hq_str_sh603259="药明康德,100.650,100.580,101.660,104.760,100.000,101.660,101.690,16935620,1729618147.000,1300,101.660,1100,101.650,500,101.620,9000,101.610,100,101.600,100,101.690,6100,101.700,2100,101.730,300,101.740,100,101.770,2020-07-17,14:37:59,00,";
var hq_str_sh603259="药明康德,100.650,100.580,101.610,104.760,100.000,101.610,101.620,16986620,1734802484.000,300,101.610,1300,101.600,2500,101.580,200,101.550,600,101.530,400,101.620,200,101.630,1400,101.650,600,101.690,300,101.700,2020-07-17,14:38:59,00,";
var hq_str_sh603259="药明康德,100.650,100.580,101.510,104.760,100.000,101.500,101.510,17014320,1737615816.000,3800,101.500,2000,101.490,1200,101.470,100,101.450,100,101.380,900,101.510,800,101.550,400,101.560,100,101.590,300,101.600,2020-07-17,14:39:59,00,";
var hq_str_sh603259="药明康德,100.650,100.580,101.520,104.760,100.000,101.500,101.520,17052620,1741502157.000,1500,101.500,800,101.430,700,101.420,2600,101.410,100,101.400,200,101.520,800,101.540,300,101.570,100,101.580,3400,101.610,2020-07-17,14:40:59,00,";
var hq_str_sh603259="药明康德,100.650,100.580,101.700,104.760,100.000,101.640,101.700,17083320,1744625324.000,100,101.640,2800,101.630,500,101.620,31900,101.610,200,101.600,3000,101.700,200,101.720,2200,101.800,7700,101.890,200,101.900,2020-07-17,14:41:59,00,";
var hq_str_sh603259="药明康德,100.650,100.580,101.740,104.760,100.000,101.740,101.750,17123020,1748664284.000,600,101.740,400,101.730,18600,101.720,1400,101.700,800,101.670,1300,101.750,200,101.760,1380,101.790,200,101.800,100,101.840,2020-07-17,14:42:59,00,";
var hq_str_sh603259="药明康德,100.650,100.580,101.650,104.760,100.000,101.630,101.650,17174000,1753849766.000,2500,101.630,600,101.620,31900,101.610,100,101.600,200,101.580,1000,101.650,1200,101.660,2400,101.670,100,101.700,1000,101.730,2020-07-17,14:43:59,00,";
var hq_str_sh603259="药明康德,100.650,100.580,101.620,104.760,100.000,101.620,101.640,17219760,1758500356.000,2700,101.620,27540,101.610,700,101.600,200,101.590,200,101.580,100,101.640,400,101.650,300,101.730,800,101.750,300,101.760,2020-07-17,14:44:59,00,";
var hq_str_sh603259="药明康德,100.650,100.580,101.610,104.760,100.000,101.610,101.620,17282160,1764841216.000,240,101.610,300,101.590,300,101.580,100,101.530,300,101.510,300,101.620,900,101.650,300,101.690,2000,101.720,500,101.730,2020-07-17,14:45:59,00,";
var hq_str_sh603259="药明康德,100.650,100.580,101.390,104.760,100.000,101.380,101.390,17333400,1770040952.000,400,101.380,100,101.360,100,101.350,1800,101.340,100,101.330,7200,101.390,500,101.490,1400,101.500,100,101.530,400,101.550,2020-07-17,14:46:59,00,";
var hq_str_sh603259="药明康德,100.650,100.580,101.580,104.760,100.000,101.470,101.500,17364800,1773225495.000,1100,101.470,2300,101.450,5400,101.440,100,101.420,19500,101.410,100,101.500,1578,101.580,1860,101.610,100,101.620,40,101.630,2020-07-17,14:47:56,00,";
var hq_str_sh603259="药明康德,100.650,100.580,101.800,104.760,100.000,101.720,101.800,17399018,1776703980.000,6100,101.720,600,101.700,2800,101.690,14500,101.680,4300,101.670,720,101.800,100,101.840,1800,101.850,700,101.880,1900,101.890,2020-07-17,14:48:56,00,";
var hq_str_sh603259="药明康德,100.650,100.580,101.750,104.760,100.000,101.740,101.750,17421758,1779018404.000,12480,101.740,500,101.730,600,101.720,500,101.700,700,101.690,100,101.750,600,101.800,1500,101.830,1800,101.850,5900,101.880,2020-07-17,14:49:59,00,";
var hq_str_sh603259="药明康德,100.650,100.580,101.790,104.760,100.000,101.790,101.800,17456055,1782509680.000,3400,101.790,8100,101.750,7383,101.740,100,101.720,200,101.700,6520,101.800,10800,101.810,1940,101.820,286,101.830,1800,101.850,2020-07-17,14:50:59,00,";
var hq_str_sh603259="药明康德,100.650,100.580,101.770,104.760,100.000,101.770,101.780,17496955,1786673263.000,3200,101.770,7400,101.750,800,101.740,100,101.720,200,101.700,400,101.780,400,101.790,4700,101.800,920,101.810,1640,101.820,2020-07-17,14:51:59,00,";
var hq_str_sh603259="药明康德,100.650,100.580,101.800,104.760,100.000,101.780,101.800,17534955,1790541353.000,900,101.780,5500,101.760,5200,101.750,1100,101.740,100,101.720,980,101.800,4886,101.880,1900,101.890,300,101.900,1300,101.930,2020-07-17,14:52:58,00,";
var hq_str_sh603259="药明康德,100.650,100.580,101.810,104.760,100.000,101.800,101.810,17624915,1799703309.000,6900,101.800,1700,101.780,2100,101.770,2700,101.760,9900,101.750,4688,101.810,100,101.830,1100,101.850,100,101.880,200,101.900,2020-07-17,14:53:59,00,";
var hq_str_sh603259="药明康德,100.650,100.580,102.030,104.760,100.000,102.010,102.050,17675723,1804882489.000,3100,102.010,9460,102.000,3700,101.950,1500,101.900,400,101.890,4700,102.050,800,102.080,100,102.090,3400,102.100,100,102.150,2020-07-17,14:54:59,00,";
var hq_str_sh603259="药明康德,100.650,100.580,102.120,104.760,100.000,102.100,102.120,17730963,1810522182.000,55300,102.100,760,102.090,5640,102.080,1960,102.060,200,102.020,800,102.120,1300,102.130,600,102.140,1100,102.150,900,102.160,2020-07-17,14:55:59,00,";
var hq_str_sh603259="药明康德,100.650,100.580,102.140,104.760,100.000,102.140,102.170,17786023,1816146806.000,3320,102.140,1500,102.130,3900,102.120,200,102.110,43600,102.100,300,102.170,100,102.180,200,102.190,2300,102.200,100,102.210,2020-07-17,14:56:59,00,";
var hq_str_sh603259="药明康德,100.650,100.580,102.140,104.760,100.000,102.140,102.140,17786023,1816146806.000,44754,102.140,2966,0.000,0,0.000,0,0.000,0,0.000,44754,102.140,0,0.000,0,0.000,0,0.000,0,0.000,2020-07-17,14:57:59,00,";
var hq_str_sh603259="药明康德,100.650,100.580,102.140,104.760,100.000,102.450,102.450,17786023,1816146806.000,89834,102.450,9166,0.000,0,0.000,0,0.000,0,0.000,89834,102.450,0,0.000,0,0.000,0,0.000,0,0.000,2020-07-17,14:58:59,00,";
