var hq_str_sh603259="药明康德,94.500,94.770,94.100,94.500,93.820,93.820,94.100,266300,25152091.000,700,93.820,400,93.800,2000,93.750,100,93.660,100,93.600,4400,94.100,200,94.300,100,94.360,1200,94.400,100,94.440,2020-07-02,09:30:00,00,";
var hq_str_sh603259="药明康德,94.500,94.770,95.310,95.410,93.800,95.310,95.410,540906,51137634.000,1148,95.310,500,95.300,1100,95.240,400,95.220,3100,95.210,200,95.410,1000,95.430,100,95.450,100,95.470,300,95.480,2020-07-02,09:30:58,00,";
var hq_str_sh603259="药明康德,94.500,94.770,95.190,95.500,93.800,95.190,95.200,767054,72665924.000,400,95.190,100,95.090,2000,95.040,400,95.020,1400,95.010,1100,95.200,400,95.210,2500,95.220,100,95.250,400,95.270,2020-07-02,09:31:58,00,";
var hq_str_sh603259="药明康德,94.500,94.770,95.050,95.500,93.800,95.050,95.080,958125,90826316.000,476,95.050,1861,95.000,500,94.980,800,94.960,1800,94.950,100,95.080,1900,95.090,6380,95.100,100,95.130,1700,95.150,2020-07-02,09:32:58,00,";
var hq_str_sh603259="药明康德,94.500,94.770,94.600,95.500,93.800,94.550,94.590,1068913,101339757.000,800,94.550,4400,94.530,1600,94.510,11100,94.500,1800,94.470,500,94.590,100,94.610,4083,94.650,24100,94.700,7200,94.710,2020-07-02,09:33:58,00,";
var hq_str_sh603259="药明康德,94.500,94.770,94.350,95.500,93.800,94.190,94.240,1187845,112571281.000,100,94.190,100,94.100,200,94.050,2443,94.040,3300,94.030,200,94.240,6000,94.370,23760,94.380,640,94.390,897,94.400,2020-07-02,09:34:58,00,";
var hq_str_sh603259="药明康德,94.500,94.770,93.810,95.500,93.790,93.780,93.800,1306488,123721793.000,800,93.780,600,93.770,600,93.760,2000,93.750,4000,93.740,100,93.800,4212,93.810,1600,93.820,3600,93.830,5600,93.840,2020-07-02,09:35:58,00,";
var hq_str_sh603259="药明康德,94.500,94.770,93.900,95.500,93.750,93.900,93.940,1514850,143271023.000,1000,93.900,660,93.860,100,93.850,100,93.840,200,93.830,100,93.940,2400,93.970,500,93.980,100,93.990,26577,94.000,2020-07-02,09:36:58,00,";
var hq_str_sh603259="药明康德,94.500,94.770,94.210,95.500,93.750,94.210,94.300,1637858,154846097.000,100,94.210,100,94.200,380,94.170,300,94.160,500,94.130,7700,94.300,700,94.350,100,94.380,100,94.440,900,94.470,2020-07-02,09:37:58,00,";
var hq_str_sh603259="药明康德,94.500,94.770,94.180,95.500,93.750,94.160,94.170,1765058,166832000.000,600,94.160,2500,94.120,1000,94.110,3500,94.100,1600,94.090,996,94.170,200,94.300,2000,94.320,400,94.340,100,94.350,2020-07-02,09:38:58,00,";
var hq_str_sh603259="药明康德,94.500,94.770,94.720,95.500,93.750,94.720,94.800,1902304,179801118.000,815,94.720,500,94.710,1700,94.680,200,94.660,103,94.650,860,94.800,1000,94.850,500,94.870,1000,94.890,914,94.900,2020-07-02,09:40:01,00,";
var hq_str_sh603259="药明康德,94.500,94.770,94.810,95.500,93.750,94.810,94.890,2005308,189577320.000,900,94.810,2336,94.800,300,94.720,315,94.710,700,94.700,1500,94.890,9000,94.900,100,94.960,2000,94.980,2678,94.990,2020-07-02,09:40:58,00,";
var hq_str_sh603259="药明康德,94.500,94.770,94.550,95.500,93.750,94.550,94.560,2071859,195880185.000,900,94.550,600,94.510,2500,94.500,100,94.480,400,94.450,100,94.560,1518,94.580,780,94.590,1100,94.600,2200,94.610,2020-07-02,09:42:01,00,";
var hq_str_sh603259="药明康德,94.500,94.770,94.470,95.500,93.750,94.470,94.530,2143459,202645533.000,900,94.470,1000,94.450,1200,94.430,300,94.410,2700,94.400,400,94.530,198,94.550,16718,94.580,100,94.600,2680,94.610,2020-07-02,09:42:58,00,";
var hq_str_sh603259="药明康德,94.500,94.770,94.690,95.500,93.750,94.680,94.690,2233519,211162005.000,100,94.680,100,94.630,1600,94.610,17840,94.600,100,94.590,200,94.690,2514,94.700,500,94.710,200,94.770,400,94.790,2020-07-02,09:43:58,00,";
var hq_str_sh603259="药明康德,94.500,94.770,94.200,95.500,93.750,94.200,94.250,2328993,220186224.000,300,94.200,600,94.190,1700,94.180,1400,94.170,9300,94.160,200,94.250,1800,94.260,1700,94.270,9200,94.280,240,94.320,2020-07-02,09:45:01,00,";
var hq_str_sh603259="药明康德,94.500,94.770,93.920,95.500,93.750,93.920,93.950,2445753,231165701.000,1240,93.920,100,93.900,500,93.890,2900,93.880,600,93.870,3100,93.950,100,93.960,1000,93.990,14300,94.000,200,94.010,2020-07-02,09:45:58,00,";
var hq_str_sh603259="药明康德,94.500,94.770,94.100,95.500,93.750,94.100,94.150,2540598,240083752.000,6160,94.100,2700,94.060,100,94.040,600,94.030,3430,94.000,1100,94.150,6000,94.160,500,94.170,400,94.180,2400,94.190,2020-07-02,09:46:58,00,";
var hq_str_sh603259="药明康德,94.500,94.770,94.060,95.500,93.750,94.060,94.070,2642797,249700647.000,2070,94.060,700,94.050,2700,94.040,1200,94.030,600,94.020,1000,94.070,600,94.110,1300,94.120,1100,94.130,100,94.140,2020-07-02,09:47:58,00,";
var hq_str_sh603259="药明康德,94.500,94.770,93.980,95.500,93.750,93.970,93.980,2769019,261566809.000,2278,93.970,6000,93.960,4000,93.950,600,93.940,1400,93.930,1900,93.980,500,93.990,7800,94.010,300,94.020,500,94.060,2020-07-02,09:49:01,00,";
var hq_str_sh603259="药明康德,94.500,94.770,94.160,95.500,93.750,94.110,94.160,2903142,274174886.000,100,94.110,5200,94.090,200,94.080,2800,94.060,2400,94.040,2200,94.160,500,94.170,3400,94.180,16900,94.200,2000,94.220,2020-07-02,09:49:58,00,";
var hq_str_sh603259="药明康德,94.500,94.770,94.320,95.500,93.750,94.280,94.320,2964016,279910528.000,2400,94.280,2008,94.270,100,94.250,1800,94.220,1400,94.210,2300,94.320,100,94.340,1400,94.370,200,94.380,2600,94.400,2020-07-02,09:50:58,00,";
var hq_str_sh603259="药明康德,94.500,94.770,94.320,95.500,93.750,94.320,94.330,3021342,285317191.000,300,94.320,422,94.310,100,94.300,200,94.230,4460,94.220,946,94.330,100,94.340,2100,94.370,300,94.380,200,94.390,2020-07-02,09:51:58,00,";
var hq_str_sh603259="药明康德,94.500,94.770,94.380,95.500,93.750,94.380,94.390,3100649,292799258.000,500,94.380,4215,94.370,100,94.350,200,94.320,1600,94.300,900,94.390,2700,94.400,200,94.430,900,94.480,2250,94.500,2020-07-02,09:52:58,00,";
var hq_str_sh603259="药明康德,94.500,94.770,94.520,95.500,93.750,94.500,94.520,3163136,298702272.000,400,94.500,200,94.490,400,94.480,1400,94.470,8000,94.460,2100,94.520,100,94.540,29250,94.550,30000,94.560,900,94.580,2020-07-02,09:53:58,00,";
var hq_str_sh603259="药明康德,94.500,94.770,94.550,95.500,93.750,94.320,94.530,3295669,311219373.000,600,94.320,16193,94.310,2200,94.300,200,94.280,200,94.270,200,94.530,80,94.550,21293,94.560,500,94.580,1900,94.600,2020-07-02,09:54:58,00,";
var hq_str_sh603259="药明康德,94.500,94.770,94.400,95.500,93.750,94.370,94.450,3342069,315603572.000,4200,94.370,4500,94.360,7500,94.350,600,94.330,1800,94.320,800,94.450,1368,94.460,700,94.490,5200,94.500,2000,94.510,2020-07-02,09:55:58,00,";
var hq_str_sh603259="药明康德,94.500,94.770,94.350,95.500,93.750,94.310,94.350,3388249,319961487.000,16713,94.310,2600,94.300,100,94.290,300,94.280,200,94.270,700,94.350,1900,94.370,2600,94.400,540,94.420,500,94.430,2020-07-02,09:56:58,00,";
var hq_str_sh603259="药明康德,94.500,94.770,94.220,95.500,93.750,94.220,94.250,3470457,327711561.000,122,94.220,200,94.200,400,94.180,1783,94.170,7900,94.160,800,94.250,2600,94.260,100,94.270,100,94.280,700,94.290,2020-07-02,09:57:58,00,";
var hq_str_sh603259="药明康德,94.500,94.770,94.000,95.500,93.750,93.980,94.000,3534862,333774370.000,1000,93.980,100,93.970,1100,93.960,800,93.950,800,93.940,2537,94.000,400,94.020,700,94.140,3300,94.150,3601,94.160,2020-07-02,09:59:01,00,";
var hq_str_sh603259="药明康德,94.500,94.770,93.980,95.500,93.750,93.980,94.000,3674507,346905056.000,100,93.980,200,93.960,1555,93.950,200,93.940,600,93.930,5500,94.000,300,94.020,200,94.030,3400,94.040,600,94.050,2020-07-02,10:00:01,00,";
var hq_str_sh603259="药明康德,94.500,94.770,94.010,95.500,93.750,93.980,94.010,3756117,354577515.000,300,93.980,3245,93.950,200,93.940,1600,93.930,2700,93.920,1600,94.010,400,94.020,1000,94.120,1300,94.130,1300,94.140,2020-07-02,10:01:01,00,";
var hq_str_sh603259="药明康德,94.500,94.770,93.910,95.500,93.750,93.910,93.920,3797762,358489600.000,300,93.910,13900,93.900,5200,93.890,6600,93.880,1100,93.860,300,93.920,2995,93.950,400,93.960,2557,93.980,1000,94.000,2020-07-02,10:01:58,00,";
var hq_str_sh603259="药明康德,94.500,94.770,94.130,95.500,93.750,94.120,94.160,3853194,363700223.000,2860,94.120,100,94.080,500,94.030,800,94.020,6200,94.010,1100,94.160,100,94.180,900,94.200,200,94.210,10300,94.230,2020-07-02,10:02:58,00,";
var hq_str_sh603259="药明康德,94.500,94.770,94.050,95.500,93.750,94.030,94.050,3919234,369918683.000,1760,94.030,1600,94.020,3600,94.010,3703,94.000,3000,93.990,100,94.050,600,94.120,400,94.130,3500,94.140,1400,94.180,2020-07-02,10:03:58,00,";
var hq_str_sh603259="药明康德,94.500,94.770,93.990,95.500,93.750,93.990,94.000,3990004,376572423.000,200,93.990,903,93.980,3882,93.960,500,93.950,200,93.930,18740,94.000,100,94.010,300,94.030,400,94.090,6600,94.100,2020-07-02,10:05:01,00,";
var hq_str_sh603259="药明康德,94.500,94.770,93.930,95.500,93.750,93.930,93.950,4114764,388298312.000,2300,93.930,100,93.920,100,93.910,9725,93.900,5400,93.890,100,93.950,100,93.980,3600,93.990,925,94.000,900,94.040,2020-07-02,10:05:58,00,";
var hq_str_sh603259="药明康德,94.500,94.770,94.200,95.500,93.750,94.200,94.210,4180343,394467715.000,760,94.200,400,94.110,400,94.100,200,94.070,1500,94.060,340,94.210,600,94.220,200,94.230,1400,94.250,452,94.260,2020-07-02,10:06:58,00,";
var hq_str_sh603259="药明康德,94.500,94.770,94.280,95.500,93.750,94.290,94.300,4217375,397957163.000,300,94.290,2200,94.280,1500,94.270,600,94.260,5768,94.250,600,94.300,4840,94.310,5500,94.320,900,94.350,1500,94.380,2020-07-02,10:07:58,00,";
var hq_str_sh603259="药明康德,94.500,94.770,94.290,95.500,93.750,94.290,94.300,4286680,404492116.000,1200,94.290,363,94.250,300,94.240,2100,94.230,100,94.200,4400,94.300,400,94.310,5240,94.320,5700,94.350,3600,94.390,2020-07-02,10:08:58,00,";
var hq_str_sh603259="药明康德,94.500,94.770,94.150,95.500,93.750,94.150,94.160,4346180,410097824.000,400,94.150,4000,94.130,100,94.100,800,94.070,1100,94.060,1300,94.160,5400,94.180,900,94.200,1700,94.210,100,94.220,2020-07-02,10:10:01,00,";
var hq_str_sh603259="药明康德,94.500,94.770,94.480,95.500,93.750,94.450,94.490,4434572,418430909.000,100,94.450,700,94.440,2700,94.400,3700,94.390,30980,94.350,1468,94.490,11920,94.500,2100,94.510,400,94.520,4000,94.550,2020-07-02,10:10:58,00,";
var hq_str_sh603259="药明康德,94.500,94.770,94.450,95.500,93.750,94.450,94.620,4575433,431742576.000,1500,94.450,3200,94.400,2839,94.390,100,94.380,100,94.370,28940,94.620,1000,94.630,200,94.640,1000,94.650,100,94.660,2020-07-02,10:11:58,00,";
var hq_str_sh603259="药明康德,94.500,94.770,94.610,95.500,93.750,94.600,94.610,4632570,437145726.000,22363,94.600,200,94.570,200,94.510,600,94.500,100,94.460,1380,94.610,28940,94.620,1000,94.630,300,94.640,1100,94.650,2020-07-02,10:12:58,00,";
var hq_str_sh603259="药明康德,94.500,94.770,94.740,95.500,93.750,94.720,94.740,4785338,451610420.000,700,94.720,1200,94.710,4300,94.660,16460,94.650,5630,94.620,2280,94.740,100,94.790,400,94.800,500,94.810,100,94.830,2020-07-02,10:13:58,00,";
var hq_str_sh603259="药明康德,94.500,94.770,94.790,95.500,93.750,94.770,94.780,4856338,458341382.000,500,94.770,2900,94.740,8800,94.710,400,94.700,500,94.660,2100,94.780,100,94.800,5334,94.830,6400,94.850,200,94.860,2020-07-02,10:14:58,00,";
var hq_str_sh603259="药明康德,94.500,94.770,94.750,95.500,93.750,94.740,94.770,4963338,468479176.000,200,94.740,1000,94.730,100,94.710,1200,94.700,600,94.690,900,94.770,200,94.790,3420,94.800,2200,94.810,16300,94.820,2020-07-02,10:15:58,00,";
var hq_str_sh603259="药明康德,94.500,94.770,94.800,95.500,93.750,94.770,94.800,5032018,474988818.000,3200,94.770,900,94.760,5300,94.750,1100,94.740,1420,94.730,100,94.800,5872,94.820,1834,94.830,1000,94.840,7900,94.850,2020-07-02,10:16:58,00,";
var hq_str_sh603259="药明康德,94.500,94.770,94.930,95.500,93.750,94.850,94.930,5106538,482056274.000,800,94.850,8400,94.840,100,94.810,11400,94.800,2000,94.780,500,94.930,400,94.940,300,94.950,300,94.960,2200,94.970,2020-07-02,10:18:01,00,";
var hq_str_sh603259="药明康德,94.500,94.770,94.780,95.500,93.750,94.780,94.800,5178638,488896735.000,500,94.780,2100,94.770,1400,94.760,1800,94.750,500,94.740,700,94.800,100,94.830,400,94.850,300,94.870,200,94.890,2020-07-02,10:19:01,00,";
var hq_str_sh603259="药明康德,94.500,94.770,94.600,95.500,93.750,94.600,94.680,5236691,494393931.000,5530,94.600,200,94.570,500,94.510,3700,94.500,100,94.490,700,94.680,500,94.690,3400,94.700,300,94.750,700,94.770,2020-07-02,10:19:58,00,";
var hq_str_sh603259="药明康德,94.500,94.770,94.560,95.500,93.750,94.560,94.600,5277901,498292803.000,800,94.560,1700,94.550,100,94.500,1500,94.480,100,94.460,100,94.600,100,94.640,200,94.650,1500,94.660,100,94.670,2020-07-02,10:20:58,00,";
var hq_str_sh603259="药明康德,94.500,94.770,94.460,95.500,93.750,94.450,94.460,5306668,501011971.000,3233,94.450,300,94.430,1100,94.410,2000,94.400,500,94.390,13800,94.460,1620,94.470,2200,94.480,100,94.500,100,94.540,2020-07-02,10:21:58,00,";
var hq_str_sh603259="药明康德,94.500,94.770,94.460,95.500,93.750,94.450,94.460,5355520,505622975.000,2933,94.450,100,94.400,100,94.350,1100,94.300,300,94.280,800,94.460,400,94.470,2000,94.480,900,94.500,500,94.530,2020-07-02,10:23:01,00,";
var hq_str_sh603259="药明康德,94.500,94.770,94.570,95.500,93.750,94.570,94.580,5408356,510616987.000,1100,94.570,100,94.560,100,94.490,200,94.460,1200,94.450,300,94.580,9500,94.590,100,94.600,400,94.650,840,94.660,2020-07-02,10:23:58,00,";
var hq_str_sh603259="药明康德,94.500,94.770,94.450,95.500,93.750,94.410,94.450,5454656,514994358.000,33,94.410,500,94.400,100,94.350,1700,94.300,200,94.280,500,94.450,15000,94.500,100,94.510,1000,94.530,100,94.550,2020-07-02,10:24:58,00,";
var hq_str_sh603259="药明康德,94.500,94.770,94.270,95.500,93.750,94.270,94.280,5488489,518188304.000,100,94.270,700,94.260,2900,94.250,200,94.240,300,94.210,9300,94.280,2200,94.300,2200,94.350,900,94.390,100,94.400,2020-07-02,10:25:58,00,";
var hq_str_sh603259="药明康德,94.500,94.770,94.390,95.500,93.750,94.330,94.370,5545679,523582278.000,400,94.330,200,94.320,800,94.310,13900,94.300,100,94.290,100,94.370,200,94.380,2300,94.390,2600,94.420,700,94.450,2020-07-02,10:26:58,00,";
var hq_str_sh603259="药明康德,94.500,94.770,94.250,95.500,93.750,94.230,94.250,5614989,530120505.000,200,94.230,200,94.220,700,94.210,5700,94.200,200,94.180,6790,94.250,200,94.270,200,94.300,480,94.320,1000,94.350,2020-07-02,10:27:58,00,";
var hq_str_sh603259="药明康德,94.500,94.770,94.120,95.500,93.750,94.120,94.150,5654589,533850211.000,900,94.120,1300,94.110,3800,94.100,300,94.080,400,94.070,3820,94.150,6100,94.160,800,94.170,200,94.180,9600,94.200,2020-07-02,10:28:58,00,";
var hq_str_sh603259="药明康德,94.500,94.770,94.060,95.500,93.750,94.050,94.060,5699889,538113328.000,200,94.050,500,94.020,2500,94.010,18200,94.000,700,93.990,300,94.060,4422,94.080,2100,94.090,1900,94.100,964,94.120,2020-07-02,10:30:01,00,";
var hq_str_sh603259="药明康德,94.500,94.770,94.100,95.500,93.750,94.100,94.130,5761951,543955284.000,920,94.100,3800,94.080,1800,94.070,4300,94.060,200,94.050,300,94.130,100,94.150,2706,94.190,600,94.200,8500,94.220,2020-07-02,10:30:58,00,";
var hq_str_sh603259="药明康德,94.500,94.770,94.150,95.500,93.750,94.150,94.170,5804831,547992391.000,1400,94.150,4900,94.130,200,94.120,17400,94.110,8320,94.100,3000,94.170,300,94.180,4000,94.200,500,94.210,8500,94.220,2020-07-02,10:31:58,00,";
var hq_str_sh603259="药明康德,94.500,94.770,94.130,95.500,93.750,94.130,94.150,5869883,554116154.000,3200,94.130,3048,94.120,4700,94.110,9420,94.100,700,94.090,2100,94.150,900,94.160,5200,94.170,11300,94.200,500,94.210,2020-07-02,10:32:58,00,";
var hq_str_sh603259="药明康德,94.500,94.770,94.110,95.500,93.750,94.110,94.120,5907499,557656917.000,4532,94.110,9920,94.100,1100,94.090,5300,94.080,3100,94.070,600,94.120,2640,94.140,100,94.150,300,94.160,3852,94.170,2020-07-02,10:33:58,00,";
var hq_str_sh603259="药明康德,94.500,94.770,94.120,95.500,93.750,94.120,94.130,5965299,563097978.000,200,94.120,1200,94.110,4652,94.100,1200,94.090,5300,94.080,500,94.130,100,94.150,1452,94.170,900,94.190,11500,94.200,2020-07-02,10:34:58,00,";
var hq_str_sh603259="药明康德,94.500,94.770,94.290,95.500,93.750,94.290,94.300,6016431,567914350.000,3700,94.290,3900,94.220,4200,94.210,7600,94.200,900,94.170,1600,94.300,200,94.320,100,94.340,100,94.370,2100,94.380,2020-07-02,10:36:01,00,";
var hq_str_sh603259="药明康德,94.500,94.770,94.280,95.500,93.750,94.170,94.240,6072711,573220929.000,1100,94.170,500,94.160,100,94.150,400,94.130,1800,94.120,1100,94.240,100,94.280,100,94.290,8020,94.300,100,94.310,2020-07-02,10:36:58,00,";
var hq_str_sh603259="药明康德,94.500,94.770,94.120,95.500,93.750,94.100,94.120,6102031,575981109.000,3552,94.100,700,94.090,2200,94.080,2700,94.070,700,94.060,1800,94.120,300,94.130,300,94.140,400,94.160,7800,94.170,2020-07-02,10:37:58,00,";
var hq_str_sh603259="药明康德,94.500,94.770,94.030,95.500,93.750,94.030,94.050,6143883,579918711.000,700,94.030,6200,94.020,2600,94.010,35500,94.000,900,93.990,2600,94.050,7580,94.060,1200,94.070,3400,94.080,3400,94.090,2020-07-02,10:38:58,00,";
var hq_str_sh603259="药明康德,94.500,94.770,94.050,95.500,93.750,94.060,94.080,6230363,588049913.000,100,94.060,9600,94.050,100,94.020,200,94.010,12920,94.000,2080,94.080,200,94.090,100,94.100,200,94.110,1348,94.120,2020-07-02,10:39:58,00,";
var hq_str_sh603259="药明康德,94.500,94.770,94.040,95.500,93.750,94.050,94.060,6281913,592897587.000,5100,94.050,1680,94.040,4200,94.030,1600,94.020,700,94.010,1360,94.060,1880,94.080,300,94.090,200,94.100,200,94.110,2020-07-02,10:40:58,00,";
var hq_str_sh603259="药明康德,94.500,94.770,94.060,95.500,93.750,94.060,94.120,6309796,595520624.000,4617,94.060,6000,94.050,700,94.040,4200,94.030,1400,94.020,500,94.120,300,94.140,400,94.160,600,94.170,300,94.180,2020-07-02,10:41:58,00,";
var hq_str_sh603259="药明康德,94.500,94.770,94.120,95.500,93.750,94.080,94.120,6339632,598328293.000,700,94.080,12700,94.070,300,94.060,6400,94.050,1200,94.040,300,94.120,100,94.140,100,94.150,800,94.160,1000,94.170,2020-07-02,10:43:01,00,";
var hq_str_sh603259="药明康德,94.500,94.770,94.140,95.500,93.750,94.140,94.200,6387559,602838265.000,2500,94.140,5700,94.100,6900,94.090,500,94.080,2200,94.070,1000,94.200,1200,94.240,100,94.270,500,94.280,2200,94.300,2020-07-02,10:43:58,00,";
var hq_str_sh603259="药明康德,94.500,94.770,94.180,95.500,93.750,94.120,94.180,6418959,605793910.000,100,94.120,7800,94.110,3300,94.100,700,94.090,1200,94.080,400,94.180,1400,94.200,200,94.210,400,94.230,1300,94.240,2020-07-02,10:45:01,00,";
var hq_str_sh603259="药明康德,94.500,94.770,94.080,95.500,93.750,94.070,94.080,6450959,608805536.000,6000,94.070,1100,94.060,5600,94.050,900,94.040,5600,94.030,3600,94.080,100,94.110,6000,94.120,10100,94.150,4600,94.180,2020-07-02,10:45:58,00,";
var hq_str_sh603259="药明康德,94.500,94.770,94.100,95.500,93.750,94.090,94.100,6481837,611710704.000,2200,94.090,3600,94.080,2322,94.060,5600,94.050,700,94.040,1800,94.100,5500,94.120,100,94.130,10200,94.150,100,94.160,2020-07-02,10:46:58,00,";
var hq_str_sh603259="药明康德,94.500,94.770,94.120,95.500,93.750,94.110,94.120,6523177,615601228.000,3760,94.110,2200,94.100,2200,94.090,3600,94.080,1000,94.070,3700,94.120,100,94.130,9800,94.150,100,94.160,6000,94.180,2020-07-02,10:48:01,00,";
var hq_str_sh603259="药明康德,94.500,94.770,94.180,95.500,93.750,94.120,94.150,6565877,619620682.000,3600,94.120,3800,94.110,1900,94.100,2200,94.090,2600,94.080,1000,94.150,100,94.160,40,94.170,4800,94.180,1400,94.200,2020-07-02,10:48:58,00,";
var hq_str_sh603259="药明康德,94.500,94.770,94.110,95.500,93.750,94.090,94.100,6596577,622510150.000,1600,94.090,2700,94.080,2322,94.060,1100,94.050,700,94.040,700,94.100,5400,94.110,1565,94.120,300,94.130,2600,94.140,2020-07-02,10:49:58,00,";
var hq_str_sh603259="药明康德,94.500,94.770,94.000,95.500,93.750,94.000,94.010,6646879,627240681.000,9010,94.000,1900,93.990,8800,93.980,700,93.970,1200,93.960,2500,94.010,2000,94.020,1000,94.030,700,94.040,2900,94.080,2020-07-02,10:50:58,00,";
var hq_str_sh603259="药明康德,94.500,94.770,93.900,95.500,93.750,93.900,93.910,6742469,636221981.000,2420,93.900,300,93.890,8500,93.880,2700,93.860,2500,93.850,200,93.910,3060,93.930,4000,93.940,560,93.950,1500,93.960,2020-07-02,10:52:01,00,";
var hq_str_sh603259="药明康德,94.500,94.770,93.970,95.500,93.750,93.970,94.000,6828820,644330542.000,1080,93.970,340,93.910,800,93.900,2400,93.890,1400,93.880,1100,94.000,100,94.010,600,94.030,600,94.040,2920,94.060,2020-07-02,10:53:01,00,";
var hq_str_sh603259="药明康德,94.500,94.770,94.010,95.500,93.750,94.010,94.020,6906849,651656148.000,200,94.010,320,93.960,300,93.950,3500,93.810,5000,93.800,2000,94.020,111,94.030,600,94.040,2920,94.060,1300,94.080,2020-07-02,10:53:58,00,";
var hq_str_sh603259="药明康德,94.500,94.770,93.950,95.500,93.700,93.870,93.950,6989726,659435440.000,339,93.870,400,93.840,500,93.810,960,93.800,1100,93.790,1400,93.950,1300,93.960,2338,93.970,100,93.990,4600,94.000,2020-07-02,10:54:58,00,";
var hq_str_sh603259="药明康德,94.500,94.770,94.020,95.500,93.700,94.020,94.070,7054155,665487485.000,100,94.020,32271,94.000,500,93.900,500,93.880,300,93.840,1000,94.070,1500,94.080,100,94.090,300,94.100,1100,94.110,2020-07-02,10:56:01,00,";
var hq_str_sh603259="药明康德,94.500,94.770,94.050,95.500,93.700,94.050,94.080,7075486,667493355.000,700,94.050,1100,94.040,1300,94.030,1700,94.020,7100,94.010,900,94.080,400,94.090,100,94.100,1100,94.110,1465,94.120,2020-07-02,10:56:58,00,";
var hq_str_sh603259="药明康德,94.500,94.770,94.080,95.500,93.700,94.080,94.100,7110626,670799017.000,200,94.080,6760,94.050,600,94.030,1700,94.020,700,94.010,100,94.100,500,94.110,1565,94.120,1000,94.140,6240,94.150,2020-07-02,10:57:58,00,";
var hq_str_sh603259="药明康德,94.500,94.770,94.080,95.500,93.700,94.060,94.080,7143026,673847554.000,800,94.060,760,94.050,600,94.030,1700,94.020,600,94.010,1200,94.080,100,94.090,1000,94.130,1000,94.140,3340,94.150,2020-07-02,10:58:58,00,";
var hq_str_sh603259="药明康德,94.500,94.770,94.110,95.500,93.700,94.110,94.130,7166226,676030755.000,600,94.110,1000,94.090,1160,94.080,1600,94.060,1160,94.050,1800,94.130,900,94.140,3640,94.150,100,94.160,2700,94.180,2020-07-02,10:59:58,00,";
var hq_str_sh603259="药明康德,94.500,94.770,94.180,95.500,93.700,94.180,94.200,7198106,679031658.000,4000,94.180,1500,94.150,1400,94.140,1760,94.130,500,94.120,1500,94.200,200,94.210,800,94.240,300,94.250,500,94.280,2020-07-02,11:00:58,00,";
var hq_str_sh603259="药明康德,94.500,94.770,94.240,95.500,93.700,94.220,94.240,7234925,682501262.000,200,94.220,200,94.200,2481,94.180,1400,94.150,1000,94.140,300,94.240,900,94.250,100,94.270,100,94.280,2500,94.300,2020-07-02,11:02:01,00,";
var hq_str_sh603259="药明康德,94.500,94.770,94.230,95.500,93.700,94.220,94.230,7269013,685713694.000,500,94.220,312,94.200,500,94.180,600,94.140,800,94.130,4100,94.230,1100,94.270,1300,94.300,300,94.310,280,94.320,2020-07-02,11:02:58,00,";
var hq_str_sh603259="药明康德,94.500,94.770,94.220,95.500,93.700,94.210,94.220,7307860,689373881.000,2000,94.210,4610,94.180,600,94.140,800,94.130,100,94.120,600,94.220,900,94.250,200,94.280,1100,94.300,300,94.310,2020-07-02,11:03:58,00,";
var hq_str_sh603259="药明康德,94.500,94.770,94.250,95.500,93.700,94.250,94.300,7332460,691692150.000,2100,94.250,1000,94.220,1400,94.210,4710,94.180,5000,94.170,900,94.300,1100,94.310,280,94.320,200,94.330,1920,94.380,2020-07-02,11:04:58,00,";
var hq_str_sh603259="药明康德,94.500,94.770,94.420,95.500,93.700,94.420,94.430,7413977,699386824.000,4400,94.420,200,94.400,800,94.390,500,94.360,100,94.310,200,94.430,1900,94.450,300,94.460,400,94.480,4100,94.490,2020-07-02,11:06:01,00,";
var hq_str_sh603259="药明康德,94.500,94.770,94.440,95.500,93.700,94.420,94.430,7463477,704063237.000,860,94.420,1000,94.410,500,94.360,100,94.310,200,94.300,200,94.430,400,94.440,700,94.450,700,94.490,10280,94.500,2020-07-02,11:07:01,00,";
var hq_str_sh603259="药明康德,94.500,94.770,94.490,95.500,93.700,94.480,94.490,7491817,706740393.000,700,94.480,620,94.470,4400,94.410,500,94.360,100,94.310,2600,94.490,12393,94.500,800,94.510,200,94.530,200,94.540,2020-07-02,11:08:01,00,";
var hq_str_sh603259="药明康德,94.500,94.770,94.610,95.500,93.700,94.610,94.650,7551317,712366794.000,200,94.610,2000,94.600,500,94.590,700,94.580,800,94.540,200,94.650,1800,94.660,7340,94.700,300,94.750,300,94.760,2020-07-02,11:08:58,00,";
var hq_str_sh603259="药明康德,94.500,94.770,94.500,95.500,93.700,94.500,94.530,7585717,715620877.000,100,94.500,20,94.300,600,94.250,1000,94.220,900,94.210,400,94.530,200,94.540,1200,94.570,100,94.580,2300,94.600,2020-07-02,11:09:58,00,";
var hq_str_sh603259="药明康德,94.500,94.770,94.510,95.500,93.700,94.350,94.480,7626017,719426581.000,200,94.350,100,94.330,400,94.310,7000,94.300,1800,94.280,100,94.480,200,94.510,400,94.550,400,94.570,1220,94.600,2020-07-02,11:10:58,00,";
var hq_str_sh603259="药明康德,94.500,94.770,94.550,95.500,93.700,94.490,94.550,7658997,722542097.000,100,94.490,4020,94.480,300,94.400,400,94.360,1000,94.350,1340,94.550,300,94.590,1320,94.600,100,94.610,1600,94.620,2020-07-02,11:11:58,00,";
var hq_str_sh603259="药明康德,94.500,94.770,94.450,95.500,93.700,94.450,94.500,7695322,725974203.000,49,94.450,500,94.400,746,94.350,100,94.340,200,94.330,400,94.500,2240,94.510,200,94.520,200,94.540,400,94.570,2020-07-02,11:12:58,00,";
var hq_str_sh603259="药明康德,94.500,94.770,94.400,95.500,93.700,94.400,94.410,7740202,730212261.000,600,94.400,300,94.370,200,94.360,700,94.350,315,94.320,2200,94.410,100,94.490,100,94.500,100,94.540,400,94.560,2020-07-02,11:13:58,00,";
var hq_str_sh603259="药明康德,94.500,94.770,94.470,95.500,93.700,94.470,94.500,7776602,733650507.000,700,94.470,400,94.420,6300,94.400,1400,94.390,200,94.360,4680,94.500,480,94.510,100,94.530,340,94.540,3100,94.550,2020-07-02,11:15:01,00,";
var hq_str_sh603259="药明康德,94.500,94.770,94.700,95.500,93.700,94.640,94.740,7835842,739254928.000,6960,94.640,100,94.620,300,94.610,200,94.540,780,94.520,100,94.740,1900,94.750,300,94.760,3640,94.770,21100,94.780,2020-07-02,11:15:58,00,";
var hq_str_sh603259="药明康德,94.500,94.770,94.660,95.500,93.700,94.610,94.630,7889902,744374210.000,1000,94.610,200,94.540,780,94.520,100,94.510,2520,94.500,100,94.630,806,94.640,600,94.700,100,94.720,100,94.730,2020-07-02,11:16:58,00,";
var hq_str_sh603259="药明康德,94.500,94.770,94.730,95.500,93.700,94.680,94.730,7927702,747950950.000,1900,94.680,1700,94.630,900,94.620,1100,94.610,300,94.510,186,94.730,800,94.740,5600,94.750,800,94.760,2100,94.770,2020-07-02,11:17:58,00,";
var hq_str_sh603259="药明康德,94.500,94.770,94.500,95.500,93.700,94.500,94.630,7978302,752740583.000,2120,94.500,200,94.430,1000,94.420,500,94.400,600,94.390,900,94.630,200,94.640,100,94.650,2300,94.660,1000,94.670,2020-07-02,11:18:58,00,";
var hq_str_sh603259="药明康德,94.500,94.770,94.510,95.500,93.700,94.490,94.500,8011922,755919387.000,200,94.490,900,94.480,2200,94.450,200,94.430,300,94.420,3546,94.500,2900,94.540,3100,94.550,500,94.570,100,94.600,2020-07-02,11:19:58,00,";
var hq_str_sh603259="药明康德,94.500,94.770,94.360,95.500,93.700,94.360,94.370,8033602,757966431.000,3500,94.360,520,94.350,500,94.320,2400,94.310,5100,94.300,600,94.370,3700,94.380,1600,94.390,9500,94.400,1600,94.410,2020-07-02,11:20:58,00,";
var hq_str_sh603259="药明康德,94.500,94.770,94.350,95.500,93.700,94.320,94.350,8048622,759383648.000,4700,94.320,2600,94.310,4100,94.300,500,94.250,820,94.220,1280,94.350,5200,94.360,1000,94.370,1000,94.390,9700,94.400,2020-07-02,11:21:58,00,";
var hq_str_sh603259="药明康德,94.500,94.770,94.340,95.500,93.700,94.320,94.330,8065712,760995853.000,3760,94.320,2600,94.310,4100,94.300,500,94.250,820,94.220,1400,94.330,5200,94.340,2600,94.360,1000,94.390,1700,94.400,2020-07-02,11:22:58,00,";
var hq_str_sh603259="药明康德,94.500,94.770,94.310,95.500,93.700,94.300,94.310,8091672,763444367.000,4300,94.300,200,94.270,100,94.250,100,94.230,820,94.220,100,94.310,4322,94.320,2700,94.330,4500,94.340,1800,94.360,2020-07-02,11:23:58,00,";
var hq_str_sh603259="药明康德,94.500,94.770,94.180,95.500,93.700,94.170,94.180,8122092,766310414.000,5100,94.170,5200,94.150,300,94.140,500,94.130,100,94.120,80,94.180,500,94.220,1200,94.240,8200,94.290,1320,94.300,2020-07-02,11:24:58,00,";
var hq_str_sh603259="药明康德,94.500,94.770,94.180,95.500,93.700,94.170,94.180,8149432,768885092.000,500,94.170,8960,94.160,5100,94.150,300,94.140,500,94.130,100,94.180,600,94.220,200,94.280,200,94.290,1220,94.300,2020-07-02,11:25:58,00,";
var hq_str_sh603259="药明康德,94.500,94.770,94.160,95.500,93.700,94.160,94.170,8177564,771534149.000,1028,94.160,10700,94.150,300,94.140,500,94.130,100,94.120,4280,94.170,600,94.180,100,94.220,7100,94.230,100,94.250,2020-07-02,11:26:58,00,";
var hq_str_sh603259="药明康德,94.500,94.770,94.100,95.500,93.700,94.050,94.100,8222437,775757072.000,6300,94.050,100,94.010,43731,94.000,300,93.990,400,93.980,2600,94.100,100,94.150,200,94.160,800,94.170,400,94.180,2020-07-02,11:27:58,00,";
var hq_str_sh603259="药明康德,94.500,94.770,94.080,95.500,93.700,94.070,94.080,8244477,777830498.000,600,94.070,1700,94.060,1100,94.050,1100,94.040,700,94.030,4600,94.080,300,94.090,4000,94.100,100,94.150,200,94.160,2020-07-02,11:29:01,00,";
var hq_str_sh603259="药明康德,94.500,94.770,94.080,95.500,93.700,94.040,94.050,8265877,779843542.000,700,94.040,800,94.030,1000,94.020,5700,94.010,48731,94.000,300,94.050,1140,94.080,4400,94.100,200,94.160,800,94.170,2020-07-02,11:29:58,00,";
var hq_str_sh603259="药明康德,94.500,94.770,94.080,95.500,93.700,94.040,94.050,8265877,779843542.000,700,94.040,800,94.030,1000,94.020,5700,94.010,48731,94.000,300,94.050,1000,94.080,4400,94.100,200,94.160,800,94.170,2020-07-02,11:30:00,00,";
var hq_str_sh603259="药明康德,94.500,94.770,93.800,95.500,93.700,93.800,93.810,8408775,793269727.000,986,93.800,300,93.790,1100,93.780,300,93.770,800,93.760,600,93.810,4400,93.820,100,93.850,300,93.900,100,93.940,2020-07-02,13:00:58,00,";
var hq_str_sh603259="药明康德,94.500,94.770,93.730,95.500,93.680,93.700,93.720,8525761,804239426.000,2300,93.700,800,93.690,3080,93.680,300,93.670,4000,93.660,200,93.720,5900,93.730,3500,93.740,6180,93.750,700,93.760,2020-07-02,13:01:58,00,";
var hq_str_sh603259="药明康德,94.500,94.770,93.600,95.500,93.600,93.600,93.640,8581741,809483385.000,7100,93.600,200,93.590,100,93.570,700,93.560,700,93.550,760,93.640,3380,93.650,9440,93.660,300,93.690,2200,93.700,2020-07-02,13:02:58,00,";
var hq_str_sh603259="药明康德,94.500,94.770,93.470,95.500,93.390,93.470,93.510,8694590,820036994.000,800,93.470,100,93.440,700,93.430,600,93.420,700,93.410,2507,93.510,3960,93.520,300,93.530,1500,93.550,500,93.560,2020-07-02,13:03:58,00,";
var hq_str_sh603259="药明康德,94.500,94.770,93.450,95.500,93.390,93.410,93.450,8771906,827259718.000,100,93.410,100,93.400,135,93.390,3400,93.380,1200,93.370,4100,93.450,200,93.460,3180,93.470,500,93.500,2347,93.510,2020-07-02,13:04:58,00,";
var hq_str_sh603259="药明康德,94.500,94.770,93.440,95.500,93.380,93.430,93.440,8840111,833632860.000,700,93.430,1240,93.420,11055,93.410,10600,93.400,9000,93.390,8100,93.440,700,93.470,5600,93.500,1640,93.510,3960,93.520,2020-07-02,13:05:58,00,";
var hq_str_sh603259="药明康德,94.500,94.770,93.070,95.500,93.070,93.050,93.070,8962941,845093174.000,1700,93.050,1400,93.030,1500,93.020,8000,93.010,57300,93.000,9367,93.070,5200,93.100,1900,93.110,300,93.120,2400,93.130,2020-07-02,13:06:58,00,";
var hq_str_sh603259="药明康德,94.500,94.770,93.160,95.500,93.050,93.130,93.180,9111948,858965834.000,500,93.130,3500,93.110,1500,93.100,1200,93.090,1200,93.080,300,93.180,2400,93.190,1500,93.200,600,93.210,800,93.220,2020-07-02,13:07:58,00,";
var hq_str_sh603259="药明康德,94.500,94.770,93.060,95.500,93.050,93.070,93.080,9193408,866549884.000,100,93.070,2933,93.060,12800,93.050,600,93.040,2700,93.030,2300,93.080,6400,93.090,29140,93.100,200,93.110,1080,93.140,2020-07-02,13:08:58,00,";
var hq_str_sh603259="药明康德,94.500,94.770,93.110,95.500,93.050,93.120,93.150,9309528,877362432.000,200,93.120,7400,93.110,58980,93.100,600,93.090,2000,93.080,269,93.150,700,93.160,5700,93.180,1800,93.190,6900,93.310,2020-07-02,13:09:58,00,";
var hq_str_sh603259="药明康德,94.500,94.770,93.200,95.500,93.050,93.200,93.210,9386157,884502804.000,1560,93.200,10500,93.190,1700,93.160,2300,93.150,500,93.140,300,93.210,1000,93.250,2200,93.270,40,93.280,100,93.290,2020-07-02,13:10:58,00,";
var hq_str_sh603259="药明康德,94.500,94.770,93.230,95.500,93.050,93.200,93.240,9442057,889713875.000,10060,93.200,6400,93.190,200,93.180,1000,93.160,2100,93.150,960,93.240,680,93.250,2200,93.270,40,93.280,100,93.290,2020-07-02,13:11:58,00,";
var hq_str_sh603259="药明康德,94.500,94.770,93.110,95.500,93.050,93.110,93.120,9499757,895089721.000,4780,93.110,7500,93.100,600,93.090,500,93.080,2800,93.070,7300,93.120,2100,93.130,600,93.150,3900,93.160,5900,93.170,2020-07-02,13:12:58,00,";
var hq_str_sh603259="药明康德,94.500,94.770,92.970,95.500,92.970,92.970,92.980,9665070,910468128.000,300,92.970,100,92.950,2000,92.930,600,92.920,2200,92.900,4400,92.980,3500,92.990,3300,93.000,3800,93.010,800,93.020,2020-07-02,13:13:58,00,";
var hq_str_sh603259="药明康德,94.500,94.770,92.700,95.500,92.580,92.700,92.770,9782536,921367069.000,10600,92.700,2534,92.680,500,92.610,1700,92.600,4800,92.580,700,92.770,100,92.780,100,92.790,3300,92.800,100,92.810,2020-07-02,13:14:58,00,";
var hq_str_sh603259="药明康德,94.500,94.770,92.880,95.500,92.580,92.880,92.900,9869905,929477585.000,1100,92.880,3640,92.870,2000,92.860,200,92.850,100,92.820,2440,92.900,300,92.910,1100,92.920,500,92.930,600,92.950,2020-07-02,13:15:58,00,";
var hq_str_sh603259="药明康德,94.500,94.770,93.040,95.500,92.580,92.990,93.060,9948005,936739780.000,800,92.990,4500,92.970,4100,92.950,1100,92.930,100,92.920,1000,93.060,8540,93.070,1900,93.080,300,93.090,30000,93.100,2020-07-02,13:17:01,00,";
var hq_str_sh603259="药明康德,94.500,94.770,92.980,95.500,92.580,92.970,92.980,10002905,941845841.000,1900,92.970,700,92.960,4400,92.950,600,92.940,800,92.930,4400,92.980,100,92.990,500,93.000,900,93.010,500,93.020,2020-07-02,13:17:58,00,";
var hq_str_sh603259="药明康德,94.500,94.770,92.900,95.500,92.580,92.900,92.910,10074765,948527897.000,800,92.900,700,92.890,5500,92.880,1240,92.870,1200,92.860,200,92.910,300,92.920,600,92.960,100,92.970,100,92.990,2020-07-02,13:18:58,00,";
var hq_str_sh603259="药明康德,94.500,94.770,92.730,95.500,92.580,92.730,92.740,10217605,961781141.000,6900,92.730,1100,92.710,100,92.700,100,92.680,300,92.620,5040,92.740,1500,92.770,300,92.780,100,92.790,7900,92.800,2020-07-02,13:20:01,00,";
var hq_str_sh603259="药明康德,94.500,94.770,92.630,95.500,92.580,92.620,92.630,10308465,970202587.000,2200,92.620,4700,92.610,3000,92.600,5400,92.590,3600,92.580,780,92.630,600,92.640,22360,92.650,800,92.660,5400,92.680,2020-07-02,13:20:58,00,";
var hq_str_sh603259="药明康德,94.500,94.770,92.550,95.500,92.530,92.530,92.550,10412725,979857082.000,600,92.530,2000,92.520,6600,92.510,61300,92.500,1100,92.490,91,92.550,7900,92.560,100,92.570,5800,92.580,4300,92.590,2020-07-02,13:21:58,00,";
var hq_str_sh603259="药明康德,94.500,94.770,92.530,95.500,92.500,92.520,92.540,10604146,997567932.000,2300,92.520,5900,92.510,22159,92.500,1200,92.490,3500,92.480,2160,92.540,1100,92.550,200,92.560,16500,92.580,4300,92.590,2020-07-02,13:22:58,00,";
var hq_str_sh603259="药明康德,94.500,94.770,92.650,95.500,92.410,92.640,92.650,10756165,1011638411.000,2000,92.640,700,92.630,3200,92.620,5200,92.610,7900,92.600,12600,92.650,500,92.660,800,92.680,200,92.690,1940,92.700,2020-07-02,13:23:58,00,";
var hq_str_sh603259="药明康德,94.500,94.770,92.780,95.500,92.410,92.770,92.780,10836785,1019110588.000,100,92.770,1100,92.750,2100,92.740,200,92.720,1700,92.710,2780,92.780,400,92.790,26240,92.800,200,92.810,900,92.840,2020-07-02,13:24:58,00,";
var hq_str_sh603259="药明康德,94.500,94.770,92.700,95.500,92.410,92.700,92.710,10901989,1025158603.000,276,92.700,400,92.660,15900,92.650,800,92.640,700,92.630,400,92.710,1000,92.720,820,92.740,140,92.750,6000,92.760,2020-07-02,13:25:58,00,";
var hq_str_sh603259="药明康德,94.500,94.770,92.500,95.500,92.410,92.470,92.500,10991365,1033435450.000,600,92.470,6300,92.450,1500,92.440,700,92.430,1000,92.420,2484,92.500,100,92.510,5000,92.550,10500,92.560,2440,92.570,2020-07-02,13:26:58,00,";
var hq_str_sh603259="药明康德,94.500,94.770,92.260,95.500,92.240,92.250,92.260,11104462,1043881307.000,1800,92.250,122,92.240,9200,92.230,2000,92.220,1000,92.210,2000,92.260,2600,92.270,5920,92.280,4100,92.290,300,92.300,2020-07-02,13:28:01,00,";
var hq_str_sh603259="药明康德,94.500,94.770,92.380,95.500,92.220,92.380,92.390,11259858,1058220229.000,980,92.380,1500,92.370,100,92.360,2400,92.350,2500,92.340,1000,92.390,721,92.400,4200,92.410,200,92.420,140,92.470,2020-07-02,13:28:58,00,";
var hq_str_sh603259="药明康德,94.500,94.770,92.400,95.500,92.220,92.400,92.410,11462814,1076968362.000,4560,92.400,600,92.390,2400,92.380,14424,92.370,10400,92.360,5740,92.410,200,92.420,3400,92.430,140,92.470,1000,92.480,2020-07-02,13:29:58,00,";
var hq_str_sh603259="药明康德,94.500,94.770,92.430,95.500,92.220,92.420,92.430,11533615,1083510613.000,580,92.420,5983,92.400,4100,92.380,200,92.370,7800,92.360,1436,92.430,500,92.470,1000,92.480,1700,92.500,400,92.520,2020-07-02,13:30:58,00,";
var hq_str_sh603259="药明康德,94.500,94.770,92.430,95.500,92.220,92.430,92.440,11582678,1088045875.000,9200,92.430,500,92.420,5900,92.410,10283,92.400,4200,92.380,200,92.440,3500,92.450,21900,92.460,2500,92.470,1100,92.480,2020-07-02,13:32:01,00,";
var hq_str_sh603259="药明康德,94.500,94.770,92.450,95.500,92.220,92.450,92.460,11679694,1097014164.000,1740,92.450,600,92.430,400,92.410,10227,92.400,100,92.390,3840,92.460,2500,92.470,1600,92.480,300,92.490,1000,92.500,2020-07-02,13:32:58,00,";
var hq_str_sh603259="药明康德,94.500,94.770,92.610,95.500,92.220,92.630,92.650,11742217,1102796909.000,100,92.630,5820,92.610,600,92.600,4200,92.590,1300,92.580,500,92.650,700,92.700,300,92.710,820,92.740,200,92.750,2020-07-02,13:33:58,00,";
var hq_str_sh603259="药明康德,94.500,94.770,92.710,95.500,92.220,92.710,92.740,11791597,1107373463.000,1100,92.710,7520,92.700,500,92.690,2100,92.680,5200,92.670,900,92.740,48480,92.800,600,92.840,100,92.850,100,92.870,2020-07-02,13:34:58,00,";
var hq_str_sh603259="药明康德,94.500,94.770,92.830,95.500,92.220,92.820,92.830,11883033,1115859159.000,200,92.820,3200,92.810,41764,92.800,100,92.770,200,92.760,700,92.830,4900,92.840,100,92.850,100,92.870,100,92.880,2020-07-02,13:35:58,00,";
var hq_str_sh603259="药明康德,94.500,94.770,92.900,95.500,92.220,92.890,92.900,11969944,1123928124.000,200,92.890,1200,92.870,135,92.860,100,92.850,2400,92.840,1200,92.900,4140,92.910,2300,92.920,600,92.930,900,92.940,2020-07-02,13:36:58,00,";
var hq_str_sh603259="药明康德,94.500,94.770,92.900,95.500,92.220,92.860,92.900,12021384,1128706861.000,95,92.860,1500,92.850,2400,92.840,10200,92.830,300,92.820,2000,92.900,500,92.910,700,92.920,1000,92.940,300,92.960,2020-07-02,13:37:58,00,";
var hq_str_sh603259="药明康德,94.500,94.770,92.840,95.500,92.220,92.850,92.900,12062521,1132527487.000,300,92.850,12558,92.830,200,92.820,200,92.810,27600,92.800,1500,92.900,1400,92.930,2300,92.970,1900,92.980,1340,92.990,2020-07-02,13:38:58,00,";
var hq_str_sh603259="药明康德,94.500,94.770,92.880,95.500,92.220,92.880,92.890,12116663,1137555558.000,3620,92.880,200,92.870,300,92.860,400,92.850,500,92.840,100,92.890,200,92.910,240,92.920,100,92.960,2100,92.980,2020-07-02,13:39:58,00,";
var hq_str_sh603259="药明康德,94.500,94.770,92.910,95.500,92.220,92.910,92.980,12165063,1142050756.000,1000,92.910,1400,92.900,200,92.890,3600,92.870,600,92.860,80,92.980,1340,92.990,7780,93.000,300,93.010,500,93.020,2020-07-02,13:40:58,00,";
var hq_str_sh603259="药明康德,94.500,94.770,93.050,95.500,92.220,93.040,93.050,12241105,1149121517.000,300,93.040,100,93.030,7644,92.890,1200,92.880,3400,92.870,500,93.050,7100,93.060,2000,93.080,200,93.090,400,93.100,2020-07-02,13:41:58,00,";
var hq_str_sh603259="药明康德,94.500,94.770,92.800,95.500,92.220,92.800,92.820,12312142,1155720307.000,10286,92.800,700,92.740,300,92.730,700,92.720,1300,92.710,100,92.820,1920,92.830,4000,92.840,600,92.850,400,92.860,2020-07-02,13:42:58,00,";
var hq_str_sh603259="药明康德,94.500,94.770,92.800,95.500,92.220,92.740,92.800,12355928,1159783567.000,1100,92.740,300,92.730,700,92.720,2600,92.710,37200,92.700,1300,92.800,7400,92.810,1920,92.830,4600,92.840,400,92.860,2020-07-02,13:44:01,00,";
var hq_str_sh603259="药明康德,94.500,94.770,92.750,95.500,92.220,92.740,92.750,12398426,1163725929.000,4800,92.740,400,92.730,1500,92.720,3400,92.710,38500,92.700,6700,92.750,2500,92.760,1100,92.780,500,92.790,2000,92.800,2020-07-02,13:44:58,00,";
var hq_str_sh603259="药明康德,94.500,94.770,92.710,95.500,92.220,92.710,92.730,12446444,1168179067.000,900,92.710,39900,92.700,1900,92.680,3000,92.670,3100,92.660,8660,92.730,3920,92.740,8300,92.750,1900,92.760,300,92.780,2020-07-02,13:45:58,00,";
var hq_str_sh603259="药明康德,94.500,94.770,92.790,95.500,92.220,92.760,92.800,12558764,1178592458.000,300,92.760,1100,92.750,9960,92.740,580,92.730,5300,92.690,1900,92.800,500,92.810,1000,92.830,3300,92.840,400,92.860,2020-07-02,13:46:58,00,";
var hq_str_sh603259="药明康德,94.500,94.770,92.760,95.500,92.220,92.750,92.760,12592481,1181721304.000,845,92.750,300,92.740,980,92.730,100,92.710,2600,92.700,1160,92.760,2300,92.770,800,92.780,2160,92.790,2440,92.800,2020-07-02,13:47:58,00,";
var hq_str_sh603259="药明康德,94.500,94.770,92.650,95.500,92.220,92.640,92.650,12636006,1185756953.000,1000,92.640,200,92.630,600,92.620,11900,92.610,2600,92.600,4332,92.650,1780,92.660,420,92.670,200,92.680,2520,92.690,2020-07-02,13:48:58,00,";
var hq_str_sh603259="药明康德,94.500,94.770,92.550,95.500,92.220,92.550,92.580,12702046,1191872762.000,360,92.550,100,92.540,4500,92.510,31700,92.500,200,92.490,1700,92.580,2100,92.590,820,92.600,500,92.610,700,92.630,2020-07-02,13:49:58,00,";
var hq_str_sh603259="药明康德,94.500,94.770,92.760,95.500,92.220,92.740,92.760,12776969,1198812453.000,700,92.740,700,92.680,1100,92.670,4400,92.660,4900,92.650,300,92.760,100,92.770,300,92.780,940,92.800,40,92.830,2020-07-02,13:50:58,00,";
var hq_str_sh603259="药明康德,94.500,94.770,92.670,95.500,92.220,92.670,92.680,12825901,1203347337.000,4068,92.670,200,92.650,500,92.640,200,92.610,1300,92.600,100,92.680,300,92.730,500,92.740,1200,92.750,100,92.760,2020-07-02,13:51:58,00,";
var hq_str_sh603259="药明康德,94.500,94.770,92.660,95.500,92.220,92.660,92.670,12872621,1207676912.000,200,92.660,500,92.650,700,92.640,7248,92.630,1000,92.620,400,92.670,1700,92.680,360,92.690,2200,92.700,1100,92.730,2020-07-02,13:52:58,00,";
var hq_str_sh603259="药明康德,94.500,94.770,92.670,95.500,92.220,92.670,92.680,12912709,1211391982.000,112,92.670,7248,92.630,1000,92.620,200,92.610,1700,92.600,200,92.680,5300,92.690,200,92.700,400,92.720,900,92.730,2020-07-02,13:53:58,00,";
var hq_str_sh603259="药明康德,94.500,94.770,92.600,95.500,92.220,92.590,92.600,12966969,1216419186.000,400,92.590,900,92.580,1400,92.560,1600,92.550,800,92.530,4224,92.600,300,92.610,200,92.630,200,92.650,300,92.680,2020-07-02,13:54:58,00,";
var hq_str_sh603259="药明康德,94.500,94.770,92.580,95.500,92.220,92.570,92.580,13047757,1223895165.000,200,92.570,16312,92.500,200,92.490,1200,92.480,4137,92.460,100,92.580,12400,92.600,700,92.610,100,92.630,100,92.640,2020-07-02,13:55:58,00,";
var hq_str_sh603259="药明康德,94.500,94.770,92.510,95.500,92.220,92.500,92.510,13118766,1230464103.000,812,92.500,600,92.490,3700,92.480,2928,92.460,1600,92.450,80,92.510,200,92.530,500,92.550,200,92.570,479,92.590,2020-07-02,13:56:58,00,";
var hq_str_sh603259="药明康德,94.500,94.770,92.460,95.500,92.220,92.450,92.460,13163558,1234606799.000,8920,92.450,1328,92.440,1000,92.430,2000,92.410,12707,92.400,100,92.460,800,92.470,3960,92.480,1000,92.490,4707,92.500,2020-07-02,13:57:58,00,";
var hq_str_sh603259="药明康德,94.500,94.770,92.490,95.500,92.220,92.490,92.500,13204924,1238431609.000,400,92.490,470,92.460,6000,92.450,1428,92.440,1000,92.430,4287,92.500,1380,92.510,400,92.520,500,92.550,500,92.570,2020-07-02,13:58:58,00,";
var hq_str_sh603259="药明康德,94.500,94.770,92.550,95.500,92.220,92.510,92.520,13245496,1242184854.000,600,92.510,700,92.500,600,92.490,2300,92.480,1500,92.470,100,92.520,300,92.530,1260,92.590,2600,92.600,300,92.610,2020-07-02,13:59:58,00,";
var hq_str_sh603259="药明康德,94.500,94.770,92.540,95.500,92.220,92.520,92.530,13285808,1245915517.000,1688,92.520,400,92.510,7000,92.500,400,92.490,2600,92.480,100,92.530,8000,92.540,6636,92.550,500,92.560,200,92.570,2020-07-02,14:00:58,00,";
var hq_str_sh603259="药明康德,94.500,94.770,92.500,95.500,92.220,92.490,92.500,13324796,1249521899.000,300,92.490,2200,92.480,1600,92.470,7200,92.460,8300,92.450,4052,92.500,100,92.510,4200,92.520,1600,92.530,9300,92.540,2020-07-02,14:01:58,00,";
var hq_str_sh603259="药明康德,94.500,94.770,92.460,95.500,92.220,92.450,92.460,13367868,1253504950.000,4928,92.450,1228,92.440,1400,92.430,1500,92.420,2700,92.410,200,92.460,3460,92.470,3040,92.480,8600,92.490,4932,92.500,2020-07-02,14:02:58,00,";
var hq_str_sh603259="药明康德,94.500,94.770,92.420,95.500,92.220,92.420,92.430,13416510,1258000690.000,788,92.420,8966,92.410,22967,92.400,200,92.390,1700,92.380,100,92.430,200,92.440,800,92.450,5572,92.460,2400,92.470,2020-07-02,14:03:58,00,";
var hq_str_sh603259="药明康德,94.500,94.770,92.420,95.500,92.220,92.410,92.420,13458096,1261844453.000,6814,92.410,23267,92.400,700,92.390,1800,92.380,500,92.370,1980,92.420,4806,92.430,5800,92.440,6355,92.450,5572,92.460,2020-07-02,14:04:58,00,";
var hq_str_sh603259="药明康德,94.500,94.770,92.420,95.500,92.220,92.420,92.430,13528682,1268368876.000,4700,92.420,5500,92.410,20681,92.400,700,92.390,1500,92.380,5800,92.430,400,92.440,3595,92.450,972,92.470,2140,92.480,2020-07-02,14:05:58,00,";
var hq_str_sh603259="药明康德,94.500,94.770,92.540,95.500,92.220,92.490,92.500,13606733,1275585359.000,34800,92.490,100,92.470,900,92.460,2200,92.440,700,92.430,400,92.500,156,92.570,4140,92.600,300,92.610,1900,92.650,2020-07-02,14:06:58,00,";
var hq_str_sh603259="药明康德,94.500,94.770,92.660,95.500,92.220,92.650,92.660,13682132,1282563693.000,300,92.650,900,92.620,1501,92.610,100,92.600,100,92.570,2300,92.660,100,92.670,240,92.680,600,92.690,6300,92.700,2020-07-02,14:08:01,00,";
var hq_str_sh603259="药明康德,94.500,94.770,92.710,95.500,92.220,92.710,92.740,13729732,1286976404.000,2700,92.710,400,92.700,800,92.690,1600,92.660,1260,92.650,200,92.740,200,92.760,300,92.790,84,92.800,40,92.830,2020-07-02,14:08:58,00,";
var hq_str_sh603259="药明康德,94.500,94.770,92.710,95.500,92.220,92.690,92.710,13773752,1291057122.000,2780,92.690,600,92.670,6100,92.660,1000,92.650,900,92.620,6400,92.710,400,92.720,100,92.730,500,92.770,2469,92.790,2020-07-02,14:09:58,00,";
var hq_str_sh603259="药明康德,94.500,94.770,92.570,95.500,92.220,92.510,92.540,13832633,1296510123.000,500,92.510,1800,92.500,6400,92.490,100,92.480,200,92.460,700,92.540,1320,92.570,100,92.580,11380,92.600,2300,92.640,2020-07-02,14:10:58,00,";
var hq_str_sh603259="药明康德,94.500,94.770,92.480,95.500,92.220,92.420,92.460,13906313,1303322584.000,100,92.420,13350,92.400,400,92.390,1100,92.380,300,92.370,100,92.460,3997,92.480,16340,92.490,1200,92.500,800,92.510,2020-07-02,14:11:58,00,";
var hq_str_sh603259="药明康德,94.500,94.770,92.400,95.500,92.220,92.390,92.400,13969163,1309130414.000,400,92.390,2400,92.380,900,92.370,7200,92.360,3900,92.350,10000,92.400,100,92.410,100,92.420,5430,92.450,100,92.480,2020-07-02,14:12:58,00,";
var hq_str_sh603259="药明康德,94.500,94.770,92.410,95.500,92.220,92.390,92.410,14068499,1318306280.000,200,92.390,2700,92.380,200,92.360,1100,92.350,1100,92.330,3850,92.410,2700,92.420,900,92.440,5430,92.450,1300,92.460,2020-07-02,14:13:58,00,";
var hq_str_sh603259="药明康德,94.500,94.770,92.300,95.500,92.220,92.300,92.310,14158155,1326584214.000,3687,92.300,3000,92.290,6700,92.280,1225,92.270,2500,92.260,400,92.310,400,92.360,2200,92.370,1280,92.380,300,92.390,2020-07-02,14:14:58,00,";
var hq_str_sh603259="药明康德,94.500,94.770,92.270,95.500,92.220,92.270,92.310,14259117,1335901328.000,570,92.270,2100,92.260,4780,92.250,2200,92.240,7400,92.230,100,92.310,1000,92.330,4968,92.350,200,92.370,1280,92.380,2020-07-02,14:15:58,00,";
var hq_str_sh603259="药明康德,94.500,94.770,92.320,95.500,92.220,92.310,92.320,14331243,1342559814.000,600,92.310,3400,92.300,1500,92.290,4100,92.280,3500,92.270,1100,92.320,900,92.340,22918,92.350,600,92.360,980,92.380,2020-07-02,14:16:58,00,";
var hq_str_sh603259="药明康德,94.500,94.770,92.350,95.500,92.220,92.320,92.350,14406783,1349535364.000,1560,92.320,1900,92.310,5400,92.300,2000,92.290,5500,92.280,3674,92.350,120,92.380,3460,92.390,20300,92.400,3450,92.410,2020-07-02,14:17:58,00,";
var hq_str_sh603259="药明康德,94.500,94.770,92.450,95.500,92.220,92.440,92.450,14484373,1356704899.000,100,92.440,5000,92.420,410,92.410,2300,92.400,100,92.390,5800,92.450,3200,92.460,10340,92.500,2640,92.520,300,92.530,2020-07-02,14:18:58,00,";
var hq_str_sh603259="药明康德,94.500,94.770,92.370,95.500,92.220,92.360,92.370,14566770,1364317775.000,1213,92.360,200,92.320,1960,92.310,24300,92.300,2400,92.290,600,92.370,900,92.380,940,92.390,6630,92.400,100,92.410,2020-07-02,14:19:58,00,";
var hq_str_sh603259="药明康德,94.500,94.770,92.310,95.500,92.220,92.310,92.320,14714244,1377929644.000,946,92.310,200,92.290,1200,92.260,2300,92.240,7900,92.230,800,92.320,2400,92.340,2700,92.350,3900,92.360,1900,92.370,2020-07-02,14:20:58,00,";
var hq_str_sh603259="药明康德,94.500,94.770,92.450,95.500,92.220,92.450,92.500,14826094,1388256436.000,29270,92.450,2700,92.360,300,92.330,400,92.320,2100,92.300,31660,92.500,2640,92.520,300,92.530,800,92.540,1200,92.550,2020-07-02,14:21:58,00,";
var hq_str_sh603259="药明康德,94.500,94.770,92.470,95.500,92.220,92.470,92.490,14963667,1400976634.000,497,92.470,200,92.450,200,92.380,100,92.360,200,92.350,9887,92.490,5000,92.500,530,92.520,300,92.530,800,92.540,2020-07-02,14:22:58,00,";
var hq_str_sh603259="药明康德,94.500,94.770,92.700,95.500,92.220,92.690,92.700,15092870,1412927670.000,2300,92.690,1220,92.660,1000,92.650,3460,92.600,26056,92.590,4900,92.700,5220,92.710,200,92.770,200,92.800,1724,92.840,2020-07-02,14:23:58,00,";
var hq_str_sh603259="药明康德,94.500,94.770,92.840,95.500,92.220,92.840,92.850,15171827,1420256123.000,1222,92.840,300,92.820,365,92.810,1000,92.800,500,92.720,17000,92.850,600,92.870,3100,92.880,6700,92.890,9196,92.900,2020-07-02,14:24:58,00,";
var hq_str_sh603259="药明康德,94.500,94.770,92.780,95.500,92.220,92.730,92.780,15222870,1424994344.000,100,92.730,744,92.710,1500,92.700,100,92.690,820,92.660,6920,92.780,8435,92.800,200,92.810,700,92.840,1300,92.850,2020-07-02,14:25:58,00,";
var hq_str_sh603259="药明康德,94.500,94.770,92.830,95.500,92.220,92.860,92.870,15290374,1431256553.000,200,92.860,300,92.830,240,92.800,100,92.790,300,92.750,1700,92.870,1500,92.880,6700,92.890,9196,92.900,1400,92.920,2020-07-02,14:26:58,00,";
var hq_str_sh603259="药明康德,94.500,94.770,92.870,95.500,92.220,92.860,92.870,15359774,1437699870.000,100,92.860,1200,92.850,400,92.840,300,92.830,500,92.820,1099,92.870,3059,92.900,1400,92.920,560,92.940,5000,92.950,2020-07-02,14:27:58,00,";
var hq_str_sh603259="药明康德,94.500,94.770,92.950,95.500,92.220,92.940,92.950,15426290,1443879170.000,200,92.940,200,92.930,800,92.920,900,92.910,2542,92.900,700,92.950,100,92.970,800,92.980,800,92.990,25520,93.000,2020-07-02,14:28:58,00,";
var hq_str_sh603259="药明康德,94.500,94.770,93.110,95.500,92.220,93.110,93.270,15541348,1454583073.000,500,93.110,100,93.000,400,92.920,900,92.900,8400,92.890,7600,93.270,800,93.280,100,93.290,500,93.300,800,93.340,2020-07-02,14:29:58,00,";
var hq_str_sh603259="药明康德,94.500,94.770,92.880,95.500,92.220,92.860,92.880,15589998,1459102673.000,1550,92.860,1400,92.850,100,92.830,1800,92.800,600,92.780,2490,92.880,32700,92.890,1057,92.900,300,92.920,200,92.990,2020-07-02,14:30:58,00,";
var hq_str_sh603259="药明康德,94.500,94.770,92.800,95.500,92.220,92.800,92.890,15681106,1467558517.000,18900,92.800,300,92.790,800,92.780,3042,92.750,6596,92.730,24756,92.890,657,92.900,300,92.920,200,92.950,200,92.990,2020-07-02,14:31:58,00,";
var hq_str_sh603259="药明康德,94.500,94.770,92.800,95.500,92.220,92.800,92.810,15757012,1474605750.000,3400,92.800,100,92.770,2500,92.750,5232,92.730,100,92.710,1000,92.810,200,92.820,1648,92.830,100,92.850,857,92.900,2020-07-02,14:32:58,00,";
var hq_str_sh603259="药明康德,94.500,94.770,92.860,95.500,92.220,92.830,93.000,15814211,1479914222.000,200,92.830,1100,92.820,3100,92.810,600,92.800,952,92.780,5880,93.000,100,93.040,200,93.100,300,93.130,300,93.190,2020-07-02,14:33:58,00,";
var hq_str_sh603259="药明康德,94.500,94.770,93.000,95.500,92.220,93.000,93.240,15942891,1491936840.000,5100,93.000,1600,92.990,700,92.910,4800,92.890,2000,92.880,400,93.240,800,93.250,200,93.280,200,93.950,7576,93.960,2020-07-02,14:34:58,00,";
var hq_str_sh603259="药明康德,94.500,94.770,93.380,95.500,92.220,93.370,93.380,16097091,1506401258.000,3100,93.370,6900,93.360,3300,93.260,1200,93.250,800,93.150,3000,93.380,1000,93.430,200,93.450,100,93.460,9935,93.470,2020-07-02,14:35:58,00,";
var hq_str_sh603259="药明康德,94.500,94.770,92.980,95.500,92.220,92.980,92.990,16149541,1511290108.000,250,92.980,100,92.900,5200,92.890,2100,92.880,1000,92.860,1200,92.990,2600,93.000,400,93.020,200,93.130,1800,93.180,2020-07-02,14:36:58,00,";
var hq_str_sh603259="药明康德,94.500,94.770,92.940,95.500,92.220,92.940,92.950,16208328,1516752495.000,1802,92.940,100,92.920,2800,92.910,5411,92.900,100,92.890,200,92.950,4000,92.960,1900,92.970,300,92.980,3400,93.000,2020-07-02,14:37:58,00,";
var hq_str_sh603259="药明康德,94.500,94.770,93.000,95.500,92.220,93.000,93.010,16242888,1519965779.000,1200,93.000,2300,92.990,300,92.980,5400,92.970,1700,92.960,200,93.010,200,93.020,100,93.100,1200,93.180,100,93.190,2020-07-02,14:38:58,00,";
var hq_str_sh603259="药明康德,94.500,94.770,93.180,95.500,92.220,93.040,93.180,16301888,1525453791.000,1400,93.040,2800,93.030,300,93.010,8300,93.000,2400,92.990,500,93.180,180,93.190,980,93.200,100,93.220,1000,93.240,2020-07-02,14:39:58,00,";
var hq_str_sh603259="药明康德,94.500,94.770,93.110,95.500,92.220,93.100,93.110,16345857,1529549756.000,2140,93.100,100,93.090,100,93.040,1700,93.030,1200,93.010,1600,93.110,100,93.130,600,93.140,300,93.150,100,93.160,2020-07-02,14:40:58,00,";
var hq_str_sh603259="药明康德,94.500,94.770,93.040,95.500,92.220,93.040,93.050,16389697,1533631017.000,600,93.040,800,93.010,13700,93.000,800,92.990,5500,92.980,1840,93.050,100,93.060,600,93.070,2557,93.090,1100,93.100,2020-07-02,14:41:58,00,";
var hq_str_sh603259="药明康德,94.500,94.770,92.990,95.500,92.220,93.000,93.010,16449467,1539190190.000,430,93.000,6100,92.980,5300,92.970,2000,92.960,6000,92.950,540,93.010,800,93.020,100,93.030,200,93.040,1660,93.050,2020-07-02,14:42:58,00,";
var hq_str_sh603259="药明康德,94.500,94.770,92.970,95.500,92.220,92.940,92.970,16509197,1544743501.000,1100,92.940,200,92.930,200,92.920,100,92.910,13711,92.900,800,92.970,200,92.990,11052,93.000,3498,93.010,200,93.030,2020-07-02,14:43:58,00,";
var hq_str_sh603259="药明康德,94.500,94.770,92.900,95.500,92.220,92.900,92.910,16552877,1548802838.000,4131,92.900,100,92.890,1700,92.880,600,92.870,400,92.860,700,92.910,1900,92.920,400,92.940,2600,92.950,400,92.960,2020-07-02,14:44:58,00,";
var hq_str_sh603259="药明康德,94.500,94.770,92.910,95.500,92.220,92.890,92.910,16606367,1553773162.000,400,92.890,700,92.880,1800,92.870,13102,92.860,2600,92.850,700,92.910,100,92.970,10300,93.000,1598,93.010,300,93.020,2020-07-02,14:45:58,00,";
var hq_str_sh603259="药明康德,94.500,94.770,92.930,95.500,92.220,92.920,92.930,16645149,1557377373.000,700,92.920,7618,92.910,1800,92.900,3900,92.880,1700,92.870,8780,92.930,400,92.950,1200,92.960,1200,92.970,600,92.990,2020-07-02,14:46:58,00,";
var hq_str_sh603259="药明康德,94.500,94.770,92.910,95.500,92.220,92.900,92.910,16693713,1561889692.000,62,92.900,100,92.890,2388,92.880,1800,92.870,13602,92.860,200,92.910,220,92.930,60,92.940,4100,92.950,900,92.960,2020-07-02,14:47:58,00,";
var hq_str_sh603259="药明康德,94.500,94.770,92.900,95.500,92.220,92.900,92.920,16743593,1566523811.000,800,92.900,600,92.880,9500,92.870,13702,92.860,3600,92.850,600,92.920,2576,92.930,900,92.940,3780,92.950,400,92.960,2020-07-02,14:48:58,00,";
var hq_str_sh603259="药明康德,94.500,94.770,93.000,95.500,92.220,92.970,93.000,16812583,1572936305.000,1800,92.970,200,92.930,200,92.910,18600,92.900,500,92.890,2780,93.000,2440,93.010,1640,93.020,100,93.030,4200,93.040,2020-07-02,14:49:58,00,";
var hq_str_sh603259="药明康德,94.500,94.770,93.120,95.500,92.220,93.080,93.120,16898993,1580976151.000,500,93.080,400,93.010,2070,93.000,100,92.980,500,92.970,1180,93.120,5000,93.140,837,93.190,2400,93.200,100,93.210,2020-07-02,14:50:58,00,";
var hq_str_sh603259="药明康德,94.500,94.770,93.100,95.500,92.220,93.020,93.100,16944513,1585213915.000,700,93.020,3000,93.010,4670,93.000,100,92.980,500,92.970,900,93.100,958,93.120,100,93.140,2920,93.150,1400,93.160,2020-07-02,14:51:58,00,";
var hq_str_sh603259="药明康德,94.500,94.770,92.980,95.500,92.220,92.980,92.990,16987694,1589229845.000,100,92.980,2222,92.960,2300,92.950,1700,92.940,100,92.920,1420,92.990,3440,93.000,924,93.010,1000,93.070,560,93.080,2020-07-02,14:52:58,00,";
var hq_str_sh603259="药明康德,94.500,94.770,93.000,95.500,92.220,93.000,93.040,17047613,1594801434.000,1902,93.000,21300,92.990,5500,92.970,1161,92.960,2500,92.950,600,93.040,8800,93.050,1000,93.070,560,93.080,100,93.090,2020-07-02,14:53:58,00,";
var hq_str_sh603259="药明康德,94.500,94.770,92.990,95.500,92.220,92.990,93.000,17122304,1601748076.000,14262,92.990,3500,92.980,5500,92.970,1300,92.960,2500,92.950,2000,93.000,5200,93.030,700,93.040,3300,93.050,100,93.090,2020-07-02,14:54:59,00,";
var hq_str_sh603259="药明康德,94.500,94.770,92.990,95.500,92.220,92.990,93.000,17180617,1607170437.000,2548,92.990,896,92.980,10000,92.970,2905,92.960,2500,92.950,20240,93.000,7220,93.010,100,93.020,1000,93.040,2100,93.050,2020-07-02,14:55:59,00,";
var hq_str_sh603259="药明康德,94.500,94.770,92.980,95.500,92.220,92.970,92.980,17280395,1616447815.000,3266,92.970,4405,92.960,8200,92.950,1900,92.940,1300,92.920,1100,92.980,7300,92.990,19060,93.000,8120,93.010,100,93.020,2020-07-02,14:56:56,00,";
var hq_str_sh603259="药明康德,94.500,94.770,92.980,95.500,92.220,93.000,93.000,17284195,1616801112.000,57000,93.000,0,0.000,0,0.000,0,0.000,0,0.000,57000,93.000,18601,0.000,0,0.000,0,0.000,0,0.000,2020-07-02,14:57:58,00,";
var hq_str_sh603259="药明康德,94.500,94.770,92.980,95.500,92.220,92.990,92.990,17284195,1616801112.000,124800,92.990,0,0.000,0,0.000,0,0.000,0,0.000,124800,92.990,4341,0.000,0,0.000,0,0.000,0,0.000,2020-07-02,14:58:58,00,";
