var hq_str_sh603259="药明康德,80.400,81.290,80.400,80.430,80.400,80.400,80.430,183243,14732746.000,3357,80.400,300,80.380,100,80.300,1200,80.280,600,80.250,1200,80.430,800,80.490,3500,80.500,1500,80.560,180,80.580,2020-06-12,09:30:00,00,";
var hq_str_sh603259="药明康德,80.400,81.290,80.940,81.000,80.200,80.940,81.000,538907,43337207.000,800,80.940,100,80.910,600,80.800,100,80.700,200,80.430,9520,81.000,500,81.020,500,81.100,200,81.130,300,81.160,2020-06-12,09:30:57,00,";
var hq_str_sh603259="药明康德,80.400,81.290,81.010,81.160,80.200,81.010,81.080,666254,53641189.000,1840,81.010,200,81.000,200,80.990,1000,80.950,100,80.900,1000,81.080,1940,81.100,400,81.130,100,81.150,300,81.160,2020-06-12,09:32:00,00,";
var hq_str_sh603259="药明康德,80.400,81.290,81.000,81.160,80.200,81.010,81.020,766803,61781727.000,100,81.010,1280,81.000,200,80.970,100,80.950,300,80.940,100,81.020,3120,81.070,400,81.080,7500,81.090,3340,81.100,2020-06-12,09:32:57,00,";
var hq_str_sh603259="药明康德,80.400,81.290,81.100,81.270,80.200,81.090,81.100,898563,72475598.000,500,81.090,200,81.080,2300,81.070,100,81.050,1100,81.040,2000,81.100,100,81.150,400,81.160,2200,81.170,12800,81.190,2020-06-12,09:33:57,00,";
var hq_str_sh603259="药明康德,80.400,81.290,81.150,81.270,80.200,81.130,81.150,1005283,81137661.000,100,81.130,2100,81.120,200,81.110,1700,81.100,200,81.090,5300,81.150,4100,81.190,19716,81.200,1280,81.240,1400,81.250,2020-06-12,09:34:57,00,";
var hq_str_sh603259="药明康德,80.400,81.290,81.350,81.400,80.200,81.350,81.380,1166959,94275956.000,680,81.350,40,81.340,1200,81.330,200,81.320,7100,81.300,300,81.380,400,81.400,300,81.410,100,81.440,160,81.450,2020-06-12,09:36:00,00,";
var hq_str_sh603259="药明康德,80.400,81.290,81.620,81.670,80.200,81.600,81.620,1307688,105749502.000,1900,81.600,1000,81.580,3600,81.570,100,81.540,3500,81.510,2980,81.620,300,81.660,1300,81.670,200,81.680,300,81.690,2020-06-12,09:36:57,00,";
var hq_str_sh603259="药明康德,80.400,81.290,81.440,81.670,80.200,81.440,81.450,1449288,117301350.000,900,81.440,900,81.400,200,81.390,2000,81.380,1000,81.350,1651,81.450,400,81.470,900,81.480,500,81.490,5500,81.500,2020-06-12,09:38:00,00,";
var hq_str_sh603259="药明康德,80.400,81.290,81.300,81.670,80.200,81.210,81.300,1529028,123789147.000,760,81.210,11500,81.200,280,81.190,1000,81.180,124,81.160,500,81.300,2500,81.310,164,81.340,10400,81.350,51960,81.360,2020-06-12,09:39:00,00,";
var hq_str_sh603259="药明康德,80.400,81.290,81.360,81.670,80.200,81.360,81.370,1686272,136576961.000,15640,81.360,680,81.350,6200,81.340,200,81.330,100,81.310,500,81.370,1000,81.380,21080,81.400,1800,81.450,900,81.460,2020-06-12,09:40:00,00,";
var hq_str_sh603259="药明康德,80.400,81.290,81.440,81.670,80.200,81.410,81.450,1822792,147699842.000,9860,81.410,900,81.400,100,81.390,800,81.370,2900,81.360,900,81.450,2000,81.570,1200,81.580,200,81.590,1540,81.600,2020-06-12,09:40:57,00,";
var hq_str_sh603259="药明康德,80.400,81.290,81.250,81.670,80.200,81.250,81.260,1932978,156665650.000,854,81.250,1600,81.240,5700,81.230,300,81.220,9336,81.200,3500,81.260,1300,81.290,100,81.330,100,81.460,1600,81.470,2020-06-12,09:42:00,00,";
var hq_str_sh603259="药明康德,80.400,81.290,81.210,81.670,80.200,81.200,81.210,2001556,162234622.000,100,81.200,100,81.190,2200,81.170,5500,81.160,492,81.150,560,81.210,4200,81.250,1300,81.260,140,81.300,200,81.330,2020-06-12,09:43:00,00,";
var hq_str_sh603259="药明康德,80.400,81.290,81.290,81.670,80.200,81.290,81.300,2110483,171085327.000,4500,81.290,1040,81.270,600,81.260,1200,81.250,6693,81.240,1500,81.300,13600,81.320,300,81.330,200,81.380,600,81.480,2020-06-12,09:44:00,00,";
var hq_str_sh603259="药明康德,80.400,81.290,81.230,81.670,80.200,81.220,81.230,2185223,177161392.000,100,81.220,3300,81.210,5440,81.200,1500,81.190,600,81.180,300,81.230,3200,81.250,200,81.260,1800,81.280,1100,81.310,2020-06-12,09:45:00,00,";
var hq_str_sh603259="药明康德,80.400,81.290,81.450,81.670,80.200,81.450,81.480,2291105,185763684.000,2500,81.450,1200,81.330,10704,81.300,3000,81.280,300,81.250,1100,81.480,700,81.490,6500,81.500,2400,81.510,100,81.540,2020-06-12,09:46:00,00,";
var hq_str_sh603259="药明康德,80.400,81.290,81.860,81.860,80.200,81.850,81.860,2442085,198087892.000,1300,81.850,100,81.820,2920,81.810,400,81.800,100,81.790,600,81.860,3020,81.870,800,81.880,1200,81.890,3200,81.900,2020-06-12,09:47:00,00,";
var hq_str_sh603259="药明康德,80.400,81.290,82.020,82.030,80.200,82.000,82.020,2602872,211262896.000,36380,82.000,100,81.990,1300,81.950,100,81.940,100,81.910,2100,82.020,1700,82.030,300,82.050,5700,82.100,1000,82.170,2020-06-12,09:48:00,00,";
var hq_str_sh603259="药明康德,80.400,81.290,82.200,82.280,80.200,82.080,82.200,2757224,223940084.000,3220,82.080,700,82.060,1000,82.040,900,82.020,3200,82.010,600,82.200,3000,82.220,800,82.250,18200,82.260,8300,82.270,2020-06-12,09:49:00,00,";
var hq_str_sh603259="药明康德,80.400,81.290,82.180,82.280,80.200,82.180,82.200,2919004,237237578.000,2400,82.180,1200,82.170,3440,82.090,6380,82.080,200,82.050,4720,82.200,500,82.210,400,82.220,900,82.250,6019,82.280,2020-06-12,09:50:00,00,";
var hq_str_sh603259="药明康德,80.400,81.290,82.510,82.650,80.200,82.540,82.660,3062034,249016712.000,100,82.540,14700,82.510,6800,82.500,500,82.450,700,82.440,1920,82.660,100,82.670,2100,82.680,500,82.700,100,82.740,2020-06-12,09:51:00,00,";
var hq_str_sh603259="药明康德,80.400,81.290,82.390,82.790,80.200,82.390,82.490,3218988,261979724.000,1900,82.390,100,82.370,1676,82.360,900,82.350,500,82.290,100,82.490,16420,82.500,16000,82.510,500,82.520,1000,82.540,2020-06-12,09:51:57,00,";
var hq_str_sh603259="药明康德,80.400,81.290,82.500,82.790,80.200,82.450,82.500,3338928,271872084.000,3000,82.450,700,82.440,200,82.430,2100,82.410,2000,82.400,180,82.500,2000,82.510,300,82.520,1600,82.540,820,82.550,2020-06-12,09:53:00,00,";
var hq_str_sh603259="药明康德,80.400,81.290,82.500,82.790,80.200,82.500,82.510,3437334,279993674.000,3294,82.500,1000,82.480,500,82.450,100,82.440,100,82.430,2480,82.510,1400,82.520,700,82.550,2000,82.560,6500,82.590,2020-06-12,09:54:00,00,";
var hq_str_sh603259="药明康德,80.400,81.290,82.520,82.790,80.200,82.510,82.520,3543014,288717697.000,2400,82.510,1000,82.500,314,82.480,100,82.470,500,82.450,13761,82.520,13300,82.550,200,82.590,11200,82.600,100,82.630,2020-06-12,09:55:00,00,";
var hq_str_sh603259="药明康德,80.400,81.290,82.430,82.790,80.200,82.430,82.460,3627057,295647116.000,34900,82.430,271,82.410,1500,82.400,1900,82.390,1000,82.380,300,82.460,3900,82.490,9300,82.500,900,82.510,200,82.520,2020-06-12,09:56:00,00,";
var hq_str_sh603259="药明康德,80.400,81.290,82.370,82.790,80.200,82.370,82.380,3767595,307232010.000,100,82.370,2076,82.360,1100,82.350,200,82.320,9200,82.300,4800,82.380,8300,82.400,200,82.420,10560,82.430,100,82.460,2020-06-12,09:56:57,00,";
var hq_str_sh603259="药明康德,80.400,81.290,82.200,82.790,80.200,82.200,82.210,3872848,315891580.000,1000,82.200,1200,82.190,583,82.150,2780,82.080,300,82.050,1000,82.210,1000,82.230,100,82.240,400,82.250,7040,82.280,2020-06-12,09:57:57,00,";
var hq_str_sh603259="药明康德,80.400,81.290,82.650,82.790,80.200,82.630,82.650,4072058,332315120.000,2220,82.630,400,82.620,1900,82.510,4031,82.500,100,82.470,2300,82.650,4340,82.660,2900,82.670,22200,82.680,400,82.690,2020-06-12,09:59:00,00,";
var hq_str_sh603259="药明康德,80.400,81.290,82.530,82.790,80.200,82.500,82.530,4185431,341661209.000,9200,82.500,100,82.490,1000,82.480,100,82.440,100,82.380,1600,82.530,100,82.580,100,82.590,1800,82.600,3700,82.610,2020-06-12,10:00:00,00,";
var hq_str_sh603259="药明康德,80.400,81.290,82.310,82.790,80.200,82.310,82.350,4269954,348627810.000,577,82.310,8700,82.300,11051,82.280,700,82.250,500,82.210,200,82.350,240,82.370,500,82.380,1500,82.390,700,82.400,2020-06-12,10:01:00,00,";
var hq_str_sh603259="药明康德,80.400,81.290,82.380,82.790,80.200,82.300,82.380,4373394,357150354.000,377,82.300,8451,82.280,700,82.250,500,82.210,1000,82.200,1249,82.380,6200,82.410,200,82.420,200,82.440,800,82.450,2020-06-12,10:01:57,00,";
var hq_str_sh603259="药明康德,80.400,81.290,82.810,82.810,80.200,82.800,82.810,4635012,378769528.000,11951,82.800,100,82.790,400,82.770,1840,82.710,500,82.700,500,82.810,600,82.820,2200,82.830,5152,82.850,1600,82.860,2020-06-12,10:03:00,00,";
var hq_str_sh603259="药明康德,80.400,81.290,82.960,83.000,80.200,82.960,82.980,4846384,396298072.000,900,82.960,100,82.950,200,82.930,1300,82.920,500,82.910,800,82.980,600,82.990,62180,83.000,3540,83.010,1240,83.020,2020-06-12,10:03:57,00,";
var hq_str_sh603259="药明康德,80.400,81.290,82.900,83.020,80.200,82.900,82.910,5094324,416871085.000,3000,82.900,600,82.880,848,82.860,400,82.850,100,82.830,200,82.910,500,82.920,4600,82.960,4100,82.970,1400,82.980,2020-06-12,10:05:00,00,";
var hq_str_sh603259="药明康德,80.400,81.290,82.790,83.020,80.200,82.790,82.800,5165772,422789640.000,200,82.790,3300,82.780,100,82.760,400,82.740,1200,82.710,100,82.800,400,82.810,951,82.840,280,82.850,1444,82.870,2020-06-12,10:05:57,00,";
var hq_str_sh603259="药明康德,80.400,81.290,82.830,83.020,80.200,82.820,82.900,5391867,441528374.000,300,82.820,600,82.810,85,82.800,600,82.790,2900,82.780,10100,82.900,500,82.920,474,82.960,5500,82.970,2300,82.980,2020-06-12,10:07:00,00,";
var hq_str_sh603259="药明康德,80.400,81.290,82.730,83.020,80.200,82.730,82.770,5487781,449475125.000,6200,82.730,200,82.720,1000,82.710,1100,82.700,100,82.640,3000,82.770,900,82.780,100,82.790,755,82.800,100,82.840,2020-06-12,10:08:00,00,";
var hq_str_sh603259="药明康德,80.400,81.290,82.360,83.020,80.200,82.360,82.380,5539041,453705654.000,200,82.360,200,82.350,300,82.340,400,82.330,400,82.310,200,82.380,2400,82.480,300,82.490,2100,82.500,740,82.510,2020-06-12,10:08:57,00,";
var hq_str_sh603259="药明康德,80.400,81.290,82.400,83.020,80.200,82.400,82.440,5667881,464304697.000,6000,82.400,100,82.390,1280,82.360,2200,82.350,3100,82.330,220,82.440,1680,82.450,33,82.510,100,82.520,800,82.560,2020-06-12,10:09:57,00,";
var hq_str_sh603259="药明康德,80.400,81.290,82.090,83.020,80.200,82.110,82.190,5746021,470735732.000,100,82.110,900,82.100,300,82.090,600,82.080,6000,82.070,3300,82.190,200,82.200,100,82.210,3500,82.220,300,82.300,2020-06-12,10:11:00,00,";
var hq_str_sh603259="药明康德,80.400,81.290,82.350,83.020,80.200,82.350,82.380,5768801,472609593.000,5500,82.350,200,82.340,800,82.330,4500,82.310,1360,82.300,280,82.380,200,82.390,400,82.440,1580,82.450,180,82.460,2020-06-12,10:11:57,00,";
var hq_str_sh603259="药明康德,80.400,81.290,82.190,83.020,80.200,82.000,82.190,5860901,480180305.000,15383,82.000,200,81.990,300,81.980,300,81.970,100,81.950,100,82.190,400,82.330,200,82.340,1500,82.350,6840,82.360,2020-06-12,10:13:00,00,";
var hq_str_sh603259="药明康德,80.400,81.290,82.100,83.020,80.200,82.100,82.150,5898623,483279007.000,238,82.100,100,82.050,500,82.040,200,82.020,14600,82.010,5200,82.150,140,82.170,1300,82.200,2000,82.220,6203,82.230,2020-06-12,10:14:00,00,";
var hq_str_sh603259="药明康德,80.400,81.290,82.020,83.020,80.200,82.030,82.050,5962892,488552693.000,400,82.030,1000,82.020,36600,82.010,15783,82.000,800,81.990,100,82.050,600,82.090,7680,82.100,400,82.120,6000,82.130,2020-06-12,10:15:00,00,";
var hq_str_sh603259="药明康德,80.400,81.290,82.000,83.020,80.200,81.980,82.000,6061735,496659683.000,1140,81.980,1300,81.970,1000,81.960,100,81.950,5300,81.910,900,82.000,280,82.030,15000,82.050,200,82.060,533,82.090,2020-06-12,10:15:57,00,";
var hq_str_sh603259="药明康德,80.400,81.290,82.060,83.020,80.200,82.080,82.090,6108984,500535533.000,100,82.080,200,82.060,1120,82.050,100,82.030,200,82.020,33,82.090,200,82.120,5800,82.130,200,82.200,700,82.250,2020-06-12,10:16:57,00,";
var hq_str_sh603259="药明康德,80.400,81.290,82.100,83.020,80.200,82.060,82.100,6154925,504307602.000,500,82.060,100,82.050,300,82.030,2790,82.000,100,81.990,700,82.100,400,82.110,400,82.120,400,82.190,1100,82.200,2020-06-12,10:18:00,00,";
var hq_str_sh603259="药明康德,80.400,81.290,82.100,83.020,80.200,82.100,82.130,6188445,507058847.000,1460,82.100,200,82.090,100,82.050,100,82.030,400,82.020,1200,82.130,100,82.150,300,82.160,100,82.170,200,82.180,2020-06-12,10:19:00,00,";
var hq_str_sh603259="药明康德,80.400,81.290,81.920,83.020,80.200,81.920,81.930,6224708,510031669.000,1800,81.920,1100,81.910,20427,81.900,1800,81.890,3700,81.880,500,81.930,800,81.940,500,81.950,60,81.970,5600,81.980,2020-06-12,10:20:00,00,";
var hq_str_sh603259="药明康德,80.400,81.290,81.930,83.020,80.200,81.930,82.000,6272229,513926514.000,300,81.930,12179,81.920,1100,81.910,22427,81.900,1800,81.890,17290,82.000,100,82.080,440,82.100,800,82.110,100,82.120,2020-06-12,10:21:00,00,";
var hq_str_sh603259="药明康德,80.400,81.290,82.040,83.020,80.200,82.040,82.120,6358360,520991420.000,60,82.040,7200,82.030,500,82.020,100,82.010,14410,82.000,100,82.120,100,82.150,300,82.160,600,82.190,500,82.200,2020-06-12,10:21:57,00,";
var hq_str_sh603259="药明康德,80.400,81.290,82.150,83.020,80.200,82.040,82.150,6437120,527459679.000,200,82.040,200,82.030,700,82.020,1100,82.010,5400,82.000,2500,82.150,500,82.160,100,82.200,700,82.250,700,82.300,2020-06-12,10:23:00,00,";
var hq_str_sh603259="药明康德,80.400,81.290,82.090,83.020,80.200,82.080,82.100,6479500,530939065.000,520,82.080,300,82.060,400,82.050,100,82.040,100,82.030,600,82.100,400,82.130,100,82.160,220,82.200,700,82.250,2020-06-12,10:24:00,00,";
var hq_str_sh603259="药明康德,80.400,81.290,82.100,83.020,80.200,82.050,82.100,6491120,531892726.000,600,82.050,300,82.020,1500,82.010,19100,82.000,200,81.990,565,82.100,1000,82.120,580,82.130,500,82.140,1280,82.150,2020-06-12,10:25:00,00,";
var hq_str_sh603259="药明康德,80.400,81.290,82.020,83.020,80.200,82.010,82.020,6527220,534855097.000,1900,82.010,17300,82.000,200,81.990,1100,81.970,2000,81.950,500,82.020,1800,82.050,1200,82.060,2100,82.070,3200,82.080,2020-06-12,10:26:00,00,";
var hq_str_sh603259="药明康德,80.400,81.290,82.000,83.020,80.200,82.000,82.030,6600720,540883179.000,3300,82.000,300,81.980,100,81.940,500,81.930,12279,81.920,440,82.030,820,82.040,3200,82.050,3080,82.080,4200,82.090,2020-06-12,10:26:57,00,";
var hq_str_sh603259="药明康德,80.400,81.290,81.960,83.020,80.200,81.950,81.960,6618520,542342333.000,9100,81.950,200,81.940,1100,81.930,12379,81.920,500,81.910,7980,81.960,4960,81.970,760,81.980,16140,82.000,180,82.010,2020-06-12,10:28:00,00,";
var hq_str_sh603259="药明康德,80.400,81.290,81.880,83.020,80.200,81.880,81.900,6708606,549720485.000,800,81.880,1620,81.870,1000,81.850,100,81.840,300,81.820,274,81.900,623,81.930,200,81.940,1220,81.950,6400,81.960,2020-06-12,10:29:00,00,";
var hq_str_sh603259="药明康德,80.400,81.290,81.770,83.020,80.200,81.760,81.770,6746646,552833967.000,780,81.760,1300,81.750,300,81.740,200,81.730,2200,81.720,503,81.770,3500,81.800,6400,81.850,2900,81.860,500,81.870,2020-06-12,10:30:00,00,";
var hq_str_sh603259="药明康德,80.400,81.290,81.600,83.020,80.200,81.600,81.610,6823526,559113568.000,2700,81.600,200,81.590,300,81.580,700,81.570,500,81.560,1100,81.610,200,81.650,200,81.660,400,81.670,4400,81.680,2020-06-12,10:31:00,00,";
var hq_str_sh603259="药明康德,80.400,81.290,81.570,83.020,80.200,81.560,81.570,6864626,562465734.000,4900,81.560,200,81.520,6000,81.510,22000,81.500,800,81.490,2900,81.570,900,81.590,6100,81.600,700,81.610,100,81.650,2020-06-12,10:31:57,00,";
var hq_str_sh603259="药明康德,80.400,81.290,81.600,83.020,80.200,81.600,81.610,6915446,566614456.000,700,81.600,200,81.580,600,81.570,400,81.560,100,81.550,3100,81.610,80,81.650,300,81.670,2738,81.680,1100,81.700,2020-06-12,10:33:00,00,";
var hq_str_sh603259="药明康德,80.400,81.290,81.710,83.020,80.200,81.710,81.720,6968246,570923024.000,5200,81.710,600,81.680,200,81.640,1000,81.560,2200,81.550,600,81.720,600,81.760,100,81.770,100,81.790,200,81.800,2020-06-12,10:34:00,00,";
var hq_str_sh603259="药明康德,80.400,81.290,81.600,83.020,80.200,81.600,81.650,7000446,573551957.000,1400,81.600,600,81.560,1300,81.550,200,81.540,1000,81.530,200,81.650,6560,81.660,6800,81.700,3700,81.710,600,81.760,2020-06-12,10:35:00,00,";
var hq_str_sh603259="药明康德,80.400,81.290,81.690,83.020,80.200,81.620,81.650,7048646,577486468.000,500,81.620,500,81.600,300,81.580,1300,81.560,1400,81.550,2720,81.650,480,81.760,200,81.770,200,81.800,2000,81.820,2020-06-12,10:35:57,00,";
var hq_str_sh603259="药明康德,80.400,81.290,81.630,83.020,80.200,81.620,81.630,7088446,580736254.000,100,81.620,200,81.610,2900,81.600,1600,81.580,200,81.570,300,81.630,1653,81.750,1000,81.800,6000,81.810,2000,81.820,2020-06-12,10:37:00,00,";
var hq_str_sh603259="药明康德,80.400,81.290,81.750,83.020,80.200,81.740,81.750,7118646,583202538.000,200,81.740,12600,81.700,100,81.660,12000,81.650,400,81.640,553,81.750,2400,81.800,6560,81.810,2100,81.820,100,81.840,2020-06-12,10:38:00,00,";
var hq_str_sh603259="药明康德,80.400,81.290,81.760,83.020,80.200,81.750,81.760,7156537,586301206.000,600,81.750,2709,81.740,1600,81.730,100,81.710,12600,81.700,400,81.760,8000,81.810,600,81.820,1400,81.840,1000,81.850,2020-06-12,10:39:00,00,";
var hq_str_sh603259="药明康德,80.400,81.290,81.700,83.020,80.200,81.650,81.700,7192438,589234582.000,7408,81.650,4500,81.640,21800,81.630,900,81.620,5800,81.610,4500,81.700,100,81.710,3600,81.720,200,81.730,9691,81.740,2020-06-12,10:40:00,00,";
var hq_str_sh603259="药明康德,80.400,81.290,81.630,83.020,80.200,81.620,81.630,7332117,600636637.000,100,81.620,1300,81.610,2400,81.600,1629,81.580,1200,81.570,877,81.630,4100,81.650,400,81.660,3100,81.700,100,81.710,2020-06-12,10:40:57,00,";
var hq_str_sh603259="药明康德,80.400,81.290,81.590,83.020,80.200,81.590,81.600,7359317,602856734.000,100,81.590,1729,81.580,1100,81.570,1100,81.560,2600,81.550,1500,81.600,800,81.610,4000,81.630,1500,81.650,600,81.660,2020-06-12,10:42:00,00,";
var hq_str_sh603259="药明康德,80.400,81.290,81.490,83.020,80.200,81.480,81.490,7451446,610369483.000,200,81.480,100,81.470,500,81.460,100,81.430,600,81.400,25995,81.490,360,81.580,100,81.600,100,81.620,1500,81.650,2020-06-12,10:43:00,00,";
var hq_str_sh603259="药明康德,80.400,81.290,81.480,83.020,80.200,81.480,81.490,7490634,613564411.000,120,81.480,100,81.470,500,81.460,1200,81.450,400,81.430,300,81.490,140,81.500,200,81.510,600,81.520,100,81.550,2020-06-12,10:44:00,00,";
var hq_str_sh603259="药明康德,80.400,81.290,81.650,83.020,80.200,81.640,81.650,7517858,615785940.000,400,81.640,200,81.630,7360,81.620,1900,81.610,31856,81.600,2600,81.650,540,81.660,200,81.700,1000,81.760,700,81.770,2020-06-12,10:44:57,00,";
var hq_str_sh603259="药明康德,80.400,81.290,81.700,83.020,80.200,81.680,81.700,7526598,616499828.000,400,81.680,100,81.670,7160,81.660,600,81.650,200,81.640,2220,81.700,700,81.770,1423,81.780,15000,81.790,500,81.820,2020-06-12,10:45:57,00,";
var hq_str_sh603259="药明康德,80.400,81.290,81.700,83.020,80.200,81.690,81.700,7577878,620692438.000,320,81.690,700,81.680,300,81.660,300,81.650,400,81.630,22100,81.700,8923,81.790,200,81.840,1000,81.850,1000,81.870,2020-06-12,10:46:57,00,";
var hq_str_sh603259="药明康德,80.400,81.290,81.790,83.020,80.200,81.780,81.790,7618158,623984781.000,4920,81.780,500,81.770,900,81.760,100,81.750,1000,81.730,1623,81.790,100,81.800,200,81.840,1000,81.850,1000,81.870,2020-06-12,10:48:00,00,";
var hq_str_sh603259="药明康德,80.400,81.290,81.920,83.020,80.200,81.910,81.920,7650655,626645926.000,300,81.910,300,81.900,200,81.870,6600,81.860,500,81.850,200,81.920,7600,81.930,5720,81.960,560,81.970,2540,81.980,2020-06-12,10:49:00,00,";
var hq_str_sh603259="药明康德,80.400,81.290,81.760,83.020,80.200,81.760,81.780,7677030,628805701.000,3225,81.760,100,81.720,1600,81.710,400,81.700,800,81.690,3600,81.780,3060,81.790,400,81.800,200,81.810,180,81.820,2020-06-12,10:50:00,00,";
var hq_str_sh603259="药明康德,80.400,81.290,81.810,83.020,80.200,81.810,81.950,7694190,630209276.000,3240,81.810,500,81.790,3100,81.780,4100,81.770,5500,81.760,20000,81.950,5060,81.960,560,81.970,2540,81.980,19140,82.000,2020-06-12,10:51:00,00,";
var hq_str_sh603259="药明康德,80.400,81.290,81.940,83.020,80.200,81.940,81.950,7716490,632036346.000,100,81.940,800,81.910,400,81.900,1600,81.850,4100,81.830,19300,81.950,5060,81.960,560,81.970,2540,81.980,19340,82.000,2020-06-12,10:52:00,00,";
var hq_str_sh603259="药明康德,80.400,81.290,82.090,83.020,80.200,82.080,82.090,7771530,636548617.000,400,82.080,3900,82.070,800,82.050,100,82.010,21400,82.000,2740,82.090,300,82.100,1040,82.120,500,82.130,500,82.140,2020-06-12,10:53:00,00,";
var hq_str_sh603259="药明康德,80.400,81.290,82.060,83.020,80.200,82.050,82.070,7811130,639799432.000,4100,82.050,400,82.010,21000,82.000,200,81.980,4100,81.940,100,82.070,1980,82.100,1340,82.120,600,82.130,500,82.140,2020-06-12,10:54:00,00,";
var hq_str_sh603259="药明康德,80.400,81.290,82.050,83.020,80.200,82.050,82.060,7880230,645468288.000,3200,82.050,200,82.040,3200,82.010,4100,81.940,300,81.910,300,82.060,300,82.070,100,82.080,4480,82.100,940,82.120,2020-06-12,10:55:00,00,";
var hq_str_sh603259="药明康德,80.400,81.290,82.100,83.020,80.200,82.010,82.020,8020730,656996260.000,100,82.010,9400,81.950,4100,81.940,300,81.910,100,81.900,200,82.020,1967,82.100,200,82.110,840,82.120,500,82.130,2020-06-12,10:55:57,00,";
var hq_str_sh603259="药明康德,80.400,81.290,82.150,83.020,80.200,82.150,82.160,8064890,660622466.000,100,82.150,100,82.100,800,82.030,700,82.020,700,82.010,1000,82.160,447,82.190,7000,82.200,1860,82.210,100,82.240,2020-06-12,10:57:00,00,";
var hq_str_sh603259="药明康德,80.400,81.290,82.210,83.020,80.200,82.210,82.230,8109737,664309305.000,2380,82.210,3400,82.200,300,82.190,11900,82.170,700,82.160,10800,82.230,300,82.250,700,82.260,520,82.270,200,82.280,2020-06-12,10:57:57,00,";
var hq_str_sh603259="药明康德,80.400,81.290,82.300,83.020,80.200,82.300,82.350,8326573,682147488.000,100,82.300,100,82.200,300,82.180,200,82.170,44,82.160,14500,82.350,1720,82.360,700,82.370,1800,82.380,100,82.390,2020-06-12,10:59:00,00,";
var hq_str_sh603259="药明康德,80.400,81.290,82.250,83.020,80.200,82.160,82.250,8376193,686228298.000,2324,82.160,16100,82.150,500,82.100,100,82.040,300,82.020,8020,82.250,1800,82.270,400,82.290,10940,82.300,100,82.330,2020-06-12,11:00:00,00,";
var hq_str_sh603259="药明康德,80.400,81.290,82.200,83.020,80.200,82.200,82.290,8488957,695498546.000,2560,82.200,3500,82.110,16500,82.100,200,82.090,3900,82.070,100,82.290,12140,82.300,1600,82.350,300,82.360,2300,82.370,2020-06-12,11:01:00,00,";
var hq_str_sh603259="药明康德,80.400,81.290,82.350,83.020,80.200,82.350,82.370,8530257,698897244.000,27100,82.350,200,82.340,1300,82.220,10160,82.200,100,82.120,400,82.370,600,82.380,100,82.390,300,82.400,1680,82.420,2020-06-12,11:01:57,00,";
var hq_str_sh603259="药明康德,80.400,81.290,82.520,83.020,80.200,82.520,82.550,8613597,705769179.000,6100,82.520,56560,82.500,4100,82.430,1700,82.420,7100,82.410,1700,82.550,700,82.560,900,82.580,200,82.590,2620,82.600,2020-06-12,11:02:57,00,";
var hq_str_sh603259="药明康德,80.400,81.290,82.700,83.020,80.200,82.700,82.730,8714857,714143747.000,34440,82.700,300,82.690,8200,82.680,500,82.660,8880,82.600,400,82.730,400,82.760,1000,82.770,200,82.790,21300,82.800,2020-06-12,11:04:00,00,";
var hq_str_sh603259="药明康德,80.400,81.290,82.700,83.020,80.200,82.690,82.700,8855197,725753598.000,100,82.690,4500,82.620,100,82.610,2700,82.600,300,82.560,4600,82.700,4800,82.710,1000,82.740,200,82.750,1600,82.760,2020-06-12,11:04:57,00,";
var hq_str_sh603259="药明康德,80.400,81.290,82.710,83.020,80.200,82.700,82.720,8940008,732770528.000,3289,82.700,500,82.630,12500,82.620,600,82.600,400,82.560,700,82.720,280,82.730,6300,82.740,5440,82.750,900,82.770,2020-06-12,11:05:57,00,";
var hq_str_sh603259="药明康德,80.400,81.290,82.660,83.020,80.200,82.660,82.700,9014173,738904102.000,1624,82.660,11500,82.650,8800,82.640,700,82.630,12500,82.620,4100,82.700,300,82.730,1040,82.740,1451,82.750,900,82.770,2020-06-12,11:07:00,00,";
var hq_str_sh603259="药明康德,80.400,81.290,82.640,83.020,80.200,82.640,82.650,9063997,743022725.000,3000,82.640,700,82.630,12500,82.620,100,82.610,1400,82.600,15750,82.650,400,82.660,200,82.690,4600,82.700,100,82.710,2020-06-12,11:08:00,00,";
var hq_str_sh603259="药明康德,80.400,81.290,82.800,83.020,80.200,82.800,82.830,9150358,750165679.000,4709,82.800,500,82.760,3100,82.700,23200,82.670,400,82.660,300,82.830,700,82.840,37740,82.850,300,82.860,1600,82.870,2020-06-12,11:09:00,00,";
var hq_str_sh603259="药明康德,80.400,81.290,82.760,83.020,80.200,82.720,82.760,9245367,758032167.000,400,82.720,9000,82.710,5700,82.700,500,82.680,24200,82.670,584,82.760,560,82.830,2400,82.840,1911,82.850,1660,82.860,2020-06-12,11:10:00,00,";
var hq_str_sh603259="药明康德,80.400,81.290,82.800,83.020,80.200,82.720,82.800,9294567,762104770.000,4300,82.720,5400,82.710,3200,82.700,5600,82.680,24200,82.670,7600,82.800,4200,82.810,5900,82.820,1180,82.830,2644,82.840,2020-06-12,11:11:00,00,";
var hq_str_sh603259="药明康德,80.400,81.290,82.800,83.020,80.200,82.800,82.810,9342547,766076313.000,15220,82.800,300,82.750,600,82.720,4200,82.700,6400,82.680,1600,82.810,7200,82.820,580,82.830,2324,82.840,3620,82.850,2020-06-12,11:11:57,00,";
var hq_str_sh603259="药明康德,80.400,81.290,82.690,83.020,80.200,82.680,82.700,9399844,770818301.000,5600,82.680,23800,82.670,700,82.660,900,82.650,300,82.640,200,82.700,200,82.740,600,82.770,1500,82.780,1700,82.790,2020-06-12,11:13:00,00,";
var hq_str_sh603259="药明康德,80.400,81.290,82.710,83.020,80.200,82.710,82.750,9425484,772940018.000,3500,82.710,16700,82.700,5300,82.680,23700,82.670,400,82.660,500,82.750,600,82.780,6200,82.790,23760,82.800,7800,82.820,2020-06-12,11:13:57,00,";
var hq_str_sh603259="药明康德,80.400,81.290,82.690,83.020,80.200,82.640,82.690,9502288,779290892.000,600,82.640,300,82.620,100,82.610,400,82.600,200,82.560,300,82.690,1220,82.700,4960,82.710,100,82.740,100,82.750,2020-06-12,11:15:00,00,";
var hq_str_sh603259="药明康德,80.400,81.290,82.600,83.020,80.200,82.600,82.670,9513828,780244274.000,660,82.600,200,82.590,200,82.580,100,82.570,200,82.560,600,82.670,2300,82.680,5440,82.700,660,82.710,100,82.740,2020-06-12,11:16:00,00,";
var hq_str_sh603259="药明康德,80.400,81.290,82.500,83.020,80.200,82.530,82.560,9522888,780992242.000,600,82.530,400,82.500,400,82.450,400,82.430,1300,82.420,200,82.560,400,82.570,200,82.580,300,82.590,4840,82.600,2020-06-12,11:16:57,00,";
var hq_str_sh603259="药明康德,80.400,81.290,82.580,83.020,80.200,82.580,82.600,9551208,783330789.000,1700,82.580,12980,82.530,1100,82.500,100,82.480,100,82.470,100,82.600,4680,82.610,2300,82.630,2300,82.640,3200,82.650,2020-06-12,11:17:57,00,";
var hq_str_sh603259="药明康德,80.400,81.290,82.500,83.020,80.200,82.500,82.510,9595648,786999778.000,540,82.500,100,82.480,100,82.470,1400,82.460,100,82.450,100,82.510,1840,82.570,1000,82.600,4380,82.610,2700,82.620,2020-06-12,11:19:00,00,";
var hq_str_sh603259="药明康德,80.400,81.290,82.620,83.020,80.200,82.620,82.630,9630458,789874906.000,720,82.620,200,82.610,1300,82.600,2200,82.590,400,82.580,1200,82.630,3800,82.640,3300,82.650,2800,82.660,2100,82.670,2020-06-12,11:19:57,00,";
var hq_str_sh603259="药明康德,80.400,81.290,82.590,83.020,80.200,82.590,82.600,9658918,792225752.000,100,82.590,960,82.580,45680,82.570,100,82.500,100,82.460,4340,82.600,1600,82.620,4400,82.630,4600,82.640,3300,82.650,2020-06-12,11:21:00,00,";
var hq_str_sh603259="药明康德,80.400,81.290,82.610,83.020,80.200,82.610,82.620,9742058,799090629.000,2500,82.610,11900,82.600,1100,82.590,200,82.580,900,82.570,1800,82.620,4700,82.630,4400,82.640,3600,82.650,5100,82.660,2020-06-12,11:22:00,00,";
var hq_str_sh603259="药明康德,80.400,81.290,82.450,83.020,80.200,82.450,82.480,9768158,801246013.000,800,82.450,200,82.430,1300,82.420,100,82.410,100,82.220,100,82.480,100,82.490,2600,82.500,300,82.550,600,82.560,2020-06-12,11:22:57,00,";
var hq_str_sh603259="药明康德,80.400,81.290,82.350,83.020,80.200,82.300,82.350,9780958,802300378.000,5200,82.300,100,82.260,1200,82.220,2200,82.210,200,82.200,2300,82.350,400,82.390,3440,82.400,100,82.410,660,82.420,2020-06-12,11:24:00,00,";
var hq_str_sh603259="药明康德,80.400,81.290,82.420,83.020,80.200,82.400,82.420,9792718,803269102.000,11960,82.400,500,82.390,1100,82.370,2180,82.350,5600,82.330,660,82.420,480,82.450,3700,82.460,100,82.480,2000,82.500,2020-06-12,11:25:00,00,";
var hq_str_sh603259="药明康德,80.400,81.290,82.450,83.020,80.200,82.440,82.450,9804578,804246862.000,5500,82.440,100,82.430,200,82.420,11900,82.400,1000,82.390,4480,82.450,3700,82.460,2000,82.500,700,82.560,900,82.570,2020-06-12,11:25:57,00,";
var hq_str_sh603259="药明康德,80.400,81.290,82.430,83.020,80.200,82.440,82.450,9834338,806700044.000,300,82.440,2840,82.430,3000,82.420,200,82.410,11100,82.400,440,82.450,2500,82.500,700,82.560,900,82.570,100,82.580,2020-06-12,11:27:00,00,";
var hq_str_sh603259="药明康德,80.400,81.290,82.560,83.020,80.200,82.510,82.560,9849302,807934784.000,3400,82.510,400,82.500,76,82.490,300,82.460,1900,82.450,11200,82.560,100,82.590,7860,82.600,1140,82.620,3600,82.630,2020-06-12,11:28:00,00,";
var hq_str_sh603259="药明康德,80.400,81.290,82.590,83.020,80.200,82.580,82.590,9875142,810068001.000,1300,82.580,3700,82.560,300,82.530,2000,82.520,76,82.490,400,82.590,13600,82.600,1140,82.620,3600,82.630,3900,82.640,2020-06-12,11:28:57,00,";
var hq_str_sh603259="药明康德,80.400,81.290,82.500,83.020,80.200,82.490,82.500,9889342,811240642.000,76,82.490,300,82.480,200,82.460,2000,82.450,1960,82.440,100,82.500,16400,82.530,373,82.570,1100,82.590,13100,82.600,2020-06-12,11:29:59,00,";
var hq_str_sh603259="药明康德,80.400,81.290,82.500,83.020,80.200,82.490,82.500,9889342,811240642.000,76,82.490,300,82.480,200,82.460,2000,82.450,1960,82.440,100,82.500,16400,82.530,373,82.570,1100,82.590,13100,82.600,2020-06-12,11:30:00,00,";
var hq_str_sh603259="药明康德,80.400,81.290,82.520,83.020,80.200,82.520,82.530,9942342,815612731.000,900,82.520,6620,82.500,3480,82.490,1000,82.480,3100,82.470,9400,82.530,100,82.550,1200,82.590,7373,82.600,500,82.610,2020-06-12,13:00:56,00,";
var hq_str_sh603259="药明康德,80.400,81.290,82.430,83.020,80.200,82.430,82.440,9978058,818559011.000,2640,82.430,100,82.420,200,82.410,11400,82.400,800,82.390,540,82.440,396,82.460,100,82.470,300,82.480,200,82.490,2020-06-12,13:01:58,00,";
var hq_str_sh603259="药明康德,80.400,81.290,82.640,83.020,80.200,82.630,82.640,10028367,822711902.000,2700,82.630,4000,82.610,21127,82.600,100,82.590,4680,82.510,1000,82.640,3900,82.650,4700,82.660,2200,82.670,300,82.680,2020-06-12,13:02:58,00,";
var hq_str_sh603259="药明康德,80.400,81.290,82.510,83.020,80.200,82.510,82.540,10077304,826754933.000,1490,82.510,19560,82.500,100,82.480,1000,82.470,904,82.460,100,82.540,100,82.550,1460,82.560,6073,82.600,1100,82.620,2020-06-12,13:03:58,00,";
var hq_str_sh603259="药明康德,80.400,81.290,82.600,83.020,80.200,82.590,82.600,10091778,827949788.000,180,82.590,600,82.550,3520,82.540,600,82.530,1100,82.520,17373,82.600,100,82.610,200,82.620,680,82.630,1133,82.650,2020-06-12,13:04:58,00,";
var hq_str_sh603259="药明康德,80.400,81.290,82.600,83.020,80.200,82.600,82.620,10141787,832079327.000,4000,82.600,591,82.590,200,82.580,300,82.570,2800,82.560,700,82.620,580,82.630,1133,82.650,100,82.660,100,82.670,2020-06-12,13:05:58,00,";
var hq_str_sh603259="药明康德,80.400,81.290,82.660,83.020,80.200,82.660,82.690,10188460,835937758.000,2420,82.660,5907,82.650,300,82.630,200,82.610,300,82.600,1300,82.690,10520,82.700,760,82.710,500,82.740,1840,82.750,2020-06-12,13:06:58,00,";
var hq_str_sh603259="药明康德,80.400,81.290,82.660,83.020,80.200,82.660,82.680,10220660,838599360.000,1927,82.660,1100,82.650,100,82.610,300,82.600,691,82.590,800,82.680,1000,82.690,12160,82.700,760,82.710,500,82.740,2020-06-12,13:07:58,00,";
var hq_str_sh603259="药明康德,80.400,81.290,82.670,83.020,80.200,82.670,82.690,10274587,843058048.000,800,82.670,500,82.660,1700,82.650,100,82.640,100,82.620,1869,82.690,5480,82.700,820,82.710,800,82.740,1940,82.750,2020-06-12,13:08:58,00,";
var hq_str_sh603259="药明康德,80.400,81.290,82.530,83.020,80.200,82.530,82.560,10290219,844349552.000,868,82.530,200,82.520,1000,82.510,19160,82.500,200,82.480,200,82.560,1500,82.620,1220,82.650,2896,82.660,500,82.670,2020-06-12,13:09:58,00,";
var hq_str_sh603259="药明康德,80.400,81.290,82.500,83.020,80.200,82.510,82.520,10336519,848169471.000,1700,82.510,1100,82.500,4660,82.490,300,82.480,500,82.470,1200,82.520,1100,82.530,1600,82.590,200,82.600,500,82.610,2020-06-12,13:10:58,00,";
var hq_str_sh603259="药明康德,80.400,81.290,82.460,83.020,80.200,82.460,82.480,10356923,849852403.000,1200,82.460,600,82.420,760,82.410,16300,82.400,800,82.390,979,82.480,2000,82.490,10740,82.500,400,82.510,900,82.520,2020-06-12,13:11:58,00,";
var hq_str_sh603259="药明康德,80.400,81.290,82.610,83.020,80.200,82.610,82.620,10386501,852293027.000,1200,82.610,1200,82.600,100,82.590,1600,82.570,4000,82.560,300,82.620,1320,82.650,3000,82.660,500,82.670,700,82.680,2020-06-12,13:12:58,00,";
var hq_str_sh603259="药明康德,80.400,81.290,82.630,83.020,80.200,82.630,82.660,10421021,855145779.000,120,82.630,4460,82.620,1600,82.610,600,82.600,100,82.570,600,82.660,1391,82.670,1000,82.680,1169,82.690,8396,82.700,2020-06-12,13:13:58,00,";
var hq_str_sh603259="药明康德,80.400,81.290,82.600,83.020,80.200,82.600,82.630,10440301,856738682.000,800,82.600,300,82.530,3000,82.520,3100,82.510,35321,82.500,300,82.630,1500,82.650,680,82.660,1116,82.670,1000,82.680,2020-06-12,13:14:58,00,";
var hq_str_sh603259="药明康德,80.400,81.290,82.530,83.020,80.200,82.530,82.550,10454401,857902926.000,1100,82.530,1200,82.520,2400,82.510,35721,82.500,1000,82.480,900,82.550,900,82.590,1600,82.600,400,82.630,1800,82.650,2020-06-12,13:15:58,00,";
var hq_str_sh603259="药明康德,80.400,81.290,82.650,83.020,80.200,82.630,82.660,10479961,860014201.000,3700,82.630,200,82.610,300,82.600,100,82.590,1600,82.580,380,82.660,1616,82.670,1000,82.680,1169,82.690,9556,82.700,2020-06-12,13:16:58,00,";
var hq_str_sh603259="药明康德,80.400,81.290,82.630,83.020,80.200,82.630,82.650,10513261,862766349.000,300,82.630,7240,82.550,300,82.530,1100,82.520,100,82.510,2420,82.650,800,82.680,1040,82.690,7861,82.700,720,82.710,2020-06-12,13:17:58,00,";
var hq_str_sh603259="药明康德,80.400,81.290,82.650,83.020,80.200,82.650,82.660,10539410,864927032.000,2040,82.650,6751,82.610,17760,82.600,7340,82.550,300,82.530,200,82.660,1400,82.680,1640,82.690,8161,82.700,720,82.710,2020-06-12,13:18:58,00,";
var hq_str_sh603259="药明康德,80.400,81.290,82.710,83.020,80.200,82.710,82.750,10584371,868645539.000,200,82.710,1460,82.700,100,82.690,5279,82.680,100,82.670,100,82.750,1500,82.770,2800,82.780,6400,82.790,15780,82.800,2020-06-12,13:19:58,00,";
var hq_str_sh603259="药明康德,80.400,81.290,82.760,83.020,80.200,82.710,82.760,10622501,871800212.000,700,82.710,300,82.700,700,82.690,200,82.680,100,82.670,7700,82.760,500,82.770,6200,82.780,6400,82.790,15780,82.800,2020-06-12,13:20:58,00,";
var hq_str_sh603259="药明康德,80.400,81.290,82.620,83.020,80.200,82.620,82.630,10665524,875358432.000,600,82.620,12600,82.600,7240,82.550,200,82.530,1100,82.520,2500,82.630,4900,82.650,500,82.700,2800,82.710,2200,82.750,2020-06-12,13:22:01,00,";
var hq_str_sh603259="药明康德,80.400,81.290,82.610,83.020,80.200,82.620,82.630,10684804,876951619.000,800,82.620,3320,82.610,15300,82.600,100,82.590,7340,82.550,200,82.630,100,82.660,2036,82.700,7300,82.710,3600,82.750,2020-06-12,13:22:58,00,";
var hq_str_sh603259="药明康德,80.400,81.290,82.710,83.020,80.200,82.710,82.720,10712904,879275267.000,900,82.710,10100,82.670,200,82.660,100,82.640,1400,82.630,800,82.720,976,82.740,3600,82.750,2700,82.760,1440,82.770,2020-06-12,13:23:58,00,";
var hq_str_sh603259="药明康德,80.400,81.290,82.840,83.020,80.200,82.830,82.880,10820660,888197777.000,1800,82.830,2200,82.810,4460,82.800,2800,82.770,1400,82.750,400,82.880,11760,82.900,1500,82.910,440,82.920,400,82.930,2020-06-12,13:25:01,00,";
var hq_str_sh603259="药明康德,80.400,81.290,82.840,83.020,80.200,82.860,82.880,10883820,893433894.000,5000,82.860,440,82.840,200,82.820,3000,82.810,4560,82.800,400,82.880,340,82.910,200,82.920,680,82.930,1200,82.940,2020-06-12,13:26:01,00,";
var hq_str_sh603259="药明康德,80.400,81.290,82.950,83.020,80.200,82.880,82.950,10933260,897533246.000,160,82.880,1400,82.870,7900,82.860,200,82.840,9000,82.820,2300,82.950,3834,82.960,2200,82.970,15814,82.980,23714,82.990,2020-06-12,13:26:58,00,";
var hq_str_sh603259="药明康德,80.400,81.290,82.940,83.020,80.200,82.950,82.960,10983308,901683572.000,1700,82.950,24940,82.940,2200,82.900,300,82.880,200,82.870,4834,82.960,3500,82.970,15854,82.980,23914,82.990,190503,83.000,2020-06-12,13:27:58,00,";
var hq_str_sh603259="药明康德,80.400,81.290,82.960,83.020,80.200,82.960,82.970,11038588,906269144.000,900,82.960,2760,82.940,200,82.920,2200,82.900,300,82.880,1500,82.970,16334,82.980,25054,82.990,184617,83.000,9200,83.010,2020-06-12,13:28:58,00,";
var hq_str_sh603259="药明康德,80.400,81.290,82.990,83.020,80.200,82.980,82.990,11085980,910201577.000,4228,82.980,3260,82.970,200,82.950,800,82.900,300,82.880,26534,82.990,184997,83.000,9400,83.010,11017,83.020,2100,83.030,2020-06-12,13:29:58,00,";
var hq_str_sh603259="药明康德,80.400,81.290,82.860,83.020,80.200,82.850,82.860,11142408,914882426.000,100,82.850,300,82.840,9000,82.820,2000,82.810,7660,82.800,2800,82.860,1000,82.870,100,82.880,1400,82.890,2600,82.900,2020-06-12,13:30:58,00,";
var hq_str_sh603259="药明康德,80.400,81.290,82.750,83.020,80.200,82.740,82.750,11186568,918539816.000,200,82.740,300,82.720,5400,82.710,200,82.700,800,82.680,1500,82.750,1900,82.770,600,82.800,1100,82.810,3300,82.820,2020-06-12,13:31:58,00,";
var hq_str_sh603259="药明康德,80.400,81.290,82.740,83.020,80.200,82.720,82.750,11211168,920574666.000,100,82.720,4700,82.710,2400,82.700,300,82.690,800,82.680,1000,82.750,500,82.770,300,82.800,1100,82.810,2600,82.820,2020-06-12,13:32:58,00,";
var hq_str_sh603259="药明康德,80.400,81.290,82.750,83.020,80.200,82.750,82.790,11249368,923736619.000,1500,82.750,400,82.730,1700,82.720,100,82.710,2400,82.700,400,82.790,1100,82.800,1800,82.820,400,82.830,920,82.840,2020-06-12,13:33:58,00,";
var hq_str_sh603259="药明康德,80.400,81.290,82.720,83.020,80.200,82.710,82.720,11276068,925946203.000,200,82.710,2500,82.700,100,82.690,900,82.680,4800,82.670,2900,82.720,200,82.730,100,82.750,100,82.770,300,82.800,2020-06-12,13:34:58,00,";
var hq_str_sh603259="药明康德,80.400,81.290,82.740,83.020,80.200,82.740,82.750,11288768,926996769.000,1400,82.740,14200,82.730,700,82.710,2600,82.700,700,82.690,500,82.750,100,82.790,656,82.800,600,82.820,400,82.830,2020-06-12,13:35:58,00,";
var hq_str_sh603259="药明康德,80.400,81.290,82.780,83.020,80.200,82.760,82.780,11324681,929969131.000,3900,82.760,1100,82.750,13600,82.740,14187,82.730,700,82.710,400,82.780,300,82.790,680,82.800,1000,82.810,3116,82.820,2020-06-12,13:36:58,00,";
var hq_str_sh603259="药明康德,80.400,81.290,82.750,83.020,80.200,82.740,82.750,11379981,934546060.000,3500,82.740,13787,82.730,100,82.720,1300,82.710,2800,82.700,3736,82.750,2520,82.760,740,82.770,500,82.800,500,82.810,2020-06-12,13:37:58,00,";
var hq_str_sh603259="药明康德,80.400,81.290,82.680,83.020,80.200,82.680,82.690,11425968,938349948.000,200,82.680,4800,82.670,300,82.660,300,82.650,200,82.630,240,82.690,1120,82.700,500,82.710,400,82.730,1600,82.740,2020-06-12,13:38:56,00,";
var hq_str_sh603259="药明康德,80.400,81.290,82.710,83.020,80.200,82.700,82.710,11466208,941677996.000,100,82.700,600,82.690,560,82.680,4800,82.670,200,82.660,9661,82.710,2000,82.740,1200,82.750,2029,82.760,940,82.770,2020-06-12,13:39:58,00,";
var hq_str_sh603259="药明康德,80.400,81.290,82.700,83.020,80.200,82.700,82.740,11497216,944243199.000,7600,82.700,1552,82.680,4900,82.670,200,82.660,500,82.650,300,82.740,100,82.750,1910,82.760,740,82.770,3800,82.800,2020-06-12,13:40:58,00,";
var hq_str_sh603259="药明康德,80.400,81.290,82.790,83.020,80.200,82.720,82.790,11561976,949603048.000,1040,82.720,500,82.700,200,82.690,1552,82.680,100,82.670,500,82.790,2700,82.800,400,82.840,1600,82.850,700,82.860,2020-06-12,13:41:58,00,";
var hq_str_sh603259="药明康德,80.400,81.290,82.610,83.020,80.200,82.610,82.630,11578068,950933828.000,4200,82.610,13600,82.600,7240,82.550,1100,82.520,6400,82.500,100,82.630,140,82.640,200,82.650,580,82.660,208,82.690,2020-06-12,13:42:58,00,";
var hq_str_sh603259="药明康德,80.400,81.290,82.580,83.020,80.200,82.580,82.600,11611068,953659759.000,1900,82.580,100,82.570,7440,82.550,1100,82.520,600,82.510,635,82.600,300,82.610,3980,82.620,100,82.630,100,82.640,2020-06-12,13:43:58,00,";
var hq_str_sh603259="药明康德,80.400,81.290,82.650,83.020,80.200,82.600,82.660,11649235,956811371.000,1200,82.600,885,82.550,800,82.520,300,82.510,5588,82.500,820,82.660,8,82.690,200,82.700,600,82.730,200,82.740,2020-06-12,13:45:01,00,";
var hq_str_sh603259="药明康德,80.400,81.290,82.610,83.020,80.200,82.650,82.690,11669795,958510043.000,340,82.650,2000,82.600,300,82.580,2400,82.570,200,82.560,8,82.690,340,82.700,100,82.710,780,82.730,200,82.740,2020-06-12,13:45:58,00,";
var hq_str_sh603259="药明康德,80.400,81.290,82.740,83.020,80.200,82.700,82.740,11680975,959434358.000,4960,82.700,100,82.670,400,82.660,4500,82.650,1100,82.640,1300,82.740,3000,82.750,100,82.770,1000,82.780,900,82.790,2020-06-12,13:46:58,00,";
var hq_str_sh603259="药明康德,80.400,81.290,82.750,83.020,80.200,82.750,82.770,11707155,961599851.000,13780,82.750,200,82.730,6000,82.700,500,82.690,100,82.670,200,82.770,1000,82.780,900,82.790,4400,82.800,2940,82.850,2020-06-12,13:47:58,00,";
var hq_str_sh603259="药明康德,80.400,81.290,82.720,83.020,80.200,82.720,82.740,11733855,963809288.000,3880,82.720,300,82.710,2000,82.700,400,82.690,200,82.670,960,82.740,1600,82.750,300,82.760,100,82.770,760,82.780,2020-06-12,13:48:58,00,";
var hq_str_sh603259="药明康德,80.400,81.290,82.860,83.020,80.200,82.850,82.860,11754955,965556074.000,3860,82.850,100,82.810,4280,82.800,1500,82.790,400,82.780,200,82.860,800,82.870,1080,82.880,1300,82.890,7914,82.900,2020-06-12,13:49:58,00,";
var hq_str_sh603259="药明康德,80.400,81.290,82.850,83.020,80.200,82.850,82.860,11865615,974726022.000,500,82.850,200,82.840,100,82.760,6080,82.750,460,82.730,9941,82.860,300,82.870,200,82.880,100,82.890,600,82.900,2020-06-12,13:50:58,00,";
var hq_str_sh603259="药明康德,80.400,81.290,82.840,83.020,80.200,82.840,82.900,12004115,986211084.000,200,82.840,400,82.830,1700,82.800,300,82.790,400,82.770,100,82.900,600,82.910,800,82.940,15520,82.950,2980,82.970,2020-06-12,13:51:58,00,";
var hq_str_sh603259="药明康德,80.400,81.290,82.910,83.020,80.200,82.910,82.930,12060785,990905966.000,75,82.910,200,82.860,155,82.800,1000,82.770,5580,82.750,300,82.930,500,82.940,18740,82.950,800,82.960,3080,82.970,2020-06-12,13:52:58,00,";
var hq_str_sh603259="药明康德,80.400,81.290,82.780,83.020,80.200,82.770,82.780,12090855,993396571.000,1100,82.770,2380,82.750,460,82.730,2400,82.700,300,82.690,1100,82.780,500,82.830,1545,82.840,100,82.850,300,82.860,2020-06-12,13:53:58,00,";
var hq_str_sh603259="药明康德,80.400,81.290,82.910,83.020,80.200,82.910,82.930,12149106,998221347.000,1200,82.910,400,82.880,300,82.870,9454,82.850,1600,82.820,1400,82.930,220,82.940,21240,82.950,1100,82.960,2680,82.970,2020-06-12,13:54:58,00,";
var hq_str_sh603259="药明康德,80.400,81.290,83.100,83.100,80.200,83.090,83.100,12488528,1026392920.000,1600,83.090,900,83.080,10900,83.060,20000,83.050,1000,83.010,10680,83.100,2100,83.110,1300,83.120,900,83.130,280,83.140,2020-06-12,13:55:58,00,";
var hq_str_sh603259="药明康德,80.400,81.290,82.970,83.250,80.200,82.950,82.970,12610818,1036561342.000,100,82.950,100,82.930,100,82.900,300,82.880,2835,82.810,180,82.970,2000,82.990,500,83.010,400,83.060,800,83.070,2020-06-12,13:56:58,00,";
var hq_str_sh603259="药明康德,80.400,81.290,82.930,83.250,80.200,82.890,82.930,12647037,1039565351.000,1411,82.890,3900,82.880,200,82.870,100,82.830,2000,82.820,500,82.930,600,82.980,16080,82.990,2520,83.000,800,83.010,2020-06-12,13:57:58,00,";
var hq_str_sh603259="药明康德,80.400,81.290,83.170,83.250,80.200,83.160,83.170,12706844,1044531889.000,4573,83.160,100,83.140,1960,83.130,1700,83.100,600,83.090,5400,83.170,600,83.180,160,83.190,5000,83.200,380,83.210,2020-06-12,13:58:58,00,";
var hq_str_sh603259="药明康德,80.400,81.290,83.180,83.250,80.200,83.160,83.170,12771517,1049911291.000,3600,83.160,200,83.100,400,83.080,460,83.070,400,83.040,600,83.170,1500,83.180,7540,83.200,860,83.220,300,83.230,2020-06-12,13:59:58,00,";
var hq_str_sh603259="药明康德,80.400,81.290,83.060,83.280,80.200,83.060,83.080,12864890,1057677303.000,3187,83.060,100,83.050,700,83.040,100,83.030,700,83.020,2160,83.080,2700,83.090,700,83.100,500,83.150,2600,83.180,2020-06-12,14:00:58,00,";
var hq_str_sh603259="药明康德,80.400,81.290,83.300,83.380,80.200,83.300,83.330,12941277,1064037537.000,200,83.300,2000,83.260,300,83.250,1900,83.230,600,83.170,500,83.330,1500,83.340,1760,83.350,500,83.370,3420,83.380,2020-06-12,14:02:01,00,";
var hq_str_sh603259="药明康德,80.400,81.290,83.250,83.500,80.200,83.240,83.250,13062977,1074181088.000,100,83.240,1900,83.200,100,83.180,600,83.170,100,83.160,440,83.250,300,83.260,1800,83.280,100,83.290,400,83.300,2020-06-12,14:02:58,00,";
var hq_str_sh603259="药明康德,80.400,81.290,83.370,83.500,80.200,83.360,83.370,13136977,1080354379.000,600,83.360,1480,83.330,200,83.300,820,83.290,4800,83.280,1200,83.370,2300,83.380,1300,83.390,200,83.430,100,83.450,2020-06-12,14:03:58,00,";
var hq_str_sh603259="药明康德,80.400,81.290,83.300,83.500,80.200,83.280,83.300,13241577,1089068393.000,8500,83.280,600,83.270,11500,83.250,200,83.240,3700,83.230,4300,83.300,1340,83.330,700,83.350,2000,83.370,300,83.400,2020-06-12,14:04:58,00,";
var hq_str_sh603259="药明康德,80.400,81.290,83.450,83.530,80.200,83.440,83.450,13343617,1097582335.000,300,83.440,100,83.430,5500,83.420,100,83.410,100,83.400,2860,83.450,300,83.490,500,83.500,405,83.530,300,83.540,2020-06-12,14:05:58,00,";
var hq_str_sh603259="药明康德,80.400,81.290,83.670,83.680,80.200,83.630,83.660,13456235,1106998240.000,1500,83.630,100,83.620,400,83.600,5517,83.560,5200,83.550,400,83.660,1880,83.670,399,83.680,2700,83.690,3135,83.700,2020-06-12,14:06:58,00,";
var hq_str_sh603259="药明康德,80.400,81.290,83.570,83.680,80.200,83.570,83.600,13544892,1114408905.000,1260,83.570,5200,83.560,5800,83.550,2300,83.540,4660,83.530,3709,83.600,400,83.610,1100,83.620,2700,83.630,1400,83.650,2020-06-12,14:07:58,00,";
var hq_str_sh603259="药明康德,80.400,81.290,83.650,83.680,80.200,83.630,83.650,13627165,1121286781.000,2100,83.630,2600,83.620,241,83.610,2200,83.600,4200,83.590,800,83.650,3680,83.660,500,83.670,12399,83.680,4800,83.690,2020-06-12,14:08:58,00,";
var hq_str_sh603259="药明康德,80.400,81.290,83.670,83.720,80.200,83.660,83.670,13748725,1131459738.000,8200,83.660,4300,83.650,1700,83.630,20200,83.620,2041,83.610,100,83.670,200,83.690,2500,83.700,1920,83.710,5000,83.720,2020-06-12,14:09:58,00,";
var hq_str_sh603259="药明康德,80.400,81.290,83.650,83.740,80.200,83.630,83.650,13917425,1145578509.000,4700,83.630,20200,83.620,2041,83.610,6900,83.600,1300,83.590,1100,83.650,740,83.670,100,83.680,2260,83.690,1000,83.700,2020-06-12,14:10:58,00,";
var hq_str_sh603259="药明康德,80.400,81.290,83.500,83.740,80.200,83.480,83.500,14039476,1155776912.000,3700,83.480,100,83.470,200,83.460,5800,83.420,5800,83.400,3200,83.500,1880,83.510,300,83.520,300,83.530,200,83.560,2020-06-12,14:11:58,00,";
var hq_str_sh603259="药明康德,80.400,81.290,83.520,83.740,80.200,83.510,83.520,14119756,1162480574.000,10000,83.510,2100,83.500,2200,83.490,40,83.480,200,83.470,800,83.520,2000,83.530,400,83.540,7420,83.550,9040,83.570,2020-06-12,14:12:58,00,";
var hq_str_sh603259="药明康德,80.400,81.290,83.550,83.740,80.200,83.550,83.560,14166383,1166375123.000,1260,83.550,2200,83.530,1513,83.510,600,83.500,2300,83.490,100,83.560,200,83.570,2600,83.580,1200,83.590,2860,83.600,2020-06-12,14:13:58,00,";
var hq_str_sh603259="药明康德,80.400,81.290,83.430,83.740,80.200,83.430,83.460,14255173,1173794485.000,200,83.430,3700,83.400,3300,83.380,500,83.370,3200,83.330,600,83.460,2700,83.480,800,83.490,100,83.500,5000,83.510,2020-06-12,14:14:58,00,";
var hq_str_sh603259="药明康德,80.400,81.290,83.600,83.740,80.200,83.600,83.620,14347613,1181510510.000,6920,83.600,200,83.530,300,83.440,2100,83.430,800,83.400,7400,83.620,1060,83.640,2520,83.650,300,83.660,3000,83.670,2020-06-12,14:15:58,00,";
var hq_str_sh603259="药明康德,80.400,81.290,83.300,83.740,80.200,83.300,83.320,14453753,1190367910.000,2100,83.300,300,83.290,2600,83.280,100,83.240,300,83.230,400,83.320,280,83.330,4600,83.350,1100,83.370,200,83.380,2020-06-12,14:16:58,00,";
var hq_str_sh603259="药明康德,80.400,81.290,83.300,83.740,80.200,83.230,83.300,14540713,1197611276.000,200,83.230,1300,83.220,1440,83.200,3000,83.180,20100,83.170,3800,83.300,500,83.360,7400,83.370,200,83.380,500,83.390,2020-06-12,14:17:58,00,";
var hq_str_sh603259="药明康德,80.400,81.290,83.000,83.740,80.200,82.920,83.000,14635197,1205462471.000,200,82.920,2900,82.900,1849,82.890,1200,82.880,200,82.850,100,83.000,100,83.040,100,83.080,200,83.130,1200,83.140,2020-06-12,14:18:58,00,";
var hq_str_sh603259="药明康德,80.400,81.290,83.070,83.740,80.200,83.000,83.070,14691957,1210173654.000,6640,83.000,3000,82.990,200,82.970,100,82.950,2500,82.930,900,83.070,300,83.080,1800,83.100,1100,83.130,840,83.140,2020-06-12,14:19:58,00,";
var hq_str_sh603259="药明康德,80.400,81.290,82.760,83.740,80.200,82.750,82.760,14777106,1217232056.000,1400,82.750,200,82.740,600,82.730,800,82.700,500,82.690,100,82.760,1200,82.780,13800,82.790,1173,82.800,3200,82.810,2020-06-12,14:20:58,00,";
var hq_str_sh603259="药明康德,80.400,81.290,82.920,83.740,80.200,82.920,82.990,14844436,1222810305.000,1840,82.920,100,82.910,11900,82.900,100,82.890,2600,82.850,1200,82.990,3240,83.000,200,83.040,200,83.050,300,83.080,2020-06-12,14:21:58,00,";
var hq_str_sh603259="药明康德,80.400,81.290,82.980,83.740,80.200,82.980,82.990,14927856,1229733772.000,100,82.980,1400,82.970,900,82.950,1200,82.940,400,82.930,1000,82.990,3700,83.000,100,83.010,1200,83.030,1200,83.090,2020-06-12,14:22:58,00,";
var hq_str_sh603259="药明康德,80.400,81.290,82.990,83.740,80.200,82.990,83.000,15216196,1253693912.000,2600,82.990,1200,82.980,100,82.960,400,82.950,1200,82.940,1600,83.000,1100,83.060,9480,83.070,900,83.100,12200,83.110,2020-06-12,14:23:58,00,";
var hq_str_sh603259="药明康德,80.400,81.290,82.780,83.740,80.200,82.770,82.780,15269516,1258113879.000,3800,82.770,1500,82.760,2010,82.750,1000,82.740,100,82.720,26200,82.780,2700,82.810,1400,82.820,400,82.830,200,82.840,2020-06-12,14:24:58,00,";
var hq_str_sh603259="药明康德,80.400,81.290,82.840,83.740,80.200,82.850,82.860,15326636,1262841866.000,100,82.850,100,82.840,3200,82.830,1900,82.820,100,82.810,360,82.860,100,82.880,100,82.960,300,82.990,1320,83.000,2020-06-12,14:25:58,00,";
var hq_str_sh603259="药明康德,80.400,81.290,82.900,83.740,80.200,82.890,82.900,15348016,1264613215.000,100,82.890,4040,82.880,600,82.870,1280,82.860,700,82.850,9900,82.900,400,82.940,600,82.960,2600,82.990,1120,83.000,2020-06-12,14:26:58,00,";
var hq_str_sh603259="药明康德,80.400,81.290,82.890,83.740,80.200,82.870,82.890,15397056,1268677902.000,1060,82.870,1100,82.860,500,82.850,700,82.840,500,82.830,460,82.890,100,82.900,600,82.960,1100,82.980,2600,82.990,2020-06-12,14:27:58,00,";
var hq_str_sh603259="药明康德,80.400,81.290,82.960,83.740,80.200,82.950,82.980,15442270,1272425912.000,7240,82.950,300,82.940,100,82.930,200,82.920,100,82.910,1300,82.980,2800,82.990,12220,83.000,100,83.010,2300,83.030,2020-06-12,14:28:58,00,";
var hq_str_sh603259="药明康德,80.400,81.290,82.910,83.740,80.200,82.920,82.930,15472010,1274892771.000,400,82.920,700,82.910,200,82.900,1200,82.890,806,82.880,826,82.930,300,82.940,900,82.950,200,82.960,1080,82.980,2020-06-12,14:29:58,00,";
var hq_str_sh603259="药明康德,80.400,81.290,82.890,83.740,80.200,82.890,82.900,15492643,1276603358.000,167,82.890,700,82.880,3500,82.870,1100,82.860,600,82.850,2600,82.900,1500,82.920,300,82.930,200,82.940,900,82.950,2020-06-12,14:30:58,00,";
var hq_str_sh603259="药明康德,80.400,81.290,82.920,83.740,80.200,82.900,82.910,15522450,1279073939.000,4600,82.900,100,82.890,200,82.880,760,82.870,1100,82.860,100,82.910,1300,82.920,200,82.930,100,82.940,900,82.950,2020-06-12,14:31:58,00,";
var hq_str_sh603259="药明康德,80.400,81.290,82.850,83.740,80.200,82.850,82.860,15560110,1282195448.000,700,82.850,800,82.840,3600,82.830,1600,82.820,1300,82.810,7900,82.860,200,82.870,600,82.880,700,82.900,100,82.910,2020-06-12,14:32:58,00,";
var hq_str_sh603259="药明康德,80.400,81.290,82.850,83.740,80.200,82.840,82.850,15589410,1284623180.000,1100,82.840,3600,82.830,1700,82.820,1300,82.810,23400,82.800,2180,82.850,9500,82.860,120,82.880,1500,82.900,100,82.910,2020-06-12,14:33:58,00,";
var hq_str_sh603259="药明康德,80.400,81.290,82.820,83.740,80.200,82.820,82.840,15650710,1289700123.000,24900,82.820,15240,82.800,3400,82.780,900,82.770,300,82.760,500,82.840,10100,82.850,196,82.860,1700,82.900,100,82.910,2020-06-12,14:34:55,00,";
var hq_str_sh603259="药明康德,80.400,81.290,82.850,83.740,80.200,82.850,82.860,15691543,1293082817.000,3420,82.850,3205,82.840,2842,82.830,23800,82.820,16640,82.800,796,82.860,100,82.890,12740,82.900,100,82.910,1400,82.920,2020-06-12,14:35:58,00,";
var hq_str_sh603259="药明康德,80.400,81.290,82.860,83.740,80.200,82.850,82.860,15743863,1297417958.000,2300,82.850,3005,82.840,3042,82.830,2100,82.820,100,82.810,3040,82.860,100,82.890,12740,82.900,100,82.910,1400,82.920,2020-06-12,14:36:58,00,";
var hq_str_sh603259="药明康德,80.400,81.290,82.900,83.740,80.200,82.880,82.900,15777283,1300187167.000,1160,82.880,4200,82.870,14160,82.860,29300,82.850,2405,82.840,10140,82.900,100,82.910,1400,82.920,100,82.940,800,82.950,2020-06-12,14:37:58,00,";
var hq_str_sh603259="药明康德,80.400,81.290,82.950,83.740,80.200,82.950,82.970,15811843,1303053090.000,6180,82.950,2500,82.930,1300,82.920,1800,82.910,4300,82.900,5800,82.970,600,82.980,2000,82.990,21060,83.000,100,83.010,2020-06-12,14:38:58,00,";
var hq_str_sh603259="药明康德,80.400,81.290,82.960,83.740,80.200,82.940,82.960,15846650,1305940664.000,200,82.940,73,82.930,6000,82.910,3200,82.900,800,82.880,620,82.960,500,82.980,2000,82.990,19920,83.000,100,83.010,2020-06-12,14:39:58,00,";
var hq_str_sh603259="药明康德,80.400,81.290,82.910,83.740,80.200,82.910,82.930,15895575,1309998107.000,2100,82.910,1748,82.900,900,82.880,1500,82.870,5700,82.860,3300,82.930,1000,82.940,7520,82.950,400,82.960,800,82.980,2020-06-12,14:40:58,00,";
var hq_str_sh603259="药明康德,80.400,81.290,82.690,83.740,80.200,82.680,82.690,15997310,1318423736.000,900,82.680,300,82.670,500,82.660,300,82.650,400,82.640,400,82.690,4820,82.700,3180,82.710,2400,82.720,2500,82.730,2020-06-12,14:41:58,00,";
var hq_str_sh603259="药明康德,80.400,81.290,82.610,83.740,80.200,82.610,82.630,16049177,1322709890.000,100,82.610,1700,82.590,1933,82.580,500,82.570,700,82.560,200,82.630,300,82.640,100,82.650,2000,82.660,700,82.680,2020-06-12,14:42:58,00,";
var hq_str_sh603259="药明康德,80.400,81.290,82.750,83.740,80.200,82.740,82.750,16077561,1325056439.000,1900,82.740,500,82.730,4200,82.720,100,82.710,7100,82.700,1300,82.750,100,82.770,1000,82.800,1300,82.810,1300,82.820,2020-06-12,14:43:58,00,";
var hq_str_sh603259="药明康德,80.400,81.290,82.630,83.740,80.200,82.610,82.640,16133777,1329704338.000,2900,82.610,9400,82.600,6400,82.590,1633,82.580,500,82.570,1000,82.640,1820,82.660,900,82.670,600,82.680,40,82.690,2020-06-12,14:44:58,00,";
var hq_str_sh603259="药明康德,80.400,81.290,82.690,83.740,80.200,82.680,82.690,16169722,1332675353.000,2400,82.680,2200,82.670,3340,82.660,1500,82.650,200,82.640,1200,82.690,2000,82.700,400,82.710,1100,82.720,400,82.730,2020-06-12,14:45:58,00,";
var hq_str_sh603259="药明康德,80.400,81.290,82.730,83.740,80.200,82.720,82.730,16216322,1336529194.000,200,82.720,2120,82.710,7380,82.700,3700,82.690,2100,82.680,300,82.730,1840,82.740,600,82.750,300,82.770,300,82.790,2020-06-12,14:46:58,00,";
var hq_str_sh603259="药明康德,80.400,81.290,82.730,83.740,80.200,82.720,82.730,16261862,1340296786.000,1760,82.720,2200,82.710,6580,82.700,5800,82.690,2500,82.680,200,82.730,940,82.740,300,82.750,100,82.770,300,82.790,2020-06-12,14:47:58,00,";
var hq_str_sh603259="药明康德,80.400,81.290,82.650,83.740,80.200,82.650,82.660,16314002,1344608174.000,3260,82.650,5400,82.640,2120,82.630,1100,82.620,2600,82.610,29300,82.660,2200,82.670,900,82.680,1200,82.690,600,82.700,2020-06-12,14:48:58,00,";
var hq_str_sh603259="药明康德,80.400,81.290,82.550,83.740,80.200,82.540,82.550,16420655,1353416967.000,1300,82.540,100,82.530,100,82.520,8800,82.500,300,82.490,9440,82.550,100,82.570,3240,82.590,5800,82.600,2020,82.650,2020-06-12,14:49:55,00,";
var hq_str_sh603259="药明康德,80.400,81.290,82.550,83.740,80.200,82.550,82.570,16529091,1362365421.000,21424,82.550,18600,82.490,700,82.480,900,82.470,2200,82.460,100,82.570,100,82.580,1200,82.590,9600,82.600,2000,82.650,2020-06-12,14:50:58,00,";
var hq_str_sh603259="药明康德,80.400,81.290,82.570,83.740,80.200,82.550,82.570,16604411,1368585188.000,7004,82.550,300,82.520,1000,82.510,11300,82.500,22400,82.490,4300,82.570,25280,82.600,300,82.610,1300,82.620,7380,82.650,2020-06-12,14:51:58,00,";
var hq_str_sh603259="药明康德,80.400,81.290,82.490,83.740,80.200,82.490,82.500,16697215,1376243824.000,20200,82.490,2900,82.480,2300,82.470,2700,82.460,6300,82.450,7080,82.500,300,82.510,1300,82.520,5400,82.530,5000,82.550,2020-06-12,14:52:58,00,";
var hq_str_sh603259="药明康德,80.400,81.290,82.480,83.740,80.200,82.480,82.500,16774555,1382624092.000,6220,82.480,2300,82.470,2400,82.460,7500,82.450,2200,82.440,5900,82.500,500,82.520,200,82.530,1000,82.550,980,82.560,2020-06-12,14:53:58,00,";
var hq_str_sh603259="药明康德,80.400,81.290,82.480,83.740,80.200,82.470,82.490,16834775,1387590742.000,800,82.470,500,82.460,7900,82.450,6300,82.440,1500,82.430,2921,82.490,1300,82.500,400,82.520,200,82.530,100,82.550,2020-06-12,14:54:58,00,";
var hq_str_sh603259="药明康德,80.400,81.290,82.500,83.740,80.200,82.510,82.530,16897021,1392726071.000,1900,82.510,4954,82.500,8800,82.490,4600,82.480,5300,82.470,2300,82.530,780,82.560,400,82.570,100,82.580,580,82.590,2020-06-12,14:55:58,00,";
var hq_str_sh603259="药明康德,80.400,81.290,82.800,83.740,80.200,82.800,82.810,17007477,1401846699.000,17000,82.800,500,82.690,2400,82.680,700,82.640,700,82.610,6600,82.810,1300,82.820,100,82.830,1200,82.840,500,82.850,2020-06-12,14:56:58,00,";
var hq_str_sh603259="药明康德,80.400,81.290,82.800,83.740,80.200,83.750,83.750,17007877,1401879819.000,399500,83.750,0,0.000,0,0.000,0,0.000,0,0.000,399500,83.750,1414,0.000,0,0.000,0,0.000,0,0.000,2020-06-12,14:57:58,00,";
var hq_str_sh603259="药明康德,80.400,81.290,82.800,83.740,80.200,83.400,83.400,17007877,1401879819.000,410400,83.400,0,0.000,0,0.000,0,0.000,0,0.000,410400,83.400,2094,0.000,0,0.000,0,0.000,0,0.000,2020-06-12,14:58:58,00,";
