var hq_str_sh603259="药明康德,93.800,93.000,93.800,93.800,93.800,93.790,93.800,93200,8742160.000,300,93.790,600,93.780,200,93.630,2100,93.500,2000,93.410,910,93.800,300,93.840,100,93.850,800,93.870,4900,93.880,2020-01-14,09:29:51,00,";
var hq_str_sh603259="药明康德,93.800,93.000,93.120,93.950,93.100,93.110,93.120,236200,22133096.000,300,93.110,4700,93.100,300,93.050,700,93.030,2100,93.010,200,93.120,300,93.130,300,93.140,1600,93.190,600,93.250,2020-01-14,09:30:58,00,";
var hq_str_sh603259="药明康德,93.800,93.000,93.620,93.950,93.030,93.620,93.630,361700,33853271.000,2200,93.620,3200,93.500,400,93.490,7600,93.470,19800,93.460,1100,93.630,400,93.640,300,93.680,100,93.690,300,93.770,2020-01-14,09:31:55,00,";
var hq_str_sh603259="药明康德,93.800,93.000,93.540,93.950,93.030,93.540,93.550,464300,43458454.000,200,93.540,200,93.530,200,93.520,200,93.510,700,93.500,200,93.550,500,93.570,1700,93.590,1200,93.600,6400,93.620,2020-01-14,09:32:58,00,";
var hq_str_sh603259="药明康德,93.800,93.000,93.500,93.950,93.030,93.500,93.550,530100,49611098.000,800,93.500,300,93.490,3000,93.480,700,93.470,3700,93.460,2500,93.550,2100,93.560,1700,93.570,100,93.590,1100,93.600,2020-01-14,09:33:58,00,";
var hq_str_sh603259="药明康德,93.800,93.000,93.490,93.950,93.030,93.490,93.520,645400,60390167.000,500,93.490,1900,93.480,69100,93.470,1600,93.460,18400,93.450,2500,93.520,2200,93.530,1900,93.540,7100,93.550,2000,93.560,2020-01-14,09:34:58,00,";
var hq_str_sh603259="药明康德,93.800,93.000,93.800,93.950,93.030,93.800,93.820,713540,66765428.000,500,93.800,100,93.710,21371,93.700,700,93.690,3100,93.680,400,93.820,300,93.840,500,93.850,200,93.870,600,93.880,2020-01-14,09:35:58,00,";
var hq_str_sh603259="药明康德,93.800,93.000,93.620,93.950,93.030,93.620,93.640,872611,81673231.000,18400,93.620,600,93.610,600,93.600,900,93.560,200,93.550,1700,93.640,200,93.660,700,93.680,800,93.690,6800,93.700,2020-01-14,09:36:59,00,";
var hq_str_sh603259="药明康德,93.800,93.000,93.670,93.950,93.030,93.670,93.680,952211,89127971.000,500,93.670,4300,93.660,11200,93.650,700,93.640,4500,93.630,400,93.680,1000,93.690,1400,93.700,300,93.720,900,93.780,2020-01-14,09:37:58,00,";
var hq_str_sh603259="药明康德,93.800,93.000,93.580,93.950,93.030,93.560,93.580,1090211,102050934.000,800,93.560,200,93.550,200,93.540,1600,93.510,3300,93.500,1900,93.580,4000,93.600,100,93.630,100,93.660,300,93.680,2020-01-14,09:38:55,00,";
var hq_str_sh603259="药明康德,93.800,93.000,92.990,93.950,92.660,92.890,92.970,1273091,119121306.000,300,92.890,100,92.760,2100,92.670,7449,92.660,10000,92.630,800,92.970,1200,92.990,200,93.000,1300,93.010,1300,93.020,2020-01-14,09:39:59,00,";
var hq_str_sh603259="药明康德,93.800,93.000,92.860,93.950,92.660,92.810,92.840,1341791,125496794.000,1000,92.810,100,92.800,5400,92.760,10100,92.750,19900,92.740,100,92.840,1000,92.860,400,92.870,500,92.880,1000,92.900,2020-01-14,09:40:59,00,";
var hq_str_sh603259="药明康德,93.800,93.000,93.100,93.950,92.660,93.100,93.250,1398791,130793792.000,2600,93.100,100,93.050,900,93.010,3900,93.000,300,92.960,1000,93.250,100,93.260,200,93.270,2600,93.290,1000,93.330,2020-01-14,09:41:59,00,";
var hq_str_sh603259="药明康德,93.800,93.000,92.730,93.950,92.650,92.740,92.750,1590591,148585520.000,200,92.740,800,92.730,3200,92.720,3000,92.700,100,92.670,1300,92.750,2000,92.780,100,92.810,200,92.960,1900,93.000,2020-01-14,09:42:58,00,";
var hq_str_sh603259="药明康德,93.800,93.000,92.810,93.950,92.650,92.810,92.880,1642291,153381589.000,3500,92.810,6200,92.780,1700,92.770,3400,92.760,800,92.750,200,92.880,400,92.960,1000,92.980,7900,93.000,500,93.010,2020-01-14,09:43:59,00,";
var hq_str_sh603259="药明康德,93.800,93.000,92.750,93.950,92.650,92.750,92.760,1720991,160684151.000,9700,92.750,5800,92.740,1000,92.730,900,92.720,800,92.710,1300,92.760,100,92.770,300,92.790,100,92.800,100,92.810,2020-01-14,09:44:58,00,";
var hq_str_sh603259="药明康德,93.800,93.000,92.920,93.950,92.650,92.950,93.010,1768291,165076119.000,100,92.950,200,92.930,2100,92.850,4900,92.840,3000,92.830,400,93.010,1100,93.050,200,93.100,200,93.130,500,93.180,2020-01-14,09:45:59,00,";
var hq_str_sh603259="药明康德,93.800,93.000,92.900,93.950,92.650,92.870,92.900,1821091,169980426.000,400,92.870,26800,92.860,300,92.850,200,92.840,1100,92.830,6200,92.900,200,92.910,300,92.920,3300,92.940,3000,92.950,2020-01-14,09:46:59,00,";
var hq_str_sh603259="药明康德,93.800,93.000,92.900,93.950,92.650,92.840,92.900,1878991,175357059.000,2000,92.840,1000,92.830,1500,92.810,6200,92.800,2900,92.780,2500,92.900,200,92.910,100,92.920,3300,92.940,2200,92.950,2020-01-14,09:47:58,00,";
var hq_str_sh603259="药明康德,93.800,93.000,92.980,93.950,92.650,92.970,92.980,1913491,178562444.000,500,92.970,400,92.960,3800,92.950,1000,92.940,3500,92.910,100,92.980,600,92.990,2300,93.000,1200,93.010,1100,93.050,2020-01-14,09:48:59,00,";
var hq_str_sh603259="药明康德,93.800,93.000,93.340,93.950,92.650,93.170,93.340,1955291,182456207.000,100,93.170,11000,93.140,1000,93.130,16200,93.120,1400,93.100,3700,93.340,100,93.350,200,93.380,100,93.390,1000,93.400,2020-01-14,09:49:59,00,";
var hq_str_sh603259="药明康德,93.800,93.000,92.950,93.950,92.650,92.950,92.970,2099791,195909038.000,1100,92.950,1100,92.940,100,92.890,100,92.880,1700,92.850,500,92.970,1000,92.980,900,92.990,100,93.000,100,93.010,2020-01-14,09:50:58,00,";
var hq_str_sh603259="药明康德,93.800,93.000,92.930,93.950,92.650,92.930,93.100,2146891,200284339.000,100,92.930,200,92.900,6000,92.870,7000,92.860,2600,92.850,600,93.100,10200,93.130,13400,93.170,400,93.180,1300,93.200,2020-01-14,09:51:59,00,";
var hq_str_sh603259="药明康德,93.800,93.000,93.100,93.950,92.650,93.100,93.110,2186191,203942338.000,1000,93.100,4400,93.090,100,93.080,100,93.060,3500,93.050,800,93.110,1700,93.120,10100,93.130,13400,93.170,300,93.180,2020-01-14,09:52:59,00,";
var hq_str_sh603259="药明康德,93.800,93.000,93.200,93.950,92.650,93.180,93.200,2278791,212568178.000,3200,93.180,2100,93.150,2600,93.120,100,93.110,500,93.100,400,93.200,1200,93.210,500,93.220,100,93.230,500,93.250,2020-01-14,09:53:59,00,";
var hq_str_sh603259="药明康德,93.800,93.000,93.130,93.950,92.650,93.120,93.130,2308591,215344650.000,3900,93.120,100,93.110,700,93.100,2100,93.090,200,93.080,1400,93.130,500,93.140,1000,93.150,200,93.160,1600,93.180,2020-01-14,09:54:59,00,";
var hq_str_sh603259="药明康德,93.800,93.000,93.490,93.950,92.650,93.390,93.490,2353891,219569729.000,300,93.390,3900,93.380,100,93.320,5500,93.310,6800,93.300,1900,93.490,13400,93.500,1500,93.530,900,93.550,100,93.560,2020-01-14,09:55:58,00,";
var hq_str_sh603259="药明康德,93.800,93.000,93.300,93.950,92.650,93.200,93.290,2454291,228949124.000,2700,93.200,1300,93.160,700,93.150,200,93.140,800,93.130,1600,93.290,800,93.300,500,93.310,200,93.320,700,93.330,2020-01-14,09:56:58,00,";
var hq_str_sh603259="药明康德,93.800,93.000,93.210,93.950,92.650,93.200,93.210,2484891,231801288.000,1800,93.200,2200,93.190,2600,93.170,3300,93.160,700,93.150,900,93.210,1700,93.230,3500,93.290,200,93.300,200,93.320,2020-01-14,09:57:59,00,";
var hq_str_sh603259="药明康德,93.800,93.000,93.110,93.950,92.650,93.120,93.140,2521591,235219932.000,2000,93.120,10500,93.110,5100,93.090,6800,93.070,8600,93.060,1100,93.140,200,93.160,100,93.180,1800,93.200,800,93.230,2020-01-14,09:58:59,00,";
var hq_str_sh603259="药明康德,93.800,93.000,93.220,93.950,92.650,93.220,93.230,2543891,237297681.000,600,93.220,4900,93.190,3000,93.180,3100,93.170,600,93.160,1100,93.230,3500,93.290,1100,93.300,100,93.310,200,93.320,2020-01-14,10:00:01,00,";
var hq_str_sh603259="药明康德,93.800,93.000,93.260,93.950,92.650,93.260,93.310,2651428,247329828.000,6900,93.260,763,93.250,300,93.210,3300,93.200,4700,93.190,2200,93.310,1300,93.370,2400,93.380,11500,93.390,100,93.400,2020-01-14,10:00:59,00,";
var hq_str_sh603259="药明康德,93.800,93.000,93.210,93.950,92.650,93.210,93.220,2715391,253293648.000,6000,93.210,2600,93.200,2500,93.190,2300,93.180,1300,93.170,600,93.220,400,93.230,2300,93.240,1500,93.250,2700,93.260,2020-01-14,10:01:58,00,";
var hq_str_sh603259="药明康德,93.800,93.000,93.180,93.950,92.650,93.180,93.190,2783991,259691180.000,1900,93.180,1100,93.170,900,93.160,2000,93.150,8200,93.140,4800,93.190,3900,93.220,100,93.230,400,93.240,1900,93.250,2020-01-14,10:02:59,00,";
var hq_str_sh603259="药明康德,93.800,93.000,93.110,93.950,92.650,93.100,93.110,2866291,267357304.000,600,93.100,5000,93.090,400,93.080,5100,93.070,2200,93.060,1700,93.110,1000,93.120,3300,93.130,5100,93.160,500,93.170,2020-01-14,10:03:59,00,";
var hq_str_sh603259="药明康德,93.800,93.000,93.020,93.950,92.650,93.010,93.030,2916491,272028788.000,4400,93.010,3100,93.000,300,92.970,1000,92.960,100,92.940,300,93.030,800,93.040,3400,93.050,2500,93.060,100,93.080,2020-01-14,10:04:59,00,";
var hq_str_sh603259="药明康德,93.800,93.000,92.920,93.950,92.650,92.910,92.920,2964891,276528409.000,600,92.910,100,92.900,300,92.890,4200,92.880,1400,92.870,2100,92.920,8300,92.950,2100,92.960,6700,92.970,5100,92.980,2020-01-14,10:05:59,00,";
var hq_str_sh603259="药明康德,93.800,93.000,92.980,93.950,92.650,92.960,92.980,3034676,283012587.000,200,92.960,600,92.940,1200,92.930,600,92.920,3600,92.910,2900,92.980,1400,93.000,800,93.010,200,93.020,200,93.040,2020-01-14,10:06:59,00,";
var hq_str_sh603259="药明康德,93.800,93.000,92.940,93.950,92.650,92.940,92.950,3072676,286544486.000,5700,92.940,1100,92.930,4100,92.920,3600,92.910,12200,92.900,1500,92.950,400,92.970,2700,92.980,1500,93.000,800,93.010,2020-01-14,10:07:59,00,";
var hq_str_sh603259="药明康德,93.800,93.000,93.000,93.950,92.650,93.000,93.010,3130276,291898580.000,2300,93.000,3800,92.930,6000,92.920,3600,92.910,12200,92.900,800,93.010,300,93.020,200,93.040,1800,93.050,100,93.060,2020-01-14,10:08:59,00,";
var hq_str_sh603259="药明康德,93.800,93.000,93.000,93.950,92.650,92.990,93.000,3171476,295729082.000,100,92.990,5600,92.950,300,92.940,1100,92.930,6600,92.920,1300,93.000,100,93.010,500,93.020,600,93.040,7800,93.050,2020-01-14,10:09:59,00,";
var hq_str_sh603259="药明康德,93.800,93.000,93.050,93.950,92.650,92.980,93.050,3200876,298463599.000,100,92.980,5300,92.970,3900,92.950,300,92.940,900,92.930,1320,93.050,300,93.060,100,93.080,4600,93.100,1,93.140,2020-01-14,10:10:59,00,";
var hq_str_sh603259="药明康德,93.800,93.000,93.000,93.950,92.650,93.000,93.040,3231776,301337216.000,11000,93.000,900,92.990,2100,92.980,3800,92.970,4000,92.950,200,93.040,1300,93.050,400,93.060,100,93.080,100,93.090,2020-01-14,10:11:59,00,";
var hq_str_sh603259="药明康德,93.800,93.000,93.120,93.950,92.650,93.100,93.120,3272276,305105793.000,500,93.100,100,93.080,8200,93.070,10100,93.060,1600,93.030,1800,93.120,401,93.140,300,93.150,6200,93.160,200,93.180,2020-01-14,10:12:59,00,";
var hq_str_sh603259="药明康德,93.800,93.000,93.310,93.950,92.650,93.320,93.350,3350897,312431251.000,200,93.320,600,93.310,37600,93.300,200,93.240,5100,93.210,200,93.350,2500,93.380,400,93.390,300,93.400,700,93.450,2020-01-14,10:13:59,00,";
var hq_str_sh603259="药明康德,93.800,93.000,93.470,93.950,92.650,93.460,93.470,3398397,316867575.000,2700,93.460,5100,93.450,1300,93.420,100,93.410,4900,93.400,100,93.470,1900,93.480,1100,93.490,6400,93.500,400,93.510,2020-01-14,10:14:59,00,";
var hq_str_sh603259="药明康德,93.800,93.000,93.640,93.950,92.650,93.610,93.640,3474657,324003985.000,11100,93.610,11640,93.600,3900,93.580,5300,93.570,600,93.560,100,93.640,400,93.660,3700,93.680,1500,93.700,100,93.710,2020-01-14,10:15:59,00,";
var hq_str_sh603259="药明康德,93.800,93.000,93.660,93.950,92.650,93.650,93.680,3534357,329599479.000,5000,93.650,2600,93.640,300,93.620,6100,93.610,11540,93.600,1700,93.680,300,93.690,300,93.700,600,93.730,100,93.740,2020-01-14,10:16:59,00,";
var hq_str_sh603259="药明康德,93.800,93.000,93.630,93.950,92.650,93.630,93.640,3592552,335049408.000,1905,93.630,1600,93.620,6200,93.610,17940,93.600,3900,93.580,1200,93.640,4500,93.650,200,93.660,200,93.670,3700,93.680,2020-01-14,10:17:59,00,";
var hq_str_sh603259="药明康德,93.800,93.000,93.590,93.950,92.650,93.550,93.590,3661397,341491263.000,2100,93.550,100,93.500,700,93.490,8640,93.480,100,93.470,1700,93.590,100,93.600,1895,93.630,400,93.640,3400,93.650,2020-01-14,10:18:59,00,";
var hq_str_sh603259="药明康德,93.800,93.000,93.740,93.950,92.650,93.700,93.740,3704292,345508622.000,100,93.700,5100,93.680,2000,93.670,8300,93.650,12300,93.640,1200,93.740,8300,93.750,3300,93.780,1400,93.790,31700,93.800,2020-01-14,10:19:59,00,";
var hq_str_sh603259="药明康德,93.800,93.000,93.500,93.950,92.650,93.500,93.520,3802897,354745387.000,4100,93.500,100,93.490,1400,93.460,2500,93.450,100,93.440,600,93.520,1800,93.550,600,93.560,1795,93.600,2400,93.610,2020-01-14,10:20:58,00,";
var hq_str_sh603259="药明康德,93.800,93.000,93.650,93.950,92.650,93.550,93.650,3885518,362470581.000,400,93.550,6900,93.500,11079,93.490,500,93.420,400,93.410,400,93.650,400,93.660,300,93.670,500,93.680,7000,93.700,2020-01-14,10:21:59,00,";
var hq_str_sh603259="药明康德,93.800,93.000,93.770,93.950,92.650,93.770,93.790,3927218,366379157.000,200,93.770,4100,93.760,4300,93.750,4800,93.740,500,93.730,2300,93.790,29600,93.800,500,93.810,200,93.820,300,93.830,2020-01-14,10:22:59,00,";
var hq_str_sh603259="药明康德,93.800,93.000,93.770,93.950,92.650,93.760,93.770,3976358,370987566.000,2000,93.760,800,93.750,800,93.740,100,93.730,1000,93.700,400,93.770,4500,93.780,4800,93.790,37000,93.800,500,93.810,2020-01-14,10:23:59,00,";
var hq_str_sh603259="药明康德,93.800,93.000,93.670,93.950,92.650,93.670,93.680,4009458,374090082.000,5600,93.670,9200,93.650,9300,93.550,11400,93.500,600,93.420,1100,93.680,400,93.690,1500,93.700,900,93.720,1200,93.740,2020-01-14,10:24:59,00,";
var hq_str_sh603259="药明康德,93.800,93.000,93.510,93.950,92.650,93.520,93.530,4061958,379003242.000,1300,93.520,2400,93.510,3300,93.500,100,93.450,600,93.420,2800,93.530,600,93.550,100,93.640,1000,93.650,3000,93.660,2020-01-14,10:25:59,00,";
var hq_str_sh603259="药明康德,93.800,93.000,93.410,93.950,92.650,93.410,93.490,4102865,382825627.000,100,93.410,10393,93.330,2000,93.310,13800,93.300,6900,93.280,200,93.490,200,93.530,900,93.550,300,93.580,5100,93.640,2020-01-14,10:26:59,00,";
var hq_str_sh603259="药明康德,93.800,93.000,93.540,93.950,92.650,93.530,93.540,4119565,384386711.000,200,93.530,1900,93.510,2800,93.500,2000,93.490,400,93.470,300,93.540,900,93.550,500,93.580,400,93.590,100,93.610,2020-01-14,10:27:59,00,";
var hq_str_sh603259="药明康德,93.800,93.000,93.620,93.950,92.650,93.620,93.630,4133065,385650234.000,200,93.620,300,93.610,1800,93.600,1300,93.590,1900,93.580,2100,93.630,5000,93.640,3000,93.660,600,93.670,1000,93.700,2020-01-14,10:28:59,00,";
var hq_str_sh603259="药明康德,93.800,93.000,93.620,93.950,92.650,93.630,93.640,4150465,387279219.000,100,93.630,4700,93.620,100,93.560,300,93.510,2900,93.500,1160,93.640,4000,93.660,600,93.670,1500,93.700,1200,93.740,2020-01-14,10:29:59,00,";
var hq_str_sh603259="药明康德,93.800,93.000,93.490,93.950,92.650,93.450,93.490,4172365,389328359.000,100,93.450,300,93.430,200,93.410,200,93.380,3100,93.370,1400,93.490,23100,93.500,300,93.520,400,93.550,5500,93.580,2020-01-14,10:30:59,00,";
var hq_str_sh603259="药明康德,93.800,93.000,93.490,93.950,92.650,93.430,93.500,4191365,391104014.000,4700,93.430,200,93.420,200,93.410,1200,93.400,200,93.380,20900,93.500,100,93.590,2100,93.600,100,93.620,900,93.630,2020-01-14,10:31:59,00,";
var hq_str_sh603259="药明康德,93.800,93.000,93.470,93.950,92.650,93.440,93.470,4206265,392496348.000,400,93.440,1000,93.420,300,93.410,1600,93.400,200,93.380,1200,93.470,20620,93.500,100,93.580,500,93.590,1300,93.600,2020-01-14,10:32:58,00,";
var hq_str_sh603259="药明康德,93.800,93.000,93.420,93.950,92.650,93.390,93.420,4222765,394037569.000,200,93.390,100,93.370,500,93.360,200,93.350,400,93.340,500,93.420,1600,93.460,2000,93.470,200,93.480,20420,93.500,2020-01-14,10:33:59,00,";
var hq_str_sh603259="药明康德,93.800,93.000,93.470,93.950,92.650,93.450,93.460,4236801,395348991.000,500,93.450,900,93.430,15000,93.420,1100,93.410,4200,93.400,300,93.460,1600,93.470,200,93.480,20320,93.500,100,93.580,2020-01-14,10:34:59,00,";
var hq_str_sh603259="药明康德,93.800,93.000,93.490,93.950,92.650,93.470,93.490,4257901,397321589.000,200,93.470,2800,93.460,6100,93.450,1200,93.430,15000,93.420,1000,93.490,8820,93.500,100,93.580,500,93.590,1300,93.600,2020-01-14,10:35:58,00,";
var hq_str_sh603259="药明康德,93.800,93.000,93.390,93.950,92.650,93.390,93.400,4323401,403440894.000,3064,93.390,100,93.370,500,93.360,100,93.340,10493,93.330,100,93.400,1500,93.410,400,93.420,300,93.440,1000,93.450,2020-01-14,10:36:59,00,";
var hq_str_sh603259="药明康德,93.800,93.000,93.430,93.950,92.650,93.400,93.430,4339801,404972798.000,8300,93.400,5100,93.390,10357,93.330,4100,93.320,2500,93.310,2200,93.430,100,93.440,9900,93.450,2260,93.460,200,93.480,2020-01-14,10:37:59,00,";
var hq_str_sh603259="药明康德,93.800,93.000,93.490,93.950,92.650,93.490,93.500,4387361,409416393.000,700,93.490,100,93.480,300,93.440,10100,93.420,7700,93.410,10020,93.500,100,93.580,500,93.590,1300,93.600,500,93.620,2020-01-14,10:38:59,00,";
var hq_str_sh603259="药明康德,93.800,93.000,93.460,93.950,92.650,93.450,93.460,4399261,410528437.000,1800,93.450,1100,93.440,3300,93.430,7800,93.420,7700,93.410,600,93.460,100,93.470,100,93.480,1800,93.490,11920,93.500,2020-01-14,10:39:58,00,";
var hq_str_sh603259="药明康德,93.800,93.000,93.420,93.950,92.650,93.420,93.450,4460721,416272973.000,5640,93.420,7700,93.410,19000,93.400,5400,93.390,2800,93.350,900,93.450,1100,93.480,2000,93.490,5200,93.500,300,93.510,2020-01-14,10:40:59,00,";
var hq_str_sh603259="药明康德,93.800,93.000,93.440,93.950,92.650,93.430,93.440,4480221,418094790.000,8400,93.430,4640,93.420,9000,93.410,19000,93.400,5400,93.390,3500,93.440,800,93.450,1000,93.470,100,93.480,400,93.490,2020-01-14,10:41:59,00,";
var hq_str_sh603259="药明康德,93.800,93.000,93.470,93.950,92.650,93.470,93.490,4500821,420019793.000,700,93.470,5600,93.440,4800,93.430,3940,93.420,8200,93.410,500,93.490,2900,93.500,300,93.510,200,93.520,240,93.580,2020-01-14,10:42:59,00,";
var hq_str_sh603259="药明康德,93.800,93.000,93.640,93.950,92.650,93.630,93.640,4519561,421772973.000,1500,93.630,100,93.590,360,93.580,1600,93.540,8000,93.520,300,93.640,1700,93.650,3000,93.660,800,93.670,700,93.680,2020-01-14,10:43:59,00,";
var hq_str_sh603259="药明康德,93.800,93.000,93.600,93.950,92.650,93.590,93.610,4534121,423135936.000,900,93.590,1300,93.540,8000,93.520,1800,93.510,3700,93.500,140,93.610,1700,93.620,10200,93.630,500,93.640,1600,93.650,2020-01-14,10:44:58,00,";
var hq_str_sh603259="药明康德,93.800,93.000,93.570,93.950,92.650,93.550,93.560,4544121,424071634.000,600,93.550,700,93.540,8000,93.520,1800,93.510,3700,93.500,800,93.560,1100,93.570,500,93.580,400,93.590,2600,93.600,2020-01-14,10:45:58,00,";
var hq_str_sh603259="药明康德,93.800,93.000,93.530,93.950,92.650,93.530,93.540,4556421,425222185.000,9900,93.530,7700,93.520,2400,93.510,3700,93.500,700,93.450,100,93.540,600,93.560,1600,93.570,500,93.580,1300,93.590,2020-01-14,10:46:58,00,";
var hq_str_sh603259="药明康德,93.800,93.000,93.620,93.950,92.650,93.560,93.620,4582761,427687338.000,300,93.560,1100,93.540,9900,93.530,7400,93.520,1800,93.510,4200,93.620,6540,93.630,100,93.640,1900,93.650,3100,93.660,2020-01-14,10:47:58,00,";
var hq_str_sh603259="药明康德,93.800,93.000,93.560,93.950,92.650,93.550,93.560,4593561,428697891.000,300,93.550,700,93.540,10100,93.530,7400,93.520,1800,93.510,300,93.560,1100,93.600,2900,93.610,4400,93.620,5940,93.630,2020-01-14,10:48:58,00,";
var hq_str_sh603259="药明康德,93.800,93.000,93.590,93.950,92.650,93.570,93.590,4602661,429549379.000,300,93.570,5600,93.550,700,93.540,9700,93.530,7400,93.520,100,93.590,3300,93.600,2700,93.610,1400,93.620,5940,93.630,2020-01-14,10:50:00,00,";
var hq_str_sh603259="药明康德,93.800,93.000,93.570,93.950,92.650,93.560,93.570,4621561,431318121.000,300,93.560,4500,93.550,5400,93.540,9700,93.530,7400,93.520,1000,93.570,1000,93.590,1800,93.620,5940,93.630,500,93.640,2020-01-14,10:51:00,00,";
var hq_str_sh603259="药明康德,93.800,93.000,93.620,93.950,92.650,93.580,93.620,4631561,432253789.000,400,93.580,500,93.570,200,93.560,1800,93.550,5400,93.540,700,93.620,5940,93.630,500,93.640,2800,93.650,3100,93.660,2020-01-14,10:52:00,00,";
var hq_str_sh603259="药明康德,93.800,93.000,93.630,93.950,92.650,93.610,93.630,4641361,433171211.000,200,93.610,200,93.580,200,93.570,1400,93.550,5400,93.540,5940,93.630,500,93.640,2900,93.650,3100,93.660,1800,93.670,2020-01-14,10:53:00,00,";
var hq_str_sh603259="药明康德,93.800,93.000,93.580,93.950,92.650,93.580,93.590,4650361,434013744.000,100,93.580,500,93.570,1400,93.550,5400,93.540,9700,93.530,200,93.590,100,93.600,500,93.610,100,93.620,5840,93.630,2020-01-14,10:54:00,00,";
var hq_str_sh603259="药明康德,93.800,93.000,93.580,93.950,92.650,93.580,93.590,4672761,436110551.000,100,93.580,400,93.570,1400,93.550,5400,93.540,9700,93.530,200,93.590,300,93.600,200,93.620,1640,93.630,500,93.640,2020-01-14,10:55:00,00,";
var hq_str_sh603259="药明康德,93.800,93.000,93.650,93.950,92.650,93.650,93.660,4686401,437387653.000,100,93.650,3960,93.640,1100,93.630,100,93.600,1100,93.580,3200,93.660,800,93.670,1000,93.680,1600,93.690,3500,93.700,2020-01-14,10:55:58,00,";
var hq_str_sh603259="药明康德,93.800,93.000,93.690,93.950,92.650,93.680,93.690,4703201,438961194.000,400,93.680,1700,93.660,300,93.650,100,93.640,900,93.630,800,93.690,3200,93.700,500,93.710,100,93.730,700,93.740,2020-01-14,10:56:58,00,";
var hq_str_sh603259="药明康德,93.800,93.000,93.680,93.950,92.650,93.670,93.680,4715101,440075993.000,9700,93.670,1400,93.660,4200,93.650,100,93.640,900,93.630,100,93.680,600,93.690,3700,93.700,500,93.710,200,93.720,2020-01-14,10:58:00,00,";
var hq_str_sh603259="药明康德,93.800,93.000,93.640,93.950,92.650,93.590,93.640,4772901,445488653.000,100,93.590,100,93.580,900,93.570,300,93.560,1600,93.550,700,93.640,1300,93.650,1400,93.660,3700,93.670,700,93.680,2020-01-14,10:58:58,00,";
var hq_str_sh603259="药明康德,93.800,93.000,93.560,93.950,92.650,93.550,93.580,4796701,447715756.000,500,93.550,1800,93.540,9700,93.530,1500,93.520,100,93.510,500,93.580,100,93.610,100,93.640,600,93.650,4000,93.670,2020-01-14,11:00:00,00,";
var hq_str_sh603259="药明康德,93.800,93.000,93.550,93.950,92.650,93.530,93.550,4814901,449418290.000,2900,93.530,1500,93.520,100,93.510,4800,93.500,600,93.480,200,93.550,1600,93.570,100,93.610,200,93.640,700,93.650,2020-01-14,11:01:00,00,";
var hq_str_sh603259="药明康德,93.800,93.000,93.360,93.950,92.650,93.350,93.360,4852741,452954719.000,300,93.350,300,93.340,10257,93.330,4300,93.320,2500,93.310,800,93.360,1200,93.370,1800,93.380,700,93.390,300,93.410,2020-01-14,11:02:01,00,";
var hq_str_sh603259="药明康德,93.800,93.000,93.300,93.950,92.650,93.300,93.310,4888241,456267677.000,5757,93.300,400,93.290,7300,93.280,2300,93.250,500,93.220,2100,93.310,700,93.320,200,93.330,400,93.340,2200,93.350,2020-01-14,11:02:58,00,";
var hq_str_sh603259="药明康德,93.800,93.000,93.350,93.950,92.650,93.330,93.350,4899841,457350080.000,1300,93.330,3300,93.320,3700,93.310,10857,93.300,2000,93.290,1100,93.350,200,93.360,600,93.390,100,93.410,100,93.420,2020-01-14,11:04:00,00,";
var hq_str_sh603259="药明康德,93.800,93.000,93.440,93.950,92.650,93.490,93.500,4917141,458966176.000,1100,93.490,200,93.390,1100,93.380,700,93.360,800,93.350,3000,93.500,2,93.510,3000,93.520,100,93.530,100,93.540,2020-01-14,11:04:58,00,";
var hq_str_sh603259="药明康德,93.800,93.000,93.380,93.950,92.650,93.380,93.390,4934941,460629178.000,600,93.380,100,93.360,400,93.350,700,93.340,1000,93.330,1300,93.390,800,93.400,6900,93.410,500,93.420,400,93.430,2020-01-14,11:06:00,00,";
var hq_str_sh603259="药明康德,93.800,93.000,93.300,93.950,92.650,93.300,93.320,4954941,462495818.000,10057,93.300,2400,93.290,7500,93.280,2300,93.250,500,93.220,300,93.320,2300,93.340,200,93.350,100,93.360,100,93.370,2020-01-14,11:06:58,00,";
var hq_str_sh603259="药明康德,93.800,93.000,93.220,93.950,92.650,93.220,93.230,4990698,465831068.000,600,93.220,4600,93.210,3000,93.200,2200,93.180,600,93.150,800,93.230,400,93.250,200,93.270,200,93.280,900,93.300,2020-01-14,11:07:55,00,";
var hq_str_sh603259="药明康德,93.800,93.000,93.260,93.950,92.650,93.250,93.300,5011398,467760663.000,800,93.250,800,93.240,300,93.230,5400,93.220,1000,93.210,300,93.300,700,93.340,200,93.350,100,93.360,500,93.380,2020-01-14,11:08:58,00,";
var hq_str_sh603259="药明康德,93.800,93.000,93.300,93.950,92.650,93.300,93.320,5031798,469664197.000,3100,93.300,700,93.230,5400,93.220,1000,93.210,2500,93.200,2600,93.320,2700,93.330,200,93.340,1000,93.370,500,93.380,2020-01-14,11:10:00,00,";
var hq_str_sh603259="药明康德,93.800,93.000,93.130,93.950,92.650,93.130,93.140,5056898,472003589.000,3300,93.130,7300,93.120,2300,93.100,1500,93.060,800,93.050,300,93.140,3100,93.150,2200,93.160,700,93.170,800,93.180,2020-01-14,11:10:58,00,";
var hq_str_sh603259="药明康德,93.800,93.000,93.170,93.950,92.650,93.170,93.180,5084438,474568478.000,2700,93.170,3800,93.160,700,93.130,5860,93.120,5300,93.110,200,93.180,900,93.190,1300,93.200,100,93.210,4500,93.220,2020-01-14,11:12:00,00,";
var hq_str_sh603259="药明康德,93.800,93.000,93.230,93.950,92.650,93.230,93.240,5104038,476395315.000,4300,93.230,1200,93.210,500,93.200,300,93.190,100,93.180,500,93.240,100,93.280,600,93.290,2300,93.300,2500,93.320,2020-01-14,11:13:00,00,";
var hq_str_sh603259="药明康德,93.800,93.000,93.140,93.950,92.650,93.130,93.150,5124638,478314888.000,2700,93.130,5960,93.120,5000,93.110,1700,93.100,1500,93.060,1000,93.150,100,93.160,1800,93.170,100,93.220,200,93.230,2020-01-14,11:14:00,00,";
var hq_str_sh603259="药明康德,93.800,93.000,93.150,93.950,92.650,93.150,93.160,5143538,480075137.000,4000,93.150,3400,93.140,4600,93.130,4660,93.120,5000,93.110,500,93.160,200,93.170,200,93.230,500,93.240,2100,93.280,2020-01-14,11:15:00,00,";
var hq_str_sh603259="药明康德,93.800,93.000,93.170,93.950,92.650,93.170,93.230,5151938,480857611.000,100,93.170,1600,93.160,900,93.150,3300,93.140,4600,93.130,200,93.230,500,93.240,100,93.260,600,93.270,2100,93.280,2020-01-14,11:15:58,00,";
var hq_str_sh603259="药明康德,93.800,93.000,93.170,93.950,92.650,93.170,93.180,5162938,481882448.000,200,93.170,600,93.160,1200,93.150,6800,93.140,3500,93.130,100,93.180,200,93.200,200,93.220,300,93.230,700,93.240,2020-01-14,11:16:58,00,";
var hq_str_sh603259="药明康德,93.800,93.000,93.100,93.950,92.650,93.060,93.100,5189498,484356052.000,1500,93.060,800,93.050,800,93.030,3100,93.020,8000,93.010,900,93.100,260,93.120,100,93.150,300,93.180,100,93.190,2020-01-14,11:17:58,00,";
var hq_str_sh603259="药明康德,93.800,93.000,93.040,93.950,92.650,93.030,93.060,5203698,485677485.000,2100,93.030,3200,93.020,8000,93.010,23300,93.000,6200,92.990,1800,93.060,600,93.070,1500,93.080,200,93.090,400,93.100,2020-01-14,11:18:58,00,";
var hq_str_sh603259="药明康德,93.800,93.000,93.020,93.950,92.650,93.020,93.030,5228898,488021677.000,2900,93.020,400,93.010,73400,93.000,6200,92.990,300,92.980,1700,93.030,1100,93.060,400,93.070,1500,93.080,200,93.090,2020-01-14,11:20:00,00,";
var hq_str_sh603259="药明康德,93.800,93.000,93.060,93.950,92.650,93.060,93.070,5238598,488924215.000,2000,93.060,1600,93.050,2200,93.040,11900,93.030,2800,93.020,500,93.070,1500,93.080,200,93.090,260,93.120,100,93.150,2020-01-14,11:20:58,00,";
var hq_str_sh603259="药明康德,93.800,93.000,93.040,93.950,92.650,93.020,93.040,5261098,491017563.000,1000,93.020,2500,93.010,73300,93.000,7200,92.990,300,92.980,1400,93.040,11700,93.060,400,93.070,1500,93.080,200,93.090,2020-01-14,11:21:58,00,";
var hq_str_sh603259="药明康德,93.800,93.000,92.890,93.950,92.650,92.880,92.890,5377198,501812029.000,282,92.880,1400,92.870,5100,92.860,2800,92.850,1000,92.830,1500,92.890,1800,92.910,2800,92.930,400,92.940,100,92.970,2020-01-14,11:22:58,00,";
var hq_str_sh603259="药明康德,93.800,93.000,92.920,93.950,92.650,92.910,92.920,5401380,504058140.000,1400,92.910,600,92.890,2500,92.880,300,92.870,400,92.860,400,92.920,200,92.930,300,92.940,100,92.970,1400,92.990,2020-01-14,11:24:00,00,";
var hq_str_sh603259="药明康德,93.800,93.000,92.900,93.950,92.650,92.900,92.910,5428780,506604171.000,10500,92.900,1600,92.890,2700,92.880,300,92.870,800,92.860,6100,92.910,400,92.960,1100,92.990,100,93.000,1400,93.010,2020-01-14,11:25:00,00,";
var hq_str_sh603259="药明康德,93.800,93.000,92.960,93.950,92.650,92.940,92.960,5448180,508407125.000,100,92.940,11800,92.930,7500,92.910,12900,92.900,6500,92.890,300,92.960,100,92.970,100,92.980,3100,92.990,1200,93.010,2020-01-14,11:25:58,00,";
var hq_str_sh603259="药明康德,93.800,93.000,92.980,93.950,92.650,92.980,92.990,5459580,509467012.000,200,92.980,12200,92.970,4000,92.960,7200,92.950,8000,92.940,300,92.990,1200,93.010,200,93.020,1300,93.030,100,93.040,2020-01-14,11:26:58,00,";
var hq_str_sh603259="药明康德,93.800,93.000,92.990,93.950,92.650,92.980,92.990,5472180,510638770.000,1100,92.980,15800,92.970,4100,92.960,7200,92.950,8000,92.940,500,92.990,5800,93.000,100,93.020,300,93.030,1200,93.050,2020-01-14,11:27:55,00,";
var hq_str_sh603259="药明康德,93.800,93.000,92.950,93.950,92.650,92.950,92.960,5522580,515324180.000,500,92.950,3100,92.940,11800,92.930,7100,92.910,12500,92.900,500,92.960,2900,92.970,100,92.980,300,92.990,500,93.000,2020-01-14,11:28:58,00,";
var hq_str_sh603259="药明康德,93.800,93.000,92.940,93.950,92.650,92.940,92.950,5536280,516597596.000,1500,92.940,11800,92.930,7400,92.910,12400,92.900,6500,92.890,2400,92.950,600,92.970,100,92.980,300,92.990,400,93.000,2020-01-14,11:29:59,00,";
var hq_str_sh603259="药明康德,93.800,93.000,92.940,93.950,92.650,92.940,92.950,5536280,516597596.000,1500,92.940,11800,92.930,7400,92.910,12400,92.900,6500,92.890,2400,92.950,600,92.970,100,92.980,300,92.990,400,93.000,2020-01-14,11:30:00,00,";
var hq_str_sh603259="药明康德,93.800,93.000,92.850,93.950,92.650,92.840,92.850,5623480,524699204.000,300,92.840,500,92.830,800,92.820,2200,92.810,14000,92.800,100,92.850,2700,92.860,900,92.870,200,92.880,4300,92.890,2020-01-14,13:00:59,00,";
var hq_str_sh603259="药明康德,93.800,93.000,92.910,93.950,92.650,92.880,92.920,5635380,525804413.000,1500,92.880,100,92.870,200,92.850,300,92.840,500,92.830,300,92.920,5300,92.940,300,92.950,200,92.960,300,92.990,2020-01-14,13:01:59,00,";
var hq_str_sh603259="药明康德,93.800,93.000,92.930,93.950,92.650,92.930,92.940,5641980,526417634.000,500,92.930,100,92.900,1000,92.890,1100,92.880,100,92.870,5100,92.940,300,92.950,200,92.960,300,92.990,2800,93.000,2020-01-14,13:02:59,00,";
var hq_str_sh603259="药明康德,93.800,93.000,92.830,93.950,92.650,92.810,92.830,5660480,528135449.000,900,92.810,13100,92.800,40800,92.780,3700,92.750,5600,92.740,2000,92.830,600,92.840,4700,92.850,400,92.890,200,92.900,2020-01-14,13:03:59,00,";
var hq_str_sh603259="药明康德,93.800,93.000,92.800,93.950,92.650,92.800,92.810,5670780,529091338.000,8400,92.800,400,92.790,40800,92.780,3600,92.750,5600,92.740,300,92.810,3100,92.830,4400,92.850,200,92.900,200,92.930,2020-01-14,13:04:59,00,";
var hq_str_sh603259="药明康德,93.800,93.000,92.820,93.950,92.650,92.820,92.830,5682380,530167890.000,2200,92.820,2500,92.810,4900,92.800,2400,92.790,40900,92.780,1700,92.830,4400,92.850,2700,92.900,300,92.930,300,92.940,2020-01-14,13:05:59,00,";
var hq_str_sh603259="药明康德,93.800,93.000,92.810,93.950,92.650,92.820,92.850,5699880,531792247.000,500,92.820,3800,92.810,4400,92.800,1500,92.790,40900,92.780,4100,92.850,2700,92.900,300,92.930,300,92.940,300,92.990,2020-01-14,13:06:59,00,";
var hq_str_sh603259="药明康德,93.800,93.000,92.830,93.950,92.650,92.830,92.850,5707780,532525509.000,500,92.830,4100,92.810,5000,92.800,2300,92.790,40900,92.780,4100,92.850,3700,92.900,300,92.930,300,92.940,300,92.990,2020-01-14,13:07:59,00,";
var hq_str_sh603259="药明康德,93.800,93.000,92.850,93.950,92.650,92.840,92.850,5712380,532952567.000,1000,92.840,1000,92.830,1100,92.820,4000,92.810,6300,92.800,3800,92.850,3700,92.900,300,92.930,300,92.940,300,92.990,2020-01-14,13:08:56,00,";
var hq_str_sh603259="药明康德,93.800,93.000,92.820,93.950,92.650,92.810,92.830,5720280,533685908.000,2900,92.810,6800,92.800,1500,92.790,120900,92.780,100,92.760,300,92.830,4900,92.850,100,92.860,200,92.890,3700,92.900,2020-01-14,13:09:56,00,";
var hq_str_sh603259="药明康德,93.800,93.000,92.820,93.950,92.650,92.820,92.830,5728180,534419200.000,1800,92.820,15900,92.810,6800,92.800,1800,92.790,121000,92.780,1700,92.830,300,92.840,1900,92.850,100,92.860,700,92.890,2020-01-14,13:10:59,00,";
var hq_str_sh603259="药明康德,93.800,93.000,92.780,93.950,92.650,92.780,92.790,5779580,539189130.000,106200,92.780,100,92.760,3500,92.750,5700,92.740,1400,92.730,300,92.790,200,92.820,6200,92.830,700,92.850,100,92.860,2020-01-14,13:11:59,00,";
var hq_str_sh603259="药明康德,93.800,93.000,92.820,93.950,92.650,92.800,92.820,5800080,541091560.000,100,92.800,5900,92.790,104900,92.780,200,92.760,3500,92.750,200,92.820,2800,92.830,100,92.840,600,92.850,400,92.890,2020-01-14,13:12:59,00,";
var hq_str_sh603259="药明康德,93.800,93.000,92.790,93.950,92.650,92.790,92.800,5813580,542344379.000,4600,92.790,104800,92.780,100,92.770,800,92.760,3700,92.750,1400,92.800,4900,92.810,200,92.820,2000,92.830,100,92.840,2020-01-14,13:13:59,00,";
var hq_str_sh603259="药明康德,93.800,93.000,92.790,93.950,92.650,92.780,92.790,5824980,543402177.000,102900,92.780,100,92.770,800,92.760,3700,92.750,5800,92.740,1700,92.790,700,92.800,1700,92.810,400,92.820,1900,92.830,2020-01-14,13:14:59,00,";
var hq_str_sh603259="药明康德,93.800,93.000,92.810,93.950,92.650,92.800,92.810,5834880,544320813.000,800,92.800,8500,92.790,104300,92.780,100,92.770,800,92.760,200,92.810,1900,92.830,600,92.850,100,92.880,700,92.890,2020-01-14,13:15:59,00,";
var hq_str_sh603259="药明康德,93.800,93.000,92.820,93.950,92.650,92.820,92.840,5843680,545137635.000,100,92.820,1400,92.810,2000,92.800,7000,92.790,105400,92.780,200,92.840,600,92.850,100,92.880,700,92.890,3500,92.900,2020-01-14,13:16:59,00,";
var hq_str_sh603259="药明康德,93.800,93.000,92.900,93.950,92.650,92.900,92.980,5851880,545899329.000,600,92.900,100,92.890,1300,92.880,500,92.870,1200,92.850,600,92.980,10100,92.990,2500,93.000,300,93.010,100,93.020,2020-01-14,13:17:59,00,";
var hq_str_sh603259="药明康德,93.800,93.000,92.980,93.950,92.650,92.980,92.990,5860780,546726871.000,800,92.980,200,92.920,500,92.910,2500,92.900,200,92.880,6300,92.990,2500,93.000,300,93.010,100,93.020,100,93.030,2020-01-14,13:18:59,00,";
var hq_str_sh603259="药明康德,93.800,93.000,92.980,93.950,92.650,92.980,92.990,5867280,547331253.000,100,92.980,400,92.930,1700,92.920,500,92.910,2200,92.900,4000,92.990,2600,93.000,300,93.010,100,93.020,100,93.030,2020-01-14,13:19:59,00,";
var hq_str_sh603259="药明康德,93.800,93.000,92.910,93.950,92.650,92.880,92.890,5876680,548204771.000,400,92.880,300,92.870,400,92.850,300,92.840,200,92.820,300,92.890,13100,92.910,1100,92.920,400,92.950,100,92.980,2020-01-14,13:20:59,00,";
var hq_str_sh603259="药明康德,93.800,93.000,92.900,93.950,92.650,92.890,92.900,5885080,548984968.000,200,92.890,1200,92.880,700,92.870,600,92.850,300,92.840,14000,92.900,12900,92.910,1100,92.920,200,92.950,100,92.980,2020-01-14,13:21:59,00,";
var hq_str_sh603259="药明康德,93.800,93.000,92.880,93.950,92.650,92.880,92.890,5891400,549572010.000,1380,92.880,300,92.870,100,92.860,600,92.850,300,92.840,5200,92.890,15700,92.900,12800,92.910,1100,92.920,100,92.980,2020-01-14,13:22:59,00,";
var hq_str_sh603259="药明康德,93.800,93.000,92.840,93.950,92.650,92.850,92.860,5898180,550201637.000,200,92.850,1800,92.840,400,92.820,1100,92.810,6200,92.800,300,92.860,200,92.870,320,92.880,4100,92.890,13700,92.900,2020-01-14,13:23:59,00,";
var hq_str_sh603259="药明康德,93.800,93.000,92.890,93.950,92.650,92.880,92.890,5905680,550898064.000,300,92.880,2100,92.870,500,92.860,100,92.850,500,92.840,3700,92.890,13700,92.900,12700,92.910,1100,92.920,100,92.980,2020-01-14,13:24:59,00,";
var hq_str_sh603259="药明康德,93.800,93.000,92.890,93.950,92.650,92.880,92.890,5913880,551659730.000,1100,92.880,600,92.870,200,92.860,300,92.850,300,92.840,300,92.890,13700,92.900,12700,92.910,1100,92.920,100,92.980,2020-01-14,13:25:59,00,";
var hq_str_sh603259="药明康德,93.800,93.000,92.850,93.950,92.650,92.850,92.860,5920880,552309781.000,2000,92.850,300,92.840,600,92.820,2100,92.810,6700,92.800,3100,92.860,200,92.870,100,92.880,2900,92.890,13500,92.900,2020-01-14,13:26:59,00,";
var hq_str_sh603259="药明康德,93.800,93.000,92.810,93.950,92.650,92.800,92.810,5939880,554073368.000,3700,92.800,6600,92.790,24200,92.780,1100,92.760,4200,92.750,100,92.810,1300,92.820,1600,92.840,500,92.850,2700,92.860,2020-01-14,13:27:59,00,";
var hq_str_sh603259="药明康德,93.800,93.000,92.810,93.950,92.650,92.810,92.820,5947980,554825112.000,1400,92.810,4700,92.800,6600,92.790,24200,92.780,1100,92.760,500,92.820,1600,92.840,300,92.850,2700,92.860,400,92.870,2020-01-14,13:28:59,00,";
var hq_str_sh603259="药明康德,93.800,93.000,92.840,93.950,92.650,92.840,92.850,5956380,555604909.000,900,92.840,1000,92.810,4800,92.800,6600,92.790,25500,92.780,500,92.850,1100,92.860,400,92.870,600,92.880,2300,92.890,2020-01-14,13:29:59,00,";
var hq_str_sh603259="药明康德,93.800,93.000,92.820,93.950,92.650,92.820,92.830,5964880,556393947.000,2300,92.820,4500,92.810,6100,92.800,7100,92.790,25600,92.780,900,92.830,300,92.840,4400,92.860,400,92.870,600,92.880,2020-01-14,13:30:56,00,";
var hq_str_sh603259="药明康德,93.800,93.000,92.800,93.950,92.650,92.790,92.800,5987680,558510166.000,7100,92.790,25800,92.780,1100,92.760,4400,92.750,5600,92.740,200,92.800,400,92.810,1600,92.820,2800,92.830,4300,92.860,2020-01-14,13:31:59,00,";
var hq_str_sh603259="药明康德,93.800,93.000,92.670,93.950,92.650,92.670,92.680,6066380,565809038.000,500,92.670,6400,92.660,2800,92.650,100,92.640,10200,92.630,200,92.680,600,92.690,900,92.700,4500,92.710,400,92.720,2020-01-14,13:32:59,00,";
var hq_str_sh603259="药明康德,93.800,93.000,92.630,93.950,92.630,92.630,92.640,6098980,568829255.000,100,92.630,1500,92.620,3000,92.610,13600,92.600,300,92.580,500,92.640,600,92.650,400,92.660,400,92.670,200,92.680,2020-01-14,13:33:59,00,";
var hq_str_sh603259="药明康德,93.800,93.000,92.640,93.950,92.610,92.620,92.640,6131480,571839692.000,300,92.620,4700,92.610,15100,92.600,400,92.580,1000,92.570,200,92.640,100,92.670,200,92.680,400,92.760,300,92.770,2020-01-14,13:34:59,00,";
var hq_str_sh603259="药明康德,93.800,93.000,92.610,93.950,92.610,92.610,92.630,6154480,573970129.000,2400,92.610,16100,92.600,300,92.580,1000,92.570,100,92.560,5000,92.630,14300,92.640,100,92.650,800,92.660,100,92.670,2020-01-14,13:35:59,00,";
var hq_str_sh603259="药明康德,93.800,93.000,92.670,93.950,92.610,92.670,92.680,6183480,576656535.000,5300,92.670,1100,92.650,600,92.640,1800,92.630,2800,92.620,400,92.680,400,92.760,300,92.770,1600,92.780,500,92.790,2020-01-14,13:36:59,00,";
var hq_str_sh603259="药明康德,93.800,93.000,92.790,93.950,92.610,92.670,92.730,6205180,578668226.000,1100,92.670,1400,92.650,4200,92.640,2300,92.630,2700,92.620,900,92.730,200,92.780,10400,92.790,500,92.800,400,92.830,2020-01-14,13:37:59,00,";
var hq_str_sh603259="药明康德,93.800,93.000,92.790,93.950,92.610,92.780,92.790,6226780,580671739.000,400,92.780,700,92.750,500,92.740,4700,92.730,200,92.720,1400,92.790,200,92.840,100,92.850,3600,92.860,2500,92.880,2020-01-14,13:38:59,00,";
var hq_str_sh603259="药明康德,93.800,93.000,92.850,93.950,92.610,92.850,92.860,6237080,581627882.000,1000,92.850,100,92.820,2700,92.810,5100,92.790,700,92.750,1000,92.860,2900,92.880,2100,92.890,11440,92.900,1100,92.920,2020-01-14,13:39:59,00,";
var hq_str_sh603259="药明康德,93.800,93.000,92.910,93.950,92.610,92.910,92.920,6264420,584167460.000,1100,92.910,9360,92.900,300,92.890,6200,92.880,100,92.870,1000,92.920,200,92.930,600,92.980,3100,92.990,5500,93.000,2020-01-14,13:40:59,00,";
var hq_str_sh603259="药明康德,93.800,93.000,92.990,93.950,92.610,92.980,92.990,6274660,585119085.000,100,92.980,4600,92.960,300,92.950,600,92.920,660,92.910,2300,92.990,5300,93.000,400,93.010,1100,93.020,100,93.030,2020-01-14,13:41:59,00,";
var hq_str_sh603259="药明康德,93.800,93.000,92.990,93.950,92.610,92.980,92.990,6300760,587545963.000,1100,92.980,1800,92.940,2600,92.930,500,92.920,1000,92.910,500,92.990,500,93.000,7781,93.010,1100,93.020,300,93.030,2020-01-14,13:42:59,00,";
var hq_str_sh603259="药明康德,93.800,93.000,92.920,93.950,92.610,92.900,92.920,6323560,589665343.000,3060,92.900,300,92.890,6000,92.880,200,92.870,400,92.860,600,92.920,200,92.950,700,92.990,300,93.000,6381,93.010,2020-01-14,13:43:56,00,";
var hq_str_sh603259="药明康德,93.800,93.000,92.980,93.950,92.610,92.980,93.000,6338860,591087885.000,200,92.980,100,92.970,3000,92.960,1300,92.950,600,92.920,900,93.000,6381,93.010,1100,93.020,300,93.030,100,93.070,2020-01-14,13:44:59,00,";
var hq_str_sh603259="药明康德,93.800,93.000,92.970,93.950,92.610,92.970,93.000,6364760,593495910.000,4400,92.970,200,92.910,2060,92.900,300,92.890,5000,92.880,400,93.000,6381,93.010,1100,93.020,400,93.030,100,93.070,2020-01-14,13:45:56,00,";
var hq_str_sh603259="药明康德,93.800,93.000,92.990,93.950,92.610,92.980,92.990,6387460,595606679.000,2500,92.980,100,92.970,200,92.910,1860,92.900,600,92.890,500,92.990,100,93.000,5481,93.010,1100,93.020,300,93.030,2020-01-14,13:46:59,00,";
var hq_str_sh603259="药明康德,93.800,93.000,93.040,93.950,92.610,93.030,93.050,6405541,597288366.000,2500,93.030,1200,93.020,2000,93.010,1700,93.000,2200,92.990,300,93.050,100,93.070,600,93.080,100,93.090,400,93.100,2020-01-14,13:47:59,00,";
var hq_str_sh603259="药明康德,93.800,93.000,93.170,93.950,92.610,93.160,93.170,6417401,598392821.000,4600,93.160,1600,93.130,1000,93.120,600,93.110,3440,93.100,100,93.170,100,93.190,400,93.200,500,93.220,600,93.250,2020-01-14,13:48:59,00,";
var hq_str_sh603259="药明康德,93.800,93.000,93.170,93.950,92.610,93.170,93.200,6442923,600771762.000,1078,93.170,3100,93.160,300,93.130,100,93.120,100,93.110,100,93.200,200,93.220,3000,93.240,3500,93.250,100,93.280,2020-01-14,13:49:59,00,";
var hq_str_sh603259="药明康德,93.800,93.000,92.880,93.950,92.610,92.880,92.890,6478361,604068938.000,100,92.880,300,92.870,900,92.850,2100,92.820,3000,92.810,1522,92.890,300,92.900,800,93.060,500,93.100,700,93.110,2020-01-14,13:50:59,00,";
var hq_str_sh603259="药明康德,93.800,93.000,92.800,93.950,92.610,92.800,92.880,6508605,606876217.000,100,92.800,2600,92.790,5100,92.750,300,92.740,500,92.730,300,92.880,100,92.900,900,93.000,500,93.100,600,93.110,2020-01-14,13:51:59,00,";
var hq_str_sh603259="药明康德,93.800,93.000,92.940,93.950,92.610,92.980,93.000,6516449,607604724.000,200,92.980,78,92.940,700,92.900,1300,92.880,1000,92.860,100,93.000,500,93.100,400,93.110,600,93.130,300,93.160,2020-01-14,13:52:59,00,";
var hq_str_sh603259="药明康德,93.800,93.000,92.960,93.950,92.610,92.960,92.980,6524471,608350570.000,1200,92.960,1278,92.950,2578,92.940,600,92.900,100,92.880,22,92.980,1000,93.070,600,93.080,400,93.110,400,93.130,2020-01-14,13:53:59,00,";
var hq_str_sh603259="药明康德,93.800,93.000,93.060,93.950,92.610,93.060,93.070,6533057,609149607.000,436,93.060,500,93.010,11100,93.000,1578,92.980,1100,92.960,9400,93.070,500,93.080,500,93.100,400,93.110,300,93.130,2020-01-14,13:54:59,00,";
var hq_str_sh603259="药明康德,93.800,93.000,93.090,93.950,92.610,93.070,93.090,6554193,611116835.000,1900,93.070,500,93.060,2100,93.040,300,93.010,10500,93.000,122,93.090,2986,93.100,600,93.110,300,93.130,300,93.160,2020-01-14,13:55:59,00,";
var hq_str_sh603259="药明康德,93.800,93.000,93.110,93.950,92.610,93.100,93.110,6587433,614210758.000,7570,93.100,790,93.010,10600,93.000,600,92.990,200,92.980,300,93.110,300,93.130,300,93.160,100,93.170,100,93.180,2020-01-14,13:56:59,00,";
var hq_str_sh603259="药明康德,93.800,93.000,93.090,93.950,92.610,93.060,93.090,6604803,615827716.000,100,93.060,800,93.020,2290,93.010,10900,93.000,600,92.990,800,93.090,9030,93.100,300,93.130,200,93.140,100,93.150,2020-01-14,13:57:59,00,";
var hq_str_sh603259="药明康德,93.800,93.000,93.160,93.950,92.610,93.140,93.160,6621933,617422614.000,3700,93.140,800,93.120,800,93.110,32070,93.100,300,93.020,500,93.160,100,93.170,500,93.180,1900,93.190,18344,93.200,2020-01-14,13:58:56,00,";
var hq_str_sh603259="药明康德,93.800,93.000,93.200,93.950,92.610,93.200,93.210,6657537,620740343.000,3896,93.200,3800,93.140,800,93.120,800,93.110,32170,93.100,2400,93.210,300,93.220,100,93.230,1700,93.240,4000,93.250,2020-01-14,13:59:59,00,";
var hq_str_sh603259="药明康德,93.800,93.000,93.150,93.950,92.610,93.150,93.170,6675233,622389765.000,1600,93.150,2500,93.140,700,93.110,32170,93.100,190,93.010,500,93.170,100,93.190,15404,93.200,1800,93.210,100,93.220,2020-01-14,14:00:59,00,";
var hq_str_sh603259="药明康德,93.800,93.000,92.960,93.950,92.610,92.960,92.990,6734293,627888188.000,600,92.960,1078,92.950,100,92.940,400,92.900,1700,92.880,3000,92.990,900,93.000,810,93.010,200,93.020,200,93.040,2020-01-14,14:01:59,00,";
var hq_str_sh603259="药明康德,93.800,93.000,92.890,93.950,92.610,92.830,92.890,6752871,629613892.000,7000,92.830,2100,92.820,1600,92.810,5700,92.800,2000,92.790,500,92.890,1100,92.960,1100,92.980,400,92.990,300,93.000,2020-01-14,14:02:59,00,";
var hq_str_sh603259="药明康德,93.800,93.000,92.940,93.950,92.610,92.920,92.930,6763371,630589263.000,1200,92.920,5800,92.900,800,92.890,400,92.860,5000,92.850,600,92.930,3900,92.990,300,93.000,1600,93.140,200,93.150,2020-01-14,14:03:59,00,";
var hq_str_sh603259="药明康德,93.800,93.000,92.870,93.950,92.610,92.870,92.880,6790571,633116145.000,100,92.870,1000,92.860,3200,92.850,100,92.840,600,92.830,300,92.880,2900,92.900,2000,92.990,1200,93.000,2700,93.120,2020-01-14,14:04:56,00,";
var hq_str_sh603259="药明康德,93.800,93.000,92.900,93.950,92.610,92.850,92.870,6809771,634899583.000,2400,92.850,1200,92.830,2200,92.820,700,92.810,6900,92.800,800,92.870,3000,92.900,100,92.940,900,92.990,1100,93.000,2020-01-14,14:05:59,00,";
var hq_str_sh603259="药明康德,93.800,93.000,92.900,93.950,92.610,92.900,92.940,6820171,635865647.000,500,92.900,400,92.890,2400,92.880,1800,92.870,4100,92.860,300,92.940,500,92.990,1100,93.000,200,93.030,2700,93.120,2020-01-14,14:06:59,00,";
var hq_str_sh603259="药明康德,93.800,93.000,93.000,93.950,92.610,92.990,93.000,6825971,636404782.000,2200,92.990,2300,92.980,600,92.950,2300,92.940,1500,92.900,900,93.000,200,93.030,2700,93.120,2500,93.130,1600,93.140,2020-01-14,14:07:59,00,";
var hq_str_sh603259="药明康德,93.800,93.000,92.880,93.950,92.610,92.870,92.880,6846071,638273666.000,1800,92.870,100,92.860,2100,92.850,600,92.830,2100,92.820,700,92.880,1000,92.890,1500,92.920,3300,92.940,400,92.970,2020-01-14,14:08:59,00,";
var hq_str_sh603259="药明康德,93.800,93.000,92.680,93.950,92.610,92.680,92.690,6885379,641919924.000,4900,92.680,92,92.670,1800,92.660,11900,92.650,900,92.640,100,92.690,7300,92.700,500,92.710,100,92.770,100,92.780,2020-01-14,14:09:59,00,";
var hq_str_sh603259="药明康德,93.800,93.000,92.740,93.950,92.610,92.700,92.740,6909079,644116530.000,1000,92.700,1400,92.680,3900,92.670,2600,92.660,12200,92.650,500,92.740,800,92.800,100,92.810,700,92.820,100,92.870,2020-01-14,14:10:59,00,";
var hq_str_sh603259="药明康德,93.800,93.000,92.780,93.950,92.610,92.700,92.800,6932379,646277381.000,2100,92.700,4600,92.690,900,92.680,3700,92.670,1500,92.660,100,92.800,200,92.820,100,92.870,100,92.880,500,92.950,2020-01-14,14:11:59,00,";
var hq_str_sh603259="药明康德,93.800,93.000,92.820,93.950,92.610,92.820,92.870,6935379,646555784.000,700,92.820,2000,92.800,800,92.790,1900,92.780,1400,92.710,1900,92.870,100,92.880,200,92.920,500,92.950,100,92.980,2020-01-14,14:12:59,00,";
var hq_str_sh603259="药明康德,93.800,93.000,92.870,93.950,92.610,92.870,92.920,6943179,647280083.000,500,92.870,4900,92.860,600,92.830,1800,92.820,800,92.800,100,92.920,400,92.970,200,92.980,6500,92.990,27000,93.000,2020-01-14,14:13:59,00,";
var hq_str_sh603259="药明康德,93.800,93.000,92.890,93.950,92.610,92.890,92.980,6951379,648041974.000,1000,92.890,4600,92.880,900,92.870,3000,92.860,600,92.820,300,92.980,5800,92.990,27000,93.000,300,93.010,1200,93.050,2020-01-14,14:14:59,00,";
var hq_str_sh603259="药明康德,93.800,93.000,92.700,93.950,92.610,92.700,92.710,6982479,650927783.000,500,92.700,4600,92.690,1300,92.680,3700,92.670,1400,92.660,400,92.710,300,92.730,2400,92.870,2100,92.880,900,92.890,2020-01-14,14:15:59,00,";
var hq_str_sh603259="药明康德,93.800,93.000,92.810,93.950,92.610,92.780,92.810,6989479,651576802.000,3400,92.780,1200,92.720,4700,92.710,4900,92.700,6500,92.690,200,92.810,400,92.850,100,92.860,1900,92.870,9800,92.880,2020-01-14,14:16:59,00,";
var hq_str_sh603259="药明康德,93.800,93.000,92.730,93.950,92.610,92.720,92.740,7007479,653247368.000,1200,92.720,3200,92.710,2100,92.700,4800,92.690,1500,92.680,300,92.740,4200,92.760,300,92.770,1600,92.780,6600,92.800,2020-01-14,14:17:59,00,";
var hq_str_sh603259="药明康德,93.800,93.000,92.720,93.950,92.610,92.700,92.720,7022279,654619457.000,3300,92.700,3000,92.690,1500,92.680,4200,92.670,2700,92.660,1500,92.720,1100,92.730,4200,92.760,1300,92.780,7100,92.880,2020-01-14,14:18:59,00,";
var hq_str_sh603259="药明康德,93.800,93.000,92.880,93.950,92.610,92.690,92.710,7045579,656780740.000,2300,92.690,1600,92.680,4200,92.670,3800,92.660,13100,92.650,900,92.710,100,92.730,2500,92.740,100,92.800,4200,92.880,2020-01-14,14:19:59,00,";
var hq_str_sh603259="药明康德,93.800,93.000,92.690,93.950,92.610,92.690,92.800,7078979,659876364.000,100,92.690,700,92.660,12300,92.650,700,92.640,2600,92.630,100,92.800,4200,92.880,100,92.890,900,92.900,2400,92.980,2020-01-14,14:20:59,00,";
var hq_str_sh603259="药明康德,93.800,93.000,92.820,93.950,92.610,92.800,92.840,7085079,660442458.000,1400,92.800,3000,92.780,1300,92.700,1100,92.690,8400,92.660,100,92.840,200,92.850,4000,92.880,900,92.900,1200,92.970,2020-01-14,14:21:59,00,";
var hq_str_sh603259="药明康德,93.800,93.000,92.590,93.950,92.590,92.580,92.590,7147379,666214774.000,1100,92.580,1500,92.570,200,92.560,2400,92.550,1400,92.530,900,92.590,8300,92.600,2000,92.610,900,92.620,1500,92.630,2020-01-14,14:22:59,00,";
var hq_str_sh603259="药明康德,93.800,93.000,92.500,93.950,92.490,92.500,92.550,7182079,669425071.000,1400,92.500,1600,92.490,2100,92.480,1100,92.470,1000,92.460,1300,92.550,200,92.580,500,92.590,100,92.600,900,92.620,2020-01-14,14:23:59,00,";
var hq_str_sh603259="药明康德,93.800,93.000,92.620,93.950,92.490,92.610,92.620,7192079,670350718.000,100,92.610,5000,92.600,4000,92.590,500,92.580,100,92.550,200,92.620,500,92.660,300,92.680,1900,92.800,17400,92.820,2020-01-14,14:24:59,00,";
var hq_str_sh603259="药明康德,93.800,93.000,92.660,93.950,92.490,92.660,92.710,7205779,671620054.000,600,92.660,900,92.640,100,92.630,4100,92.620,1600,92.610,300,92.710,2400,92.770,400,92.790,1900,92.800,17400,92.820,2020-01-14,14:25:56,00,";
var hq_str_sh603259="药明康德,93.800,93.000,92.710,93.950,92.490,92.710,92.740,7211679,672167143.000,500,92.710,400,92.680,1900,92.670,6100,92.660,200,92.640,500,92.740,3000,92.770,400,92.790,1900,92.800,17400,92.820,2020-01-14,14:26:56,00,";
var hq_str_sh603259="药明康德,93.800,93.000,92.740,93.950,92.490,92.740,92.750,7226679,673558013.000,600,92.740,4600,92.730,1200,92.720,1500,92.680,2000,92.660,400,92.750,1600,92.760,2200,92.770,400,92.790,1700,92.800,2020-01-14,14:27:59,00,";
var hq_str_sh603259="药明康德,93.800,93.000,92.530,93.950,92.490,92.530,92.540,7256079,676282512.000,1000,92.530,2400,92.520,5200,92.510,12200,92.500,1300,92.490,900,92.540,700,92.550,300,92.560,4200,92.590,1800,92.600,2020-01-14,14:28:59,00,";
var hq_str_sh603259="药明康德,93.800,93.000,92.600,93.950,92.490,92.600,92.610,7273679,677911992.000,2400,92.600,800,92.590,1600,92.580,600,92.570,1100,92.560,1500,92.610,3400,92.620,1600,92.630,300,92.650,400,92.660,2020-01-14,14:29:59,00,";
var hq_str_sh603259="药明康德,93.800,93.000,92.770,93.950,92.490,92.740,92.770,7289479,679376794.000,100,92.740,5500,92.730,200,92.720,1100,92.710,1000,92.690,2000,92.770,700,92.790,200,92.800,17400,92.820,1000,92.850,2020-01-14,14:30:59,00,";
var hq_str_sh603259="药明康德,93.800,93.000,92.740,93.950,92.490,92.740,92.750,7312679,681529215.000,2700,92.740,1500,92.730,200,92.710,200,92.690,300,92.660,1000,92.750,1000,92.770,13700,92.820,1000,92.850,3300,92.880,2020-01-14,14:31:59,00,";
var hq_str_sh603259="药明康德,93.800,93.000,92.740,93.950,92.490,92.740,92.780,7337479,683829510.000,300,92.740,1500,92.730,200,92.710,100,92.700,200,92.690,700,92.780,13000,92.820,2000,92.850,3300,92.880,100,92.890,2020-01-14,14:32:59,00,";
var hq_str_sh603259="药明康德,93.800,93.000,92.820,93.950,92.490,92.800,92.820,7351679,685147200.000,800,92.800,2500,92.790,2800,92.780,600,92.760,4300,92.750,6800,92.820,2000,92.850,3300,92.880,100,92.890,900,92.900,2020-01-14,14:33:59,00,";
var hq_str_sh603259="药明康德,93.800,93.000,92.750,93.950,92.490,92.750,92.780,7377779,687568775.000,700,92.750,1400,92.730,200,92.710,300,92.700,200,92.690,100,92.780,2400,92.790,70204,92.800,6400,92.820,2000,92.850,2020-01-14,14:34:59,00,";
var hq_str_sh603259="药明康德,93.800,93.000,92.740,93.950,92.490,92.730,92.740,7395679,689228923.000,600,92.730,100,92.720,200,92.710,400,92.700,200,92.690,600,92.740,1100,92.750,900,92.780,2000,92.790,70204,92.800,2020-01-14,14:35:59,00,";
var hq_str_sh603259="药明康德,93.800,93.000,92.710,93.950,92.490,92.710,92.730,7402479,689859451.000,1400,92.710,1300,92.700,200,92.690,300,92.660,300,92.650,700,92.730,200,92.740,1100,92.750,400,92.780,2100,92.790,2020-01-14,14:36:59,00,";
var hq_str_sh603259="药明康德,93.800,93.000,92.700,93.950,92.490,92.720,92.730,7429579,692371614.000,800,92.720,2300,92.680,1200,92.660,500,92.650,200,92.640,400,92.730,200,92.740,1100,92.750,400,92.780,2100,92.790,2020-01-14,14:37:59,00,";
var hq_str_sh603259="药明康德,93.800,93.000,92.720,93.950,92.490,92.700,92.720,7439579,693298515.000,2100,92.700,2400,92.680,200,92.670,1400,92.660,3400,92.650,900,92.720,400,92.730,200,92.740,1100,92.750,400,92.780,2020-01-14,14:38:56,00,";
var hq_str_sh603259="药明康德,93.800,93.000,92.740,93.950,92.490,92.740,92.750,7448579,694133234.000,2100,92.740,1500,92.720,500,92.710,1300,92.700,1200,92.680,200,92.750,100,92.770,1100,92.780,2200,92.790,70204,92.800,2020-01-14,14:39:56,00,";
var hq_str_sh603259="药明康德,93.800,93.000,92.740,93.950,92.490,92.730,92.740,7458579,695060538.000,1400,92.730,1200,92.710,3900,92.700,1200,92.680,200,92.670,500,92.740,500,92.750,1100,92.780,2700,92.790,70204,92.800,2020-01-14,14:40:59,00,";
var hq_str_sh603259="药明康德,93.800,93.000,92.500,93.950,92.490,92.500,92.510,7536879,702318033.000,5000,92.500,2000,92.490,2800,92.480,1000,92.470,1200,92.460,1700,92.510,1700,92.520,1300,92.540,500,92.550,400,92.570,2020-01-14,14:41:59,00,";
var hq_str_sh603259="药明康德,93.800,93.000,92.570,93.950,92.490,92.540,92.580,7557779,704251374.000,500,92.540,1000,92.530,6800,92.520,2600,92.510,2700,92.500,900,92.580,2900,92.600,1100,92.610,1500,92.640,16600,92.700,2020-01-14,14:42:59,00,";
var hq_str_sh603259="药明康德,93.800,93.000,92.600,93.950,92.490,92.590,92.600,7565079,704927095.000,5900,92.590,1800,92.570,1700,92.560,3000,92.550,800,92.540,400,92.600,1500,92.640,16600,92.700,800,92.780,43204,92.800,2020-01-14,14:43:59,00,";
var hq_str_sh603259="药明康德,93.800,93.000,92.670,93.950,92.490,92.660,92.670,7578779,706196241.000,8800,92.660,100,92.640,200,92.600,100,92.580,700,92.570,100,92.670,16600,92.700,100,92.720,1300,92.780,100,92.790,2020-01-14,14:44:59,00,";
var hq_str_sh603259="药明康德,93.800,93.000,92.670,93.950,92.490,92.670,92.690,7634379,711349440.000,800,92.670,2900,92.660,100,92.640,2900,92.600,1300,92.580,300,92.690,200,92.700,100,92.720,200,92.750,200,92.760,2020-01-14,14:45:59,00,";
var hq_str_sh603259="药明康德,93.800,93.000,92.680,93.950,92.490,92.700,92.720,7648479,712656210.000,100,92.700,1000,92.680,8600,92.670,2200,92.660,300,92.610,1000,92.720,200,92.750,200,92.760,200,92.770,1300,92.780,2020-01-14,14:46:59,00,";
var hq_str_sh603259="药明康德,93.800,93.000,92.760,93.950,92.490,92.750,92.760,7655879,713342329.000,2100,92.750,900,92.740,1200,92.730,4000,92.720,1900,92.710,200,92.760,200,92.770,400,92.780,1600,92.790,43204,92.800,2020-01-14,14:47:59,00,";
var hq_str_sh603259="药明康德,93.800,93.000,92.750,93.950,92.490,92.750,92.770,7673379,714965716.000,600,92.750,900,92.740,3700,92.720,300,92.710,100,92.700,140,92.770,2500,92.780,3300,92.790,43304,92.800,1000,92.810,2020-01-14,14:48:59,00,";
var hq_str_sh603259="药明康德,93.800,93.000,92.710,93.950,92.490,92.710,92.730,7691479,716644260.000,800,92.710,4500,92.700,600,92.690,1700,92.680,8600,92.670,400,92.730,700,92.740,940,92.750,2900,92.770,800,92.780,2020-01-14,14:49:59,00,";
var hq_str_sh603259="药明康德,93.800,93.000,92.660,93.950,92.490,92.640,92.650,7722779,719545306.000,1000,92.640,500,92.610,3500,92.600,600,92.590,1300,92.580,400,92.650,400,92.660,2300,92.670,2700,92.680,500,92.700,2020-01-14,14:50:59,00,";
var hq_str_sh603259="药明康德,93.800,93.000,92.670,93.950,92.490,92.680,92.710,7758179,722826671.000,100,92.680,1400,92.670,4000,92.660,1400,92.610,3500,92.600,1900,92.710,300,92.720,1800,92.730,600,92.750,100,92.770,2020-01-14,14:51:59,00,";
var hq_str_sh603259="药明康德,93.800,93.000,92.700,93.950,92.490,92.670,92.700,7779579,724810557.000,4500,92.670,4400,92.660,500,92.650,300,92.620,1000,92.610,5000,92.700,4940,92.720,500,92.730,800,92.750,100,92.770,2020-01-14,14:52:56,00,";
var hq_str_sh603259="药明康德,93.800,93.000,92.690,93.950,92.490,92.700,92.710,7807079,727359492.000,100,92.700,1600,92.680,4600,92.660,1000,92.650,100,92.620,1880,92.710,6240,92.720,100,92.730,200,92.750,100,92.770,2020-01-14,14:53:59,00,";
var hq_str_sh603259="药明康德,93.800,93.000,92.610,93.950,92.490,92.600,92.610,7846079,730972238.000,1000,92.600,1400,92.590,5300,92.580,1100,92.570,100,92.560,2200,92.610,2600,92.620,800,92.630,1700,92.640,1800,92.650,2020-01-14,14:54:59,00,";
var hq_str_sh603259="药明康德,93.800,93.000,92.580,93.950,92.490,92.580,92.590,7880479,734157746.000,3200,92.580,600,92.570,100,92.560,700,92.550,200,92.540,1600,92.590,4700,92.600,1045,92.620,600,92.630,300,92.640,2020-01-14,14:55:59,00,";
var hq_str_sh603259="药明康德,93.800,93.000,92.550,93.950,92.470,92.500,92.550,7939979,739664108.000,700,92.500,1300,92.480,2600,92.470,1200,92.460,1600,92.450,600,92.550,100,92.600,1045,92.700,100,92.710,4340,92.720,2020-01-14,14:56:59,00,";
var hq_str_sh603259="药明康德,93.800,93.000,92.550,93.950,92.470,92.550,92.550,7939979,739664108.000,27500,92.550,0,0.000,0,0.000,0,0.000,0,0.000,27500,92.550,4560,0.000,0,0.000,0,0.000,0,0.000,2020-01-14,14:57:59,00,";
var hq_str_sh603259="药明康德,93.800,93.000,92.550,93.950,92.470,92.500,92.500,7939979,739664108.000,57600,92.500,0,0.000,0,0.000,0,0.000,0,0.000,57600,92.500,5800,0.000,0,0.000,0,0.000,0,0.000,2020-01-14,14:58:58,00,";
