var hq_str_sh603259="药明康德,99.000,96.840,99.000,99.000,99.000,99.000,99.140,443033,43860267.000,16867,99.000,19000,98.990,4500,98.980,500,98.970,200,98.950,200,99.140,500,99.170,500,99.180,1000,99.190,800,99.200,2020-09-25,09:29:50,00,";
var hq_str_sh603259="药明康德,99.000,96.840,98.970,99.490,98.970,98.950,98.970,1366700,135504194.000,300,98.950,200,98.920,800,98.910,5300,98.900,100,98.890,3300,98.970,100,98.990,1200,99.000,2900,99.010,300,99.070,2020-09-25,09:30:59,00,";
var hq_str_sh603259="药明康德,99.000,96.840,98.650,99.490,98.400,98.600,98.650,1628200,161313157.000,6600,98.600,300,98.590,200,98.570,100,98.560,800,98.550,400,98.650,100,98.700,100,98.720,1000,98.750,442,98.760,2020-09-25,09:31:59,00,";
var hq_str_sh603259="药明康德,99.000,96.840,98.420,99.490,98.300,98.410,98.440,1779746,176247577.000,800,98.410,400,98.400,1400,98.390,900,98.380,100,98.370,9200,98.440,1600,98.450,2900,98.500,3700,98.510,100,98.520,2020-09-25,09:32:59,00,";
var hq_str_sh603259="药明康德,99.000,96.840,98.690,99.490,98.300,98.690,98.700,1975346,195516200.000,400,98.690,1400,98.680,66000,98.670,500,98.660,1700,98.610,400,98.700,200,98.720,2300,98.730,2600,98.750,442,98.760,2020-09-25,09:33:59,00,";
var hq_str_sh603259="药明康德,99.000,96.840,98.720,99.490,98.300,98.700,98.720,2274488,225073866.000,500,98.700,3400,98.670,300,98.660,100,98.650,800,98.640,300,98.720,1100,98.750,7100,98.770,700,98.780,1100,98.790,2020-09-25,09:34:59,00,";
var hq_str_sh603259="药明康德,99.000,96.840,98.430,99.490,98.300,98.430,98.440,2401988,237637243.000,800,98.430,200,98.420,900,98.380,200,98.370,200,98.360,300,98.440,5700,98.500,800,98.510,1500,98.530,600,98.540,2020-09-25,09:35:59,00,";
var hq_str_sh603259="药明康德,99.000,96.840,98.300,99.490,98.240,98.290,98.300,2522142,249453651.000,400,98.290,300,98.260,500,98.240,4800,98.230,600,98.220,2300,98.300,1600,98.310,3100,98.330,700,98.350,300,98.390,2020-09-25,09:36:59,00,";
var hq_str_sh603259="药明康德,99.000,96.840,98.110,99.490,98.040,98.070,98.100,2635625,260594806.000,600,98.070,2700,98.050,31317,98.040,5900,98.030,3000,98.020,100,98.100,2000,98.120,300,98.130,9500,98.150,1500,98.160,2020-09-25,09:37:59,00,";
var hq_str_sh603259="药明康德,99.000,96.840,97.810,99.490,97.800,97.810,97.850,2996642,295976972.000,200,97.810,11100,97.800,100,97.790,1200,97.780,500,97.760,100,97.850,400,97.860,7600,97.870,400,97.890,400,97.900,2020-09-25,09:38:59,00,";
var hq_str_sh603259="药明康德,99.000,96.840,98.300,99.490,97.780,98.300,98.320,3319665,327629289.000,1100,98.300,700,98.290,900,98.250,500,98.230,200,98.190,1400,98.320,1900,98.350,600,98.370,400,98.380,300,98.390,2020-09-25,09:39:59,00,";
var hq_str_sh603259="药明康德,99.000,96.840,98.060,99.490,97.780,98.100,98.130,3460576,341458447.000,300,98.100,100,98.090,1100,98.060,1000,98.040,2349,98.030,600,98.130,800,98.150,3000,98.170,700,98.180,5600,98.190,2020-09-25,09:40:59,00,";
var hq_str_sh603259="药明康德,99.000,96.840,98.060,99.490,97.780,98.060,98.080,3554276,350648190.000,15400,98.060,4300,98.050,4900,98.040,2649,98.030,2700,98.020,6500,98.080,5500,98.090,200,98.100,4100,98.120,3000,98.140,2020-09-25,09:41:59,00,";
var hq_str_sh603259="药明康德,99.000,96.840,98.250,99.490,97.780,98.210,98.250,3719776,366887929.000,100,98.210,3900,98.170,2100,98.160,1100,98.130,2300,98.110,22100,98.250,100,98.260,780,98.270,200,98.280,1300,98.300,2020-09-25,09:42:59,00,";
var hq_str_sh603259="药明康德,99.000,96.840,98.210,99.490,97.780,98.310,98.320,3856712,380339225.000,100,98.310,2700,98.210,20000,98.200,100,98.190,1000,98.180,300,98.320,1600,98.330,1500,98.380,2800,98.390,18300,98.400,2020-09-25,09:43:56,00,";
var hq_str_sh603259="药明康德,99.000,96.840,98.400,99.490,97.780,98.370,98.400,4037366,398109169.000,1000,98.370,100,98.310,6700,98.300,100,98.260,300,98.250,3100,98.400,2100,98.410,640,98.430,2100,98.440,10700,98.450,2020-09-25,09:44:59,00,";
var hq_str_sh603259="药明康德,99.000,96.840,98.430,99.490,97.780,98.400,98.440,4262821,420299549.000,200,98.400,300,98.360,500,98.350,1500,98.330,900,98.320,700,98.440,100,98.490,29900,98.500,3000,98.510,600,98.520,2020-09-25,09:45:59,00,";
var hq_str_sh603259="药明康德,99.000,96.840,98.510,99.490,97.780,98.510,98.520,4380481,431885221.000,300,98.510,17000,98.500,2000,98.490,100,98.460,300,98.450,100,98.520,7800,98.600,100,98.610,200,98.630,700,98.650,2020-09-25,09:46:59,00,";
var hq_str_sh603259="药明康德,99.000,96.840,98.380,99.490,97.780,98.380,98.390,4521981,445827302.000,400,98.380,300,98.350,100,98.340,8800,98.330,20560,98.310,5700,98.390,900,98.400,1700,98.410,1200,98.430,1900,98.440,2020-09-25,09:47:59,00,";
var hq_str_sh603259="药明康德,99.000,96.840,98.380,99.490,97.780,98.380,98.390,4617441,455211513.000,300,98.380,1000,98.350,900,98.340,1000,98.310,700,98.300,600,98.390,100,98.400,300,98.410,100,98.420,5440,98.430,2020-09-25,09:48:59,00,";
var hq_str_sh603259="药明康德,99.000,96.840,98.560,99.490,97.780,98.560,98.600,4675818,460962179.000,300,98.560,800,98.550,1000,98.520,300,98.500,3200,98.490,3200,98.600,33523,98.610,400,98.660,200,98.690,5000,98.700,2020-09-25,09:49:59,00,";
var hq_str_sh603259="药明康德,99.000,96.840,98.750,99.490,97.780,98.750,98.770,4840441,477212808.000,400,98.750,100,98.710,1500,98.700,1200,98.690,100,98.680,1900,98.770,100,98.780,500,98.790,109240,98.800,3000,98.840,2020-09-25,09:50:59,00,";
var hq_str_sh603259="药明康德,99.000,96.840,98.890,99.490,97.780,98.890,98.900,5092719,502133168.000,4400,98.890,2700,98.880,1100,98.850,100,98.830,2500,98.820,12700,98.900,100,98.910,1900,98.940,300,98.950,700,98.970,2020-09-25,09:51:59,00,";
var hq_str_sh603259="药明康德,99.000,96.840,99.050,99.490,97.780,99.030,99.050,5344564,527067970.000,3500,99.030,300,99.020,3797,99.010,3700,99.000,900,98.990,1900,99.050,200,99.060,4400,99.070,1000,99.080,1900,99.090,2020-09-25,09:52:59,00,";
var hq_str_sh603259="药明康德,99.000,96.840,99.000,99.490,97.780,98.940,99.000,5514061,543848772.000,500,98.940,2100,98.910,1000,98.900,100,98.890,6000,98.860,347,99.000,3100,99.030,7400,99.040,9240,99.050,503,99.070,2020-09-25,09:53:59,00,";
var hq_str_sh603259="药明康德,99.000,96.840,99.270,99.490,97.780,99.220,99.260,5733321,565585873.000,400,99.220,100,99.210,7683,99.200,3400,99.190,5700,99.180,1000,99.260,22200,99.270,1200,99.280,900,99.290,34100,99.300,2020-09-25,09:54:59,00,";
var hq_str_sh603259="药明康德,99.000,96.840,99.070,99.490,97.780,99.050,99.110,6099321,601916566.000,1400,99.050,500,99.040,1200,99.030,600,99.010,94300,99.000,5700,99.110,300,99.120,500,99.130,5200,99.160,300,99.170,2020-09-25,09:55:59,00,";
var hq_str_sh603259="药明康德,99.000,96.840,98.750,99.490,97.780,98.750,98.790,6413821,633056137.000,8000,98.750,500,98.740,500,98.720,4600,98.710,1500,98.700,600,98.790,1000,98.840,100,98.850,100,98.870,100,98.880,2020-09-25,09:56:59,00,";
var hq_str_sh603259="药明康德,99.000,96.840,98.680,99.490,97.780,98.660,98.670,6573421,648833635.000,700,98.660,600,98.640,700,98.620,1200,98.610,600,98.600,300,98.670,800,98.680,300,98.690,2500,98.700,3900,98.710,2020-09-25,09:57:59,00,";
var hq_str_sh603259="药明康德,99.000,96.840,98.500,99.490,97.780,98.490,98.500,6650421,656426279.000,600,98.490,700,98.480,500,98.460,1100,98.440,2300,98.420,300,98.500,1200,98.520,500,98.540,100,98.550,8400,98.560,2020-09-25,09:58:59,00,";
var hq_str_sh603259="药明康德,99.000,96.840,98.530,99.490,97.780,98.510,98.530,6793321,670506840.000,27200,98.510,1200,98.500,1500,98.480,100,98.460,700,98.450,300,98.530,800,98.540,300,98.550,5100,98.560,8800,98.570,2020-09-25,09:59:59,00,";
var hq_str_sh603259="药明康德,99.000,96.840,98.780,99.490,97.780,98.690,98.800,6944821,685470470.000,200,98.690,200,98.610,1300,98.600,100,98.580,6900,98.570,1400,98.800,2600,98.820,100,98.850,1800,98.870,500,98.890,2020-09-25,10:00:59,00,";
var hq_str_sh603259="药明康德,99.000,96.840,98.730,99.490,97.780,98.720,98.730,7069521,697783154.000,4600,98.720,4100,98.700,1800,98.690,600,98.680,400,98.640,500,98.730,300,98.740,2300,98.750,7900,98.760,4900,98.770,2020-09-25,10:01:59,00,";
var hq_str_sh603259="药明康德,99.000,96.840,98.580,99.490,97.780,98.570,98.580,7192621,709925484.000,1600,98.570,13300,98.560,600,98.550,800,98.540,600,98.530,300,98.580,200,98.590,300,98.610,1100,98.630,10500,98.640,2020-09-25,10:02:59,00,";
var hq_str_sh603259="药明康德,99.000,96.840,98.660,99.490,97.780,98.650,98.660,7266421,717204174.000,11900,98.650,3900,98.640,4500,98.630,200,98.620,500,98.610,300,98.660,300,98.670,3900,98.680,200,98.700,4800,98.730,2020-09-25,10:03:59,00,";
var hq_str_sh603259="药明康德,99.000,96.840,98.540,99.490,97.780,98.540,98.550,7345521,725005213.000,100,98.540,700,98.530,100,98.520,1100,98.510,5200,98.500,631,98.550,900,98.570,2000,98.600,800,98.610,900,98.620,2020-09-25,10:04:59,00,";
var hq_str_sh603259="药明康德,99.000,96.840,98.390,99.490,97.780,98.380,98.390,7413321,731682508.000,1600,98.380,100,98.360,400,98.350,700,98.340,400,98.320,1000,98.390,1200,98.400,800,98.410,1900,98.420,3000,98.430,2020-09-25,10:05:59,00,";
var hq_str_sh603259="药明康德,99.000,96.840,98.300,99.490,97.780,98.300,98.310,7474570,737700383.000,3100,98.300,400,98.290,2200,98.280,200,98.260,300,98.250,700,98.310,500,98.340,2000,98.350,2500,98.390,400,98.400,2020-09-25,10:06:59,00,";
var hq_str_sh603259="药明康德,99.000,96.840,98.360,99.490,97.780,98.330,98.340,7516670,741841713.000,200,98.330,1000,98.310,3300,98.300,1000,98.290,500,98.280,300,98.340,400,98.360,200,98.370,16400,98.380,100,98.390,2020-09-25,10:07:56,00,";
var hq_str_sh603259="药明康德,99.000,96.840,98.550,99.490,97.780,98.550,98.610,7584370,748506818.000,4400,98.550,600,98.530,200,98.520,3900,98.510,16800,98.500,100,98.610,400,98.640,700,98.650,500,98.660,600,98.670,2020-09-25,10:08:59,00,";
var hq_str_sh603259="药明康德,99.000,96.840,98.360,99.490,97.780,98.340,98.360,7663870,756336167.000,2700,98.340,100,98.330,500,98.320,8800,98.310,22800,98.300,100,98.360,300,98.370,300,98.380,2100,98.390,4100,98.410,2020-09-25,10:09:59,00,";
var hq_str_sh603259="药明康德,99.000,96.840,98.400,99.490,97.780,98.390,98.400,7710370,760911310.000,700,98.390,1000,98.380,100,98.370,7500,98.360,11800,98.350,20,98.400,100,98.410,300,98.440,100,98.450,1600,98.460,2020-09-25,10:10:56,00,";
var hq_str_sh603259="药明康德,99.000,96.840,98.550,99.490,97.780,98.540,98.550,7784370,768202039.000,200,98.540,1900,98.530,900,98.520,1700,98.500,200,98.420,2200,98.550,100,98.560,600,98.570,5100,98.580,2100,98.590,2020-09-25,10:11:56,00,";
var hq_str_sh603259="药明康德,99.000,96.840,98.550,99.490,97.780,98.550,98.560,7842803,773960662.000,2767,98.550,400,98.530,4600,98.500,1500,98.420,1200,98.410,400,98.560,300,98.570,200,98.580,1800,98.590,1400,98.600,2020-09-25,10:12:59,00,";
var hq_str_sh603259="药明康德,99.000,96.840,98.440,99.490,97.780,98.440,98.450,7932670,782808679.000,200,98.440,4800,98.430,400,98.420,10400,98.400,2100,98.390,300,98.450,100,98.460,1500,98.480,2500,98.490,4000,98.500,2020-09-25,10:13:59,00,";
var hq_str_sh603259="药明康德,99.000,96.840,98.510,99.490,97.780,98.510,98.530,7979970,787465986.000,100,98.510,1800,98.480,200,98.470,1500,98.460,600,98.450,2800,98.530,900,98.550,233,98.560,200,98.570,200,98.580,2020-09-25,10:14:59,00,";
var hq_str_sh603259="药明康德,99.000,96.840,98.470,99.490,97.780,98.470,98.490,8025970,791995357.000,3100,98.470,100,98.460,2400,98.430,200,98.420,4600,98.410,4300,98.490,1500,98.500,200,98.510,2800,98.530,900,98.550,2020-09-25,10:15:59,00,";
var hq_str_sh603259="药明康德,99.000,96.840,98.510,99.490,97.780,98.500,98.510,8083570,797668882.000,16100,98.500,2900,98.490,10400,98.480,1600,98.470,1000,98.460,1200,98.510,400,98.520,100,98.540,1400,98.550,233,98.560,2020-09-25,10:16:59,00,";
var hq_str_sh603259="药明康德,99.000,96.840,98.410,99.490,97.780,98.410,98.450,8220270,811132181.000,100,98.410,7600,98.400,900,98.390,2100,98.380,1600,98.370,600,98.450,4500,98.500,900,98.510,4000,98.520,200,98.530,2020-09-25,10:17:59,00,";
var hq_str_sh603259="药明康德,99.000,96.840,98.410,99.490,97.780,98.400,98.410,8283450,817352138.000,10300,98.400,400,98.370,2700,98.360,1200,98.350,500,98.340,800,98.410,300,98.420,500,98.430,400,98.450,9700,98.460,2020-09-25,10:18:59,00,";
var hq_str_sh603259="药明康德,99.000,96.840,98.050,99.490,97.780,98.040,98.050,8431401,831887169.000,1600,98.040,1200,98.030,3200,98.020,8200,98.010,96600,98.000,1000,98.050,300,98.060,1200,98.080,2100,98.100,1400,98.110,2020-09-25,10:19:59,00,";
var hq_str_sh603259="药明康德,99.000,96.840,98.080,99.490,97.780,98.080,98.090,8506501,839251467.000,900,98.080,1500,98.040,4300,98.030,6400,98.020,18000,98.010,300,98.090,1600,98.100,600,98.110,3000,98.140,100,98.150,2020-09-25,10:20:59,00,";
var hq_str_sh603259="药明康德,99.000,96.840,97.920,99.490,97.780,97.900,97.920,8733001,861451640.000,3500,97.900,1600,97.880,3300,97.870,1200,97.850,100,97.840,3800,97.920,1200,97.930,3400,97.940,1700,97.950,6900,97.960,2020-09-25,10:21:59,00,";
var hq_str_sh603259="药明康德,99.000,96.840,97.830,99.490,97.700,97.800,97.830,8849801,872874900.000,4000,97.800,200,97.790,1800,97.780,1900,97.770,800,97.760,2309,97.830,3400,97.860,100,97.870,300,97.900,100,97.910,2020-09-25,10:22:56,00,";
var hq_str_sh603259="药明康德,99.000,96.840,97.830,99.490,97.700,97.830,97.840,8941501,881843916.000,1400,97.830,1200,97.820,1600,97.810,3900,97.800,1000,97.790,2500,97.840,3200,97.860,100,97.870,100,97.900,100,97.910,2020-09-25,10:23:59,00,";
var hq_str_sh603259="药明康德,99.000,96.840,97.820,99.490,97.700,97.810,97.820,9028101,890314151.000,900,97.810,7100,97.800,5600,97.780,500,97.770,1500,97.760,500,97.820,5200,97.830,2100,97.840,3300,97.860,100,97.870,2020-09-25,10:24:59,00,";
var hq_str_sh603259="药明康德,99.000,96.840,97.860,99.490,97.700,97.830,97.870,9141901,901445843.000,300,97.830,200,97.820,6800,97.810,1200,97.800,1800,97.790,2600,97.870,700,97.880,100,97.900,100,97.910,200,97.920,2020-09-25,10:25:59,00,";
var hq_str_sh603259="药明康德,99.000,96.840,97.920,99.490,97.700,97.900,97.920,9278801,914851571.000,100,97.900,2300,97.890,900,97.860,21300,97.850,1300,97.830,800,97.920,3000,97.930,1000,97.990,18500,98.000,100,98.020,2020-09-25,10:26:59,00,";
var hq_str_sh603259="药明康德,99.000,96.840,97.880,99.490,97.700,97.850,97.880,9366001,923385335.000,7000,97.850,900,97.840,300,97.830,5000,97.820,9600,97.810,100,97.880,400,97.890,200,97.900,1700,97.920,1000,97.990,2020-09-25,10:27:59,00,";
var hq_str_sh603259="药明康德,99.000,96.840,97.650,99.490,97.650,97.640,97.670,9517801,938227970.000,500,97.640,700,97.620,4300,97.610,2300,97.600,1800,97.580,1700,97.670,2800,97.680,1300,97.690,900,97.700,1400,97.710,2020-09-25,10:28:59,00,";
var hq_str_sh603259="药明康德,99.000,96.840,97.640,99.490,97.620,97.640,97.650,9569501,943276151.000,5400,97.640,2600,97.630,5400,97.620,1700,97.610,3100,97.600,1400,97.650,200,97.670,600,97.680,800,97.690,900,97.700,2020-09-25,10:29:59,00,";
var hq_str_sh603259="药明康德,99.000,96.840,97.800,99.490,97.620,97.790,97.800,9635728,949747991.000,300,97.790,3400,97.770,700,97.760,2000,97.750,900,97.740,800,97.800,100,97.810,700,97.820,200,97.830,400,97.840,2020-09-25,10:30:59,00,";
var hq_str_sh603259="药明康德,99.000,96.840,97.770,99.490,97.620,97.750,97.770,9702428,956271274.000,600,97.750,600,97.740,5400,97.730,800,97.720,1073,97.710,3600,97.770,800,97.780,1800,97.800,100,97.810,1926,97.820,2020-09-25,10:31:59,00,";
var hq_str_sh603259="药明康德,99.000,96.840,97.730,99.490,97.530,97.610,97.730,9865001,972145548.000,1000,97.610,500,97.530,1000,97.520,2800,97.510,34400,97.500,9600,97.730,500,97.740,300,97.750,1600,97.770,1100,97.780,2020-09-25,10:32:59,00,";
var hq_str_sh603259="药明康德,99.000,96.840,97.720,99.490,97.530,97.710,97.720,9909301,976472984.000,100,97.710,800,97.690,300,97.680,100,97.670,100,97.660,500,97.720,6700,97.730,700,97.740,300,97.750,1100,97.780,2020-09-25,10:33:59,00,";
var hq_str_sh603259="药明康德,99.000,96.840,97.740,99.490,97.530,97.740,97.750,9951401,980587131.000,100,97.740,14900,97.730,600,97.720,100,97.690,3400,97.680,1000,97.750,1100,97.770,1100,97.780,100,97.790,800,97.800,2020-09-25,10:34:56,00,";
var hq_str_sh603259="药明康德,99.000,96.840,97.600,99.490,97.530,97.590,97.600,10046701,989892840.000,300,97.590,200,97.570,1700,97.560,7400,97.550,500,97.540,3900,97.600,100,97.620,700,97.630,300,97.640,4000,97.650,2020-09-25,10:35:59,00,";
var hq_str_sh603259="药明康德,99.000,96.840,97.560,99.490,97.530,97.540,97.560,10109201,995990374.000,6100,97.540,7500,97.530,6500,97.520,2600,97.510,33800,97.500,900,97.560,400,97.570,600,97.580,2600,97.590,2700,97.600,2020-09-25,10:36:59,00,";
var hq_str_sh603259="药明康德,99.000,96.840,97.590,99.490,97.530,97.580,97.590,10180701,1002966349.000,200,97.580,100,97.570,800,97.540,4500,97.530,6500,97.520,3000,97.590,900,97.600,5100,97.610,1700,97.620,500,97.630,2020-09-25,10:37:59,00,";
var hq_str_sh603259="药明康德,99.000,96.840,97.600,99.490,97.530,97.590,97.610,10219801,1006782106.000,400,97.590,600,97.570,900,97.560,800,97.550,1100,97.540,663,97.610,1200,97.620,500,97.630,200,97.640,4300,97.650,2020-09-25,10:38:59,00,";
var hq_str_sh603259="药明康德,99.000,96.840,97.640,99.490,97.530,97.640,97.730,10254101,1010130843.000,300,97.640,300,97.620,2000,97.610,900,97.600,100,97.590,700,97.730,800,97.740,300,97.750,100,97.770,200,97.790,2020-09-25,10:39:59,00,";
var hq_str_sh603259="药明康德,99.000,96.840,97.810,99.490,97.530,97.800,97.810,10277301,1012397753.000,1100,97.800,100,97.790,800,97.770,1300,97.750,1700,97.740,400,97.810,300,97.820,200,97.840,6000,97.880,100,97.890,2020-09-25,10:40:59,00,";
var hq_str_sh603259="药明康德,99.000,96.840,97.770,99.490,97.530,97.750,97.760,10319101,1016486179.000,600,97.750,800,97.740,900,97.730,600,97.720,100,97.710,1300,97.760,2200,97.770,1400,97.780,3900,97.790,500,97.800,2020-09-25,10:41:59,00,";
var hq_str_sh603259="药明康德,99.000,96.840,97.740,99.490,97.530,97.710,97.740,10345101,1019027890.000,700,97.710,2000,97.700,800,97.690,600,97.680,200,97.670,3000,97.740,700,97.750,1400,97.760,600,97.770,1300,97.780,2020-09-25,10:42:59,00,";
var hq_str_sh603259="药明康德,99.000,96.840,97.710,99.490,97.530,97.700,97.710,10361701,1020649944.000,400,97.700,400,97.690,600,97.680,200,97.670,500,97.660,4600,97.710,900,97.720,2500,97.730,700,97.740,100,97.750,2020-09-25,10:43:59,00,";
var hq_str_sh603259="药明康德,99.000,96.840,97.650,99.490,97.530,97.650,97.660,10392201,1023628580.000,1900,97.650,1000,97.630,300,97.620,800,97.610,2500,97.600,600,97.660,400,97.670,1645,97.690,100,97.700,1900,97.710,2020-09-25,10:45:02,00,";
var hq_str_sh603259="药明康德,99.000,96.840,97.600,99.490,97.530,97.600,97.610,10410701,1025435077.000,1400,97.600,100,97.590,1000,97.580,1700,97.570,1600,97.560,1200,97.610,700,97.620,200,97.630,6000,97.640,400,97.660,2020-09-25,10:45:59,00,";
var hq_str_sh603259="药明康德,99.000,96.840,97.690,99.490,97.530,97.660,97.670,10437901,1028090788.000,200,97.660,3400,97.650,1000,97.640,200,97.630,3400,97.610,900,97.670,285,97.690,1900,97.710,200,97.720,100,97.750,2020-09-25,10:46:59,00,";
var hq_str_sh603259="药明康德,99.000,96.840,97.670,99.490,97.530,97.670,97.690,10458601,1030113008.000,2900,97.670,7700,97.660,900,97.650,500,97.640,200,97.630,1200,97.690,2400,97.700,400,97.710,100,97.750,200,97.760,2020-09-25,10:47:59,00,";
var hq_str_sh603259="药明康德,99.000,96.840,97.760,99.490,97.530,97.760,97.810,10471701,1031392933.000,400,97.760,200,97.750,200,97.730,1100,97.710,1300,97.700,300,97.810,1000,97.880,1100,97.890,200,97.930,100,97.990,2020-09-25,10:48:59,00,";
var hq_str_sh603259="药明康德,99.000,96.840,97.860,99.490,97.530,97.860,97.870,10492601,1033437854.000,300,97.860,500,97.850,1200,97.820,100,97.800,2300,97.790,1700,97.870,600,97.880,1100,97.890,400,97.900,100,97.920,2020-09-25,10:49:59,00,";
var hq_str_sh603259="药明康德,99.000,96.840,97.950,99.490,97.530,97.900,97.930,10532501,1037344649.000,800,97.900,7900,97.890,1400,97.880,2200,97.870,2200,97.860,1000,97.930,400,97.960,800,97.970,800,97.980,18100,98.000,2020-09-25,10:50:59,00,";
var hq_str_sh603259="药明康德,99.000,96.840,97.970,99.490,97.530,97.950,97.960,10555401,1039587411.000,300,97.950,100,97.940,500,97.930,100,97.920,4900,97.910,500,97.960,900,97.970,1200,97.980,400,97.990,19900,98.000,2020-09-25,10:51:59,00,";
var hq_str_sh603259="药明康德,99.000,96.840,97.900,99.490,97.530,97.900,97.930,10599901,1043946408.000,100,97.900,5800,97.880,1800,97.870,2700,97.860,500,97.840,3800,97.930,700,97.940,2500,97.950,800,97.960,1700,97.970,2020-09-25,10:52:59,00,";
var hq_str_sh603259="药明康德,99.000,96.840,97.730,99.490,97.530,97.710,97.730,10634101,1047292010.000,100,97.710,1800,97.700,300,97.690,1000,97.680,500,97.670,700,97.730,100,97.740,700,97.750,5900,97.760,200,97.770,2020-09-25,10:54:00,00,";
var hq_str_sh603259="药明康德,99.000,96.840,97.700,99.490,97.530,97.700,97.710,10692801,1053024906.000,300,97.700,200,97.690,100,97.680,100,97.630,2700,97.620,100,97.710,400,97.730,200,97.740,200,97.750,4300,97.760,2020-09-25,10:54:59,00,";
var hq_str_sh603259="药明康德,99.000,96.840,97.620,99.490,97.530,97.610,97.620,10732001,1056853198.000,8400,97.610,2600,97.600,6300,97.580,1100,97.570,1300,97.560,200,97.620,2300,97.630,500,97.640,3400,97.650,500,97.660,2020-09-25,10:55:59,00,";
var hq_str_sh603259="药明康德,99.000,96.840,97.570,99.490,97.530,97.570,97.580,10769001,1060464149.000,600,97.570,1500,97.560,7300,97.550,2500,97.540,7800,97.530,200,97.580,100,97.590,3000,97.600,900,97.610,1200,97.630,2020-09-25,10:57:00,00,";
var hq_str_sh603259="药明康德,99.000,96.840,97.580,99.490,97.530,97.580,97.590,10791401,1062650292.000,6800,97.580,8800,97.570,6600,97.560,7200,97.550,2500,97.540,800,97.590,900,97.600,7500,97.610,200,97.620,1200,97.630,2020-09-25,10:58:00,00,";
var hq_str_sh603259="药明康德,99.000,96.840,97.640,99.490,97.530,97.610,97.640,10809801,1064446440.000,600,97.610,700,97.600,2800,97.590,7000,97.580,8600,97.570,800,97.640,200,97.650,200,97.660,700,97.670,400,97.680,2020-09-25,10:59:00,00,";
var hq_str_sh603259="药明康德,99.000,96.840,97.610,99.490,97.530,97.610,97.640,10823701,1065803651.000,300,97.610,2000,97.600,600,97.590,7000,97.580,8600,97.570,11900,97.640,7100,97.650,500,97.660,200,97.670,600,97.680,2020-09-25,10:59:57,00,";
var hq_str_sh603259="药明康德,99.000,96.840,97.600,99.490,97.530,97.600,97.610,10854056,1068766720.000,1845,97.600,300,97.590,2800,97.580,8600,97.570,6000,97.560,100,97.610,4000,97.620,100,97.630,1200,97.640,1100,97.650,2020-09-25,11:00:59,00,";
var hq_str_sh603259="药明康德,99.000,96.840,97.560,99.490,97.530,97.560,97.580,10909101,1074138398.000,4300,97.560,7300,97.550,2000,97.540,8300,97.530,5800,97.520,300,97.580,255,97.590,5600,97.600,400,97.620,100,97.630,2020-09-25,11:02:00,00,";
var hq_str_sh603259="药明康德,99.000,96.840,97.580,99.490,97.530,97.580,97.590,10927901,1075972860.000,1200,97.580,300,97.570,3000,97.560,7600,97.550,2700,97.540,900,97.590,4900,97.600,400,97.620,100,97.630,1200,97.640,2020-09-25,11:03:00,00,";
var hq_str_sh603259="药明康德,99.000,96.840,97.610,99.490,97.530,97.600,97.610,10948901,1078022474.000,1000,97.600,900,97.590,11500,97.580,2500,97.560,7600,97.550,1300,97.610,5400,97.620,100,97.630,1100,97.640,100,97.660,2020-09-25,11:04:00,00,";
var hq_str_sh603259="药明康德,99.000,96.840,97.550,99.490,97.530,97.550,97.560,10981501,1081203655.000,5000,97.550,2800,97.540,5200,97.530,7300,97.520,4000,97.510,900,97.560,300,97.570,300,97.580,100,97.590,600,97.600,2020-09-25,11:05:00,00,";
var hq_str_sh603259="药明康德,99.000,96.840,97.570,99.490,97.530,97.570,97.580,11023701,1085320170.000,2000,97.570,600,97.560,100,97.550,1200,97.530,6500,97.520,300,97.580,1600,97.600,4500,97.610,100,97.630,1000,97.640,2020-09-25,11:06:00,00,";
var hq_str_sh603259="药明康德,99.000,96.840,97.710,99.490,97.530,97.680,97.700,11048401,1087732108.000,400,97.680,400,97.670,1500,97.660,5100,97.640,200,97.630,200,97.700,1200,97.710,200,97.720,700,97.730,400,97.740,2020-09-25,11:07:00,00,";
var hq_str_sh603259="药明康德,99.000,96.840,97.690,99.490,97.530,97.670,97.690,11067001,1089549267.000,1300,97.670,6100,97.660,200,97.650,5700,97.640,200,97.630,5500,97.690,1200,97.700,800,97.710,300,97.720,400,97.730,2020-09-25,11:07:59,00,";
var hq_str_sh603259="药明康德,99.000,96.840,97.710,99.490,97.530,97.710,97.720,11090201,1091815731.000,200,97.710,600,97.700,200,97.690,1800,97.680,1100,97.670,600,97.720,600,97.730,400,97.740,700,97.750,1800,97.780,2020-09-25,11:09:00,00,";
var hq_str_sh603259="药明康德,99.000,96.840,97.730,99.490,97.530,97.730,97.740,11099001,1092675759.000,1900,97.730,2700,97.720,1500,97.710,500,97.700,300,97.690,4100,97.740,700,97.750,1800,97.780,700,97.800,500,97.810,2020-09-25,11:10:00,00,";
var hq_str_sh603259="药明康德,99.000,96.840,97.780,99.490,97.530,97.750,97.770,11126801,1095393029.000,3900,97.750,1700,97.740,1600,97.730,2400,97.720,200,97.710,100,97.770,1400,97.780,700,97.800,500,97.810,700,97.820,2020-09-25,11:11:00,00,";
var hq_str_sh603259="药明康德,99.000,96.840,97.580,99.490,97.530,97.580,97.600,11188701,1101439331.000,300,97.580,2600,97.570,1100,97.560,1300,97.550,2600,97.540,2100,97.600,300,97.610,2100,97.620,800,97.630,500,97.640,2020-09-25,11:12:00,00,";
var hq_str_sh603259="药明康德,99.000,96.840,97.560,99.490,97.530,97.560,97.580,11222801,1104766288.000,3400,97.560,1300,97.550,12000,97.540,2400,97.530,6400,97.520,1500,97.580,700,97.590,900,97.600,200,97.620,400,97.630,2020-09-25,11:13:00,00,";
var hq_str_sh603259="药明康德,99.000,96.840,97.520,99.490,97.520,97.510,97.520,11267201,1109097307.000,2600,97.510,36700,97.500,2600,97.480,500,97.470,1300,97.460,300,97.520,200,97.530,1900,97.540,4500,97.550,6400,97.560,2020-09-25,11:14:00,00,";
var hq_str_sh603259="药明康德,99.000,96.840,97.370,99.490,97.340,97.360,97.380,11335601,1115764042.000,3800,97.360,200,97.350,1800,97.340,800,97.330,1400,97.320,4200,97.380,300,97.390,200,97.400,300,97.410,200,97.430,2020-09-25,11:15:00,00,";
var hq_str_sh603259="药明康德,99.000,96.840,97.400,99.490,97.340,97.400,97.410,11377201,1119815766.000,400,97.400,3200,97.390,100,97.380,1200,97.360,2600,97.350,1500,97.410,200,97.470,100,97.490,200,97.500,200,97.510,2020-09-25,11:16:00,00,";
var hq_str_sh603259="药明康德,99.000,96.840,97.450,99.490,97.340,97.450,97.500,11389301,1120994729.000,8400,97.450,1100,97.440,2700,97.430,1300,97.410,3800,97.400,100,97.500,200,97.510,100,97.530,500,97.540,400,97.550,2020-09-25,11:16:57,00,";
var hq_str_sh603259="药明康德,99.000,96.840,97.460,99.490,97.340,97.450,97.460,11425801,1124551904.000,400,97.450,1200,97.430,1400,97.410,4600,97.400,3300,97.390,1100,97.460,400,97.470,400,97.480,200,97.490,200,97.500,2020-09-25,11:18:00,00,";
var hq_str_sh603259="药明康德,99.000,96.840,97.480,99.490,97.340,97.460,97.470,11448108,1126725900.000,900,97.460,1293,97.450,500,97.430,1000,97.420,8200,97.410,200,97.470,400,97.490,300,97.500,400,97.530,500,97.540,2020-09-25,11:19:00,00,";
var hq_str_sh603259="药明康德,99.000,96.840,97.630,99.490,97.340,97.610,97.630,11465408,1128413571.000,100,97.610,1600,97.600,100,97.580,100,97.560,100,97.540,1300,97.630,300,97.650,400,97.660,500,97.680,300,97.700,2020-09-25,11:20:00,00,";
var hq_str_sh603259="药明康德,99.000,96.840,97.730,99.490,97.340,97.720,97.730,11476508,1129497862.000,300,97.720,1500,97.700,1600,97.680,100,97.660,6300,97.650,300,97.730,400,97.740,300,97.760,700,97.770,600,97.780,2020-09-25,11:21:00,00,";
var hq_str_sh603259="药明康德,99.000,96.840,97.700,99.490,97.340,97.700,97.710,11487008,1130524069.000,1100,97.700,200,97.660,16400,97.650,500,97.640,500,97.620,400,97.710,1600,97.720,100,97.730,100,97.740,4800,97.750,2020-09-25,11:22:00,00,";
var hq_str_sh603259="药明康德,99.000,96.840,97.570,99.490,97.340,97.520,97.570,11520708,1133814367.000,1200,97.520,900,97.510,800,97.500,200,97.490,600,97.480,500,97.570,500,97.580,100,97.590,200,97.600,600,97.610,2020-09-25,11:23:00,00,";
var hq_str_sh603259="药明康德,99.000,96.840,97.530,99.490,97.340,97.520,97.530,11537108,1135414636.000,1200,97.520,1000,97.510,900,97.500,200,97.490,600,97.480,600,97.530,500,97.540,300,97.550,100,97.560,1600,97.570,2020-09-25,11:24:00,00,";
var hq_str_sh603259="药明康德,99.000,96.840,97.480,99.490,97.340,97.480,97.500,11556108,1137267361.000,100,97.480,900,97.470,1500,97.460,600,97.450,500,97.440,800,97.500,900,97.510,800,97.520,500,97.530,200,97.540,2020-09-25,11:25:00,00,";
var hq_str_sh603259="药明康德,99.000,96.840,97.300,99.490,97.280,97.300,97.320,11617508,1143245850.000,300,97.300,500,97.280,400,97.270,600,97.260,100,97.250,2600,97.320,8600,97.330,200,97.340,2300,97.350,100,97.380,2020-09-25,11:25:57,00,";
var hq_str_sh603259="药明康德,99.000,96.840,97.260,99.490,97.240,97.240,97.250,11638908,1145327693.000,300,97.240,2300,97.230,20800,97.220,7900,97.210,1700,97.200,200,97.250,1500,97.260,1200,97.270,1100,97.280,300,97.290,2020-09-25,11:26:57,00,";
var hq_str_sh603259="药明康德,99.000,96.840,97.270,99.490,97.230,97.260,97.270,11669388,1148292291.000,1100,97.260,800,97.250,1900,97.240,1320,97.230,20700,97.220,1000,97.270,900,97.280,100,97.300,10100,97.310,800,97.320,2020-09-25,11:28:00,00,";
var hq_str_sh603259="药明康德,99.000,96.840,97.300,99.490,97.230,97.290,97.300,11704488,1151707239.000,1100,97.290,3200,97.280,1400,97.270,1000,97.260,7000,97.250,400,97.300,600,97.320,2100,97.330,700,97.350,2200,97.390,2020-09-25,11:29:00,00,";
var hq_str_sh603259="药明康德,99.000,96.840,97.360,99.490,97.230,97.350,97.360,11727788,1153975215.000,200,97.350,100,97.340,1600,97.330,1300,97.320,100,97.310,3900,97.360,900,97.390,1000,97.400,600,97.410,200,97.420,2020-09-25,11:29:57,00,";
var hq_str_sh603259="药明康德,99.000,96.840,97.360,99.490,97.230,97.350,97.360,11727888,1153984951.000,800,97.350,100,97.340,1600,97.330,1300,97.320,100,97.310,3800,97.360,900,97.390,1000,97.400,600,97.410,200,97.420,2020-09-25,11:30:00,00,";
var hq_str_sh603259="药明康德,99.000,96.840,97.400,99.490,97.230,97.400,97.410,11829288,1163859354.000,1600,97.400,200,97.350,100,97.330,200,97.320,3900,97.310,1400,97.410,2200,97.420,2000,97.430,200,97.460,700,97.500,2020-09-25,13:00:57,00,";
var hq_str_sh603259="药明康德,99.000,96.840,97.370,99.490,97.230,97.370,97.380,11857988,1166654324.000,2800,97.370,1900,97.360,1800,97.350,500,97.340,1100,97.330,7800,97.380,4200,97.390,380,97.400,400,97.410,2200,97.420,2020-09-25,13:01:57,00,";
var hq_str_sh603259="药明康德,99.000,96.840,97.600,99.490,97.230,97.590,97.610,11933168,1173983872.000,100,97.590,2400,97.580,3000,97.570,1400,97.560,200,97.550,400,97.610,100,97.630,300,97.640,7800,97.650,200,97.690,2020-09-25,13:02:57,00,";
var hq_str_sh603259="药明康德,99.000,96.840,97.690,99.490,97.230,97.680,97.690,11974768,1178047029.000,7200,97.680,100,97.660,500,97.650,400,97.640,1600,97.630,9900,97.690,1700,97.700,600,97.710,600,97.720,300,97.770,2020-09-25,13:04:00,00,";
var hq_str_sh603259="药明康德,99.000,96.840,97.530,99.490,97.230,97.500,97.520,12020068,1182468614.000,1000,97.500,200,97.460,1000,97.410,500,97.400,700,97.360,100,97.520,1300,97.530,2100,97.540,1100,97.550,100,97.570,2020-09-25,13:05:00,00,";
var hq_str_sh603259="药明康德,99.000,96.840,97.630,99.490,97.230,97.620,97.640,12052168,1185601408.000,4200,97.620,400,97.580,2100,97.560,800,97.550,500,97.540,400,97.640,400,97.650,200,97.670,2200,97.680,13600,97.690,2020-09-25,13:05:57,00,";
var hq_str_sh603259="药明康德,99.000,96.840,97.680,99.490,97.230,97.690,97.700,12110768,1191323175.000,200,97.690,1700,97.680,100,97.670,200,97.630,4300,97.610,200,97.700,600,97.710,800,97.720,600,97.780,700,97.800,2020-09-25,13:06:57,00,";
var hq_str_sh603259="药明康德,99.000,96.840,97.770,99.490,97.230,97.770,97.800,12136368,1193825509.000,100,97.770,4200,97.760,1800,97.750,300,97.730,2700,97.720,900,97.800,500,97.810,500,97.830,10700,97.840,100,97.850,2020-09-25,13:07:57,00,";
var hq_str_sh603259="药明康德,99.000,96.840,97.710,99.490,97.230,97.700,97.730,12199268,1199975741.000,600,97.700,200,97.690,600,97.680,500,97.660,500,97.640,400,97.730,4100,97.750,1700,97.760,4300,97.770,500,97.780,2020-09-25,13:08:57,00,";
var hq_str_sh603259="药明康德,99.000,96.840,97.730,99.490,97.230,97.700,97.710,12256768,1205594479.000,4500,97.700,1600,97.680,500,97.660,500,97.640,500,97.620,1000,97.710,2100,97.740,700,97.750,1200,97.760,500,97.770,2020-09-25,13:09:57,00,";
var hq_str_sh603259="药明康德,99.000,96.840,97.560,99.490,97.230,97.560,97.570,12294168,1209245976.000,300,97.560,300,97.550,600,97.540,500,97.520,2100,97.500,700,97.570,6400,97.580,800,97.590,600,97.600,600,97.610,2020-09-25,13:10:57,00,";
var hq_str_sh603259="药明康德,99.000,96.840,97.430,99.490,97.230,97.430,97.440,12334468,1213172966.000,12700,97.430,2600,97.420,700,97.410,700,97.400,100,97.390,1200,97.440,100,97.450,1300,97.510,200,97.520,1400,97.540,2020-09-25,13:11:57,00,";
var hq_str_sh603259="药明康德,99.000,96.840,97.510,99.490,97.230,97.510,97.550,12387268,1218318268.000,200,97.510,100,97.490,800,97.480,100,97.470,100,97.460,200,97.550,100,97.560,1700,97.580,200,97.600,400,97.610,2020-09-25,13:12:57,00,";
var hq_str_sh603259="药明康德,99.000,96.840,97.530,99.490,97.230,97.520,97.530,12439068,1223370758.000,1800,97.520,3200,97.500,200,97.470,300,97.460,2000,97.450,100,97.530,1500,97.550,1600,97.560,1400,97.570,100,97.580,2020-09-25,13:13:57,00,";
var hq_str_sh603259="药明康德,99.000,96.840,97.330,99.490,97.230,97.330,97.350,12499984,1229304190.000,584,97.330,2100,97.320,800,97.310,3300,97.300,100,97.290,800,97.350,1900,97.360,200,97.370,1700,97.380,1300,97.400,2020-09-25,13:15:00,00,";
var hq_str_sh603259="药明康德,99.000,96.840,97.260,99.490,97.230,97.250,97.260,12551968,1234362415.000,900,97.250,1100,97.240,220,97.230,1300,97.220,200,97.210,800,97.260,500,97.270,1500,97.280,800,97.290,1300,97.300,2020-09-25,13:15:57,00,";
var hq_str_sh603259="药明康德,99.000,96.840,97.230,99.490,97.210,97.220,97.230,12603088,1239333885.000,100,97.220,400,97.210,5400,97.200,300,97.190,1000,97.180,500,97.230,300,97.240,980,97.250,1400,97.280,1500,97.330,2020-09-25,13:16:57,00,";
var hq_str_sh603259="药明康德,99.000,96.840,97.330,99.490,97.210,97.320,97.330,12628568,1241812486.000,700,97.320,1300,97.300,700,97.290,10200,97.280,900,97.270,1000,97.330,916,97.350,1300,97.400,400,97.430,1900,97.450,2020-09-25,13:17:57,00,";
var hq_str_sh603259="药明康德,99.000,96.840,97.420,99.490,97.210,97.450,97.480,12684684,1247278011.000,600,97.450,1000,97.430,3000,97.420,100,97.410,1000,97.400,100,97.480,200,97.490,1700,97.500,1200,97.520,1000,97.530,2020-09-25,13:18:57,00,";
var hq_str_sh603259="药明康德,99.000,96.840,97.400,99.490,97.210,97.360,97.400,12710484,1249790750.000,200,97.360,200,97.350,1000,97.340,400,97.330,200,97.320,5700,97.400,800,97.410,500,97.430,200,97.450,1700,97.470,2020-09-25,13:20:00,00,";
var hq_str_sh603259="药明康德,99.000,96.840,97.380,99.490,97.210,97.380,97.400,12733984,1252079270.000,800,97.380,600,97.340,2300,97.330,1000,97.320,1600,97.300,300,97.400,400,97.410,500,97.430,400,97.450,1700,97.470,2020-09-25,13:21:00,00,";
var hq_str_sh603259="药明康德,99.000,96.840,97.410,99.490,97.210,97.410,97.420,12764684,1255069469.000,1200,97.410,600,97.400,400,97.390,700,97.380,500,97.370,1300,97.420,400,97.430,500,97.440,200,97.450,1700,97.470,2020-09-25,13:21:57,00,";
var hq_str_sh603259="药明康德,99.000,96.840,97.420,99.490,97.210,97.420,97.430,12809784,1259462425.000,800,97.420,1800,97.380,100,97.360,2500,97.350,1200,97.340,300,97.430,1900,97.440,3500,97.470,200,97.480,1200,97.490,2020-09-25,13:22:57,00,";
var hq_str_sh603259="药明康德,99.000,96.840,97.420,99.490,97.210,97.410,97.420,12837484,1262160516.000,200,97.410,1700,97.400,200,97.390,900,97.380,100,97.370,1800,97.420,1300,97.430,200,97.440,3600,97.470,200,97.480,2020-09-25,13:23:57,00,";
var hq_str_sh603259="药明康德,99.000,96.840,97.410,99.490,97.210,97.400,97.410,12870924,1265417755.000,2000,97.400,900,97.390,1400,97.380,1100,97.370,2200,97.360,300,97.410,6400,97.420,200,97.430,3500,97.470,700,97.480,2020-09-25,13:25:00,00,";
var hq_str_sh603259="药明康德,99.000,96.840,97.410,99.490,97.210,97.410,97.420,12910624,1269284772.000,400,97.410,1600,97.400,700,97.390,2400,97.380,1100,97.370,8000,97.420,300,97.430,3500,97.470,800,97.480,1200,97.490,2020-09-25,13:26:00,00,";
var hq_str_sh603259="药明康德,99.000,96.840,97.410,99.490,97.210,97.410,97.430,12940524,1272197477.000,1800,97.410,4500,97.400,600,97.390,1900,97.380,1100,97.370,900,97.430,300,97.440,3500,97.470,800,97.480,1300,97.490,2020-09-25,13:26:57,00,";
var hq_str_sh603259="药明康德,99.000,96.840,97.420,99.490,97.210,97.430,97.440,12959824,1274077752.000,100,97.430,2400,97.420,3100,97.410,1700,97.400,1400,97.380,10400,97.440,300,97.450,3500,97.470,1300,97.480,1200,97.490,2020-09-25,13:27:57,00,";
var hq_str_sh603259="药明康德,99.000,96.840,97.420,99.490,97.210,97.420,97.430,12990824,1277097873.000,400,97.420,2500,97.410,2900,97.400,1300,97.390,1400,97.380,400,97.430,14400,97.440,100,97.450,3500,97.470,1200,97.480,2020-09-25,13:28:57,00,";
var hq_str_sh603259="药明康德,99.000,96.840,97.420,99.490,97.210,97.420,97.430,13025624,1280488208.000,18600,97.420,400,97.410,2300,97.400,100,97.390,1200,97.380,1500,97.430,10900,97.440,600,97.450,3500,97.470,700,97.480,2020-09-25,13:29:57,00,";
var hq_str_sh603259="药明康德,99.000,96.840,97.400,99.490,97.210,97.390,97.400,13162324,1293802565.000,6700,97.390,100,97.380,1300,97.370,1300,97.360,400,97.350,500,97.400,900,97.410,700,97.420,1800,97.430,5700,97.440,2020-09-25,13:30:57,00,";
var hq_str_sh603259="药明康德,99.000,96.840,97.420,99.490,97.210,97.420,97.430,13266124,1303916506.000,6200,97.420,200,97.410,13100,97.400,1200,97.380,600,97.370,5900,97.430,100,97.450,400,97.460,400,97.470,700,97.480,2020-09-25,13:32:00,00,";
var hq_str_sh603259="药明康德,99.000,96.840,97.440,99.490,97.210,97.440,97.450,13293224,1306557697.000,1000,97.440,1800,97.430,15500,97.420,10200,97.410,700,97.400,400,97.450,1300,97.460,5600,97.500,900,97.530,3600,97.550,2020-09-25,13:32:57,00,";
var hq_str_sh603259="药明康德,99.000,96.840,97.630,99.490,97.210,97.600,97.620,13333124,1310448479.000,100,97.600,300,97.580,100,97.560,4200,97.550,300,97.540,400,97.620,400,97.630,100,97.640,800,97.670,600,97.680,2020-09-25,13:33:57,00,";
var hq_str_sh603259="药明康德,99.000,96.840,97.610,99.490,97.210,97.580,97.610,13369824,1314030961.000,200,97.580,300,97.570,3500,97.560,500,97.550,500,97.540,1200,97.610,3000,97.620,100,97.660,600,97.680,600,97.690,2020-09-25,13:35:00,00,";
var hq_str_sh603259="药明康德,99.000,96.840,97.650,99.490,97.210,97.650,97.660,13400324,1317009063.000,400,97.650,100,97.600,3300,97.590,500,97.580,300,97.570,1400,97.660,1100,97.670,1100,97.680,20600,97.690,2300,97.700,2020-09-25,13:35:57,00,";
var hq_str_sh603259="药明康德,99.000,96.840,97.560,99.490,97.210,97.560,97.570,13426724,1319585595.000,100,97.560,500,97.550,500,97.540,500,97.520,1100,97.500,1300,97.570,200,97.580,300,97.590,1200,97.600,900,97.640,2020-09-25,13:37:00,00,";
var hq_str_sh603259="药明康德,99.000,96.840,97.640,99.490,97.210,97.640,97.650,13453924,1322240511.000,1300,97.640,200,97.630,700,97.610,1200,97.600,1100,97.590,1300,97.650,6900,97.660,2700,97.680,20500,97.690,300,97.700,2020-09-25,13:38:00,00,";
var hq_str_sh603259="药明康德,99.000,96.840,97.700,99.490,97.210,97.690,97.700,13517124,1328413619.000,500,97.690,300,97.680,300,97.660,900,97.650,1500,97.640,1700,97.700,300,97.720,1700,97.730,1200,97.750,800,97.770,2020-09-25,13:39:00,00,";
var hq_str_sh603259="药明康德,99.000,96.840,97.840,99.490,97.210,97.830,97.840,13581924,1334750220.000,100,97.830,2700,97.820,700,97.800,600,97.790,18900,97.780,600,97.840,700,97.850,700,97.860,1400,97.900,200,97.910,2020-09-25,13:39:57,00,";
var hq_str_sh603259="药明康德,99.000,96.840,97.860,99.490,97.210,97.850,97.860,13617424,1338223328.000,3000,97.850,300,97.820,100,97.810,1100,97.800,100,97.790,800,97.860,1400,97.900,200,97.910,3600,97.930,200,97.940,2020-09-25,13:40:57,00,";
var hq_str_sh603259="药明康德,99.000,96.840,97.780,99.490,97.210,97.780,97.800,13657424,1342136034.000,18500,97.780,5800,97.770,500,97.760,600,97.740,600,97.720,6200,97.800,400,97.810,4700,97.820,3500,97.830,1300,97.840,2020-09-25,13:42:00,00,";
var hq_str_sh603259="药明康德,99.000,96.840,97.800,99.490,97.210,97.760,97.800,13744324,1350633759.000,200,97.760,300,97.750,600,97.740,600,97.720,3400,97.700,1500,97.800,1400,97.810,3200,97.820,3400,97.830,2800,97.850,2020-09-25,13:42:57,00,";
var hq_str_sh603259="药明康德,99.000,96.840,97.820,99.490,97.210,97.810,97.820,13781724,1354291327.000,100,97.810,3000,97.800,1300,97.790,4900,97.780,5800,97.770,5600,97.820,4500,97.830,3300,97.840,2800,97.850,2000,97.880,2020-09-25,13:44:00,00,";
var hq_str_sh603259="药明康德,99.000,96.840,97.760,99.490,97.210,97.750,97.760,13816724,1357713644.000,900,97.750,600,97.740,2600,97.720,100,97.710,3500,97.700,1500,97.760,1300,97.770,1700,97.780,500,97.800,8300,97.810,2020-09-25,13:45:00,00,";
var hq_str_sh603259="药明康德,99.000,96.840,97.730,99.490,97.210,97.710,97.730,13861724,1362112604.000,100,97.710,3500,97.700,1600,97.680,1200,97.660,100,97.650,1100,97.730,5700,97.750,100,97.760,600,97.790,5800,97.800,2020-09-25,13:46:00,00,";
var hq_str_sh603259="药明康德,99.000,96.840,97.710,99.490,97.210,97.710,97.720,13887924,1364673248.000,200,97.710,900,97.700,100,97.690,1600,97.680,1200,97.660,520,97.720,100,97.730,600,97.740,700,97.750,400,97.760,2020-09-25,13:47:00,00,";
var hq_str_sh603259="药明康德,99.000,96.840,97.660,99.490,97.210,97.660,97.670,13905824,1366421862.000,4900,97.660,500,97.650,500,97.640,1600,97.620,1700,97.600,100,97.670,23000,97.680,8000,97.700,300,97.710,5100,97.720,2020-09-25,13:47:57,00,";
var hq_str_sh603259="药明康德,99.000,96.840,97.630,99.490,97.210,97.620,97.630,13939324,1369692892.000,600,97.620,600,97.580,500,97.560,500,97.550,500,97.540,1000,97.630,1900,97.640,1500,97.650,6000,97.660,5900,97.670,2020-09-25,13:49:00,00,";
var hq_str_sh603259="药明康德,99.000,96.840,97.620,99.490,97.210,97.620,97.640,13957524,1371469398.000,100,97.620,500,97.610,200,97.600,2900,97.580,500,97.560,3600,97.640,2100,97.650,6000,97.660,4700,97.670,22700,97.680,2020-09-25,13:49:57,00,";
var hq_str_sh603259="药明康德,99.000,96.840,97.620,99.490,97.210,97.620,97.630,14021224,1377688196.000,100,97.620,3700,97.610,100,97.600,800,97.590,900,97.580,900,97.630,100,97.640,4600,97.650,6000,97.660,100,97.670,2020-09-25,13:51:00,00,";
var hq_str_sh603259="药明康德,99.000,96.840,97.670,99.490,97.210,97.670,97.680,14068424,1382296696.000,300,97.670,2900,97.660,3500,97.650,700,97.630,700,97.610,21500,97.680,200,97.690,5600,97.700,4400,97.720,100,97.740,2020-09-25,13:51:57,00,";
var hq_str_sh603259="药明康德,99.000,96.840,97.670,99.490,97.210,97.670,97.680,14118224,1387160470.000,2200,97.670,800,97.660,500,97.650,500,97.640,600,97.630,17400,97.680,4400,97.720,100,97.740,600,97.790,5500,97.800,2020-09-25,13:52:57,00,";
var hq_str_sh603259="药明康德,99.000,96.840,97.650,99.490,97.210,97.650,97.670,14168324,1392053849.000,3100,97.650,600,97.640,900,97.630,500,97.620,2100,97.610,8300,97.670,1200,97.680,4500,97.720,100,97.740,600,97.790,2020-09-25,13:53:57,00,";
var hq_str_sh603259="药明康德,99.000,96.840,97.820,99.490,97.210,97.810,97.840,14240724,1399130908.000,600,97.810,900,97.800,300,97.790,5000,97.780,500,97.760,1460,97.840,1500,97.850,500,97.870,500,97.890,1500,97.900,2020-09-25,13:54:57,00,";
var hq_str_sh603259="药明康德,99.000,96.840,97.870,99.490,97.210,97.870,97.890,14323332,1407212911.000,340,97.870,21400,97.850,26052,97.840,500,97.830,400,97.820,4700,97.890,600,97.900,200,97.940,200,97.950,500,97.970,2020-09-25,13:55:57,00,";
var hq_str_sh603259="药明康德,99.000,96.840,97.950,99.490,97.210,97.960,97.970,14410372,1415731563.000,5100,97.960,400,97.950,300,97.940,900,97.930,2000,97.910,600,97.970,1200,97.980,3900,97.990,15300,98.000,200,98.020,2020-09-25,13:57:00,00,";
var hq_str_sh603259="药明康德,99.000,96.840,98.090,99.490,97.210,98.070,98.090,14455672,1420171290.000,700,98.070,700,98.060,7200,98.040,100,98.010,13200,98.000,900,98.090,300,98.100,100,98.150,500,98.160,1400,98.170,2020-09-25,13:57:57,00,";
var hq_str_sh603259="药明康德,99.000,96.840,98.040,99.490,97.210,98.040,98.050,14477372,1422299348.000,1700,98.040,500,98.020,400,98.010,14200,98.000,9100,97.990,1200,98.050,300,98.060,600,98.070,2100,98.080,5200,98.090,2020-09-25,13:58:57,00,";
var hq_str_sh603259="药明康德,99.000,96.840,98.120,99.490,97.210,98.120,98.150,14555512,1429968313.000,500,98.120,2060,98.110,2900,98.100,700,98.090,200,98.080,4500,98.150,2200,98.160,5900,98.170,800,98.190,7700,98.200,2020-09-25,14:00:00,00,";
var hq_str_sh603259="药明康德,99.000,96.840,98.100,99.490,97.210,98.090,98.100,14600572,1434388423.000,5200,98.090,5100,98.080,800,98.070,800,98.060,900,98.040,2200,98.100,100,98.130,3700,98.140,1340,98.150,6300,98.160,2020-09-25,14:01:00,00,";
var hq_str_sh603259="药明康德,99.000,96.840,98.070,99.490,97.210,98.060,98.070,14631372,1437409162.000,800,98.060,300,98.050,500,98.030,23800,98.020,200,98.010,300,98.070,1100,98.090,300,98.100,200,98.130,3700,98.140,2020-09-25,14:01:58,00,";
var hq_str_sh603259="药明康德,99.000,96.840,98.070,99.490,97.210,98.130,98.150,14719358,1446036134.000,100,98.130,12114,98.070,200,98.020,400,98.010,5600,98.000,200,98.150,6400,98.160,100,98.170,6800,98.200,500,98.230,2020-09-25,14:03:00,00,";
var hq_str_sh603259="药明康德,99.000,96.840,98.130,99.490,97.210,98.100,98.130,14770958,1451098646.000,300,98.100,100,98.090,100,98.070,200,98.050,200,98.020,6400,98.130,3500,98.150,1500,98.160,100,98.170,500,98.200,2020-09-25,14:03:57,00,";
var hq_str_sh603259="药明康德,99.000,96.840,98.090,99.490,97.210,98.080,98.090,14842158,1458083692.000,100,98.080,800,98.050,500,98.030,1900,98.020,300,98.010,2200,98.090,400,98.100,2200,98.120,4000,98.130,5000,98.150,2020-09-25,14:05:00,00,";
var hq_str_sh603259="药明康德,99.000,96.840,98.100,99.490,97.210,98.090,98.100,14878358,1461634560.000,100,98.090,600,98.080,100,98.070,33200,98.050,2500,98.030,8700,98.100,2300,98.150,2000,98.160,100,98.170,100,98.180,2020-09-25,14:06:00,00,";
var hq_str_sh603259="药明康德,99.000,96.840,98.100,99.490,97.210,98.080,98.100,14889058,1462684108.000,300,98.080,700,98.070,1200,98.060,33200,98.050,500,98.040,7300,98.100,200,98.110,300,98.120,600,98.150,2000,98.160,2020-09-25,14:06:57,00,";
var hq_str_sh603259="药明康德,99.000,96.840,98.130,99.490,97.210,98.130,98.200,14977058,1471321027.000,1300,98.130,1100,98.090,700,98.070,1300,98.060,33200,98.050,800,98.200,10700,98.210,1800,98.220,700,98.230,300,98.240,2020-09-25,14:07:57,00,";
var hq_str_sh603259="药明康德,99.000,96.840,98.130,99.490,97.210,98.130,98.150,15028958,1476412373.000,1000,98.130,500,98.120,100,98.110,22400,98.100,600,98.080,200,98.150,100,98.180,4900,98.190,6900,98.200,500,98.220,2020-09-25,14:08:57,00,";
var hq_str_sh603259="药明康德,99.000,96.840,98.290,99.490,97.210,98.270,98.300,15103858,1483770328.000,3900,98.270,100,98.260,200,98.250,200,98.240,100,98.230,3100,98.300,300,98.310,400,98.320,1900,98.330,100,98.340,2020-09-25,14:09:58,00,";
var hq_str_sh603259="药明康德,99.000,96.840,98.280,99.490,97.210,98.270,98.280,15147658,1488074742.000,200,98.270,800,98.260,3900,98.250,400,98.240,100,98.230,100,98.280,2700,98.290,2400,98.300,500,98.310,400,98.320,2020-09-25,14:10:58,00,";
var hq_str_sh603259="药明康德,99.000,96.840,98.350,99.490,97.210,98.350,98.390,15210358,1494238957.000,1200,98.350,1000,98.340,100,98.300,1300,98.290,4200,98.280,2300,98.390,69940,98.400,100,98.410,300,98.420,100,98.430,2020-09-25,14:11:58,00,";
var hq_str_sh603259="药明康德,99.000,96.840,98.380,99.490,97.210,98.350,98.370,15296158,1502678615.000,2700,98.350,100,98.320,400,98.310,1500,98.300,1000,98.280,600,98.370,300,98.380,2400,98.390,55740,98.400,100,98.410,2020-09-25,14:13:00,00,";
var hq_str_sh603259="药明康德,99.000,96.840,98.420,99.490,97.210,98.410,98.420,15392298,1512138181.000,2100,98.410,2160,98.400,3800,98.380,2400,98.370,500,98.360,500,98.420,100,98.430,700,98.440,2700,98.450,500,98.460,2020-09-25,14:13:58,00,";
var hq_str_sh603259="药明康德,99.000,96.840,98.260,99.490,97.210,98.260,98.280,15422258,1515085050.000,1000,98.260,900,98.240,500,98.220,20800,98.200,500,98.180,200,98.280,600,98.290,2200,98.300,1300,98.310,1800,98.320,2020-09-25,14:15:00,00,";
var hq_str_sh603259="药明康德,99.000,96.840,98.200,99.490,97.210,98.200,98.210,15475658,1520330941.000,2100,98.200,500,98.180,100,98.170,500,98.160,500,98.140,1800,98.210,3100,98.220,500,98.230,200,98.240,200,98.250,2020-09-25,14:15:58,00,";
var hq_str_sh603259="药明康德,99.000,96.840,98.270,99.490,97.210,98.270,98.280,15539927,1526643859.000,4100,98.270,3000,98.260,6400,98.250,600,98.240,700,98.230,100,98.280,2500,98.300,300,98.310,1300,98.320,600,98.330,2020-09-25,14:16:58,00,";
var hq_str_sh603259="药明康德,99.000,96.840,98.220,99.490,97.210,98.210,98.220,15581027,1530683001.000,8600,98.210,15931,98.200,1900,98.180,300,98.170,500,98.160,8100,98.220,2000,98.230,100,98.240,100,98.250,800,98.280,2020-09-25,14:18:00,00,";
var hq_str_sh603259="药明康德,99.000,96.840,98.080,99.490,97.210,98.080,98.100,15629158,1535409308.000,100,98.080,500,98.060,200,98.050,500,98.040,2100,98.030,1400,98.100,600,98.110,300,98.120,200,98.130,200,98.140,2020-09-25,14:19:00,00,";
var hq_str_sh603259="药明康德,99.000,96.840,98.060,99.490,97.210,98.050,98.060,15653158,1537762762.000,600,98.050,1100,98.040,2300,98.030,1800,98.020,17400,98.000,500,98.060,6300,98.070,4400,98.080,100,98.090,6500,98.100,2020-09-25,14:20:00,00,";
var hq_str_sh603259="药明康德,99.000,96.840,98.070,99.490,97.210,98.060,98.070,15689058,1541283208.000,1700,98.060,500,98.050,11500,98.040,2100,98.030,1800,98.020,200,98.070,4200,98.080,200,98.090,8500,98.100,300,98.110,2020-09-25,14:20:58,00,";
var hq_str_sh603259="药明康德,99.000,96.840,98.360,99.490,97.210,98.350,98.360,15761806,1548426463.000,17700,98.350,200,98.340,1800,98.320,700,98.310,8800,98.300,5400,98.360,1700,98.390,10800,98.400,6500,98.410,500,98.420,2020-09-25,14:22:00,00,";
var hq_str_sh603259="药明康德,99.000,96.840,98.460,99.490,97.210,98.460,98.500,15881236,1560183250.000,100,98.460,700,98.450,4270,98.440,200,98.430,400,98.420,15080,98.500,300,98.510,300,98.540,800,98.550,100,98.560,2020-09-25,14:22:58,00,";
var hq_str_sh603259="药明康德,99.000,96.840,98.420,99.490,97.210,98.420,98.430,15942676,1566233396.000,1580,98.420,7250,98.410,500,98.400,200,98.390,800,98.380,1700,98.430,7030,98.440,900,98.450,1100,98.460,200,98.470,2020-09-25,14:23:58,00,";
var hq_str_sh603259="药明康德,99.000,96.840,98.340,99.490,97.210,98.320,98.350,15968906,1568814315.000,700,98.320,700,98.300,500,98.280,500,98.260,500,98.240,300,98.350,200,98.360,200,98.370,7200,98.380,300,98.390,2020-09-25,14:24:58,00,";
var hq_str_sh603259="药明康德,99.000,96.840,98.270,99.490,97.210,98.260,98.270,15996006,1571477895.000,700,98.260,500,98.240,1000,98.220,1000,98.210,11500,98.200,6292,98.270,10000,98.290,3200,98.300,300,98.320,2300,98.340,2020-09-25,14:26:00,00,";
var hq_str_sh603259="药明康德,99.000,96.840,98.320,99.490,97.210,98.320,98.340,16034398,1575251328.000,1500,98.320,200,98.310,1400,98.300,600,98.290,2000,98.280,1400,98.340,2484,98.350,200,98.360,200,98.370,2000,98.380,2020-09-25,14:26:58,00,";
var hq_str_sh603259="药明康德,99.000,96.840,98.420,99.490,97.210,98.410,98.420,16070133,1578766244.000,585,98.410,2200,98.400,1600,98.390,200,98.360,3580,98.340,724,98.420,300,98.430,800,98.450,1100,98.460,200,98.470,2020-09-25,14:27:58,00,";
var hq_str_sh603259="药明康德,99.000,96.840,98.490,99.490,97.210,98.490,98.500,16102757,1581978471.000,1400,98.490,600,98.470,2300,98.460,3976,98.450,1600,98.440,8800,98.500,300,98.510,300,98.530,2600,98.540,400,98.550,2020-09-25,14:29:00,00,";
var hq_str_sh603259="药明康德,99.000,96.840,98.430,99.490,97.210,98.430,98.460,16180933,1589678727.000,800,98.430,900,98.420,300,98.410,1500,98.400,500,98.380,1800,98.460,800,98.470,6900,98.480,1228,98.490,25800,98.500,2020-09-25,14:29:58,00,";
var hq_str_sh603259="药明康德,99.000,96.840,98.400,99.490,97.210,98.380,98.400,16265633,1598013475.000,2100,98.380,1600,98.370,500,98.360,1200,98.350,1280,98.340,23400,98.400,1100,98.410,700,98.420,500,98.460,5800,98.470,2020-09-25,14:31:00,00,";
var hq_str_sh603259="药明康德,99.000,96.840,98.420,99.490,97.210,98.420,98.450,16361333,1607429923.000,500,98.420,2480,98.370,1000,98.360,2000,98.350,200,98.330,700,98.450,2500,98.460,5900,98.470,1428,98.490,25800,98.500,2020-09-25,14:31:58,00,";
var hq_str_sh603259="药明康德,99.000,96.840,98.190,99.490,97.210,98.140,98.190,16418113,1613010359.000,500,98.140,500,98.120,6100,98.100,1200,98.090,500,98.080,2900,98.190,12200,98.200,300,98.220,600,98.240,2400,98.270,2020-09-25,14:32:58,00,";
var hq_str_sh603259="药明康德,99.000,96.840,98.230,99.490,97.210,98.230,98.250,16488913,1619958778.000,2400,98.230,100,98.220,10100,98.200,200,98.160,14100,98.150,1900,98.250,6600,98.270,1400,98.280,800,98.300,100,98.330,2020-09-25,14:33:58,00,";
var hq_str_sh603259="药明康德,99.000,96.840,98.190,99.490,97.210,98.190,98.200,16538141,1624792881.000,1600,98.190,3572,98.180,500,98.170,1800,98.160,15500,98.150,400,98.200,4600,98.210,5000,98.220,4600,98.230,6900,98.250,2020-09-25,14:34:58,00,";
var hq_str_sh603259="药明康德,99.000,96.840,98.230,99.490,97.210,98.230,98.240,16611713,1632017671.000,100,98.230,200,98.220,1500,98.210,13000,98.200,1600,98.190,500,98.240,5228,98.250,5400,98.270,1400,98.280,1600,98.300,2020-09-25,14:35:58,00,";
var hq_str_sh603259="药明康德,99.000,96.840,98.200,99.490,97.210,98.180,98.200,16663913,1637143720.000,1200,98.180,1900,98.170,1900,98.160,3000,98.150,700,98.140,3600,98.200,100,98.220,4800,98.230,5300,98.240,2500,98.250,2020-09-25,14:36:58,00,";
var hq_str_sh603259="药明康德,99.000,96.840,98.180,99.490,97.210,98.170,98.180,16702913,1640973101.000,4700,98.170,3000,98.160,500,98.140,400,98.130,700,98.120,200,98.180,300,98.190,1200,98.200,8000,98.210,1300,98.220,2020-09-25,14:38:00,00,";
var hq_str_sh603259="药明康德,99.000,96.840,98.150,99.490,97.210,98.140,98.150,16752213,1645811026.000,3200,98.140,300,98.130,500,98.120,200,98.110,7100,98.100,500,98.150,1600,98.160,100,98.170,1900,98.180,800,98.190,2020-09-25,14:39:00,00,";
var hq_str_sh603259="药明康德,99.000,96.840,98.060,99.490,97.210,98.050,98.060,16794665,1649976086.000,100,98.050,800,98.040,13000,98.030,700,98.020,600,98.010,248,98.060,5700,98.080,2000,98.090,8500,98.100,500,98.130,2020-09-25,14:40:00,00,";
var hq_str_sh603259="药明康德,99.000,96.840,98.070,99.490,97.210,98.060,98.070,16852465,1655643607.000,1400,98.060,1000,98.050,2500,98.040,2000,98.030,700,98.020,2600,98.070,3248,98.080,2100,98.090,5900,98.100,500,98.130,2020-09-25,14:40:58,00,";
var hq_str_sh603259="药明康德,99.000,96.840,98.120,99.490,97.210,98.100,98.120,16949865,1665200568.000,2200,98.100,200,98.090,1000,98.080,1300,98.070,4700,98.060,2200,98.120,300,98.130,2000,98.190,43888,98.200,200,98.210,2020-09-25,14:41:58,00,";
var hq_str_sh603259="药明康德,99.000,96.840,98.060,99.490,97.210,98.060,98.070,16988165,1668957599.000,4300,98.060,9200,98.050,500,98.040,4300,98.030,700,98.020,200,98.070,3000,98.080,2300,98.090,1800,98.100,2000,98.110,2020-09-25,14:43:00,00,";
var hq_str_sh603259="药明康德,99.000,96.840,98.180,99.490,97.210,98.180,98.190,17072964,1677276848.000,66500,98.180,200,98.170,300,98.150,800,98.140,26401,98.130,3700,98.190,43988,98.200,200,98.210,200,98.220,500,98.230,2020-09-25,14:44:00,00,";
var hq_str_sh603259="药明康德,99.000,96.840,98.080,99.490,97.210,98.060,98.080,17158717,1685695529.000,2900,98.060,9656,98.050,400,98.030,1800,98.020,4100,98.010,4600,98.080,400,98.100,200,98.110,100,98.170,9600,98.180,2020-09-25,14:44:58,00,";
var hq_str_sh603259="药明康德,99.000,96.840,98.110,99.490,97.210,98.140,98.160,17204205,1690156918.000,700,98.140,212,98.110,100,98.100,700,98.080,1200,98.060,7400,98.160,6600,98.170,10700,98.180,2500,98.190,26488,98.200,2020-09-25,14:45:58,00,";
var hq_str_sh603259="药明康德,99.000,96.840,98.160,99.490,97.210,98.160,98.180,17331493,1702654868.000,2600,98.160,1400,98.130,200,98.120,500,98.110,1100,98.100,200,98.180,800,98.190,40860,98.200,600,98.250,100,98.270,2020-09-25,14:46:58,00,";
var hq_str_sh603259="药明康德,99.000,96.840,98.130,99.490,97.210,98.110,98.130,17387193,1708122989.000,2000,98.110,400,98.100,200,98.090,4600,98.080,200,98.070,1100,98.130,200,98.140,1980,98.150,1300,98.160,1200,98.170,2020-09-25,14:48:00,00,";
var hq_str_sh603259="药明康德,99.000,96.840,98.070,99.490,97.210,98.060,98.070,17451193,1714401240.000,1300,98.060,900,98.050,400,98.030,500,98.020,2800,98.010,2200,98.070,3300,98.080,400,98.090,6000,98.100,5600,98.110,2020-09-25,14:48:58,00,";
var hq_str_sh603259="药明康德,99.000,96.840,98.030,99.490,97.210,98.080,98.100,17823533,1750927103.000,200,98.080,100,98.040,400,98.030,6560,98.010,29500,98.000,15800,98.100,100,98.120,900,98.130,100,98.140,2200,98.150,2020-09-25,14:49:58,00,";
var hq_str_sh603259="药明康德,99.000,96.840,97.960,99.490,97.210,97.950,97.960,17900593,1758478918.000,700,97.950,500,97.940,500,97.930,1200,97.920,28500,97.910,14200,97.960,500,97.970,16540,98.000,100,98.040,100,98.060,2020-09-25,14:51:00,00,";
var hq_str_sh603259="药明康德,99.000,96.840,97.960,99.490,97.210,97.960,97.970,17963993,1764690570.000,1000,97.960,1700,97.950,500,97.940,1600,97.930,2400,97.920,1120,97.970,600,97.980,200,97.990,5500,98.000,200,98.020,2020-09-25,14:51:58,00,";
var hq_str_sh603259="药明康德,99.000,96.840,97.940,99.490,97.210,97.940,97.950,18015593,1769744158.000,200,97.940,400,97.930,5200,97.920,18400,97.910,6900,97.900,3400,97.950,5800,97.960,4756,97.970,400,97.980,600,97.990,2020-09-25,14:52:58,00,";
var hq_str_sh603259="药明康德,99.000,96.840,97.960,99.490,97.210,97.950,97.990,18075393,1775601179.000,1900,97.950,1600,97.940,200,97.930,1400,97.920,17000,97.910,300,97.990,5100,98.000,200,98.020,200,98.030,100,98.040,2020-09-25,14:53:58,00,";
var hq_str_sh603259="药明康德,99.000,96.840,98.100,99.490,97.210,98.090,98.140,18120473,1780022921.000,2500,98.090,700,98.080,1100,98.070,900,98.060,500,98.050,5700,98.140,600,98.150,7100,98.160,3800,98.170,2200,98.180,2020-09-25,14:54:58,00,";
var hq_str_sh603259="药明康德,99.000,96.840,98.010,99.490,97.210,98.010,98.020,18183573,1786212053.000,500,98.010,4000,98.000,620,97.990,1000,97.960,2700,97.950,1700,98.020,700,98.060,1600,98.070,200,98.080,2398,98.090,2020-09-25,14:56:00,00,";
var hq_str_sh603259="药明康德,99.000,96.840,97.990,99.490,97.210,97.970,97.990,18222693,1790046297.000,300,97.970,1000,97.960,3800,97.950,100,97.940,200,97.930,9007,97.990,1400,98.000,1200,98.010,300,98.020,1200,98.030,2020-09-25,14:56:58,00,";
var hq_str_sh603259="药明康德,99.000,96.840,97.990,99.490,97.210,97.970,97.970,18223893,1790163885.000,49500,97.970,0,0.000,0,0.000,0,0.000,0,0.000,49500,97.970,465,0.000,0,0.000,0,0.000,0,0.000,2020-09-25,14:58:00,00,";
var hq_str_sh603259="药明康德,99.000,96.840,97.990,99.490,97.210,97.980,97.980,18223893,1790163885.000,98365,97.980,5735,0.000,0,0.000,0,0.000,0,0.000,98365,97.980,0,0.000,0,0.000,0,0.000,0,0.000,2020-09-25,14:58:58,00,";
