var hq_str_sh603259="药明康德,85.050,85.050,85.100,85.100,85.000,85.100,85.200,134900,11472257.000,9000,85.100,19500,85.050,7500,84.970,100,84.900,1200,84.850,200,85.200,100,85.280,800,85.290,2000,85.310,200,85.370,2020-06-18,09:30:00,00,";
var hq_str_sh603259="药明康德,85.050,85.050,85.290,85.470,85.000,85.130,85.290,292361,24882292.000,900,85.130,400,85.080,5,85.070,600,85.060,10534,85.050,540,85.290,300,85.300,100,85.310,600,85.330,200,85.340,2020-06-18,09:30:57,00,";
var hq_str_sh603259="药明康德,85.050,85.050,84.520,85.470,84.300,84.490,84.520,436340,37098016.000,100,84.490,1000,84.390,400,84.320,6560,84.300,2000,84.290,200,84.520,900,84.570,700,84.580,2000,84.600,958,84.610,2020-06-18,09:32:00,00,";
var hq_str_sh603259="药明康德,85.050,85.050,84.700,85.470,84.300,84.700,84.710,517138,43933410.000,1200,84.700,6840,84.600,300,84.590,600,84.580,520,84.570,300,84.710,100,84.750,1000,84.870,300,84.880,1800,84.890,2020-06-18,09:33:00,00,";
var hq_str_sh603259="药明康德,85.050,85.050,84.720,85.470,84.300,84.760,84.890,604218,51297031.000,200,84.760,200,84.750,100,84.730,1200,84.700,3400,84.670,200,84.890,2500,84.900,6840,85.000,6200,85.030,200,85.040,2020-06-18,09:34:00,00,";
var hq_str_sh603259="药明康德,85.050,85.050,84.980,85.470,84.300,84.850,84.860,651118,55272376.000,1500,84.850,800,84.830,400,84.820,400,84.780,1200,84.770,6900,84.860,1300,84.990,7440,85.000,200,85.060,200,85.190,2020-06-18,09:34:57,00,";
var hq_str_sh603259="药明康德,85.050,85.050,85.690,85.690,84.300,85.690,85.700,739598,62808986.000,900,85.690,900,85.670,500,85.660,400,85.630,1600,85.620,1340,85.700,400,85.710,1100,85.770,100,85.780,5300,85.800,2020-06-18,09:35:57,00,";
var hq_str_sh603259="药明康德,85.050,85.050,85.720,85.960,84.300,85.710,85.760,926058,78796032.000,2800,85.710,6440,85.700,1600,85.670,300,85.660,2600,85.640,500,85.760,560,85.770,100,85.790,19580,85.800,100,85.820,2020-06-18,09:37:00,00,";
var hq_str_sh603259="药明康德,85.050,85.050,85.690,85.960,84.300,85.670,85.770,1053498,89722768.000,400,85.670,2260,85.660,400,85.640,700,85.600,2100,85.590,100,85.770,1120,85.780,3460,85.790,11520,85.800,100,85.810,2020-06-18,09:38:00,00,";
var hq_str_sh603259="药明康德,85.050,85.050,85.620,85.960,84.300,85.620,85.630,1193938,101747857.000,200,85.620,200,85.590,1900,85.580,2700,85.510,500,85.500,12260,85.630,300,85.660,200,85.670,1100,85.700,976,85.720,2020-06-18,09:39:00,00,";
var hq_str_sh603259="药明康德,85.050,85.050,85.290,85.960,84.300,85.290,85.300,1249638,106506949.000,900,85.290,1000,85.280,500,85.270,200,85.260,100,85.250,2140,85.300,500,85.340,500,85.350,4900,85.360,2500,85.400,2020-06-18,09:40:00,00,";
var hq_str_sh603259="药明康德,85.050,85.050,85.080,85.960,84.300,85.080,85.100,1303572,111102706.000,366,85.080,2700,85.050,2200,85.020,1400,85.000,220,84.980,100,85.100,600,85.150,600,85.180,100,85.220,2660,85.250,2020-06-18,09:40:57,00,";
var hq_str_sh603259="药明康德,85.050,85.050,85.070,85.960,84.300,85.060,85.070,1394518,118836240.000,300,85.060,500,85.000,220,84.980,100,84.950,200,84.940,200,85.070,2334,85.080,100,85.090,4200,85.100,600,85.150,2020-06-18,09:42:00,00,";
var hq_str_sh603259="药明康德,85.050,85.050,85.000,85.960,84.300,84.940,85.000,1447838,123368714.000,200,84.940,100,84.920,4700,84.900,200,84.890,900,84.880,300,85.000,16200,85.060,100,85.070,2134,85.080,100,85.090,2020-06-18,09:43:00,00,";
var hq_str_sh603259="药明康德,85.050,85.050,85.050,85.960,84.300,85.020,85.050,1538038,131038055.000,100,85.020,300,85.010,16400,85.000,700,84.970,3000,84.960,100,85.050,39187,85.060,2100,85.100,100,85.150,500,85.180,2020-06-18,09:44:00,00,";
var hq_str_sh603259="药明康德,85.050,85.050,84.980,85.960,84.300,84.930,84.990,1600438,136341260.000,800,84.930,100,84.920,100,84.870,600,84.860,500,84.850,100,84.990,1220,85.000,700,85.020,17121,85.050,38287,85.060,2020-06-18,09:44:57,00,";
var hq_str_sh603259="药明康德,85.050,85.050,85.000,85.960,84.300,85.000,85.020,1669058,142168205.000,340,85.000,1100,84.960,100,84.940,300,84.930,900,84.920,700,85.020,1600,85.040,12041,85.050,800,85.060,2100,85.100,2020-06-18,09:46:00,00,";
var hq_str_sh603259="药明康德,85.050,85.050,84.870,85.960,84.300,84.860,84.870,1756898,149629652.000,1220,84.860,1200,84.850,1000,84.840,700,84.830,200,84.820,1220,84.870,100,84.880,6100,84.890,192,84.900,900,84.910,2020-06-18,09:47:00,00,";
var hq_str_sh603259="药明康德,85.050,85.050,84.610,85.960,84.300,84.600,84.610,1805698,153762810.000,5720,84.600,300,84.580,800,84.570,2800,84.560,900,84.520,11900,84.610,500,84.630,300,84.650,4892,84.660,3600,84.680,2020-06-18,09:48:00,00,";
var hq_str_sh603259="药明康德,85.050,85.050,84.700,85.960,84.300,84.700,84.800,1894937,161311174.000,400,84.700,1100,84.680,300,84.670,3028,84.660,200,84.650,100,84.800,100,84.810,300,84.820,17600,84.850,500,84.870,2020-06-18,09:49:00,00,";
var hq_str_sh603259="药明康德,85.050,85.050,84.600,85.960,84.300,84.600,84.650,1950405,166006165.000,1100,84.600,760,84.580,100,84.560,6500,84.550,2200,84.540,100,84.650,2500,84.660,900,84.680,6440,84.700,12380,84.710,2020-06-18,09:49:57,00,";
var hq_str_sh603259="药明康德,85.050,85.050,84.470,85.960,84.300,84.470,84.480,2040225,173596803.000,40,84.470,200,84.450,2300,84.440,100,84.430,900,84.420,2800,84.480,620,84.490,4900,84.500,1340,84.510,4831,84.540,2020-06-18,09:51:00,00,";
var hq_str_sh603259="药明康德,85.050,85.050,84.380,85.960,84.300,84.370,84.380,2091845,177954139.000,100,84.370,7040,84.360,3200,84.350,1300,84.330,300,84.320,200,84.380,1380,84.400,1600,84.440,12100,84.450,300,84.460,2020-06-18,09:52:00,00,";
var hq_str_sh603259="药明康德,85.050,85.050,84.220,85.960,84.200,84.200,84.220,2158085,183538502.000,700,84.200,100,84.190,300,84.180,100,84.170,100,84.160,200,84.220,300,84.230,820,84.250,400,84.260,500,84.270,2020-06-18,09:53:00,00,";
var hq_str_sh603259="药明康德,85.050,85.050,84.300,85.960,84.150,84.290,84.300,2221645,188891857.000,200,84.290,2300,84.280,400,84.270,300,84.260,2000,84.250,2100,84.300,9740,84.310,2100,84.320,100,84.350,8360,84.360,2020-06-18,09:53:57,00,";
var hq_str_sh603259="药明康德,85.050,85.050,84.650,85.960,84.150,84.630,84.650,2325236,197629851.000,900,84.630,100,84.600,369,84.560,200,84.550,6000,84.540,400,84.650,500,84.670,300,84.680,1640,84.700,12380,84.710,2020-06-18,09:55:00,00,";
var hq_str_sh603259="药明康德,85.050,85.050,84.450,85.960,84.150,84.440,84.450,2368365,201275676.000,200,84.440,100,84.430,600,84.390,1500,84.380,1800,84.370,400,84.450,4200,84.460,500,84.470,3500,84.500,400,84.510,2020-06-18,09:56:00,00,";
var hq_str_sh603259="药明康德,85.050,85.050,84.400,85.960,84.150,84.380,84.400,2422065,205808077.000,500,84.380,1400,84.370,4140,84.360,1500,84.350,200,84.340,8400,84.400,300,84.420,1760,84.430,2780,84.440,1500,84.450,2020-06-18,09:57:00,00,";
var hq_str_sh603259="药明康德,85.050,85.050,84.330,85.960,84.150,84.320,84.330,2463705,209321048.000,2400,84.320,2000,84.310,10300,84.300,1740,84.290,900,84.280,560,84.330,200,84.350,420,84.380,900,84.390,9000,84.400,2020-06-18,09:57:57,00,";
var hq_str_sh603259="药明康德,85.050,85.050,84.380,85.960,84.150,84.390,84.400,2510205,213242833.000,100,84.390,800,84.380,2260,84.360,1040,84.350,2800,84.340,8800,84.400,3680,84.440,400,84.450,1100,84.460,300,84.480,2020-06-18,09:59:00,00,";
var hq_str_sh603259="药明康德,85.050,85.050,84.440,85.960,84.150,84.430,84.440,2563465,217738465.000,300,84.430,100,84.420,1580,84.410,2600,84.400,2500,84.390,6980,84.440,400,84.450,1400,84.460,300,84.480,100,84.490,2020-06-18,10:00:00,00,";
var hq_str_sh603259="药明康德,85.050,85.050,84.480,85.960,84.150,84.470,84.480,2602965,221075785.000,100,84.470,6700,84.460,2400,84.450,10920,84.440,1300,84.430,7700,84.480,600,84.520,800,84.530,1600,84.540,1900,84.550,2020-06-18,10:01:00,00,";
var hq_str_sh603259="药明康德,85.050,85.050,84.500,85.960,84.150,84.450,84.500,2649665,225020792.000,200,84.450,4320,84.440,1300,84.430,100,84.420,1080,84.410,800,84.500,3660,84.510,500,84.520,1100,84.540,1900,84.550,2020-06-18,10:02:00,00,";
var hq_str_sh603259="药明康德,85.050,85.050,84.500,85.960,84.150,84.500,84.510,2691665,228568639.000,12200,84.500,1000,84.480,100,84.460,300,84.450,100,84.430,1760,84.510,1300,84.540,2000,84.550,400,84.570,300,84.600,2020-06-18,10:03:00,00,";
var hq_str_sh603259="药明康德,85.050,85.050,84.520,85.960,84.150,84.500,84.520,2737785,232466216.000,700,84.500,100,84.480,40,84.460,1200,84.450,100,84.440,200,84.520,200,84.530,1920,84.550,400,84.570,300,84.600,2020-06-18,10:03:57,00,";
var hq_str_sh603259="药明康德,85.050,85.050,84.550,85.960,84.150,84.540,84.550,2783381,236320163.000,1900,84.540,8124,84.520,600,84.510,400,84.500,520,84.490,440,84.550,100,84.590,2340,84.600,5800,84.620,15900,84.630,2020-06-18,10:05:00,00,";
var hq_str_sh603259="药明康德,85.050,85.050,84.380,85.960,84.150,84.350,84.380,2834625,240647982.000,2240,84.350,3500,84.340,1300,84.330,2300,84.320,800,84.310,10000,84.380,600,84.390,7060,84.400,800,84.410,7420,84.420,2020-06-18,10:06:00,00,";
var hq_str_sh603259="药明康德,85.050,85.050,84.260,85.960,84.150,84.260,84.270,2910705,247064200.000,500,84.260,1800,84.250,2000,84.240,1700,84.230,3900,84.220,13900,84.270,460,84.280,300,84.290,2000,84.300,500,84.310,2020-06-18,10:07:00,00,";
var hq_str_sh603259="药明康德,85.050,85.050,84.230,85.960,84.150,84.220,84.230,2968605,251942801.000,4800,84.220,8100,84.210,14400,84.200,5400,84.190,1400,84.180,540,84.230,4940,84.240,6876,84.250,300,84.260,6520,84.270,2020-06-18,10:08:00,00,";
var hq_str_sh603259="药明康德,85.050,85.050,84.150,85.960,84.150,84.150,84.170,3051385,258912447.000,1120,84.150,600,84.140,500,84.130,1500,84.120,1200,84.110,1100,84.170,3000,84.180,3716,84.190,7100,84.200,1100,84.210,2020-06-18,10:08:57,00,";
var hq_str_sh603259="药明康德,85.050,85.050,83.940,85.960,83.900,83.900,83.960,3273185,277550983.000,9800,83.900,1400,83.890,14100,83.880,400,83.870,600,83.860,5000,83.960,500,83.970,8900,83.980,1700,83.990,3124,84.000,2020-06-18,10:09:57,00,";
var hq_str_sh603259="药明康德,85.050,85.050,83.950,85.960,83.880,83.950,83.970,3419884,289862902.000,480,83.950,345,83.930,300,83.920,700,83.910,2900,83.900,960,83.970,5000,83.980,380,83.990,580,84.000,100,84.020,2020-06-18,10:11:00,00,";
var hq_str_sh603259="药明康德,85.050,85.050,83.800,85.960,83.780,83.790,83.800,3539884,299927870.000,800,83.790,500,83.780,600,83.770,1000,83.760,1300,83.750,3695,83.800,600,83.810,1300,83.880,1600,83.900,40,83.930,2020-06-18,10:12:00,00,";
var hq_str_sh603259="药明康德,85.050,85.050,83.670,85.960,83.610,83.660,83.670,3644667,308699956.000,1000,83.660,500,83.650,300,83.640,100,83.630,3000,83.620,1200,83.670,18300,83.680,500,83.690,3257,83.700,200,83.710,2020-06-18,10:13:00,00,";
var hq_str_sh603259="药明康德,85.050,85.050,83.680,85.960,83.600,83.660,83.690,3758667,318233552.000,1900,83.660,200,83.630,1200,83.620,100,83.610,6217,83.600,200,83.690,5757,83.700,22500,83.720,900,83.750,600,83.760,2020-06-18,10:14:00,00,";
var hq_str_sh603259="药明康德,85.050,85.050,83.720,85.960,83.600,83.720,83.750,3866244,327237572.000,2400,83.720,320,83.710,3500,83.700,1100,83.690,800,83.680,1600,83.750,880,83.760,4880,83.780,12780,83.790,2895,83.800,2020-06-18,10:15:00,00,";
var hq_str_sh603259="药明康德,85.050,85.050,83.740,85.960,83.600,83.690,83.740,4000344,338465612.000,600,83.690,700,83.680,7223,83.670,6700,83.660,500,83.650,800,83.740,32160,83.760,100,83.770,2300,83.780,11980,83.790,2020-06-18,10:16:00,00,";
var hq_str_sh603259="药明康德,85.050,85.050,83.680,85.960,83.600,83.650,83.680,4093167,346233554.000,3800,83.650,5200,83.640,1700,83.630,3000,83.620,1100,83.610,652,83.680,480,83.690,1800,83.700,500,83.710,820,83.720,2020-06-18,10:17:00,00,";
var hq_str_sh603259="药明康德,85.050,85.050,83.590,85.960,83.580,83.580,83.590,4183984,353827242.000,2100,83.580,300,83.570,1400,83.560,2200,83.550,700,83.540,900,83.590,20783,83.600,1100,83.610,1400,83.620,2000,83.630,2020-06-18,10:17:57,00,";
var hq_str_sh603259="药明康德,85.050,85.050,83.520,85.960,83.500,83.550,83.560,4268804,360913160.000,200,83.550,800,83.520,6180,83.510,44700,83.500,1000,83.490,1100,83.560,18260,83.580,600,83.590,10083,83.600,2400,83.620,2020-06-18,10:19:00,00,";
var hq_str_sh603259="药明康德,85.050,85.050,83.540,85.960,83.500,83.530,83.540,4341693,367002440.000,1251,83.530,20500,83.520,13540,83.510,44400,83.500,1000,83.490,2880,83.540,12980,83.550,300,83.560,100,83.570,15860,83.580,2020-06-18,10:20:00,00,";
var hq_str_sh603259="药明康德,85.050,85.050,83.730,85.960,83.500,83.720,83.730,4440828,375292101.000,300,83.720,4400,83.700,100,83.670,1200,83.660,12300,83.650,6762,83.730,1660,83.750,31060,83.760,700,83.770,500,83.780,2020-06-18,10:20:57,00,";
var hq_str_sh603259="药明康德,85.050,85.050,84.060,85.960,83.500,84.050,84.070,4527490,382558277.000,2100,84.050,600,84.020,1600,84.010,17800,84.000,1700,83.990,1100,84.070,200,84.090,3600,84.100,500,84.120,14300,84.140,2020-06-18,10:21:57,00,";
var hq_str_sh603259="药明康德,85.050,85.050,83.980,85.960,83.500,83.980,84.000,4625150,390764676.000,740,83.980,3000,83.960,500,83.930,100,83.920,300,83.910,7664,84.000,1000,84.010,1900,84.020,700,84.060,1380,84.080,2020-06-18,10:23:00,00,";
var hq_str_sh603259="药明康德,85.050,85.050,83.940,85.960,83.500,83.930,83.940,4657670,393495352.000,700,83.930,100,83.920,300,83.910,300,83.900,100,83.890,2180,83.940,500,83.950,500,83.960,5200,83.970,6200,83.980,2020-06-18,10:24:00,00,";
var hq_str_sh603259="药明康德,85.050,85.050,83.910,85.960,83.500,83.920,83.930,4672970,394779343.000,1200,83.920,2100,83.910,9400,83.900,100,83.890,200,83.880,100,83.930,480,83.940,2000,83.960,4500,83.970,3600,83.980,2020-06-18,10:25:00,00,";
var hq_str_sh603259="药明康德,85.050,85.050,84.060,85.960,83.500,84.030,84.050,4710690,397946898.000,3000,84.030,400,84.020,2400,84.000,700,83.990,3400,83.980,6600,84.050,800,84.060,1280,84.080,800,84.090,1000,84.100,2020-06-18,10:25:57,00,";
var hq_str_sh603259="药明康德,85.050,85.050,83.960,85.960,83.500,83.940,83.960,4754190,401600722.000,1000,83.940,880,83.930,500,83.920,900,83.910,10800,83.900,100,83.960,2880,83.980,700,84.000,1320,84.010,700,84.020,2020-06-18,10:27:00,00,";
var hq_str_sh603259="药明康德,85.050,85.050,84.000,85.960,83.500,84.000,84.050,4778810,403668218.000,1080,84.000,3800,83.990,1300,83.980,400,83.960,1000,83.950,1600,84.050,800,84.060,980,84.080,4000,84.090,1000,84.120,2020-06-18,10:28:00,00,";
var hq_str_sh603259="药明康德,85.050,85.050,84.000,85.960,83.500,83.910,83.970,4857530,410275715.000,980,83.910,500,83.900,200,83.880,300,83.820,380,83.810,500,83.970,1000,83.980,1000,84.000,300,84.010,600,84.050,2020-06-18,10:29:00,00,";
var hq_str_sh603259="药明康德,85.050,85.050,83.950,85.960,83.500,83.920,83.940,4884070,412504747.000,200,83.920,600,83.910,1500,83.900,300,83.880,1000,83.850,900,83.940,15300,83.950,100,84.000,1700,84.040,200,84.050,2020-06-18,10:30:00,00,";
var hq_str_sh603259="药明康德,85.050,85.050,83.760,85.960,83.500,83.790,83.900,4947290,417803329.000,200,83.790,5560,83.760,2100,83.740,600,83.730,1000,83.720,16800,83.900,300,83.920,2200,83.940,15500,83.950,200,84.000,2020-06-18,10:30:57,00,";
var hq_str_sh603259="药明康德,85.050,85.050,83.740,85.960,83.500,83.740,83.750,4975990,420208335.000,1100,83.740,700,83.730,1000,83.720,300,83.710,3800,83.700,5000,83.750,300,83.760,100,83.800,3700,83.850,16900,83.900,2020-06-18,10:32:00,00,";
var hq_str_sh603259="药明康德,85.050,85.050,83.690,85.960,83.500,83.690,83.730,5027470,424518182.000,340,83.690,1480,83.680,600,83.670,400,83.660,3300,83.650,500,83.730,4300,83.740,2000,83.750,640,83.770,100,83.800,2020-06-18,10:32:57,00,";
var hq_str_sh603259="药明康德,85.050,85.050,83.650,85.960,83.500,83.600,83.650,5102730,430813755.000,1040,83.600,100,83.590,3500,83.580,100,83.570,2300,83.560,1700,83.650,640,83.670,300,83.680,200,83.710,200,83.720,2020-06-18,10:34:00,00,";
var hq_str_sh603259="药明康德,85.050,85.050,83.550,85.960,83.500,83.550,83.660,5154390,435133485.000,2100,83.550,1800,83.540,2551,83.530,23100,83.520,11140,83.510,100,83.660,3720,83.680,3600,83.710,1400,83.730,3300,83.740,2020-06-18,10:35:00,00,";
var hq_str_sh603259="药明康德,85.050,85.050,83.670,85.960,83.500,83.660,83.670,5222510,440826769.000,1220,83.660,200,83.620,400,83.610,100,83.590,1000,83.570,1100,83.670,3200,83.680,2200,83.700,3200,83.710,1400,83.730,2020-06-18,10:36:00,00,";
var hq_str_sh603259="药明康德,85.050,85.050,83.730,85.960,83.500,83.720,83.730,5256890,443703544.000,500,83.720,800,83.710,1480,83.700,100,83.680,1000,83.670,1667,83.730,2740,83.770,360,83.800,100,83.870,400,83.900,2020-06-18,10:37:00,00,";
var hq_str_sh603259="药明康德,85.050,85.050,83.770,85.960,83.500,83.730,83.770,5281990,445805316.000,4080,83.730,300,83.720,300,83.710,100,83.700,100,83.690,5807,83.770,400,83.790,360,83.800,400,83.810,700,83.870,2020-06-18,10:37:57,00,";
var hq_str_sh603259="药明康德,85.050,85.050,83.780,85.960,83.500,83.730,83.770,5315037,448573315.000,900,83.730,100,83.720,300,83.710,1100,83.700,100,83.690,340,83.770,500,83.780,760,83.790,360,83.800,2000,83.840,2020-06-18,10:38:57,00,";
var hq_str_sh603259="药明康德,85.050,85.050,83.610,85.960,83.500,83.600,83.620,5353637,451803937.000,2660,83.600,300,83.590,2200,83.580,1900,83.560,10960,83.550,1200,83.620,5380,83.650,240,83.660,300,83.670,300,83.690,2020-06-18,10:39:57,00,";
var hq_str_sh603259="药明康德,85.050,85.050,83.520,85.960,83.500,83.510,83.520,5473697,461834602.000,2900,83.510,63291,83.500,700,83.490,3400,83.480,1100,83.470,480,83.520,1100,83.570,3440,83.600,1600,83.610,480,83.650,2020-06-18,10:41:00,00,";
var hq_str_sh603259="药明康德,85.050,85.050,83.580,85.960,83.500,83.520,83.590,5555977,468707050.000,60,83.520,5680,83.510,20351,83.500,800,83.490,3700,83.480,400,83.590,2700,83.600,2000,83.610,1480,83.650,680,83.690,2020-06-18,10:42:00,00,";
var hq_str_sh603259="药明康德,85.050,85.050,83.390,85.960,83.390,83.380,83.400,5647868,476377695.000,8700,83.380,3300,83.360,2300,83.350,2400,83.330,200,83.320,480,83.400,500,83.410,2900,83.420,1600,83.430,200,83.440,2020-06-18,10:43:00,00,";
var hq_str_sh603259="药明康德,85.050,85.050,83.430,85.960,83.380,83.420,83.430,5697768,480539736.000,9000,83.420,3660,83.410,1200,83.400,2100,83.390,3000,83.380,160,83.430,300,83.440,3620,83.450,9220,83.480,2529,83.500,2020-06-18,10:44:00,00,";
var hq_str_sh603259="药明康德,85.050,85.050,83.420,85.960,83.380,83.420,83.430,5725588,482860851.000,2780,83.420,3160,83.410,3000,83.400,5600,83.390,3100,83.380,2760,83.430,3700,83.440,1100,83.450,400,83.480,2729,83.500,2020-06-18,10:44:57,00,";
var hq_str_sh603259="药明康德,85.050,85.050,83.520,85.960,83.380,83.520,83.530,5782661,487623194.000,700,83.520,100,83.510,1747,83.500,800,83.460,300,83.450,200,83.530,2300,83.560,1200,83.580,400,83.600,1600,83.610,2020-06-18,10:46:00,00,";
var hq_str_sh603259="药明康德,85.050,85.050,83.480,85.960,83.380,83.480,83.500,5815308,490350142.000,200,83.480,200,83.470,900,83.460,500,83.450,900,83.440,21433,83.500,3400,83.550,1600,83.560,400,83.570,1400,83.580,2020-06-18,10:46:57,00,";
var hq_str_sh603259="药明康德,85.050,85.050,83.500,85.960,83.380,83.500,83.530,5882601,495966611.000,13287,83.500,400,83.440,100,83.420,500,83.410,6600,83.400,1100,83.530,1000,83.550,1900,83.560,100,83.570,1400,83.580,2020-06-18,10:48:00,00,";
var hq_str_sh603259="药明康德,85.050,85.050,83.500,85.960,83.380,83.470,83.500,5926928,499668697.000,1000,83.470,600,83.460,1700,83.450,2200,83.440,200,83.430,3673,83.500,300,83.520,2800,83.550,1900,83.560,100,83.570,2020-06-18,10:48:57,00,";
var hq_str_sh603259="药明康德,85.050,85.050,83.280,85.960,83.280,83.280,83.300,6023268,507704985.000,6000,83.280,600,83.270,600,83.260,3000,83.250,400,83.230,13820,83.300,21600,83.350,600,83.380,200,83.400,200,83.470,2020-06-18,10:50:00,00,";
var hq_str_sh603259="药明康德,85.050,85.050,83.390,85.960,83.250,83.390,83.400,6099965,514095513.000,4183,83.390,300,83.360,500,83.350,100,83.330,4960,83.310,35620,83.400,1080,83.500,1000,83.510,500,83.530,2773,83.550,2020-06-18,10:50:57,00,";
var hq_str_sh603259="药明康德,85.050,85.050,83.450,85.960,83.250,83.410,83.450,6236425,525477170.000,400,83.410,700,83.400,400,83.360,7600,83.350,1400,83.330,8023,83.450,3600,83.530,3133,83.550,1900,83.560,1200,83.580,2020-06-18,10:52:00,00,";
var hq_str_sh603259="药明康德,85.050,85.050,83.730,85.960,83.250,83.600,83.720,6396188,538849232.000,200,83.600,100,83.580,400,83.560,800,83.550,300,83.510,400,83.720,300,83.740,300,83.770,500,83.790,7749,83.800,2020-06-18,10:53:00,00,";
var hq_str_sh603259="药明康德,85.050,85.050,83.610,85.960,83.250,83.600,83.610,6423988,541174254.000,1340,83.600,260,83.580,100,83.520,400,83.510,1600,83.500,100,83.610,100,83.630,300,83.650,1000,83.690,2900,83.700,2020-06-18,10:54:00,00,";
var hq_str_sh603259="药明康德,85.050,85.050,83.550,85.960,83.250,83.530,83.550,6455188,543781621.000,1600,83.530,1800,83.520,500,83.510,2600,83.500,100,83.490,100,83.550,6420,83.560,800,83.570,200,83.580,400,83.590,2020-06-18,10:54:57,00,";
var hq_str_sh603259="药明康德,85.050,85.050,83.550,85.960,83.250,83.540,83.550,6490428,546726393.000,100,83.540,1000,83.530,300,83.520,1000,83.510,4800,83.500,900,83.550,1860,83.590,1600,83.600,100,83.610,300,83.650,2020-06-18,10:55:57,00,";
var hq_str_sh603259="药明康德,85.050,85.050,83.500,85.960,83.250,83.490,83.500,6549528,551661707.000,1800,83.490,400,83.470,3300,83.460,6537,83.450,400,83.430,10780,83.500,10000,83.550,660,83.590,3000,83.600,100,83.610,2020-06-18,10:56:57,00,";
var hq_str_sh603259="药明康德,85.050,85.050,83.400,85.960,83.250,83.380,83.400,6618865,557448487.000,100,83.380,500,83.370,1000,83.360,13500,83.350,300,83.330,703,83.400,12360,83.470,6960,83.490,4420,83.500,200,83.530,2020-06-18,10:57:57,00,";
var hq_str_sh603259="药明康德,85.050,85.050,83.350,85.960,83.250,83.350,83.380,6693145,563643034.000,300,83.350,4600,83.320,5400,83.310,13380,83.300,200,83.290,700,83.380,1900,83.390,39940,83.400,480,83.410,6800,83.420,2020-06-18,10:58:57,00,";
var hq_str_sh603259="药明康德,85.050,85.050,83.500,85.960,83.250,83.480,83.500,6785788,571371294.000,2500,83.480,1657,83.470,2000,83.460,100,83.420,800,83.400,1940,83.500,300,83.530,10000,83.550,100,83.560,200,83.590,2020-06-18,11:00:00,00,";
var hq_str_sh603259="药明康德,85.050,85.050,83.790,85.960,83.250,83.790,83.800,6822268,574420798.000,200,83.790,1800,83.770,900,83.680,1100,83.670,300,83.660,2300,83.800,2000,83.840,700,83.870,2500,83.900,1200,83.940,2020-06-18,11:00:57,00,";
var hq_str_sh603259="药明康德,85.050,85.050,83.680,85.960,83.250,83.660,83.680,6858668,577470904.000,300,83.660,1100,83.650,300,83.600,200,83.590,200,83.560,400,83.680,305,83.750,600,83.780,400,83.790,2280,83.800,2020-06-18,11:02:00,00,";
var hq_str_sh603259="药明康德,85.050,85.050,83.580,85.960,83.250,83.580,83.630,6888168,579937295.000,900,83.580,1060,83.560,1300,83.550,500,83.520,1100,83.510,100,83.630,500,83.640,2100,83.660,1000,83.680,760,83.750,2020-06-18,11:03:00,00,";
var hq_str_sh603259="药明康德,85.050,85.050,83.550,85.960,83.250,83.530,83.550,6912308,581954953.000,900,83.530,500,83.520,1400,83.510,2760,83.500,600,83.480,100,83.550,100,83.650,460,83.660,1000,83.680,2460,83.750,2020-06-18,11:04:00,00,";
var hq_str_sh603259="药明康德,85.050,85.050,83.590,85.960,83.250,83.580,83.590,6936268,583959317.000,100,83.580,100,83.570,300,83.560,200,83.550,700,83.530,500,83.590,3300,83.600,4500,83.630,1000,83.670,400,83.740,2020-06-18,11:04:57,00,";
var hq_str_sh603259="药明康德,85.050,85.050,83.400,85.960,83.250,83.390,83.400,7015885,590607516.000,100,83.390,1700,83.380,300,83.370,100,83.360,1300,83.350,583,83.400,200,83.510,4700,83.520,3600,83.530,9800,83.580,2020-06-18,11:06:00,00,";
var hq_str_sh603259="药明康德,85.050,85.050,83.520,85.960,83.250,83.520,83.530,7050588,593502669.000,300,83.520,237,83.430,800,83.420,3660,83.400,600,83.390,400,83.530,300,83.540,9800,83.580,200,83.600,4500,83.630,2020-06-18,11:07:00,00,";
var hq_str_sh603259="药明康德,85.050,85.050,83.460,85.960,83.250,83.510,83.520,7075988,595623362.000,1400,83.510,200,83.460,1000,83.450,500,83.420,3100,83.400,400,83.520,1400,83.530,40,83.550,200,83.560,8000,83.580,2020-06-18,11:07:57,00,";
var hq_str_sh603259="药明康德,85.050,85.050,83.490,85.960,83.250,83.440,83.490,7105188,598060713.000,1200,83.440,800,83.430,600,83.420,800,83.400,1700,83.390,2140,83.490,10520,83.500,1100,83.510,400,83.530,240,83.550,2020-06-18,11:08:57,00,";
var hq_str_sh603259="药明康德,85.050,85.050,83.430,85.960,83.250,83.430,83.500,7144348,601328115.000,120,83.430,820,83.420,100,83.400,300,83.390,1900,83.380,11060,83.500,4100,83.510,100,83.530,200,83.550,1500,83.560,2020-06-18,11:10:00,00,";
var hq_str_sh603259="药明康德,85.050,85.050,83.780,85.960,83.250,83.780,83.800,7195088,605570038.000,200,83.780,900,83.770,3140,83.750,200,83.700,1800,83.630,80,83.800,500,83.860,700,83.870,500,83.880,800,83.890,2020-06-18,11:10:57,00,";
var hq_str_sh603259="药明康德,85.050,85.050,83.810,85.960,83.250,83.790,83.850,7231768,608644467.000,900,83.790,200,83.780,3060,83.750,200,83.700,600,83.590,100,83.850,380,83.860,100,83.870,100,83.880,1300,83.890,2020-06-18,11:11:57,00,";
var hq_str_sh603259="药明康德,85.050,85.050,84.100,85.960,83.250,84.100,84.120,7299248,614311350.000,3400,84.100,1900,84.090,4300,84.080,1400,84.070,500,84.060,500,84.120,300,84.130,14200,84.140,300,84.150,100,84.160,2020-06-18,11:13:00,00,";
var hq_str_sh603259="药明康德,85.050,85.050,84.050,85.960,83.250,84.050,84.070,7343228,618010081.000,1220,84.050,1040,84.000,1000,83.990,800,83.950,300,83.940,1400,84.070,4200,84.080,2300,84.090,20300,84.100,600,84.110,2020-06-18,11:13:57,00,";
var hq_str_sh603259="药明康德,85.050,85.050,84.000,85.960,83.250,84.000,84.020,7369788,620241203.000,800,84.000,100,83.970,1700,83.960,2500,83.950,300,83.940,20,84.020,300,84.040,33720,84.050,1800,84.080,1300,84.090,2020-06-18,11:14:57,00,";
var hq_str_sh603259="药明康德,85.050,85.050,84.100,85.960,83.250,84.090,84.100,7459868,627812946.000,9100,84.090,100,84.080,1400,84.050,300,84.040,100,84.030,11499,84.100,200,84.110,11900,84.140,400,84.150,100,84.160,2020-06-18,11:15:57,00,";
var hq_str_sh603259="药明康德,85.050,85.050,84.160,85.960,83.250,84.160,84.180,7509467,631985357.000,500,84.160,300,84.130,600,84.110,300,84.100,100,84.090,900,84.180,2300,84.200,200,84.220,900,84.240,2300,84.250,2020-06-18,11:17:00,00,";
var hq_str_sh603259="药明康德,85.050,85.050,84.100,85.960,83.250,84.080,84.100,7533667,634021256.000,600,84.080,3100,84.050,1100,84.020,400,84.010,1700,84.000,3700,84.100,900,84.110,500,84.120,2300,84.130,1600,84.140,2020-06-18,11:17:57,00,";
var hq_str_sh603259="药明康德,85.050,85.050,84.380,85.960,83.250,84.380,84.400,7616147,640959374.000,300,84.380,1900,84.370,1400,84.360,3700,84.320,2100,84.280,2200,84.400,800,84.410,1000,84.420,100,84.460,200,84.470,2020-06-18,11:19:00,00,";
var hq_str_sh603259="药明康德,85.050,85.050,84.260,85.960,83.250,84.260,84.280,7670727,645566051.000,900,84.260,100,84.210,100,84.200,100,84.150,200,84.140,300,84.280,1033,84.330,400,84.340,1100,84.350,2440,84.360,2020-06-18,11:20:00,00,";
var hq_str_sh603259="药明康德,85.050,85.050,84.270,85.960,83.250,84.270,84.300,7698647,647918540.000,300,84.270,1000,84.260,9960,84.250,100,84.200,900,84.160,200,84.300,1133,84.330,200,84.340,1000,84.350,1040,84.400,2020-06-18,11:21:00,00,";
var hq_str_sh603259="药明康德,85.050,85.050,84.290,85.960,83.250,84.200,84.290,7757007,652836844.000,400,84.200,400,84.180,900,84.160,100,84.150,200,84.140,7500,84.290,6580,84.300,420,84.340,973,84.350,200,84.390,2020-06-18,11:21:57,00,";
var hq_str_sh603259="药明康德,85.050,85.050,84.200,85.960,83.250,84.180,84.200,7770107,653940136.000,400,84.180,1000,84.170,900,84.160,100,84.150,200,84.140,1800,84.200,1640,84.210,5000,84.260,400,84.270,6720,84.280,2020-06-18,11:22:57,00,";
var hq_str_sh603259="药明康德,85.050,85.050,84.000,85.960,83.250,83.990,84.000,7806107,656969208.000,400,83.990,500,83.970,100,83.960,100,83.950,100,83.930,100,84.000,2700,84.010,900,84.030,1600,84.080,500,84.120,2020-06-18,11:23:57,00,";
var hq_str_sh603259="药明康德,85.050,85.050,84.160,85.960,83.250,84.000,84.160,7841727,659963066.000,3100,84.000,600,83.990,500,83.970,100,83.960,100,83.950,1700,84.160,4420,84.170,1080,84.180,840,84.190,1600,84.200,2020-06-18,11:24:57,00,";
var hq_str_sh603259="药明康德,85.050,85.050,84.000,85.960,83.250,83.990,84.000,7877087,662935813.000,800,83.990,500,83.970,100,83.960,100,83.950,600,83.940,1500,84.000,800,84.020,900,84.030,1100,84.050,200,84.090,2020-06-18,11:25:57,00,";
var hq_str_sh603259="药明康德,85.050,85.050,84.090,85.960,83.250,84.050,84.090,7916987,666290899.000,1100,84.050,1000,84.030,500,84.010,5800,84.000,700,83.990,900,84.090,5600,84.100,100,84.160,4620,84.170,1080,84.180,2020-06-18,11:27:00,00,";
var hq_str_sh603259="药明康德,85.050,85.050,84.110,85.960,83.250,84.110,84.160,7940967,668307565.000,300,84.110,400,84.100,8220,84.060,500,84.050,1000,84.030,1200,84.160,4620,84.170,1080,84.180,1700,84.200,1000,84.210,2020-06-18,11:27:57,00,";
var hq_str_sh603259="药明康德,85.050,85.050,84.100,85.960,83.250,84.100,84.110,7953607,669370706.000,300,84.100,2660,84.090,300,84.060,300,84.050,1000,84.030,680,84.110,500,84.150,1100,84.160,4520,84.170,1080,84.180,2020-06-18,11:28:57,00,";
var hq_str_sh603259="药明康德,85.050,85.050,84.100,85.960,83.250,84.100,84.120,7969047,670669236.000,20,84.100,500,84.060,1700,84.050,5500,84.010,800,84.000,700,84.120,1100,84.150,3300,84.160,4520,84.170,1080,84.180,2020-06-18,11:29:57,00,";
var hq_str_sh603259="药明康德,85.050,85.050,84.120,85.960,83.250,84.100,84.120,7969147,670677648.000,20,84.100,500,84.060,1700,84.050,5500,84.010,800,84.000,600,84.120,1100,84.150,3300,84.160,4520,84.170,1080,84.180,2020-06-18,11:30:00,00,";
var hq_str_sh603259="药明康德,85.050,85.050,84.230,85.960,83.250,84.220,84.230,8061693,678466297.000,1030,84.220,400,84.210,400,84.150,800,84.140,780,84.120,800,84.230,2400,84.290,6240,84.300,100,84.330,973,84.350,2020-06-18,13:00:58,00,";
var hq_str_sh603259="药明康德,85.050,85.050,84.230,85.960,83.250,84.240,84.250,8069033,679084555.000,2790,84.240,1800,84.210,100,84.170,100,84.150,880,84.120,4400,84.250,780,84.280,1000,84.290,6340,84.300,100,84.330,2020-06-18,13:01:58,00,";
var hq_str_sh603259="药明康德,85.050,85.050,84.130,85.960,83.250,84.120,84.130,8095423,681307456.000,4180,84.120,19000,84.110,300,84.100,300,84.090,100,84.080,300,84.130,100,84.190,9400,84.200,2000,84.240,200,84.280,2020-06-18,13:02:58,00,";
var hq_str_sh603259="药明康德,85.050,85.050,84.100,85.960,83.250,84.080,84.090,8145803,685545058.000,200,84.080,300,84.070,100,84.060,600,84.050,100,84.040,1000,84.090,13300,84.100,1920,84.120,5000,84.190,10340,84.200,2020-06-18,13:04:01,00,";
var hq_str_sh603259="药明康德,85.050,85.050,84.060,85.960,83.250,84.060,84.090,8176083,688090149.000,100,84.060,100,84.050,1000,84.010,300,84.000,2200,83.990,3300,84.090,1500,84.100,100,84.120,5200,84.190,8840,84.200,2020-06-18,13:04:58,00,";
var hq_str_sh603259="药明康德,85.050,85.050,84.180,85.960,83.250,84.120,84.180,8185418,688875176.000,3100,84.120,900,84.100,1300,84.090,300,84.080,200,84.060,120,84.180,5300,84.190,8840,84.200,2200,84.290,19830,84.300,2020-06-18,13:05:58,00,";
var hq_str_sh603259="药明康德,85.050,85.050,84.190,85.960,83.250,84.140,84.190,8208858,690847440.000,3020,84.140,2000,84.130,1400,84.120,1000,84.110,4600,84.100,4920,84.190,8740,84.200,2200,84.290,4330,84.300,100,84.330,2020-06-18,13:06:58,00,";
var hq_str_sh603259="药明康德,85.050,85.050,84.170,85.960,83.250,84.160,84.170,8232758,692859226.000,1700,84.160,3800,84.150,2120,84.140,3800,84.130,300,84.120,6200,84.170,400,84.180,2560,84.190,9040,84.200,200,84.270,2020-06-18,13:07:58,00,";
var hq_str_sh603259="药明康德,85.050,85.050,84.180,85.960,83.250,84.170,84.180,8251918,694471764.000,1360,84.170,300,84.160,3280,84.150,1720,84.140,3800,84.130,1260,84.180,3660,84.190,9640,84.200,200,84.270,1900,84.290,2020-06-18,13:09:01,00,";
var hq_str_sh603259="药明康德,85.050,85.050,84.150,85.960,83.250,84.140,84.150,8283478,697128240.000,6620,84.140,1800,84.130,100,84.120,1000,84.110,4700,84.100,22760,84.150,100,84.180,860,84.190,8740,84.200,300,84.270,2020-06-18,13:09:58,00,";
var hq_str_sh603259="药明康德,85.050,85.050,84.120,85.960,83.250,84.120,84.130,8305618,698990806.000,1000,84.120,1880,84.110,5700,84.100,300,84.090,300,84.060,7300,84.130,5500,84.140,22360,84.150,100,84.180,6860,84.190,2020-06-18,13:10:58,00,";
var hq_str_sh603259="药明康德,85.050,85.050,84.240,85.960,83.250,84.190,84.210,8369378,704356857.000,2000,84.190,900,84.180,1300,84.160,2580,84.150,100,84.140,3000,84.210,700,84.290,4230,84.300,400,84.330,1773,84.350,2020-06-18,13:11:58,00,";
var hq_str_sh603259="药明康德,85.050,85.050,84.190,85.960,83.250,84.180,84.190,8400198,706952403.000,1680,84.180,100,84.170,1300,84.160,200,84.150,1300,84.130,21800,84.190,400,84.200,24000,84.220,200,84.250,300,84.270,2020-06-18,13:13:01,00,";
var hq_str_sh603259="药明康德,85.050,85.050,84.180,85.960,83.250,84.170,84.180,8423918,708949003.000,160,84.170,1400,84.160,3700,84.150,1100,84.130,1400,84.110,300,84.180,23740,84.190,400,84.200,24100,84.220,200,84.250,2020-06-18,13:13:58,00,";
var hq_str_sh603259="药明康德,85.050,85.050,84.190,85.960,83.250,84.180,84.190,8489378,714460435.000,1560,84.180,1200,84.170,100,84.160,100,84.150,400,84.130,11000,84.190,500,84.210,12000,84.220,600,84.280,600,84.290,2020-06-18,13:15:01,00,";
var hq_str_sh603259="药明康德,85.050,85.050,84.180,85.960,83.250,84.180,84.190,8502918,715600321.000,3600,84.180,1300,84.170,100,84.160,300,84.150,400,84.130,7940,84.190,700,84.200,1700,84.210,12000,84.220,200,84.230,2020-06-18,13:15:58,00,";
var hq_str_sh603259="药明康德,85.050,85.050,84.110,85.960,83.250,84.100,84.110,8528918,717788522.000,6400,84.100,100,84.090,300,84.060,100,84.050,100,84.040,600,84.110,400,84.140,2200,84.170,3140,84.180,15740,84.190,2020-06-18,13:16:58,00,";
var hq_str_sh603259="药明康德,85.050,85.050,84.150,85.960,83.250,84.130,84.150,8552018,719732248.000,1400,84.130,100,84.120,100,84.110,8600,84.100,100,84.090,300,84.150,100,84.160,800,84.170,3240,84.180,15100,84.190,2020-06-18,13:17:58,00,";
var hq_str_sh603259="药明康德,85.050,85.050,84.090,85.960,83.250,84.060,84.090,8579018,722003372.000,300,84.060,200,84.050,100,84.040,100,84.030,100,84.020,100,84.090,12920,84.100,1300,84.110,900,84.120,5940,84.130,2020-06-18,13:18:58,00,";
var hq_str_sh603259="药明康德,85.050,85.050,84.040,85.960,83.250,84.030,84.040,8595318,723373883.000,200,84.030,200,84.020,1400,84.010,4300,84.000,1400,83.990,1800,84.040,400,84.050,2680,84.060,1060,84.070,900,84.080,2020-06-18,13:19:58,00,";
var hq_str_sh603259="药明康德,85.050,85.050,84.000,85.960,83.250,83.990,84.000,8631718,726432043.000,100,83.990,600,83.980,700,83.950,600,83.940,300,83.930,4100,84.000,4464,84.010,1180,84.020,79780,84.030,1300,84.040,2020-06-18,13:20:58,00,";
var hq_str_sh603259="药明康德,85.050,85.050,83.980,85.960,83.250,83.970,83.980,8669598,729612207.000,400,83.970,3600,83.960,520,83.950,2400,83.940,800,83.920,1060,83.980,300,83.990,4800,84.000,580,84.020,380,84.030,2020-06-18,13:21:58,00,";
var hq_str_sh603259="药明康德,85.050,85.050,84.040,85.960,83.250,84.030,84.040,8783558,739183154.000,1240,84.030,2100,84.020,3100,84.010,5840,84.000,100,83.990,2940,84.040,2260,84.070,200,84.080,660,84.090,9320,84.100,2020-06-18,13:22:58,00,";
var hq_str_sh603259="药明康德,85.050,85.050,84.040,85.960,83.250,84.040,84.050,8814718,741801746.000,23960,84.040,1220,84.030,2200,84.020,1600,84.010,7040,84.000,2380,84.050,400,84.070,100,84.080,860,84.090,9220,84.100,2020-06-18,13:23:58,00,";
var hq_str_sh603259="药明康德,85.050,85.050,84.040,85.960,83.250,84.040,84.100,8873258,746723012.000,4600,84.040,300,84.030,2000,84.020,1000,84.010,7040,84.000,220,84.100,900,84.110,5440,84.130,100,84.150,700,84.170,2020-06-18,13:24:58,00,";
var hq_str_sh603259="药明康德,85.050,85.050,84.080,85.960,83.250,84.000,84.100,8939698,752305174.000,8200,84.000,1100,83.990,2100,83.970,800,83.960,400,83.950,1900,84.100,1000,84.110,6040,84.130,100,84.150,700,84.170,2020-06-18,13:25:58,00,";
var hq_str_sh603259="药明康德,85.050,85.050,83.990,85.960,83.250,83.990,84.000,8982798,755927063.000,1800,83.990,1400,83.980,200,83.970,3600,83.950,100,83.940,340060,84.000,300,84.010,1800,84.060,800,84.090,1900,84.100,2020-06-18,13:26:58,00,";
var hq_str_sh603259="药明康德,85.050,85.050,84.000,85.960,83.250,83.990,84.000,8997878,757193564.000,1120,83.990,2700,83.980,100,83.970,5500,83.950,100,83.940,340160,84.000,300,84.010,100,84.050,1400,84.060,800,84.090,2020-06-18,13:27:58,00,";
var hq_str_sh603259="药明康德,85.050,85.050,84.000,85.960,83.250,83.990,84.000,9033938,760221511.000,5300,83.990,2120,83.980,400,83.920,48420,83.910,61800,83.900,336760,84.000,5300,84.030,100,84.050,1400,84.060,800,84.090,2020-06-18,13:28:58,00,";
var hq_str_sh603259="药明康德,85.050,85.050,83.500,85.960,83.250,83.480,83.500,9300478,782565710.000,400,83.480,700,83.460,640,83.450,900,83.430,2500,83.410,224620,83.500,68400,84.000,100,84.050,1500,84.060,800,84.090,2020-06-18,13:29:58,00,";
var hq_str_sh603259="药明康德,85.050,85.050,84.080,85.960,83.250,84.070,84.080,9669398,813441885.000,1500,84.070,100,84.010,4200,84.000,1700,83.990,500,83.980,200,84.080,400,84.090,1080,84.100,6200,84.110,100,84.120,2020-06-18,13:30:58,00,";
var hq_str_sh603259="药明康德,85.050,85.050,84.180,85.960,83.250,84.170,84.190,9730038,818542572.000,5200,84.170,2700,84.150,1500,84.140,5860,84.130,2000,84.110,17400,84.190,2000,84.200,100,84.210,12700,84.220,200,84.230,2020-06-18,13:31:58,00,";
var hq_str_sh603259="药明康德,85.050,85.050,84.300,85.960,83.250,84.290,84.300,9792218,823779610.000,1900,84.290,4000,84.280,100,84.270,300,84.260,200,84.240,3830,84.300,300,84.310,400,84.330,600,84.360,10100,84.380,2020-06-18,13:32:58,00,";
var hq_str_sh603259="药明康德,85.050,85.050,84.400,85.960,83.250,84.400,84.440,9847228,828421220.000,300,84.400,5700,84.380,1400,84.370,500,84.360,500,84.340,186,84.440,1100,84.450,300,84.460,1000,84.480,500,84.490,2020-06-18,13:33:58,00,";
var hq_str_sh603259="药明康德,85.050,85.050,84.490,85.960,83.250,84.460,84.480,9898974,832791868.000,900,84.460,1240,84.450,100,84.420,1100,84.400,4200,84.380,600,84.480,1100,84.490,5340,84.500,200,84.510,700,84.520,2020-06-18,13:34:58,00,";
var hq_str_sh603259="药明康德,85.050,85.050,84.450,85.960,83.250,84.440,84.450,9985614,840108526.000,9200,84.440,1400,84.430,2200,84.420,1500,84.400,4100,84.380,140,84.450,2100,84.480,1400,84.490,4840,84.500,200,84.510,2020-06-18,13:35:58,00,";
var hq_str_sh603259="药明康德,85.050,85.050,84.560,85.960,83.250,84.560,84.580,10055687,846030891.000,1000,84.560,400,84.510,5060,84.500,300,84.490,1300,84.480,100,84.580,400,84.590,4600,84.600,300,84.620,3500,84.630,2020-06-18,13:36:58,00,";
var hq_str_sh603259="药明康德,85.050,85.050,84.510,85.960,83.250,84.510,84.520,10140687,853217714.000,1000,84.510,9260,84.500,400,84.450,100,84.440,600,84.420,9900,84.520,4100,84.530,1000,84.540,1400,84.550,500,84.570,2020-06-18,13:37:58,00,";
var hq_str_sh603259="药明康德,85.050,85.050,84.590,85.960,83.250,84.580,84.590,10177907,856364472.000,1500,84.580,5100,84.570,600,84.560,6700,84.550,2400,84.540,6400,84.590,7900,84.600,500,84.620,3500,84.630,2200,84.650,2020-06-18,13:38:58,00,";
var hq_str_sh603259="药明康德,85.050,85.050,84.600,85.960,83.250,84.560,84.600,10264607,863699443.000,300,84.560,5200,84.550,2400,84.540,2780,84.520,300,84.510,10000,84.600,1800,84.650,3200,84.660,700,84.670,1140,84.680,2020-06-18,13:39:58,00,";
var hq_str_sh603259="药明康德,85.050,85.050,84.600,85.960,83.250,84.600,84.640,10307907,867362651.000,2100,84.600,1600,84.590,900,84.580,900,84.570,6400,84.550,1640,84.640,10720,84.650,3100,84.660,200,84.670,3300,84.680,2020-06-18,13:40:58,00,";
var hq_str_sh603259="药明康德,85.050,85.050,84.650,85.960,83.250,84.640,84.650,10343187,870347476.000,3100,84.640,4900,84.610,2500,84.600,1420,84.590,100,84.580,9720,84.650,5300,84.660,3200,84.670,3300,84.680,7900,84.690,2020-06-18,13:41:58,00,";
var hq_str_sh603259="药明康德,85.050,85.050,84.630,85.960,83.250,84.630,84.640,10398487,875027853.000,700,84.630,1300,84.620,3900,84.610,7900,84.600,820,84.590,22220,84.640,1720,84.650,5300,84.660,4000,84.670,3300,84.680,2020-06-18,13:42:58,00,";
var hq_str_sh603259="药明康德,85.050,85.050,84.550,85.960,83.250,84.540,84.550,10451407,879504133.000,2400,84.540,300,84.520,400,84.510,800,84.500,400,84.450,2580,84.550,700,84.560,1700,84.570,1580,84.580,1000,84.590,2020-06-18,13:43:58,00,";
var hq_str_sh603259="药明康德,85.050,85.050,84.490,85.960,83.250,84.490,84.500,10481007,882005216.000,3100,84.490,400,84.470,600,84.460,100,84.450,2600,84.430,49769,84.500,300,84.510,400,84.520,4080,84.550,400,84.560,2020-06-18,13:44:58,00,";
var hq_str_sh603259="药明康德,85.050,85.050,84.490,85.960,83.250,84.490,84.500,10530207,886162493.000,3200,84.490,500,84.460,100,84.450,2700,84.430,200,84.420,14549,84.500,1400,84.510,2680,84.550,400,84.560,700,84.570,2020-06-18,13:45:58,00,";
var hq_str_sh603259="药明康德,85.050,85.050,84.500,85.960,83.250,84.490,84.500,10546707,887556637.000,12700,84.490,2700,84.480,700,84.460,200,84.450,2600,84.430,14809,84.500,1100,84.510,2680,84.550,400,84.560,700,84.570,2020-06-18,13:46:58,00,";
var hq_str_sh603259="药明康德,85.050,85.050,84.590,85.960,83.250,84.590,84.600,10593887,891545713.000,620,84.590,2200,84.510,3300,84.500,6900,84.490,400,84.480,21285,84.600,400,84.630,22120,84.640,1920,84.650,3300,84.660,2020-06-18,13:47:58,00,";
var hq_str_sh603259="药明康德,85.050,85.050,84.590,85.960,83.250,84.580,84.590,10677505,898612657.000,400,84.580,1200,84.570,1500,84.560,300,84.550,100,84.530,400,84.590,440,84.600,300,84.610,400,84.620,300,84.640,2020-06-18,13:48:58,00,";
var hq_str_sh603259="药明康德,85.050,85.050,84.600,85.960,83.250,84.580,84.600,10701165,900614021.000,8140,84.580,2600,84.570,1500,84.560,300,84.550,600,84.500,3580,84.600,340,84.610,300,84.620,200,84.640,7720,84.650,2020-06-18,13:49:58,00,";
var hq_str_sh603259="药明康德,85.050,85.050,84.610,85.960,83.250,84.600,84.610,10721445,902329683.000,4960,84.600,5900,84.580,1300,84.570,1500,84.560,300,84.550,2000,84.610,1000,84.620,900,84.640,3720,84.650,700,84.660,2020-06-18,13:50:58,00,";
var hq_str_sh603259="药明康德,85.050,85.050,84.650,85.960,83.250,84.640,84.650,10731605,903189513.000,380,84.640,2800,84.630,1700,84.620,4300,84.610,3020,84.600,1620,84.650,700,84.660,2200,84.670,2600,84.680,6100,84.690,2020-06-18,13:51:58,00,";
var hq_str_sh603259="药明康德,85.050,85.050,84.670,85.960,83.250,84.660,84.670,10754565,905133074.000,2160,84.660,4260,84.650,2000,84.640,1900,84.630,2200,84.620,900,84.670,2900,84.680,6200,84.690,2540,84.700,200,84.710,2020-06-18,13:52:58,00,";
var hq_str_sh603259="药明康德,85.050,85.050,84.580,85.960,83.250,84.580,84.590,10796805,908706979.000,900,84.580,1200,84.570,2000,84.560,300,84.550,500,84.540,600,84.590,7380,84.600,600,84.630,17500,84.640,36380,84.650,2020-06-18,13:53:58,00,";
var hq_str_sh603259="药明康德,85.050,85.050,84.450,85.960,83.250,84.470,84.490,10830280,911537601.000,1800,84.470,2025,84.450,100,84.440,1302,84.410,700,84.400,1300,84.490,34100,84.500,400,84.510,300,84.520,2620,84.570,2020-06-18,13:54:58,00,";
var hq_str_sh603259="药明康德,85.050,85.050,84.490,85.960,83.250,84.490,84.500,10855060,913631080.000,300,84.490,760,84.470,100,84.460,3225,84.450,100,84.440,31200,84.500,100,84.510,660,84.560,2620,84.570,1000,84.580,2020-06-18,13:55:57,00,";
var hq_str_sh603259="药明康德,85.050,85.050,84.520,85.960,83.250,84.530,84.570,10894500,916964024.000,800,84.530,2100,84.520,1160,84.510,2500,84.500,600,84.480,1160,84.570,1000,84.580,500,84.590,1400,84.600,11760,84.630,2020-06-18,13:56:58,00,";
var hq_str_sh603259="药明康德,85.050,85.050,84.600,85.960,83.250,84.600,84.610,10924000,919459523.000,11300,84.600,4360,84.590,900,84.580,900,84.570,500,84.560,1400,84.610,660,84.630,4100,84.640,36680,84.650,200,84.660,2020-06-18,13:57:58,00,";
var hq_str_sh603259="药明康德,85.050,85.050,84.630,85.960,83.250,84.630,84.650,10965100,922938372.000,1000,84.630,3100,84.620,600,84.610,9200,84.600,1360,84.590,13900,84.650,200,84.660,800,84.670,600,84.680,1400,84.690,2020-06-18,13:58:58,00,";
var hq_str_sh603259="药明康德,85.050,85.050,84.690,85.960,83.250,84.690,84.700,10993145,925312544.000,595,84.690,3460,84.670,7000,84.660,600,84.650,1700,84.630,3240,84.700,400,84.720,100,84.730,300,84.750,6900,84.760,2020-06-18,13:59:58,00,";
var hq_str_sh603259="药明康德,85.050,85.050,84.760,85.960,83.250,84.750,84.760,11036945,929024004.000,700,84.750,1300,84.740,500,84.690,100,84.680,6400,84.660,1700,84.760,2600,84.770,3000,84.780,1640,84.790,8200,84.800,2020-06-18,14:00:58,00,";
var hq_str_sh603259="药明康德,85.050,85.050,84.730,85.960,83.250,84.720,84.740,11064045,931320413.000,100,84.720,400,84.710,200,84.700,3000,84.690,100,84.680,140,84.740,400,84.750,200,84.760,2100,84.770,3100,84.780,2020-06-18,14:01:58,00,";
var hq_str_sh603259="药明康德,85.050,85.050,84.750,85.960,83.250,84.740,84.750,11094485,933899926.000,400,84.740,500,84.730,1760,84.720,100,84.710,4000,84.700,500,84.750,300,84.770,3100,84.780,2240,84.790,7974,84.800,2020-06-18,14:02:58,00,";
var hq_str_sh603259="药明康德,85.050,85.050,84.840,85.960,83.250,84.850,84.860,11134579,937298890.000,300,84.850,1200,84.840,100,84.820,1260,84.810,2400,84.800,100,84.860,900,84.870,2000,84.880,1200,84.890,1400,84.900,2020-06-18,14:03:58,00,";
var hq_str_sh603259="药明康德,85.050,85.050,84.700,85.960,83.250,84.680,84.700,11178899,941057589.000,100,84.680,1100,84.660,100,84.650,800,84.630,900,84.620,2900,84.700,3300,84.740,100,84.770,3700,84.780,800,84.790,2020-06-18,14:04:58,00,";
var hq_str_sh603259="药明康德,85.050,85.050,84.630,85.960,83.250,84.630,84.660,11196739,942567816.000,5960,84.630,1300,84.620,8900,84.600,100,84.590,700,84.580,2520,84.660,200,84.670,500,84.680,1300,84.690,38300,84.700,2020-06-18,14:05:58,00,";
var hq_str_sh603259="药明康德,85.050,85.050,84.690,85.960,83.250,84.690,84.700,11208419,943556825.000,4000,84.690,6580,84.660,2440,84.650,5460,84.630,1900,84.620,39200,84.700,500,84.740,200,84.750,200,84.770,1100,84.780,2020-06-18,14:06:58,00,";
var hq_str_sh603259="药明康德,85.050,85.050,84.760,85.960,83.250,84.720,84.760,11260119,947935823.000,600,84.720,5100,84.700,6400,84.690,2300,84.680,6280,84.660,300,84.760,200,84.770,200,84.780,900,84.790,14160,84.800,2020-06-18,14:07:58,00,";
var hq_str_sh603259="药明康德,85.050,85.050,84.770,85.960,83.250,84.770,84.790,11276459,949321057.000,2300,84.770,3200,84.760,800,84.720,400,84.700,3300,84.690,1900,84.790,14940,84.800,100,84.830,59040,84.840,100,84.850,2020-06-18,14:08:58,00,";
var hq_str_sh603259="药明康德,85.050,85.050,84.790,85.960,83.250,84.760,84.790,11308859,952068090.000,3200,84.760,800,84.720,600,84.710,400,84.700,2400,84.690,13300,84.790,15540,84.800,700,84.830,59140,84.840,100,84.850,2020-06-18,14:09:58,00,";
var hq_str_sh603259="药明康德,85.050,85.050,84.760,85.960,83.250,84.710,84.760,11333959,954195609.000,1100,84.710,1000,84.700,2400,84.690,2300,84.680,2000,84.660,1300,84.760,1000,84.770,2260,84.780,13500,84.790,17340,84.800,2020-06-18,14:10:58,00,";
var hq_str_sh603259="药明康德,85.050,85.050,84.700,85.960,83.250,84.690,84.700,11366559,956958028.000,1200,84.690,2900,84.680,1900,84.660,600,84.650,100,84.630,34305,84.700,100,84.750,1300,84.760,760,84.770,2700,84.780,2020-06-18,14:11:58,00,";
var hq_str_sh603259="药明康德,85.050,85.050,84.670,85.960,83.250,84.660,84.670,11397059,959540907.000,4700,84.660,600,84.650,100,84.630,800,84.620,9800,84.600,300,84.670,4940,84.690,29345,84.700,100,84.740,400,84.750,2020-06-18,14:12:58,00,";
var hq_str_sh603259="药明康德,85.050,85.050,84.690,85.960,83.250,84.680,84.690,11414119,960985449.000,1100,84.680,900,84.670,3240,84.660,600,84.650,100,84.630,880,84.690,29645,84.700,400,84.730,100,84.740,1000,84.750,2020-06-18,14:13:55,00,";
var hq_str_sh603259="药明康德,85.050,85.050,84.740,85.960,83.250,84.730,84.740,11453644,964333161.000,5700,84.730,300,84.720,700,84.710,2355,84.700,1200,84.690,400,84.740,1100,84.750,1600,84.760,760,84.770,2300,84.780,2020-06-18,14:14:58,00,";
var hq_str_sh603259="药明康德,85.050,85.050,84.800,85.960,83.250,84.800,84.840,11485144,967003817.000,1680,84.800,5300,84.790,4500,84.780,420,84.770,200,84.760,300,84.840,100,84.850,100,84.870,7100,84.880,1200,84.890,2020-06-18,14:15:58,00,";
var hq_str_sh603259="药明康德,85.050,85.050,84.880,85.960,83.250,84.880,84.890,11504149,968616706.000,500,84.880,5500,84.870,5800,84.860,2200,84.850,1695,84.840,1200,84.890,3000,84.900,100,84.920,1100,84.950,2700,84.960,2020-06-18,14:16:58,00,";
var hq_str_sh603259="药明康德,85.050,85.050,84.840,85.960,83.250,84.820,84.840,11570689,974262839.000,300,84.820,1060,84.810,2995,84.800,1300,84.790,1500,84.780,300,84.840,21740,84.850,100,84.860,600,84.880,600,84.890,2020-06-18,14:17:58,00,";
var hq_str_sh603259="药明康德,85.050,85.050,84.950,85.960,83.250,84.860,84.950,11616469,978147624.000,1600,84.860,620,84.850,100,84.840,4000,84.800,700,84.790,560,84.950,3400,84.960,4400,84.970,4920,84.980,2200,84.990,2020-06-18,14:18:58,00,";
var hq_str_sh603259="药明康德,85.050,85.050,84.940,85.960,83.250,84.940,84.950,11652169,981179325.000,200,84.940,3100,84.900,100,84.890,3800,84.880,500,84.860,100,84.950,780,84.960,4500,84.970,4920,84.980,2200,84.990,2020-06-18,14:19:58,00,";
var hq_str_sh603259="药明康德,85.050,85.050,84.890,85.960,83.250,84.890,84.900,11694969,984814516.000,2300,84.890,2400,84.880,500,84.860,3600,84.810,1700,84.800,55975,84.900,500,84.980,2540,84.990,38300,85.000,600,85.010,2020-06-18,14:20:58,00,";
var hq_str_sh603259="药明康德,85.050,85.050,84.900,85.960,83.250,84.890,84.900,11746069,989152813.000,2400,84.890,7300,84.880,500,84.860,3600,84.810,900,84.800,15475,84.900,300,84.930,500,84.980,4040,84.990,38400,85.000,2020-06-18,14:21:58,00,";
var hq_str_sh603259="药明康德,85.050,85.050,85.000,85.960,83.250,84.990,85.000,11850344,998014319.000,5000,84.990,3800,84.980,1100,84.920,1800,84.910,5200,84.900,75680,85.000,800,85.010,100,85.020,100,85.040,2100,85.050,2020-06-18,14:22:58,00,";
var hq_str_sh603259="药明康德,85.050,85.050,85.050,85.960,83.250,85.040,85.050,11938904,1005542290.000,4200,85.040,6000,85.000,11940,84.990,1900,84.980,1100,84.920,13500,85.050,1200,85.060,10840,85.080,1900,85.100,200,85.150,2020-06-18,14:23:58,00,";
var hq_str_sh603259="药明康德,85.050,85.050,85.070,85.960,83.250,85.060,85.080,11973904,1008519383.000,2600,85.060,1300,85.050,2600,85.010,7100,85.000,2940,84.990,4540,85.080,1900,85.100,1500,85.150,1300,85.160,900,85.180,2020-06-18,14:24:58,00,";
var hq_str_sh603259="药明康德,85.050,85.050,85.060,85.960,83.250,85.020,85.060,12028804,1013189200.000,1000,85.020,2640,84.990,900,84.980,1100,84.920,1800,84.910,10300,85.060,7440,85.080,31150,85.090,1800,85.100,300,85.120,2020-06-18,14:25:58,00,";
var hq_str_sh603259="药明康德,85.050,85.050,85.000,85.960,83.250,85.000,85.020,12052004,1015161337.000,300,85.000,4640,84.990,300,84.980,200,84.970,100,84.950,10740,85.020,13080,85.050,1700,85.060,8640,85.080,4200,85.100,2020-06-18,14:26:58,00,";
var hq_str_sh603259="药明康德,85.050,85.050,84.900,85.960,83.250,84.900,84.940,12092644,1018614520.000,4700,84.900,600,84.890,5000,84.880,400,84.840,500,84.810,100,84.940,8500,84.980,24550,84.990,19960,85.000,400,85.010,2020-06-18,14:27:58,00,";
var hq_str_sh603259="药明康德,85.050,85.050,84.930,85.960,83.250,84.930,84.940,12106444,1019786493.000,6200,84.930,6200,84.900,1300,84.890,14100,84.880,700,84.860,600,84.940,1200,84.950,8800,84.980,22650,84.990,31640,85.000,2020-06-18,14:28:58,00,";
var hq_str_sh603259="药明康德,85.050,85.050,84.950,85.960,83.250,84.940,84.950,12124670,1021334514.000,6187,84.940,1787,84.930,3300,84.900,1300,84.890,14500,84.880,2380,84.950,600,84.970,8800,84.980,22650,84.990,31440,85.000,2020-06-18,14:29:58,00,";
var hq_str_sh603259="药明康德,85.050,85.050,84.880,85.960,83.250,84.860,84.880,12181244,1026137994.000,700,84.860,1100,84.840,600,84.820,400,84.810,2200,84.800,1000,84.880,100,84.910,5400,84.920,100,84.930,2080,84.950,2020-06-18,14:30:58,00,";
var hq_str_sh603259="药明康德,85.050,85.050,84.970,85.960,83.250,84.950,84.970,12197864,1027549534.000,80,84.950,3000,84.940,100,84.910,1400,84.900,500,84.890,1820,84.970,1000,84.980,22650,84.990,33480,85.000,700,85.010,2020-06-18,14:31:58,00,";
var hq_str_sh603259="药明康德,85.050,85.050,84.990,85.960,83.250,84.950,84.990,12268664,1033564819.000,800,84.950,600,84.940,13300,84.930,200,84.920,100,84.910,300,84.990,33490,85.000,700,85.010,2200,85.020,1000,85.040,2020-06-18,14:32:58,00,";
var hq_str_sh603259="药明康德,85.050,85.050,85.000,85.960,83.250,84.970,84.990,12287264,1035145646.000,1600,84.970,1100,84.950,12600,84.940,13400,84.930,100,84.910,100,84.990,20590,85.000,600,85.010,2200,85.020,1000,85.040,2020-06-18,14:33:58,00,";
var hq_str_sh603259="药明康德,85.050,85.050,84.990,85.960,83.250,84.980,84.990,12332864,1039019786.000,1400,84.980,100,84.970,100,84.960,700,84.950,700,84.940,1900,84.990,22890,85.000,600,85.010,2200,85.020,200,85.030,2020-06-18,14:34:58,00,";
var hq_str_sh603259="药明康德,85.050,85.050,85.200,85.960,83.250,85.030,85.200,12786144,1077602526.000,700,85.030,4220,85.000,3800,84.990,1200,84.980,700,84.970,84255,85.200,1600,85.210,200,85.220,300,85.230,100,85.240,2020-06-18,14:35:58,00,";
var hq_str_sh603259="药明康德,85.050,85.050,85.250,85.960,83.250,85.220,85.240,12944999,1091137920.000,2400,85.220,600,85.040,660,85.030,8200,85.000,1600,84.990,800,85.240,3000,85.250,1000,85.260,1200,85.270,6500,85.290,2020-06-18,14:36:58,00,";
var hq_str_sh603259="药明康德,85.050,85.050,85.060,85.960,83.250,85.060,85.160,12964435,1092792980.000,3164,85.060,3200,85.050,1600,85.040,1960,85.030,1200,85.020,100,85.160,100,85.170,1500,85.180,700,85.190,2700,85.200,2020-06-18,14:37:58,00,";
var hq_str_sh603259="药明康德,85.050,85.050,85.170,85.960,83.250,85.160,85.170,12991415,1095090312.000,1100,85.160,6900,85.150,600,85.140,600,85.120,400,85.110,468,85.170,1700,85.180,1200,85.190,3500,85.200,900,85.210,2020-06-18,14:38:58,00,";
var hq_str_sh603259="药明康德,85.050,85.050,85.220,85.960,83.250,85.200,85.220,13051583,1100216048.000,11132,85.200,2200,85.160,4700,85.150,100,85.140,400,85.120,100,85.220,440,85.250,1200,85.270,500,85.280,2100,85.290,2020-06-18,14:39:59,00,";
var hq_str_sh603259="药明康德,85.050,85.050,85.180,85.960,83.250,85.090,85.180,13131895,1107056716.000,400,85.090,4720,85.070,1700,85.060,3200,85.050,1000,85.040,800,85.180,400,85.190,13020,85.200,1200,85.210,700,85.220,2020-06-18,14:40:58,00,";
var hq_str_sh603259="药明康德,85.050,85.050,85.050,85.960,83.250,85.050,85.060,13154915,1109014998.000,300,85.050,200,85.030,1800,85.020,6400,85.000,1000,84.990,1600,85.060,740,85.070,400,85.090,600,85.100,700,85.150,2020-06-18,14:41:58,00,";
var hq_str_sh603259="药明康德,85.050,85.050,85.100,85.960,83.250,85.100,85.140,13198655,1112735636.000,4160,85.100,900,85.050,1200,85.040,700,85.030,1300,85.020,1600,85.140,1100,85.150,2100,85.180,9200,85.190,17620,85.200,2020-06-18,14:42:59,00,";
var hq_str_sh603259="药明康德,85.050,85.050,85.140,85.960,83.250,85.140,85.150,13244155,1116608874.000,940,85.140,500,85.130,1500,85.110,1420,85.100,3900,85.090,900,85.150,3100,85.160,1000,85.170,2400,85.180,9300,85.190,2020-06-18,14:43:59,00,";
var hq_str_sh603259="药明康德,85.050,85.050,85.060,85.960,83.250,85.050,85.060,13283684,1119972326.000,1331,85.050,1200,85.040,7300,85.030,1500,85.020,400,85.010,2300,85.060,1560,85.070,200,85.080,16340,85.090,1680,85.100,2020-06-18,14:44:59,00,";
var hq_str_sh603259="药明康德,85.050,85.050,85.060,85.960,83.250,85.050,85.070,13313315,1122492299.000,2100,85.050,3700,85.030,1400,85.020,400,85.010,10800,85.000,60,85.070,100,85.080,5000,85.090,2080,85.100,600,85.110,2020-06-18,14:45:59,00,";
var hq_str_sh603259="药明康德,85.050,85.050,84.890,85.960,83.250,84.850,84.870,13378695,1128047742.000,6420,84.850,500,84.830,700,84.820,5600,84.810,2300,84.800,140,84.870,100,84.880,9400,84.900,26680,85.000,1000,85.050,2020-06-18,14:46:59,00,";
var hq_str_sh603259="药明康德,85.050,85.050,84.920,85.960,83.250,84.920,84.940,13411795,1130857864.000,2020,84.920,3560,84.900,4800,84.890,7000,84.880,10900,84.870,300,84.940,300,84.950,100,84.980,2200,84.990,38780,85.000,2020-06-18,14:47:59,00,";
var hq_str_sh603259="药明康德,85.050,85.050,84.690,85.960,83.250,84.630,84.650,13463435,1135238737.000,200,84.630,700,84.620,300,84.610,9200,84.600,100,84.590,100,84.650,500,84.660,100,84.690,3400,84.700,300,84.710,2020-06-18,14:48:59,00,";
var hq_str_sh603259="药明康德,85.050,85.050,84.690,85.960,83.250,84.650,84.690,13524671,1140421994.000,100,84.650,100,84.640,2100,84.630,10100,84.620,500,84.610,200,84.690,38180,84.700,300,84.760,700,84.770,300,84.790,2020-06-18,14:49:59,00,";
var hq_str_sh603259="药明康德,85.050,85.050,84.800,85.960,83.250,84.800,84.940,13597531,1146589647.000,4800,84.800,400,84.640,500,84.630,464,84.600,1000,84.590,300,84.940,200,84.950,300,84.980,2600,84.990,11300,85.000,2020-06-18,14:50:59,00,";
var hq_str_sh603259="药明康德,85.050,85.050,84.780,85.960,83.250,84.770,84.790,13649415,1150986141.000,200,84.770,300,84.760,800,84.750,700,84.730,300,84.720,300,84.790,19400,84.800,100,84.840,300,84.860,200,84.880,2020-06-18,14:51:59,00,";
var hq_str_sh603259="药明康德,85.050,85.050,84.700,85.960,83.250,84.690,84.700,13688915,1154334673.000,4800,84.690,100,84.680,1000,84.670,300,84.660,2200,84.650,6156,84.700,100,84.760,11240,84.780,1000,84.790,10200,84.800,2020-06-18,14:52:59,00,";
var hq_str_sh603259="药明康德,85.050,85.050,84.690,85.960,83.250,84.680,84.700,13738054,1158497077.000,5200,84.680,1000,84.670,700,84.660,2200,84.650,500,84.640,17800,84.700,300,84.720,300,84.750,960,84.760,900,84.770,2020-06-18,14:53:59,00,";
var hq_str_sh603259="药明康德,85.050,85.050,84.710,85.960,83.250,84.710,84.750,13792600,1163117021.000,300,84.710,380,84.700,50734,84.690,5140,84.680,1000,84.670,1300,84.750,2400,84.770,8856,84.780,11700,84.790,1000,84.800,2020-06-18,14:54:59,00,";
var hq_str_sh603259="药明康德,85.050,85.050,84.750,85.960,83.250,84.740,84.750,13828820,1166186741.000,1800,84.740,1000,84.730,1400,84.720,10260,84.710,10500,84.700,200,84.750,1240,84.770,8356,84.780,11900,84.790,1000,84.800,2020-06-18,14:55:59,00,";
var hq_str_sh603259="药明康德,85.050,85.050,84.790,85.960,83.250,84.760,84.790,13855440,1168443439.000,2100,84.760,1200,84.750,1900,84.740,1000,84.730,900,84.720,9800,84.790,1000,84.800,800,84.810,5000,84.820,600,84.840,2020-06-18,14:56:59,00,";
var hq_str_sh603259="药明康德,85.050,85.050,84.790,85.960,83.250,84.700,84.700,13855440,1168443439.000,66400,84.700,0,0.000,0,0.000,0,0.000,0,0.000,66400,84.700,18460,0.000,0,0.000,0,0.000,0,0.000,2020-06-18,14:57:58,00,";
var hq_str_sh603259="药明康德,85.050,85.050,84.790,85.960,83.250,84.700,84.700,13855440,1168443439.000,105300,84.700,0,0.000,0,0.000,0,0.000,0,0.000,105300,84.700,9700,0.000,0,0.000,0,0.000,0,0.000,2020-06-18,14:58:58,00,";
