var hq_str_sh603259="药明康德,105.410,105.490,105.410,105.410,105.410,105.070,105.410,76700,8084947.000,600,105.070,10500,105.010,1300,105.000,300,104.910,100,104.700,48578,105.410,640,105.460,8600,105.470,600,105.480,17000,105.490,2020-08-25,09:29:51,00,";
var hq_str_sh603259="药明康德,105.410,105.490,105.020,105.410,104.730,105.020,105.100,221792,23326239.000,2360,105.020,4000,105.000,1600,104.970,100,104.960,17300,104.950,2100,105.100,2800,105.110,100,105.120,300,105.150,200,105.170,2020-08-25,09:30:58,00,";
var hq_str_sh603259="药明康德,105.410,105.490,105.120,105.410,104.730,105.170,105.190,314749,33109654.000,300,105.170,100,105.110,800,105.100,300,105.090,100,105.060,1200,105.190,200,105.200,200,105.260,5300,105.270,1000,105.290,2020-08-25,09:31:58,00,";
var hq_str_sh603259="药明康德,105.410,105.490,105.400,105.500,104.730,105.330,105.390,404629,42577804.000,100,105.330,400,105.320,300,105.280,1400,105.270,200,105.260,700,105.390,600,105.460,2840,105.500,300,105.510,100,105.550,2020-08-25,09:32:58,00,";
var hq_str_sh603259="药明康德,105.410,105.490,105.670,105.850,104.730,105.690,105.720,497469,52382913.000,100,105.690,1200,105.670,200,105.660,8500,105.650,2000,105.630,300,105.720,1000,105.740,600,105.760,700,105.790,2400,105.800,2020-08-25,09:33:58,00,";
var hq_str_sh603259="药明康德,105.410,105.490,105.750,105.850,104.730,105.750,105.760,576769,60760508.000,300,105.750,300,105.700,200,105.680,1000,105.670,21200,105.650,100,105.760,2500,105.780,2700,105.790,2400,105.800,2000,105.820,2020-08-25,09:34:58,00,";
var hq_str_sh603259="药明康德,105.410,105.490,105.350,105.850,104.730,105.240,105.290,677219,71372531.000,2770,105.240,200,105.230,300,105.220,200,105.210,100,105.120,100,105.290,1700,105.300,100,105.310,600,105.320,1000,105.330,2020-08-25,09:35:58,00,";
var hq_str_sh603259="药明康德,105.410,105.490,105.060,105.850,104.730,105.060,105.090,749069,78927573.000,210,105.060,700,105.030,300,105.020,600,105.010,11900,105.000,300,105.090,2400,105.110,1600,105.120,200,105.130,200,105.150,2020-08-25,09:36:58,00,";
var hq_str_sh603259="药明康德,105.410,105.490,104.610,105.850,104.600,104.600,104.610,874594,92099463.000,1300,104.600,1100,104.580,900,104.550,100,104.530,3000,104.510,2300,104.610,200,104.620,1100,104.630,100,104.640,5792,104.650,2020-08-25,09:37:58,00,";
var hq_str_sh603259="药明康德,105.410,105.490,104.800,105.850,104.500,104.800,104.860,992401,104421503.000,200,104.800,300,104.720,100,104.670,700,104.660,500,104.650,1800,104.860,100,104.900,700,104.970,400,104.980,48638,105.000,2020-08-25,09:38:58,00,";
var hq_str_sh603259="药明康德,105.410,105.490,104.660,105.850,104.500,104.660,104.680,1060624,111576780.000,600,104.660,2300,104.650,500,104.640,6077,104.630,2954,104.620,400,104.680,2700,104.710,900,104.730,800,104.780,900,104.800,2020-08-25,09:39:58,00,";
var hq_str_sh603259="药明康德,105.410,105.490,104.880,105.850,104.500,104.880,104.930,1108447,116585418.000,300,104.880,200,104.870,100,104.850,500,104.830,1200,104.810,1400,104.930,500,104.950,500,104.980,3900,104.990,28738,105.000,2020-08-25,09:40:58,00,";
var hq_str_sh603259="药明康德,105.410,105.490,105.080,105.850,104.500,105.050,105.060,1192631,125423455.000,300,105.050,500,105.040,1100,105.030,600,105.020,19900,105.000,2900,105.060,200,105.150,1196,105.300,700,105.400,200,105.480,2020-08-25,09:41:52,00,";
var hq_str_sh603259="药明康德,105.410,105.490,105.070,105.850,104.500,105.070,105.120,1256293,132120567.000,2300,105.070,1053,105.060,300,105.050,600,105.020,2400,105.010,100,105.120,300,105.200,1000,105.240,100,105.260,500,105.290,2020-08-25,09:42:58,00,";
var hq_str_sh603259="药明康德,105.410,105.490,105.010,105.850,104.500,104.940,105.010,1327961,139646046.000,300,104.940,3300,104.930,577,104.920,100,104.900,100,104.850,1346,105.010,700,105.020,400,105.030,300,105.190,200,105.220,2020-08-25,09:43:58,00,";
var hq_str_sh603259="药明康德,105.410,105.490,104.850,105.850,104.500,104.850,104.900,1370184,144078299.000,100,104.850,200,104.840,700,104.830,1000,104.810,2562,104.800,2800,104.900,300,104.910,2600,104.920,200,104.930,100,104.950,2020-08-25,09:44:58,00,";
var hq_str_sh603259="药明康德,105.410,105.490,105.150,105.850,104.500,105.090,105.190,1425553,149889407.000,100,105.090,1100,105.010,4700,105.000,300,104.960,2600,104.950,300,105.190,1100,105.200,600,105.210,1000,105.240,200,105.250,2020-08-25,09:45:58,00,";
var hq_str_sh603259="药明康德,105.410,105.490,105.490,105.850,104.500,105.490,105.500,1482753,155908000.000,500,105.490,2100,105.470,100,105.440,2600,105.400,100,105.260,7600,105.500,200,105.510,1200,105.550,400,105.600,400,105.630,2020-08-25,09:46:58,00,";
var hq_str_sh603259="药明康德,105.410,105.490,105.500,105.850,104.500,105.480,105.500,1540453,161995869.000,200,105.480,900,105.470,100,105.450,500,105.420,1000,105.410,6800,105.500,200,105.510,400,105.540,3800,105.550,700,105.600,2020-08-25,09:47:58,00,";
var hq_str_sh603259="药明康德,105.410,105.490,105.940,106.000,104.500,105.920,105.940,1708959,179826941.000,100,105.920,2040,105.900,100,105.880,400,105.860,654,105.800,3300,105.940,600,105.960,300,105.970,1000,105.980,1810,105.990,2020-08-25,09:48:58,00,";
var hq_str_sh603259="药明康德,105.410,105.490,105.850,106.000,104.500,105.780,105.930,1761613,185400450.000,1300,105.780,200,105.760,1300,105.730,700,105.710,4100,105.700,1000,105.930,100,105.940,1600,105.950,200,105.980,310,105.990,2020-08-25,09:49:58,00,";
var hq_str_sh603259="药明康德,105.410,105.490,105.680,106.000,104.500,105.630,105.680,1880513,197986481.000,300,105.630,100,105.600,300,105.590,100,105.580,1100,105.550,700,105.680,900,105.690,39462,105.700,1000,105.830,300,105.850,2020-08-25,09:50:58,00,";
var hq_str_sh603259="药明康德,105.410,105.490,106.070,106.070,104.500,106.000,106.070,2053321,216275706.000,700,106.000,1300,105.990,380,105.970,2000,105.900,200,105.890,600,106.070,100,106.090,600,106.100,100,106.110,3000,106.120,2020-08-25,09:51:58,00,";
var hq_str_sh603259="药明康德,105.410,105.490,106.000,106.200,104.500,105.920,106.000,2116521,222979672.000,100,105.920,600,105.910,880,105.900,600,105.880,2500,105.800,300,106.000,500,106.010,800,106.020,100,106.090,4000,106.100,2020-08-25,09:52:58,00,";
var hq_str_sh603259="药明康德,105.410,105.490,106.030,106.200,104.500,106.030,106.040,2198521,231675783.000,1700,106.030,2200,106.010,3500,106.000,300,105.990,300,105.980,2700,106.040,300,106.050,300,106.060,1500,106.070,100,106.090,2020-08-25,09:53:58,00,";
var hq_str_sh603259="药明康德,105.410,105.490,105.960,106.200,104.500,105.960,105.970,2247421,236858462.000,600,105.960,200,105.950,100,105.920,600,105.910,880,105.900,1400,105.970,1700,105.980,200,105.990,16700,106.000,6600,106.010,2020-08-25,09:54:58,00,";
var hq_str_sh603259="药明康德,105.410,105.490,105.680,106.200,104.500,105.590,105.600,2319901,244525684.000,300,105.590,800,105.550,600,105.530,600,105.510,1100,105.500,100,105.600,1200,105.680,4700,105.700,200,105.710,1000,105.720,2020-08-25,09:56:01,00,";
var hq_str_sh603259="药明康德,105.410,105.490,105.720,106.200,104.500,105.720,105.800,2351601,247875499.000,100,105.720,300,105.710,500,105.700,700,105.690,3200,105.680,100,105.800,100,105.840,400,105.850,400,105.870,100,105.890,2020-08-25,09:56:58,00,";
var hq_str_sh603259="药明康德,105.410,105.490,105.790,106.200,104.500,105.790,105.800,2380841,250968605.000,200,105.790,2000,105.750,1300,105.740,1460,105.730,800,105.720,400,105.800,1300,105.820,100,105.840,100,105.860,100,105.870,2020-08-25,09:57:58,00,";
var hq_str_sh603259="药明康德,105.410,105.490,105.800,106.200,104.500,105.800,105.830,2404141,253434105.000,2700,105.800,200,105.790,300,105.780,3000,105.750,1300,105.740,300,105.830,300,105.860,100,105.870,2500,105.900,2000,105.920,2020-08-25,09:58:58,00,";
var hq_str_sh603259="药明康德,105.410,105.490,105.990,106.200,104.500,105.990,106.000,2453688,258682297.000,800,105.990,500,105.960,1000,105.950,1504,105.930,300,105.920,13100,106.000,3800,106.010,1040,106.030,100,106.050,100,106.070,2020-08-25,09:59:58,00,";
var hq_str_sh603259="药明康德,105.410,105.490,106.300,106.380,104.500,106.250,106.300,2562468,270231636.000,400,106.250,1500,106.220,200,106.210,700,106.200,400,106.180,1100,106.300,840,106.350,5000,106.380,1300,106.400,100,106.410,2020-08-25,10:00:58,00,";
var hq_str_sh603259="药明康德,105.410,105.490,106.000,106.380,104.500,105.950,106.000,2658051,280373498.000,1200,105.950,200,105.940,3541,105.930,100,105.920,500,105.910,500,106.000,2600,106.100,100,106.110,300,106.140,1300,106.150,2020-08-25,10:01:58,00,";
var hq_str_sh603259="药明康德,105.410,105.490,105.950,106.380,104.500,105.950,105.960,2685751,283309492.000,1100,105.950,200,105.940,3641,105.930,1000,105.920,400,105.910,2000,105.960,2100,105.970,500,105.990,1700,106.000,300,106.010,2020-08-25,10:02:58,00,";
var hq_str_sh603259="药明康德,105.410,105.490,105.940,106.380,104.500,105.920,105.940,2725892,287562560.000,400,105.920,300,105.910,2800,105.900,500,105.890,500,105.870,300,105.940,100,105.950,200,105.980,700,105.990,5200,106.000,2020-08-25,10:03:58,00,";
var hq_str_sh603259="药明康德,105.410,105.490,105.740,106.380,104.500,105.730,105.740,2756592,290810521.000,100,105.730,700,105.720,1000,105.710,1000,105.700,600,105.690,400,105.740,1100,105.750,100,105.760,200,105.780,1400,105.800,2020-08-25,10:04:58,00,";
var hq_str_sh603259="药明康德,105.410,105.490,105.800,106.380,104.500,105.800,105.810,2789692,294312412.000,2800,105.800,900,105.790,100,105.780,1800,105.750,700,105.740,600,105.810,1400,105.820,500,105.850,400,105.870,100,105.900,2020-08-25,10:05:58,00,";
var hq_str_sh603259="药明康德,105.410,105.490,105.460,106.380,104.500,105.460,105.470,2876592,303492211.000,800,105.460,100,105.450,500,105.440,400,105.410,300,105.400,600,105.470,200,105.480,2380,105.500,1400,105.510,200,105.540,2020-08-25,10:06:58,00,";
var hq_str_sh603259="药明康德,105.410,105.490,105.600,106.380,104.500,105.560,105.600,2908792,306890440.000,1500,105.560,900,105.550,2400,105.540,10200,105.510,1500,105.500,400,105.600,100,105.750,100,105.780,33800,105.800,200,105.850,2020-08-25,10:07:58,00,";
var hq_str_sh603259="药明康德,105.410,105.490,105.510,106.380,104.500,105.510,105.520,2960892,312391024.000,8000,105.510,1800,105.500,100,105.480,200,105.470,100,105.460,1200,105.520,300,105.540,600,105.550,1600,105.570,1900,105.580,2020-08-25,10:08:58,00,";
var hq_str_sh603259="药明康德,105.410,105.490,105.350,106.380,104.500,105.330,105.340,3005292,317074131.000,200,105.330,200,105.320,3600,105.300,200,105.290,100,105.280,100,105.340,3000,105.350,900,105.360,600,105.400,600,105.410,2020-08-25,10:09:58,00,";
var hq_str_sh603259="药明康德,105.410,105.490,105.310,106.380,104.500,105.260,105.310,3041492,320884930.000,200,105.260,100,105.250,100,105.240,400,105.230,1300,105.220,900,105.310,100,105.320,500,105.360,100,105.370,600,105.400,2020-08-25,10:10:58,00,";
var hq_str_sh603259="药明康德,105.410,105.490,105.280,106.380,104.500,105.270,105.280,3090492,326043632.000,1400,105.270,10700,105.260,400,105.230,200,105.220,800,105.210,280,105.280,1900,105.330,700,105.390,100,105.460,200,105.470,2020-08-25,10:11:58,00,";
var hq_str_sh603259="药明康德,105.410,105.490,105.480,106.380,104.500,105.420,105.480,3146497,331953973.000,400,105.420,200,105.410,300,105.400,1300,105.360,400,105.340,200,105.480,2000,105.500,100,105.530,3100,105.540,400,105.550,2020-08-25,10:12:58,00,";
var hq_str_sh603259="药明康德,105.410,105.490,105.230,106.380,104.500,105.230,105.240,3171972,334638229.000,100,105.230,500,105.220,800,105.210,2200,105.200,500,105.190,1400,105.240,100,105.250,800,105.280,600,105.290,1400,105.300,2020-08-25,10:14:01,00,";
var hq_str_sh603259="药明康德,105.410,105.490,105.100,106.380,104.500,105.100,105.120,3210272,338665216.000,600,105.100,100,105.090,1400,105.080,1300,105.070,300,105.060,300,105.120,300,105.130,100,105.140,100,105.150,100,105.160,2020-08-25,10:14:58,00,";
var hq_str_sh603259="药明康德,105.410,105.490,105.190,106.380,104.500,105.180,105.190,3254372,343300897.000,200,105.180,2100,105.170,400,105.150,900,105.140,500,105.130,600,105.190,700,105.220,300,105.260,400,105.290,500,105.310,2020-08-25,10:15:58,00,";
var hq_str_sh603259="药明康德,105.410,105.490,105.340,106.380,104.500,105.310,105.350,3274272,345396279.000,300,105.310,700,105.300,100,105.280,100,105.270,600,105.250,800,105.350,100,105.390,200,105.400,2400,105.430,800,105.440,2020-08-25,10:17:01,00,";
var hq_str_sh603259="药明康德,105.410,105.490,105.340,106.380,104.500,105.360,105.410,3297172,347809359.000,100,105.360,100,105.340,3000,105.330,2000,105.320,6300,105.310,200,105.410,100,105.430,600,105.440,600,105.460,300,105.470,2020-08-25,10:17:58,00,";
var hq_str_sh603259="药明康德,105.410,105.490,105.520,106.380,104.500,105.500,105.520,3319772,350192427.000,2800,105.500,2100,105.490,1800,105.480,100,105.460,100,105.420,600,105.520,3000,105.540,100,105.560,300,105.570,100,105.590,2020-08-25,10:18:58,00,";
var hq_str_sh603259="药明康德,105.410,105.490,105.320,106.380,104.500,105.300,105.330,3353672,353765188.000,1900,105.300,400,105.280,100,105.270,300,105.260,700,105.250,1100,105.330,2300,105.340,200,105.380,400,105.390,900,105.400,2020-08-25,10:19:58,00,";
var hq_str_sh603259="药明康德,105.410,105.490,105.250,106.380,104.500,105.220,105.250,3377160,356237003.000,4612,105.220,1600,105.180,1000,105.170,300,105.160,1500,105.150,5600,105.250,1000,105.260,2200,105.340,200,105.380,5100,105.390,2020-08-25,10:20:58,00,";
var hq_str_sh603259="药明康德,105.410,105.490,105.260,106.380,104.500,105.260,105.340,3410420,359738380.000,2240,105.260,500,105.250,1200,105.240,6200,105.230,10112,105.220,400,105.340,500,105.380,2600,105.390,900,105.400,300,105.440,2020-08-25,10:21:58,00,";
var hq_str_sh603259="药明康德,105.410,105.490,105.390,106.380,104.500,105.390,105.420,3439160,362766436.000,1304,105.390,1000,105.360,800,105.350,200,105.340,4400,105.330,500,105.420,100,105.450,1600,105.480,1200,105.500,2800,105.540,2020-08-25,10:22:58,00,";
var hq_str_sh603259="药明康德,105.410,105.490,105.450,106.380,104.500,105.440,105.450,3462114,365186837.000,200,105.440,1946,105.420,2200,105.410,11700,105.400,900,105.390,900,105.450,100,105.480,1100,105.490,1200,105.500,100,105.520,2020-08-25,10:23:58,00,";
var hq_str_sh603259="药明康德,105.410,105.490,105.460,106.380,104.500,105.450,105.460,3487842,367900136.000,372,105.450,200,105.420,2200,105.410,10100,105.400,900,105.390,300,105.460,1300,105.470,100,105.490,600,105.500,100,105.520,2020-08-25,10:24:58,00,";
var hq_str_sh603259="药明康德,105.410,105.490,105.600,106.380,104.500,105.550,105.560,3515333,370801185.000,100,105.550,2209,105.540,300,105.530,400,105.500,3400,105.490,400,105.560,200,105.600,400,105.650,300,105.750,1000,105.950,2020-08-25,10:25:58,00,";
var hq_str_sh603259="药明康德,105.410,105.490,105.710,106.380,104.500,105.700,105.770,3557133,375221974.000,2300,105.700,4000,105.630,1500,105.610,13600,105.600,1200,105.590,300,105.770,800,105.780,300,105.790,800,105.800,200,105.850,2020-08-25,10:26:58,00,";
var hq_str_sh603259="药明康德,105.410,105.490,105.610,106.380,104.500,105.600,105.610,3618433,381697515.000,7600,105.600,1200,105.590,1100,105.580,400,105.560,900,105.550,700,105.610,2100,105.640,100,105.650,1800,105.680,1500,105.700,2020-08-25,10:27:58,00,";
var hq_str_sh603259="药明康德,105.410,105.490,105.800,106.380,104.500,105.690,105.800,3652473,385294933.000,300,105.690,100,105.680,2200,105.650,60,105.640,1000,105.630,300,105.800,1600,105.820,400,105.830,600,105.840,300,105.860,2020-08-25,10:28:58,00,";
var hq_str_sh603259="药明康德,105.410,105.490,105.780,106.380,104.500,105.780,105.800,3771499,397905939.000,700,105.780,2000,105.770,100,105.740,2300,105.700,600,105.690,121,105.800,300,105.980,4900,106.000,1600,106.010,7100,106.020,2020-08-25,10:29:58,00,";
var hq_str_sh603259="药明康德,105.410,105.490,105.980,106.380,104.500,105.960,105.980,3826699,403753436.000,200,105.960,1600,105.940,1500,105.930,700,105.920,1100,105.890,700,105.980,500,105.990,13200,106.000,1600,106.010,7100,106.020,2020-08-25,10:30:58,00,";
var hq_str_sh603259="药明康德,105.410,105.490,105.830,106.380,104.500,105.830,105.840,3875099,408879876.000,700,105.830,100,105.810,100,105.710,10100,105.700,1674,105.680,300,105.840,300,105.850,900,105.880,700,105.900,100,105.940,2020-08-25,10:31:58,00,";
var hq_str_sh603259="药明康德,105.410,105.490,105.620,106.380,104.500,105.620,105.630,3940350,415773834.000,283,105.620,1200,105.610,6000,105.600,400,105.590,1100,105.580,1900,105.630,200,105.640,740,105.650,100,105.660,200,105.680,2020-08-25,10:32:58,00,";
var hq_str_sh603259="药明康德,105.410,105.490,105.540,106.380,104.500,105.560,105.630,3974873,419418147.000,100,105.560,60,105.550,200,105.540,200,105.530,500,105.520,300,105.630,900,105.720,100,105.760,400,105.840,1300,105.880,2020-08-25,10:33:58,00,";
var hq_str_sh603259="药明康德,105.410,105.490,105.630,106.380,104.500,105.630,105.690,3986673,420664643.000,300,105.630,1300,105.620,1500,105.610,600,105.600,200,105.590,200,105.690,5200,105.700,100,105.800,100,105.810,1600,105.830,2020-08-25,10:34:58,00,";
var hq_str_sh603259="药明康德,105.410,105.490,105.830,106.380,104.500,105.810,105.850,4010673,423202081.000,2000,105.810,3300,105.800,300,105.720,1000,105.700,2000,105.690,100,105.850,100,105.880,600,105.900,200,105.950,200,105.960,2020-08-25,10:35:58,00,";
var hq_str_sh603259="药明康德,105.410,105.490,105.900,106.380,104.500,105.900,105.940,4038873,426188644.000,8200,105.900,500,105.880,300,105.860,1100,105.850,5200,105.840,300,105.940,700,105.950,1000,105.990,12259,106.000,1500,106.010,2020-08-25,10:36:58,00,";
var hq_str_sh603259="药明康德,105.410,105.490,105.850,106.380,104.500,105.850,105.860,4077387,430268353.000,1186,105.850,5000,105.840,300,105.830,200,105.820,3100,105.800,300,105.860,1000,105.880,500,105.890,5300,105.900,4400,105.940,2020-08-25,10:37:58,00,";
var hq_str_sh603259="药明康德,105.410,105.490,105.800,106.380,104.500,105.800,105.810,4102573,432933865.000,4100,105.800,200,105.790,200,105.780,300,105.720,1100,105.700,300,105.810,100,105.820,500,105.830,4900,105.840,100,105.860,2020-08-25,10:38:58,00,";
var hq_str_sh603259="药明康德,105.410,105.490,105.780,106.380,104.500,105.780,105.790,4117173,434478223.000,100,105.780,700,105.760,200,105.750,200,105.730,1100,105.700,100,105.790,2000,105.800,100,105.810,500,105.830,4400,105.840,2020-08-25,10:39:58,00,";
var hq_str_sh603259="药明康德,105.410,105.490,105.780,106.380,104.500,105.760,105.790,4140373,436932000.000,700,105.760,200,105.750,800,105.700,1000,105.690,2500,105.680,1200,105.790,800,105.800,2100,105.830,1800,105.840,100,105.850,2020-08-25,10:40:58,00,";
var hq_str_sh603259="药明康德,105.410,105.490,105.850,106.380,104.500,105.850,105.860,4162673,439291036.000,3600,105.850,100,105.770,300,105.750,500,105.730,11000,105.700,500,105.860,400,105.870,400,105.880,500,105.890,5300,105.900,2020-08-25,10:41:58,00,";
var hq_str_sh603259="药明康德,105.410,105.490,105.740,106.380,104.500,105.740,105.750,4197373,442962210.000,800,105.740,2500,105.700,2300,105.680,100,105.660,1600,105.650,200,105.750,200,105.760,2300,105.780,900,105.800,100,105.820,2020-08-25,10:42:58,00,";
var hq_str_sh603259="药明康德,105.410,105.490,105.880,106.380,104.500,105.880,105.890,4211273,444432918.000,3000,105.880,2000,105.870,200,105.840,200,105.830,1300,105.780,300,105.890,581,105.900,200,105.940,800,105.950,1000,105.960,2020-08-25,10:43:58,00,";
var hq_str_sh603259="药明康德,105.410,105.490,105.950,106.380,104.500,105.920,105.950,4236554,447111038.000,200,105.920,500,105.910,500,105.900,2419,105.890,1700,105.870,100,105.950,900,105.960,1500,105.990,12900,106.000,1600,106.010,2020-08-25,10:44:55,00,";
var hq_str_sh603259="药明康德,105.410,105.490,106.000,106.380,104.500,106.000,106.010,4309454,454831608.000,4900,106.000,600,105.710,2000,105.700,2300,105.680,200,105.660,1500,106.010,15000,106.020,400,106.060,600,106.080,3600,106.090,2020-08-25,10:45:58,00,";
var hq_str_sh603259="药明康德,105.410,105.490,105.780,106.380,104.500,105.770,105.780,4340554,458125073.000,600,105.770,100,105.760,800,105.750,700,105.740,100,105.730,200,105.780,300,105.790,13652,105.800,1000,105.900,100,105.930,2020-08-25,10:46:58,00,";
var hq_str_sh603259="药明康德,105.410,105.490,105.810,106.380,104.500,105.810,105.830,4371106,461357234.000,200,105.810,2948,105.800,2600,105.780,1300,105.760,1400,105.750,100,105.830,400,105.840,200,105.890,1000,105.900,100,105.930,2020-08-25,10:47:58,00,";
var hq_str_sh603259="药明康德,105.410,105.490,105.930,106.380,104.500,105.940,106.000,4394206,463802667.000,100,105.940,400,105.930,200,105.910,7600,105.900,200,105.890,5800,106.000,400,106.010,5200,106.020,100,106.050,400,106.060,2020-08-25,10:48:58,00,";
var hq_str_sh603259="药明康德,105.410,105.490,105.970,106.380,104.500,105.950,105.970,4459306,470705298.000,400,105.950,100,105.910,8000,105.900,500,105.880,100,105.800,700,105.970,300,105.980,1700,106.000,500,106.020,900,106.050,2020-08-25,10:49:58,00,";
var hq_str_sh603259="药明康德,105.410,105.490,105.980,106.380,104.500,105.970,105.980,4482506,473164204.000,1200,105.970,1100,105.910,8900,105.900,500,105.880,100,105.850,100,105.980,5800,105.990,300,106.020,400,106.040,1800,106.050,2020-08-25,10:50:58,00,";
var hq_str_sh603259="药明康德,105.410,105.490,106.120,106.380,104.500,106.100,106.120,4527906,477977463.000,74000,106.100,6800,105.980,100,105.970,300,105.950,100,105.930,1200,106.120,300,106.140,900,106.150,100,106.170,500,106.180,2020-08-25,10:51:58,00,";
var hq_str_sh603259="药明康德,105.410,105.490,106.160,106.380,104.500,106.180,106.200,4629606,488776548.000,100,106.180,1600,106.160,5200,106.120,200,106.110,52800,106.100,2500,106.200,500,106.250,500,106.270,2540,106.300,500,106.310,2020-08-25,10:52:58,00,";
var hq_str_sh603259="药明康德,105.410,105.490,106.200,106.380,104.500,106.200,106.210,4663806,492408790.000,800,106.200,500,106.190,200,106.170,9200,106.160,200,106.130,500,106.210,1000,106.230,100,106.240,4400,106.250,200,106.260,2020-08-25,10:53:58,00,";
var hq_str_sh603259="药明康德,105.410,105.490,106.290,106.380,104.500,106.280,106.290,4699206,496169144.000,5100,106.280,17200,106.250,4900,106.220,3000,106.210,3400,106.200,40,106.290,12900,106.300,700,106.310,700,106.320,1100,106.330,2020-08-25,10:54:58,00,";
var hq_str_sh603259="药明康德,105.410,105.490,106.470,106.500,104.500,106.470,106.490,4817086,508714954.000,200,106.470,200,106.450,100,106.440,1600,106.390,1100,106.380,100,106.490,4312,106.500,200,106.510,3300,106.520,600,106.530,2020-08-25,10:55:58,00,";
var hq_str_sh603259="药明康德,105.410,105.490,106.260,106.520,104.500,106.250,106.260,4877386,515130857.000,16600,106.250,1200,106.220,2700,106.210,300,106.180,100,106.170,300,106.260,500,106.270,3900,106.280,900,106.290,110600,106.300,2020-08-25,10:56:58,00,";
var hq_str_sh603259="药明康德,105.410,105.490,106.250,106.520,104.500,106.220,106.240,4933186,521059931.000,800,106.220,600,106.170,8500,106.160,100,106.130,2200,106.120,500,106.240,700,106.250,200,106.260,400,106.280,900,106.290,2020-08-25,10:57:58,00,";
var hq_str_sh603259="药明康德,105.410,105.490,106.290,106.520,104.500,106.290,106.300,5056886,534208476.000,2300,106.290,500,106.280,1400,106.270,2100,106.260,500,106.250,19800,106.300,400,106.350,200,106.360,500,106.380,7000,106.390,2020-08-25,10:58:58,00,";
var hq_str_sh603259="药明康德,105.410,105.490,106.410,106.520,104.500,106.410,106.460,5155086,544655422.000,1300,106.410,200,106.400,200,106.380,100,106.350,300,106.320,9300,106.460,200,106.470,200,106.490,5200,106.500,2912,106.520,2020-08-25,10:59:58,00,";
var hq_str_sh603259="药明康德,105.410,105.490,106.600,106.600,104.500,106.380,106.570,5244686,554194274.000,100,106.380,1600,106.330,2100,106.320,8500,106.310,2100,106.300,612,106.570,100,106.610,200,106.630,100,106.640,800,106.650,2020-08-25,11:00:58,00,";
var hq_str_sh603259="药明康德,105.410,105.490,106.500,106.670,104.500,106.500,106.570,5388813,569557357.000,2773,106.500,100,106.380,6000,106.360,2000,106.350,6100,106.340,600,106.570,300,106.580,100,106.590,200,106.630,700,106.650,2020-08-25,11:01:58,00,";
var hq_str_sh603259="药明康德,105.410,105.490,106.440,106.670,104.500,106.390,106.440,5428813,573813618.000,1300,106.390,3500,106.380,300,106.370,3100,106.360,1400,106.350,400,106.440,100,106.470,300,106.500,500,106.530,100,106.550,2020-08-25,11:02:58,00,";
var hq_str_sh603259="药明康德,105.410,105.490,106.350,106.670,104.500,106.350,106.360,5470313,578230117.000,200,106.350,6000,106.340,1000,106.300,200,106.290,100,106.280,400,106.360,200,106.380,500,106.390,500,106.400,700,106.420,2020-08-25,11:03:58,00,";
var hq_str_sh603259="药明康德,105.410,105.490,106.360,106.670,104.500,106.330,106.360,5499813,581366361.000,100,106.330,1400,106.270,400,106.260,300,106.250,100,106.240,925,106.360,100,106.370,700,106.390,200,106.400,400,106.410,2020-08-25,11:04:58,00,";
var hq_str_sh603259="药明康德,105.410,105.490,106.230,106.670,104.500,106.220,106.230,5519813,583492085.000,100,106.220,2000,106.200,700,106.170,8000,106.160,100,106.130,200,106.230,700,106.240,2600,106.250,100,106.260,800,106.270,2020-08-25,11:05:58,00,";
var hq_str_sh603259="药明康德,105.410,105.490,106.070,106.670,104.500,106.070,106.100,5550013,586696514.000,300,106.070,2500,106.060,4200,106.050,7200,106.010,2600,106.000,700,106.100,900,106.120,300,106.130,200,106.140,900,106.160,2020-08-25,11:06:58,00,";
var hq_str_sh603259="药明康德,105.410,105.490,106.080,106.670,104.500,106.080,106.090,5568113,588616296.000,200,106.080,2000,106.050,200,106.020,7800,106.010,2700,106.000,300,106.090,200,106.100,1200,106.120,300,106.130,200,106.140,2020-08-25,11:07:58,00,";
var hq_str_sh603259="药明康德,105.410,105.490,106.090,106.670,104.500,106.090,106.100,5585913,590504485.000,800,106.090,100,106.080,4500,106.070,600,106.060,1600,106.050,700,106.100,200,106.110,200,106.120,200,106.130,200,106.140,2020-08-25,11:08:58,00,";
var hq_str_sh603259="药明康德,105.410,105.490,106.250,106.670,104.500,106.200,106.240,5611713,593242265.000,4200,106.200,1000,106.180,1800,106.160,200,106.150,400,106.130,1800,106.240,200,106.250,300,106.270,1400,106.290,1000,106.300,2020-08-25,11:09:58,00,";
var hq_str_sh603259="药明康德,105.410,105.490,106.180,106.670,104.500,106.180,106.210,5638913,596131379.000,800,106.180,1100,106.160,300,106.150,200,106.130,100,106.110,880,106.210,1600,106.240,3000,106.250,100,106.270,940,106.280,2020-08-25,11:10:58,00,";
var hq_str_sh603259="药明康德,105.410,105.490,106.290,106.670,104.500,106.290,106.320,5696633,602264691.000,300,106.290,600,106.280,660,106.250,600,106.220,2100,106.210,1200,106.320,200,106.330,900,106.350,600,106.360,740,106.380,2020-08-25,11:11:58,00,";
var hq_str_sh603259="药明康德,105.410,105.490,106.360,106.670,104.500,106.330,106.360,5731573,605979785.000,1400,106.330,1960,106.320,500,106.310,9400,106.300,100,106.260,500,106.360,2900,106.370,1140,106.380,1000,106.390,1300,106.400,2020-08-25,11:12:58,00,";
var hq_str_sh603259="药明康德,105.410,105.490,106.260,106.670,104.500,106.260,106.270,5766633,609706850.000,800,106.260,1400,106.250,900,106.230,200,106.220,300,106.200,200,106.270,300,106.290,2800,106.300,600,106.310,300,106.320,2020-08-25,11:13:58,00,";
var hq_str_sh603259="药明康德,105.410,105.490,106.230,106.670,104.500,106.230,106.240,5792933,612502736.000,800,106.230,300,106.200,100,106.190,2000,106.180,100,106.150,200,106.240,200,106.260,400,106.270,900,106.280,6400,106.300,2020-08-25,11:14:58,00,";
var hq_str_sh603259="药明康德,105.410,105.490,106.230,106.670,104.500,106.230,106.250,5817873,615152322.000,660,106.230,1600,106.210,800,106.200,100,106.190,2000,106.180,1800,106.250,500,106.260,200,106.280,700,106.290,5500,106.300,2020-08-25,11:15:58,00,";
var hq_str_sh603259="药明康德,105.410,105.490,106.370,106.670,104.500,106.360,106.370,5947073,628913018.000,300,106.360,2000,106.350,800,106.340,2500,106.320,500,106.280,61180,106.370,100,106.400,100,106.420,100,106.430,200,106.480,2020-08-25,11:16:58,00,";
var hq_str_sh603259="药明康德,105.410,105.490,106.350,106.670,104.500,106.350,106.360,6013573,635985860.000,600,106.350,700,106.330,200,106.310,6900,106.300,2800,106.280,400,106.360,26280,106.370,100,106.380,200,106.390,100,106.400,2020-08-25,11:17:58,00,";
var hq_str_sh603259="药明康德,105.410,105.490,106.520,106.670,104.500,106.500,106.520,6067453,641717683.000,4800,106.500,300,106.470,200,106.400,200,106.390,3200,106.380,400,106.520,400,106.550,100,106.560,200,106.570,100,106.590,2020-08-25,11:18:58,00,";
var hq_str_sh603259="药明康德,105.410,105.490,106.530,106.670,104.500,106.520,106.530,6127253,648088545.000,800,106.520,500,106.510,100,106.500,2700,106.490,200,106.470,300,106.530,600,106.560,100,106.600,300,106.630,2700,106.640,2020-08-25,11:19:58,00,";
var hq_str_sh603259="药明康德,105.410,105.490,106.510,106.670,104.500,106.510,106.520,6203853,656250642.000,4500,106.510,4500,106.500,1900,106.400,200,106.380,200,106.370,400,106.520,400,106.540,300,106.550,100,106.560,500,106.590,2020-08-25,11:20:58,00,";
var hq_str_sh603259="药明康德,105.410,105.490,106.190,106.670,104.500,106.190,106.200,6250853,661251055.000,300,106.190,1800,106.180,100,106.150,200,106.130,100,106.110,1800,106.200,500,106.210,700,106.220,100,106.250,200,106.260,2020-08-25,11:21:58,00,";
var hq_str_sh603259="药明康德,105.410,105.490,106.070,106.670,104.500,106.060,106.070,6278553,664191240.000,100,106.060,100,106.050,900,106.040,2500,106.030,100,106.020,400,106.070,700,106.080,500,106.090,400,106.100,1500,106.110,2020-08-25,11:22:58,00,";
var hq_str_sh603259="药明康德,105.410,105.490,105.980,106.670,104.500,105.970,105.980,6334653,670140353.000,2200,105.970,200,105.960,100,105.920,800,105.910,7700,105.900,200,105.980,200,106.040,1600,106.050,300,106.120,700,106.150,2020-08-25,11:23:58,00,";
var hq_str_sh603259="药明康德,105.410,105.490,105.970,106.670,104.500,105.960,105.970,6365353,673394298.000,100,105.960,100,105.920,800,105.910,8000,105.900,600,105.880,100,105.970,600,105.990,300,106.000,100,106.010,800,106.040,2020-08-25,11:24:58,00,";
var hq_str_sh603259="药明康德,105.410,105.490,105.810,106.670,104.500,105.810,105.820,6406353,677734739.000,200,105.810,300,105.800,500,105.770,300,105.760,600,105.750,500,105.820,100,105.830,400,105.840,200,105.850,100,105.880,2020-08-25,11:25:58,00,";
var hq_str_sh603259="药明康德,105.410,105.490,105.770,106.670,104.500,105.770,105.820,6436753,680949825.000,1000,105.770,1900,105.760,2000,105.750,400,105.740,500,105.720,400,105.820,100,105.890,1800,105.900,1100,105.970,300,105.990,2020-08-25,11:27:01,00,";
var hq_str_sh603259="药明康德,105.410,105.490,105.980,106.670,104.500,105.970,105.980,6466253,684075629.000,6800,105.970,300,105.950,600,105.940,2000,105.900,1100,105.890,400,105.980,200,106.000,100,106.010,400,106.050,100,106.060,2020-08-25,11:27:58,00,";
var hq_str_sh603259="药明康德,105.410,105.490,105.970,106.670,104.500,105.950,105.980,6496353,687265699.000,100,105.950,100,105.940,2000,105.900,500,105.890,1200,105.820,1100,105.980,3500,105.990,3000,106.000,200,106.050,100,106.060,2020-08-25,11:28:58,00,";
var hq_str_sh603259="药明康德,105.410,105.490,105.800,106.670,104.500,105.780,105.800,6516553,689404875.000,100,105.780,300,105.770,300,105.760,100,105.750,200,105.710,700,105.800,500,105.820,500,105.900,1200,105.970,700,105.980,2020-08-25,11:29:58,00,";
var hq_str_sh603259="药明康德,105.410,105.490,105.770,106.670,104.500,105.770,105.800,6516853,689436607.000,100,105.770,300,105.760,100,105.750,200,105.710,2300,105.700,700,105.800,500,105.820,500,105.900,1200,105.970,500,105.980,2020-08-25,11:30:00,00,";
var hq_str_sh603259="药明康德,105.410,105.490,106.000,106.670,104.500,105.960,106.050,6563273,694355655.000,200,105.960,100,105.900,1620,105.820,11800,105.800,200,105.780,200,106.050,1100,106.060,900,106.080,1100,106.100,200,106.110,2020-08-25,13:00:58,00,";
var hq_str_sh603259="药明康德,105.410,105.490,105.700,106.670,104.500,105.700,105.720,6608893,699181853.000,1300,105.700,400,105.690,300,105.680,600,105.670,2400,105.650,1000,105.720,200,105.730,200,105.770,400,105.910,100,105.960,2020-08-25,13:01:59,00,";
var hq_str_sh603259="药明康德,105.410,105.490,105.930,106.670,104.500,105.910,105.930,6624293,700811974.000,400,105.910,1300,105.770,700,105.740,1200,105.730,2200,105.720,200,105.930,500,105.970,300,105.980,900,106.000,200,106.050,2020-08-25,13:02:59,00,";
var hq_str_sh603259="药明康德,105.410,105.490,106.000,106.670,104.500,106.000,106.030,6646513,703166600.000,3780,106.000,500,105.970,300,105.940,1300,105.910,300,105.900,900,106.030,5200,106.050,6500,106.120,600,106.150,300,106.160,2020-08-25,13:03:59,00,";
var hq_str_sh603259="药明康德,105.410,105.490,106.200,106.670,104.500,106.200,106.220,6727613,711776538.000,6700,106.200,400,106.140,100,106.040,200,106.030,20300,106.010,300,106.220,900,106.230,100,106.250,900,106.260,100,106.270,2020-08-25,13:04:59,00,";
var hq_str_sh603259="药明康德,105.410,105.490,106.130,106.670,104.500,106.120,106.170,6766613,715915319.000,900,106.120,400,106.110,400,106.100,300,106.060,2700,106.050,500,106.170,100,106.190,1200,106.200,600,106.210,300,106.220,2020-08-25,13:05:59,00,";
var hq_str_sh603259="药明康德,105.410,105.490,106.240,106.670,104.500,106.220,106.240,6798813,719334600.000,200,106.220,1000,106.210,4700,106.200,300,106.180,300,106.170,300,106.240,600,106.250,600,106.260,200,106.280,600,106.290,2020-08-25,13:06:59,00,";
var hq_str_sh603259="药明康德,105.410,105.490,106.160,106.670,104.500,106.120,106.170,6851213,724898105.000,1100,106.120,9600,106.100,500,106.060,1200,106.050,100,106.020,4600,106.170,400,106.180,400,106.200,400,106.220,1000,106.240,2020-08-25,13:07:59,00,";
var hq_str_sh603259="药明康德,105.410,105.490,106.130,106.670,104.500,106.130,106.150,6882513,728219736.000,3400,106.130,200,106.120,1200,106.100,1100,106.050,2000,106.020,100,106.150,200,106.170,400,106.180,1600,106.200,200,106.210,2020-08-25,13:08:59,00,";
var hq_str_sh603259="药明康德,105.410,105.490,106.220,106.670,104.500,106.200,106.210,6899653,730039879.000,4960,106.200,2800,106.190,500,106.180,200,106.170,800,106.160,600,106.210,400,106.220,1000,106.240,800,106.250,400,106.260,2020-08-25,13:09:59,00,";
var hq_str_sh603259="药明康德,105.410,105.490,106.260,106.670,104.500,106.260,106.270,6918553,732047485.000,600,106.260,5600,106.250,700,106.240,500,106.230,300,106.220,300,106.270,1700,106.280,700,106.290,1900,106.300,300,106.350,2020-08-25,13:10:59,00,";
var hq_str_sh603259="药明康德,105.410,105.490,106.370,106.670,104.500,106.380,106.390,6939582,734282808.000,100,106.380,100,106.370,600,106.360,1100,106.350,800,106.330,300,106.390,2100,106.400,100,106.450,300,106.460,400,106.470,2020-08-25,13:11:59,00,";
var hq_str_sh603259="药明康德,105.410,105.490,106.450,106.670,104.500,106.480,106.490,6974282,737976393.000,100,106.480,4300,106.450,600,106.440,100,106.400,3500,106.390,1000,106.490,14160,106.500,500,106.510,1200,106.520,700,106.530,2020-08-25,13:12:59,00,";
var hq_str_sh603259="药明康德,105.410,105.490,106.420,106.670,104.500,106.390,106.430,7009582,741735022.000,3500,106.390,100,106.380,900,106.370,600,106.330,100,106.320,200,106.430,900,106.440,200,106.450,3300,106.460,300,106.470,2020-08-25,13:13:59,00,";
var hq_str_sh603259="药明康德,105.410,105.490,106.290,106.670,104.500,106.290,106.300,7035082,744446624.000,1200,106.290,100,106.280,3700,106.220,1060,106.200,2700,106.190,400,106.300,100,106.310,1827,106.320,2000,106.330,800,106.340,2020-08-25,13:14:59,00,";
var hq_str_sh603259="药明康德,105.410,105.490,106.330,106.670,104.500,106.330,106.360,7056682,746742680.000,3100,106.330,500,106.320,1700,106.310,2600,106.300,100,106.270,1100,106.360,100,106.380,1300,106.390,2100,106.400,800,106.420,2020-08-25,13:15:59,00,";
var hq_str_sh603259="药明康德,105.410,105.490,106.270,106.670,104.500,106.270,106.280,7184182,760271430.000,500,106.270,1000,106.210,700,106.200,4300,106.180,500,106.170,200,106.280,600,106.290,400,106.300,200,106.330,1100,106.350,2020-08-25,13:16:59,00,";
var hq_str_sh603259="药明康德,105.410,105.490,106.200,106.670,104.500,106.200,106.210,7207782,762778235.000,100,106.200,4200,106.180,700,106.170,600,106.110,5500,106.100,400,106.210,200,106.220,100,106.230,100,106.240,200,106.260,2020-08-25,13:17:59,00,";
var hq_str_sh603259="药明康德,105.410,105.490,106.180,106.670,104.500,106.180,106.200,7226882,764806747.000,800,106.180,200,106.170,1300,106.110,5500,106.100,300,106.060,200,106.200,3800,106.210,300,106.220,100,106.230,1800,106.240,2020-08-25,13:18:59,00,";
var hq_str_sh603259="药明康德,105.410,105.490,106.180,106.670,104.500,106.140,106.180,7246082,766844803.000,400,106.140,2700,106.100,200,106.080,1200,106.070,300,106.060,100,106.180,100,106.190,100,106.200,2900,106.210,300,106.220,2020-08-25,13:19:59,00,";
var hq_str_sh603259="药明康德,105.410,105.490,106.190,106.670,104.500,106.190,106.220,7266382,769000466.000,400,106.190,3000,106.180,1300,106.170,4300,106.140,800,106.100,2700,106.220,100,106.230,1800,106.240,400,106.250,100,106.260,2020-08-25,13:20:59,00,";
var hq_str_sh603259="药明康德,105.410,105.490,106.190,106.670,104.500,106.190,106.200,7309982,773630199.000,15000,106.190,1200,106.180,100,106.170,300,106.100,200,106.080,300,106.200,600,106.210,600,106.220,200,106.230,1900,106.240,2020-08-25,13:21:59,00,";
var hq_str_sh603259="药明康德,105.410,105.490,106.050,106.670,104.500,106.050,106.060,7354982,778407777.000,4800,106.050,1000,106.020,22100,106.010,1900,106.000,200,105.950,900,106.060,200,106.070,100,106.090,100,106.100,100,106.140,2020-08-25,13:22:59,00,";
var hq_str_sh603259="药明康德,105.410,105.490,106.070,106.670,104.500,106.070,106.140,7380482,781112243.000,1100,106.070,3900,106.060,500,106.050,900,106.030,3200,106.020,300,106.140,300,106.150,400,106.160,2000,106.190,500,106.200,2020-08-25,13:23:59,00,";
var hq_str_sh603259="药明康德,105.410,105.490,106.070,106.670,104.500,106.080,106.090,7398482,783021621.000,400,106.080,3000,106.060,400,106.050,600,106.030,3400,106.020,100,106.090,200,106.100,200,106.110,200,106.130,400,106.150,2020-08-25,13:24:59,00,";
var hq_str_sh603259="药明康德,105.410,105.490,106.020,106.670,104.500,106.020,106.030,7424182,785747000.000,200,106.020,20900,106.010,1700,106.000,200,105.990,100,105.980,100,106.030,1200,106.050,600,106.070,1800,106.080,100,106.130,2020-08-25,13:25:59,00,";
var hq_str_sh603259="药明康德,105.410,105.490,105.900,106.670,104.500,105.900,105.910,7481822,791855428.000,460,105.900,2400,105.880,500,105.860,300,105.830,300,105.820,100,105.910,2900,106.000,200,106.010,800,106.020,1000,106.050,2020-08-25,13:26:59,00,";
var hq_str_sh603259="药明康德,105.410,105.490,105.970,106.670,104.500,105.970,105.990,7510447,794887499.000,900,105.970,1000,105.950,100,105.940,3275,105.930,200,105.920,200,105.990,2600,106.000,800,106.020,1000,106.050,400,106.070,2020-08-25,13:27:59,00,";
var hq_str_sh603259="药明康德,105.410,105.490,106.070,106.670,104.500,106.100,106.150,7539847,798006028.000,300,106.100,700,106.070,1100,106.050,900,106.040,2000,106.030,200,106.150,100,106.160,1000,106.190,2800,106.200,1900,106.210,2020-08-25,13:28:59,00,";
var hq_str_sh603259="药明康德,105.410,105.490,106.110,106.670,104.500,106.110,106.120,7558147,799947402.000,700,106.110,800,106.070,600,106.060,2000,106.050,1600,106.040,600,106.120,300,106.130,100,106.140,3300,106.150,300,106.160,2020-08-25,13:29:59,00,";
var hq_str_sh603259="药明康德,105.410,105.490,105.930,106.670,104.500,105.930,105.940,7601854,804579776.000,100,105.930,2500,105.910,328,105.900,2300,105.890,500,105.860,100,105.940,100,105.960,100,105.970,100,106.030,500,106.040,2020-08-25,13:30:59,00,";
var hq_str_sh603259="药明康德,105.410,105.490,106.110,106.670,104.500,106.020,106.080,7621034,806612952.000,4000,106.020,700,106.010,4500,106.000,3000,105.970,4400,105.960,700,106.080,300,106.110,300,106.120,500,106.150,200,106.160,2020-08-25,13:31:59,00,";
var hq_str_sh603259="药明康德,105.410,105.490,106.070,106.670,104.500,106.040,106.070,7640834,808713516.000,2600,106.040,1300,106.030,4100,106.020,100,106.010,5400,106.000,300,106.070,300,106.090,300,106.100,1000,106.110,960,106.120,2020-08-25,13:32:59,00,";
var hq_str_sh603259="药明康德,105.410,105.490,105.680,106.670,104.500,105.680,105.770,7734734,818649666.000,1700,105.680,2300,105.670,1100,105.660,2200,105.650,3900,105.610,200,105.770,600,105.800,200,105.850,500,105.870,100,105.970,2020-08-25,13:33:59,00,";
var hq_str_sh603259="药明康德,105.410,105.490,105.770,106.670,104.500,105.770,105.810,7776459,823061583.000,200,105.770,100,105.700,3500,105.690,1100,105.680,1400,105.670,200,105.810,100,105.860,300,105.970,600,106.000,500,106.020,2020-08-25,13:34:59,00,";
var hq_str_sh603259="药明康德,105.410,105.490,105.720,106.670,104.500,105.710,105.750,7803459,825915868.000,800,105.710,1500,105.700,3700,105.690,2600,105.680,700,105.670,100,105.750,100,105.760,200,105.800,300,105.850,800,105.860,2020-08-25,13:35:59,00,";
var hq_str_sh603259="药明康德,105.410,105.490,105.760,106.670,104.500,105.760,105.840,7828759,828590850.000,1300,105.760,900,105.750,100,105.740,15200,105.730,600,105.720,300,105.840,300,105.850,100,105.970,380,106.000,500,106.020,2020-08-25,13:36:59,00,";
var hq_str_sh603259="药明康德,105.410,105.490,105.840,106.670,104.500,105.830,105.840,7853359,831194516.000,1100,105.830,900,105.820,10000,105.810,600,105.800,300,105.780,400,105.840,400,105.850,700,105.860,100,105.870,900,105.880,2020-08-25,13:37:59,00,";
var hq_str_sh603259="药明康德,105.410,105.490,105.840,106.670,104.500,105.820,105.840,7886559,834708909.000,600,105.820,10000,105.810,1200,105.800,200,105.770,1100,105.760,200,105.840,200,105.850,400,105.860,500,105.870,100,105.900,2020-08-25,13:38:59,00,";
var hq_str_sh603259="药明康德,105.410,105.490,105.870,106.670,104.500,105.830,105.890,7918859,838127287.000,100,105.830,500,105.820,1300,105.810,1700,105.800,200,105.790,400,105.890,400,105.900,300,105.910,100,105.920,500,105.930,2020-08-25,13:39:59,00,";
var hq_str_sh603259="药明康德,105.410,105.490,105.700,106.670,104.500,105.680,105.690,7967559,843277906.000,2200,105.680,700,105.670,2400,105.660,1100,105.650,1300,105.610,300,105.690,200,105.700,300,105.710,300,105.720,200,105.750,2020-08-25,13:40:59,00,";
var hq_str_sh603259="药明康德,105.410,105.490,105.740,106.670,104.500,105.720,105.730,7991459,845805186.000,500,105.720,6600,105.710,1600,105.700,3600,105.690,2600,105.680,200,105.730,600,105.740,200,105.760,200,105.780,300,105.800,2020-08-25,13:41:59,00,";
var hq_str_sh603259="药明康德,105.410,105.490,105.650,106.670,104.500,105.650,105.670,8033359,850234298.000,500,105.650,200,105.640,1600,105.610,3600,105.600,2200,105.580,200,105.670,300,105.700,1585,105.710,100,105.720,1300,105.730,2020-08-25,13:42:59,00,";
var hq_str_sh603259="药明康德,105.410,105.490,105.590,106.670,104.500,105.590,105.600,8068859,853983371.000,600,105.590,20100,105.550,4500,105.540,500,105.520,3300,105.510,4106,105.600,200,105.630,100,105.670,300,105.680,100,105.700,2020-08-25,13:43:59,00,";
var hq_str_sh603259="药明康德,105.410,105.490,105.490,106.670,104.500,105.490,105.530,8140874,861582661.000,85,105.490,3100,105.480,2672,105.450,600,105.440,100,105.430,300,105.530,100,105.550,111,105.560,3453,105.600,100,105.630,2020-08-25,13:44:59,00,";
var hq_str_sh603259="药明康德,105.410,105.490,105.690,106.670,104.500,105.690,105.700,8166062,864242350.000,200,105.690,200,105.670,1000,105.600,2600,105.590,200,105.580,200,105.700,1185,105.710,700,105.730,200,105.760,600,105.800,2020-08-25,13:45:59,00,";
var hq_str_sh603259="药明康德,105.410,105.490,105.510,106.670,104.500,105.500,105.510,8209034,868779394.000,4000,105.500,1685,105.490,3000,105.480,2672,105.450,600,105.440,3600,105.510,1011,105.520,1100,105.530,3913,105.540,500,105.550,2020-08-25,13:46:59,00,";
var hq_str_sh603259="药明康德,105.410,105.490,105.500,106.670,104.500,105.480,105.500,8238219,871857923.000,300,105.480,6400,105.470,200,105.460,772,105.450,2000,105.440,800,105.500,200,105.510,400,105.520,300,105.530,600,105.540,2020-08-25,13:47:59,00,";
var hq_str_sh603259="药明康德,105.410,105.490,105.500,106.670,104.500,105.480,105.500,8262719,874442862.000,1400,105.480,6100,105.470,100,105.460,1172,105.450,800,105.440,1100,105.500,700,105.510,400,105.520,400,105.540,600,105.550,2020-08-25,13:48:59,00,";
var hq_str_sh603259="药明康德,105.410,105.490,105.510,106.670,104.500,105.510,105.550,8284519,876742780.000,100,105.510,2400,105.500,300,105.490,13600,105.480,6100,105.470,200,105.550,300,105.560,300,105.570,200,105.580,300,105.590,2020-08-25,13:49:59,00,";
var hq_str_sh603259="药明康德,105.410,105.490,105.300,106.670,104.500,105.300,105.320,8351291,883782800.000,156,105.300,3200,105.290,1200,105.280,400,105.270,1140,105.260,1600,105.320,2100,105.350,1000,105.360,1000,105.410,500,105.480,2020-08-25,13:50:59,00,";
var hq_str_sh603259="药明康德,105.410,105.490,105.340,106.670,104.500,105.330,105.340,8374891,886268533.000,500,105.330,3500,105.320,2700,105.310,3600,105.300,3400,105.290,800,105.340,200,105.350,300,105.360,300,105.400,300,105.410,2020-08-25,13:51:59,00,";
var hq_str_sh603259="药明康德,105.410,105.490,105.370,106.670,104.500,105.370,105.490,8396891,888586290.000,1100,105.370,1100,105.360,300,105.350,800,105.340,1200,105.330,700,105.490,700,105.500,700,105.510,400,105.590,300,105.600,2020-08-25,13:52:59,00,";
var hq_str_sh603259="药明康德,105.410,105.490,105.390,106.670,104.500,105.390,105.400,8409891,889956897.000,1900,105.390,1900,105.380,200,105.370,1200,105.360,1200,105.350,700,105.400,1000,105.490,600,105.500,700,105.510,400,105.590,2020-08-25,13:53:59,00,";
var hq_str_sh603259="药明康德,105.410,105.490,105.400,106.670,104.500,105.410,105.480,8431191,892202567.000,100,105.410,1100,105.400,1300,105.390,2300,105.380,200,105.370,200,105.480,500,105.490,560,105.600,1000,105.660,1100,105.670,2020-08-25,13:54:59,00,";
var hq_str_sh603259="药明康德,105.410,105.490,105.340,106.670,104.500,105.340,105.370,8459691,895206059.000,100,105.340,800,105.330,1500,105.320,2800,105.310,3800,105.300,400,105.370,1948,105.380,100,105.390,300,105.400,300,105.490,2020-08-25,13:55:59,00,";
var hq_str_sh603259="药明康德,105.410,105.490,105.320,106.670,104.500,105.320,105.330,8480491,897397154.000,2000,105.320,3000,105.310,30200,105.300,3300,105.290,2200,105.280,400,105.330,500,105.340,240,105.350,400,105.370,648,105.380,2020-08-25,13:56:59,00,";
var hq_str_sh603259="药明康德,105.410,105.490,105.390,106.670,104.500,105.390,105.400,8502936,899761703.000,2600,105.390,3055,105.380,1100,105.360,100,105.340,2400,105.330,700,105.400,100,105.440,300,105.500,1000,105.590,1160,105.600,2020-08-25,13:57:59,00,";
var hq_str_sh603259="药明康德,105.410,105.490,105.410,106.670,104.500,105.410,105.450,8517136,901258713.000,2500,105.410,1900,105.400,1400,105.390,3155,105.380,1200,105.360,15600,105.450,200,105.500,1000,105.590,1160,105.600,1000,105.660,2020-08-25,13:58:59,00,";
var hq_str_sh603259="药明康德,105.410,105.490,105.370,106.670,104.500,105.380,105.440,8534836,903124219.000,200,105.380,1000,105.370,1155,105.360,400,105.350,100,105.340,200,105.440,15100,105.450,200,105.500,200,105.510,1000,105.590,2020-08-25,13:59:59,00,";
var hq_str_sh603259="药明康德,105.410,105.490,105.840,106.670,104.500,105.800,105.820,8621896,912322399.000,45040,105.800,800,105.500,800,105.460,12600,105.450,200,105.410,300,105.820,100,105.830,1300,105.840,1000,105.860,3500,105.870,2020-08-25,14:00:59,00,";
var hq_str_sh603259="药明康德,105.410,105.490,105.600,106.670,104.500,105.600,105.660,8696536,920212352.000,400,105.600,1200,105.590,1200,105.580,1100,105.540,4500,105.520,800,105.660,900,105.750,1000,105.760,300,105.770,1100,105.790,2020-08-25,14:01:59,00,";
var hq_str_sh603259="药明康德,105.410,105.490,105.660,106.670,104.500,105.660,105.750,8718036,922482989.000,1000,105.660,3300,105.640,100,105.620,1300,105.600,2800,105.590,1000,105.750,1000,105.760,1000,105.790,1400,105.800,700,105.870,2020-08-25,14:02:59,00,";
var hq_str_sh603259="药明康德,105.410,105.490,105.940,106.670,104.500,105.870,105.920,8823036,933595932.000,800,105.870,700,105.860,43000,105.800,200,105.740,200,105.690,200,105.920,1400,105.940,1400,105.970,9600,105.980,400,105.990,2020-08-25,14:03:59,00,";
var hq_str_sh603259="药明康德,105.410,105.490,105.860,106.670,104.500,105.860,105.870,8886136,940283887.000,200,105.860,300,105.800,200,105.750,100,105.700,200,105.690,200,105.870,100,105.880,1500,105.900,800,105.930,700,105.940,2020-08-25,14:04:59,00,";
var hq_str_sh603259="药明康德,105.410,105.490,106.000,106.670,104.500,105.910,105.990,8989336,951220206.000,1200,105.910,36900,105.900,1000,105.850,800,105.810,2200,105.700,200,105.990,15472,106.000,300,106.010,14440,106.050,500,106.060,2020-08-25,14:05:59,00,";
var hq_str_sh603259="药明康德,105.410,105.490,105.970,106.670,104.500,105.950,105.990,9005636,952947283.000,200,105.950,300,105.930,300,105.920,1700,105.910,1100,105.900,1400,105.990,14872,106.000,1000,106.040,14440,106.050,300,106.080,2020-08-25,14:06:59,00,";
var hq_str_sh603259="药明康德,105.410,105.490,105.900,106.670,104.500,105.850,105.910,9032036,955744366.000,1900,105.850,100,105.830,800,105.810,800,105.800,100,105.750,500,105.910,1700,105.930,1200,105.950,800,105.980,100,105.990,2020-08-25,14:07:59,00,";
var hq_str_sh603259="药明康德,105.410,105.490,105.710,106.670,104.500,105.700,105.710,9048836,957522393.000,3300,105.700,200,105.690,2400,105.680,500,105.670,100,105.660,200,105.710,1000,105.740,600,105.750,400,105.770,200,105.820,2020-08-25,14:08:59,00,";
var hq_str_sh603259="药明康德,105.410,105.490,105.680,106.670,104.500,105.680,105.740,9068236,959573408.000,800,105.680,500,105.670,100,105.660,100,105.640,100,105.620,500,105.740,46500,105.750,100,105.760,100,105.800,500,105.830,2020-08-25,14:09:59,00,";
var hq_str_sh603259="药明康德,105.410,105.490,105.810,106.670,104.500,105.760,105.810,9129361,966037363.000,400,105.760,2775,105.750,300,105.730,100,105.720,700,105.710,100,105.810,1400,105.850,100,105.880,200,105.910,1200,105.930,2020-08-25,14:10:59,00,";
var hq_str_sh603259="药明康德,105.410,105.490,106.000,106.670,104.500,106.000,106.040,9206397,974201923.000,1364,106.000,1000,105.980,1900,105.930,200,105.920,1000,105.910,1200,106.040,14440,106.050,300,106.080,100,106.090,49900,106.100,2020-08-25,14:11:59,00,";
var hq_str_sh603259="药明康德,105.410,105.490,106.120,106.670,104.500,106.100,106.120,9230157,976721754.000,4540,106.100,4400,106.040,100,106.010,1064,106.000,1000,105.980,100,106.120,100,106.140,1000,106.150,600,106.160,800,106.180,2020-08-25,14:12:59,00,";
var hq_str_sh603259="药明康德,105.410,105.490,106.130,106.670,104.500,106.120,106.130,9258197,979696219.000,1800,106.120,100,106.110,3000,106.050,1900,106.040,364,106.000,1060,106.130,600,106.140,2000,106.150,600,106.160,800,106.180,2020-08-25,14:13:59,00,";
var hq_str_sh603259="药明康德,105.410,105.490,106.110,106.670,104.500,106.110,106.120,9288097,982868889.000,4800,106.110,400,106.090,3300,106.060,2100,106.050,1400,106.040,600,106.120,1260,106.130,900,106.140,3700,106.150,700,106.160,2020-08-25,14:14:59,00,";
var hq_str_sh603259="药明康德,105.410,105.490,106.100,106.670,104.500,106.090,106.100,9305997,984768283.000,1200,106.090,3000,106.070,3800,106.060,2100,106.050,1400,106.040,160,106.100,700,106.110,700,106.120,5000,106.130,1100,106.140,2020-08-25,14:15:56,00,";
var hq_str_sh603259="药明康德,105.410,105.490,106.060,106.670,104.500,106.060,106.070,9336797,988036056.000,600,106.060,1700,106.050,1400,106.040,100,106.030,1164,106.000,100,106.070,1900,106.100,4500,106.120,5300,106.130,1500,106.140,2020-08-25,14:16:59,00,";
var hq_str_sh603259="药明康德,105.410,105.490,106.110,106.670,104.500,106.110,106.120,9359197,990412572.000,200,106.110,2700,106.080,1600,106.050,1400,106.040,100,106.030,12380,106.120,5100,106.130,1500,106.140,6300,106.150,800,106.160,2020-08-25,14:17:59,00,";
var hq_str_sh603259="药明康德,105.410,105.490,106.100,106.670,104.500,106.100,106.110,9387497,993415598.000,600,106.100,700,106.080,1600,106.050,1400,106.040,100,106.030,100,106.110,600,106.120,5480,106.130,700,106.140,6300,106.150,2020-08-25,14:18:59,00,";
var hq_str_sh603259="药明康德,105.410,105.490,106.100,106.670,104.500,106.100,106.110,9407437,995531103.000,1000,106.100,3360,106.090,1600,106.050,1400,106.040,100,106.030,100,106.110,1400,106.120,5480,106.130,600,106.140,6600,106.150,2020-08-25,14:19:59,00,";
var hq_str_sh603259="药明康德,105.410,105.490,106.010,106.670,104.500,106.010,106.040,9429337,997854089.000,2500,106.010,1564,106.000,1000,105.980,500,105.930,200,105.920,100,106.040,1700,106.050,100,106.060,200,106.090,1151,106.100,2020-08-25,14:20:59,00,";
var hq_str_sh603259="药明康德,105.410,105.490,106.010,106.670,104.500,106.000,106.010,9442837,999285283.000,1164,106.000,1000,105.980,500,105.930,200,105.920,600,105.910,200,106.010,500,106.020,300,106.030,100,106.040,1400,106.050,2020-08-25,14:21:59,00,";
var hq_str_sh603259="药明康德,105.410,105.490,105.810,106.670,104.500,105.810,105.970,9468801,1002035951.000,2100,105.810,10900,105.800,400,105.760,100,105.750,900,105.740,100,105.970,1000,106.000,200,106.020,100,106.040,1600,106.050,2020-08-25,14:22:56,00,";
var hq_str_sh603259="药明康德,105.410,105.490,105.900,106.670,104.500,105.900,105.960,9481101,1003338416.000,4900,105.900,4000,105.820,3300,105.810,11500,105.800,400,105.760,100,105.960,100,105.970,400,105.990,3300,106.000,600,106.040,2020-08-25,14:23:59,00,";
var hq_str_sh603259="药明康德,105.410,105.490,106.040,106.670,104.500,106.010,106.040,9515973,1007034476.000,500,106.010,1300,105.940,2100,105.920,2028,105.910,4400,105.900,600,106.040,1700,106.050,800,106.080,200,106.090,2300,106.100,2020-08-25,14:24:59,00,";
var hq_str_sh603259="药明康德,105.410,105.490,106.000,106.670,104.500,106.000,106.010,9527573,1008263987.000,9200,106.000,1600,105.990,3000,105.960,4100,105.950,1200,105.940,100,106.010,200,106.020,300,106.030,200,106.040,1700,106.050,2020-08-25,14:25:59,00,";
var hq_str_sh603259="药明康德,105.410,105.490,106.040,106.670,104.500,106.040,106.050,9560373,1011741171.000,500,106.040,1000,106.010,1000,106.000,2100,105.990,100,105.970,500,106.050,900,106.080,200,106.090,3600,106.100,1700,106.110,2020-08-25,14:26:59,00,";
var hq_str_sh603259="药明康德,105.410,105.490,106.000,106.670,104.500,106.000,106.040,9614573,1017490597.000,500,106.000,3000,105.960,1100,105.950,1700,105.940,900,105.920,500,106.040,600,106.110,3100,106.120,5780,106.130,600,106.140,2020-08-25,14:27:59,00,";
var hq_str_sh603259="药明康德,105.410,105.490,105.990,106.670,104.500,105.990,106.020,9646173,1020838381.000,1828,105.990,700,105.920,400,105.860,4000,105.820,2000,105.810,1100,106.020,100,106.070,400,106.100,600,106.110,3600,106.120,2020-08-25,14:28:59,00,";
var hq_str_sh603259="药明康德,105.410,105.490,106.010,106.670,104.500,105.990,106.010,9661373,1022449684.000,928,105.990,100,105.980,500,105.920,100,105.900,400,105.860,100,106.010,300,106.020,300,106.060,100,106.070,1500,106.100,2020-08-25,14:29:59,00,";
var hq_str_sh603259="药明康德,105.410,105.490,106.000,106.670,104.500,106.000,106.010,9679701,1024391865.000,1100,106.000,2700,105.930,100,105.900,100,105.890,200,105.880,1600,106.010,1800,106.020,100,106.030,600,106.040,400,106.050,2020-08-25,14:30:59,00,";
var hq_str_sh603259="药明康德,105.410,105.490,105.960,106.670,104.500,105.930,105.960,9733101,1030045766.000,1000,105.930,200,105.900,400,105.880,600,105.820,2800,105.810,300,105.960,200,105.970,100,106.000,600,106.010,1300,106.020,2020-08-25,14:31:59,00,";
var hq_str_sh603259="药明康德,105.410,105.490,105.930,106.670,104.500,105.920,105.930,9745301,1031338180.000,200,105.920,700,105.900,500,105.890,400,105.880,2800,105.830,800,105.930,100,105.980,300,105.990,1275,106.000,1100,106.010,2020-08-25,14:32:59,00,";
var hq_str_sh603259="药明康德,105.410,105.490,106.000,106.670,104.500,106.000,106.020,9758501,1032736967.000,300,106.000,2200,105.990,600,105.910,17800,105.900,500,105.890,400,106.020,800,106.030,400,106.050,200,106.060,100,106.070,2020-08-25,14:33:59,00,";
var hq_str_sh603259="药明康德,105.410,105.490,105.910,106.670,104.500,105.910,105.960,9776421,1034635864.000,3480,105.910,16700,105.900,700,105.890,400,105.880,2800,105.830,400,105.960,400,105.980,300,105.990,400,106.000,600,106.020,2020-08-25,14:34:59,00,";
var hq_str_sh603259="药明康德,105.410,105.490,105.900,106.670,104.500,105.900,105.930,9826101,1039897418.000,2600,105.900,1600,105.890,100,105.840,4600,105.830,22600,105.820,7000,105.930,100,105.970,700,106.000,600,106.020,1700,106.030,2020-08-25,14:35:59,00,";
var hq_str_sh603259="药明康德,105.410,105.490,106.020,106.670,104.500,106.000,106.020,9849501,1042377247.000,7000,106.000,400,105.960,4800,105.930,1900,105.900,300,105.860,800,106.020,100,106.040,1275,106.050,300,106.060,100,106.070,2020-08-25,14:36:59,00,";
var hq_str_sh603259="药明康德,105.410,105.490,106.050,106.670,104.500,106.050,106.080,9888176,1046478216.000,300,106.050,2400,106.020,400,106.010,10800,106.000,200,105.970,600,106.080,900,106.090,4300,106.100,600,106.110,6100,106.120,2020-08-25,14:37:59,00,";
var hq_str_sh603259="药明康德,105.410,105.490,106.300,106.670,104.500,106.270,106.300,9964056,1054535768.000,200,106.270,3120,106.200,500,106.150,700,106.100,1300,106.090,1100,106.300,100,106.320,700,106.330,300,106.340,10800,106.350,2020-08-25,14:38:59,00,";
var hq_str_sh603259="药明康德,105.410,105.490,106.230,106.670,104.500,106.230,106.270,10030356,1061583484.000,1400,106.230,100,106.220,200,106.210,14720,106.200,600,106.150,500,106.270,6980,106.280,400,106.290,1800,106.300,100,106.330,2020-08-25,14:39:59,00,";
var hq_str_sh603259="药明康德,105.410,105.490,106.210,106.670,104.500,106.200,106.220,10128356,1071998286.000,14920,106.200,100,106.150,1000,106.140,600,106.100,1500,106.060,100,106.220,100,106.240,300,106.330,4560,106.340,8999,106.350,2020-08-25,14:40:59,00,";
var hq_str_sh603259="药明康德,105.410,105.490,106.160,106.670,104.500,106.160,106.190,10188376,1078372028.000,1300,106.160,100,106.140,200,106.070,1500,106.060,500,106.030,200,106.190,500,106.200,1500,106.280,1700,106.290,1600,106.300,2020-08-25,14:41:59,00,";
var hq_str_sh603259="药明康德,105.410,105.490,106.020,106.670,104.500,106.020,106.030,10231976,1082997895.000,2500,106.020,21000,106.010,16700,106.000,100,105.970,200,105.960,300,106.030,300,106.060,5900,106.070,500,106.080,600,106.090,2020-08-25,14:42:59,00,";
var hq_str_sh603259="药明康德,105.410,105.490,106.130,106.670,104.500,106.100,106.130,10270376,1087069479.000,7600,106.100,500,106.090,900,106.050,700,106.040,3300,106.030,1100,106.130,300,106.140,800,106.150,500,106.180,700,106.190,2020-08-25,14:43:59,00,";
var hq_str_sh603259="药明康德,105.410,105.490,106.270,106.670,104.500,106.270,106.280,10302976,1090530456.000,800,106.270,1500,106.200,400,106.180,4000,106.150,100,106.110,2000,106.280,1700,106.290,4200,106.300,200,106.320,1000,106.330,2020-08-25,14:44:59,00,";
var hq_str_sh603259="药明康德,105.410,105.490,106.150,106.670,104.500,106.150,106.170,10355856,1096148220.000,800,106.150,8900,106.110,10020,106.100,1900,106.050,10700,106.040,899,106.170,1400,106.200,300,106.210,1100,106.250,900,106.260,2020-08-25,14:45:59,00,";
var hq_str_sh603259="药明康德,105.410,105.490,106.320,106.670,104.500,106.320,106.330,10437855,1104863977.000,2300,106.320,1200,106.290,200,106.230,6800,106.200,100,106.180,100,106.330,100,106.350,1200,106.360,300,106.370,3240,106.380,2020-08-25,14:46:59,00,";
var hq_str_sh603259="药明康德,105.410,105.490,106.280,106.670,104.500,106.240,106.280,10549255,1116715062.000,600,106.240,1400,106.230,1700,106.200,100,106.180,200,106.170,100,106.280,900,106.320,100,106.350,1300,106.360,100,106.380,2020-08-25,14:47:59,00,";
var hq_str_sh603259="药明康德,105.410,105.490,106.300,106.670,104.500,106.250,106.300,10634555,1125777034.000,5000,106.250,10000,106.200,200,106.180,100,106.150,1200,106.130,1365,106.300,3100,106.310,200,106.320,1000,106.350,800,106.360,2020-08-25,14:48:56,00,";
var hq_str_sh603259="药明康德,105.410,105.490,106.530,106.670,104.500,106.500,106.530,10734691,1136434532.000,7000,106.500,4700,106.450,200,106.420,42400,106.400,16100,106.360,400,106.530,600,106.540,1100,106.550,200,106.560,1000,106.570,2020-08-25,14:49:59,00,";
var hq_str_sh603259="药明康德,105.410,105.490,106.570,106.670,104.500,106.570,106.590,10843991,1148083443.000,100,106.570,300,106.550,200,106.530,300,106.520,2100,106.510,4600,106.590,6700,106.600,400,106.610,1100,106.630,1800,106.640,2020-08-25,14:50:59,00,";
var hq_str_sh603259="药明康德,105.410,105.490,106.500,106.670,104.500,106.500,106.530,10913551,1155493683.000,3200,106.500,1000,106.450,1140,106.440,200,106.430,200,106.420,900,106.530,1100,106.550,300,106.560,1100,106.570,1800,106.580,2020-08-25,14:51:59,00,";
var hq_str_sh603259="药明康德,105.410,105.490,106.310,106.670,104.500,106.310,106.360,11128291,1178332819.000,200,106.310,100,106.300,200,106.280,500,106.270,3700,106.240,100,106.360,2100,106.380,200,106.390,100,106.400,400,106.410,2020-08-25,14:52:59,00,";
var hq_str_sh603259="药明康德,105.410,105.490,106.420,106.670,104.500,106.420,106.430,11187991,1184685545.000,800,106.420,1000,106.410,11900,106.400,500,106.380,100,106.370,500,106.430,400,106.440,6400,106.450,300,106.460,600,106.480,2020-08-25,14:53:59,00,";
var hq_str_sh603259="药明康德,105.410,105.490,106.430,106.670,104.500,106.420,106.430,11299891,1196598573.000,300,106.420,300,106.410,7300,106.400,500,106.380,100,106.370,600,106.430,1700,106.440,26500,106.450,1000,106.460,1900,106.490,2020-08-25,14:54:59,00,";
var hq_str_sh603259="药明康德,105.410,105.490,106.400,106.670,104.500,106.400,106.410,11377291,1204832925.000,26100,106.400,100,106.370,200,106.350,200,106.340,300,106.330,100,106.410,1200,106.420,700,106.430,500,106.440,24900,106.450,2020-08-25,14:55:59,00,";
var hq_str_sh603259="药明康德,105.410,105.490,106.440,106.670,104.500,106.430,106.440,11441267,1211640888.000,1100,106.430,1024,106.420,7000,106.410,500,106.380,200,106.350,400,106.440,20200,106.450,100,106.470,100,106.480,800,106.490,2020-08-25,14:56:59,00,";
var hq_str_sh603259="药明康德,105.410,105.490,106.430,106.670,104.500,106.500,106.500,11441767,1211694103.000,46700,106.500,0,0.000,0,0.000,0,0.000,0,0.000,46700,106.500,5909,0.000,0,0.000,0,0.000,0,0.000,2020-08-25,14:57:59,00,";
var hq_str_sh603259="药明康德,105.410,105.490,106.430,106.670,104.500,106.490,106.490,11441767,1211694103.000,69900,106.490,0,0.000,0,0.000,0,0.000,0,0.000,69900,106.490,5409,0.000,0,0.000,0,0.000,0,0.000,2020-08-25,14:58:59,00,";
