var hq_str_sh603259="药明康德,97.760,97.300,97.490,97.760,97.300,97.300,97.490,505100,49378159.000,600,97.300,100,97.050,300,97.000,100,96.900,100,96.890,29300,97.490,100,97.500,300,97.650,1700,97.740,300,97.750,2020-04-08,09:30:00,00,";
var hq_str_sh603259="药明康德,97.760,97.300,96.510,97.760,96.390,96.510,96.550,640800,62538815.000,100,96.510,21800,96.500,500,96.450,200,96.440,1300,96.400,100,96.550,1400,96.560,100,96.570,500,96.600,1200,96.650,2020-04-08,09:30:57,00,";
var hq_str_sh603259="药明康德,97.760,97.300,96.820,97.760,96.390,96.700,96.810,705600,68795376.000,300,96.700,100,96.690,1500,96.650,700,96.640,500,96.630,500,96.810,800,96.820,300,96.840,1500,96.990,20500,97.000,2020-04-08,09:32:00,00,";
var hq_str_sh603259="药明康德,97.760,97.300,96.280,97.760,96.260,96.260,96.280,830600,80860049.000,3800,96.260,2600,96.220,200,96.200,400,96.190,800,96.160,100,96.280,400,96.290,9500,96.300,5000,96.330,900,96.340,2020-04-08,09:33:00,00,";
var hq_str_sh603259="药明康德,97.760,97.300,96.050,97.760,96.020,96.050,96.060,941200,91485874.000,8700,96.050,2300,96.030,11000,96.020,10000,96.010,25100,96.000,300,96.060,500,96.070,700,96.080,200,96.090,1100,96.110,2020-04-08,09:34:00,00,";
var hq_str_sh603259="药明康德,97.760,97.300,96.230,97.760,96.000,96.200,96.230,1083700,105183388.000,7400,96.200,1000,96.190,200,96.170,400,96.150,2200,96.140,200,96.230,1000,96.260,4600,96.300,300,96.330,300,96.360,2020-04-08,09:35:00,00,";
var hq_str_sh603259="药明康德,97.760,97.300,96.450,97.760,96.000,96.410,96.450,1133300,109961526.000,400,96.410,1700,96.400,800,96.390,100,96.370,500,96.360,100,96.450,1400,96.490,9300,96.500,500,96.510,1100,96.520,2020-04-08,09:36:00,00,";
var hq_str_sh603259="药明康德,97.760,97.300,96.200,97.760,96.000,96.160,96.180,1240600,120295004.000,300,96.160,2300,96.150,1300,96.140,900,96.130,400,96.120,400,96.180,1300,96.200,1000,96.210,1380,96.280,300,96.290,2020-04-08,09:36:57,00,";
var hq_str_sh603259="药明康德,97.760,97.300,96.160,97.760,96.000,96.150,96.160,1324200,128334562.000,5500,96.150,300,96.140,300,96.130,1500,96.120,4200,96.110,600,96.160,100,96.170,22000,96.180,600,96.200,500,96.250,2020-04-08,09:37:57,00,";
var hq_str_sh603259="药明康德,97.760,97.300,96.100,97.760,96.000,96.100,96.110,1456800,141079335.000,3800,96.100,600,96.090,600,96.080,900,96.060,6300,96.050,9800,96.110,200,96.120,100,96.130,600,96.150,300,96.160,2020-04-08,09:38:57,00,";
var hq_str_sh603259="药明康德,97.760,97.300,96.120,97.760,96.000,96.120,96.150,1548300,149872025.000,700,96.120,2300,96.100,8500,96.090,6800,96.080,5200,96.070,2500,96.150,6300,96.180,800,96.200,300,96.250,28580,96.280,2020-04-08,09:39:57,00,";
var hq_str_sh603259="药明康德,97.760,97.300,95.700,97.760,95.600,95.700,95.730,1857300,179521583.000,1900,95.700,1000,95.620,500,95.600,200,95.590,600,95.580,200,95.730,200,95.780,100,95.800,7700,95.810,600,95.850,2020-04-08,09:40:57,00,";
var hq_str_sh603259="药明康德,97.760,97.300,95.480,97.760,95.450,95.460,95.480,1932600,186717974.000,2400,95.460,100,95.450,3000,95.440,200,95.410,11100,95.400,2000,95.480,500,95.490,39200,95.500,100,95.510,44900,95.570,2020-04-08,09:42:00,00,";
var hq_str_sh603259="药明康德,97.760,97.300,95.570,97.760,95.400,95.540,95.570,2075500,200366712.000,600,95.540,9200,95.530,1400,95.510,11500,95.500,1500,95.480,3200,95.570,49700,95.700,200,95.720,100,95.770,100,95.800,2020-04-08,09:42:57,00,";
var hq_str_sh603259="药明康德,97.760,97.300,95.900,97.760,95.400,95.890,95.900,2205200,212778962.000,600,95.890,100,95.800,400,95.790,3000,95.750,600,95.730,2100,95.900,1000,95.990,5700,96.000,100,96.010,800,96.020,2020-04-08,09:43:57,00,";
var hq_str_sh603259="药明康德,97.760,97.300,95.800,97.760,95.400,95.780,95.800,2243400,216440288.000,3300,95.780,4400,95.770,6800,95.760,13400,95.750,200,95.730,7000,95.800,600,95.810,500,95.830,100,95.840,500,95.850,2020-04-08,09:45:00,00,";
var hq_str_sh603259="药明康德,97.760,97.300,94.920,97.760,94.800,94.920,94.970,2583500,248851528.000,600,94.920,3200,94.800,100,94.780,300,94.760,600,94.700,500,94.970,9700,95.000,100,95.010,100,95.020,1000,95.030,2020-04-08,09:45:57,00,";
var hq_str_sh603259="药明康德,97.760,97.300,95.000,97.760,94.760,95.000,95.070,2661000,256204748.000,1000,95.000,2700,94.970,200,94.960,8000,94.950,100,94.940,10000,95.070,100,95.080,100,95.110,600,95.150,300,95.270,2020-04-08,09:47:00,00,";
var hq_str_sh603259="药明康德,97.760,97.300,95.150,97.760,94.760,95.150,95.200,2797500,269180254.000,100,95.150,100,95.130,5800,95.100,4200,95.080,1300,95.070,300,95.200,100,95.250,300,95.270,200,95.280,3500,95.300,2020-04-08,09:48:00,00,";
var hq_str_sh603259="药明康德,97.760,97.300,95.270,97.760,94.760,95.270,95.290,2849200,274104046.000,900,95.270,1000,95.260,1000,95.250,300,95.240,100,95.220,500,95.290,2000,95.300,200,95.390,100,95.400,100,95.460,2020-04-08,09:48:57,00,";
var hq_str_sh603259="药明康德,97.760,97.300,95.500,97.760,94.760,95.370,95.380,2952500,283953415.000,500,95.370,100,95.360,1800,95.350,200,95.340,200,95.330,800,95.380,1000,95.510,200,95.530,1000,95.550,1100,95.590,2020-04-08,09:50:00,00,";
var hq_str_sh603259="药明康德,97.760,97.300,95.310,97.760,94.760,95.300,95.350,3007200,289166895.000,800,95.300,700,95.280,3000,95.270,1100,95.260,4000,95.250,400,95.350,100,95.400,100,95.440,900,95.500,1800,95.510,2020-04-08,09:51:00,00,";
var hq_str_sh603259="药明康德,97.760,97.300,95.320,97.760,94.760,95.320,95.420,3051900,293429123.000,1700,95.320,3900,95.310,900,95.300,1000,95.290,1600,95.260,700,95.420,100,95.510,13600,95.520,700,95.530,1000,95.550,2020-04-08,09:52:00,00,";
var hq_str_sh603259="药明康德,97.760,97.300,95.300,97.760,94.760,95.300,95.310,3113900,299342164.000,1000,95.300,1600,95.260,4100,95.250,200,95.240,1300,95.230,300,95.310,500,95.330,100,95.350,100,95.430,500,95.500,2020-04-08,09:52:57,00,";
var hq_str_sh603259="药明康德,97.760,97.300,95.330,97.760,94.760,95.330,95.350,3138200,301657950.000,800,95.330,500,95.310,1400,95.300,2300,95.290,1000,95.270,100,95.350,200,95.430,300,95.460,300,95.490,500,95.500,2020-04-08,09:54:00,00,";
var hq_str_sh603259="药明康德,97.760,97.300,95.380,97.760,94.760,95.350,95.380,3156200,303374117.000,2500,95.350,1900,95.340,800,95.330,1200,95.310,3600,95.300,6100,95.380,600,95.450,100,95.460,300,95.490,300,95.500,2020-04-08,09:54:57,00,";
var hq_str_sh603259="药明康德,97.760,97.300,95.350,97.760,94.760,95.310,95.320,3210100,308513074.000,51200,95.310,1800,95.300,2300,95.290,1000,95.270,1900,95.260,700,95.320,100,95.330,300,95.350,100,95.380,500,95.400,2020-04-08,09:56:00,00,";
var hq_str_sh603259="药明康德,97.760,97.300,95.260,97.760,94.760,95.240,95.260,3330500,319984662.000,100,95.240,11300,95.220,300,95.210,1000,95.200,2000,95.190,400,95.260,200,95.280,2200,95.300,2000,95.310,600,95.330,2020-04-08,09:57:00,00,";
var hq_str_sh603259="药明康德,97.760,97.300,95.270,97.760,94.760,95.270,95.300,3367000,323461112.000,100,95.270,1500,95.250,200,95.240,1400,95.230,7200,95.220,500,95.300,2000,95.310,700,95.320,600,95.330,100,95.340,2020-04-08,09:57:57,00,";
var hq_str_sh603259="药明康德,97.760,97.300,95.410,97.760,94.760,95.400,95.430,3398500,326462646.000,2200,95.400,1100,95.350,200,95.310,4700,95.300,7000,95.280,300,95.430,100,95.460,1400,95.500,700,95.510,500,95.520,2020-04-08,09:59:00,00,";
var hq_str_sh603259="药明康德,97.760,97.300,95.540,97.760,94.760,95.540,95.550,3422800,328783465.000,400,95.540,800,95.530,200,95.520,200,95.510,600,95.500,200,95.550,600,95.590,400,95.600,800,95.610,1000,95.650,2020-04-08,10:00:00,00,";
var hq_str_sh603259="药明康德,97.760,97.300,95.740,97.760,94.760,95.710,95.740,3448100,331202489.000,300,95.710,100,95.680,1200,95.670,200,95.660,3100,95.640,100,95.740,100,95.750,600,95.780,300,95.790,1000,95.800,2020-04-08,10:01:00,00,";
var hq_str_sh603259="药明康德,97.760,97.300,95.620,97.760,94.760,95.630,95.640,3491700,335371586.000,700,95.630,100,95.600,1700,95.590,1800,95.580,2000,95.570,400,95.640,1200,95.650,800,95.660,100,95.670,300,95.690,2020-04-08,10:02:00,00,";
var hq_str_sh603259="药明康德,97.760,97.300,95.660,97.760,94.760,95.660,95.700,3538400,339837418.000,400,95.660,100,95.630,300,95.600,300,95.570,1100,95.560,400,95.700,100,95.740,1000,95.770,700,95.780,200,95.790,2020-04-08,10:02:57,00,";
var hq_str_sh603259="药明康德,97.760,97.300,95.780,97.760,94.760,95.750,95.760,3573200,343169826.000,100,95.750,3700,95.740,1600,95.730,200,95.680,1300,95.660,300,95.760,3000,95.780,29500,95.800,900,95.840,500,95.850,2020-04-08,10:03:57,00,";
var hq_str_sh603259="药明康德,97.760,97.300,95.720,97.760,94.760,95.720,95.750,3671200,352548963.000,1600,95.720,2400,95.710,36800,95.700,100,95.690,200,95.680,600,95.750,200,95.780,30000,95.800,400,95.900,100,95.910,2020-04-08,10:04:57,00,";
var hq_str_sh603259="药明康德,97.760,97.300,95.800,97.760,94.760,95.800,95.850,3734900,358652995.000,5100,95.800,6000,95.790,2500,95.780,700,95.760,800,95.750,600,95.850,200,95.860,1600,95.900,1100,95.910,500,95.930,2020-04-08,10:05:57,00,";
var hq_str_sh603259="药明康德,97.760,97.300,95.770,97.760,94.760,95.760,95.770,3786740,363619478.000,3300,95.760,1300,95.750,200,95.720,500,95.710,2600,95.700,100,95.770,200,95.790,11295,95.800,200,95.910,600,95.930,2020-04-08,10:07:00,00,";
var hq_str_sh603259="药明康德,97.760,97.300,95.870,97.760,94.760,95.870,95.930,3821984,366996444.000,200,95.870,100,95.860,6900,95.850,2600,95.840,577,95.800,100,95.930,1000,95.940,800,95.950,4200,95.960,1605,95.970,2020-04-08,10:08:00,00,";
var hq_str_sh603259="药明康德,97.760,97.300,95.850,97.760,94.760,95.770,95.810,3859861,370627950.000,600,95.770,200,95.760,2300,95.750,800,95.720,500,95.710,100,95.810,600,95.850,890,95.870,500,95.880,3530,95.890,2020-04-08,10:08:57,00,";
var hq_str_sh603259="药明康德,97.760,97.300,95.860,97.760,94.760,95.860,95.870,3885861,373119848.000,200,95.860,100,95.850,200,95.830,1200,95.810,100,95.800,700,95.870,1300,95.880,3430,95.890,1000,95.900,1330,95.920,2020-04-08,10:10:00,00,";
var hq_str_sh603259="药明康德,97.760,97.300,95.800,97.760,94.760,95.860,95.880,3936661,377987801.000,300,95.860,3500,95.800,100,95.780,200,95.770,300,95.760,100,95.880,2700,95.890,1000,95.900,200,95.910,1330,95.920,2020-04-08,10:11:00,00,";
var hq_str_sh603259="药明康德,97.760,97.300,96.030,97.760,94.760,96.030,96.060,4002166,384274465.000,2700,96.030,100,96.010,1000,96.000,7300,95.990,300,95.970,2200,96.060,8400,96.120,200,96.150,400,96.160,100,96.170,2020-04-08,10:12:00,00,";
var hq_str_sh603259="药明康德,97.760,97.300,96.130,97.760,94.760,96.130,96.140,4037466,387667388.000,700,96.130,1000,96.120,300,96.110,400,96.100,1100,96.090,900,96.140,400,96.150,600,96.160,200,96.170,900,96.190,2020-04-08,10:12:57,00,";
var hq_str_sh603259="药明康德,97.760,97.300,96.000,97.760,94.760,95.990,96.000,4069266,390723572.000,400,95.990,995,95.950,500,95.900,100,95.880,500,95.860,1700,96.000,800,96.020,200,96.030,800,96.040,100,96.080,2020-04-08,10:13:57,00,";
var hq_str_sh603259="药明康德,97.760,97.300,95.920,97.760,94.760,95.910,95.920,4095161,393208147.000,300,95.910,200,95.880,200,95.860,400,95.850,500,95.810,1200,95.920,200,95.950,200,95.990,2000,96.000,2400,96.020,2020-04-08,10:15:00,00,";
var hq_str_sh603259="药明康德,97.760,97.300,96.020,97.760,94.760,96.000,96.030,4119161,395510702.000,1400,96.000,1400,95.900,900,95.890,2000,95.880,3000,95.860,1000,96.030,100,96.040,100,96.080,200,96.090,300,96.100,2020-04-08,10:16:00,00,";
var hq_str_sh603259="药明康德,97.760,97.300,95.700,97.760,94.760,95.700,95.710,4179861,401335024.000,300,95.700,300,95.680,100,95.670,500,95.650,300,95.640,500,95.710,200,95.720,600,95.730,100,95.740,800,95.790,2020-04-08,10:17:00,00,";
var hq_str_sh603259="药明康德,97.760,97.300,95.780,97.760,94.760,95.780,95.800,4216661,404859707.000,100,95.780,3300,95.760,7900,95.740,1200,95.710,10500,95.700,13400,95.800,2500,95.830,400,95.860,1000,95.900,600,95.910,2020-04-08,10:17:57,00,";
var hq_str_sh603259="药明康德,97.760,97.300,95.760,97.760,94.760,95.760,95.770,4246861,407752432.000,300,95.760,600,95.750,7900,95.740,100,95.720,1700,95.710,200,95.770,1840,95.790,100,95.820,2600,95.830,400,95.860,2020-04-08,10:18:57,00,";
var hq_str_sh603259="药明康德,97.760,97.300,95.650,97.760,94.760,95.610,95.650,4330161,415721841.000,800,95.610,33600,95.600,300,95.570,100,95.560,1700,95.550,300,95.650,80,95.670,3900,95.700,300,95.740,500,95.770,2020-04-08,10:20:00,00,";
var hq_str_sh603259="药明康德,97.760,97.300,95.700,97.760,94.760,95.700,95.770,4369561,419489798.000,100,95.700,300,95.670,200,95.660,400,95.650,200,95.640,700,95.770,500,95.790,100,95.820,100,95.830,400,95.860,2020-04-08,10:20:57,00,";
var hq_str_sh603259="药明康德,97.760,97.300,95.680,97.760,94.760,95.650,95.660,4387861,421240824.000,1900,95.650,100,95.640,9700,95.620,1000,95.610,17000,95.600,100,95.660,200,95.680,2400,95.700,400,95.770,300,95.780,2020-04-08,10:22:00,00,";
var hq_str_sh603259="药明康德,97.760,97.300,95.800,97.760,94.760,95.800,95.830,4407361,423108202.000,2300,95.800,4300,95.780,100,95.770,1400,95.760,200,95.750,100,95.830,400,95.860,800,95.900,200,95.930,600,95.940,2020-04-08,10:23:00,00,";
var hq_str_sh603259="药明康德,97.760,97.300,95.750,97.760,94.760,95.690,95.810,4453961,427568683.000,2000,95.690,3600,95.660,800,95.650,800,95.640,1100,95.630,2000,95.810,1400,95.840,900,95.850,400,95.860,200,95.930,2020-04-08,10:23:57,00,";
var hq_str_sh603259="药明康德,97.760,97.300,95.880,97.760,94.760,95.860,95.880,4470161,429120505.000,100,95.860,4000,95.840,100,95.810,500,95.760,3500,95.730,600,95.880,200,95.930,500,95.960,1100,95.980,300,95.990,2020-04-08,10:24:57,00,";
var hq_str_sh603259="药明康德,97.760,97.300,95.940,97.760,94.760,95.940,95.950,4482561,430309565.000,700,95.940,500,95.930,3200,95.920,800,95.860,1100,95.850,900,95.950,100,95.960,1100,95.980,100,95.990,700,96.000,2020-04-08,10:25:57,00,";
var hq_str_sh603259="药明康德,97.760,97.300,96.000,97.760,94.760,96.010,96.020,4516661,433582027.000,1200,96.010,600,96.000,4100,95.940,2300,95.920,500,95.900,500,96.020,100,96.030,300,96.050,500,96.080,400,96.090,2020-04-08,10:26:57,00,";
var hq_str_sh603259="药明康德,97.760,97.300,96.090,97.760,94.760,96.070,96.090,4538361,435665550.000,1000,96.070,500,96.050,1000,96.010,18800,96.000,200,95.990,2100,96.090,500,96.100,500,96.110,1500,96.120,1100,96.150,2020-04-08,10:27:57,00,";
var hq_str_sh603259="药明康德,97.760,97.300,95.920,97.760,94.760,95.860,95.920,4601061,441681707.000,100,95.860,2600,95.800,100,95.780,12700,95.770,100,95.740,1600,95.920,200,95.930,200,95.940,100,95.980,1300,96.010,2020-04-08,10:29:00,00,";
var hq_str_sh603259="药明康德,97.760,97.300,95.960,97.760,94.760,95.960,95.970,4620561,443551750.000,2600,95.960,100,95.950,4800,95.940,1300,95.930,200,95.900,600,95.970,100,96.000,900,96.010,300,96.040,200,96.060,2020-04-08,10:30:00,00,";
var hq_str_sh603259="药明康德,97.760,97.300,95.930,97.760,94.760,95.890,95.930,4650361,446412904.000,2400,95.890,400,95.880,200,95.870,500,95.860,600,95.800,400,95.930,500,95.990,100,96.050,3500,96.060,300,96.080,2020-04-08,10:30:57,00,";
var hq_str_sh603259="药明康德,97.760,97.300,96.050,97.760,94.760,96.040,96.060,4688061,450032794.000,2100,96.040,300,96.010,3200,96.000,2600,95.950,300,95.940,100,96.060,800,96.080,300,96.090,800,96.100,300,96.110,2020-04-08,10:32:00,00,";
var hq_str_sh603259="药明康德,97.760,97.300,96.090,97.760,94.760,96.090,96.120,4723461,453432662.000,6700,96.090,100,96.060,100,96.010,1200,96.000,1600,95.950,1300,96.120,1100,96.150,100,96.190,100,96.200,100,96.210,2020-04-08,10:32:57,00,";
var hq_str_sh603259="药明康德,97.760,97.300,96.200,97.760,94.760,96.200,96.210,4751561,456134384.000,2600,96.200,200,96.190,600,96.170,500,96.150,700,96.140,1200,96.210,600,96.220,700,96.240,400,96.250,6000,96.260,2020-04-08,10:33:57,00,";
var hq_str_sh603259="药明康德,97.760,97.300,96.280,97.760,94.760,96.280,96.290,4787461,459589774.000,500,96.280,200,96.270,2500,96.260,300,96.240,100,96.230,100,96.290,3600,96.300,100,96.340,200,96.350,600,96.360,2020-04-08,10:34:57,00,";
var hq_str_sh603259="药明康德,97.760,97.300,96.120,97.760,94.760,96.120,96.180,4848961,465507861.000,400,96.120,100,96.100,1300,96.060,2100,96.050,1000,96.040,1600,96.180,100,96.210,200,96.220,2000,96.230,100,96.240,2020-04-08,10:36:00,00,";
var hq_str_sh603259="药明康德,97.760,97.300,96.210,97.760,94.760,96.210,96.220,4903661,470768972.000,5200,96.210,600,96.120,3100,96.070,1100,96.060,1000,96.040,600,96.220,300,96.250,600,96.260,100,96.270,1600,96.280,2020-04-08,10:37:00,00,";
var hq_str_sh603259="药明康德,97.760,97.300,96.280,97.760,94.760,96.260,96.280,4926761,472992563.000,500,96.260,800,96.200,1100,96.060,1000,96.040,1900,96.020,1300,96.280,6100,96.300,100,96.350,400,96.360,300,96.390,2020-04-08,10:37:57,00,";
var hq_str_sh603259="药明康德,97.760,97.300,96.250,97.760,94.760,96.250,96.260,4955261,475736542.000,3600,96.250,2400,96.220,400,96.210,900,96.200,2000,96.060,2700,96.260,200,96.290,100,96.310,200,96.320,100,96.350,2020-04-08,10:38:57,00,";
var hq_str_sh603259="药明康德,97.760,97.300,96.290,97.760,94.760,96.280,96.300,4986261,478721190.000,400,96.280,1700,96.270,3100,96.230,1400,96.200,1000,96.070,300,96.300,200,96.340,100,96.360,500,96.380,300,96.390,2020-04-08,10:40:00,00,";
var hq_str_sh603259="药明康德,97.760,97.300,96.450,97.760,94.760,96.450,96.500,5002261,480263360.000,1000,96.450,1000,96.440,1100,96.430,1500,96.410,100,96.400,3300,96.500,100,96.510,500,96.520,4800,96.530,100,96.540,2020-04-08,10:41:00,00,";
var hq_str_sh603259="药明康德,97.760,97.300,96.510,97.760,94.760,96.500,96.510,5041061,484007727.000,6200,96.500,100,96.490,2900,96.470,800,96.450,700,96.440,3400,96.510,2600,96.520,700,96.550,200,96.560,800,96.570,2020-04-08,10:41:57,00,";
var hq_str_sh603259="药明康德,97.760,97.300,96.340,97.760,94.760,96.240,96.340,5085761,488318773.000,2100,96.240,400,96.230,1400,96.200,5000,96.110,200,96.100,700,96.340,100,96.370,100,96.410,100,96.440,3700,96.450,2020-04-08,10:43:00,00,";
var hq_str_sh603259="药明康德,97.760,97.300,96.280,97.760,94.760,96.280,96.290,5114861,491120113.000,2000,96.280,100,96.220,100,96.210,1000,96.190,1100,96.120,1000,96.290,1000,96.300,2300,96.400,100,96.410,100,96.430,2020-04-08,10:44:00,00,";
var hq_str_sh603259="药明康德,97.760,97.300,96.290,97.760,94.760,96.290,96.300,5148487,494357010.000,200,96.290,100,96.280,1100,96.120,5300,96.110,300,96.100,1900,96.300,1000,96.390,500,96.400,100,96.410,100,96.430,2020-04-08,10:45:00,00,";
var hq_str_sh603259="药明康德,97.760,97.300,96.070,97.760,94.760,96.070,96.110,5185887,497954170.000,4100,96.070,1900,96.060,1900,96.040,100,96.030,1900,96.020,200,96.110,100,96.150,100,96.210,100,96.270,900,96.290,2020-04-08,10:45:57,00,";
var hq_str_sh603259="药明康德,97.760,97.300,96.080,97.760,94.760,96.080,96.110,5221287,501355512.000,8300,96.080,1900,96.040,100,96.030,1900,96.020,5900,96.000,1300,96.110,100,96.120,2100,96.140,300,96.150,200,96.230,2020-04-08,10:47:00,00,";
var hq_str_sh603259="药明康德,97.760,97.300,96.150,97.760,94.760,96.150,96.300,5259287,505009823.000,2000,96.150,3800,96.110,8300,96.080,1900,96.040,100,96.030,3300,96.300,500,96.330,1000,96.390,300,96.400,100,96.410,2020-04-08,10:48:00,00,";
var hq_str_sh603259="药明康德,97.760,97.300,96.210,97.760,94.760,96.120,96.210,5284487,507433933.000,100,96.120,1700,96.110,8300,96.080,1900,96.040,100,96.030,2100,96.210,1800,96.250,200,96.260,200,96.270,2600,96.280,2020-04-08,10:48:57,00,";
var hq_str_sh603259="药明康德,97.760,97.300,96.080,97.760,94.760,96.040,96.080,5320287,510874710.000,1900,96.040,100,96.030,1900,96.020,6000,96.000,300,95.970,400,96.080,3900,96.100,3500,96.130,200,96.140,1300,96.150,2020-04-08,10:50:00,00,";
var hq_str_sh603259="药明康德,97.760,97.300,96.000,97.760,94.760,96.010,96.030,5385287,517118058.000,1500,96.010,14800,96.000,300,95.970,100,95.960,1000,95.950,1300,96.030,5300,96.070,300,96.080,2200,96.120,1500,96.130,2020-04-08,10:50:57,00,";
var hq_str_sh603259="药明康德,97.760,97.300,96.070,97.760,94.760,96.070,96.080,5438587,522236996.000,100,96.070,100,96.010,8900,96.000,300,95.970,100,95.960,500,96.080,1300,96.110,2200,96.120,500,96.180,100,96.200,2020-04-08,10:51:57,00,";
var hq_str_sh603259="药明康德,97.760,97.300,96.130,97.760,94.760,96.060,96.130,5467987,525060825.000,100,96.060,200,96.050,700,96.020,100,96.010,4100,96.000,2400,96.130,900,96.140,200,96.160,600,96.180,100,96.200,2020-04-08,10:52:57,00,";
var hq_str_sh603259="药明康德,97.760,97.300,96.110,97.760,94.760,96.000,96.110,5509487,529049065.000,3400,96.000,300,95.970,200,95.960,1000,95.950,300,95.940,300,96.110,1400,96.120,1000,96.130,200,96.160,500,96.180,2020-04-08,10:53:57,00,";
var hq_str_sh603259="药明康德,97.760,97.300,96.000,97.760,94.760,96.000,96.020,5549987,532938556.000,6200,96.000,200,95.990,300,95.970,200,95.960,1000,95.950,200,96.020,1000,96.040,2600,96.080,200,96.090,300,96.130,2020-04-08,10:54:57,00,";
var hq_str_sh603259="药明康德,97.760,97.300,95.970,97.760,94.760,95.950,95.970,5584587,536260291.000,3500,95.950,300,95.940,800,95.910,800,95.900,100,95.890,1000,95.970,2200,95.980,6500,95.990,430,96.000,1700,96.010,2020-04-08,10:56:00,00,";
var hq_str_sh603259="药明康德,97.760,97.300,95.990,97.760,94.760,95.980,95.990,5613087,538995976.000,4200,95.980,100,95.960,2400,95.950,300,95.940,900,95.910,1000,95.990,1530,96.000,400,96.080,200,96.090,200,96.100,2020-04-08,10:56:55,00,";
var hq_str_sh603259="药明康德,97.760,97.300,96.110,97.760,94.760,96.090,96.110,5637517,541342970.000,3600,96.090,400,96.050,100,96.010,7370,96.000,2900,95.990,700,96.110,400,96.120,200,96.160,1000,96.180,100,96.200,2020-04-08,10:58:00,00,";
var hq_str_sh603259="药明康德,97.760,97.300,96.020,97.760,94.760,96.020,96.070,5667717,544243339.000,3470,96.020,300,96.010,200,96.000,900,95.990,3400,95.980,3300,96.070,400,96.090,800,96.100,100,96.120,200,96.160,2020-04-08,10:59:00,00,";
var hq_str_sh603259="药明康德,97.760,97.300,96.080,97.760,94.760,96.080,96.090,5687517,546145286.000,300,96.080,900,96.050,100,96.020,200,96.000,900,95.990,600,96.090,200,96.100,100,96.120,200,96.160,300,96.170,2020-04-08,10:59:57,00,";
var hq_str_sh603259="药明康德,97.760,97.300,95.930,97.760,94.760,95.930,95.950,5730417,550261946.000,3500,95.930,700,95.920,200,95.910,800,95.900,300,95.890,800,95.950,4000,96.000,1200,96.060,100,96.080,100,96.100,2020-04-08,11:00:57,00,";
var hq_str_sh603259="药明康德,97.760,97.300,96.010,97.760,94.760,96.010,96.020,5748157,551965039.000,700,96.010,2900,96.000,300,95.970,200,95.950,900,95.940,900,96.020,68,96.070,100,96.080,100,96.100,1900,96.120,2020-04-08,11:01:57,00,";
var hq_str_sh603259="药明康德,97.760,97.300,96.070,97.760,94.760,96.070,96.090,5772725,554325668.000,2532,96.070,300,96.060,100,96.020,400,96.000,300,95.980,700,96.090,4500,96.100,3500,96.110,1300,96.120,500,96.180,2020-04-08,11:02:57,00,";
var hq_str_sh603259="药明康德,97.760,97.300,96.170,97.760,94.760,96.170,96.180,5803025,557237805.000,2000,96.170,1600,96.160,2600,96.150,900,96.120,1000,96.100,500,96.180,400,96.200,1200,96.270,1400,96.280,2900,96.290,2020-04-08,11:03:57,00,";
var hq_str_sh603259="药明康德,97.760,97.300,96.390,97.760,94.760,96.380,96.390,5827225,559567520.000,900,96.380,6100,96.300,400,96.290,300,96.280,100,96.220,200,96.390,100,96.400,100,96.410,200,96.440,100,96.450,2020-04-08,11:05:00,00,";
var hq_str_sh603259="药明康德,97.760,97.300,96.420,97.760,94.760,96.320,96.420,5846525,561427788.000,4100,96.320,1300,96.310,6100,96.300,900,96.280,100,96.220,300,96.420,100,96.450,300,96.460,2100,96.470,1300,96.480,2020-04-08,11:05:57,00,";
var hq_str_sh603259="药明康德,97.760,97.300,96.370,97.760,94.760,96.370,96.390,5870225,563711620.000,1400,96.370,2600,96.350,1900,96.340,800,96.280,100,96.260,600,96.390,1600,96.400,100,96.410,100,96.440,1300,96.450,2020-04-08,11:06:57,00,";
var hq_str_sh603259="药明康德,97.760,97.300,96.370,97.760,94.760,96.360,96.370,5896325,566226657.000,4200,96.360,4200,96.350,100,96.290,200,96.260,400,96.200,1700,96.370,4000,96.390,1500,96.400,100,96.410,100,96.440,2020-04-08,11:07:57,00,";
var hq_str_sh603259="药明康德,97.760,97.300,96.420,97.760,94.760,96.420,96.440,5925625,569050901.000,600,96.420,3000,96.410,100,96.400,900,96.380,900,96.360,6100,96.440,2200,96.450,800,96.460,2100,96.470,300,96.480,2020-04-08,11:08:57,00,";
var hq_str_sh603259="药明康德,97.760,97.300,96.350,97.760,94.760,96.290,96.350,5971825,573505227.000,100,96.290,100,96.260,100,96.200,2200,96.190,100,96.180,1000,96.350,100,96.440,100,96.460,1000,96.470,6200,96.480,2020-04-08,11:10:00,00,";
var hq_str_sh603259="药明康德,97.760,97.300,96.500,97.760,94.760,96.510,96.530,6009325,577121876.000,1600,96.510,8700,96.500,700,96.480,1600,96.470,100,96.390,300,96.530,800,96.550,200,96.560,1300,96.570,300,96.580,2020-04-08,11:10:57,00,";
var hq_str_sh603259="药明康德,97.760,97.300,96.620,97.760,94.760,96.620,96.630,6056125,581640884.000,4600,96.620,200,96.510,6500,96.500,1400,96.490,1600,96.470,100,96.630,300,96.640,1000,96.650,500,96.660,2100,96.680,2020-04-08,11:11:57,00,";
var hq_str_sh603259="药明康德,97.760,97.300,96.650,97.760,94.760,96.640,96.650,6089325,584849556.000,700,96.640,100,96.630,100,96.570,100,96.560,700,96.550,100,96.650,1500,96.680,1900,96.690,1200,96.700,100,96.730,2020-04-08,11:13:00,00,";
var hq_str_sh603259="药明康德,97.760,97.300,96.650,97.760,94.760,96.670,96.680,6144825,590214640.000,1000,96.670,100,96.650,100,96.570,700,96.550,100,96.540,400,96.680,300,96.690,100,96.700,4500,96.720,800,96.730,2020-04-08,11:13:57,00,";
var hq_str_sh603259="药明康德,97.760,97.300,96.610,97.760,94.760,96.610,96.620,6173725,593007420.000,3400,96.610,4500,96.600,1500,96.580,600,96.570,600,96.550,600,96.620,800,96.630,300,96.650,100,96.660,500,96.680,2020-04-08,11:14:57,00,";
var hq_str_sh603259="药明康德,97.760,97.300,96.310,97.760,94.760,96.400,96.490,6237725,599180532.000,1300,96.400,1000,96.310,15000,96.300,500,96.260,1200,96.200,2400,96.490,700,96.590,8500,96.600,300,96.610,200,96.660,2020-04-08,11:15:57,00,";
var hq_str_sh603259="药明康德,97.760,97.300,96.580,97.760,94.760,96.580,96.590,6276425,602910607.000,5500,96.580,800,96.460,900,96.450,1500,96.410,4600,96.400,2800,96.590,8600,96.600,300,96.610,200,96.660,500,96.690,2020-04-08,11:17:00,00,";
var hq_str_sh603259="药明康德,97.760,97.300,96.520,97.760,94.760,96.520,96.590,6313925,606531717.000,400,96.520,1200,96.510,4500,96.440,2100,96.420,1500,96.400,700,96.590,5400,96.600,300,96.610,200,96.660,7500,96.690,2020-04-08,11:17:57,00,";
var hq_str_sh603259="药明康德,97.760,97.300,96.300,97.760,94.760,96.300,96.580,6441425,618819722.000,7300,96.300,100,96.260,1600,96.220,100,96.210,2600,96.200,900,96.580,4100,96.590,2300,96.600,300,96.610,1200,96.660,2020-04-08,11:18:57,00,";
var hq_str_sh603259="药明康德,97.760,97.300,96.520,97.760,94.760,96.520,96.560,6480825,622615065.000,600,96.520,500,96.510,5000,96.500,1600,96.490,1500,96.270,600,96.560,1700,96.570,1100,96.580,4100,96.590,2300,96.600,2020-04-08,11:19:57,00,";
var hq_str_sh603259="药明康德,97.760,97.300,96.430,97.760,94.760,96.430,96.450,6504125,624862262.000,200,96.430,4900,96.420,500,96.390,100,96.280,3000,96.270,900,96.450,900,96.480,1500,96.490,1700,96.500,200,96.510,2020-04-08,11:21:00,00,";
var hq_str_sh603259="药明康德,97.760,97.300,96.430,97.760,94.760,96.430,96.450,6522925,626674932.000,3600,96.430,1500,96.410,500,96.400,1200,96.390,1300,96.280,500,96.450,900,96.480,100,96.490,400,96.500,200,96.510,2020-04-08,11:21:57,00,";
var hq_str_sh603259="药明康德,97.760,97.300,96.420,97.760,94.760,96.420,96.440,6549925,629278172.000,300,96.420,2700,96.410,2200,96.400,400,96.390,3300,96.280,700,96.440,500,96.450,900,96.480,1500,96.490,2400,96.500,2020-04-08,11:23:00,00,";
var hq_str_sh603259="药明康德,97.760,97.300,96.320,97.760,94.760,96.330,96.390,6582325,632402288.000,1100,96.330,100,96.320,2100,96.300,2000,96.290,1900,96.280,600,96.390,1900,96.440,700,96.450,100,96.460,400,96.480,2020-04-08,11:23:57,00,";
var hq_str_sh603259="药明康德,97.760,97.300,96.600,97.760,94.760,96.580,96.610,6609725,635046651.000,1700,96.580,2900,96.570,800,96.560,400,96.500,700,96.480,300,96.610,200,96.650,1300,96.660,100,96.680,1000,96.690,2020-04-08,11:24:57,00,";
var hq_str_sh603259="药明康德,97.760,97.300,96.590,97.760,94.760,96.580,96.590,6642025,638168028.000,17600,96.580,800,96.560,400,96.500,600,96.460,300,96.420,100,96.590,2900,96.600,100,96.740,1500,96.750,6300,96.760,2020-04-08,11:25:57,00,";
var hq_str_sh603259="药明康德,97.760,97.300,96.730,97.760,94.760,96.710,96.740,6663625,640256582.000,1800,96.710,200,96.610,3500,96.600,1700,96.590,17400,96.580,3300,96.740,1500,96.750,6300,96.760,1400,96.800,300,96.810,2020-04-08,11:26:57,00,";
var hq_str_sh603259="药明康德,97.760,97.300,96.840,97.760,94.760,96.840,96.850,6691812,642984092.000,3513,96.840,100,96.800,1800,96.790,3300,96.770,5100,96.750,1200,96.850,600,96.870,20100,96.880,1200,96.890,1100,96.900,2020-04-08,11:28:00,00,";
var hq_str_sh603259="药明康德,97.760,97.300,96.770,97.760,94.760,96.750,96.770,6751412,648756039.000,1500,96.750,1100,96.740,1700,96.710,700,96.610,2000,96.600,1000,96.770,500,96.780,400,96.800,900,96.850,700,96.860,2020-04-08,11:28:57,00,";
var hq_str_sh603259="药明康德,97.760,97.300,96.880,97.760,94.760,96.840,96.890,6794212,652902982.000,1000,96.840,1800,96.800,5600,96.780,700,96.770,1100,96.750,100,96.890,1600,96.900,1200,96.910,1300,96.920,500,96.940,2020-04-08,11:29:57,00,";
var hq_str_sh603259="药明康德,97.760,97.300,96.880,97.760,94.760,96.840,96.890,6794212,652902982.000,1000,96.840,1800,96.800,5600,96.780,700,96.770,1100,96.750,100,96.890,1600,96.900,1300,96.910,1300,96.920,500,96.940,2020-04-08,11:30:00,00,";
var hq_str_sh603259="药明康德,97.760,97.300,96.890,97.760,94.760,96.890,96.940,6839312,657271301.000,1100,96.890,4100,96.880,100,96.830,400,96.820,3400,96.810,900,96.940,800,96.950,7700,96.960,4000,96.980,22700,96.990,2020-04-08,13:00:58,00,";
var hq_str_sh603259="药明康德,97.760,97.300,96.700,97.760,94.760,96.700,96.710,6884012,661598838.000,600,96.700,1900,96.590,15600,96.580,4600,96.570,200,96.330,1300,96.710,1300,96.750,300,96.860,400,96.880,300,96.900,2020-04-08,13:01:58,00,";
var hq_str_sh603259="药明康德,97.760,97.300,96.960,97.760,94.760,96.890,96.960,6897712,662925805.000,1800,96.890,3900,96.880,100,96.860,300,96.750,2200,96.740,5000,96.960,4000,96.980,22700,96.990,15800,97.000,1500,97.010,2020-04-08,13:02:58,00,";
var hq_str_sh603259="药明康德,97.760,97.300,96.900,97.760,94.760,96.750,96.900,6943912,667403484.000,200,96.750,600,96.730,1900,96.720,700,96.710,2000,96.590,1100,96.900,800,96.910,800,96.930,800,96.950,700,96.960,2020-04-08,13:03:58,00,";
var hq_str_sh603259="药明康德,97.760,97.300,97.050,97.760,94.760,97.030,97.050,7015112,674308419.000,1600,97.030,1700,97.010,1000,97.000,11600,96.990,4100,96.980,1200,97.050,100,97.080,2500,97.100,100,97.140,100,97.150,2020-04-08,13:05:01,00,";
var hq_str_sh603259="药明康德,97.760,97.300,97.140,97.760,94.760,97.110,97.140,7050712,677763977.000,1900,97.110,2400,97.100,1300,97.090,100,97.070,1600,97.060,200,97.140,100,97.150,100,97.160,500,97.170,7900,97.180,2020-04-08,13:06:01,00,";
var hq_str_sh603259="药明康德,97.760,97.300,97.180,97.760,94.760,97.180,97.190,7098312,682388395.000,4100,97.180,1500,97.170,400,97.160,200,97.150,1000,97.020,300,97.190,5600,97.200,500,97.230,600,97.240,100,97.250,2020-04-08,13:06:58,00,";
var hq_str_sh603259="药明康德,97.760,97.300,97.260,97.760,94.760,97.260,97.270,7128912,685364066.000,1600,97.260,200,97.250,800,97.240,500,97.220,900,97.210,900,97.270,500,97.280,2200,97.290,7100,97.300,700,97.320,2020-04-08,13:07:58,00,";
var hq_str_sh603259="药明康德,97.760,97.300,97.380,97.760,94.760,97.380,97.390,7177712,690113250.000,3400,97.380,6800,97.370,3100,97.360,900,97.350,1600,97.340,1100,97.390,3600,97.400,200,97.440,200,97.450,3000,97.460,2020-04-08,13:08:58,00,";
var hq_str_sh603259="药明康德,97.760,97.300,97.270,97.760,94.760,97.270,97.280,7226112,694825768.000,1400,97.270,500,97.220,900,97.210,1100,97.200,6700,97.190,600,97.280,1000,97.290,900,97.300,200,97.310,200,97.330,2020-04-08,13:09:58,00,";
var hq_str_sh603259="药明康德,97.760,97.300,97.350,97.760,94.760,97.330,97.350,7246812,696840332.000,1700,97.330,300,97.320,2700,97.290,400,97.270,200,97.260,900,97.350,200,97.370,600,97.380,300,97.390,1700,97.400,2020-04-08,13:10:58,00,";
var hq_str_sh603259="药明康德,97.760,97.300,97.010,97.760,94.760,97.010,97.050,7281612,700224911.000,2400,97.010,200,97.000,100,96.990,1500,96.960,700,96.900,300,97.050,300,97.290,200,97.350,300,97.360,400,97.380,2020-04-08,13:11:58,00,";
var hq_str_sh603259="药明康德,97.760,97.300,97.070,97.760,94.760,97.070,97.080,7291712,701205371.000,100,97.070,3200,97.060,1300,97.050,600,97.030,1100,97.010,2800,97.080,100,97.110,1100,97.200,300,97.290,100,97.300,2020-04-08,13:12:58,00,";
var hq_str_sh603259="药明康德,97.760,97.300,97.150,97.760,94.760,97.120,97.200,7306612,702652493.000,3100,97.120,400,97.110,500,97.100,400,97.090,3300,97.060,200,97.200,200,97.280,200,97.290,1000,97.300,400,97.340,2020-04-08,13:13:58,00,";
var hq_str_sh603259="药明康德,97.760,97.300,97.240,97.760,94.760,97.240,97.280,7320912,704043126.000,1800,97.240,4200,97.230,2400,97.220,300,97.210,200,97.200,900,97.280,5100,97.290,1900,97.300,400,97.340,1300,97.350,2020-04-08,13:14:58,00,";
var hq_str_sh603259="药明康德,97.760,97.300,97.300,97.760,94.760,97.230,97.300,7402912,712020358.000,1600,97.230,2300,97.220,200,97.200,100,97.160,10000,97.150,16000,97.300,1400,97.340,1300,97.350,500,97.360,1600,97.380,2020-04-08,13:15:58,00,";
var hq_str_sh603259="药明康德,97.760,97.300,97.280,97.760,94.760,97.230,97.250,7439212,715551768.000,300,97.230,2500,97.220,200,97.200,100,97.160,3000,97.130,100,97.250,400,97.280,100,97.310,200,97.320,800,97.330,2020-04-08,13:16:58,00,";
var hq_str_sh603259="药明康德,97.760,97.300,97.010,97.760,94.760,97.000,97.100,7464512,718009332.000,900,97.000,300,96.990,1500,96.960,200,96.920,700,96.900,1100,97.100,500,97.160,1400,97.190,6800,97.200,800,97.230,2020-04-08,13:17:58,00,";
var hq_str_sh603259="药明康德,97.760,97.300,97.100,97.760,94.760,97.080,97.100,7492312,720707115.000,1000,97.080,1500,97.070,1200,97.000,1500,96.960,200,96.920,1600,97.100,400,97.150,3300,97.160,1400,97.190,2700,97.200,2020-04-08,13:18:58,00,";
var hq_str_sh603259="药明康德,97.760,97.300,97.000,97.760,94.760,97.000,97.010,7531312,724490359.000,800,97.000,100,96.910,1100,96.890,300,96.880,600,96.800,500,97.010,400,97.020,1000,97.100,600,97.150,200,97.160,2020-04-08,13:19:58,00,";
var hq_str_sh603259="药明康德,97.760,97.300,96.850,97.760,94.760,96.820,96.850,7556912,726971499.000,1200,96.820,100,96.800,1200,96.780,1000,96.750,800,96.730,300,96.850,400,96.900,800,96.980,100,96.990,18649,97.000,2020-04-08,13:20:58,00,";
var hq_str_sh603259="药明康德,97.760,97.300,96.750,97.760,94.760,96.750,96.790,7576612,728877880.000,1000,96.750,2600,96.740,1600,96.730,4900,96.720,100,96.710,200,96.790,500,96.800,100,96.900,200,96.970,1900,96.980,2020-04-08,13:21:58,00,";
var hq_str_sh603259="药明康德,97.760,97.300,96.750,97.760,94.760,96.750,96.760,7597412,730891476.000,1000,96.750,2600,96.740,2300,96.730,3900,96.720,100,96.710,700,96.760,100,96.780,1000,96.900,700,96.970,1800,96.980,2020-04-08,13:22:58,00,";
var hq_str_sh603259="药明康德,97.760,97.300,96.690,97.760,94.760,96.690,96.700,7618312,732912708.000,1800,96.690,1500,96.670,1700,96.660,100,96.640,2300,96.630,10900,96.700,100,96.760,100,96.900,800,96.970,1800,96.980,2020-04-08,13:23:56,00,";
var hq_str_sh603259="药明康德,97.760,97.300,96.820,97.760,94.760,96.800,96.810,7659812,736927941.000,2400,96.800,200,96.780,1400,96.730,100,96.720,1000,96.680,500,96.810,300,96.820,1200,96.840,100,96.860,100,96.890,2020-04-08,13:24:58,00,";
var hq_str_sh603259="药明康德,97.760,97.300,96.870,97.760,94.760,96.870,96.900,7674012,738303112.000,200,96.870,100,96.850,900,96.840,200,96.830,2000,96.820,200,96.900,200,96.920,400,96.940,1100,96.950,600,96.960,2020-04-08,13:25:58,00,";
var hq_str_sh603259="药明康德,97.760,97.300,96.900,97.760,94.760,96.900,96.920,7690712,739921121.000,100,96.900,2300,96.850,1500,96.820,400,96.800,400,96.750,1100,96.920,1100,96.950,600,96.960,1200,96.970,1300,96.980,2020-04-08,13:26:58,00,";
var hq_str_sh603259="药明康德,97.760,97.300,96.920,97.760,94.760,96.910,96.950,7705912,741393963.000,100,96.910,400,96.890,2500,96.870,1800,96.860,1900,96.850,1200,96.950,1900,96.960,1100,96.970,1600,96.980,1200,96.990,2020-04-08,13:27:58,00,";
var hq_str_sh603259="药明康德,97.760,97.300,96.960,97.760,94.760,96.870,96.960,7725212,743264581.000,2500,96.870,800,96.860,1900,96.850,100,96.800,200,96.780,400,96.960,700,96.970,1600,96.980,300,96.990,49600,97.000,2020-04-08,13:28:58,00,";
var hq_str_sh603259="药明康德,97.760,97.300,97.040,97.760,94.760,97.000,97.040,7796612,750190102.000,27500,97.000,2000,96.980,3200,96.970,5000,96.960,2500,96.870,400,97.040,400,97.090,300,97.100,300,97.110,200,97.140,2020-04-08,13:29:58,00,";
var hq_str_sh603259="药明康德,97.760,97.300,96.620,97.760,94.760,96.620,96.750,7852412,755598440.000,100,96.620,19100,96.610,1000,96.600,2000,96.590,4600,96.570,600,96.750,600,96.840,200,96.890,100,96.900,1500,96.980,2020-04-08,13:30:58,00,";
var hq_str_sh603259="药明康德,97.760,97.300,96.680,97.760,94.760,96.660,96.710,7863312,756652202.000,10800,96.660,1200,96.630,2200,96.620,20300,96.610,1000,96.600,200,96.710,200,96.750,100,96.810,200,96.890,100,96.900,2020-04-08,13:31:58,00,";
var hq_str_sh603259="药明康德,97.760,97.300,96.890,97.760,94.760,96.740,96.890,7868312,757135808.000,800,96.740,100,96.730,2500,96.720,2100,96.710,1600,96.700,200,96.890,100,96.900,100,96.960,1000,96.970,1600,96.980,2020-04-08,13:32:58,00,";
var hq_str_sh603259="药明康德,97.760,97.300,96.890,97.760,94.760,96.880,96.890,7882012,758462936.000,500,96.880,4700,96.870,300,96.860,200,96.750,100,96.740,349,96.890,100,96.900,600,96.940,600,96.960,1100,96.980,2020-04-08,13:33:58,00,";
var hq_str_sh603259="药明康德,97.760,97.300,96.950,97.760,94.760,96.950,96.960,7892061,759436854.000,2700,96.950,900,96.940,1051,96.900,500,96.890,5400,96.880,300,96.960,3400,96.980,10500,96.990,4100,97.000,100,97.030,2020-04-08,13:34:58,00,";
var hq_str_sh603259="药明康德,97.760,97.300,97.000,97.760,94.760,97.000,97.030,7935361,763636441.000,1500,97.000,2100,96.990,500,96.980,1900,96.970,100,96.960,100,97.030,100,97.050,3500,97.080,400,97.100,400,97.110,2020-04-08,13:35:58,00,";
var hq_str_sh603259="药明康德,97.760,97.300,97.000,97.760,94.760,96.980,97.000,7986961,768641316.000,400,96.980,400,96.960,3800,96.950,3100,96.900,800,96.890,5000,97.000,100,97.040,100,97.050,2000,97.060,3500,97.080,2020-04-08,13:36:58,00,";
var hq_str_sh603259="药明康德,97.760,97.300,97.040,97.760,94.760,97.000,97.040,8008161,770697644.000,700,97.000,1100,96.990,300,96.960,2300,96.950,2700,96.900,100,97.040,600,97.050,2000,97.060,3500,97.080,400,97.100,2020-04-08,13:37:58,00,";
var hq_str_sh603259="药明康德,97.760,97.300,97.030,97.760,94.760,97.060,97.070,8025561,772386126.000,100,97.060,100,97.030,2500,97.000,2300,96.990,300,96.960,700,97.070,2900,97.080,1200,97.100,400,97.110,900,97.130,2020-04-08,13:38:58,00,";
var hq_str_sh603259="药明康德,97.760,97.300,96.990,97.760,94.760,96.990,97.000,8047061,774472376.000,900,96.990,200,96.980,400,96.960,2300,96.950,2700,96.880,17600,97.000,300,97.010,200,97.040,7800,97.050,200,97.080,2020-04-08,13:39:58,00,";
var hq_str_sh603259="药明康德,97.760,97.300,97.060,97.760,94.760,97.050,97.060,8097761,779390519.000,5000,97.050,100,96.980,1100,96.970,2200,96.950,2700,96.880,500,97.060,800,97.080,500,97.090,2300,97.100,400,97.110,2020-04-08,13:40:58,00,";
var hq_str_sh603259="药明康德,97.760,97.300,97.050,97.760,94.760,97.020,97.060,8114261,780991558.000,1900,97.020,1700,97.010,1800,96.970,2200,96.950,2800,96.880,1000,97.060,2400,97.070,2800,97.080,1000,97.090,2400,97.100,2020-04-08,13:41:58,00,";
var hq_str_sh603259="药明康德,97.760,97.300,97.070,97.760,94.760,97.010,97.070,8143961,783874639.000,1900,97.010,200,97.000,400,96.970,2200,96.950,2800,96.880,300,97.070,300,97.090,2100,97.100,400,97.110,200,97.140,2020-04-08,13:42:58,00,";
var hq_str_sh603259="药明康德,97.760,97.300,97.200,97.760,94.760,97.180,97.200,8155961,785040326.000,200,97.180,1300,97.170,2100,97.160,1600,97.150,400,97.140,19500,97.200,800,97.220,1000,97.230,200,97.240,200,97.250,2020-04-08,13:43:58,00,";
var hq_str_sh603259="药明康德,97.760,97.300,97.170,97.760,94.760,97.170,97.180,8234661,792689702.000,3200,97.170,900,97.150,1900,97.120,300,97.100,300,97.080,1300,97.180,7059,97.200,1000,97.210,800,97.220,1000,97.230,2020-04-08,13:44:58,00,";
var hq_str_sh603259="药明康德,97.760,97.300,97.190,97.760,94.760,97.150,97.190,8271161,796237329.000,1700,97.150,1900,97.120,300,97.100,300,97.080,1900,97.010,600,97.190,100,97.200,559,97.220,500,97.230,900,97.240,2020-04-08,13:45:58,00,";
var hq_str_sh603259="药明康德,97.760,97.300,97.020,97.760,94.760,97.010,97.060,8283061,797393180.000,2500,97.010,200,97.000,2200,96.950,2700,96.880,2000,96.870,500,97.060,1500,97.100,200,97.130,100,97.140,300,97.150,2020-04-08,13:46:58,00,";
var hq_str_sh603259="药明康德,97.760,97.300,97.160,97.760,94.760,97.140,97.150,8292061,798266746.000,500,97.140,200,97.130,400,97.070,100,97.060,1800,97.050,300,97.150,200,97.160,600,97.170,500,97.190,2400,97.200,2020-04-08,13:47:58,00,";
var hq_str_sh603259="药明康德,97.760,97.300,97.190,97.760,94.760,97.100,97.150,8306161,799636534.000,1300,97.100,2000,97.090,2500,97.080,600,97.070,1800,97.050,500,97.150,1800,97.190,3000,97.200,2000,97.210,859,97.220,2020-04-08,13:48:58,00,";
var hq_str_sh603259="药明康德,97.760,97.300,97.240,97.760,94.760,97.240,97.250,8329420,801896981.000,41,97.240,3600,97.210,2300,97.200,1400,97.190,3400,97.160,400,97.250,2300,97.260,500,97.270,1000,97.280,3400,97.290,2020-04-08,13:49:58,00,";
var hq_str_sh603259="药明康德,97.760,97.300,97.280,97.760,94.760,97.280,97.290,8344920,803404514.000,1300,97.280,4400,97.270,4000,97.250,100,97.240,900,97.230,2400,97.290,12300,97.300,100,97.310,600,97.320,1100,97.330,2020-04-08,13:50:58,00,";
var hq_str_sh603259="药明康德,97.760,97.300,97.370,97.760,94.760,97.360,97.370,8376320,806460250.000,2700,97.360,6400,97.350,2900,97.340,1000,97.330,1600,97.310,600,97.370,6600,97.380,3500,97.390,7800,97.400,300,97.410,2020-04-08,13:51:58,00,";
var hq_str_sh603259="药明康德,97.760,97.300,97.420,97.760,94.760,97.400,97.420,8425620,811261826.000,1600,97.400,1100,97.390,100,97.380,19700,97.370,2300,97.360,1500,97.420,200,97.430,500,97.440,600,97.450,2300,97.460,2020-04-08,13:52:58,00,";
var hq_str_sh603259="药明康德,97.760,97.300,97.250,97.760,94.760,97.250,97.260,8488920,817423572.000,1300,97.250,3600,97.220,1641,97.210,1000,97.200,2400,97.160,1100,97.260,400,97.270,200,97.280,1700,97.290,2800,97.300,2020-04-08,13:53:58,00,";
var hq_str_sh603259="药明康德,97.760,97.300,97.180,97.760,94.760,97.160,97.180,8509661,819440039.000,2400,97.160,900,97.120,3100,97.100,2000,97.090,2400,97.080,300,97.180,1100,97.200,300,97.210,3800,97.220,3100,97.230,2020-04-08,13:55:01,00,";
var hq_str_sh603259="药明康德,97.760,97.300,97.180,97.760,94.760,97.170,97.180,8519861,820431249.000,1300,97.170,2500,97.160,900,97.120,4100,97.100,2000,97.090,4000,97.180,200,97.190,2100,97.200,400,97.210,3600,97.220,2020-04-08,13:56:01,00,";
var hq_str_sh603259="药明康德,97.760,97.300,97.120,97.760,94.760,97.120,97.130,8533261,821733142.000,600,97.120,1000,97.110,4100,97.100,2000,97.090,2400,97.080,300,97.130,200,97.150,4600,97.160,300,97.170,1800,97.180,2020-04-08,13:56:58,00,";
var hq_str_sh603259="药明康德,97.760,97.300,97.130,97.760,94.760,97.130,97.140,8541061,822490667.000,1600,97.130,3300,97.120,1600,97.110,1900,97.100,2100,97.090,400,97.140,3800,97.150,4300,97.160,1000,97.180,2100,97.200,2020-04-08,13:57:58,00,";
var hq_str_sh603259="药明康德,97.760,97.300,97.160,97.760,94.760,97.150,97.160,8553561,823704985.000,2200,97.150,2400,97.140,2100,97.130,1000,97.120,1300,97.110,3100,97.160,1000,97.180,2100,97.200,100,97.210,3300,97.220,2020-04-08,13:58:58,00,";
var hq_str_sh603259="药明康德,97.760,97.300,97.280,97.760,94.760,97.230,97.260,8575861,825872726.000,3700,97.230,2000,97.220,4300,97.210,13100,97.200,1900,97.150,300,97.260,500,97.290,4700,97.300,100,97.330,2000,97.350,2020-04-08,13:59:58,00,";
var hq_str_sh603259="药明康德,97.760,97.300,97.210,97.760,94.760,97.200,97.220,8604861,828692927.000,13100,97.200,100,97.160,300,97.140,400,97.130,100,97.120,1300,97.220,800,97.230,2100,97.240,2300,97.250,200,97.270,2020-04-08,14:00:58,00,";
var hq_str_sh603259="药明康德,97.760,97.300,96.970,97.760,94.760,96.970,97.030,8665661,834593253.000,400,96.970,100,96.920,2500,96.900,100,96.880,1800,96.870,4400,97.030,100,97.080,300,97.110,100,97.140,200,97.180,2020-04-08,14:01:58,00,";
var hq_str_sh603259="药明康德,97.760,97.300,96.800,97.760,94.760,96.770,96.800,8707961,838692518.000,1900,96.770,100,96.750,100,96.740,1000,96.710,1400,96.700,100,96.800,300,96.890,1400,96.900,200,96.920,100,96.970,2020-04-08,14:02:58,00,";
var hq_str_sh603259="药明康德,97.760,97.300,97.000,97.760,94.760,97.000,97.010,8735161,841329119.000,3200,97.000,100,96.860,100,96.850,2400,96.840,2900,96.830,100,97.010,2100,97.030,300,97.100,100,97.140,100,97.180,2020-04-08,14:03:58,00,";
var hq_str_sh603259="药明康德,97.760,97.300,96.950,97.760,94.760,96.940,96.950,8760761,843811834.000,1500,96.940,2300,96.930,2900,96.900,2000,96.860,2400,96.850,1500,96.950,1100,96.960,100,96.990,15600,97.000,500,97.030,2020-04-08,14:04:58,00,";
var hq_str_sh603259="药明康德,97.760,97.300,96.820,97.760,94.760,96.820,96.850,8792661,846902146.000,500,96.820,1700,96.810,3900,96.800,100,96.790,1500,96.780,100,96.850,1400,96.860,200,96.880,100,96.890,11200,96.900,2020-04-08,14:05:58,00,";
var hq_str_sh603259="药明康德,97.760,97.300,96.720,97.760,94.760,96.720,96.730,8815961,849156798.000,800,96.720,20800,96.710,11700,96.700,100,96.690,3100,96.680,2100,96.730,5100,96.800,300,96.810,1100,96.820,1300,96.860,2020-04-08,14:06:58,00,";
var hq_str_sh603259="药明康德,97.760,97.300,96.620,97.760,94.760,96.620,96.630,8865461,853943535.000,3300,96.620,1300,96.610,200,96.600,400,96.590,200,96.580,500,96.630,100,96.670,4100,96.690,200,96.700,200,96.710,2020-04-08,14:07:58,00,";
var hq_str_sh603259="药明康德,97.760,97.300,96.610,97.760,94.760,96.610,96.660,8890261,856339973.000,1500,96.610,300,96.600,2000,96.590,200,96.580,200,96.530,200,96.660,200,96.700,500,96.720,5100,96.800,300,96.810,2020-04-08,14:08:58,00,";
var hq_str_sh603259="药明康德,97.760,97.300,96.770,97.760,94.760,96.750,96.780,8915001,858732202.000,8300,96.750,1900,96.720,2800,96.710,17100,96.700,2800,96.690,200,96.780,5100,96.800,300,96.810,1100,96.820,11200,96.900,2020-04-08,14:09:58,00,";
var hq_str_sh603259="药明康德,97.760,97.300,96.770,97.760,94.760,96.770,96.780,8941901,861335710.000,1400,96.770,4700,96.760,8300,96.750,1900,96.720,2800,96.710,820,96.780,300,96.810,1100,96.820,300,96.890,11200,96.900,2020-04-08,14:10:58,00,";
var hq_str_sh603259="药明康德,97.760,97.300,96.740,97.760,94.760,96.740,96.750,8969801,864035077.000,1700,96.740,700,96.730,3400,96.720,2900,96.710,17100,96.700,5600,96.750,100,96.760,2720,96.780,300,96.810,1100,96.820,2020-04-08,14:11:58,00,";
var hq_str_sh603259="药明康德,97.760,97.300,96.480,97.760,94.760,96.430,96.510,9022961,869174624.000,100,96.430,100,96.400,100,96.380,500,96.360,100,96.330,100,96.510,1900,96.520,300,96.530,4100,96.590,1100,96.600,2020-04-08,14:13:01,00,";
var hq_str_sh603259="药明康德,97.760,97.300,96.380,97.760,94.760,96.380,96.400,9038661,870687498.000,800,96.380,3200,96.370,2100,96.360,1000,96.340,1500,96.330,500,96.400,800,96.410,400,96.430,3100,96.500,2100,96.520,2020-04-08,14:13:58,00,";
var hq_str_sh603259="药明康德,97.760,97.300,96.370,97.760,94.760,96.370,96.380,9058461,872595637.000,1100,96.370,2500,96.360,400,96.350,800,96.340,1600,96.330,600,96.380,300,96.390,500,96.400,800,96.410,400,96.430,2020-04-08,14:14:58,00,";
var hq_str_sh603259="药明康德,97.760,97.300,96.380,97.760,94.760,96.370,96.380,9080861,874754690.000,2000,96.370,2700,96.360,700,96.350,1300,96.340,1600,96.330,500,96.380,3600,96.390,600,96.410,500,96.430,100,96.450,2020-04-08,14:15:58,00,";
var hq_str_sh603259="药明康德,97.760,97.300,96.430,97.760,94.760,96.430,96.440,9102961,876885068.000,700,96.430,1900,96.410,2100,96.400,2800,96.390,1400,96.380,300,96.440,300,96.450,100,96.490,3100,96.500,2100,96.520,2020-04-08,14:17:01,00,";
var hq_str_sh603259="药明康德,97.760,97.300,96.430,97.760,94.760,96.410,96.430,9128561,879354249.000,1400,96.410,900,96.400,2200,96.390,300,96.380,3000,96.370,200,96.430,800,96.440,6100,96.460,300,96.490,2100,96.500,2020-04-08,14:17:58,00,";
var hq_str_sh603259="药明康德,97.760,97.300,96.310,97.760,94.760,96.310,96.320,9152161,881628618.000,1400,96.310,1500,96.300,200,96.270,100,96.260,300,96.250,600,96.320,400,96.330,2500,96.360,1000,96.370,600,96.400,2020-04-08,14:18:58,00,";
var hq_str_sh603259="药明康德,97.760,97.300,96.300,97.760,94.760,96.290,96.300,9168161,883169513.000,400,96.290,1100,96.270,100,96.260,300,96.250,100,96.240,440,96.300,500,96.310,600,96.320,700,96.330,400,96.360,2020-04-08,14:19:58,00,";
var hq_str_sh603259="药明康德,97.760,97.300,96.320,97.760,94.760,96.230,96.330,9213541,887536131.000,1300,96.230,1000,96.200,2400,96.190,2500,96.180,3800,96.170,700,96.330,400,96.360,900,96.370,100,96.390,300,96.450,2020-04-08,14:20:58,00,";
var hq_str_sh603259="药明康德,97.760,97.300,96.250,97.760,94.760,96.250,96.270,9245841,890644016.000,1500,96.250,100,96.240,200,96.230,300,96.200,900,96.190,400,96.270,500,96.320,700,96.330,900,96.370,900,96.400,2020-04-08,14:21:58,00,";
var hq_str_sh603259="药明康德,97.760,97.300,96.400,97.760,94.760,96.390,96.450,9253341,891366531.000,100,96.390,300,96.380,1500,96.370,3200,96.360,3400,96.350,300,96.450,6100,96.460,300,96.490,2200,96.500,200,96.520,2020-04-08,14:22:58,00,";
var hq_str_sh603259="药明康德,97.760,97.300,96.520,97.760,94.760,96.500,96.520,9269441,892919767.000,6400,96.500,3300,96.490,5200,96.480,400,96.470,5100,96.460,400,96.520,300,96.530,100,96.580,500,96.590,200,96.620,2020-04-08,14:23:58,00,";
var hq_str_sh603259="药明康德,97.760,97.300,96.660,97.760,94.760,96.590,96.660,9280041,893943326.000,100,96.590,6700,96.580,7000,96.570,200,96.550,5200,96.540,540,96.660,300,96.670,200,96.680,100,96.690,10900,96.700,2020-04-08,14:24:58,00,";
var hq_str_sh603259="药明康德,97.760,97.300,96.620,97.760,94.760,96.620,96.640,9309941,896833403.000,6400,96.620,100,96.610,6100,96.590,4200,96.580,4700,96.570,2800,96.640,200,96.650,3300,96.680,200,96.690,9500,96.700,2020-04-08,14:25:58,00,";
var hq_str_sh603259="药明康德,97.760,97.300,96.550,97.760,94.760,96.550,96.560,9351241,900823085.000,24100,96.550,400,96.540,2700,96.530,300,96.520,400,96.510,300,96.560,400,96.580,1300,96.590,500,96.600,100,96.610,2020-04-08,14:26:58,00,";
var hq_str_sh603259="药明康德,97.760,97.300,96.180,97.760,94.760,96.180,96.230,9442641,909634746.000,9100,96.180,1400,96.160,2200,96.150,1600,96.120,200,96.110,600,96.230,3000,96.240,100,96.260,300,96.270,400,96.280,2020-04-08,14:27:58,00,";
var hq_str_sh603259="药明康德,97.760,97.300,96.180,97.760,94.760,96.180,96.200,9473141,912568793.000,3800,96.180,1200,96.170,1400,96.160,2300,96.150,22900,96.120,300,96.200,406,96.230,300,96.270,900,96.330,100,96.460,2020-04-08,14:28:58,00,";
var hq_str_sh603259="药明康德,97.760,97.300,96.200,97.760,94.760,96.170,96.180,9494141,914588465.000,200,96.170,2100,96.150,1400,96.130,22900,96.120,200,96.110,300,96.180,1100,96.190,500,96.200,3600,96.210,300,96.230,2020-04-08,14:29:58,00,";
var hq_str_sh603259="药明康德,97.760,97.300,96.010,97.760,94.760,96.010,96.020,9541041,919095687.000,1800,96.010,8500,96.000,100,95.990,400,95.980,100,95.960,900,96.020,6,96.030,600,96.050,100,96.070,100,96.080,2020-04-08,14:30:58,00,";
var hq_str_sh603259="药明康德,97.760,97.300,95.980,97.760,94.760,95.940,95.950,9573441,922205105.000,400,95.940,400,95.910,200,95.900,400,95.890,300,95.880,300,95.950,900,95.980,100,95.990,13800,96.000,600,96.010,2020-04-08,14:31:58,00,";
var hq_str_sh603259="药明康德,97.760,97.300,96.100,97.760,94.760,96.070,96.130,9614141,926111831.000,100,96.070,1100,96.040,2300,96.030,900,96.020,1000,96.010,700,96.130,1100,96.190,1400,96.200,3600,96.210,300,96.230,2020-04-08,14:32:58,00,";
var hq_str_sh603259="药明康德,97.760,97.300,96.140,97.760,94.760,96.140,96.180,9654741,930014195.000,1900,96.140,700,96.130,1500,96.100,500,96.090,2800,96.070,300,96.180,3500,96.210,300,96.230,300,96.270,200,96.300,2020-04-08,14:33:58,00,";
var hq_str_sh603259="药明康德,97.760,97.300,96.070,97.760,94.760,96.060,96.070,9680641,932503819.000,400,96.060,500,96.050,900,96.040,2700,96.030,600,96.020,300,96.070,400,96.080,800,96.090,100,96.100,100,96.110,2020-04-08,14:34:58,00,";
var hq_str_sh603259="药明康德,97.760,97.300,95.950,97.760,94.760,95.950,95.960,9700541,934414435.000,400,95.950,2800,95.920,100,95.910,11900,95.900,200,95.890,600,95.960,400,95.980,1100,95.990,8200,96.000,500,96.030,2020-04-08,14:35:58,00,";
var hq_str_sh603259="药明康德,97.760,97.300,95.810,97.760,94.760,95.800,95.810,9776741,941717876.000,5500,95.800,400,95.780,6500,95.770,2200,95.760,300,95.750,1900,95.810,3500,95.870,400,95.880,100,95.900,600,95.960,2020-04-08,14:36:58,00,";
var hq_str_sh603259="药明康德,97.760,97.300,95.840,97.760,94.760,95.830,95.890,9820941,945953625.000,700,95.830,1500,95.810,6500,95.800,100,95.790,1400,95.780,600,95.890,500,95.960,1000,95.990,7500,96.000,700,96.040,2020-04-08,14:37:58,00,";
var hq_str_sh603259="药明康德,97.760,97.300,96.000,97.760,94.760,95.990,96.000,9831741,946990092.000,1000,95.990,1100,95.980,700,95.970,2100,95.960,1800,95.950,4600,96.000,100,96.090,1000,96.130,100,96.150,200,96.160,2020-04-08,14:38:58,00,";
var hq_str_sh603259="药明康德,97.760,97.300,96.110,97.760,94.760,96.110,96.120,9870941,950753931.000,1800,96.110,100,96.050,300,96.030,6900,96.000,2100,95.990,100,96.120,1000,96.130,100,96.150,200,96.160,300,96.170,2020-04-08,14:39:58,00,";
var hq_str_sh603259="药明康德,97.760,97.300,96.250,97.760,94.760,96.250,96.270,9881341,951753962.000,900,96.250,400,96.240,300,96.230,2300,96.210,2000,96.180,500,96.270,600,96.300,600,96.330,1900,96.350,100,96.460,2020-04-08,14:40:58,00,";
var hq_str_sh603259="药明康德,97.760,97.300,96.130,97.760,94.760,96.140,96.150,9898041,953360764.000,100,96.140,1400,96.130,1600,96.120,1000,96.110,200,96.100,1200,96.150,500,96.200,2600,96.210,100,96.250,100,96.300,2020-04-08,14:41:58,00,";
var hq_str_sh603259="药明康德,97.760,97.300,96.230,97.760,94.760,96.240,96.250,9915541,955042783.000,100,96.240,1900,96.200,1000,96.150,1700,96.140,2800,96.120,300,96.250,600,96.300,100,96.320,700,96.330,1900,96.350,2020-04-08,14:42:58,00,";
var hq_str_sh603259="药明康德,97.760,97.300,96.220,97.760,94.760,96.210,96.220,9934670,956883522.000,2960,96.210,811,96.200,100,96.190,100,96.170,1500,96.150,800,96.220,900,96.240,100,96.250,300,96.300,5700,96.330,2020-04-08,14:43:58,00,";
var hq_str_sh603259="药明康德,97.760,97.300,96.100,97.760,94.760,96.090,96.100,9963830,959687983.000,2300,96.090,100,96.060,200,96.020,300,96.010,1700,96.000,5600,96.100,1200,96.190,1900,96.200,240,96.220,140,96.230,2020-04-08,14:44:58,00,";
var hq_str_sh603259="药明康德,97.760,97.300,96.010,97.760,94.760,96.010,96.020,9991430,962339871.000,3900,96.010,1900,96.000,1600,95.990,900,95.980,100,95.970,900,96.020,500,96.040,636,96.080,300,96.090,300,96.100,2020-04-08,14:45:58,00,";
var hq_str_sh603259="药明康德,97.760,97.300,96.080,97.760,94.760,96.010,96.070,10019466,965031964.000,2000,96.010,7400,96.000,1700,95.990,1000,95.980,100,95.970,100,96.070,71,96.090,300,96.100,2300,96.140,100,96.180,2020-04-08,14:47:01,00,";
var hq_str_sh603259="药明康德,97.760,97.300,96.160,97.760,94.760,96.150,96.160,10072466,970132888.000,700,96.150,900,96.140,100,96.120,200,96.110,2000,96.100,300,96.160,2200,96.190,7271,96.300,400,96.310,400,96.320,2020-04-08,14:47:58,00,";
var hq_str_sh603259="药明康德,97.760,97.300,96.180,97.760,94.760,96.180,96.190,10132466,975904223.000,3200,96.180,100,96.170,100,96.160,2900,96.150,600,96.140,1300,96.190,5573,96.200,800,96.210,800,96.280,2300,96.290,2020-04-08,14:48:58,00,";
var hq_str_sh603259="药明康德,97.760,97.300,96.310,97.760,94.760,96.300,96.310,10210159,983385198.000,2900,96.300,500,96.230,100,96.220,2080,96.210,200,96.200,6100,96.310,100,96.460,100,96.480,4100,96.500,1000,96.590,2020-04-08,14:49:58,00,";
var hq_str_sh603259="药明康德,97.760,97.300,96.390,97.760,94.760,96.380,96.390,10236359,985909869.000,300,96.380,200,96.360,600,96.350,1600,96.340,2500,96.330,500,96.390,400,96.400,300,96.410,4600,96.420,900,96.480,2020-04-08,14:50:58,00,";
var hq_str_sh603259="药明康德,97.760,97.300,96.150,97.760,94.760,96.140,96.160,10263459,988519576.000,700,96.140,800,96.120,1000,96.110,900,96.100,300,96.090,3789,96.160,900,96.180,100,96.190,5300,96.260,1600,96.270,2020-04-08,14:51:58,00,";
var hq_str_sh603259="药明康德,97.760,97.300,96.180,97.760,94.760,96.160,96.180,10289548,991028165.000,700,96.160,200,96.150,5900,96.120,1000,96.110,500,96.100,100,96.180,5700,96.240,800,96.250,5300,96.260,3100,96.300,2020-04-08,14:52:58,00,";
var hq_str_sh603259="药明康德,97.760,97.300,96.420,97.760,94.760,96.400,96.420,10317848,993752839.000,100,96.400,1400,96.380,1000,96.330,500,96.300,3000,96.290,3800,96.420,400,96.450,5000,96.470,900,96.480,600,96.490,2020-04-08,14:53:58,00,";
var hq_str_sh603259="药明康德,97.760,97.300,96.390,97.760,94.760,96.380,96.390,10344954,996365943.000,1200,96.380,1000,96.360,100,96.310,3900,96.300,3000,96.290,900,96.390,5000,96.400,1400,96.420,500,96.430,400,96.450,2020-04-08,14:55:01,00,";
var hq_str_sh603259="药明康德,97.760,97.300,96.340,97.760,94.760,96.340,96.360,10363954,998196702.000,200,96.340,1000,96.300,800,96.290,700,96.280,2200,96.270,100,96.360,1735,96.370,4100,96.380,2600,96.390,8900,96.400,2020-04-08,14:55:58,00,";
var hq_str_sh603259="药明康德,97.760,97.300,96.360,97.760,94.760,96.350,96.360,10377659,999517146.000,100,96.350,800,96.340,700,96.300,700,96.290,700,96.280,3600,96.360,1235,96.370,6700,96.380,2100,96.390,8800,96.400,2020-04-08,14:56:58,00,";
var hq_str_sh603259="药明康德,97.760,97.300,96.350,97.760,94.760,96.670,96.670,10377759,999526781.000,78635,96.670,3865,0.000,0,0.000,0,0.000,0,0.000,78635,96.670,0,0.000,0,0.000,0,0.000,0,0.000,2020-04-08,14:57:57,00,";
var hq_str_sh603259="药明康德,97.760,97.300,96.350,97.760,94.760,96.860,96.860,10377759,999526781.000,125535,96.860,4265,0.000,0,0.000,0,0.000,0,0.000,125535,96.860,0,0.000,0,0.000,0,0.000,0,0.000,2020-04-08,14:58:58,00,";
