var hq_str_sh603259="药明康德,93.870,94.060,93.870,93.870,93.870,93.700,93.870,50600,4749822.000,700,93.700,100,93.550,300,93.520,400,93.510,1000,93.500,1500,93.870,6100,93.880,200,93.890,12600,93.900,200,93.920,2020-04-03,09:29:50,00,";
var hq_str_sh603259="药明康德,93.870,94.060,94.500,94.560,93.500,94.500,94.550,200750,18856708.000,500,94.500,5300,94.490,600,94.470,200,94.370,300,94.210,100,94.550,200,94.560,100,94.590,200,94.680,500,94.700,2020-04-03,09:30:58,00,";
var hq_str_sh603259="药明康德,93.870,94.060,94.390,94.680,93.500,94.390,94.400,275250,25875773.000,1400,94.390,100,94.200,300,94.150,200,94.120,1200,94.100,500,94.400,200,94.430,100,94.440,900,94.450,600,94.460,2020-04-03,09:31:58,00,";
var hq_str_sh603259="药明康德,93.870,94.060,94.210,94.680,93.500,94.210,94.230,353150,33215962.000,2600,94.210,100,94.200,900,94.180,100,94.100,7500,94.060,1100,94.230,600,94.240,300,94.250,5800,94.390,100,94.420,2020-04-03,09:32:58,00,";
var hq_str_sh603259="药明康德,93.870,94.060,94.490,94.680,93.500,94.460,94.490,403550,37967343.000,300,94.460,1500,94.400,100,94.380,200,94.270,100,94.240,1500,94.490,2800,94.500,1000,94.530,100,94.550,100,94.580,2020-04-03,09:33:58,00,";
var hq_str_sh603259="药明康德,93.870,94.060,95.130,95.200,93.500,95.130,95.200,521950,49190649.000,200,95.130,1000,95.100,200,95.070,1800,95.060,300,95.050,2500,95.200,600,95.210,100,95.240,100,95.250,300,95.270,2020-04-03,09:34:58,00,";
var hq_str_sh603259="药明康德,93.870,94.060,95.390,95.420,93.500,95.250,95.280,654150,61780391.000,100,95.250,100,95.220,28600,95.210,4000,95.200,500,95.160,100,95.280,100,95.330,2500,95.390,16200,95.400,800,95.410,2020-04-03,09:35:58,00,";
var hq_str_sh603259="药明康德,93.870,94.060,94.910,95.420,93.500,94.780,94.800,845050,79914900.000,400,94.780,1400,94.650,3000,94.560,2700,94.550,1000,94.540,5000,94.800,17800,94.910,9900,95.000,600,95.010,300,95.080,2020-04-03,09:36:58,00,";
var hq_str_sh603259="药明康德,93.870,94.060,95.060,95.420,93.500,95.050,95.060,960450,90875657.000,1800,95.050,7300,95.040,1400,95.000,500,94.990,200,94.980,300,95.060,7600,95.080,19900,95.100,1200,95.110,2100,95.150,2020-04-03,09:37:58,00,";
var hq_str_sh603259="药明康德,93.870,94.060,94.710,95.420,93.500,94.690,94.710,1032550,97717766.000,100,94.690,300,94.670,200,94.660,200,94.650,200,94.610,600,94.710,1801,94.780,800,94.800,300,94.810,200,94.840,2020-04-03,09:38:58,00,";
var hq_str_sh603259="药明康德,93.870,94.060,94.830,95.420,93.500,94.800,94.810,1077951,102023007.000,1600,94.800,300,94.790,13699,94.780,2000,94.750,500,94.710,100,94.810,200,94.830,200,94.840,4700,94.950,700,94.990,2020-04-03,09:39:58,00,";
var hq_str_sh603259="药明康德,93.870,94.060,94.500,95.420,93.500,94.500,94.510,1164664,110228913.000,986,94.500,500,94.490,2200,94.460,200,94.450,100,94.410,300,94.510,100,94.520,500,94.530,3600,94.560,200,94.590,2020-04-03,09:40:58,00,";
var hq_str_sh603259="药明康德,93.870,94.060,94.250,95.420,93.500,94.250,94.400,1279650,121077562.000,700,94.250,1200,94.200,100,94.180,700,94.170,100,94.150,4500,94.400,100,94.430,200,94.450,1900,94.500,200,94.590,2020-04-03,09:41:58,00,";
var hq_str_sh603259="药明康德,93.870,94.060,94.410,95.420,93.500,94.450,94.480,1318150,124707894.000,400,94.450,600,94.410,13100,94.400,800,94.350,100,94.310,300,94.480,1800,94.500,100,94.520,200,94.670,300,94.680,2020-04-03,09:42:58,00,";
var hq_str_sh603259="药明康德,93.870,94.060,94.450,95.420,93.500,94.440,94.450,1339750,126748705.000,600,94.440,5200,94.430,400,94.420,2200,94.410,15000,94.400,4600,94.450,600,94.500,400,94.510,700,94.520,200,94.530,2020-04-03,09:43:58,00,";
var hq_str_sh603259="药明康德,93.870,94.060,94.400,95.420,93.500,94.330,94.400,1429750,135238751.000,1200,94.330,200,94.220,2000,94.200,1200,94.190,300,94.180,3000,94.400,400,94.410,700,94.420,10000,94.430,2600,94.440,2020-04-03,09:44:58,00,";
var hq_str_sh603259="药明康德,93.870,94.060,93.900,95.420,93.500,93.850,93.900,1528150,144485877.000,200,93.850,200,93.840,300,93.830,1500,93.820,1100,93.810,400,93.900,100,93.940,300,93.980,1500,93.990,400,94.000,2020-04-03,09:45:58,00,";
var hq_str_sh603259="药明康德,93.870,94.060,94.000,95.420,93.500,94.000,94.030,1570350,148452033.000,900,94.000,2700,93.990,3400,93.980,2300,93.950,1500,93.940,5100,94.030,700,94.090,1600,94.120,200,94.160,200,94.190,2020-04-03,09:46:58,00,";
var hq_str_sh603259="药明康德,93.870,94.060,94.160,95.420,93.500,94.160,94.170,1602150,151445207.000,100,94.160,4500,94.130,2800,94.120,100,94.110,1000,94.090,100,94.170,400,94.180,400,94.250,300,94.300,900,94.340,2020-04-03,09:47:58,00,";
var hq_str_sh603259="药明康德,93.870,94.060,94.170,95.420,93.500,94.080,94.170,1678850,158662816.000,200,94.080,3400,94.000,200,93.970,700,93.960,300,93.950,2500,94.170,6800,94.200,22100,94.220,100,94.230,5000,94.300,2020-04-03,09:48:58,00,";
var hq_str_sh603259="药明康德,93.870,94.060,93.890,95.420,93.500,93.800,93.890,1807450,170741492.000,1200,93.800,200,93.730,200,93.720,300,93.710,2200,93.700,100,93.890,24700,93.900,100,93.910,500,93.920,2000,94.000,2020-04-03,09:49:58,00,";
var hq_str_sh603259="药明康德,93.870,94.060,93.670,95.420,93.500,93.670,93.700,1864650,176106438.000,700,93.670,900,93.610,2500,93.600,200,93.580,100,93.560,1400,93.700,400,93.710,1600,93.720,100,93.730,800,93.800,2020-04-03,09:51:01,00,";
var hq_str_sh603259="药明康德,93.870,94.060,93.730,95.420,93.500,93.700,93.730,1908850,180249785.000,2700,93.700,2900,93.680,200,93.640,10300,93.630,400,93.610,400,93.730,3100,93.800,100,93.890,700,93.900,100,93.910,2020-04-03,09:51:58,00,";
var hq_str_sh603259="药明康德,93.870,94.060,94.130,95.420,93.500,94.130,94.170,1935450,182747275.000,300,94.130,100,94.070,1500,94.060,200,94.030,600,94.010,1000,94.170,2200,94.180,100,94.190,3700,94.200,22100,94.220,2020-04-03,09:52:58,00,";
var hq_str_sh603259="药明康德,93.870,94.060,93.920,95.420,93.500,93.920,93.950,1988450,187725578.000,2500,93.920,1000,93.860,1400,93.800,300,93.780,800,93.770,700,93.950,100,94.000,1300,94.020,2000,94.030,700,94.090,2020-04-03,09:53:58,00,";
var hq_str_sh603259="药明康德,93.870,94.060,94.000,95.420,93.500,93.860,93.990,2033050,191914785.000,300,93.860,400,93.820,100,93.800,1100,93.770,700,93.760,100,93.990,200,94.000,500,94.010,1600,94.020,2000,94.030,2020-04-03,09:54:58,00,";
var hq_str_sh603259="药明康德,93.870,94.060,94.090,95.420,93.500,94.060,94.090,2103850,198569347.000,800,94.060,2400,94.000,200,93.980,300,93.950,200,93.940,1100,94.090,100,94.100,400,94.120,100,94.130,1100,94.170,2020-04-03,09:55:58,00,";
var hq_str_sh603259="药明康德,93.870,94.060,94.120,95.420,93.500,93.950,94.110,2133550,201362953.000,400,93.950,1100,93.910,4500,93.900,200,93.870,600,93.860,300,94.110,700,94.120,1200,94.130,1500,94.150,5000,94.160,2020-04-03,09:56:58,00,";
var hq_str_sh603259="药明康德,93.870,94.060,94.310,95.420,93.500,94.220,94.340,2196250,207268717.000,100,94.220,700,94.210,2600,94.200,1900,94.190,600,94.180,1300,94.340,3800,94.350,9700,94.400,8600,94.420,100,94.430,2020-04-03,09:57:58,00,";
var hq_str_sh603259="药明康德,93.870,94.060,94.390,95.420,93.500,94.330,94.390,2223450,209834877.000,100,94.330,200,94.290,600,94.280,1000,94.250,200,94.220,500,94.390,4800,94.400,8600,94.420,100,94.430,2600,94.440,2020-04-03,09:58:58,00,";
var hq_str_sh603259="药明康德,93.870,94.060,94.330,95.420,93.500,94.250,94.320,2239950,211391847.000,1000,94.250,200,94.220,3200,94.200,200,94.180,100,94.170,100,94.320,1700,94.330,2700,94.380,18500,94.390,7000,94.400,2020-04-03,10:00:01,00,";
var hq_str_sh603259="药明康德,93.870,94.060,94.450,95.420,93.500,94.450,94.460,2291550,216262802.000,2000,94.450,400,94.440,1200,94.430,500,94.420,1800,94.410,100,94.460,100,94.480,900,94.490,76700,94.500,2000,94.510,2020-04-03,10:00:58,00,";
var hq_str_sh603259="药明康德,93.870,94.060,94.460,95.420,93.500,94.450,94.460,2329850,219881800.000,1200,94.450,900,94.430,500,94.420,1800,94.410,100,94.400,600,94.460,100,94.470,600,94.480,26300,94.490,57200,94.500,2020-04-03,10:01:58,00,";
var hq_str_sh603259="药明康德,93.870,94.060,94.200,95.420,93.500,94.200,94.410,2353150,222081526.000,2700,94.200,200,94.180,3200,94.160,100,94.150,100,94.130,900,94.410,2400,94.430,2400,94.440,14500,94.450,700,94.460,2020-04-03,10:02:58,00,";
var hq_str_sh603259="药明康德,93.870,94.060,94.310,95.420,93.500,94.320,94.390,2375550,224194024.000,100,94.320,1400,94.300,300,94.290,4000,94.260,900,94.250,2600,94.390,19500,94.400,600,94.410,2200,94.430,3000,94.440,2020-04-03,10:03:58,00,";
var hq_str_sh603259="药明康德,93.870,94.060,94.400,95.420,93.500,94.380,94.400,2395950,226118562.000,200,94.380,1000,94.370,100,94.360,100,94.350,300,94.330,5200,94.400,700,94.430,2600,94.440,14400,94.450,700,94.460,2020-04-03,10:04:58,00,";
var hq_str_sh603259="药明康德,93.870,94.060,94.450,95.420,93.500,94.430,94.450,2431250,229452073.000,300,94.430,300,94.410,300,94.400,400,94.380,100,94.350,1542,94.450,800,94.460,2000,94.480,2400,94.490,58400,94.500,2020-04-03,10:05:58,00,";
var hq_str_sh603259="药明康德,93.870,94.060,94.300,95.420,93.500,94.260,94.350,2466350,232764464.000,200,94.260,1300,94.250,100,94.220,2900,94.200,100,94.150,2000,94.350,1000,94.380,2000,94.400,200,94.420,100,94.430,2020-04-03,10:06:58,00,";
var hq_str_sh603259="药明康德,93.870,94.060,94.290,95.420,93.500,94.250,94.290,2504350,236346318.000,100,94.250,400,94.240,200,94.230,100,94.200,200,94.150,500,94.290,1400,94.350,200,94.360,1000,94.380,500,94.390,2020-04-03,10:07:58,00,";
var hq_str_sh603259="药明康德,93.870,94.060,94.300,95.420,93.500,94.300,94.350,2535650,239297262.000,2300,94.300,1100,94.200,500,94.150,27600,94.110,100,94.100,1300,94.350,200,94.360,100,94.380,1000,94.390,8800,94.400,2020-04-03,10:08:58,00,";
var hq_str_sh603259="药明康德,93.870,94.060,94.300,95.420,93.500,94.330,94.340,2623950,247621054.000,8500,94.330,300,94.300,1100,94.280,11200,94.110,100,94.100,1600,94.340,2300,94.350,1600,94.360,700,94.380,1000,94.390,2020-04-03,10:09:58,00,";
var hq_str_sh603259="药明康德,93.870,94.060,94.370,95.420,93.500,94.310,94.380,2671392,252095264.000,100,94.310,800,94.300,5000,94.200,100,94.170,200,94.160,700,94.380,3000,94.390,9000,94.400,3200,94.420,1600,94.440,2020-04-03,10:10:58,00,";
var hq_str_sh603259="药明康德,93.870,94.060,94.200,95.420,93.500,94.200,94.210,2682192,253113061.000,1600,94.200,200,94.160,600,94.120,11200,94.110,200,94.100,300,94.210,200,94.230,300,94.240,1000,94.280,200,94.290,2020-04-03,10:11:58,00,";
var hq_str_sh603259="药明康德,93.870,94.060,94.320,95.420,93.500,94.240,94.320,2719492,256625355.000,100,94.240,100,94.230,800,94.210,2600,94.200,100,94.160,2300,94.320,100,94.330,300,94.350,5200,94.360,800,94.370,2020-04-03,10:12:58,00,";
var hq_str_sh603259="药明康德,93.870,94.060,94.240,95.420,93.500,94.240,94.290,2737179,258292146.000,313,94.240,100,94.180,2900,94.160,4100,94.150,100,94.130,2100,94.290,900,94.300,300,94.310,700,94.320,100,94.330,2020-04-03,10:13:58,00,";
var hq_str_sh603259="药明康德,93.870,94.060,94.440,95.420,93.500,94.440,94.450,2789399,263219070.000,2600,94.440,600,94.430,100,94.400,1300,94.390,300,94.380,5100,94.450,900,94.460,2300,94.490,59700,94.500,100,94.510,2020-04-03,10:14:58,00,";
var hq_str_sh603259="药明康德,93.870,94.060,94.530,95.420,93.500,94.530,94.600,2989899,282173905.000,12200,94.530,200,94.500,500,94.490,100,94.450,300,94.390,3602,94.600,4000,94.660,100,94.670,4200,94.680,4000,94.700,2020-04-03,10:15:58,00,";
var hq_str_sh603259="药明康德,93.870,94.060,94.800,95.420,93.500,94.790,94.800,3039801,286901334.000,200,94.790,2400,94.780,1800,94.770,700,94.740,4600,94.730,4914,94.800,100,94.820,700,94.850,600,94.860,900,94.880,2020-04-03,10:16:58,00,";
var hq_str_sh603259="药明康德,93.870,94.060,94.840,95.420,93.500,94.840,94.860,3061015,288912646.000,1700,94.840,500,94.830,400,94.810,1100,94.800,1000,94.790,2100,94.860,900,94.880,100,94.890,1000,94.900,500,94.910,2020-04-03,10:17:58,00,";
var hq_str_sh603259="药明康德,93.870,94.060,94.940,95.420,93.500,94.890,94.940,3077115,290440347.000,500,94.890,9400,94.880,500,94.860,100,94.850,1100,94.840,1200,94.940,1500,94.950,2000,94.960,300,94.970,700,94.980,2020-04-03,10:18:58,00,";
var hq_str_sh603259="药明康德,93.870,94.060,94.860,95.420,93.500,94.800,94.810,3127915,295260822.000,10300,94.800,800,94.790,100,94.780,200,94.770,200,94.760,100,94.810,300,94.840,900,94.860,100,94.870,12400,94.880,2020-04-03,10:19:58,00,";
var hq_str_sh603259="药明康德,93.870,94.060,94.700,95.420,93.500,94.690,94.700,3165715,298843343.000,1000,94.690,500,94.660,900,94.630,8600,94.550,5500,94.540,15567,94.700,4140,94.730,2100,94.740,800,94.760,100,94.790,2020-04-03,10:20:58,00,";
var hq_str_sh603259="药明康德,93.870,94.060,94.770,95.420,93.500,94.770,94.790,3254822,307284860.000,1800,94.770,300,94.740,100,94.730,1300,94.710,1200,94.700,10800,94.790,13071,94.800,100,94.850,100,94.860,1600,94.870,2020-04-03,10:21:58,00,";
var hq_str_sh603259="药明康德,93.870,94.060,94.790,95.420,93.500,94.740,94.790,3327193,314143850.000,400,94.740,400,94.710,5829,94.700,1400,94.660,200,94.600,100,94.790,6500,94.800,900,94.850,200,94.860,1100,94.870,2020-04-03,10:22:58,00,";
var hq_str_sh603259="药明康德,93.870,94.060,94.770,95.420,93.500,94.780,94.790,3346593,315983048.000,100,94.780,800,94.770,1400,94.750,400,94.740,5200,94.720,1000,94.790,300,94.800,800,94.840,1100,94.850,1100,94.870,2020-04-03,10:23:58,00,";
var hq_str_sh603259="药明康德,93.870,94.060,94.870,95.420,93.500,94.850,94.870,3372293,318420533.000,2000,94.850,1900,94.810,200,94.800,900,94.790,16900,94.750,2000,94.870,10300,94.880,5300,94.900,300,94.910,100,94.920,2020-04-03,10:24:58,00,";
var hq_str_sh603259="药明康德,93.870,94.060,95.070,95.420,93.500,95.060,95.080,3600593,340101106.000,800,95.060,200,95.040,3500,95.020,2100,95.010,8900,95.000,800,95.080,1200,95.090,2000,95.100,300,95.110,500,95.120,2020-04-03,10:25:58,00,";
var hq_str_sh603259="药明康德,93.870,94.060,95.200,95.420,93.500,95.180,95.200,3664493,346182184.000,13500,95.180,100,95.170,3900,95.160,10700,95.150,1300,95.140,90100,95.200,11400,95.210,6700,95.220,1200,95.230,1400,95.260,2020-04-03,10:26:58,00,";
var hq_str_sh603259="药明康德,93.870,94.060,95.240,95.420,93.500,95.240,95.260,3841093,362994546.000,4600,95.240,1700,95.190,2900,95.180,100,95.170,400,95.160,1000,95.260,200,95.270,600,95.280,400,95.290,7500,95.300,2020-04-03,10:27:58,00,";
var hq_str_sh603259="药明康德,93.870,94.060,95.140,95.420,93.500,95.140,95.150,3915093,370041912.000,800,95.140,4800,95.110,500,95.100,1700,95.080,300,95.020,2100,95.150,4700,95.180,3600,95.190,6100,95.200,4800,95.210,2020-04-03,10:28:58,00,";
var hq_str_sh603259="药明康德,93.870,94.060,95.000,95.420,93.500,95.000,95.100,3945393,372923374.000,2300,95.000,200,94.900,300,94.860,3000,94.820,6400,94.810,1100,95.100,200,95.110,1000,95.120,6500,95.130,100,95.140,2020-04-03,10:29:58,00,";
var hq_str_sh603259="药明康德,93.870,94.060,94.850,95.420,93.500,94.820,94.850,3965393,374822514.000,6100,94.820,6600,94.810,4300,94.800,4900,94.790,1000,94.760,1000,94.850,800,94.890,1000,94.900,1000,94.910,4600,94.960,2020-04-03,10:30:58,00,";
var hq_str_sh603259="药明康德,93.870,94.060,95.180,95.420,93.500,95.180,95.190,4076093,385344195.000,2000,95.180,600,95.170,200,95.160,2300,95.150,5700,95.130,1700,95.190,18700,95.200,1900,95.210,500,95.220,3000,95.230,2020-04-03,10:31:58,00,";
var hq_str_sh603259="药明康德,93.870,94.060,95.300,95.420,93.500,95.290,95.300,4190493,396243308.000,400,95.290,400,95.280,400,95.250,3500,95.240,300,95.210,9400,95.300,700,95.340,6900,95.350,1600,95.360,900,95.370,2020-04-03,10:32:58,00,";
var hq_str_sh603259="药明康德,93.870,94.060,95.170,95.420,93.500,95.170,95.180,4266193,403451888.000,2500,95.170,100,95.140,2600,95.040,500,95.010,3300,95.000,1300,95.180,900,95.190,56500,95.200,300,95.250,1300,95.280,2020-04-03,10:33:58,00,";
var hq_str_sh603259="药明康德,93.870,94.060,95.180,95.420,93.500,95.180,95.190,4333893,409895417.000,500,95.180,100,95.100,200,95.000,7900,94.950,200,94.900,500,95.190,23400,95.200,100,95.250,1200,95.280,4000,95.300,2020-04-03,10:34:58,00,";
var hq_str_sh603259="药明康德,93.870,94.060,95.310,95.420,93.500,95.230,95.300,4374393,413752388.000,1000,95.230,300,95.220,600,95.200,4000,95.190,300,95.150,500,95.300,2200,95.310,1000,95.320,800,95.330,2000,95.340,2020-04-03,10:35:58,00,";
var hq_str_sh603259="药明康德,93.870,94.060,95.330,95.420,93.500,95.330,95.340,4411393,417278803.000,2300,95.330,5700,95.320,1200,95.190,300,95.150,300,95.100,400,95.340,6300,95.350,1500,95.360,1200,95.370,5700,95.380,2020-04-03,10:36:58,00,";
var hq_str_sh603259="药明康德,93.870,94.060,95.200,95.420,93.500,95.150,95.200,4430793,419127439.000,300,95.150,300,95.100,1700,95.050,200,95.020,20000,95.010,1300,95.200,500,95.240,8200,95.250,800,95.270,2000,95.280,2020-04-03,10:37:58,00,";
var hq_str_sh603259="药明康德,93.870,94.060,95.200,95.420,93.500,95.110,95.200,4444493,420430898.000,6500,95.110,2100,95.100,500,95.060,1000,95.050,100,95.030,2900,95.200,1100,95.230,8100,95.250,400,95.270,200,95.280,2020-04-03,10:38:58,00,";
var hq_str_sh603259="药明康德,93.870,94.060,95.150,95.420,93.500,95.150,95.230,4471993,423049626.000,800,95.150,500,95.120,900,95.100,1300,95.050,100,95.030,1000,95.230,1200,95.240,1800,95.250,500,95.260,600,95.270,2020-04-03,10:39:58,00,";
var hq_str_sh603259="药明康德,93.870,94.060,95.280,95.420,93.500,95.280,95.290,4503393,426039396.000,100,95.280,300,95.260,1400,95.230,1900,95.200,400,95.180,5500,95.290,7600,95.300,4300,95.320,1500,95.330,3300,95.340,2020-04-03,10:40:58,00,";
var hq_str_sh603259="药明康德,93.870,94.060,95.290,95.420,93.500,95.280,95.290,4548493,430336359.000,6100,95.280,400,95.260,300,95.250,1600,95.240,500,95.220,8500,95.290,6500,95.300,4300,95.320,1200,95.330,3300,95.340,2020-04-03,10:41:58,00,";
var hq_str_sh603259="药明康德,93.870,94.060,95.320,95.420,93.500,95.310,95.360,4590293,434320624.000,1000,95.310,300,95.300,200,95.290,5700,95.280,400,95.260,1000,95.360,1500,95.370,6600,95.380,8500,95.390,15100,95.400,2020-04-03,10:42:58,00,";
var hq_str_sh603259="药明康德,93.870,94.060,95.340,95.420,93.500,95.330,95.340,4611493,436341834.000,1000,95.330,200,95.300,5700,95.280,400,95.260,200,95.250,200,95.340,300,95.350,2900,95.360,1500,95.370,6700,95.380,2020-04-03,10:43:58,00,";
var hq_str_sh603259="药明康德,93.870,94.060,95.340,95.420,93.500,95.280,95.340,4627493,437866797.000,3000,95.280,300,95.270,100,95.250,600,95.220,200,95.200,300,95.340,9800,95.350,4100,95.360,1700,95.370,6800,95.380,2020-04-03,10:45:01,00,";
var hq_str_sh603259="药明康德,93.870,94.060,95.350,95.420,93.500,95.310,95.350,4646093,439640114.000,800,95.310,100,95.270,100,95.260,5000,95.250,500,95.220,2600,95.350,3100,95.360,1900,95.370,6700,95.380,12000,95.390,2020-04-03,10:45:58,00,";
var hq_str_sh603259="药明康德,93.870,94.060,95.330,95.420,93.500,95.330,95.340,4714978,446207887.000,300,95.330,5400,95.300,1100,95.260,3115,95.250,500,95.220,200,95.340,2807,95.350,200,95.360,1200,95.370,6200,95.380,2020-04-03,10:46:58,00,";
var hq_str_sh603259="药明康德,93.870,94.060,95.400,95.420,93.500,95.360,95.400,4778178,452234587.000,800,95.360,2200,95.350,1300,95.300,1500,95.290,3115,95.250,7407,95.400,14200,95.410,2200,95.420,200,95.430,1200,95.440,2020-04-03,10:47:58,00,";
var hq_str_sh603259="药明康德,93.870,94.060,95.490,95.500,93.500,95.480,95.490,4832185,457389074.000,400,95.480,5200,95.460,300,95.420,2293,95.360,1900,95.350,700,95.490,33040,95.500,500,95.510,5100,95.520,1300,95.530,2020-04-03,10:48:58,00,";
var hq_str_sh603259="药明康德,93.870,94.060,95.480,95.550,93.500,95.330,95.470,4923678,466125545.000,1300,95.330,200,95.300,1500,95.290,3115,95.250,500,95.220,100,95.470,5000,95.480,103500,95.490,1700,95.500,100,95.510,2020-04-03,10:49:58,00,";
var hq_str_sh603259="药明康德,93.870,94.060,95.150,95.550,93.500,95.140,95.200,4971793,470710444.000,100,95.140,2000,95.120,100,95.110,500,95.060,1500,95.050,2500,95.200,2600,95.220,15700,95.230,6400,95.250,200,95.280,2020-04-03,10:50:58,00,";
var hq_str_sh603259="药明康德,93.870,94.060,95.150,95.550,93.500,95.130,95.150,5070393,480077824.000,1300,95.130,200,95.110,100,95.100,100,95.000,400,94.960,1600,95.150,2300,95.220,5000,95.230,6400,95.250,200,95.280,2020-04-03,10:51:56,00,";
var hq_str_sh603259="药明康德,93.870,94.060,95.100,95.550,93.500,95.020,95.100,5120693,484862203.000,1300,95.020,10300,95.010,700,95.000,1300,94.960,100,94.950,91100,95.100,100,95.110,100,95.200,400,95.210,600,95.220,2020-04-03,10:52:58,00,";
var hq_str_sh603259="药明康德,93.870,94.060,94.880,95.550,93.500,94.880,94.900,5151093,487749836.000,400,94.880,100,94.870,900,94.860,20000,94.850,5900,94.830,1100,94.900,1500,94.930,300,94.940,3100,94.950,800,94.970,2020-04-03,10:53:58,00,";
var hq_str_sh603259="药明康德,93.870,94.060,95.000,95.550,93.500,95.000,95.020,5218593,494154144.000,100,95.000,2100,94.930,500,94.920,3500,94.900,400,94.870,200,95.020,100,95.060,400,95.090,91200,95.100,1000,95.140,2020-04-03,10:54:58,00,";
var hq_str_sh603259="药明康德,93.870,94.060,95.140,95.550,93.500,95.140,95.150,5324593,504234686.000,1000,95.140,2300,95.130,26000,95.100,900,95.090,100,95.080,300,95.150,1100,95.190,600,95.200,100,95.210,100,95.220,2020-04-03,10:55:58,00,";
var hq_str_sh603259="药明康德,93.870,94.060,95.380,95.550,93.500,95.310,95.380,5351200,506769637.000,100,95.310,11993,95.300,1900,95.290,900,95.280,100,95.250,2100,95.380,1800,95.390,2080,95.400,100,95.420,200,95.430,2020-04-03,10:56:58,00,";
var hq_str_sh603259="药明康德,93.870,94.060,95.350,95.550,93.500,95.330,95.350,5376900,509220415.000,100,95.330,10893,95.300,400,95.280,100,95.250,2700,95.220,4300,95.350,400,95.360,100,95.380,200,95.390,1280,95.400,2020-04-03,10:57:58,00,";
var hq_str_sh603259="药明康德,93.870,94.060,95.150,95.550,93.500,95.150,95.220,5413593,512717759.000,900,95.150,100,95.140,100,95.100,200,95.070,100,95.060,500,95.220,100,95.230,300,95.270,1000,95.340,500,95.350,2020-04-03,10:58:58,00,";
var hq_str_sh603259="药明康德,93.870,94.060,95.160,95.550,93.500,95.210,95.270,5422993,513612680.000,500,95.210,200,95.200,200,95.160,900,95.150,100,95.140,4400,95.270,100,95.300,100,95.330,1200,95.340,900,95.350,2020-04-03,10:59:58,00,";
var hq_str_sh603259="药明康德,93.870,94.060,95.020,95.550,93.500,95.020,95.060,5438493,515088325.000,400,95.020,100,95.010,1300,95.000,300,94.930,300,94.900,1500,95.060,1100,95.070,800,95.160,1500,95.200,7200,95.210,2020-04-03,11:00:58,00,";
var hq_str_sh603259="药明康德,93.870,94.060,94.820,95.550,93.500,94.840,94.860,5465393,517643020.000,100,94.840,9400,94.820,800,94.810,2000,94.800,100,94.790,700,94.860,5000,94.900,3800,94.960,7300,94.970,600,94.980,2020-04-03,11:01:58,00,";
var hq_str_sh603259="药明康德,93.870,94.060,94.900,95.550,93.500,94.900,94.960,5481593,519179889.000,10300,94.900,100,94.870,3700,94.860,7500,94.850,200,94.840,1500,94.960,800,94.970,200,95.000,700,95.010,4900,95.020,2020-04-03,11:02:58,00,";
var hq_str_sh603259="药明康德,93.870,94.060,94.820,95.550,93.500,94.820,94.850,5539793,524701481.000,100,94.820,2700,94.800,1000,94.780,1400,94.770,1100,94.750,400,94.850,300,94.860,300,94.900,3100,95.000,700,95.010,2020-04-03,11:03:58,00,";
var hq_str_sh603259="药明康德,93.870,94.060,94.830,95.550,93.500,94.830,95.000,5561693,526781404.000,1900,94.830,700,94.820,100,94.810,8500,94.800,200,94.780,3300,95.000,200,95.040,1900,95.050,8100,95.090,500,95.160,2020-04-03,11:04:58,00,";
var hq_str_sh603259="药明康德,93.870,94.060,94.850,95.550,93.500,94.860,94.880,5598793,530303996.000,2000,94.860,2000,94.850,1300,94.840,6900,94.830,400,94.820,500,94.880,800,94.980,8300,94.990,28900,95.000,2500,95.010,2020-04-03,11:05:58,00,";
var hq_str_sh603259="药明康德,93.870,94.060,94.910,95.550,93.500,94.910,94.940,5634793,533723037.000,700,94.910,600,94.900,3400,94.880,1000,94.870,1700,94.860,800,94.940,300,94.980,28900,95.000,2100,95.010,200,95.040,2020-04-03,11:06:58,00,";
var hq_str_sh603259="药明康德,93.870,94.060,94.770,95.550,93.500,94.770,94.780,5669493,537014636.000,3400,94.770,200,94.760,600,94.750,100,94.740,1300,94.730,7000,94.780,1000,94.830,4600,94.930,300,94.940,100,94.960,2020-04-03,11:07:58,00,";
var hq_str_sh603259="药明康德,93.870,94.060,94.730,95.550,93.500,94.720,94.730,5700793,539980578.000,100,94.720,700,94.710,5100,94.700,600,94.690,100,94.680,18100,94.730,200,94.740,600,94.750,1800,94.770,1000,94.830,2020-04-03,11:08:58,00,";
var hq_str_sh603259="药明康德,93.870,94.060,94.730,95.550,93.500,94.720,94.730,5762993,545871666.000,2700,94.720,100,94.700,7300,94.690,300,94.660,200,94.650,700,94.730,600,94.750,100,94.770,1000,94.830,100,94.850,2020-04-03,11:09:58,00,";
var hq_str_sh603259="药明康德,93.870,94.060,95.000,95.550,93.500,94.990,95.000,5777593,547257348.000,1800,94.990,13000,94.980,400,94.870,600,94.850,900,94.830,26100,95.000,100,95.010,100,95.040,9800,95.050,100,95.080,2020-04-03,11:10:58,00,";
var hq_str_sh603259="药明康德,93.870,94.060,94.930,95.550,93.500,94.890,94.930,5862093,555283701.000,200,94.890,200,94.820,500,94.800,300,94.790,300,94.780,600,94.930,3440,94.950,700,94.970,100,94.990,1400,95.000,2020-04-03,11:11:58,00,";
var hq_str_sh603259="药明康德,93.870,94.060,94.780,95.550,93.500,94.770,94.910,5871593,556185230.000,1200,94.770,200,94.760,300,94.750,100,94.740,5000,94.730,100,94.910,1600,94.930,200,94.950,1200,94.980,100,94.990,2020-04-03,11:12:58,00,";
var hq_str_sh603259="药明康德,93.870,94.060,94.830,95.550,93.500,94.820,94.830,5879593,556944129.000,3200,94.820,12000,94.800,1000,94.780,400,94.760,900,94.750,8400,94.830,100,94.850,200,94.890,200,94.900,200,94.910,2020-04-03,11:13:58,00,";
var hq_str_sh603259="药明康德,93.870,94.060,94.890,95.550,93.500,94.830,94.860,5917893,560575545.000,100,94.830,100,94.810,500,94.770,100,94.740,5500,94.730,300,94.860,1000,94.900,1700,94.910,2900,94.920,1300,94.930,2020-04-03,11:14:58,00,";
var hq_str_sh603259="药明康德,93.870,94.060,94.780,95.550,93.500,94.770,94.800,5925093,561258352.000,800,94.770,600,94.740,5600,94.730,2600,94.720,100,94.710,100,94.800,100,94.810,4100,94.830,200,94.840,200,94.850,2020-04-03,11:15:58,00,";
var hq_str_sh603259="药明康德,93.870,94.060,94.600,95.550,93.500,94.510,94.600,5956793,564259612.000,100,94.510,18700,94.500,100,94.470,500,94.460,1200,94.450,3700,94.600,600,94.620,2000,94.630,400,94.660,1400,94.680,2020-04-03,11:16:58,00,";
var hq_str_sh603259="药明康德,93.870,94.060,94.390,95.550,93.500,94.390,94.420,5994093,567784742.000,200,94.390,100,94.380,500,94.360,100,94.350,100,94.340,400,94.420,3800,94.450,2900,94.460,300,94.470,15340,94.500,2020-04-03,11:17:58,00,";
var hq_str_sh603259="药明康德,93.870,94.060,94.100,95.550,93.500,94.100,94.150,6077993,575685435.000,4700,94.100,100,94.010,22100,94.000,200,93.990,600,93.950,400,94.150,300,94.200,22600,94.300,300,94.350,1000,94.390,2020-04-03,11:18:58,00,";
var hq_str_sh603259="药明康德,93.870,94.060,94.300,95.550,93.500,94.280,94.300,6112233,578911990.000,400,94.280,100,94.220,1700,94.210,4960,94.200,900,94.150,5900,94.300,400,94.350,500,94.390,300,94.450,100,94.460,2020-04-03,11:19:58,00,";
var hq_str_sh603259="药明康德,93.870,94.060,94.200,95.550,93.500,94.130,94.200,6145733,582067497.000,560,94.130,1700,94.120,1300,94.110,3000,94.100,100,94.080,2100,94.200,1100,94.250,900,94.300,400,94.350,500,94.390,2020-04-03,11:20:58,00,";
var hq_str_sh603259="药明康德,93.870,94.060,94.050,95.550,93.500,94.010,94.050,6181493,585431919.000,4500,94.010,32200,94.000,200,93.990,100,93.970,900,93.950,200,94.050,400,94.070,6940,94.100,100,94.150,8100,94.200,2020-04-03,11:21:58,00,";
var hq_str_sh603259="药明康德,93.870,94.060,94.180,95.550,93.500,94.120,94.180,6212833,588379572.000,100,94.120,5900,94.100,600,94.070,6600,94.060,3260,94.050,800,94.180,500,94.190,7900,94.200,300,94.300,100,94.310,2020-04-03,11:22:58,00,";
var hq_str_sh603259="药明康德,93.870,94.060,94.130,95.550,93.500,94.160,94.190,6229933,589989668.000,2000,94.160,700,94.130,2100,94.120,4400,94.100,300,94.070,700,94.190,35400,94.200,300,94.300,100,94.310,200,94.350,2020-04-03,11:23:58,00,";
var hq_str_sh603259="药明康德,93.870,94.060,94.300,95.550,93.500,94.270,94.310,6279533,594662588.000,400,94.270,1600,94.260,1000,94.250,100,94.240,1000,94.220,300,94.310,300,94.370,1300,94.380,1500,94.390,400,94.450,2020-04-03,11:24:58,00,";
var hq_str_sh603259="药明康德,93.870,94.060,94.460,95.550,93.500,94.460,94.470,6297833,596390205.000,1900,94.460,400,94.450,100,94.440,500,94.400,1000,94.390,1400,94.470,8140,94.480,23800,94.500,3200,94.510,100,94.520,2020-04-03,11:25:58,00,";
var hq_str_sh603259="药明康德,93.870,94.060,94.470,95.550,93.500,94.450,94.470,6330233,599451300.000,100,94.450,200,94.410,500,94.400,1000,94.390,6200,94.340,100,94.470,1300,94.480,11000,94.490,14840,94.500,3200,94.510,2020-04-03,11:26:58,00,";
var hq_str_sh603259="药明康德,93.870,94.060,94.390,95.550,93.500,94.350,94.390,6346233,600962003.000,1400,94.350,6200,94.340,100,94.330,1100,94.320,100,94.300,600,94.390,1100,94.430,1100,94.460,1000,94.470,2600,94.480,2020-04-03,11:27:58,00,";
var hq_str_sh603259="药明康德,93.870,94.060,94.470,95.550,93.500,94.470,94.480,6355833,601868553.000,1600,94.470,100,94.460,400,94.390,300,94.380,800,94.370,1100,94.480,15140,94.500,3200,94.510,100,94.530,2900,94.550,2020-04-03,11:28:58,00,";
var hq_str_sh603259="药明康德,93.870,94.060,94.500,95.550,93.500,94.490,94.500,6380433,604192718.000,100,94.490,700,94.480,100,94.470,300,94.420,500,94.400,4940,94.500,3700,94.510,100,94.530,2900,94.550,500,94.580,2020-04-03,11:29:58,00,";
var hq_str_sh603259="药明康德,93.870,94.060,94.490,95.550,93.500,94.480,94.500,6380533,604202167.000,700,94.480,100,94.470,300,94.420,500,94.400,200,94.390,4940,94.500,3700,94.510,100,94.530,2900,94.550,500,94.580,2020-04-03,11:30:00,00,";
var hq_str_sh603259="药明康德,93.870,94.060,94.330,95.550,93.500,94.330,94.350,6493533,614870718.000,300,94.330,100,94.240,4600,94.200,1200,94.190,400,94.180,100,94.350,100,94.380,400,94.390,13605,94.400,2300,94.440,2020-04-03,13:00:59,00,";
var hq_str_sh603259="药明康德,93.870,94.060,94.560,95.550,93.500,94.560,94.570,6528238,618147367.000,1600,94.560,100,94.510,100,94.490,200,94.470,200,94.460,200,94.570,800,94.580,100,94.660,100,94.690,100,94.700,2020-04-03,13:01:59,00,";
var hq_str_sh603259="药明康德,93.870,94.060,94.200,95.550,93.500,94.240,94.390,6579733,623012666.000,100,94.240,2700,94.200,1200,94.190,400,94.180,1200,94.170,100,94.390,6100,94.400,205,94.420,5000,94.450,1000,94.460,2020-04-03,13:02:59,00,";
var hq_str_sh603259="药明康德,93.870,94.060,94.170,95.550,93.500,94.110,94.170,6628533,627608542.000,200,94.110,2100,94.050,15900,94.040,100,94.030,200,94.020,1700,94.170,1500,94.230,400,94.370,800,94.380,900,94.390,2020-04-03,13:03:59,00,";
var hq_str_sh603259="药明康德,93.870,94.060,94.360,95.550,93.500,94.200,94.370,6650333,629665300.000,400,94.200,200,94.130,100,94.100,700,94.070,6400,94.060,100,94.370,500,94.380,1200,94.390,7100,94.400,5000,94.450,2020-04-03,13:04:57,00,";
var hq_str_sh603259="药明康德,93.870,94.060,94.460,95.550,93.500,94.460,94.470,6673233,631826982.000,100,94.460,100,94.410,800,94.400,800,94.360,400,94.250,4300,94.470,100,94.500,100,94.510,100,94.570,500,94.580,2020-04-03,13:05:59,00,";
var hq_str_sh603259="药明康德,93.870,94.060,94.590,95.550,93.500,94.510,94.590,6696633,634038509.000,500,94.510,2900,94.500,2500,94.450,100,94.410,700,94.400,700,94.590,10300,94.600,100,94.620,100,94.650,100,94.660,2020-04-03,13:06:59,00,";
var hq_str_sh603259="药明康德,93.870,94.060,94.450,95.550,93.500,94.300,94.450,6735133,637677845.000,200,94.300,400,94.250,200,94.200,900,94.130,100,94.110,6600,94.450,3700,94.500,3800,94.510,5000,94.610,1000,94.660,2020-04-03,13:07:59,00,";
var hq_str_sh603259="药明康德,93.870,94.060,94.450,95.550,93.500,94.390,94.450,6753733,639432776.000,100,94.390,1000,94.240,1100,94.210,1000,94.200,1100,94.160,4800,94.450,400,94.490,4100,94.500,3600,94.510,300,94.590,2020-04-03,13:08:59,00,";
var hq_str_sh603259="药明康德,93.870,94.060,94.250,95.550,93.500,94.250,94.280,6771133,641074537.000,500,94.250,800,94.240,1200,94.220,1100,94.210,1500,94.200,1000,94.280,100,94.300,500,94.350,200,94.390,4900,94.440,2020-04-03,13:09:59,00,";
var hq_str_sh603259="药明康德,93.870,94.060,94.150,95.550,93.500,94.150,94.160,6799395,643735668.000,500,94.150,500,94.120,1200,94.110,2838,94.100,700,94.070,1100,94.160,100,94.170,959,94.200,400,94.210,100,94.220,2020-04-03,13:10:59,00,";
var hq_str_sh603259="药明康德,93.870,94.060,94.200,95.550,93.500,94.120,94.200,6833695,646964380.000,1000,94.120,3200,94.100,400,94.080,4700,94.060,800,94.050,7100,94.200,1000,94.280,200,94.350,4300,94.400,200,94.420,2020-04-03,13:11:59,00,";
var hq_str_sh603259="药明康德,93.870,94.060,94.100,95.550,93.500,94.100,94.120,6860595,649497333.000,1500,94.100,300,94.090,1000,94.070,5400,94.060,1100,94.050,100,94.120,300,94.130,400,94.140,1100,94.240,300,94.250,2020-04-03,13:12:59,00,";
var hq_str_sh603259="药明康德,93.870,94.060,94.250,95.550,93.500,94.250,94.270,6868895,650278851.000,500,94.250,100,94.240,1900,94.160,1400,94.150,1100,94.140,100,94.270,200,94.350,4500,94.400,200,94.420,4900,94.440,2020-04-03,13:13:59,00,";
var hq_str_sh603259="药明康德,93.870,94.060,94.240,95.550,93.500,94.150,94.240,6902695,653467858.000,600,94.150,100,94.140,2800,94.130,400,94.120,400,94.110,1100,94.240,4800,94.250,1200,94.340,4000,94.350,100,94.370,2020-04-03,13:14:57,00,";
var hq_str_sh603259="药明康德,93.870,94.060,94.080,95.550,93.500,94.080,94.170,6933795,656396589.000,100,94.080,600,94.070,4000,94.060,900,94.050,17400,94.040,1000,94.170,500,94.230,4000,94.240,8500,94.250,1200,94.340,2020-04-03,13:15:59,00,";
var hq_str_sh603259="药明康德,93.870,94.060,94.230,95.550,93.500,94.230,94.240,6952995,658204142.000,200,94.230,1100,94.120,6300,94.100,800,94.080,1200,94.070,3500,94.240,8500,94.250,200,94.290,1200,94.340,4000,94.350,2020-04-03,13:16:59,00,";
var hq_str_sh603259="药明康德,93.870,94.060,94.120,95.550,93.500,94.120,94.240,6978095,660569354.000,200,94.120,400,94.110,4300,94.100,400,94.080,1000,94.070,100,94.240,9000,94.250,200,94.290,1200,94.340,4000,94.350,2020-04-03,13:17:59,00,";
var hq_str_sh603259="药明康德,93.870,94.060,94.180,95.550,93.500,94.110,94.180,6991995,661877818.000,200,94.110,5900,94.100,600,94.090,300,94.080,1000,94.070,200,94.180,200,94.190,500,94.200,700,94.210,200,94.220,2020-04-03,13:18:59,00,";
var hq_str_sh603259="药明康德,93.870,94.060,94.100,95.550,93.500,94.090,94.100,7007995,663383716.000,600,94.090,200,94.080,1100,94.070,3900,94.060,1200,94.050,100,94.100,100,94.110,100,94.120,700,94.170,500,94.180,2020-04-03,13:19:59,00,";
var hq_str_sh603259="药明康德,93.870,94.060,93.880,95.550,93.500,93.900,94.100,7073695,669560224.000,100,93.900,2100,93.880,300,93.860,900,93.820,1100,93.810,1000,94.100,2700,94.110,400,94.120,100,94.150,700,94.170,2020-04-03,13:20:59,00,";
var hq_str_sh603259="药明康德,93.870,94.060,94.070,95.550,93.500,94.060,94.070,7087195,670828269.000,200,94.060,100,93.950,2100,93.930,3300,93.920,700,93.910,200,94.070,1200,94.080,1200,94.090,2700,94.100,1200,94.110,2020-04-03,13:21:59,00,";
var hq_str_sh603259="药明康德,93.870,94.060,94.010,95.550,93.500,94.010,94.060,7100795,672107135.000,200,94.010,400,93.990,6300,93.940,1200,93.930,300,93.920,900,94.060,5700,94.070,500,94.080,7000,94.090,1300,94.100,2020-04-03,13:22:59,00,";
var hq_str_sh603259="药明康德,93.870,94.060,94.000,95.550,93.500,93.960,94.000,7121095,674015327.000,800,93.960,500,93.950,2200,93.940,1300,93.930,300,93.920,100,94.000,100,94.010,300,94.050,900,94.060,1300,94.080,2020-04-03,13:23:59,00,";
var hq_str_sh603259="药明康德,93.870,94.060,94.030,95.550,93.500,94.010,94.080,7138595,675660563.000,1200,94.010,9500,94.000,900,93.960,1000,93.940,1300,93.930,400,94.080,7000,94.090,1700,94.100,1200,94.110,100,94.150,2020-04-03,13:24:59,00,";
var hq_str_sh603259="药明康德,93.870,94.060,94.070,95.550,93.500,94.060,94.070,7152295,676949113.000,2300,94.060,1800,94.040,1200,94.030,2800,94.020,3700,94.010,100,94.070,5000,94.090,1100,94.100,1200,94.110,100,94.150,2020-04-03,13:25:59,00,";
var hq_str_sh603259="药明康德,93.870,94.060,94.100,95.550,93.500,94.100,94.110,7165895,678228792.000,300,94.100,3700,94.090,2100,94.080,800,94.070,1400,94.060,200,94.110,100,94.150,700,94.170,100,94.180,500,94.190,2020-04-03,13:26:59,00,";
var hq_str_sh603259="药明康德,93.870,94.060,94.080,95.550,93.500,94.090,94.160,7185095,680035792.000,100,94.090,700,94.070,1200,94.060,1700,94.040,1100,94.030,100,94.160,100,94.170,200,94.180,400,94.190,6900,94.200,2020-04-03,13:27:59,00,";
var hq_str_sh603259="药明康德,93.870,94.060,94.120,95.550,93.500,94.100,94.120,7198695,681316005.000,700,94.100,1600,94.090,1900,94.080,600,94.070,1800,94.060,600,94.120,700,94.160,6500,94.200,200,94.240,3200,94.250,2020-04-03,13:28:59,00,";
var hq_str_sh603259="药明康德,93.870,94.060,94.200,95.550,93.500,94.160,94.200,7206795,682078679.000,2200,94.160,600,94.150,100,94.140,900,94.130,500,94.110,5200,94.200,200,94.240,700,94.250,600,94.300,700,94.330,2020-04-03,13:29:59,00,";
var hq_str_sh603259="药明康德,93.870,94.060,94.100,95.550,93.500,94.100,94.110,7221995,683509927.000,600,94.100,900,94.090,2300,94.080,100,94.070,800,94.060,200,94.110,700,94.150,400,94.170,500,94.190,4300,94.200,2020-04-03,13:30:59,00,";
var hq_str_sh603259="药明康德,93.870,94.060,94.050,95.550,93.500,94.040,94.090,7235495,684779673.000,1300,94.040,1000,94.030,4100,94.010,26800,94.000,200,93.990,100,94.090,500,94.100,800,94.110,500,94.150,400,94.170,2020-04-03,13:31:59,00,";
var hq_str_sh603259="药明康德,93.870,94.060,94.170,95.550,93.500,94.090,94.190,7249695,686115312.000,100,94.090,300,94.080,600,94.050,200,94.040,600,94.030,100,94.190,4000,94.200,200,94.240,800,94.250,700,94.300,2020-04-03,13:32:59,00,";
var hq_str_sh603259="药明康德,93.870,94.060,94.200,95.550,93.500,94.190,94.200,7258795,686972501.000,800,94.190,500,94.170,1800,94.160,500,94.150,200,94.130,800,94.200,200,94.210,500,94.240,800,94.250,700,94.300,2020-04-03,13:33:59,00,";
var hq_str_sh603259="药明康德,93.870,94.060,94.330,95.550,93.500,94.300,94.340,7270195,688046799.000,200,94.300,1300,94.250,100,94.240,2200,94.200,200,94.190,1200,94.340,4000,94.350,200,94.380,200,94.390,600,94.400,2020-04-03,13:34:59,00,";
var hq_str_sh603259="药明康德,93.870,94.060,94.360,95.550,93.500,94.360,94.380,7282995,689254491.000,700,94.360,900,94.340,100,94.330,200,94.320,100,94.310,600,94.380,2100,94.390,7300,94.400,100,94.410,200,94.420,2020-04-03,13:35:59,00,";
var hq_str_sh603259="药明康德,93.870,94.060,94.210,95.550,93.500,94.260,94.310,7299295,690792082.000,200,94.260,700,94.210,100,94.200,300,94.160,200,94.150,800,94.310,100,94.320,4000,94.330,500,94.340,200,94.350,2020-04-03,13:36:59,00,";
var hq_str_sh603259="药明康德,93.870,94.060,94.200,95.550,93.500,94.180,94.200,7309795,691781036.000,100,94.180,100,94.160,500,94.130,500,94.100,100,94.090,6800,94.200,200,94.210,500,94.260,300,94.310,800,94.320,2020-04-03,13:37:59,00,";
var hq_str_sh603259="药明康德,93.870,94.060,94.070,95.550,93.500,94.070,94.150,7316095,692373988.000,300,94.070,300,94.060,600,94.050,100,94.040,500,94.030,900,94.150,500,94.180,200,94.190,6800,94.200,100,94.210,2020-04-03,13:38:59,00,";
var hq_str_sh603259="药明康德,93.870,94.060,94.150,95.550,93.500,94.170,94.180,7325195,693230527.000,200,94.170,4600,94.150,100,94.140,100,94.130,100,94.120,200,94.180,6800,94.200,100,94.210,100,94.220,500,94.260,2020-04-03,13:39:59,00,";
var hq_str_sh603259="药明康德,93.870,94.060,94.330,95.550,93.500,94.150,94.310,7352995,695848783.000,2000,94.150,1300,94.060,4700,94.050,500,94.030,3400,94.020,400,94.310,3900,94.330,100,94.340,600,94.360,400,94.380,2020-04-03,13:40:59,00,";
var hq_str_sh603259="药明康德,93.870,94.060,94.300,95.550,93.500,94.170,94.300,7380995,698487957.000,100,94.170,300,94.150,100,94.100,300,94.070,1700,94.060,1200,94.300,300,94.320,3900,94.330,100,94.340,500,94.360,2020-04-03,13:41:59,00,";
var hq_str_sh603259="药明康德,93.870,94.060,94.310,95.550,93.500,94.090,94.310,7393995,699712912.000,600,94.090,500,94.080,2200,94.070,3800,94.060,6200,94.050,100,94.310,1200,94.320,8900,94.330,100,94.340,300,94.350,2020-04-03,13:42:59,00,";
var hq_str_sh603259="药明康德,93.870,94.060,94.260,95.550,93.500,94.150,94.280,7408695,701097239.000,500,94.150,500,94.110,1500,94.100,200,94.080,1300,94.070,1400,94.280,300,94.290,600,94.300,2100,94.310,800,94.320,2020-04-03,13:43:57,00,";
var hq_str_sh603259="药明康德,93.870,94.060,94.280,95.550,93.500,94.150,94.280,7420395,702199709.000,500,94.150,1400,94.100,200,94.080,1900,94.070,200,94.060,1400,94.280,100,94.290,200,94.300,2300,94.310,900,94.320,2020-04-03,13:44:59,00,";
var hq_str_sh603259="药明康德,93.870,94.060,94.260,95.550,93.500,94.080,94.260,7429595,703066078.000,200,94.080,800,94.070,200,94.060,5000,94.050,500,94.040,700,94.260,300,94.280,800,94.300,3600,94.310,700,94.320,2020-04-03,13:45:59,00,";
var hq_str_sh603259="药明康德,93.870,94.060,94.190,95.550,93.500,94.090,94.190,7436495,703715611.000,100,94.090,1600,94.070,200,94.060,6000,94.050,400,94.040,100,94.190,600,94.240,6600,94.250,900,94.260,1300,94.300,2020-04-03,13:46:59,00,";
var hq_str_sh603259="药明康德,93.870,94.060,94.060,95.550,93.500,94.050,94.060,7518495,711431435.000,700,94.050,300,94.020,1200,94.010,4200,94.000,200,93.990,100,94.060,12000,94.260,10000,94.290,2300,94.310,600,94.320,2020-04-03,13:47:59,00,";
var hq_str_sh603259="药明康德,93.870,94.060,94.200,95.550,93.500,94.070,94.200,7536095,713086351.000,1000,94.070,200,94.060,800,94.050,400,94.010,2500,94.000,4100,94.200,100,94.230,2800,94.250,2000,94.300,2400,94.310,2020-04-03,13:48:59,00,";
var hq_str_sh603259="药明康德,93.870,94.060,94.010,95.550,93.500,94.020,94.200,7547095,714121616.000,1100,94.020,300,94.010,3100,94.000,3400,93.990,200,93.980,3200,94.200,1300,94.230,9500,94.250,1200,94.290,3100,94.300,2020-04-03,13:49:59,00,";
var hq_str_sh603259="药明康德,93.870,94.060,94.100,95.550,93.500,94.010,94.100,7562595,715579426.000,100,94.010,1400,94.000,4100,93.990,400,93.980,800,93.960,400,94.100,100,94.170,1000,94.180,1300,94.190,3500,94.200,2020-04-03,13:50:59,00,";
var hq_str_sh603259="药明康德,93.870,94.060,94.050,95.550,93.500,94.000,94.050,7592695,718409576.000,3400,94.000,200,93.990,300,93.980,800,93.960,1300,93.950,400,94.050,2100,94.100,100,94.160,100,94.170,1300,94.190,2020-04-03,13:51:59,00,";
var hq_str_sh603259="药明康德,93.870,94.060,94.050,95.550,93.500,94.010,94.090,7605095,719575525.000,900,94.010,500,93.980,600,93.960,1000,93.950,500,93.940,100,94.090,4900,94.100,300,94.130,500,94.160,400,94.170,2020-04-03,13:52:59,00,";
var hq_str_sh603259="药明康德,93.870,94.060,94.090,95.550,93.500,94.060,94.090,7649195,723724533.000,300,94.060,800,94.050,2500,94.010,1600,94.000,100,93.990,100,94.090,2900,94.100,200,94.110,200,94.210,100,94.220,2020-04-03,13:53:59,00,";
var hq_str_sh603259="药明康德,93.870,94.060,94.000,95.550,93.500,94.100,94.220,7697395,728257859.000,100,94.100,4900,94.000,100,93.990,700,93.980,1400,93.960,700,94.220,6400,94.230,9800,94.250,1100,94.290,2300,94.300,2020-04-03,13:54:59,00,";
var hq_str_sh603259="药明康德,93.870,94.060,94.170,95.550,93.500,94.050,94.160,7751995,733397207.000,500,94.050,900,94.040,400,94.030,1100,94.020,100,94.010,200,94.160,10200,94.170,9500,94.200,2700,94.240,8600,94.250,2020-04-03,13:55:59,00,";
var hq_str_sh603259="药明康德,93.870,94.060,94.170,95.550,93.500,94.100,94.170,7763195,734451799.000,100,94.100,1100,94.080,1400,94.070,100,94.060,400,94.030,5800,94.170,9800,94.200,400,94.240,8600,94.250,5600,94.260,2020-04-03,13:56:59,00,";
var hq_str_sh603259="药明康德,93.870,94.060,94.160,95.550,93.500,94.120,94.150,7774095,735477849.000,800,94.120,1000,94.110,1200,94.100,400,94.090,500,94.070,1400,94.150,200,94.160,2800,94.170,100,94.190,10100,94.200,2020-04-03,13:57:59,00,";
var hq_str_sh603259="药明康德,93.870,94.060,94.080,95.550,93.500,94.080,94.100,7791795,737143512.000,800,94.080,400,94.070,300,94.060,400,94.030,1500,94.020,7000,94.100,100,94.110,500,94.140,100,94.150,3300,94.170,2020-04-03,13:58:59,00,";
var hq_str_sh603259="药明康德,93.870,94.060,94.100,95.550,93.500,94.000,94.100,7802195,738121745.000,9000,94.000,900,93.980,600,93.970,1500,93.960,1200,93.950,5100,94.100,100,94.110,500,94.140,700,94.150,3300,94.170,2020-04-03,13:59:59,00,";
var hq_str_sh603259="药明康德,93.870,94.060,94.160,95.550,93.500,94.150,94.170,7823995,740173098.000,100,94.150,500,94.100,1000,94.090,100,94.080,5300,94.020,3300,94.170,100,94.190,10300,94.200,100,94.230,300,94.240,2020-04-03,14:00:59,00,";
var hq_str_sh603259="药明康德,93.870,94.060,94.150,95.550,93.500,94.100,94.150,7859095,743475231.000,100,94.100,200,94.010,5900,94.000,800,93.980,5800,93.970,4200,94.150,100,94.160,4800,94.190,7700,94.200,100,94.230,2020-04-03,14:01:59,00,";
var hq_str_sh603259="药明康德,93.870,94.060,94.150,95.550,93.500,94.000,94.010,7880695,745507182.000,600,94.000,600,93.980,5800,93.970,1500,93.960,900,93.950,200,94.010,3600,94.150,5340,94.190,8000,94.200,100,94.230,2020-04-03,14:02:59,00,";
var hq_str_sh603259="药明康德,93.870,94.060,94.100,95.550,93.500,93.980,93.990,7896495,746993203.000,200,93.980,200,93.970,1700,93.960,1100,93.950,300,93.940,700,93.990,200,94.100,800,94.140,9900,94.150,5440,94.190,2020-04-03,14:03:59,00,";
var hq_str_sh603259="药明康德,93.870,94.060,94.070,95.550,93.500,93.910,94.070,7920735,749271191.000,1200,93.910,2000,93.900,800,93.890,5200,93.880,1700,93.860,400,94.070,900,94.080,4600,94.090,1300,94.100,100,94.120,2020-04-03,14:04:59,00,";
var hq_str_sh603259="药明康德,93.870,94.060,93.950,95.550,93.500,93.940,93.950,7938435,750934410.000,500,93.940,2600,93.910,2100,93.900,1100,93.890,5400,93.880,2000,93.950,1400,93.980,200,94.000,500,94.030,200,94.040,2020-04-03,14:05:59,00,";
var hq_str_sh603259="药明康德,93.870,94.060,93.890,95.550,93.500,93.890,93.900,7956835,752662689.000,700,93.890,5900,93.880,600,93.870,400,93.860,400,93.850,1600,93.900,1600,94.000,500,94.020,700,94.030,300,94.040,2020-04-03,14:06:59,00,";
var hq_str_sh603259="药明康德,93.870,94.060,94.000,95.550,93.500,93.980,94.000,7976435,754504250.000,900,93.980,300,93.970,200,93.920,100,93.910,1200,93.900,4000,94.000,500,94.020,200,94.030,300,94.040,500,94.050,2020-04-03,14:07:59,00,";
var hq_str_sh603259="药明康德,93.870,94.060,93.980,95.550,93.500,93.930,94.000,7995035,756252866.000,100,93.930,900,93.920,1800,93.910,13000,93.900,100,93.890,300,94.000,1400,94.040,200,94.060,900,94.080,100,94.090,2020-04-03,14:08:59,00,";
var hq_str_sh603259="药明康德,93.870,94.060,94.100,95.550,93.500,94.090,94.100,8026135,759174777.000,1000,94.090,500,94.030,100,94.000,1400,93.950,1000,93.930,12400,94.100,900,94.110,400,94.120,1300,94.140,2000,94.150,2020-04-03,14:09:59,00,";
var hq_str_sh603259="药明康德,93.870,94.060,94.000,95.550,93.500,93.980,94.000,8085635,764770172.000,100,93.980,1100,93.970,1500,93.960,1400,93.950,1200,93.930,2500,94.000,100,94.090,7800,94.100,1000,94.110,200,94.120,2020-04-03,14:10:59,00,";
var hq_str_sh603259="药明康德,93.870,94.060,94.000,95.550,93.500,93.990,94.000,8102235,766330974.000,100,93.990,800,93.980,1200,93.970,9000,93.960,1700,93.950,4100,94.000,800,94.090,6900,94.100,1000,94.110,200,94.120,2020-04-03,14:11:59,00,";
var hq_str_sh603259="药明康德,93.870,94.060,94.050,95.550,93.500,94.010,94.050,8117735,767788462.000,400,94.010,400,94.000,300,93.990,1400,93.980,1200,93.970,400,94.050,200,94.060,200,94.070,8100,94.080,700,94.090,2020-04-03,14:12:59,00,";
var hq_str_sh603259="药明康德,93.870,94.060,94.000,95.550,93.500,93.990,94.000,8129335,768878909.000,100,93.990,1300,93.980,700,93.970,6600,93.960,1400,93.950,3700,94.000,400,94.040,1000,94.060,800,94.070,9100,94.080,2020-04-03,14:13:59,00,";
var hq_str_sh603259="药明康德,93.870,94.060,94.000,95.550,93.500,94.000,94.020,8141535,770025771.000,400,94.000,1200,93.970,7300,93.960,1700,93.950,1800,93.920,100,94.020,2700,94.030,400,94.040,2500,94.050,1200,94.070,2020-04-03,14:14:59,00,";
var hq_str_sh603259="药明康德,93.870,94.060,94.000,95.550,93.500,93.970,94.000,8149135,770740265.000,1200,93.970,6400,93.960,1800,93.950,1800,93.920,1500,93.900,6300,94.000,1200,94.010,900,94.030,400,94.040,2700,94.050,2020-04-03,14:15:59,00,";
var hq_str_sh603259="药明康德,93.870,94.060,93.960,95.550,93.500,93.960,93.970,8164635,772196839.000,4400,93.960,2000,93.950,2000,93.920,1700,93.900,100,93.890,2100,93.970,700,93.990,5000,94.000,1200,94.010,100,94.030,2020-04-03,14:16:59,00,";
var hq_str_sh603259="药明康德,93.870,94.060,94.000,95.550,93.500,93.990,94.000,8197935,775325231.000,2200,93.990,900,93.900,200,93.890,4700,93.880,700,93.870,5000,94.000,1200,94.010,100,94.030,300,94.040,2000,94.050,2020-04-03,14:17:59,00,";
var hq_str_sh603259="药明康德,93.870,94.060,93.790,95.550,93.500,93.790,93.800,8236935,778985788.000,100,93.790,1100,93.780,1500,93.770,100,93.760,300,93.750,2600,93.800,2600,93.940,100,93.950,100,93.960,6300,94.000,2020-04-03,14:18:59,00,";
var hq_str_sh603259="药明康德,93.870,94.060,93.940,95.550,93.500,93.840,93.940,8267735,781874100.000,1300,93.840,2400,93.780,900,93.720,2300,93.710,16000,93.700,1100,93.940,6000,94.000,300,94.040,2000,94.050,500,94.070,2020-04-03,14:19:59,00,";
var hq_str_sh603259="药明康德,93.870,94.060,93.810,95.550,93.500,93.800,93.810,8309235,785767533.000,1600,93.800,300,93.790,300,93.730,500,93.720,100,93.710,100,93.810,2800,93.930,100,93.940,100,93.950,200,93.960,2020-04-03,14:20:59,00,";
var hq_str_sh603259="药明康德,93.870,94.060,93.930,95.550,93.500,93.800,93.930,8339035,788563219.000,9700,93.800,200,93.750,100,93.720,8200,93.710,6300,93.700,2400,93.930,100,93.940,200,93.960,1500,93.980,700,93.990,2020-04-03,14:21:59,00,";
var hq_str_sh603259="药明康德,93.870,94.060,93.990,95.550,93.500,93.990,94.000,8359535,790488348.000,1000,93.990,1200,93.980,300,93.970,600,93.930,1200,93.920,4500,94.000,300,94.040,2800,94.050,100,94.060,500,94.070,2020-04-03,14:22:59,00,";
var hq_str_sh603259="药明康德,93.870,94.060,94.000,95.550,93.500,93.980,94.000,8371935,791653870.000,900,93.980,500,93.970,300,93.930,500,93.920,800,93.900,8080,94.000,300,94.040,3100,94.050,100,94.060,500,94.070,2020-04-03,14:23:59,00,";
var hq_str_sh603259="药明康德,93.870,94.060,93.980,95.550,93.500,93.970,93.980,8392135,793551814.000,300,93.970,600,93.900,2800,93.880,300,93.870,200,93.850,100,93.980,1100,93.990,7880,94.000,1100,94.040,3000,94.050,2020-04-03,14:24:59,00,";
var hq_str_sh603259="药明康德,93.870,94.060,94.000,95.550,93.500,93.990,94.000,8413335,795544803.000,1200,93.990,200,93.980,100,93.920,1500,93.900,2800,93.880,2580,94.000,600,94.060,7500,94.080,6200,94.100,1100,94.120,2020-04-03,14:25:59,00,";
var hq_str_sh603259="药明康德,93.870,94.060,94.080,95.550,93.500,94.070,94.090,8441735,798215966.000,100,94.070,300,94.050,100,94.000,200,93.990,400,93.980,700,94.090,11680,94.100,700,94.120,100,94.130,100,94.140,2020-04-03,14:26:59,00,";
var hq_str_sh603259="药明康德,93.870,94.060,93.900,95.550,93.500,93.900,94.080,8486735,802446229.000,400,93.900,21800,93.880,300,93.870,200,93.850,200,93.840,500,94.080,500,94.090,11980,94.100,800,94.120,100,94.130,2020-04-03,14:27:59,00,";
var hq_str_sh603259="药明康德,93.870,94.060,94.000,95.550,93.500,93.990,94.000,8492235,802963291.000,300,93.990,200,93.940,1300,93.930,200,93.920,700,93.910,3300,94.000,2300,94.040,1100,94.080,700,94.090,12380,94.100,2020-04-03,14:28:59,00,";
var hq_str_sh603259="药明康德,93.870,94.060,93.970,95.550,93.500,93.930,93.970,8544235,807855658.000,1000,93.930,500,93.920,4000,93.900,400,93.890,21000,93.880,100,93.970,200,94.010,3680,94.100,400,94.150,100,94.170,2020-04-03,14:29:59,00,";
var hq_str_sh603259="药明康德,93.870,94.060,94.060,95.550,93.500,94.030,94.050,8559335,809275389.000,300,94.030,900,94.000,500,93.940,100,93.930,300,93.920,300,94.050,3580,94.100,1000,94.120,400,94.150,100,94.160,2020-04-03,14:30:59,00,";
var hq_str_sh603259="药明康德,93.870,94.060,94.000,95.550,93.500,93.990,94.000,8592935,812433885.000,1000,93.990,100,93.970,300,93.950,200,93.930,100,93.920,4400,94.000,400,94.010,1500,94.080,4380,94.100,1000,94.120,2020-04-03,14:31:59,00,";
var hq_str_sh603259="药明康德,93.870,94.060,93.950,95.550,93.500,93.950,93.990,8637435,816616086.000,100,93.950,600,93.910,6100,93.900,500,93.890,12400,93.880,300,93.990,19700,94.000,1300,94.030,100,94.050,1000,94.060,2020-04-03,14:32:59,00,";
var hq_str_sh603259="药明康德,93.870,94.060,93.900,95.550,93.500,93.890,93.900,8698835,822386300.000,300,93.890,12800,93.880,300,93.870,300,93.850,100,93.840,41800,93.900,7700,94.000,1600,94.040,1500,94.050,1000,94.060,2020-04-03,14:33:59,00,";
var hq_str_sh603259="药明康德,93.870,94.060,93.950,95.550,93.500,93.980,93.990,8728150,825138339.000,100,93.980,900,93.950,200,93.930,1000,93.880,300,93.840,100,93.990,7800,94.000,1600,94.040,1300,94.050,1000,94.060,2020-04-03,14:34:59,00,";
var hq_str_sh603259="药明康德,93.870,94.060,94.000,95.550,93.500,94.000,94.020,8753150,827488377.000,6100,94.000,300,93.990,2800,93.980,200,93.970,1100,93.960,300,94.020,1400,94.050,1000,94.060,2100,94.070,1500,94.080,2020-04-03,14:35:59,00,";
var hq_str_sh603259="药明康德,93.870,94.060,93.930,95.550,93.500,93.930,94.000,8783950,830383454.000,900,93.930,7400,93.900,2900,93.880,800,93.850,300,93.840,700,94.000,100,94.020,500,94.050,3700,94.060,2100,94.070,2020-04-03,14:36:59,00,";
var hq_str_sh603259="药明康德,93.870,94.060,94.010,95.550,93.500,94.000,94.010,8808990,832736556.000,16600,94.000,600,93.930,100,93.910,5060,93.900,2900,93.880,9100,94.010,300,94.040,1100,94.050,4400,94.060,3600,94.070,2020-04-03,14:37:59,00,";
var hq_str_sh603259="药明康德,93.870,94.060,93.980,95.550,93.500,93.800,93.980,8917030,842869756.000,600,93.800,1000,93.720,200,93.670,500,93.650,300,93.640,1300,93.980,200,93.990,500,94.000,600,94.040,300,94.050,2020-04-03,14:38:59,00,";
var hq_str_sh603259="药明康德,93.870,94.060,93.980,95.550,93.500,93.980,94.000,8939230,844955607.000,7100,93.980,900,93.910,100,93.900,200,93.840,200,93.830,2600,94.000,100,94.010,1100,94.020,2200,94.030,1500,94.040,2020-04-03,14:39:59,00,";
var hq_str_sh603259="药明康德,93.870,94.060,93.990,95.550,93.500,93.900,93.990,8982130,848985504.000,400,93.900,300,93.830,500,93.820,4600,93.810,12600,93.800,4900,93.990,12000,94.000,1500,94.010,1100,94.020,2200,94.030,2020-04-03,14:40:59,00,";
var hq_str_sh603259="药明康德,93.870,94.060,94.100,95.550,93.500,94.060,94.090,9047430,855120980.000,200,94.060,300,94.010,200,93.850,7400,93.800,400,93.780,300,94.090,6600,94.100,1600,94.120,200,94.130,100,94.140,2020-04-03,14:41:59,00,";
var hq_str_sh603259="药明康德,93.870,94.060,94.060,95.550,93.500,94.020,94.050,9058830,856192327.000,200,94.020,1900,93.860,300,93.850,100,93.840,1800,93.830,100,94.050,900,94.060,800,94.070,300,94.080,1900,94.090,2020-04-03,14:43:02,00,";
var hq_str_sh603259="药明康德,93.870,94.060,93.970,95.550,93.500,93.900,93.960,9086430,858783628.000,100,93.900,1800,93.880,2900,93.860,900,93.850,100,93.840,200,93.960,200,93.970,700,93.980,1500,93.990,10000,94.000,2020-04-03,14:43:59,00,";
var hq_str_sh603259="药明康德,93.870,94.060,94.000,95.550,93.500,94.000,94.010,9127330,862628335.000,18900,94.000,1100,93.980,300,93.970,800,93.900,100,93.860,900,94.010,700,94.020,100,94.040,300,94.050,1200,94.060,2020-04-03,14:44:59,00,";
var hq_str_sh603259="药明康德,93.870,94.060,94.000,95.550,93.500,94.000,94.010,9158730,865580168.000,1800,94.000,500,93.980,300,93.970,800,93.900,100,93.860,500,94.010,2300,94.020,900,94.030,500,94.050,1200,94.060,2020-04-03,14:45:59,00,";
var hq_str_sh603259="药明康德,93.870,94.060,94.020,95.550,93.500,94.000,94.020,9176430,867243701.000,2700,94.000,700,93.970,1100,93.960,200,93.950,400,93.940,1500,94.020,900,94.030,500,94.050,1200,94.060,1400,94.070,2020-04-03,14:46:59,00,";
var hq_str_sh603259="药明康德,93.870,94.060,94.000,95.550,93.500,93.950,94.000,9219930,871332432.000,100,93.950,1500,93.940,400,93.930,100,93.920,15000,93.910,17300,94.000,10200,94.020,900,94.030,1300,94.050,1200,94.060,2020-04-03,14:47:59,00,";
var hq_str_sh603259="药明康德,93.870,94.060,94.000,95.550,93.500,94.000,94.010,9283030,877263074.000,400,94.000,4800,93.950,500,93.930,400,93.920,12100,93.910,100,94.010,2400,94.020,900,94.030,1100,94.050,1500,94.060,2020-04-03,14:48:59,00,";
var hq_str_sh603259="药明康德,93.870,94.060,93.980,95.550,93.500,93.980,94.000,9335530,882195833.000,200,93.980,200,93.950,100,93.930,2100,93.920,100,93.910,21900,94.000,1400,94.010,1100,94.030,1100,94.050,2700,94.060,2020-04-03,14:49:56,00,";
var hq_str_sh603259="药明康德,93.870,94.060,93.990,95.550,93.500,93.950,93.990,9423130,890425404.000,1000,93.950,400,93.910,2600,93.900,2700,93.890,15100,93.880,3000,93.990,1900,94.000,1200,94.010,1200,94.030,900,94.050,2020-04-03,14:50:59,00,";
var hq_str_sh603259="药明康德,93.870,94.060,93.920,95.550,93.500,93.910,93.920,9502630,897890646.000,100,93.910,300,93.900,1300,93.880,1100,93.860,1100,93.850,400,93.920,1000,93.930,5400,93.950,200,93.980,2800,93.990,2020-04-03,14:51:58,00,";
var hq_str_sh603259="药明康德,93.870,94.060,93.800,95.550,93.500,93.790,93.800,9568430,904064605.000,100,93.790,2100,93.780,1100,93.770,200,93.760,900,93.750,12100,93.800,200,93.900,600,93.910,1700,93.920,300,93.930,2020-04-03,14:52:59,00,";
var hq_str_sh603259="药明康德,93.870,94.060,93.900,95.550,93.500,93.890,93.900,9608770,907849582.000,300,93.890,400,93.880,200,93.870,1000,93.850,1100,93.840,4400,93.900,1700,93.920,500,93.930,500,93.950,1100,93.980,2020-04-03,14:53:59,00,";
var hq_str_sh603259="药明康德,93.870,94.060,93.800,95.550,93.500,93.800,93.870,9658410,912507279.000,4900,93.800,12500,93.780,1000,93.770,2060,93.750,4100,93.730,200,93.870,500,93.880,2900,93.900,2400,93.920,3300,93.930,2020-04-03,14:54:59,00,";
var hq_str_sh603259="药明康德,93.870,94.060,93.800,95.550,93.500,93.800,93.820,9705710,916943899.000,100,93.800,2900,93.790,100,93.780,500,93.770,2200,93.760,200,93.820,800,93.850,2000,93.860,2000,93.870,1100,93.880,2020-04-03,14:55:59,00,";
var hq_str_sh603259="药明康德,93.870,94.060,93.780,95.550,93.500,93.770,93.780,9774410,923388012.000,500,93.770,1400,93.760,2460,93.750,4000,93.730,400,93.720,4522,93.780,1700,93.790,1200,93.800,600,93.810,900,93.820,2020-04-03,14:56:59,00,";
var hq_str_sh603259="药明康德,93.870,94.060,93.780,95.550,93.500,93.780,93.780,9774410,923388012.000,21100,93.780,0,0.000,0,0.000,0,0.000,0,0.000,21100,93.780,10022,0.000,0,0.000,0,0.000,0,0.000,2020-04-03,14:57:59,00,";
var hq_str_sh603259="药明康德,93.870,94.060,93.780,95.550,93.500,93.650,93.650,9774410,923388012.000,57860,93.650,0,0.000,0,0.000,0,0.000,0,0.000,57860,93.650,19340,0.000,0,0.000,0,0.000,0,0.000,2020-04-03,14:58:59,00,";
