var hq_str_sh603259="药明康德,107.400,106.900,107.400,107.400,107.400,107.300,107.400,40500,4349700.000,300,107.300,800,107.280,400,107.240,200,107.210,1100,107.200,22,107.400,300,107.470,300,107.500,1000,107.700,100,107.710,2020-08-27,09:29:48,00,";
var hq_str_sh603259="药明康德,107.400,106.900,106.910,107.700,106.910,106.900,106.910,268400,28806048.000,1500,106.900,2000,106.880,600,106.870,200,106.850,900,106.810,200,106.910,2300,106.920,1200,106.950,400,106.970,800,106.980,2020-08-27,09:30:59,00,";
var hq_str_sh603259="药明康德,107.400,106.900,106.670,107.700,106.570,106.570,106.670,406400,43538367.000,500,106.570,300,106.550,400,106.520,400,106.510,7400,106.500,1300,106.670,1600,106.680,100,106.690,14300,106.700,2700,106.710,2020-08-27,09:31:59,00,";
var hq_str_sh603259="药明康德,107.400,106.900,106.310,107.700,106.280,106.310,106.360,527900,56472569.000,2000,106.310,200,106.300,1100,106.290,3000,106.280,200,106.250,200,106.360,7200,106.370,100,106.390,3500,106.400,100,106.410,2020-08-27,09:32:59,00,";
var hq_str_sh603259="药明康德,107.400,106.900,106.290,107.700,106.000,106.230,106.300,674447,72024376.000,1800,106.230,200,106.210,800,106.180,3000,106.150,4300,106.110,1300,106.300,100,106.310,100,106.330,1300,106.360,7000,106.370,2020-08-27,09:33:59,00,";
var hq_str_sh603259="药明康德,107.400,106.900,105.520,107.700,105.520,105.520,105.650,804167,85770319.000,1000,105.520,300,105.510,33100,105.500,1800,105.480,500,105.450,1500,105.650,100,105.670,100,105.680,900,105.690,1400,105.700,2020-08-27,09:34:59,00,";
var hq_str_sh603259="药明康德,107.400,106.900,105.980,107.700,105.520,105.990,106.020,888267,94667050.000,100,105.990,200,105.980,400,105.970,100,105.960,5800,105.950,2000,106.020,200,106.030,300,106.050,200,106.060,500,106.070,2020-08-27,09:35:56,00,";
var hq_str_sh603259="药明康德,107.400,106.900,106.170,107.700,105.520,106.200,106.280,987347,105174736.000,2800,106.200,100,106.130,100,106.110,400,106.100,100,106.090,100,106.280,200,106.310,7500,106.370,3200,106.400,2700,106.460,2020-08-27,09:36:59,00,";
var hq_str_sh603259="药明康德,107.400,106.900,106.170,107.700,105.520,106.170,106.190,1060247,112910145.000,1000,106.170,400,106.150,1800,106.140,900,106.130,100,106.120,10200,106.190,200,106.310,1000,106.360,500,106.370,3200,106.400,2020-08-27,09:37:59,00,";
var hq_str_sh603259="药明康德,107.400,106.900,106.010,107.700,105.520,106.000,106.020,1187647,126427728.000,520,106.000,1050,105.990,4200,105.980,400,105.970,900,105.960,200,106.020,300,106.030,200,106.040,300,106.140,300,106.150,2020-08-27,09:38:59,00,";
var hq_str_sh603259="药明康德,107.400,106.900,106.000,107.700,105.520,106.000,106.140,1266708,134803018.000,8270,106.000,5000,105.980,300,105.960,1000,105.950,900,105.940,300,106.140,1100,106.170,300,106.180,2200,106.310,1200,106.350,2020-08-27,09:39:59,00,";
var hq_str_sh603259="药明康德,107.400,106.900,106.610,107.700,105.520,106.610,106.630,1338008,142393361.000,500,106.610,800,106.490,300,106.400,100,106.390,100,106.360,200,106.630,200,106.640,300,106.650,4300,106.660,300,106.700,2020-08-27,09:40:59,00,";
var hq_str_sh603259="药明康德,107.400,106.900,106.210,107.700,105.520,106.210,106.250,1392085,148143361.000,500,106.210,4223,106.200,500,106.140,400,106.100,100,106.090,500,106.250,100,106.280,500,106.290,100,106.340,200,106.350,2020-08-27,09:41:59,00,";
var hq_str_sh603259="药明康德,107.400,106.900,106.280,107.700,105.520,106.230,106.270,1468785,156301640.000,1500,106.230,1200,106.220,300,106.210,9400,106.200,200,106.170,8500,106.270,1400,106.450,100,106.500,100,106.610,800,106.620,2020-08-27,09:42:59,00,";
var hq_str_sh603259="药明康德,107.400,106.900,105.970,107.700,105.520,105.970,106.040,1627346,173115928.000,339,105.970,500,105.950,200,105.920,1300,105.910,3259,105.900,500,106.040,200,106.060,1600,106.070,900,106.100,300,106.120,2020-08-27,09:43:59,00,";
var hq_str_sh603259="药明康德,107.400,106.900,106.030,107.700,105.520,106.010,106.030,1745936,185688659.000,600,106.010,5749,106.000,800,105.980,200,105.930,2200,105.920,800,106.030,100,106.040,3800,106.230,3500,106.270,2200,106.400,2020-08-27,09:44:59,00,";
var hq_str_sh603259="药明康德,107.400,106.900,106.090,107.700,105.520,106.050,106.090,1848685,196584618.000,2900,106.050,200,106.040,200,106.030,6200,106.010,5300,106.000,800,106.090,4331,106.100,600,106.110,2500,106.160,3600,106.170,2020-08-27,09:45:59,00,";
var hq_str_sh603259="药明康德,107.400,106.900,106.330,107.700,105.520,106.300,106.330,1910216,203121824.000,2300,106.300,400,106.230,500,106.190,500,106.170,600,106.120,200,106.330,1100,106.350,900,106.360,4500,106.380,3300,106.390,2020-08-27,09:46:59,00,";
var hq_str_sh603259="药明康德,107.400,106.900,106.140,107.700,105.520,106.140,106.150,1940516,206337885.000,100,106.140,400,106.110,2100,106.100,2000,106.080,300,106.050,1100,106.150,200,106.160,200,106.170,800,106.180,500,106.190,2020-08-27,09:47:59,00,";
var hq_str_sh603259="药明康德,107.400,106.900,106.010,107.700,105.520,106.000,106.010,2029016,215722794.000,300,106.000,1800,105.990,18500,105.980,400,105.970,200,105.930,1553,106.010,1700,106.020,1000,106.030,2100,106.090,10100,106.100,2020-08-27,09:48:59,00,";
var hq_str_sh603259="药明康德,107.400,106.900,106.100,107.700,105.520,106.100,106.150,2085569,221719013.000,1800,106.100,400,106.050,900,106.040,900,106.010,2000,106.000,400,106.150,200,106.160,200,106.170,800,106.180,200,106.190,2020-08-27,09:49:56,00,";
var hq_str_sh603259="药明康德,107.400,106.900,105.830,107.700,105.520,105.830,105.840,2159605,229568090.000,300,105.830,1400,105.820,1400,105.810,9000,105.800,300,105.780,100,105.840,200,105.860,570,105.870,600,105.880,3600,105.890,2020-08-27,09:50:59,00,";
var hq_str_sh603259="药明康德,107.400,106.900,105.640,107.700,105.520,105.640,105.660,2233105,237338861.000,1500,105.640,1200,105.630,1100,105.620,1500,105.610,12700,105.600,220,105.660,600,105.680,6900,105.700,2000,105.730,5100,105.750,2020-08-27,09:51:59,00,";
var hq_str_sh603259="药明康德,107.400,106.900,105.820,107.700,105.520,105.810,105.840,2293869,243760262.000,3500,105.810,19700,105.800,1000,105.790,400,105.780,600,105.760,200,105.840,200,105.860,470,105.870,300,105.880,800,105.890,2020-08-27,09:52:59,00,";
var hq_str_sh603259="药明康德,107.400,106.900,105.960,107.700,105.520,105.950,105.970,2331239,247719077.000,900,105.950,100,105.920,300,105.910,1130,105.890,200,105.880,200,105.970,941,106.000,300,106.010,500,106.020,100,106.030,2020-08-27,09:53:59,00,";
var hq_str_sh603259="药明康德,107.400,106.900,105.930,107.700,105.520,105.920,105.930,2359895,250754502.000,600,105.920,11500,105.910,3374,105.890,100,105.880,300,105.860,100,105.930,100,105.990,900,106.000,300,106.010,500,106.020,2020-08-27,09:54:59,00,";
var hq_str_sh603259="药明康德,107.400,106.900,106.250,107.700,105.520,106.200,106.240,2414095,256503378.000,100,106.200,100,106.080,1500,106.050,100,106.040,500,106.030,200,106.240,1000,106.250,1000,106.300,1400,106.350,100,106.360,2020-08-27,09:55:59,00,";
var hq_str_sh603259="药明康德,107.400,106.900,105.900,107.700,105.520,105.800,105.900,2522866,268031999.000,1403,105.800,300,105.780,800,105.770,2500,105.750,400,105.730,1800,105.900,1000,105.940,600,105.950,1500,106.000,700,106.020,2020-08-27,09:56:59,00,";
var hq_str_sh603259="药明康德,107.400,106.900,105.800,107.700,105.520,105.800,105.810,2598387,276014868.000,100,105.800,3900,105.770,200,105.760,3700,105.750,300,105.740,100,105.810,300,105.890,200,105.900,3800,105.940,800,106.000,2020-08-27,09:57:59,00,";
var hq_str_sh603259="药明康德,107.400,106.900,105.860,107.700,105.520,105.830,105.860,2632087,279583855.000,100,105.830,300,105.820,1000,105.810,300,105.800,3000,105.780,800,105.860,600,105.900,400,105.910,200,105.920,3100,105.990,2020-08-27,09:58:59,00,";
var hq_str_sh603259="药明康德,107.400,106.900,105.780,107.700,105.520,105.780,105.790,2662087,282759506.000,3700,105.780,1700,105.770,1700,105.760,200,105.750,600,105.740,1300,105.790,200,105.800,2920,105.810,100,105.820,1000,105.830,2020-08-27,09:59:59,00,";
var hq_str_sh603259="药明康德,107.400,106.900,105.740,107.700,105.520,105.730,105.740,2751487,292219079.000,300,105.730,200,105.720,500,105.710,1900,105.700,400,105.690,900,105.740,100,105.780,300,105.800,400,105.810,300,105.830,2020-08-27,10:00:59,00,";
var hq_str_sh603259="药明康德,107.400,106.900,105.900,107.700,105.520,105.890,105.900,2798387,297186489.000,200,105.890,700,105.880,1100,105.870,400,105.860,300,105.850,1300,105.900,300,105.970,400,105.990,1200,106.000,1100,106.010,2020-08-27,10:01:59,00,";
var hq_str_sh603259="药明康德,107.400,106.900,106.000,107.700,105.520,106.000,106.020,2834741,301038571.000,800,106.000,600,105.950,300,105.940,100,105.930,3000,105.910,800,106.020,100,106.030,200,106.050,1000,106.100,200,106.110,2020-08-27,10:02:59,00,";
var hq_str_sh603259="药明康德,107.400,106.900,106.220,107.700,105.520,106.220,106.250,2855541,303246326.000,2700,106.220,200,106.180,300,106.140,7900,106.110,600,106.100,900,106.250,100,106.280,1100,106.290,600,106.300,1000,106.350,2020-08-27,10:03:59,00,";
var hq_str_sh603259="药明康德,107.400,106.900,105.980,107.700,105.520,105.960,105.980,2895941,307529427.000,1100,105.960,3000,105.950,800,105.930,300,105.910,1600,105.900,300,105.980,100,105.990,1900,106.000,900,106.010,800,106.020,2020-08-27,10:04:59,00,";
var hq_str_sh603259="药明康德,107.400,106.900,105.900,107.700,105.520,105.900,105.930,2959601,314272918.000,3700,105.900,1100,105.880,200,105.850,1400,105.830,1240,105.820,400,105.930,100,105.950,200,105.980,526,105.990,7400,106.000,2020-08-27,10:05:59,00,";
var hq_str_sh603259="药明康德,107.400,106.900,106.000,107.700,105.520,105.990,106.000,2987165,317194025.000,162,105.990,3700,105.980,100,105.970,4100,105.960,900,105.920,900,106.000,2100,106.010,100,106.020,1100,106.030,2000,106.070,2020-08-27,10:06:59,00,";
var hq_str_sh603259="药明康德,107.400,106.900,105.970,107.700,105.520,105.960,105.970,3040165,322812044.000,1700,105.960,600,105.920,300,105.910,4400,105.900,1100,105.880,400,105.970,300,105.980,5100,106.000,300,106.020,1800,106.070,2020-08-27,10:07:59,00,";
var hq_str_sh603259="药明康德,107.400,106.900,105.880,107.700,105.520,105.870,105.880,3073265,326318369.000,1100,105.870,100,105.840,800,105.830,2540,105.820,5300,105.810,300,105.880,200,105.890,2500,105.900,100,105.950,1200,106.000,2020-08-27,10:08:59,00,";
var hq_str_sh603259="药明康德,107.400,106.900,106.000,107.700,105.520,106.000,106.010,3099165,329062179.000,28700,106.000,1100,105.880,200,105.870,100,105.850,100,105.840,100,106.010,300,106.020,2400,106.030,100,106.060,1800,106.070,2020-08-27,10:09:59,00,";
var hq_str_sh603259="药明康德,107.400,106.900,105.730,107.700,105.520,105.710,105.730,3190305,338714295.000,1300,105.710,2900,105.700,800,105.690,1200,105.680,400,105.670,1200,105.730,900,105.740,900,105.750,1100,105.760,200,105.780,2020-08-27,10:10:59,00,";
var hq_str_sh603259="药明康德,107.400,106.900,105.620,107.700,105.520,105.610,105.620,3237333,343682313.000,500,105.610,22754,105.600,500,105.590,4600,105.580,3200,105.570,500,105.620,100,105.640,1500,105.670,1580,105.680,200,105.700,2020-08-27,10:11:56,00,";
var hq_str_sh603259="药明康德,107.400,106.900,105.700,107.700,105.520,105.670,105.700,3262713,346365069.000,300,105.670,400,105.650,600,105.640,500,105.620,1200,105.610,4900,105.700,800,105.780,800,105.790,1032,105.800,700,105.810,2020-08-27,10:12:56,00,";
var hq_str_sh603259="药明康德,107.400,106.900,105.670,107.700,105.520,105.670,105.680,3338313,354352730.000,400,105.670,600,105.650,10400,105.620,600,105.610,12854,105.600,500,105.680,2400,105.700,300,105.720,1800,105.730,100,105.770,2020-08-27,10:13:59,00,";
var hq_str_sh603259="药明康德,107.400,106.900,105.820,107.700,105.520,105.820,105.840,3370645,357770226.000,1200,105.820,100,105.810,4568,105.800,1100,105.740,1300,105.730,2500,105.840,200,105.850,1000,105.880,100,105.930,100,105.960,2020-08-27,10:14:59,00,";
var hq_str_sh603259="药明康德,107.400,106.900,105.680,107.700,105.520,105.650,105.680,3402013,361086482.000,1500,105.650,5500,105.640,1000,105.630,10200,105.620,600,105.610,200,105.680,421,105.690,300,105.700,200,105.710,600,105.730,2020-08-27,10:15:59,00,";
var hq_str_sh603259="药明康德,107.400,106.900,105.590,107.700,105.520,105.590,105.600,3459867,367197180.000,1100,105.590,3000,105.580,2200,105.570,400,105.560,5800,105.550,16446,105.600,3400,105.610,100,105.630,1300,105.650,600,105.670,2020-08-27,10:16:59,00,";
var hq_str_sh603259="药明康德,107.400,106.900,105.140,107.700,105.130,105.180,105.200,3618667,383941581.000,1500,105.180,700,105.140,500,105.130,3300,105.120,1000,105.110,1800,105.200,2000,105.240,700,105.250,7800,105.260,500,105.270,2020-08-27,10:17:59,00,";
var hq_str_sh603259="药明康德,107.400,106.900,105.360,107.700,105.070,105.360,105.400,3706595,393196072.000,600,105.360,472,105.320,100,105.310,600,105.300,1100,105.270,200,105.400,100,105.470,556,105.550,100,105.580,400,105.610,2020-08-27,10:18:56,00,";
var hq_str_sh603259="药明康德,107.400,106.900,105.470,107.700,105.070,105.500,105.520,3758495,398666772.000,4100,105.500,200,105.430,100,105.400,6200,105.370,10900,105.360,400,105.520,100,105.540,1356,105.550,400,105.580,1300,105.600,2020-08-27,10:19:56,00,";
var hq_str_sh603259="药明康德,107.400,106.900,105.430,107.700,105.070,105.430,105.440,3799551,402996948.000,200,105.430,1600,105.410,5644,105.400,2400,105.380,7000,105.370,200,105.440,400,105.460,2300,105.500,100,105.540,200,105.550,2020-08-27,10:20:59,00,";
var hq_str_sh603259="药明康德,107.400,106.900,104.990,107.700,104.980,104.980,104.990,4013967,425533706.000,1800,104.980,100,104.950,100,104.930,2000,104.900,300,104.890,400,104.990,1100,105.010,100,105.020,2900,105.030,600,105.060,2020-08-27,10:21:59,00,";
var hq_str_sh603259="药明康德,107.400,106.900,105.060,107.700,104.870,105.060,105.070,4109835,435599418.000,2700,105.060,2900,105.050,200,105.010,6200,105.000,600,104.990,400,105.070,400,105.080,5600,105.100,100,105.190,100,105.280,2020-08-27,10:22:59,00,";
var hq_str_sh603259="药明康德,107.400,106.900,105.330,107.700,104.870,105.330,105.350,4143935,439184939.000,3000,105.330,300,105.280,1600,105.230,100,105.220,500,105.200,600,105.350,200,105.360,200,105.380,700,105.390,300,105.400,2020-08-27,10:23:59,00,";
var hq_str_sh603259="药明康德,107.400,106.900,105.390,107.700,104.870,105.390,105.430,4185535,443566842.000,2200,105.390,100,105.380,400,105.370,900,105.350,600,105.340,2200,105.430,200,105.450,1000,105.500,200,105.550,1200,105.590,2020-08-27,10:24:59,00,";
var hq_str_sh603259="药明康德,107.400,106.900,105.680,107.700,104.870,105.650,105.680,4246915,450045084.000,600,105.650,200,105.630,4520,105.510,1300,105.500,500,105.410,1300,105.680,1500,105.690,1300,105.700,1000,105.720,300,105.730,2020-08-27,10:25:59,00,";
var hq_str_sh603259="药明康德,107.400,106.900,105.440,107.700,104.870,105.420,105.440,4265435,451999427.000,600,105.420,200,105.410,800,105.400,1000,105.390,100,105.380,100,105.440,100,105.470,200,105.480,1800,105.490,2160,105.500,2020-08-27,10:26:59,00,";
var hq_str_sh603259="药明康德,107.400,106.900,105.600,107.700,104.870,105.600,105.640,4288695,454453621.000,600,105.600,100,105.550,900,105.540,700,105.530,1000,105.520,1000,105.640,100,105.670,3400,105.680,200,105.690,1800,105.700,2020-08-27,10:27:59,00,";
var hq_str_sh603259="药明康德,107.400,106.900,105.800,107.700,104.870,105.800,105.840,4320925,457860805.000,300,105.800,3200,105.730,100,105.720,520,105.710,5850,105.700,432,105.840,1000,105.870,100,105.930,200,105.950,2500,105.990,2020-08-27,10:28:56,00,";
var hq_str_sh603259="药明康德,107.400,106.900,105.850,107.700,104.870,105.850,105.910,4377925,463897594.000,300,105.850,100,105.840,200,105.770,800,105.750,100,105.730,100,105.910,400,105.980,100,105.990,1400,106.000,2000,106.010,2020-08-27,10:29:59,00,";
var hq_str_sh603259="药明康德,107.400,106.900,105.700,107.700,104.870,105.590,105.700,4438395,470288134.000,100,105.590,500,105.580,6000,105.550,300,105.530,800,105.520,1200,105.700,300,105.720,500,105.750,5000,105.770,100,105.790,2020-08-27,10:30:59,00,";
var hq_str_sh603259="药明康德,107.400,106.900,105.700,107.700,104.870,105.700,105.730,4464185,473013469.000,2700,105.700,100,105.650,500,105.620,400,105.610,2800,105.600,100,105.730,500,105.750,5000,105.770,3000,105.800,200,105.810,2020-08-27,10:31:59,00,";
var hq_str_sh603259="药明康德,107.400,106.900,105.710,107.700,104.870,105.700,105.710,4480385,474725706.000,4600,105.700,200,105.680,100,105.650,1100,105.610,4000,105.600,200,105.710,500,105.750,5000,105.770,3000,105.800,200,105.810,2020-08-27,10:32:59,00,";
var hq_str_sh603259="药明康德,107.400,106.900,105.710,107.700,104.870,105.710,105.720,4507867,477630502.000,700,105.710,318,105.700,400,105.660,400,105.620,5100,105.610,800,105.720,1700,105.730,400,105.740,500,105.750,5000,105.770,2020-08-27,10:33:59,00,";
var hq_str_sh603259="药明康德,107.400,106.900,105.680,107.700,104.870,105.660,105.680,4520667,478983189.000,1518,105.660,4800,105.650,5100,105.610,3600,105.600,1000,105.590,200,105.680,600,105.700,4900,105.710,500,105.720,400,105.750,2020-08-27,10:34:59,00,";
var hq_str_sh603259="药明康德,107.400,106.900,105.630,107.700,104.870,105.630,105.650,4560567,483199160.000,200,105.630,800,105.620,6000,105.610,5400,105.600,1000,105.590,1400,105.650,100,105.670,100,105.680,100,105.690,400,105.700,2020-08-27,10:35:59,00,";
var hq_str_sh603259="药明康德,107.400,106.900,105.550,107.700,104.870,105.550,105.560,4624722,489971090.000,3185,105.550,5600,105.500,1200,105.480,400,105.470,200,105.450,200,105.560,1000,105.570,100,105.580,1000,105.590,4200,105.600,2020-08-27,10:36:59,00,";
var hq_str_sh603259="药明康德,107.400,106.900,105.670,107.700,104.870,105.650,105.670,4649422,492578955.000,5900,105.650,200,105.610,10700,105.600,500,105.530,800,105.520,200,105.670,200,105.700,700,105.710,500,105.720,4600,105.800,2020-08-27,10:37:59,00,";
var hq_str_sh603259="药明康德,107.400,106.900,105.730,107.700,104.870,105.730,105.800,4660322,493730978.000,200,105.730,800,105.720,1100,105.710,2900,105.700,100,105.690,4900,105.800,4000,105.810,1100,105.850,300,105.920,1100,105.950,2020-08-27,10:38:59,00,";
var hq_str_sh603259="药明康德,107.400,106.900,105.760,107.700,104.870,105.730,105.790,4705822,498541486.000,300,105.730,100,105.720,2500,105.710,2500,105.700,100,105.690,600,105.790,5100,105.800,4000,105.810,1100,105.850,300,105.920,2020-08-27,10:39:59,00,";
var hq_str_sh603259="药明康德,107.400,106.900,105.920,107.700,104.870,105.950,105.980,4727722,500859007.000,100,105.950,3000,105.920,2000,105.910,100,105.880,500,105.870,1000,105.980,4000,106.000,200,106.020,1700,106.030,500,106.040,2020-08-27,10:40:59,00,";
var hq_str_sh603259="药明康德,107.400,106.900,106.080,107.700,104.870,106.100,106.110,4753862,503631214.000,500,106.100,500,106.090,4200,106.080,2600,106.070,1660,106.060,300,106.110,1100,106.150,1000,106.160,500,106.170,1600,106.190,2020-08-27,10:41:59,00,";
var hq_str_sh603259="药明康德,107.400,106.900,106.160,107.700,104.870,106.150,106.220,4777762,506168010.000,2400,106.150,7400,106.140,400,106.130,600,106.120,1100,106.110,1300,106.220,1500,106.250,100,106.290,600,106.300,900,106.350,2020-08-27,10:42:59,00,";
var hq_str_sh603259="药明康德,107.400,106.900,106.000,107.700,104.870,106.000,106.030,4819462,510592977.000,13060,106.000,500,105.980,100,105.950,600,105.930,5000,105.900,100,106.030,1800,106.040,300,106.070,400,106.090,800,106.100,2020-08-27,10:43:59,00,";
var hq_str_sh603259="药明康德,107.400,106.900,106.020,107.700,104.870,106.020,106.060,4836494,512398780.000,2068,106.020,600,106.010,13260,106.000,500,105.980,100,105.950,100,106.060,300,106.070,100,106.080,500,106.090,800,106.100,2020-08-27,10:44:59,00,";
var hq_str_sh603259="药明康德,107.400,106.900,106.180,107.700,104.870,106.180,106.190,4858594,514744235.000,1000,106.180,2000,106.170,2300,106.160,900,106.150,200,106.140,200,106.190,100,106.220,1000,106.250,100,106.290,900,106.300,2020-08-27,10:45:59,00,";
var hq_str_sh603259="药明康德,107.400,106.900,106.330,107.700,104.870,106.360,106.370,4885594,517614162.000,100,106.360,500,106.330,300,106.300,1000,106.270,300,106.260,700,106.370,200,106.380,500,106.390,200,106.400,100,106.460,2020-08-27,10:46:56,00,";
var hq_str_sh603259="药明康德,107.400,106.900,106.190,107.700,104.870,106.190,106.200,4931694,522511651.000,400,106.190,100,106.180,500,106.170,200,106.160,200,106.140,100,106.200,4200,106.220,100,106.240,600,106.270,900,106.280,2020-08-27,10:47:59,00,";
var hq_str_sh603259="药明康德,107.400,106.900,106.260,107.700,104.870,106.260,106.290,4980284,527672866.000,200,106.260,800,106.230,2000,106.220,300,106.210,2710,106.200,400,106.290,500,106.300,500,106.320,500,106.330,1000,106.370,2020-08-27,10:48:59,00,";
var hq_str_sh603259="药明康德,107.400,106.900,106.320,107.700,104.870,106.320,106.360,4993684,529097195.000,4000,106.320,3500,106.310,200,106.300,100,106.280,4500,106.270,800,106.360,900,106.370,100,106.380,500,106.390,100,106.460,2020-08-27,10:49:59,00,";
var hq_str_sh603259="药明康德,107.400,106.900,106.640,107.700,104.870,106.640,106.650,5045284,534594648.000,1500,106.640,100,106.610,5100,106.600,600,106.590,600,106.580,1000,106.650,7900,106.690,400,106.700,200,106.710,100,106.740,2020-08-27,10:50:59,00,";
var hq_str_sh603259="药明康德,107.400,106.900,106.710,107.700,104.870,106.720,106.740,5095984,540005028.000,200,106.720,2800,106.710,400,106.690,1000,106.660,300,106.640,100,106.740,1600,106.750,1800,106.770,1000,106.780,1500,106.790,2020-08-27,10:51:59,00,";
var hq_str_sh603259="药明康德,107.400,106.900,106.590,107.700,104.870,106.590,106.600,5129984,543631540.000,1600,106.590,1100,106.560,400,106.540,200,106.510,1000,106.430,1200,106.600,100,106.630,100,106.640,900,106.660,3400,106.700,2020-08-27,10:52:59,00,";
var hq_str_sh603259="药明康德,107.400,106.900,106.650,107.700,104.870,106.650,106.700,5162984,547151596.000,500,106.650,2400,106.620,200,106.600,500,106.590,400,106.540,2000,106.700,300,106.750,600,106.780,1400,106.790,2100,106.800,2020-08-27,10:53:59,00,";
var hq_str_sh603259="药明康德,107.400,106.900,106.730,107.700,104.870,106.720,106.730,5192044,550252594.000,640,106.720,100,106.710,600,106.660,100,106.650,1000,106.630,400,106.730,300,106.740,800,106.750,700,106.770,700,106.780,2020-08-27,10:54:59,00,";
var hq_str_sh603259="药明康德,107.400,106.900,106.600,107.700,104.870,106.550,106.600,5212384,552421313.000,500,106.550,2600,106.540,1300,106.500,100,106.490,1000,106.430,3500,106.600,500,106.630,5800,106.640,1800,106.650,400,106.700,2020-08-27,10:55:59,00,";
var hq_str_sh603259="药明康德,107.400,106.900,106.360,107.700,104.870,106.260,106.490,5240084,555369536.000,700,106.260,1900,106.230,1100,106.220,2100,106.210,2310,106.200,100,106.490,2300,106.500,100,106.510,1800,106.540,400,106.550,2020-08-27,10:56:59,00,";
var hq_str_sh603259="药明康德,107.400,106.900,106.520,107.700,104.870,106.520,106.540,5264884,558008922.000,6000,106.520,5400,106.510,300,106.480,7700,106.440,900,106.420,2000,106.540,400,106.550,1000,106.590,1500,106.600,200,106.630,2020-08-27,10:57:59,00,";
var hq_str_sh603259="药明康德,107.400,106.900,106.600,107.700,104.870,106.600,106.620,5293384,561046637.000,800,106.600,2500,106.580,100,106.570,700,106.560,300,106.540,200,106.620,1000,106.630,1500,106.640,2300,106.650,100,106.660,2020-08-27,10:58:59,00,";
var hq_str_sh603259="药明康德,107.400,106.900,106.760,107.700,104.870,106.760,106.770,5321084,564000827.000,300,106.760,300,106.750,3800,106.740,10800,106.700,200,106.640,1100,106.770,200,106.780,100,106.790,13200,106.800,200,106.840,2020-08-27,10:59:59,00,";
var hq_str_sh603259="药明康德,107.400,106.900,106.880,107.700,104.870,106.880,106.890,5370984,569330660.000,2100,106.880,3900,106.870,5500,106.840,3600,106.820,400,106.790,800,106.890,1961,106.900,800,106.920,100,106.930,2000,106.950,2020-08-27,11:00:59,00,";
var hq_str_sh603259="药明康德,107.400,106.900,106.780,107.700,104.870,106.750,106.780,5413184,573840444.000,3900,106.750,100,106.700,300,106.650,2600,106.630,600,106.600,100,106.780,500,106.810,100,106.840,200,106.850,100,106.860,2020-08-27,11:01:59,00,";
var hq_str_sh603259="药明康德,107.400,106.900,106.920,107.700,104.870,106.900,106.910,5428684,575496652.000,900,106.900,300,106.880,6200,106.870,500,106.860,300,106.800,300,106.910,5931,106.920,1961,106.950,100,106.960,2500,106.970,2020-08-27,11:02:59,00,";
var hq_str_sh603259="药明康德,107.400,106.900,106.660,107.700,104.870,106.650,106.670,5479884,580966488.000,800,106.650,2500,106.630,600,106.600,100,106.590,100,106.580,500,106.670,600,106.680,100,106.690,1800,106.700,700,106.730,2020-08-27,11:03:59,00,";
var hq_str_sh603259="药明康德,107.400,106.900,106.710,107.700,104.870,106.700,106.710,5502784,583409589.000,800,106.700,6400,106.680,700,106.670,300,106.660,2500,106.630,5000,106.710,500,106.800,600,106.860,300,106.870,600,106.880,2020-08-27,11:04:59,00,";
var hq_str_sh603259="药明康德,107.400,106.900,106.640,107.700,104.870,106.630,106.640,5532984,586631150.000,200,106.630,300,106.610,600,106.600,100,106.590,100,106.580,600,106.640,800,106.660,500,106.670,800,106.700,1900,106.710,2020-08-27,11:05:59,00,";
var hq_str_sh603259="药明康德,107.400,106.900,106.570,107.700,104.870,106.500,106.570,5557125,589205126.000,1600,106.500,1200,106.480,900,106.420,2000,106.410,200,106.400,2700,106.570,100,106.580,300,106.600,100,106.610,1400,106.630,2020-08-27,11:06:59,00,";
var hq_str_sh603259="药明康德,107.400,106.900,106.390,107.700,104.870,106.380,106.390,5575825,591195727.000,200,106.380,1000,106.310,2500,106.300,700,106.290,6900,106.260,200,106.390,700,106.400,300,106.410,1600,106.430,600,106.450,2020-08-27,11:07:59,00,";
var hq_str_sh603259="药明康德,107.400,106.900,106.340,107.700,104.870,106.340,106.350,5597625,593514230.000,500,106.340,900,106.330,500,106.320,1800,106.310,2100,106.300,400,106.350,100,106.380,900,106.400,200,106.410,900,106.430,2020-08-27,11:08:59,00,";
var hq_str_sh603259="药明康德,107.400,106.900,106.420,107.700,104.870,106.420,106.450,5611525,594992759.000,100,106.420,400,106.410,6100,106.400,1000,106.330,500,106.320,300,106.450,300,106.480,100,106.490,800,106.500,100,106.510,2020-08-27,11:09:59,00,";
var hq_str_sh603259="药明康德,107.400,106.900,106.570,107.700,104.870,106.520,106.570,5633425,597325051.000,600,106.520,1100,106.500,1300,106.420,400,106.410,5600,106.400,100,106.570,100,106.590,100,106.600,200,106.610,200,106.630,2020-08-27,11:10:59,00,";
var hq_str_sh603259="药明康德,107.400,106.900,106.520,107.700,104.870,106.520,106.530,5652804,599391642.000,100,106.520,1000,106.500,100,106.410,200,106.360,200,106.330,200,106.530,100,106.550,400,106.610,1100,106.640,500,106.700,2020-08-27,11:11:59,00,";
var hq_str_sh603259="药明康德,107.400,106.900,106.490,107.700,104.870,106.290,106.390,5680504,602337434.000,200,106.290,200,106.280,2000,106.220,1100,106.210,410,106.200,300,106.390,300,106.490,200,106.500,300,106.510,100,106.520,2020-08-27,11:12:59,00,";
var hq_str_sh603259="药明康德,107.400,106.900,106.270,107.700,104.870,106.270,106.290,5693804,603750371.000,100,106.270,800,106.260,300,106.250,1900,106.240,300,106.200,1000,106.290,200,106.300,1200,106.380,700,106.400,100,106.490,2020-08-27,11:13:59,00,";
var hq_str_sh603259="药明康德,107.400,106.900,106.140,107.700,104.870,106.140,106.170,5711639,605644597.000,1800,106.140,6610,106.130,2000,106.110,11800,106.100,5800,106.090,300,106.170,1100,106.200,1700,106.240,100,106.260,200,106.290,2020-08-27,11:14:59,00,";
var hq_str_sh603259="药明康德,107.400,106.900,106.260,107.700,104.870,106.210,106.220,5756539,610411104.000,100,106.210,800,106.200,300,106.120,100,106.110,1000,106.100,300,106.220,200,106.240,1000,106.260,200,106.270,300,106.300,2020-08-27,11:15:59,00,";
var hq_str_sh603259="药明康德,107.400,106.900,106.290,107.700,104.870,106.260,106.290,5776639,612545932.000,1900,106.260,100,106.210,200,106.130,1000,106.120,10600,106.110,500,106.290,200,106.470,100,106.480,200,106.490,900,106.500,2020-08-27,11:16:59,00,";
var hq_str_sh603259="药明康德,107.400,106.900,106.400,107.700,104.870,106.300,106.490,5787982,613752327.000,300,106.300,200,106.290,1300,106.270,300,106.230,200,106.220,500,106.490,100,106.500,200,106.530,200,106.550,500,106.570,2020-08-27,11:17:59,00,";
var hq_str_sh603259="药明康德,107.400,106.900,106.320,107.700,104.870,106.310,106.320,5801782,615220097.000,700,106.310,700,106.300,100,106.290,900,106.280,1300,106.270,100,106.320,500,106.340,100,106.570,400,106.600,100,106.610,2020-08-27,11:18:59,00,";
var hq_str_sh603259="药明康德,107.400,106.900,106.370,107.700,104.870,106.350,106.420,5815982,616730005.000,1200,106.350,1200,106.340,6700,106.300,100,106.290,2100,106.280,400,106.420,400,106.480,700,106.500,100,106.570,100,106.590,2020-08-27,11:19:59,00,";
var hq_str_sh603259="药明康德,107.400,106.900,106.370,107.700,104.870,106.370,106.480,5851682,620525133.000,300,106.370,100,106.340,100,106.330,200,106.310,800,106.300,200,106.480,700,106.500,100,106.570,400,106.600,100,106.610,2020-08-27,11:20:59,00,";
var hq_str_sh603259="药明康德,107.400,106.900,106.200,107.700,104.870,106.200,106.220,5890017,624595598.000,800,106.200,400,106.060,22,106.050,100,106.040,500,106.030,200,106.220,500,106.320,100,106.330,300,106.340,100,106.350,2020-08-27,11:21:59,00,";
var hq_str_sh603259="药明康德,107.400,106.900,106.140,107.700,104.870,106.140,106.290,5928217,628647530.000,1600,106.140,100,106.080,1100,106.070,200,106.050,200,106.030,100,106.290,100,106.300,100,106.330,300,106.340,300,106.460,2020-08-27,11:22:59,00,";
var hq_str_sh603259="药明康德,107.400,106.900,106.120,107.700,104.870,106.120,106.140,5956065,631604140.000,500,106.120,4200,106.110,3200,106.100,200,106.090,1000,106.070,400,106.140,100,106.150,900,106.200,100,106.220,200,106.290,2020-08-27,11:23:59,00,";
var hq_str_sh603259="药明康德,107.400,106.900,106.370,107.700,104.870,106.330,106.410,5975865,633706863.000,100,106.330,4600,106.320,5300,106.290,200,106.280,3400,106.270,300,106.410,300,106.470,100,106.480,100,106.490,1300,106.500,2020-08-27,11:24:59,00,";
var hq_str_sh603259="药明康德,107.400,106.900,106.550,107.700,104.870,106.410,106.680,5999965,636273511.000,1700,106.410,1100,106.400,600,106.370,2000,106.340,800,106.290,1000,106.680,2000,106.690,15600,106.700,100,106.770,2700,106.800,2020-08-27,11:25:59,00,";
var hq_str_sh603259="药明康德,107.400,106.900,106.470,107.700,104.870,106.390,106.470,6039265,640461222.000,200,106.390,300,106.380,3500,106.370,200,106.290,1900,106.260,100,106.470,100,106.600,200,106.610,200,106.680,100,106.690,2020-08-27,11:26:59,00,";
var hq_str_sh603259="药明康德,107.400,106.900,106.750,107.700,104.870,106.700,106.730,6059905,642659930.000,860,106.700,300,106.690,100,106.610,1200,106.540,100,106.490,100,106.730,200,106.750,100,106.770,500,106.780,2800,106.800,2020-08-27,11:27:59,00,";
var hq_str_sh603259="药明康德,107.400,106.900,106.700,107.700,104.870,106.700,106.710,6104105,647375258.000,3460,106.700,1200,106.660,1500,106.560,7200,106.540,400,106.500,100,106.710,1500,106.800,100,106.810,100,106.850,300,106.870,2020-08-27,11:28:59,00,";
var hq_str_sh603259="药明康德,107.400,106.900,106.750,107.700,104.870,106.700,106.750,6142005,651415861.000,3000,106.700,900,106.650,400,106.600,100,106.530,1560,106.500,200,106.750,2000,106.790,1400,106.800,100,106.810,700,106.850,2020-08-27,11:29:59,00,";
var hq_str_sh603259="药明康德,107.400,106.900,106.750,107.700,104.870,106.700,106.720,6142005,651415861.000,3100,106.700,900,106.650,400,106.600,100,106.530,1560,106.500,800,106.720,200,106.750,2000,106.790,1400,106.800,100,106.810,2020-08-27,11:30:00,00,";
var hq_str_sh603259="药明康德,107.400,106.900,106.710,107.700,104.870,106.710,106.720,6247505,662676033.000,800,106.710,8200,106.700,300,106.680,1200,106.660,4500,106.650,600,106.720,1000,106.750,3900,106.760,500,106.770,1100,106.780,2020-08-27,13:00:57,00,";
var hq_str_sh603259="药明康德,107.400,106.900,106.650,107.700,104.870,106.650,106.660,6270805,665162182.000,4400,106.650,300,106.550,300,106.540,3300,106.510,8200,106.500,700,106.660,500,106.670,200,106.680,600,106.690,953,106.710,2020-08-27,13:01:59,00,";
var hq_str_sh603259="药明康德,107.400,106.900,106.650,107.700,104.870,106.660,106.670,6283405,666506277.000,100,106.660,1900,106.650,300,106.550,300,106.540,3300,106.510,400,106.670,900,106.690,100,106.700,553,106.710,800,106.720,2020-08-27,13:02:59,00,";
var hq_str_sh603259="药明康德,107.400,106.900,106.710,107.700,104.870,106.710,106.730,6297605,668021317.000,2200,106.710,200,106.680,1853,106.670,700,106.660,900,106.650,200,106.730,400,106.750,600,106.760,500,106.770,200,106.780,2020-08-27,13:03:59,00,";
var hq_str_sh603259="药明康德,107.400,106.900,106.760,107.700,104.870,106.760,106.770,6309605,669302230.000,200,106.760,100,106.750,1200,106.720,1700,106.710,100,106.700,500,106.770,300,106.780,100,106.800,600,106.850,300,106.870,2020-08-27,13:04:59,00,";
var hq_str_sh603259="药明康德,107.400,106.900,106.610,107.700,104.870,106.610,106.630,6346958,673287151.000,1700,106.610,1600,106.600,200,106.540,1700,106.510,8600,106.500,100,106.630,800,106.640,100,106.660,1600,106.670,200,106.690,2020-08-27,13:05:59,00,";
var hq_str_sh603259="药明康德,107.400,106.900,106.540,107.700,104.870,106.530,106.540,6375698,676352004.000,860,106.530,3900,106.520,1800,106.510,8600,106.500,500,106.490,100,106.540,300,106.610,300,106.680,9000,106.690,1300,106.700,2020-08-27,13:06:59,00,";
var hq_str_sh603259="药明康德,107.400,106.900,106.740,107.700,104.870,106.720,106.730,6419798,681057294.000,200,106.720,2900,106.710,400,106.700,600,106.690,1800,106.680,300,106.730,400,106.750,1300,106.770,500,106.780,900,106.800,2020-08-27,13:07:59,00,";
var hq_str_sh603259="药明康德,107.400,106.900,106.760,107.700,104.870,106.760,106.790,6433598,682530337.000,400,106.760,1800,106.740,1200,106.730,300,106.720,3800,106.710,1600,106.790,2200,106.800,1000,106.890,1600,106.900,2400,106.910,2020-08-27,13:08:59,00,";
var hq_str_sh603259="药明康德,107.400,106.900,106.880,107.700,104.870,106.850,106.880,6453898,684697996.000,200,106.850,100,106.840,1100,106.820,1800,106.790,2900,106.780,100,106.880,1100,106.890,1600,106.900,2400,106.910,300,106.920,2020-08-27,13:09:59,00,";
var hq_str_sh603259="药明康德,107.400,106.900,106.740,107.700,104.870,106.740,106.760,6484798,687999714.000,1200,106.740,2300,106.720,2500,106.710,6300,106.700,600,106.680,100,106.760,100,106.770,5000,106.780,400,106.790,100,106.850,2020-08-27,13:10:59,00,";
var hq_str_sh603259="药明康德,107.400,106.900,106.950,107.700,104.870,106.900,106.920,6512298,690937400.000,500,106.900,300,106.840,1300,106.790,2100,106.780,100,106.760,100,106.920,1500,106.940,600,106.960,1900,106.970,500,106.980,2020-08-27,13:11:59,00,";
var hq_str_sh603259="药明康德,107.400,106.900,107.040,107.700,104.870,107.030,107.040,6583126,698515179.000,100,107.030,600,107.010,35900,107.000,2300,106.920,300,106.910,4700,107.040,400,107.100,200,107.120,1000,107.130,900,107.180,2020-08-27,13:12:57,00,";
var hq_str_sh603259="药明康德,107.400,106.900,107.010,107.700,104.870,107.010,107.020,6627426,703258462.000,1900,107.010,22400,107.000,2300,106.920,300,106.910,1272,106.900,200,107.020,200,107.030,200,107.040,100,107.050,1600,107.060,2020-08-27,13:13:59,00,";
var hq_str_sh603259="药明康德,107.400,106.900,107.080,107.700,104.870,107.040,107.080,6670526,707871319.000,6400,107.040,1200,107.020,7300,107.010,13200,107.000,2300,106.920,500,107.080,600,107.100,500,107.110,100,107.140,400,107.150,2020-08-27,13:14:59,00,";
var hq_str_sh603259="药明康德,107.400,106.900,107.100,107.700,104.870,107.050,107.100,6692626,710237865.000,1500,107.050,5600,107.040,400,107.020,6300,107.010,13700,107.000,3840,107.100,500,107.110,100,107.130,100,107.140,1000,107.150,2020-08-27,13:15:59,00,";
var hq_str_sh603259="药明康德,107.400,106.900,107.040,107.700,104.870,107.020,107.040,6729926,714231793.000,1800,107.020,7300,107.010,14200,107.000,2400,106.920,300,106.910,436,107.040,900,107.150,400,107.160,100,107.170,1240,107.180,2020-08-27,13:16:59,00,";
var hq_str_sh603259="药明康德,107.400,106.900,107.150,107.700,104.870,107.100,107.150,6757352,717168927.000,9310,107.100,100,107.050,3000,107.040,1664,107.030,5200,107.020,400,107.150,400,107.160,500,107.170,3515,107.180,5800,107.190,2020-08-27,13:17:59,00,";
var hq_str_sh603259="药明康德,107.400,106.900,107.060,107.700,104.870,107.040,107.060,6806762,722460145.000,600,107.040,2164,107.030,4400,107.020,6400,107.010,13600,107.000,300,107.060,600,107.080,500,107.090,100,107.100,1400,107.120,2020-08-27,13:18:59,00,";
var hq_str_sh603259="药明康德,107.400,106.900,107.020,107.700,104.870,107.020,107.030,6842362,726270094.000,1800,107.020,2900,107.010,9800,107.000,2400,106.920,300,106.910,200,107.030,700,107.050,600,107.060,300,107.100,1400,107.120,2020-08-27,13:19:59,00,";
var hq_str_sh603259="药明康德,107.400,106.900,107.200,107.700,104.870,107.190,107.200,6900762,732531547.000,2000,107.190,200,107.110,1000,107.090,1500,107.080,2300,107.070,200,107.200,600,107.250,100,107.260,1000,107.290,500,107.470,2020-08-27,13:20:59,00,";
var hq_str_sh603259="药明康德,107.400,106.900,107.320,107.700,104.870,107.320,107.370,6936062,736318366.000,200,107.320,6000,107.300,1300,107.290,3000,107.280,1600,107.270,200,107.370,1500,107.390,500,107.420,1800,107.430,2300,107.440,2020-08-27,13:21:59,00,";
var hq_str_sh603259="药明康德,107.400,106.900,107.380,107.700,104.870,107.380,107.400,6979562,740989128.000,300,107.380,100,107.370,1000,107.350,4800,107.340,300,107.330,5300,107.400,100,107.420,900,107.430,300,107.440,200,107.450,2020-08-27,13:22:59,00,";
var hq_str_sh603259="药明康德,107.400,106.900,107.410,107.700,104.870,107.300,107.420,7062942,749937443.000,1920,107.300,100,107.280,500,107.260,400,107.220,2300,107.210,600,107.420,100,107.430,300,107.440,500,107.450,100,107.460,2020-08-27,13:23:59,00,";
var hq_str_sh603259="药明康德,107.400,106.900,107.400,107.700,104.870,107.400,107.410,7103442,754286544.000,11300,107.400,100,107.350,300,107.340,500,107.330,100,107.320,1200,107.410,200,107.420,200,107.430,700,107.440,300,107.450,2020-08-27,13:24:59,00,";
var hq_str_sh603259="药明康德,107.400,106.900,107.460,107.700,104.870,107.460,107.470,7208442,765568229.000,100,107.460,6300,107.450,1600,107.440,200,107.360,100,107.350,400,107.470,200,107.480,1800,107.490,1500,107.500,2900,107.520,2020-08-27,13:25:59,00,";
var hq_str_sh603259="药明康德,107.400,106.900,107.450,107.700,104.870,107.430,107.450,7286962,774004937.000,100,107.430,1600,107.400,3000,107.380,300,107.330,3800,107.320,500,107.450,800,107.460,100,107.470,200,107.480,1100,107.490,2020-08-27,13:26:59,00,";
var hq_str_sh603259="药明康德,107.400,106.900,107.610,107.700,104.870,107.620,107.660,7365401,782435191.000,200,107.620,1800,107.610,47300,107.600,400,107.580,100,107.570,200,107.660,900,107.670,2900,107.680,6900,107.690,4700,107.700,2020-08-27,13:27:59,00,";
var hq_str_sh603259="药明康德,107.400,106.900,107.670,107.980,104.870,107.670,107.700,7439201,790386628.000,100,107.670,1100,107.660,2700,107.650,6100,107.640,500,107.610,300,107.700,200,107.710,900,107.740,900,107.770,500,107.790,2020-08-27,13:28:59,00,";
var hq_str_sh603259="药明康德,107.400,106.900,107.810,107.980,104.870,107.810,107.830,7472401,793964870.000,100,107.810,200,107.770,200,107.760,4800,107.750,100,107.740,300,107.830,200,107.840,100,107.850,600,107.880,600,107.890,2020-08-27,13:29:59,00,";
var hq_str_sh603259="药明康德,107.400,106.900,107.700,107.980,104.870,107.690,107.700,7526201,799761233.000,2600,107.690,200,107.680,400,107.670,100,107.660,1100,107.650,700,107.700,100,107.710,400,107.720,500,107.770,100,107.780,2020-08-27,13:30:59,00,";
var hq_str_sh603259="药明康德,107.400,106.900,107.600,107.980,104.870,107.600,107.610,7569301,804400362.000,35400,107.600,100,107.550,100,107.540,10100,107.530,44600,107.520,800,107.610,1600,107.620,300,107.670,700,107.680,1000,107.690,2020-08-27,13:31:59,00,";
var hq_str_sh603259="药明康德,107.400,106.900,107.550,107.980,104.870,107.550,107.600,7621201,809985029.000,6500,107.550,500,107.540,10100,107.530,44600,107.520,561,107.500,6600,107.600,4962,107.610,500,107.620,400,107.630,200,107.640,2020-08-27,13:32:59,00,";
var hq_str_sh603259="药明康德,107.400,106.900,107.580,107.980,104.870,107.570,107.580,7658163,813960900.000,400,107.570,500,107.560,11800,107.550,2300,107.540,6300,107.530,200,107.580,100,107.590,17100,107.600,900,107.610,2800,107.680,2020-08-27,13:33:59,00,";
var hq_str_sh603259="药明康德,107.400,106.900,107.700,107.980,104.870,107.700,107.720,7707063,819224084.000,18200,107.700,2900,107.620,10000,107.610,14800,107.600,2000,107.570,900,107.720,800,107.760,500,107.770,490,107.780,3100,107.800,2020-08-27,13:34:59,00,";
var hq_str_sh603259="药明康德,107.400,106.900,107.800,108.010,104.870,107.790,107.800,7835563,833085883.000,400,107.790,200,107.780,1800,107.700,100,107.690,2600,107.660,3000,107.800,500,107.930,100,107.990,100,108.000,200,108.050,2020-08-27,13:35:59,00,";
var hq_str_sh603259="药明康德,107.400,106.900,108.000,108.010,104.870,108.000,108.010,7900763,840111955.000,40400,108.000,2600,107.680,100,107.670,2200,107.650,200,107.630,600,108.010,100,108.020,500,108.050,500,108.090,3700,108.100,2020-08-27,13:36:59,00,";
var hq_str_sh603259="药明康德,107.400,106.900,107.990,108.050,104.870,107.890,108.000,8000463,850871158.000,100,107.890,100,107.850,4800,107.840,5300,107.820,1200,107.800,13380,108.000,200,108.010,500,108.020,700,108.050,100,108.060,2020-08-27,13:37:59,00,";
var hq_str_sh603259="药明康德,107.400,106.900,107.850,108.050,104.870,107.850,107.890,8046463,855835346.000,8400,107.850,300,107.830,1600,107.820,2500,107.800,4500,107.770,600,107.890,200,107.900,1400,107.910,700,107.950,100,107.960,2020-08-27,13:38:59,00,";
var hq_str_sh603259="药明康德,107.400,106.900,107.870,108.050,104.870,107.850,107.870,8071363,858521225.000,1700,107.850,300,107.830,2500,107.800,4500,107.770,300,107.720,100,107.870,300,107.880,500,107.900,100,107.940,1000,107.950,2020-08-27,13:39:57,00,";
var hq_str_sh603259="药明康德,107.400,106.900,108.050,108.050,104.870,108.020,108.030,8121533,863938081.000,800,108.020,700,108.010,16310,108.000,1800,107.920,400,107.900,100,108.030,400,108.050,100,108.060,100,108.080,1100,108.090,2020-08-27,13:40:59,00,";
var hq_str_sh603259="药明康德,107.400,106.900,108.010,108.120,104.870,108.010,108.030,8160333,868130788.000,9700,108.010,15510,108.000,200,107.930,1800,107.920,200,107.900,200,108.030,100,108.040,1400,108.090,100,108.100,300,108.130,2020-08-27,13:41:59,00,";
var hq_str_sh603259="药明康德,107.400,106.900,108.100,108.290,104.870,108.100,108.220,8244361,877221038.000,2572,108.100,200,108.090,1900,108.080,1000,108.070,1200,108.030,500,108.220,200,108.250,400,108.280,27600,108.290,2000,108.300,2020-08-27,13:42:59,00,";
var hq_str_sh603259="药明康德,107.400,106.900,108.020,108.290,104.870,108.020,108.090,8321801,885598270.000,500,108.020,8072,108.010,15010,108.000,1800,107.920,200,107.900,1200,108.090,1000,108.100,500,108.110,1800,108.130,300,108.140,2020-08-27,13:43:59,00,";
var hq_str_sh603259="药明康德,107.400,106.900,108.020,108.290,104.870,108.020,108.030,8343801,887974807.000,8900,108.020,11472,108.010,16510,108.000,500,107.990,100,107.950,400,108.030,500,108.040,2700,108.050,1100,108.070,800,108.080,2020-08-27,13:44:59,00,";
var hq_str_sh603259="药明康德,107.400,106.900,108.100,108.290,104.870,108.100,108.140,8403181,894389464.000,200,108.100,92,108.010,21500,108.000,500,107.990,4500,107.950,400,108.140,600,108.150,100,108.160,300,108.180,1200,108.200,2020-08-27,13:45:59,00,";
var hq_str_sh603259="药明康德,107.400,106.900,108.000,108.290,104.870,107.990,108.000,8453273,899799874.000,500,107.990,4500,107.950,300,107.940,1800,107.920,100,107.900,668,108.000,2080,108.010,11900,108.020,2558,108.030,700,108.050,2020-08-27,13:46:59,00,";
var hq_str_sh603259="药明康德,107.400,106.900,107.920,108.290,104.870,107.920,107.930,8498373,904664931.000,300,107.920,100,107.830,200,107.820,8800,107.810,1900,107.800,500,107.930,700,107.940,400,107.950,1600,108.000,1400,108.010,2020-08-27,13:47:56,00,";
var hq_str_sh603259="药明康德,107.400,106.900,107.850,108.290,104.870,107.840,107.850,8525673,907610206.000,400,107.840,1400,107.830,4800,107.820,9200,107.810,2400,107.800,1000,107.850,2500,107.880,500,107.890,600,107.900,100,107.910,2020-08-27,13:48:59,00,";
var hq_str_sh603259="药明康德,107.400,106.900,107.990,108.290,104.870,107.990,108.000,8638273,919763910.000,800,107.990,100,107.960,100,107.880,500,107.870,400,107.860,7000,108.000,1000,108.010,900,108.070,158,108.080,3300,108.090,2020-08-27,13:49:59,00,";
var hq_str_sh603259="药明康德,107.400,106.900,107.810,108.290,104.870,107.810,108.000,8702073,926650620.000,1300,107.810,2700,107.800,1300,107.780,4500,107.770,200,107.730,1420,108.000,2000,108.050,100,108.070,1500,108.080,3400,108.090,2020-08-27,13:50:59,00,";
var hq_str_sh603259="药明康德,107.400,106.900,107.770,108.290,104.870,107.770,107.800,8727873,929432480.000,200,107.770,200,107.730,200,107.720,300,107.710,5000,107.700,1568,107.800,4300,107.810,300,107.820,200,107.830,700,107.840,2020-08-27,13:51:59,00,";
var hq_str_sh603259="药明康德,107.400,106.900,107.580,108.290,104.870,107.560,107.580,8769373,933901229.000,100,107.560,3000,107.550,2300,107.540,400,107.530,1300,107.520,800,107.580,1700,107.600,1400,107.610,600,107.620,600,107.650,2020-08-27,13:52:59,00,";
var hq_str_sh603259="药明康德,107.400,106.900,107.530,108.290,104.870,107.530,107.560,8807673,938021396.000,1300,107.530,4100,107.520,3400,107.510,1900,107.500,100,107.480,400,107.560,200,107.590,900,107.600,100,107.610,100,107.640,2020-08-27,13:53:59,00,";
var hq_str_sh603259="药明康德,107.400,106.900,107.650,108.290,104.870,107.640,107.700,8829273,940346531.000,200,107.640,200,107.560,1700,107.550,4700,107.530,4000,107.520,100,107.700,200,107.710,700,107.740,100,107.750,400,107.790,2020-08-27,13:54:59,00,";
var hq_str_sh603259="药明康德,107.400,106.900,107.570,108.290,104.870,107.560,107.590,8851273,942713553.000,1200,107.560,4100,107.550,200,107.540,1300,107.530,3900,107.520,200,107.590,1000,107.690,1900,107.700,200,107.710,700,107.740,2020-08-27,13:55:59,00,";
var hq_str_sh603259="药明康德,107.400,106.900,107.620,108.290,104.870,107.590,107.650,8869673,944694397.000,300,107.590,400,107.570,1100,107.560,1000,107.550,200,107.540,100,107.650,700,107.660,100,107.670,500,107.690,2900,107.700,2020-08-27,13:56:58,00,";
var hq_str_sh603259="药明康德,107.400,106.900,107.700,108.290,104.870,107.670,107.700,8890753,946963736.000,500,107.670,600,107.660,2000,107.650,1320,107.640,1300,107.630,500,107.700,200,107.710,200,107.740,100,107.750,400,107.790,2020-08-27,13:57:59,00,";
var hq_str_sh603259="药明康德,107.400,106.900,107.550,108.290,104.870,107.550,107.560,8934173,951637595.000,200,107.550,200,107.540,300,107.530,2900,107.520,3400,107.510,500,107.560,9680,107.590,600,107.650,100,107.700,700,107.720,2020-08-27,13:58:59,00,";
var hq_str_sh603259="药明康德,107.400,106.900,107.420,108.290,104.870,107.410,107.420,8964973,954947696.000,2000,107.410,200,107.400,100,107.390,200,107.360,300,107.350,1400,107.420,800,107.500,1200,107.510,5100,107.520,500,107.530,2020-08-27,13:59:59,00,";
var hq_str_sh603259="药明康德,107.400,106.900,107.390,108.290,104.870,107.390,107.410,9003273,959061239.000,5600,107.390,100,107.380,300,107.350,200,107.340,11100,107.330,300,107.410,800,107.430,1200,107.440,200,107.460,2200,107.490,2020-08-27,14:00:59,00,";
var hq_str_sh603259="药明康德,107.400,106.900,107.430,108.290,104.870,107.420,107.440,9052793,964380668.000,1800,107.420,1100,107.410,11580,107.400,1500,107.390,100,107.380,300,107.440,500,107.510,5100,107.520,100,107.530,800,107.550,2020-08-27,14:01:59,00,";
var hq_str_sh603259="药明康德,107.400,106.900,107.680,108.290,104.870,107.670,107.680,9092973,968702812.000,900,107.670,200,107.660,100,107.650,4700,107.610,29520,107.600,1300,107.680,700,107.690,300,107.700,100,107.710,500,107.720,2020-08-27,14:02:59,00,";
var hq_str_sh603259="药明康德,107.400,106.900,107.620,108.290,104.870,107.620,107.640,9104373,969929861.000,2500,107.620,3700,107.610,31520,107.600,3300,107.520,3300,107.510,1000,107.640,1100,107.650,1000,107.660,1700,107.670,1600,107.680,2020-08-27,14:03:59,00,";
var hq_str_sh603259="药明康德,107.400,106.900,107.510,108.290,104.870,107.510,107.520,9163893,976333585.000,8800,107.510,10100,107.500,500,107.480,200,107.460,100,107.440,700,107.520,100,107.530,100,107.540,200,107.550,900,107.570,2020-08-27,14:04:59,00,";
var hq_str_sh603259="药明康德,107.400,106.900,107.530,108.290,104.870,107.510,107.530,9186093,978720537.000,3200,107.510,10200,107.500,500,107.480,200,107.460,100,107.440,600,107.530,600,107.540,900,107.550,800,107.570,380,107.600,2020-08-27,14:05:59,00,";
var hq_str_sh603259="药明康德,107.400,106.900,107.390,108.290,104.870,107.400,107.480,9216393,981977531.000,500,107.400,400,107.390,100,107.380,100,107.370,4900,107.360,900,107.480,100,107.500,1600,107.510,800,107.520,200,107.530,2020-08-27,14:06:59,00,";
var hq_str_sh603259="药明康德,107.400,106.900,107.510,108.290,104.870,107.500,107.510,9237293,984224086.000,100,107.500,700,107.450,2200,107.430,300,107.420,1700,107.410,200,107.510,700,107.580,200,107.600,1200,107.630,600,107.650,2020-08-27,14:07:59,00,";
var hq_str_sh603259="药明康德,107.400,106.900,107.500,108.290,104.870,107.510,107.520,9248693,985450060.000,100,107.510,900,107.500,200,107.470,4100,107.460,10300,107.450,300,107.520,800,107.530,400,107.540,400,107.550,600,107.560,2020-08-27,14:08:59,00,";
var hq_str_sh603259="药明康德,107.400,106.900,107.530,108.290,104.870,107.530,107.540,9267693,987493609.000,1500,107.530,8300,107.520,600,107.510,1500,107.500,200,107.470,60,107.540,900,107.620,1300,107.630,600,107.650,1400,107.660,2020-08-27,14:09:59,00,";
var hq_str_sh603259="药明康德,107.400,106.900,107.790,108.290,104.870,107.750,107.800,9378023,999371662.000,200,107.750,1500,107.740,2100,107.710,25610,107.700,800,107.680,400,107.800,100,107.830,500,107.840,500,107.850,1100,107.870,2020-08-27,14:10:58,00,";
var hq_str_sh603259="药明康德,107.400,106.900,107.650,108.290,104.870,107.550,107.650,9419733,1003864519.000,400,107.550,3020,107.530,8000,107.520,100,107.510,2800,107.500,200,107.650,1690,107.700,1800,107.740,1400,107.750,200,107.760,2020-08-27,14:11:59,00,";
var hq_str_sh603259="药明康德,107.400,106.900,107.560,108.290,104.870,107.510,107.540,9444629,1006543258.000,1700,107.510,1824,107.500,300,107.470,3000,107.460,200,107.450,1200,107.540,100,107.560,2600,107.600,600,107.640,1300,107.650,2020-08-27,14:12:56,00,";
var hq_str_sh603259="药明康德,107.400,106.900,107.600,108.290,104.870,107.600,107.640,9473656,1009663765.000,27200,107.600,497,107.510,400,107.490,300,107.480,600,107.470,700,107.640,500,107.650,100,107.680,1200,107.690,1900,107.700,2020-08-27,14:13:59,00,";
var hq_str_sh603259="药明康德,107.400,106.900,107.610,108.290,104.870,107.610,107.620,9492956,1011740629.000,1200,107.610,20200,107.600,1897,107.510,6800,107.500,900,107.490,100,107.620,400,107.630,500,107.640,100,107.680,1000,107.690,2020-08-27,14:14:59,00,";
var hq_str_sh603259="药明康德,107.400,106.900,107.610,108.290,104.870,107.600,107.610,9530356,1015764769.000,2700,107.600,2797,107.510,7200,107.500,900,107.490,600,107.470,2700,107.610,1500,107.660,400,107.680,1000,107.690,1600,107.700,2020-08-27,14:15:56,00,";
var hq_str_sh603259="药明康德,107.400,106.900,107.730,108.290,104.870,107.730,107.740,9557556,1018693441.000,600,107.730,1100,107.710,14200,107.700,200,107.670,5100,107.660,700,107.740,5900,107.750,200,107.760,100,107.780,3500,107.800,2020-08-27,14:16:59,00,";
var hq_str_sh603259="药明康德,107.400,106.900,107.820,108.290,104.870,107.820,107.830,9583156,1021452074.000,200,107.820,2300,107.800,3700,107.770,4400,107.750,500,107.740,100,107.830,500,107.840,500,107.850,100,107.870,600,107.880,2020-08-27,14:17:58,00,";
var hq_str_sh603259="药明康德,107.400,106.900,107.810,108.290,104.870,107.800,107.810,9608456,1024180376.000,600,107.800,3700,107.770,4200,107.750,400,107.740,200,107.710,100,107.810,1100,107.830,300,107.840,1600,107.850,100,107.880,2020-08-27,14:18:59,00,";
var hq_str_sh603259="药明康德,107.400,106.900,107.810,108.290,104.870,107.800,107.830,9654056,1029098742.000,100,107.800,700,107.790,200,107.780,1700,107.770,3600,107.750,1200,107.830,100,107.850,100,107.880,400,107.890,900,107.900,2020-08-27,14:19:59,00,";
var hq_str_sh603259="药明康德,107.400,106.900,107.510,108.290,104.870,107.510,107.520,9676156,1031479425.000,197,107.510,14300,107.500,500,107.490,500,107.470,1200,107.450,300,107.520,500,107.530,600,107.660,1640,107.700,800,107.740,2020-08-27,14:20:59,00,";
var hq_str_sh603259="药明康德,107.400,106.900,107.630,108.290,104.870,107.580,107.630,9695156,1033522544.000,1000,107.580,100,107.560,900,107.550,100,107.530,2800,107.520,300,107.630,200,107.650,100,107.690,1300,107.700,15400,107.750,2020-08-27,14:21:58,00,";
var hq_str_sh603259="药明康德,107.400,106.900,107.630,108.290,104.870,107.650,107.690,9716193,1035787252.000,200,107.650,563,107.630,100,107.610,300,107.600,700,107.590,400,107.690,800,107.730,15500,107.750,200,107.760,1500,107.770,2020-08-27,14:22:59,00,";
var hq_str_sh603259="药明康德,107.400,106.900,107.580,108.290,104.870,107.580,107.590,9742956,1038667616.000,300,107.580,300,107.550,4000,107.520,21000,107.510,14197,107.500,1437,107.590,1700,107.650,100,107.730,2200,107.740,13300,107.750,2020-08-27,14:23:59,00,";
var hq_str_sh603259="药明康德,107.400,106.900,107.590,108.290,104.870,107.590,107.600,9758093,1040296249.000,1400,107.590,100,107.560,300,107.550,300,107.530,5200,107.520,300,107.600,100,107.620,200,107.630,1100,107.650,500,107.700,2020-08-27,14:24:59,00,";
var hq_str_sh603259="药明康德,107.400,106.900,107.580,108.290,104.870,107.580,107.620,9773761,1041981909.000,1100,107.580,300,107.570,1600,107.560,1100,107.550,100,107.540,200,107.620,300,107.630,100,107.640,900,107.700,300,107.730,2020-08-27,14:25:59,00,";
var hq_str_sh603259="药明康德,107.400,106.900,107.800,108.290,104.870,107.800,107.820,9808461,1045719849.000,4200,107.800,100,107.790,100,107.780,100,107.770,100,107.760,2400,107.820,200,107.850,900,107.860,100,107.880,32500,107.900,2020-08-27,14:26:56,00,";
var hq_str_sh603259="药明康德,107.400,106.900,107.720,108.290,104.870,107.670,107.720,9881371,1053581509.000,200,107.670,200,107.650,3090,107.640,9800,107.630,1200,107.620,100,107.720,1900,107.800,100,107.820,6000,107.830,200,107.840,2020-08-27,14:27:59,00,";
var hq_str_sh603259="药明康德,107.400,106.900,107.670,108.290,104.870,107.650,107.670,9896971,1055261636.000,1200,107.650,2790,107.640,9800,107.630,300,107.620,1100,107.610,200,107.670,400,107.700,1300,107.710,300,107.720,140,107.780,2020-08-27,14:28:59,00,";
var hq_str_sh603259="药明康德,107.400,106.900,107.710,108.290,104.870,107.700,107.710,9937811,1059660083.000,2360,107.700,4000,107.650,3590,107.630,1900,107.620,1100,107.610,300,107.710,1400,107.760,300,107.800,800,107.820,6100,107.830,2020-08-27,14:29:59,00,";
var hq_str_sh603259="药明康德,107.400,106.900,107.710,108.290,104.870,107.660,107.710,9984011,1064636966.000,700,107.660,3660,107.650,3590,107.630,1900,107.620,1100,107.610,480,107.710,1000,107.730,200,107.750,4800,107.800,1900,107.810,2020-08-27,14:30:59,00,";
var hq_str_sh603259="药明康德,107.400,106.900,107.800,108.290,104.870,107.800,107.820,10044591,1071163842.000,9100,107.800,4200,107.750,900,107.710,6820,107.700,100,107.670,900,107.820,400,107.830,1500,107.840,5800,107.850,100,107.860,2020-08-27,14:31:59,00,";
var hq_str_sh603259="药明康德,107.400,106.900,107.800,108.290,104.870,107.800,107.840,10086591,1075693525.000,7700,107.800,3000,107.750,2000,107.710,6720,107.700,200,107.680,100,107.840,1400,107.900,1700,107.930,1900,107.950,11000,107.960,2020-08-27,14:32:56,00,";
var hq_str_sh603259="药明康德,107.400,106.900,107.810,108.290,104.870,107.810,107.830,10127291,1080080956.000,4200,107.810,700,107.790,100,107.770,1600,107.750,2000,107.710,600,107.830,3100,107.850,740,107.860,100,107.870,5600,107.880,2020-08-27,14:33:58,00,";
var hq_str_sh603259="药明康德,107.400,106.900,107.790,108.290,104.870,107.760,107.780,10169991,1084684783.000,400,107.760,1500,107.750,300,107.730,500,107.720,2000,107.710,100,107.780,100,107.790,3800,107.800,220,107.810,1800,107.820,2020-08-27,14:34:59,00,";
var hq_str_sh603259="药明康德,107.400,106.900,107.970,108.290,104.870,107.970,108.000,10268941,1095360887.000,200,107.970,14200,107.960,100,107.910,6710,107.900,300,107.850,65460,108.000,300,108.010,1200,108.020,1800,108.030,100,108.040,2020-08-27,14:35:59,00,";
var hq_str_sh603259="药明康德,107.400,106.900,107.920,108.290,104.870,107.900,107.920,10365941,1105833746.000,3710,107.900,200,107.890,500,107.850,900,107.830,1400,107.820,610,107.920,3200,107.930,100,107.940,700,107.950,100,107.960,2020-08-27,14:36:59,00,";
var hq_str_sh603259="药明康德,107.400,106.900,107.720,108.290,104.870,107.720,107.730,10392551,1108702728.000,800,107.720,500,107.710,400,107.700,200,107.680,600,107.660,800,107.730,1100,107.750,2600,107.760,3100,107.780,900,107.800,2020-08-27,14:37:59,00,";
var hq_str_sh603259="药明康德,107.400,106.900,107.740,108.290,104.870,107.740,107.760,10430131,1112750192.000,800,107.740,1800,107.710,1420,107.700,16700,107.680,300,107.670,1800,107.760,300,107.790,1000,107.800,400,107.810,500,107.820,2020-08-27,14:38:56,00,";
var hq_str_sh603259="药明康德,107.400,106.900,107.890,108.290,104.870,107.860,107.890,10460831,1116059785.000,1400,107.860,700,107.850,6200,107.840,100,107.830,300,107.820,600,107.890,1690,107.900,900,107.920,3200,107.930,100,107.950,2020-08-27,14:39:59,00,";
var hq_str_sh603259="药明康德,107.400,106.900,107.970,108.290,104.870,107.920,107.970,10495021,1119749324.000,6700,107.920,500,107.910,2310,107.900,1400,107.890,100,107.870,55,107.970,17200,107.980,5500,107.990,22740,108.000,100,108.010,2020-08-27,14:40:59,00,";
var hq_str_sh603259="药明康德,107.400,106.900,107.920,108.290,104.870,107.930,107.940,10540421,1124650456.000,200,107.930,2400,107.920,600,107.910,1700,107.900,1100,107.890,200,107.940,400,107.960,2000,107.970,13255,107.980,10100,107.990,2020-08-27,14:41:59,00,";
var hq_str_sh603259="药明康德,107.400,106.900,108.000,108.290,104.870,108.000,108.010,10629936,1134316262.000,16605,108.000,1700,107.990,400,107.980,2800,107.960,9500,107.950,1100,108.010,2300,108.020,1300,108.030,1200,108.050,400,108.060,2020-08-27,14:42:59,00,";
var hq_str_sh603259="药明康德,107.400,106.900,108.280,108.290,104.870,108.280,108.290,10733627,1145530550.000,1800,108.280,1400,108.270,100,108.260,5300,108.230,100,108.210,15400,108.290,6400,108.300,200,108.310,800,108.320,1500,108.330,2020-08-27,14:43:59,00,";
var hq_str_sh603259="药明康德,107.400,106.900,108.370,108.390,104.870,108.340,108.350,10872727,1160600818.000,200,108.340,1300,108.330,1100,108.320,100,108.300,1100,108.290,100,108.350,400,108.370,4600,108.380,16140,108.390,2400,108.400,2020-08-27,14:44:59,00,";
var hq_str_sh603259="药明康德,107.400,106.900,108.270,108.390,104.870,108.270,108.290,10928827,1166678798.000,100,108.270,300,108.200,1200,108.170,100,108.140,500,108.130,800,108.290,4500,108.300,1672,108.310,3100,108.320,3000,108.330,2020-08-27,14:45:59,00,";
var hq_str_sh603259="药明康德,107.400,106.900,108.270,108.390,104.870,108.270,108.290,10983503,1172597357.000,1824,108.270,100,108.260,100,108.210,2000,108.200,1800,108.180,200,108.290,2400,108.300,1672,108.310,2000,108.320,2300,108.330,2020-08-27,14:46:59,00,";
var hq_str_sh603259="药明康德,107.400,106.900,108.170,108.390,104.870,108.160,108.170,11024103,1176990307.000,900,108.160,200,108.150,200,108.140,500,108.130,400,108.120,400,108.170,1400,108.180,1400,108.190,2300,108.200,1080,108.210,2020-08-27,14:47:59,00,";
var hq_str_sh603259="药明康德,107.400,106.900,108.100,108.390,104.870,108.090,108.100,11068403,1181781256.000,900,108.090,600,108.080,100,108.070,300,108.020,11700,108.010,300,108.100,2700,108.110,4900,108.120,4500,108.130,200,108.150,2020-08-27,14:48:59,00,";
var hq_str_sh603259="药明康德,107.400,106.900,108.100,108.390,104.870,108.100,108.110,11126503,1188062059.000,19600,108.100,1000,108.090,1500,108.080,1200,108.070,700,108.060,3300,108.110,1100,108.120,4500,108.130,200,108.140,800,108.150,2020-08-27,14:49:59,00,";
var hq_str_sh603259="药明康德,107.400,106.900,108.180,108.390,104.870,108.170,108.180,11236803,1199996297.000,4400,108.170,300,108.160,400,108.150,600,108.140,3400,108.130,100,108.180,600,108.210,1700,108.220,600,108.230,6700,108.250,2020-08-27,14:50:59,00,";
var hq_str_sh603259="药明康德,107.400,106.900,108.150,108.390,104.870,108.140,108.150,11315503,1208511209.000,600,108.140,3400,108.130,100,108.120,10200,108.110,16000,108.100,400,108.150,4400,108.160,2800,108.180,1000,108.190,20440,108.200,2020-08-27,14:51:56,00,";
var hq_str_sh603259="药明康德,107.400,106.900,108.120,108.390,104.870,108.160,108.170,11452103,1223285620.000,200,108.160,900,108.120,3700,108.110,18000,108.100,400,108.090,500,108.170,3016,108.180,3800,108.200,2000,108.210,200,108.220,2020-08-27,14:52:59,00,";
var hq_str_sh603259="药明康德,107.400,106.900,108.090,108.390,104.870,108.080,108.090,11578703,1236977252.000,1800,108.080,7000,108.070,2000,108.060,800,108.020,12700,108.010,200,108.090,36700,108.100,700,108.190,7116,108.250,600,108.260,2020-08-27,14:53:59,00,";
var hq_str_sh603259="药明康德,107.400,106.900,108.040,108.390,104.870,108.020,108.040,11662033,1245982223.000,2400,108.020,3270,108.010,7300,108.000,400,107.990,100,107.960,700,108.040,500,108.090,5500,108.100,500,108.110,100,108.130,2020-08-27,14:54:56,00,";
var hq_str_sh603259="药明康德,107.400,106.900,108.030,108.390,104.870,108.030,108.040,11748944,1255368851.000,3570,108.030,500,108.010,2100,108.000,100,107.940,3789,107.930,100,108.040,900,108.050,300,108.060,600,108.080,2000,108.090,2020-08-27,14:55:59,00,";
var hq_str_sh603259="药明康德,107.400,106.900,108.120,108.390,104.870,108.170,108.280,11827602,1263875176.000,2600,108.170,1100,108.160,1600,108.100,2000,108.070,700,108.060,100,108.280,6300,108.290,16316,108.300,300,108.310,1900,108.320,2020-08-27,14:56:59,00,";
var hq_str_sh603259="药明康德,107.400,106.900,108.120,108.390,104.870,108.290,108.290,11827602,1263875176.000,48500,108.290,0,0.000,0,0.000,0,0.000,0,0.000,48500,108.290,7367,0.000,0,0.000,0,0.000,0,0.000,2020-08-27,14:57:59,00,";
var hq_str_sh603259="药明康德,107.400,106.900,108.120,108.390,104.870,108.300,108.300,11827602,1263875176.000,111100,108.300,0,0.000,0,0.000,0,0.000,0,0.000,111100,108.300,13423,0.000,0,0.000,0,0.000,0,0.000,2020-08-27,14:58:59,00,";
