var hq_str_sh603259="药明康德,113.670,112.720,113.670,113.670,113.670,113.670,113.720,122163,13886268.000,22937,113.670,78700,113.660,300,113.350,200,113.330,200,113.120,100,113.720,100,113.790,5100,113.800,200,113.840,400,113.880,2020-11-02,09:29:50,00,";
var hq_str_sh603259="药明康德,113.670,112.720,114.400,114.490,113.670,114.390,114.400,283941,32337299.000,11400,114.390,300,114.380,600,114.330,141,114.300,100,114.220,2718,114.400,6300,114.430,700,114.450,100,114.460,100,114.480,2020-11-02,09:31:01,00,";
var hq_str_sh603259="药明康德,113.670,112.720,114.950,115.000,113.670,114.900,114.920,450027,51399758.000,4491,114.900,100,114.880,400,114.710,1305,114.700,100,114.680,500,114.920,1800,114.950,500,114.970,4102,114.990,56301,115.000,2020-11-02,09:31:58,00,";
var hq_str_sh603259="药明康德,113.670,112.720,114.270,115.000,113.670,114.270,114.280,660024,75441190.000,570,114.270,700,114.140,47,114.130,1100,114.120,11076,114.110,1100,114.280,18841,114.300,294,114.390,300,114.450,14801,114.460,2020-11-02,09:32:58,00,";
var hq_str_sh603259="药明康德,113.670,112.720,113.900,115.000,113.670,113.900,113.930,808673,92388872.000,18778,113.900,6198,113.830,6364,113.800,100,113.740,300,113.730,1700,113.930,100,113.990,1500,114.000,100,114.010,6400,114.110,2020-11-02,09:33:55,00,";
var hq_str_sh603259="药明康德,113.670,112.720,114.190,115.000,113.670,114.190,114.200,885101,101099855.000,50,114.190,100,114.110,296,114.030,100,114.020,100,114.010,300,114.200,104,114.260,2200,114.270,600,114.280,8100,114.300,2020-11-02,09:34:55,00,";
var hq_str_sh603259="药明康德,113.670,112.720,114.310,115.000,113.670,114.280,114.300,971402,110958762.000,400,114.280,8549,114.270,400,114.260,500,114.200,100,114.190,21203,114.300,100,114.400,10200,114.420,700,114.450,100,114.460,2020-11-02,09:35:58,00,";
var hq_str_sh603259="药明康德,113.670,112.720,114.180,115.000,113.670,114.090,114.180,1077851,123116640.000,100,114.090,2300,114.070,500,114.060,900,114.040,300,114.030,400,114.180,200,114.190,100,114.200,300,114.240,6600,114.270,2020-11-02,09:36:58,00,";
var hq_str_sh603259="药明康德,113.670,112.720,114.450,115.000,113.670,114.450,114.490,1159315,132425297.000,3100,114.450,2600,114.420,900,114.400,3100,114.370,13600,114.300,640,114.490,1800,114.500,1000,114.520,200,114.530,100,114.550,2020-11-02,09:37:59,00,";
var hq_str_sh603259="药明康德,113.670,112.720,114.480,115.000,113.670,114.410,114.430,1225203,139970554.000,100,114.410,800,114.370,13900,114.300,200,114.270,100,114.260,100,114.430,700,114.470,8597,114.480,26089,114.490,3200,114.500,2020-11-02,09:38:59,00,";
var hq_str_sh603259="药明康德,113.670,112.720,114.090,115.000,113.670,114.090,114.130,1347008,153878764.000,18446,114.090,2100,114.000,10492,113.980,5636,113.970,2000,113.960,9800,114.130,500,114.140,900,114.170,300,114.190,2500,114.200,2020-11-02,09:39:56,00,";
var hq_str_sh603259="药明康德,113.670,112.720,114.060,115.000,113.670,114.060,114.080,1496792,170961735.000,2700,114.060,500,114.050,3700,114.040,10500,114.030,4600,114.000,100,114.080,100,114.140,200,114.170,2700,114.200,100,114.220,2020-11-02,09:40:59,00,";
var hq_str_sh603259="药明康德,113.670,112.720,114.270,115.000,113.670,114.260,114.270,1566401,178912577.000,2300,114.260,591,114.240,19100,114.200,800,114.130,800,114.080,1300,114.270,1100,114.310,3800,114.320,800,114.330,1400,114.350,2020-11-02,09:41:59,00,";
var hq_str_sh603259="药明康德,113.670,112.720,114.890,115.000,113.670,114.890,114.920,1687886,192839502.000,500,114.890,2200,114.880,800,114.870,1500,114.860,200,114.830,200,114.920,600,114.930,1600,114.950,500,114.960,1700,114.970,2020-11-02,09:42:59,00,";
var hq_str_sh603259="药明康德,113.670,112.720,114.900,115.000,113.670,114.800,114.900,1795917,205250239.000,300,114.800,12884,114.740,1000,114.730,700,114.640,3600,114.630,9604,114.900,1700,114.910,1000,114.920,1100,114.930,1900,114.950,2020-11-02,09:43:59,00,";
var hq_str_sh603259="药明康德,113.670,112.720,115.090,115.100,113.670,115.060,115.090,1991798,227767154.000,300,115.060,600,115.030,900,115.020,100,115.010,20900,115.000,700,115.090,1400,115.100,1600,115.110,100,115.120,100,115.150,2020-11-02,09:44:59,00,";
var hq_str_sh603259="药明康德,113.670,112.720,114.280,115.100,113.670,114.280,114.290,2212382,253061847.000,10200,114.280,100,114.180,100,114.150,100,114.130,800,114.080,600,114.290,1100,114.300,800,114.330,1500,114.340,200,114.400,2020-11-02,09:45:59,00,";
var hq_str_sh603259="药明康德,113.670,112.720,114.330,115.100,113.670,114.240,114.330,2326682,266125764.000,200,114.240,100,114.230,20000,114.200,12600,114.160,1200,114.150,1,114.330,1100,114.340,100,114.360,5500,114.370,200,114.380,2020-11-02,09:46:59,00,";
var hq_str_sh603259="药明康德,113.670,112.720,113.900,115.100,113.670,113.900,113.910,2475936,283155477.000,5528,113.900,500,113.890,100,113.880,300,113.860,200,113.830,1500,113.910,2100,113.930,100,113.940,100,113.950,300,113.960,2020-11-02,09:47:59,00,";
var hq_str_sh603259="药明康德,113.670,112.720,113.290,115.100,113.110,113.120,113.160,2595501,296749835.000,600,113.120,100,113.110,10500,113.100,100,113.060,200,113.030,100,113.160,100,113.200,2000,113.300,600,113.330,1500,113.350,2020-11-02,09:48:59,00,";
var hq_str_sh603259="药明康德,113.670,112.720,113.100,115.100,113.100,113.100,113.120,2766001,316073141.000,10200,113.100,100,113.070,100,113.060,200,113.030,300,113.020,1286,113.120,900,113.310,100,113.370,200,113.380,300,113.390,2020-11-02,09:49:59,00,";
var hq_str_sh603259="药明康德,113.670,112.720,113.150,115.100,113.100,113.140,113.150,2851390,325741681.000,200,113.140,200,113.130,1600,113.120,1100,113.110,5614,113.100,200,113.150,700,113.200,956,113.230,1924,113.280,900,113.290,2020-11-02,09:50:59,00,";
var hq_str_sh603259="药明康德,113.670,112.720,113.040,115.100,113.010,113.040,113.110,2963794,338454175.000,2400,113.040,5911,113.030,3899,113.020,15600,113.010,103900,113.000,100,113.110,700,113.130,400,113.200,100,113.230,100,113.240,2020-11-02,09:51:59,00,";
var hq_str_sh603259="药明康德,113.670,112.720,112.770,115.100,112.720,112.720,112.820,3166905,361406731.000,4800,112.720,100,112.710,300,112.700,100,112.690,100,112.650,300,112.820,500,112.870,1100,112.880,700,112.900,1500,112.930,2020-11-02,09:52:59,00,";
var hq_str_sh603259="药明康德,113.670,112.720,112.720,115.100,112.500,112.720,112.730,3290108,375293325.000,1100,112.720,100,112.710,1000,112.670,100,112.660,1800,112.640,200,112.730,354,112.870,280,112.880,1000,112.950,1200,113.000,2020-11-02,09:53:59,00,";
var hq_str_sh603259="药明康德,113.670,112.720,112.720,115.100,112.500,112.720,112.730,3375559,384919578.000,3400,112.720,6600,112.660,3399,112.640,3300,112.630,2060,112.620,2200,112.730,700,112.750,5300,112.780,200,112.800,354,112.870,2020-11-02,09:54:59,00,";
var hq_str_sh603259="药明康德,113.670,112.720,112.980,115.100,112.500,112.950,112.980,3482593,397003260.000,100,112.950,300,112.920,100,112.890,3720,112.880,200,112.870,1900,112.980,2140,113.000,9200,113.020,1100,113.050,1200,113.060,2020-11-02,09:55:59,00,";
var hq_str_sh603259="药明康德,113.670,112.720,112.880,115.100,112.500,112.810,112.880,3537413,403194114.000,600,112.810,200,112.770,1300,112.750,200,112.740,19500,112.720,4560,112.880,800,112.900,200,112.980,400,113.000,700,113.120,2020-11-02,09:56:59,00,";
var hq_str_sh603259="药明康德,113.670,112.720,113.000,115.100,112.500,112.800,112.880,3636273,414343634.000,1900,112.800,1900,112.790,100,112.730,11200,112.700,700,112.690,100,112.880,100,112.980,800,113.090,700,113.110,1800,113.120,2020-11-02,09:57:59,00,";
var hq_str_sh603259="药明康德,113.670,112.720,112.670,115.100,112.500,112.660,112.670,3711073,422779583.000,200,112.660,600,112.650,200,112.640,2000,112.630,1600,112.620,2700,112.670,1200,112.690,8000,112.700,1200,112.720,700,112.730,2020-11-02,09:58:59,00,";
var hq_str_sh603259="药明康德,113.670,112.720,112.370,115.100,112.370,112.370,112.380,3781069,430657357.000,300,112.370,300,112.360,11200,112.300,100,112.280,100,112.250,1500,112.380,1000,112.400,4560,112.420,16500,112.450,300,112.470,2020-11-02,10:00:02,00,";
var hq_str_sh603259="药明康德,113.670,112.720,112.930,115.100,112.300,112.930,113.000,3881048,441920048.000,7100,112.930,3000,112.900,200,112.890,3000,112.880,200,112.800,2400,113.000,100,113.120,900,113.130,1300,113.140,1000,113.150,2020-11-02,10:00:59,00,";
var hq_str_sh603259="药明康德,113.670,112.720,113.330,115.100,112.300,113.330,113.400,3961948,451084117.000,9500,113.330,100,113.310,10200,113.200,400,113.190,100,113.170,1880,113.400,1500,113.440,100,113.460,200,113.470,3100,113.490,2020-11-02,10:01:59,00,";
var hq_str_sh603259="药明康德,113.670,112.720,113.450,115.100,112.300,113.310,113.410,4029348,458722364.000,700,113.310,1300,113.300,500,113.250,100,113.210,600,113.200,1,113.410,2600,113.450,500,113.460,400,113.470,300,113.480,2020-11-02,10:02:59,00,";
var hq_str_sh603259="药明康德,113.670,112.720,113.300,115.100,112.300,113.210,113.320,4083748,464890168.000,1000,113.210,4100,113.200,100,113.170,200,113.160,100,113.140,1700,113.320,3400,113.330,100,113.400,1921,113.430,700,113.490,2020-11-02,10:03:59,00,";
var hq_str_sh603259="药明康德,113.670,112.720,113.210,115.100,112.300,113.200,113.220,4112241,468115432.000,11207,113.200,100,113.150,400,113.090,400,113.080,700,113.010,1100,113.220,900,113.230,100,113.260,1300,113.290,1800,113.300,2020-11-02,10:04:59,00,";
var hq_str_sh603259="药明康德,113.670,112.720,113.020,115.100,112.300,113.010,113.030,4155738,473036230.000,1700,113.010,33710,113.000,4800,112.930,100,112.900,100,112.880,100,113.030,600,113.070,300,113.100,800,113.130,2700,113.150,2020-11-02,10:05:59,00,";
var hq_str_sh603259="药明康德,113.670,112.720,112.930,115.100,112.300,112.930,113.010,4219648,480260031.000,200,112.930,100,112.900,100,112.880,5700,112.770,100,112.750,2300,113.010,100,113.020,200,113.030,570,113.040,400,113.050,2020-11-02,10:06:59,00,";
var hq_str_sh603259="药明康德,113.670,112.720,113.010,115.100,112.300,113.000,113.010,4255388,484293182.000,27600,113.000,5000,112.900,9860,112.800,200,112.790,200,112.780,300,113.010,200,113.020,200,113.030,570,113.040,100,113.050,2020-11-02,10:07:59,00,";
var hq_str_sh603259="药明康德,113.670,112.720,112.900,115.100,112.300,112.960,113.000,4303788,489762419.000,100,112.960,100,112.920,700,112.910,8500,112.900,200,112.850,300,113.000,6,113.010,200,113.030,570,113.040,100,113.050,2020-11-02,10:08:59,00,";
var hq_str_sh603259="药明康德,113.670,112.720,112.990,115.100,112.300,112.910,112.990,4378909,498250501.000,300,112.910,779,112.900,500,112.810,9260,112.800,1300,112.770,600,112.990,400,113.000,400,113.100,200,113.120,300,113.130,2020-11-02,10:09:59,00,";
var hq_str_sh603259="药明康德,113.670,112.720,112.880,115.100,112.300,112.810,112.880,4442888,505475552.000,5000,112.810,8660,112.800,1300,112.770,2200,112.750,400,112.730,100,112.880,100,112.890,900,112.900,500,112.950,393,112.960,2020-11-02,10:10:59,00,";
var hq_str_sh603259="药明康德,113.670,112.720,112.900,115.100,112.300,112.940,113.000,4491791,510998321.000,300,112.940,200,112.920,13197,112.900,6000,112.890,5900,112.880,100,113.000,1000,113.090,621,113.140,1000,113.190,2158,113.200,2020-11-02,10:11:59,00,";
var hq_str_sh603259="药明康德,113.670,112.720,112.930,115.100,112.300,112.930,112.950,4540652,516521747.000,5500,112.930,1400,112.900,3536,112.890,700,112.880,100,112.810,200,112.950,1400,113.000,312,113.060,600,113.070,8000,113.090,2020-11-02,10:12:59,00,";
var hq_str_sh603259="药明康德,113.670,112.720,112.720,115.100,112.300,112.720,112.730,4584348,521451789.000,17600,112.720,200,112.710,300,112.700,100,112.650,100,112.630,500,112.730,500,112.740,1700,112.750,700,112.760,1500,112.770,2020-11-02,10:13:59,00,";
var hq_str_sh603259="药明康德,113.670,112.720,112.900,115.100,112.300,112.850,112.880,4647844,528611880.000,1499,112.850,14200,112.800,300,112.790,300,112.740,100,112.730,200,112.880,3364,112.900,200,112.910,100,112.940,600,112.950,2020-11-02,10:14:59,00,";
var hq_str_sh603259="药明康德,113.670,112.720,112.900,115.100,112.300,112.980,112.990,4724097,537220976.000,1300,112.980,14499,112.900,100,112.880,300,112.800,100,112.770,654,112.990,14600,113.000,100,113.060,100,113.090,200,113.100,2020-11-02,10:15:59,00,";
var hq_str_sh603259="药明康德,113.670,112.720,112.950,115.100,112.300,112.910,112.980,4784397,544035887.000,1200,112.910,14699,112.900,100,112.890,100,112.880,300,112.800,200,112.980,600,112.990,23961,113.000,3300,113.010,1200,113.020,2020-11-02,10:16:59,00,";
var hq_str_sh603259="药明康德,113.670,112.720,113.010,115.100,112.300,113.000,113.010,4915918,558893947.000,15197,113.000,100,112.960,11782,112.910,13499,112.900,100,112.890,1000,113.010,4400,113.020,200,113.030,300,113.040,1500,113.200,2020-11-02,10:17:59,00,";
var hq_str_sh603259="药明康德,113.670,112.720,112.800,115.100,112.300,112.770,112.800,4980796,566221494.000,100,112.770,1000,112.730,20200,112.720,500,112.700,500,112.690,400,112.800,100,112.830,200,112.870,1800,112.880,2000,112.890,2020-11-02,10:18:59,00,";
var hq_str_sh603259="药明康德,113.670,112.720,112.730,115.100,112.300,112.720,112.730,5022740,570952014.000,15160,112.720,500,112.700,500,112.690,100,112.650,100,112.630,700,112.730,100,112.750,500,112.760,100,112.800,200,112.860,2020-11-02,10:19:59,00,";
var hq_str_sh603259="药明康德,113.670,112.720,112.670,115.100,112.300,112.630,112.670,5082340,577670994.000,300,112.630,100,112.620,3000,112.610,5500,112.600,600,112.580,5300,112.670,900,112.680,2300,112.720,3400,112.730,2300,112.740,2020-11-02,10:20:59,00,";
var hq_str_sh603259="药明康德,113.670,112.720,112.560,115.100,112.300,112.560,112.580,5153385,585674050.000,55,112.560,900,112.510,25500,112.500,200,112.480,1000,112.470,1300,112.580,3200,112.590,900,112.660,1200,112.670,300,112.680,2020-11-02,10:21:59,00,";
var hq_str_sh603259="药明康德,113.670,112.720,112.400,115.100,112.300,112.400,112.430,5209240,591958626.000,1000,112.400,1200,112.380,200,112.370,1200,112.360,100,112.340,100,112.430,400,112.460,1100,112.470,500,112.480,200,112.490,2020-11-02,10:22:59,00,";
var hq_str_sh603259="药明康德,113.670,112.720,112.900,115.100,112.300,112.880,112.900,5250176,596570857.000,100,112.880,1099,112.870,300,112.860,100,112.740,500,112.730,8800,112.900,1600,112.940,3102,112.950,100,112.960,200,112.970,2020-11-02,10:23:59,00,";
var hq_str_sh603259="药明康德,113.670,112.720,112.720,115.100,112.300,112.730,112.750,5297258,601883068.000,100,112.730,15556,112.720,100,112.700,500,112.570,500,112.530,400,112.750,107,112.760,100,112.800,800,112.810,900,112.850,2020-11-02,10:24:59,00,";
var hq_str_sh603259="药明康德,113.670,112.720,112.800,115.100,112.300,112.770,112.850,5338881,606576800.000,800,112.770,500,112.760,400,112.740,20933,112.720,200,112.710,900,112.850,1217,112.890,600,112.900,3202,112.950,100,112.980,2020-11-02,10:25:59,00,";
var hq_str_sh603259="药明康德,113.670,112.720,112.900,115.100,112.300,112.900,112.950,5379497,611157878.000,11583,112.900,1200,112.890,200,112.870,700,112.850,1100,112.840,2902,112.950,100,112.980,100,112.990,8300,113.000,300,113.010,2020-11-02,10:26:59,00,";
var hq_str_sh603259="药明康德,113.670,112.720,112.800,115.100,112.300,112.800,112.810,5421601,615909543.000,1900,112.800,997,112.770,3406,112.760,200,112.750,100,112.740,300,112.810,600,112.870,2600,112.880,900,112.890,3800,112.900,2020-11-02,10:27:59,00,";
var hq_str_sh603259="药明康德,113.670,112.720,112.910,115.100,112.300,112.810,112.910,5465205,620829412.000,3435,112.810,14658,112.800,200,112.790,1000,112.780,200,112.770,104,112.910,1200,112.920,1302,112.950,100,112.960,100,112.990,2020-11-02,10:28:59,00,";
var hq_str_sh603259="药明康德,113.670,112.720,113.000,115.100,112.300,113.000,113.010,5523928,627462606.000,20079,113.000,100,112.990,100,112.910,2099,112.900,100,112.880,4900,113.010,200,113.020,300,113.030,100,113.060,400,113.090,2020-11-02,10:29:59,00,";
var hq_str_sh603259="药明康德,113.670,112.720,112.990,115.100,112.300,112.910,112.990,5588659,634776252.000,799,112.910,11129,112.900,400,112.890,2498,112.880,2700,112.850,600,112.990,500,113.380,300,113.390,200,113.410,11700,113.420,2020-11-02,10:30:59,00,";
var hq_str_sh603259="药明康德,113.670,112.720,113.080,115.100,112.300,113.080,113.120,5649942,641713143.000,668,113.080,100,113.040,1949,113.030,200,113.010,2884,113.000,300,113.120,300,113.400,400,113.490,27880,113.500,1000,113.570,2020-11-02,10:31:59,00,";
var hq_str_sh603259="药明康德,113.670,112.720,113.030,115.100,112.300,113.030,113.080,5698157,647162317.000,2800,113.030,800,113.020,100,113.010,9500,113.000,10000,112.930,1583,113.080,200,113.090,300,113.100,200,113.110,100,113.120,2020-11-02,10:32:59,00,";
var hq_str_sh603259="药明康德,113.670,112.720,113.200,115.100,112.300,113.030,113.150,5742840,652214435.000,100,113.030,4617,113.000,10000,112.930,900,112.920,9500,112.910,100,113.150,345,113.160,400,113.190,6000,113.200,200,113.210,2020-11-02,10:33:59,00,";
var hq_str_sh603259="药明康德,113.670,112.720,113.110,115.100,112.300,113.110,113.130,5782835,656737358.000,455,113.110,5151,113.100,800,113.090,600,113.080,500,113.060,200,113.130,200,113.200,100,113.340,300,113.350,100,113.360,2020-11-02,10:34:59,00,";
var hq_str_sh603259="药明康德,113.670,112.720,113.150,115.100,112.300,113.150,113.490,5831687,662269549.000,200,113.150,4388,113.120,500,113.110,13166,113.100,600,113.080,1200,113.490,23928,113.500,1300,113.570,100,113.640,1400,113.650,2020-11-02,10:35:59,00,";
var hq_str_sh603259="药明康德,113.670,112.720,113.510,115.100,112.300,113.500,113.510,5913337,671528410.000,780,113.500,900,113.480,200,113.450,1183,113.430,3200,113.380,100,113.510,500,113.520,100,113.530,300,113.540,200,113.560,2020-11-02,10:36:59,00,";
var hq_str_sh603259="药明康德,113.670,112.720,113.240,115.100,112.300,113.240,113.280,5981196,679223421.000,5004,113.240,100,113.230,11900,113.220,656,113.200,1000,113.190,100,113.280,1300,113.340,1000,113.430,300,113.460,200,113.480,2020-11-02,10:37:59,00,";
var hq_str_sh603259="药明康德,113.670,112.720,113.200,115.100,112.300,113.160,113.220,6069456,689216051.000,400,113.160,8000,113.150,2500,113.140,4448,113.120,6266,113.100,600,113.220,3896,113.230,1700,113.240,1100,113.250,200,113.290,2020-11-02,10:38:59,00,";
var hq_str_sh603259="药明康德,113.670,112.720,113.000,115.100,112.300,113.000,113.030,6153670,698741385.000,29700,113.000,10100,112.940,10000,112.930,10900,112.920,9500,112.910,100,113.030,1700,113.040,100,113.050,100,113.060,100,113.070,2020-11-02,10:39:59,00,";
var hq_str_sh603259="药明康德,113.670,112.720,113.030,115.100,112.300,113.030,113.060,6199510,703922683.000,100,113.030,1000,113.010,20960,113.000,6600,112.960,2100,112.950,200,113.060,300,113.070,900,113.080,300,113.090,700,113.150,2020-11-02,10:40:59,00,";
var hq_str_sh603259="药明康德,113.670,112.720,113.350,115.100,112.300,113.350,113.420,6253343,710011499.000,88667,113.350,100,113.150,100,113.080,18400,113.070,300,113.060,200,113.420,1000,113.430,300,113.460,100,113.490,2800,113.500,2020-11-02,10:41:59,00,";
var hq_str_sh603259="药明康德,113.670,112.720,113.520,115.100,112.300,113.520,113.590,6334384,719216776.000,500,113.520,11260,113.510,16299,113.500,10200,113.430,10100,113.380,500,113.590,2501,113.620,4900,113.680,700,113.700,1400,113.720,2020-11-02,10:42:59,00,";
var hq_str_sh603259="药明康德,113.670,112.720,113.520,115.100,112.300,113.510,113.530,6404684,727206300.000,6260,113.510,10000,113.430,10100,113.380,200,113.100,18400,113.070,100,113.530,3601,113.700,200,113.710,7802,113.720,200,113.740,2020-11-02,10:43:59,00,";
var hq_str_sh603259="药明康德,113.670,112.720,113.520,115.100,112.300,113.530,113.550,6536184,742171232.000,200,113.530,1600,113.520,1000,113.440,7760,113.430,12000,113.400,200,113.550,100,113.580,100,113.590,100,113.630,100,113.640,2020-11-02,10:44:59,00,";
var hq_str_sh603259="药明康德,113.670,112.720,113.770,115.100,112.300,113.690,113.770,6765484,768308452.000,200,113.690,400,113.610,10000,113.600,3900,113.530,300,113.520,100,113.770,4600,113.780,300,113.820,100,113.900,100,113.910,2020-11-02,10:45:59,00,";
var hq_str_sh603259="药明康德,113.670,112.720,113.630,115.100,112.300,113.620,113.630,6821415,774666014.000,1159,113.620,100,113.610,15910,113.600,200,113.580,1100,113.530,1000,113.630,1300,113.680,900,113.950,4100,113.960,800,114.000,2020-11-02,10:46:59,00,";
var hq_str_sh603259="药明康德,113.670,112.720,113.860,115.100,112.300,113.770,113.870,6855318,778524444.000,700,113.770,1200,113.760,5200,113.750,200,113.720,200,113.710,500,113.870,100,113.880,800,113.890,100,113.900,200,113.920,2020-11-02,10:47:59,00,";
var hq_str_sh603259="药明康德,113.670,112.720,113.900,115.100,112.300,113.900,113.910,6885718,781985912.000,6800,113.900,200,113.880,200,113.850,200,113.830,8900,113.790,100,113.910,200,113.920,100,113.930,500,113.940,900,113.950,2020-11-02,10:48:59,00,";
var hq_str_sh603259="药明康德,113.670,112.720,113.860,115.100,112.300,113.830,113.860,6923418,786279443.000,1000,113.830,100,113.810,8300,113.790,2000,113.780,100,113.770,400,113.860,100,113.880,7200,113.900,200,113.930,300,113.940,2020-11-02,10:49:59,00,";
var hq_str_sh603259="药明康德,113.670,112.720,113.700,115.100,112.300,113.680,113.700,6980118,792728882.000,100,113.680,1300,113.660,50900,113.650,600,113.630,16110,113.600,100,113.700,400,113.710,400,113.720,2300,113.740,100,113.880,2020-11-02,10:50:59,00,";
var hq_str_sh603259="药明康德,113.670,112.720,113.780,115.100,112.300,113.740,113.780,7030907,798504653.000,5511,113.740,200,113.700,100,113.690,100,113.680,1000,113.670,1000,113.780,200,113.800,200,113.820,300,113.840,600,113.880,2020-11-02,10:51:59,00,";
var hq_str_sh603259="药明康德,113.670,112.720,113.710,115.100,112.300,113.710,113.720,7051338,800828052.000,16780,113.710,200,113.680,200,113.670,2300,113.660,50900,113.650,800,113.720,900,113.730,400,113.740,1300,113.750,400,113.760,2020-11-02,10:52:59,00,";
var hq_str_sh603259="药明康德,113.670,112.720,113.720,115.100,112.300,113.720,113.730,7069338,802875060.000,700,113.720,10680,113.710,100,113.700,300,113.680,200,113.670,5900,113.730,200,113.740,1400,113.750,500,113.760,100,113.770,2020-11-02,10:53:59,00,";
var hq_str_sh603259="药明康德,113.670,112.720,113.760,115.100,112.300,113.750,113.770,7095742,805877932.000,100,113.750,698,113.730,300,113.720,4378,113.710,2000,113.700,100,113.770,500,113.780,200,113.790,3200,113.800,900,113.810,2020-11-02,10:54:59,00,";
var hq_str_sh603259="药明康德,113.670,112.720,113.900,115.100,112.300,113.900,113.960,7127705,809515078.000,7240,113.900,300,113.840,400,113.810,18395,113.800,100,113.720,4100,113.960,200,113.970,600,113.980,700,113.990,21940,114.000,2020-11-02,10:55:56,00,";
var hq_str_sh603259="药明康德,113.670,112.720,113.800,115.100,112.300,113.800,113.810,7157245,812878480.000,14895,113.800,100,113.750,100,113.720,2678,113.710,14500,113.700,300,113.810,200,113.830,1800,113.890,1200,113.900,800,113.910,2020-11-02,10:56:59,00,";
var hq_str_sh603259="药明康德,113.670,112.720,113.710,115.100,112.300,113.710,113.790,7185040,816041530.000,1478,113.710,15500,113.700,1000,113.680,200,113.670,2400,113.660,2300,113.790,5024,113.800,500,113.810,600,113.820,2300,113.830,2020-11-02,10:57:59,00,";
var hq_str_sh603259="药明康德,113.670,112.720,113.710,115.100,112.300,113.710,113.720,7212540,819170833.000,1278,113.710,16100,113.700,1000,113.680,200,113.670,2400,113.660,224,113.720,300,113.740,400,113.750,200,113.780,300,113.790,2020-11-02,10:58:59,00,";
var hq_str_sh603259="药明康德,113.670,112.720,113.730,115.100,112.300,113.730,113.760,7241567,822472333.000,1500,113.730,2098,113.720,7800,113.710,20800,113.700,1000,113.680,100,113.760,1000,113.790,900,113.810,1000,113.820,500,113.840,2020-11-02,10:59:59,00,";
var hq_str_sh603259="药明康德,113.670,112.720,113.830,115.100,112.300,113.800,113.830,7284412,827348189.000,500,113.800,10460,113.760,14700,113.750,100,113.740,600,113.720,200,113.830,600,113.870,2400,113.890,300,113.900,500,113.910,2020-11-02,11:00:59,00,";
var hq_str_sh603259="药明康德,113.670,112.720,113.910,115.100,112.300,113.910,113.950,7313092,830613310.000,8600,113.910,7500,113.890,200,113.880,600,113.870,8100,113.840,200,113.950,100,113.960,3100,113.980,1200,113.990,22440,114.000,2020-11-02,11:01:59,00,";
var hq_str_sh603259="药明康德,113.670,112.720,114.150,115.100,112.300,114.150,114.160,7397832,840282139.000,8400,114.150,7100,114.100,100,114.060,700,114.050,200,114.020,1200,114.160,500,114.170,600,114.190,500,114.200,200,114.210,2020-11-02,11:02:59,00,";
var hq_str_sh603259="药明康德,113.670,112.720,113.850,115.100,112.300,113.850,113.860,7521732,854409095.000,14400,113.850,100,113.800,460,113.760,300,113.750,100,113.740,200,113.860,400,113.880,1200,113.910,600,113.950,14086,114.000,2020-11-02,11:03:59,00,";
var hq_str_sh603259="药明康德,113.670,112.720,113.860,115.100,112.300,113.860,113.870,7556132,858324504.000,400,113.860,100,113.820,9000,113.810,16600,113.800,200,113.770,1000,113.870,400,113.880,1000,113.910,400,113.950,100,113.970,2020-11-02,11:04:59,00,";
var hq_str_sh603259="药明康德,113.670,112.720,113.850,115.100,112.300,113.840,113.850,7590292,862213142.000,340,113.840,2300,113.820,10800,113.810,16200,113.800,100,113.770,300,113.850,300,113.860,700,113.880,400,113.890,1000,113.910,2020-11-02,11:05:59,00,";
var hq_str_sh603259="药明康德,113.670,112.720,113.850,115.100,112.300,113.850,113.900,7615012,865027615.000,6772,113.850,200,113.840,600,113.830,1848,113.820,10800,113.810,1,113.900,1200,113.910,200,113.920,600,113.930,600,113.950,2020-11-02,11:06:59,00,";
var hq_str_sh603259="药明康德,113.670,112.720,113.840,115.100,112.300,113.840,113.870,7665212,870746255.000,4872,113.840,300,113.830,1200,113.820,10800,113.810,16600,113.800,100,113.870,1000,113.880,1600,113.890,1204,113.900,900,113.910,2020-11-02,11:07:59,00,";
var hq_str_sh603259="药明康德,113.670,112.720,113.810,115.100,112.300,113.810,113.830,7688884,873440906.000,9100,113.810,16700,113.800,1000,113.730,10000,113.710,18360,113.700,2528,113.830,4540,113.840,2700,113.850,2100,113.860,300,113.870,2020-11-02,11:08:59,00,";
var hq_str_sh603259="药明康德,113.670,112.720,113.850,115.100,112.300,113.850,113.860,7742452,879537761.000,2832,113.850,700,113.810,18100,113.800,100,113.790,1000,113.720,300,113.860,1200,113.880,1000,113.890,400,113.910,100,113.970,2020-11-02,11:09:59,00,";
var hq_str_sh603259="药明康德,113.670,112.720,113.700,115.100,112.300,113.700,113.710,7799484,886025415.000,17160,113.700,1000,113.680,1700,113.660,400,113.650,100,113.630,17582,113.710,400,113.720,1000,113.780,3600,113.790,2200,113.800,2020-11-02,11:10:59,00,";
var hq_str_sh603259="药明康德,113.670,112.720,113.680,115.100,112.300,113.680,113.710,7845444,891250588.000,1200,113.680,8300,113.650,300,113.640,500,113.630,300,113.600,6797,113.710,600,113.720,200,113.770,1300,113.780,2200,113.800,2020-11-02,11:11:59,00,";
var hq_str_sh603259="药明康德,113.670,112.720,113.670,115.100,112.300,113.670,113.680,7887944,896081330.000,5600,113.670,1500,113.660,300,113.650,100,113.640,300,113.600,2200,113.680,300,113.690,400,113.700,4597,113.710,600,113.720,2020-11-02,11:12:59,00,";
var hq_str_sh603259="药明康德,113.670,112.720,113.730,115.100,112.300,113.710,113.730,7937209,901687127.000,1900,113.710,7500,113.700,11000,113.680,2900,113.670,100,113.660,100,113.730,200,113.740,1400,113.750,200,113.760,2100,113.850,2020-11-02,11:13:59,00,";
var hq_str_sh603259="药明康德,113.670,112.720,113.950,115.100,112.300,113.850,113.950,7977510,906276411.000,100,113.850,500,113.760,2700,113.750,8400,113.740,13400,113.730,900,113.950,1600,113.960,1600,113.970,400,113.980,1500,113.990,2020-11-02,11:14:59,00,";
var hq_str_sh603259="药明康德,113.670,112.720,113.760,115.100,112.300,113.750,113.790,8076510,917555399.000,400,113.750,7800,113.740,12300,113.730,600,113.710,8500,113.700,200,113.790,7201,113.810,1100,113.830,100,113.850,1600,113.860,2020-11-02,11:15:59,00,";
var hq_str_sh603259="药明康德,113.670,112.720,113.790,115.100,112.300,113.790,113.800,8097010,919887800.000,3400,113.790,1700,113.770,1200,113.760,11600,113.750,7700,113.740,500,113.800,6701,113.810,1100,113.830,100,113.850,200,113.860,2020-11-02,11:16:56,00,";
var hq_str_sh603259="药明康德,113.670,112.720,113.870,115.100,112.300,113.870,113.940,8126012,923188689.000,3600,113.870,600,113.830,1400,113.810,3298,113.800,1800,113.790,1100,113.940,100,113.960,400,113.970,2000,113.990,10200,114.000,2020-11-02,11:17:59,00,";
var hq_str_sh603259="药明康德,113.670,112.720,114.190,115.100,112.300,114.150,114.190,8173413,928591584.000,100,114.150,500,114.140,200,114.080,1300,114.070,600,114.050,100,114.190,1000,114.200,100,114.290,300,114.300,100,114.320,2020-11-02,11:18:59,00,";
var hq_str_sh603259="药明康德,113.670,112.720,114.030,115.100,112.300,114.030,114.100,8226913,934701252.000,1600,114.030,6600,114.000,500,113.970,100,113.960,600,113.950,6400,114.100,400,114.110,200,114.120,900,114.140,1300,114.150,2020-11-02,11:19:59,00,";
var hq_str_sh603259="药明康德,113.670,112.720,114.060,115.100,112.300,114.060,114.070,8271914,939832054.000,1100,114.060,400,114.040,300,114.030,200,114.010,200,114.000,200,114.070,400,114.080,100,114.090,7300,114.100,200,114.140,2020-11-02,11:20:59,00,";
var hq_str_sh603259="药明康德,113.670,112.720,114.060,115.100,112.300,114.040,114.090,8331914,946680134.000,1400,114.040,2000,114.030,12500,114.000,1399,113.990,300,113.980,700,114.090,400,114.100,200,114.140,100,114.150,800,114.190,2020-11-02,11:21:59,00,";
var hq_str_sh603259="药明康德,113.670,112.720,113.980,115.100,112.300,113.980,114.000,8388760,953161645.000,1100,113.980,153,113.970,4500,113.950,1000,113.940,100,113.920,2717,114.000,100,114.010,900,114.030,1100,114.050,1000,114.060,2020-11-02,11:22:59,00,";
var hq_str_sh603259="药明康德,113.670,112.720,114.000,115.100,112.300,114.000,114.010,8422901,957053211.000,3400,114.000,7983,113.990,2198,113.970,1800,113.960,1031,113.950,300,114.010,700,114.020,300,114.030,600,114.040,1100,114.050,2020-11-02,11:23:59,00,";
var hq_str_sh603259="药明康德,113.670,112.720,114.170,115.100,112.300,114.100,114.170,8479803,963541859.000,5800,114.100,100,114.070,1000,114.060,500,114.040,5098,114.030,200,114.170,900,114.190,300,114.200,200,114.220,10200,114.250,2020-11-02,11:24:59,00,";
var hq_str_sh603259="药明康德,113.670,112.720,114.170,115.100,112.300,114.170,114.310,8565904,973374902.000,2000,114.170,7600,114.120,10400,114.100,999,114.090,100,114.080,300,114.310,100,114.330,1400,114.350,300,114.360,200,114.440,2020-11-02,11:25:59,00,";
var hq_str_sh603259="药明康德,113.670,112.720,114.200,115.100,112.300,114.190,114.200,8612157,978657334.000,7900,114.190,700,114.180,3691,114.140,800,114.120,6300,114.110,1500,114.200,800,114.220,2900,114.260,600,114.300,1000,114.310,2020-11-02,11:26:59,00,";
var hq_str_sh603259="药明康德,113.670,112.720,114.300,115.100,112.300,114.310,114.320,8645089,982419343.000,400,114.310,900,114.300,2800,114.280,1600,114.270,3977,114.260,200,114.320,200,114.330,1300,114.340,1400,114.350,200,114.440,2020-11-02,11:27:59,00,";
var hq_str_sh603259="药明康德,113.670,112.720,114.320,115.100,112.300,114.240,114.280,8706235,989412817.000,800,114.240,2700,114.220,500,114.210,500,114.200,1200,114.180,201,114.280,100,114.290,900,114.350,700,114.400,400,114.410,2020-11-02,11:28:59,00,";
var hq_str_sh603259="药明康德,113.670,112.720,114.140,115.100,112.300,114.140,114.150,8733937,992575711.000,1000,114.140,8800,114.130,3499,114.120,6699,114.110,200,114.100,1300,114.150,1100,114.180,400,114.200,1400,114.220,200,114.230,2020-11-02,11:29:59,00,";
var hq_str_sh603259="药明康德,113.670,112.720,114.140,115.100,112.300,114.140,114.150,8734837,992678437.000,100,114.140,8900,114.130,3499,114.120,6699,114.110,200,114.100,1300,114.150,1100,114.180,400,114.200,1400,114.220,200,114.230,2020-11-02,11:30:00,00,";
var hq_str_sh603259="药明康德,113.670,112.720,113.930,115.100,112.300,113.830,113.860,8840970,1004783805.000,1400,113.830,500,113.820,700,113.800,600,113.790,200,113.780,100,113.860,3500,113.990,17906,114.000,200,114.040,2108,114.060,2020-11-02,13:00:59,00,";
var hq_str_sh603259="药明康德,113.670,112.720,113.950,115.100,112.300,113.910,113.970,8904470,1012018581.000,1200,113.910,200,113.860,200,113.850,500,113.840,1700,113.820,700,113.970,3700,113.980,200,113.990,3300,114.000,308,114.060,2020-11-02,13:01:59,00,";
var hq_str_sh603259="药明康德,113.670,112.720,113.890,115.100,112.300,113.840,113.890,8953571,1017612048.000,899,113.840,3200,113.800,500,113.760,700,113.740,500,113.730,1900,113.890,2900,113.920,1200,113.930,1100,113.970,200,113.980,2020-11-02,13:02:59,00,";
var hq_str_sh603259="药明康德,113.670,112.720,113.860,115.100,112.300,113.800,113.840,8988370,1021573863.000,400,113.800,500,113.760,2000,113.750,700,113.740,500,113.730,200,113.840,200,113.850,500,113.860,2600,113.870,5500,113.880,2020-11-02,13:03:57,00,";
var hq_str_sh603259="药明康德,113.670,112.720,113.650,115.100,112.300,113.600,113.650,9031870,1026516478.000,1900,113.600,5200,113.570,200,113.500,100,113.490,600,113.480,100,113.650,200,113.660,6500,113.670,12300,113.680,100,113.700,2020-11-02,13:04:59,00,";
var hq_str_sh603259="药明康德,113.670,112.720,113.390,115.100,112.300,113.210,113.390,9078670,1031831158.000,100,113.210,1200,113.200,600,113.180,100,113.160,200,113.110,320,113.390,300,113.400,200,113.410,200,113.440,900,113.450,2020-11-02,13:05:59,00,";
var hq_str_sh603259="药明康德,113.670,112.720,113.180,115.100,112.300,113.180,113.190,9118673,1036357772.000,1699,113.180,9000,113.100,500,113.080,200,113.010,4900,113.000,3000,113.190,400,113.200,500,113.210,3800,113.220,100,113.270,2020-11-02,13:06:59,00,";
var hq_str_sh603259="药明康德,113.670,112.720,113.060,115.100,112.300,113.010,113.060,9169272,1042081754.000,1100,113.010,6800,113.000,800,112.920,200,112.910,600,112.900,900,113.060,200,113.130,1700,113.140,200,113.150,900,113.160,2020-11-02,13:07:59,00,";
var hq_str_sh603259="药明康德,113.670,112.720,113.020,115.100,112.300,113.010,113.020,9208172,1046477860.000,2300,113.010,1500,113.000,7700,112.990,100,112.950,800,112.920,1100,113.020,100,113.060,100,113.070,200,113.110,500,113.130,2020-11-02,13:08:59,00,";
var hq_str_sh603259="药明康德,113.670,112.720,113.060,115.100,112.300,113.060,113.070,9265372,1052944651.000,6200,113.060,200,113.050,300,113.030,2100,113.020,500,113.010,200,113.070,200,113.100,3100,113.110,100,113.120,1400,113.130,2020-11-02,13:09:59,00,";
var hq_str_sh603259="药明康德,113.670,112.720,113.050,115.100,112.300,113.010,113.050,9329705,1060216708.000,400,113.010,700,113.000,900,112.950,200,112.920,600,112.910,3700,113.050,2600,113.110,900,113.120,400,113.130,300,113.140,2020-11-02,13:10:59,00,";
var hq_str_sh603259="药明康德,113.670,112.720,113.020,115.100,112.300,112.980,113.020,9352908,1062838319.000,5100,112.980,800,112.960,100,112.950,15097,112.940,900,112.930,300,113.020,800,113.030,6300,113.040,2340,113.050,200,113.070,2020-11-02,13:11:59,00,";
var hq_str_sh603259="药明康德,113.670,112.720,113.120,115.100,112.300,113.120,113.150,9398571,1068000884.000,200,113.120,200,113.110,300,113.100,600,113.060,460,113.050,2300,113.150,200,113.180,400,113.190,200,113.210,3800,113.220,2020-11-02,13:12:59,00,";
var hq_str_sh603259="药明康德,113.670,112.720,113.090,115.100,112.300,113.060,113.110,9441971,1072909487.000,100,113.060,1200,113.050,2900,113.040,1260,113.030,400,113.010,2100,113.110,600,113.120,200,113.140,900,113.160,300,113.170,2020-11-02,13:13:59,00,";
var hq_str_sh603259="药明康德,113.670,112.720,113.100,115.100,112.300,113.100,113.140,9482371,1077479127.000,3000,113.100,500,113.080,1400,113.060,1800,113.050,3400,113.040,1200,113.140,700,113.150,200,113.160,200,113.170,1100,113.180,2020-11-02,13:14:59,00,";
var hq_str_sh603259="药明康德,113.670,112.720,113.020,115.100,112.300,112.970,113.020,9527331,1082563431.000,300,112.970,400,112.960,14800,112.940,600,112.910,1300,112.900,2000,113.020,940,113.030,300,113.040,100,113.050,1000,113.060,2020-11-02,13:15:59,00,";
var hq_str_sh603259="药明康德,113.670,112.720,113.000,115.100,112.300,113.000,113.010,9570431,1087432556.000,1700,113.000,100,112.990,600,112.980,700,112.970,10400,112.950,1600,113.010,2000,113.020,300,113.050,300,113.060,700,113.080,2020-11-02,13:16:59,00,";
var hq_str_sh603259="药明康德,113.670,112.720,112.980,115.100,112.300,112.960,112.980,9631132,1094290053.000,10099,112.960,100,112.950,6600,112.940,700,112.930,700,112.910,100,112.980,100,112.990,2000,113.000,400,113.010,700,113.020,2020-11-02,13:17:59,00,";
var hq_str_sh603259="药明康德,113.670,112.720,112.910,115.100,112.300,112.920,112.940,9677231,1099497962.000,300,112.920,1400,112.910,1500,112.900,200,112.890,28000,112.880,2200,112.940,600,112.950,1300,112.960,903,112.970,300,112.980,2020-11-02,13:18:59,00,";
var hq_str_sh603259="药明康德,113.670,112.720,112.600,115.100,112.300,112.600,112.630,9774543,1110479480.000,1100,112.600,1600,112.580,3400,112.560,100,112.550,100,112.540,100,112.630,6300,112.640,2600,112.670,2600,112.700,300,112.730,2020-11-02,13:19:59,00,";
var hq_str_sh603259="药明康德,113.670,112.720,112.680,115.100,112.300,112.640,112.680,9854543,1119489148.000,2000,112.640,2200,112.630,400,112.610,3000,112.600,1300,112.590,1919,112.680,100,112.700,100,112.710,400,112.810,400,112.850,2020-11-02,13:20:59,00,";
var hq_str_sh603259="药明康德,113.670,112.720,112.770,115.100,112.300,112.740,112.770,9913043,1126080859.000,600,112.740,800,112.730,900,112.720,400,112.700,600,112.680,1100,112.770,100,112.780,800,112.790,1008,112.800,500,112.810,2020-11-02,13:21:59,00,";
var hq_str_sh603259="药明康德,113.670,112.720,112.680,115.100,112.300,112.680,112.720,9960646,1131446801.000,11097,112.680,4300,112.650,100,112.630,1100,112.610,1600,112.600,300,112.720,2200,112.730,300,112.760,300,112.800,100,112.840,2020-11-02,13:22:59,00,";
var hq_str_sh603259="药明康德,113.670,112.720,112.880,115.100,112.300,112.880,112.910,10016146,1137708633.000,1400,112.880,100,112.850,100,112.770,100,112.760,400,112.710,700,112.910,600,112.920,400,112.980,700,113.000,200,113.050,2020-11-02,13:23:59,00,";
var hq_str_sh603259="药明康德,113.670,112.720,112.710,115.100,112.300,112.710,112.830,10061346,1142810747.000,600,112.710,2900,112.700,1000,112.690,10997,112.680,100,112.660,200,112.830,10200,112.840,1400,112.860,600,112.870,900,112.880,2020-11-02,13:24:59,00,";
var hq_str_sh603259="药明康德,113.670,112.720,112.720,115.100,112.300,112.700,112.720,10116946,1149078639.000,1700,112.700,100,112.690,3497,112.680,300,112.670,100,112.660,1200,112.720,500,112.730,200,112.740,100,112.800,1600,112.810,2020-11-02,13:25:59,00,";
var hq_str_sh603259="药明康德,113.670,112.720,112.790,115.100,112.300,112.790,112.810,10156646,1153555338.000,100,112.790,4300,112.780,300,112.760,1500,112.750,1300,112.740,2300,112.810,500,112.820,1100,112.830,600,112.840,300,112.850,2020-11-02,13:27:00,00,";
var hq_str_sh603259="药明康德,113.670,112.720,112.800,115.100,112.300,112.800,112.810,10197746,1158190946.000,6400,112.800,3300,112.790,2500,112.750,300,112.740,5000,112.730,1700,112.810,300,112.820,1600,112.830,1000,112.840,300,112.850,2020-11-02,13:27:57,00,";
var hq_str_sh603259="药明康德,113.670,112.720,112.750,115.100,112.300,112.750,112.780,10281346,1167621126.000,3800,112.750,400,112.740,5000,112.730,8000,112.720,900,112.710,3900,112.780,300,112.790,12600,112.800,3503,112.810,800,112.820,2020-11-02,13:28:59,00,";
var hq_str_sh603259="药明康德,113.670,112.720,112.730,115.100,112.300,112.730,112.750,10336893,1173884947.000,3600,112.730,8000,112.720,1000,112.710,1900,112.700,100,112.690,300,112.750,4200,112.760,200,112.780,3180,112.790,6000,112.800,2020-11-02,13:29:59,00,";
var hq_str_sh603259="药明康德,113.670,112.720,112.600,115.100,112.300,112.580,112.600,10397790,1180746880.000,700,112.580,5300,112.570,7100,112.560,200,112.550,600,112.540,1000,112.600,10000,112.680,200,112.690,300,112.700,3500,112.720,2020-11-02,13:31:00,00,";
var hq_str_sh603259="药明康德,113.670,112.720,112.860,115.100,112.300,112.850,112.860,10498498,1192108060.000,700,112.850,800,112.840,800,112.820,300,112.810,29400,112.800,1700,112.860,6600,113.060,400,113.080,300,113.090,300,113.100,2020-11-02,13:32:00,00,";
var hq_str_sh603259="药明康德,113.670,112.720,113.120,115.100,112.300,113.010,113.200,10569500,1200132952.000,600,113.010,500,113.000,100,112.900,200,112.890,300,112.870,500,113.200,500,113.290,1000,113.300,100,113.310,320,113.390,2020-11-02,13:32:57,00,";
var hq_str_sh603259="药明康德,113.670,112.720,113.000,115.100,112.300,112.910,113.000,10654501,1209731713.000,1800,112.910,13100,112.900,700,112.820,300,112.810,800,112.800,2100,113.000,100,113.080,500,113.090,1200,113.180,200,113.190,2020-11-02,13:34:00,00,";
var hq_str_sh603259="药明康德,113.670,112.720,113.110,115.100,112.300,113.040,113.110,10740001,1219392968.000,500,113.040,2700,113.030,200,113.020,20100,113.000,11800,112.990,3300,113.110,200,113.190,700,113.200,200,113.280,1000,113.300,2020-11-02,13:35:00,00,";
var hq_str_sh603259="药明康德,113.670,112.720,113.120,115.100,112.300,113.110,113.120,10791401,1225205431.000,100,113.110,3200,113.060,400,113.030,1300,113.010,2400,113.000,15100,113.120,600,113.140,1200,113.150,200,113.190,1100,113.200,2020-11-02,13:36:00,00,";
var hq_str_sh603259="药明康德,113.670,112.720,113.150,115.100,112.300,113.150,113.170,10840634,1230776265.000,3000,113.150,8268,113.130,5000,113.120,200,113.110,1100,113.070,1500,113.170,8300,113.190,200,113.200,1100,113.220,800,113.250,2020-11-02,13:37:00,00,";
var hq_str_sh603259="药明康德,113.670,112.720,113.080,115.100,112.300,113.060,113.070,10901745,1237688110.000,2300,113.060,200,113.010,2500,113.000,300,112.990,800,112.970,2000,113.070,201,113.080,300,113.110,1200,113.130,600,113.150,2020-11-02,13:38:00,00,";
var hq_str_sh603259="药明康德,113.670,112.720,112.890,115.100,112.300,112.880,112.890,10942445,1242288420.000,300,112.880,500,112.860,500,112.850,100,112.840,500,112.820,2300,112.890,1200,112.900,300,112.910,300,112.920,10900,112.970,2020-11-02,13:39:00,00,";
var hq_str_sh603259="药明康德,113.670,112.720,113.000,115.100,112.300,112.930,113.000,10996645,1248407044.000,900,112.930,100,112.920,600,112.900,500,112.880,4200,112.870,1704,113.000,2300,113.100,7900,113.110,50,113.220,500,113.300,2020-11-02,13:40:00,00,";
var hq_str_sh603259="药明康德,113.670,112.720,113.360,115.100,112.300,113.340,113.360,11086317,1258566251.000,100,113.340,500,113.310,2000,113.300,100,113.210,400,113.200,1300,113.360,280,113.500,700,113.520,100,113.560,3300,113.570,2020-11-02,13:41:00,00,";
var hq_str_sh603259="药明康德,113.670,112.720,113.360,115.100,112.300,113.320,113.360,11165937,1267593473.000,200,113.320,1000,113.310,3680,113.300,500,113.240,700,113.210,3500,113.360,700,113.450,200,113.460,200,113.470,100,113.480,2020-11-02,13:42:00,00,";
var hq_str_sh603259="药明康德,113.670,112.720,113.130,115.100,112.300,113.140,113.280,11215517,1273208766.000,500,113.140,2200,113.130,900,113.120,5000,113.110,800,113.100,2000,113.280,200,113.290,200,113.310,500,113.340,2400,113.400,2020-11-02,13:43:00,00,";
var hq_str_sh603259="药明康德,113.670,112.720,113.230,115.100,112.300,113.140,113.220,11281917,1280728043.000,200,113.140,13100,113.130,600,113.120,300,113.100,500,113.090,5700,113.220,2800,113.230,200,113.240,600,113.250,500,113.370,2020-11-02,13:44:00,00,";
var hq_str_sh603259="药明康德,113.670,112.720,113.190,115.100,112.300,113.190,113.230,11320417,1285085633.000,2900,113.190,100,113.150,600,113.140,10800,113.130,1100,113.120,1100,113.230,200,113.240,800,113.250,500,113.370,900,113.390,2020-11-02,13:45:00,00,";
var hq_str_sh603259="药明康德,113.670,112.720,113.370,115.100,112.300,113.370,113.380,11366117,1290263337.000,300,113.370,2200,113.280,4400,113.270,1800,113.260,15000,113.250,600,113.380,4800,113.390,800,113.400,200,113.410,300,113.440,2020-11-02,13:46:00,00,";
var hq_str_sh603259="药明康德,113.670,112.720,113.280,115.100,112.300,113.280,113.350,11407917,1294999517.000,3100,113.280,100,113.270,7500,113.260,11300,113.250,500,113.230,200,113.350,12600,113.360,1700,113.370,200,113.380,1900,113.390,2020-11-02,13:47:00,00,";
var hq_str_sh603259="药明康德,113.670,112.720,113.400,115.100,112.300,113.370,113.400,11468517,1301867391.000,500,113.370,5200,113.330,4400,113.320,2100,113.290,2700,113.280,2900,113.400,200,113.410,300,113.420,300,113.440,1160,113.450,2020-11-02,13:48:00,00,";
var hq_str_sh603259="药明康德,113.670,112.720,113.590,115.100,112.300,113.590,113.600,11549179,1311020670.000,1800,113.590,100,113.580,100,113.570,100,113.510,3800,113.480,700,113.600,100,113.660,500,113.690,300,113.700,100,113.710,2020-11-02,13:49:00,00,";
var hq_str_sh603259="药明康德,113.670,112.720,113.550,115.100,112.300,113.500,113.550,11598579,1316628806.000,3900,113.500,10500,113.480,700,113.470,2900,113.460,30040,113.450,5200,113.550,100,113.570,6700,113.590,3100,113.600,300,113.660,2020-11-02,13:50:00,00,";
var hq_str_sh603259="药明康德,113.670,112.720,113.590,115.100,112.300,113.530,113.590,11651479,1322640427.000,500,113.530,2000,113.510,500,113.500,500,113.490,10000,113.480,2200,113.590,1400,113.620,9000,113.670,700,113.680,200,113.690,2020-11-02,13:51:00,00,";
var hq_str_sh603259="药明康德,113.670,112.720,113.660,115.100,112.300,113.650,113.660,11712426,1329565146.000,6298,113.650,300,113.640,100,113.540,1100,113.530,600,113.520,300,113.660,700,113.670,500,113.680,200,113.690,400,113.700,2020-11-02,13:52:00,00,";
var hq_str_sh603259="药明康德,113.670,112.720,113.860,115.100,112.300,113.860,113.880,11788160,1338175436.000,6100,113.860,15000,113.850,7300,113.800,300,113.720,13664,113.700,200,113.880,200,113.890,3600,113.900,200,113.940,4900,113.950,2020-11-02,13:53:00,00,";
var hq_str_sh603259="药明康德,113.670,112.720,113.800,115.100,112.300,113.700,113.780,11854560,1345735942.000,14164,113.700,500,113.670,1500,113.640,500,113.610,900,113.580,100,113.780,6100,113.850,100,113.860,200,113.870,100,113.880,2020-11-02,13:54:00,00,";
var hq_str_sh603259="药明康德,113.670,112.720,113.750,115.100,112.300,113.700,113.750,11938560,1355291319.000,4100,113.700,500,113.670,1500,113.640,500,113.610,900,113.580,3200,113.750,100,113.770,700,113.790,2900,113.850,700,113.860,2020-11-02,13:55:00,00,";
var hq_str_sh603259="药明康德,113.670,112.720,113.940,115.100,112.300,113.910,113.940,12030061,1365708710.000,100,113.910,100,113.900,100,113.890,3800,113.850,100,113.840,1800,113.940,4900,113.950,2100,113.960,6200,113.980,3700,113.990,2020-11-02,13:56:00,00,";
var hq_str_sh603259="药明康德,113.670,112.720,114.050,115.100,112.300,114.000,114.050,12109926,1374812273.000,11118,114.000,3500,113.980,5817,113.970,200,113.960,500,113.950,1200,114.050,300,114.090,1600,114.100,1400,114.130,1200,114.140,2020-11-02,13:57:00,00,";
var hq_str_sh603259="药明康德,113.670,112.720,114.030,115.100,112.300,114.030,114.040,12161726,1380721605.000,200,114.030,4118,114.000,1900,113.980,5817,113.970,200,113.960,1100,114.040,100,114.080,10800,114.090,6100,114.100,100,114.110,2020-11-02,13:58:00,00,";
var hq_str_sh603259="药明康德,113.670,112.720,114.050,115.100,112.300,114.050,114.060,12234626,1389037066.000,900,114.050,1200,114.040,600,114.010,10018,114.000,1000,113.980,200,114.060,500,114.070,1412,114.080,200,114.090,1400,114.100,2020-11-02,13:59:00,00,";
var hq_str_sh603259="药明康德,113.670,112.720,114.160,115.100,112.300,114.150,114.160,12290866,1395453579.000,760,114.150,6600,114.070,900,114.050,1200,114.010,9818,114.000,1600,114.160,500,114.170,448,114.180,500,114.190,23000,114.200,2020-11-02,14:00:00,00,";
var hq_str_sh603259="药明康德,113.670,112.720,113.800,115.100,112.300,113.790,113.800,12416944,1409830409.000,1000,113.790,1600,113.760,20100,113.750,500,113.730,200,113.720,1800,113.800,500,113.820,200,113.850,400,113.860,5000,113.900,2020-11-02,14:01:00,00,";
var hq_str_sh603259="药明康德,113.670,112.720,113.900,115.100,112.300,113.900,113.930,12477944,1416771104.000,5000,113.900,600,113.890,100,113.860,11600,113.850,200,113.830,900,113.930,500,113.990,5600,114.000,800,114.070,1000,114.100,2020-11-02,14:01:57,00,";
var hq_str_sh603259="药明康德,113.670,112.720,113.920,115.100,112.300,113.920,113.950,12530344,1422740490.000,8700,113.920,1800,113.900,900,113.880,3100,113.870,100,113.860,700,113.950,1000,113.960,200,113.980,700,113.990,6720,114.000,2020-11-02,14:03:00,00,";
var hq_str_sh603259="药明康德,113.670,112.720,114.000,115.100,112.300,114.000,114.020,12577844,1428155168.000,13700,114.000,200,113.980,500,113.970,700,113.960,9900,113.950,1100,114.020,200,114.050,100,114.100,300,114.170,300,114.180,2020-11-02,14:03:58,00,";
var hq_str_sh603259="药明康德,113.670,112.720,114.200,115.100,112.300,114.120,114.200,12642547,1435539015.000,400,114.120,9900,114.100,7400,114.080,400,114.070,1300,114.060,3900,114.200,500,114.210,1200,114.220,3160,114.230,500,114.250,2020-11-02,14:05:00,00,";
var hq_str_sh603259="药明康德,113.670,112.720,114.270,115.100,112.300,114.240,114.270,12695047,1441534166.000,100,114.240,1200,114.220,200,114.210,4800,114.200,2000,114.190,500,114.270,900,114.280,100,114.290,400,114.300,140,114.310,2020-11-02,14:05:58,00,";
var hq_str_sh603259="药明康德,113.670,112.720,114.100,115.100,112.300,114.100,114.110,12778247,1451033962.000,3100,114.100,7400,114.080,500,114.060,700,114.040,1500,114.010,300,114.110,3700,114.120,100,114.130,1200,114.140,4500,114.150,2020-11-02,14:07:00,00,";
var hq_str_sh603259="药明康德,113.670,112.720,114.100,115.100,112.300,114.090,114.100,12818147,1455587181.000,400,114.090,4500,114.080,500,114.060,700,114.040,5000,114.020,1700,114.100,6100,114.110,300,114.120,800,114.130,200,114.140,2020-11-02,14:08:00,00,";
var hq_str_sh603259="药明康德,113.670,112.720,114.000,115.100,112.300,114.000,114.010,12860947,1460468815.000,16400,114.000,100,113.980,500,113.970,5800,113.950,500,113.940,100,114.010,8800,114.020,4100,114.030,200,114.050,2300,114.060,2020-11-02,14:09:00,00,";
var hq_str_sh603259="药明康德,113.670,112.720,114.090,115.100,112.300,114.030,114.090,12934950,1468905787.000,1297,114.030,1000,113.970,5500,113.950,500,113.940,1000,113.910,400,114.090,1800,114.100,700,114.110,300,114.140,1000,114.150,2020-11-02,14:10:00,00,";
var hq_str_sh603259="药明康德,113.670,112.720,114.060,115.100,112.300,114.050,114.060,12979050,1473934920.000,6100,114.050,400,114.040,500,114.030,200,114.020,900,114.010,1200,114.060,300,114.070,900,114.080,800,114.090,1300,114.100,2020-11-02,14:11:00,00,";
var hq_str_sh603259="药明康德,113.670,112.720,114.190,115.100,112.300,114.150,114.160,13019350,1478534422.000,100,114.150,6900,114.120,5100,114.100,500,114.090,800,114.080,1500,114.160,2400,114.190,8300,114.200,1400,114.210,100,114.240,2020-11-02,14:12:00,00,";
var hq_str_sh603259="药明康德,113.670,112.720,114.600,115.100,112.300,114.500,114.600,13132495,1491478401.000,11700,114.500,200,114.490,2500,114.410,500,114.360,8860,114.350,6300,114.600,1400,114.690,1200,114.700,300,114.750,500,114.780,2020-11-02,14:13:00,00,";
var hq_str_sh603259="药明康德,113.670,112.720,114.650,115.100,112.300,114.620,114.650,13211295,1500515730.000,2500,114.620,8900,114.600,100,114.590,100,114.580,700,114.570,2300,114.650,500,114.730,100,114.740,100,114.750,1600,114.760,2020-11-02,14:14:00,00,";
var hq_str_sh603259="药明康德,113.670,112.720,114.570,115.100,112.300,114.540,114.570,13291995,1509760941.000,4700,114.540,10500,114.500,500,114.480,500,114.450,500,114.420,2800,114.570,400,114.590,100,114.610,400,114.630,100,114.640,2020-11-02,14:15:00,00,";
var hq_str_sh603259="药明康德,113.670,112.720,114.560,115.100,112.300,114.520,114.560,13345795,1515925650.000,500,114.520,300,114.510,10400,114.500,500,114.480,500,114.450,1200,114.560,100,114.590,3100,114.650,1000,114.660,500,114.670,2020-11-02,14:15:57,00,";
var hq_str_sh603259="药明康德,113.670,112.720,114.600,115.100,112.300,114.600,114.610,13385498,1520474620.000,4400,114.600,1300,114.560,597,114.550,500,114.540,5700,114.520,600,114.610,400,114.620,200,114.630,200,114.640,4300,114.650,2020-11-02,14:16:58,00,";
var hq_str_sh603259="药明康德,113.670,112.720,114.640,115.100,112.300,114.640,114.800,13447598,1527595368.000,3200,114.640,13700,114.630,100,114.620,900,114.600,1000,114.580,35500,114.800,300,114.830,100,114.840,300,114.850,600,114.860,2020-11-02,14:18:00,00,";
var hq_str_sh603259="药明康德,113.670,112.720,114.870,115.100,112.300,114.800,114.870,13543298,1538582674.000,6300,114.800,500,114.730,100,114.720,200,114.710,6300,114.700,2900,114.870,800,114.880,700,114.890,4950,114.900,2200,114.910,2020-11-02,14:19:00,00,";
var hq_str_sh603259="药明康德,113.670,112.720,114.630,115.100,112.300,114.630,114.640,13621498,1547556808.000,5800,114.630,4800,114.600,1000,114.580,400,114.570,100,114.560,1100,114.640,300,114.690,700,114.700,12900,114.710,2100,114.720,2020-11-02,14:19:58,00,";
var hq_str_sh603259="药明康德,113.670,112.720,114.700,115.100,112.300,114.680,114.700,13695498,1556041328.000,100,114.680,1200,114.660,100,114.620,2300,114.610,12500,114.600,2600,114.700,100,114.710,1300,114.720,600,114.750,100,114.780,2020-11-02,14:21:00,00,";
var hq_str_sh603259="药明康德,113.670,112.720,114.310,115.100,112.300,114.310,114.330,13784595,1566245454.000,100,114.310,5100,114.300,500,114.270,500,114.240,1000,114.210,2100,114.330,200,114.340,800,114.370,2100,114.380,500,114.390,2020-11-02,14:21:57,00,";
var hq_str_sh603259="药明康德,113.670,112.720,114.250,115.100,112.300,114.210,114.250,13855995,1574398626.000,200,114.210,8400,114.200,100,114.190,1300,114.180,300,114.110,800,114.250,900,114.280,800,114.300,100,114.310,1100,114.330,2020-11-02,14:23:00,00,";
var hq_str_sh603259="药明康德,113.670,112.720,114.060,115.100,112.300,114.030,114.060,13912195,1580816944.000,500,114.030,100,114.020,1200,114.010,10300,114.000,500,113.970,2000,114.060,700,114.070,100,114.080,1300,114.100,1200,114.110,2020-11-02,14:24:00,00,";
var hq_str_sh603259="药明康德,113.670,112.720,113.880,115.100,112.300,113.790,113.880,13966795,1587035593.000,1700,113.790,900,113.760,4000,113.750,1300,113.730,300,113.720,7900,113.880,600,113.890,12856,113.900,2400,113.940,4600,113.950,2020-11-02,14:25:00,00,";
var hq_str_sh603259="药明康德,113.670,112.720,113.960,115.100,112.300,113.960,113.980,14055454,1597134323.000,700,113.960,10341,113.950,10700,113.910,2000,113.900,5700,113.800,200,113.980,2300,113.990,12800,114.000,100,114.050,500,114.070,2020-11-02,14:26:00,00,";
var hq_str_sh603259="药明康德,113.670,112.720,114.130,115.100,112.300,114.120,114.130,14111214,1603493007.000,1400,114.120,17410,114.100,1000,114.070,2482,114.050,700,114.000,2000,114.130,600,114.150,600,114.180,100,114.200,200,114.210,2020-11-02,14:27:00,00,";
var hq_str_sh603259="药明康德,113.670,112.720,114.200,115.100,112.300,114.200,114.240,14170114,1610216528.000,5400,114.200,100,114.170,6100,114.150,1400,114.130,500,114.120,500,114.240,300,114.260,300,114.280,200,114.310,300,114.330,2020-11-02,14:28:00,00,";
var hq_str_sh603259="药明康德,113.670,112.720,113.990,115.100,112.300,113.970,114.000,14267114,1621290680.000,500,113.970,1000,113.960,3605,113.950,500,113.940,100,113.920,6900,114.000,5500,114.060,500,114.090,400,114.150,300,114.170,2020-11-02,14:29:00,00,";
var hq_str_sh603259="药明康德,113.670,112.720,113.920,115.100,112.300,113.910,113.930,14331619,1628643808.000,1500,113.910,100,113.900,600,113.880,500,113.850,500,113.820,195,113.930,200,113.950,100,114.010,2300,114.020,100,114.030,2020-11-02,14:29:57,00,";
var hq_str_sh603259="药明康德,113.670,112.720,114.030,115.100,112.300,114.010,114.030,14384306,1634649270.000,1600,114.010,8633,114.000,5400,113.980,1300,113.950,1900,113.930,3900,114.030,300,114.060,200,114.080,300,114.170,1100,114.180,2020-11-02,14:31:00,00,";
var hq_str_sh603259="药明康德,113.670,112.720,114.050,115.100,112.300,114.050,114.060,14455707,1642792213.000,9300,114.050,200,114.040,9300,114.030,700,114.020,8132,114.000,900,114.060,2700,114.070,300,114.080,900,114.130,500,114.180,2020-11-02,14:31:57,00,";
var hq_str_sh603259="药明康德,113.670,112.720,113.950,115.100,112.300,114.030,114.040,14554239,1654029282.000,500,114.030,4700,113.930,2980,113.920,4800,113.910,15400,113.900,300,114.040,17068,114.050,3500,114.060,400,114.080,2600,114.090,2020-11-02,14:33:00,00,";
var hq_str_sh603259="药明康德,113.670,112.720,113.930,115.100,112.300,113.920,113.930,14670139,1667245865.000,200,113.920,4200,113.910,18900,113.900,3900,113.890,2400,113.880,3600,113.930,300,113.940,300,113.980,900,114.000,100,114.030,2020-11-02,14:34:00,00,";
var hq_str_sh603259="药明康德,113.670,112.720,113.790,115.100,112.300,113.710,113.790,14758839,1677345215.000,100,113.710,1900,113.700,500,113.670,100,113.660,100,113.650,3300,113.790,7300,113.800,8700,113.830,300,113.840,1000,113.850,2020-11-02,14:35:00,00,";
var hq_str_sh603259="药明康德,113.670,112.720,113.600,115.100,112.300,113.590,113.600,14866539,1689585621.000,100,113.590,900,113.580,2700,113.550,700,113.520,2100,113.510,103,113.600,5300,113.620,1800,113.660,1800,113.670,800,113.690,2020-11-02,14:36:00,00,";
var hq_str_sh603259="药明康德,113.670,112.720,113.790,115.100,112.300,113.790,113.820,14946827,1698717397.000,500,113.790,600,113.760,200,113.750,3000,113.720,200,113.710,100,113.820,200,113.860,700,113.900,500,113.940,300,113.980,2020-11-02,14:37:00,00,";
var hq_str_sh603259="药明康德,113.670,112.720,113.900,115.100,112.300,113.900,113.930,15021627,1707237862.000,1200,113.900,5100,113.880,2300,113.860,9600,113.850,2200,113.840,800,113.930,7200,113.950,400,113.970,400,113.980,500,113.990,2020-11-02,14:37:58,00,";
var hq_str_sh603259="药明康德,113.670,112.720,113.880,115.100,112.300,113.870,113.880,15091627,1715209423.000,900,113.870,3700,113.860,2200,113.850,3700,113.840,6800,113.820,100,113.880,300,113.890,10040,113.900,800,113.920,200,113.930,2020-11-02,14:39:00,00,";
var hq_str_sh603259="药明康德,113.670,112.720,113.900,115.100,112.300,113.900,113.910,15135607,1720218523.000,5540,113.900,500,113.870,1800,113.860,800,113.850,3700,113.840,100,113.910,1200,113.920,700,113.930,1000,113.950,100,113.970,2020-11-02,14:40:00,00,";
var hq_str_sh603259="药明康德,113.670,112.720,113.760,115.100,112.300,113.740,113.760,15191347,1726564364.000,200,113.740,600,113.730,2900,113.720,3100,113.710,2400,113.700,300,113.760,4800,113.800,800,113.820,11500,113.830,100,113.860,2020-11-02,14:41:00,00,";
var hq_str_sh603259="药明康德,113.670,112.720,113.630,115.100,112.300,113.630,113.650,15264947,1734934277.000,800,113.630,100,113.620,500,113.610,1600,113.600,100,113.590,500,113.650,100,113.740,6400,113.750,2900,113.760,300,113.780,2020-11-02,14:42:00,00,";
var hq_str_sh603259="药明康德,113.670,112.720,113.720,115.100,112.300,113.700,113.720,15304847,1739471527.000,1700,113.700,500,113.680,100,113.670,400,113.660,100,113.650,500,113.720,10200,113.740,13813,113.750,600,113.760,200,113.770,2020-11-02,14:43:00,00,";
var hq_str_sh603259="药明康德,113.670,112.720,113.650,115.100,112.300,113.630,113.650,15364747,1746281798.000,700,113.630,600,113.620,1700,113.610,1700,113.600,100,113.590,2800,113.650,1700,113.660,10300,113.670,800,113.680,100,113.690,2020-11-02,14:43:58,00,";
var hq_str_sh603259="药明康德,113.670,112.720,113.770,115.100,112.300,113.770,113.780,15428860,1753570879.000,500,113.770,900,113.760,700,113.750,300,113.740,800,113.710,100,113.780,6500,113.810,400,113.820,8712,113.830,100,113.860,2020-11-02,14:45:00,00,";
var hq_str_sh603259="药明康德,113.670,112.720,113.800,115.100,112.300,113.720,113.750,15500342,1761710285.000,100,113.720,2100,113.710,3800,113.700,300,113.690,1000,113.680,100,113.750,2100,113.790,100,113.800,100,113.880,1900,113.890,2020-11-02,14:46:00,00,";
var hq_str_sh603259="药明康德,113.670,112.720,113.750,115.100,112.300,113.750,113.790,15552144,1767603994.000,1500,113.750,1399,113.740,1000,113.730,100,113.720,200,113.710,200,113.790,900,113.810,2400,113.900,300,113.930,2000,113.950,2020-11-02,14:46:57,00,";
var hq_str_sh603259="药明康德,113.670,112.720,113.920,115.100,112.300,113.920,113.930,15633444,1776863538.000,5100,113.920,4500,113.900,1000,113.880,100,113.770,300,113.760,1800,113.930,200,113.940,2000,113.950,900,113.960,500,113.970,2020-11-02,14:47:59,00,";
var hq_str_sh603259="药明康德,113.670,112.720,113.940,115.100,112.300,113.950,113.990,15718145,1786516327.000,3800,113.950,499,113.920,3100,113.910,2600,113.900,1000,113.880,300,113.990,1820,114.000,300,114.020,200,114.050,300,114.070,2020-11-02,14:48:57,00,";
var hq_str_sh603259="药明康德,113.670,112.720,114.020,115.100,112.300,114.020,114.030,15813666,1797416202.000,7679,114.020,3100,114.000,500,113.990,500,113.960,8100,113.950,6539,114.030,300,114.120,2000,114.410,102,114.480,6000,114.500,2020-11-02,14:50:00,00,";
var hq_str_sh603259="药明康德,113.670,112.720,114.040,115.100,112.300,114.030,114.040,15856805,1802337846.000,10561,114.030,6600,114.020,100,114.010,1500,114.000,500,113.990,5600,114.040,3400,114.080,400,114.090,400,114.100,300,114.110,2020-11-02,14:51:00,00,";
var hq_str_sh603259="药明康德,113.670,112.720,113.700,115.100,112.300,113.690,113.710,15921966,1809760609.000,1200,113.690,2600,113.680,1000,113.660,1700,113.650,200,113.630,1100,113.710,1400,113.720,3200,113.730,6000,113.750,4200,113.760,2020-11-02,14:52:00,00,";
var hq_str_sh603259="药明康德,113.670,112.720,113.830,115.100,112.300,113.830,113.880,15981646,1816547698.000,400,113.830,2800,113.820,18820,113.810,28900,113.800,100,113.790,284,113.880,1100,113.890,1000,113.900,1400,113.930,300,113.950,2020-11-02,14:53:00,00,";
var hq_str_sh603259="药明康德,113.670,112.720,113.980,115.100,112.300,113.980,114.000,16085746,1828403240.000,1200,113.980,1300,113.880,200,113.810,2520,113.800,500,113.790,5900,114.000,3600,114.020,139,114.030,1900,114.050,200,114.080,2020-11-02,14:54:00,00,";
var hq_str_sh603259="药明康德,113.670,112.720,114.000,115.100,112.300,114.000,114.030,16144341,1835078504.000,1429,114.000,3876,113.900,6600,113.880,1900,113.870,9100,113.860,200,114.030,899,114.050,100,114.080,2200,114.100,100,114.110,2020-11-02,14:54:57,00,";
var hq_str_sh603259="药明康德,113.670,112.720,114.010,115.100,112.300,114.000,114.010,16174410,1838504673.000,7800,114.000,1400,113.990,300,113.920,100,113.900,5300,113.890,700,114.010,100,114.030,1699,114.050,300,114.070,1100,114.080,2020-11-02,14:55:59,00,";
var hq_str_sh603259="药明康德,113.670,112.720,113.980,115.100,112.300,113.980,113.980,16226210,1844409356.000,1000,113.980,900,0.000,0,0.000,0,0.000,0,0.000,1000,113.980,0,0.000,0,0.000,0,0.000,0,0.000,2020-11-02,14:57:00,00,";
var hq_str_sh603259="药明康德,113.670,112.720,113.980,115.100,112.300,113.980,113.980,16226210,1844409356.000,30300,113.980,0,0.000,0,0.000,0,0.000,0,0.000,30300,113.980,12122,0.000,0,0.000,0,0.000,0,0.000,2020-11-02,14:58:00,00,";
var hq_str_sh603259="药明康德,113.670,112.720,113.980,115.100,112.300,113.980,113.980,16226210,1844409356.000,52022,113.980,5378,0.000,0,0.000,0,0.000,0,0.000,52022,113.980,0,0.000,0,0.000,0,0.000,0,0.000,2020-11-02,14:59:00,00,";
