var hq_str_sh603259="药明康德,90.830,90.830,91.150,91.150,90.830,91.150,91.200,308660,28036039.000,1040,91.150,32100,91.000,20000,90.850,20000,90.830,77000,90.800,300,91.200,3300,91.300,1400,91.500,200,91.630,100,91.700,2020-03-19,09:30:00,00,";
var hq_str_sh603259="药明康德,90.830,90.830,91.010,92.300,90.830,91.000,91.010,911360,82983193.000,18500,91.000,300,90.990,16900,90.980,19800,90.900,200,90.880,800,91.010,700,91.030,2300,91.500,3800,91.900,4200,91.930,2020-03-19,09:31:00,00,";
var hq_str_sh603259="药明康德,90.830,90.830,91.540,92.300,90.830,91.350,91.520,1236360,112603893.000,300,91.350,1300,91.300,100,91.260,500,91.200,4900,91.160,100,91.520,100,91.540,100,91.690,2300,91.710,400,91.780,2020-03-19,09:32:00,00,";
var hq_str_sh603259="药明康德,90.830,90.830,91.200,92.300,90.830,91.130,91.200,1473796,134223392.000,4000,91.130,19600,91.100,2700,91.010,4000,91.000,8000,90.950,4700,91.200,100,91.210,11000,91.350,200,91.360,800,91.500,2020-03-19,09:32:57,00,";
var hq_str_sh603259="药明康德,90.830,90.830,91.430,92.300,90.830,91.400,91.480,1732036,157813877.000,3400,91.400,1100,91.380,1560,91.370,1000,91.320,2000,91.300,300,91.480,300,91.560,1400,91.700,5300,91.710,1900,91.730,2020-03-19,09:33:57,00,";
var hq_str_sh603259="药明康德,90.830,90.830,91.710,92.300,90.830,91.730,91.800,1922536,175262065.000,100,91.730,1800,91.720,200,91.710,1100,91.700,100,91.600,4500,91.800,100,91.820,400,91.840,5000,91.850,6000,91.860,2020-03-19,09:34:57,00,";
var hq_str_sh603259="药明康德,90.830,90.830,91.910,92.300,90.830,91.910,91.920,2080181,189705745.000,1600,91.910,900,91.900,4300,91.840,500,91.740,5300,91.700,500,91.920,18000,91.970,900,91.980,2100,91.990,11200,92.000,2020-03-19,09:36:00,00,";
var hq_str_sh603259="药明康德,90.830,90.830,91.620,92.300,90.830,91.610,91.630,2159281,196967011.000,400,91.610,100,91.600,700,91.500,100,91.480,100,91.390,500,91.630,2700,91.650,900,91.660,3500,91.690,100,91.720,2020-03-19,09:37:00,00,";
var hq_str_sh603259="药明康德,90.830,90.830,91.080,92.300,90.830,91.080,91.100,2268361,206921363.000,920,91.080,1300,91.020,1800,91.010,71200,91.000,8000,90.950,700,91.100,500,91.120,100,91.240,500,91.280,1100,91.330,2020-03-19,09:38:00,00,";
var hq_str_sh603259="药明康德,90.830,90.830,91.070,92.300,90.830,91.010,91.070,2358661,215165127.000,12300,91.010,73400,91.000,8000,90.950,200,90.940,200,90.910,9300,91.070,1500,91.080,1400,91.180,100,91.220,100,91.260,2020-03-19,09:38:57,00,";
var hq_str_sh603259="药明康德,90.830,90.830,90.520,92.300,90.240,90.500,90.700,2632561,240035449.000,11600,90.500,800,90.490,1300,90.450,200,90.430,700,90.410,400,90.700,200,90.730,300,90.800,300,90.810,500,90.880,2020-03-19,09:40:00,00,";
var hq_str_sh603259="药明康德,90.830,90.830,90.240,92.300,90.010,90.200,90.240,2764661,251970874.000,2600,90.200,3000,90.150,2000,90.130,100,90.100,600,90.020,100,90.240,300,90.250,900,90.260,11400,90.300,500,90.310,2020-03-19,09:41:00,00,";
var hq_str_sh603259="药明康德,90.830,90.830,90.520,92.300,90.010,90.400,90.520,3094961,281879981.000,58600,90.400,500,90.260,200,90.250,1400,90.240,1000,90.200,1500,90.520,1000,90.570,2500,90.580,100,90.820,9000,90.830,2020-03-19,09:42:00,00,";
var hq_str_sh603259="药明康德,90.830,90.830,90.560,92.300,90.010,90.550,90.560,3177061,289309908.000,500,90.550,3800,90.540,3700,90.530,2400,90.520,200,90.500,3700,90.560,800,90.570,2200,90.580,2700,90.600,3000,90.630,2020-03-19,09:43:00,00,";
var hq_str_sh603259="药明康德,90.830,90.830,90.570,92.300,90.010,90.510,90.550,3297761,300231704.000,200,90.510,1200,90.500,1500,90.470,1000,90.450,300,90.420,200,90.550,400,90.580,600,90.710,5600,90.800,1000,90.810,2020-03-19,09:44:00,00,";
var hq_str_sh603259="药明康德,90.830,90.830,90.180,92.300,90.010,90.170,90.180,3373061,307042099.000,100,90.170,200,90.160,3500,90.150,2000,90.130,200,90.120,100,90.180,4900,90.200,100,90.210,2200,90.250,500,90.260,2020-03-19,09:45:00,00,";
var hq_str_sh603259="药明康德,90.830,90.830,90.020,92.300,89.900,90.020,90.030,3528361,321021399.000,100,90.020,5400,90.000,2200,89.990,800,89.980,200,89.970,300,90.030,600,90.060,1100,90.090,3800,90.100,100,90.110,2020-03-19,09:46:00,00,";
var hq_str_sh603259="药明康德,90.830,90.830,90.190,92.300,89.900,90.120,90.190,3657361,332643124.000,100,90.120,100,90.110,800,90.100,300,90.080,100,90.060,1300,90.190,1000,90.210,800,90.220,200,90.250,1000,90.260,2020-03-19,09:46:57,00,";
var hq_str_sh603259="药明康德,90.830,90.830,89.880,92.300,89.840,89.880,89.930,3829861,348167873.000,700,89.880,3000,89.850,100,89.830,300,89.810,2300,89.800,2600,89.930,300,89.940,700,89.950,5600,90.000,3700,90.010,2020-03-19,09:48:00,00,";
var hq_str_sh603259="药明康德,90.830,90.830,89.730,92.300,89.600,89.610,89.700,3903761,354803941.000,900,89.610,700,89.600,800,89.560,100,89.540,5800,89.530,400,89.700,600,89.730,1100,89.740,2000,89.770,1200,89.790,2020-03-19,09:48:57,00,";
var hq_str_sh603259="药明康德,90.830,90.830,89.940,92.300,89.540,90.100,90.160,4070181,369755893.000,100,90.100,400,90.000,120,89.940,400,89.880,800,89.860,300,90.160,1200,90.170,100,90.250,1200,90.300,200,90.340,2020-03-19,09:50:00,00,";
var hq_str_sh603259="药明康德,90.830,90.830,90.320,92.300,89.540,90.210,90.320,4198881,381354003.000,300,90.210,8100,90.200,500,90.160,200,90.120,300,90.110,300,90.320,3300,90.350,2000,90.380,1000,90.400,100,90.470,2020-03-19,09:50:57,00,";
var hq_str_sh603259="药明康德,90.830,90.830,90.250,92.300,89.540,90.150,90.250,4385581,398201507.000,5000,90.150,2600,90.110,5000,90.100,3200,90.090,500,90.040,1100,90.250,100,90.320,5200,90.350,300,90.370,10000,90.380,2020-03-19,09:52:00,00,";
var hq_str_sh603259="药明康德,90.830,90.830,90.000,92.300,89.540,89.990,90.000,4585481,416185881.000,700,89.990,1000,89.980,1600,89.890,3500,89.880,500,89.860,100,90.000,100,90.150,5000,90.350,1000,90.370,10000,90.380,2020-03-19,09:53:00,00,";
var hq_str_sh603259="药明康德,90.830,90.830,90.370,92.300,89.540,90.180,90.320,4699781,426489288.000,100,90.180,1300,90.130,200,90.030,5200,90.000,3100,89.980,900,90.320,300,90.370,800,90.380,200,90.530,100,90.550,2020-03-19,09:54:00,00,";
var hq_str_sh603259="药明康德,90.830,90.830,90.100,92.300,89.540,90.110,90.250,4742281,430319819.000,1100,90.110,400,90.100,200,90.090,200,90.080,4300,90.020,1900,90.250,1000,90.300,200,90.320,1400,90.360,400,90.370,2020-03-19,09:55:00,00,";
var hq_str_sh603259="药明康德,90.830,90.830,89.880,92.300,89.540,89.860,89.880,4859781,440910146.000,400,89.860,100,89.850,100,89.840,100,89.820,2700,89.810,800,89.880,900,89.890,1000,89.900,1400,89.930,100,89.980,2020-03-19,09:56:00,00,";
var hq_str_sh603259="药明康德,90.830,90.830,89.780,92.300,89.540,89.760,89.800,4914281,445808784.000,100,89.760,200,89.740,300,89.720,1300,89.700,100,89.690,5900,89.800,2700,89.810,2700,89.890,100,89.910,600,89.950,2020-03-19,09:57:00,00,";
var hq_str_sh603259="药明康德,90.830,90.830,90.190,92.300,89.540,90.060,90.120,5009381,454365325.000,200,90.060,1600,90.050,400,90.040,100,90.030,100,90.020,400,90.120,400,90.190,300,90.200,400,90.320,500,90.350,2020-03-19,09:58:00,00,";
var hq_str_sh603259="药明康德,90.830,90.830,89.910,92.300,89.540,89.910,89.950,5062081,459109123.000,2100,89.910,1400,89.900,200,89.890,500,89.880,600,89.870,600,89.950,400,89.980,1600,89.990,4400,90.000,600,90.300,2020-03-19,09:59:00,00,";
var hq_str_sh603259="药明康德,90.830,90.830,89.820,92.300,89.540,89.810,89.820,5101081,462614330.000,2300,89.810,6400,89.800,100,89.790,2200,89.780,200,89.770,100,89.820,200,89.830,500,89.840,600,89.850,100,89.860,2020-03-19,10:00:00,00,";
var hq_str_sh603259="药明康德,90.830,90.830,89.680,92.300,89.540,89.660,89.680,5217381,473057488.000,400,89.660,200,89.650,200,89.630,500,89.620,2100,89.610,500,89.680,600,89.700,2300,89.710,100,89.720,100,89.760,2020-03-19,10:01:00,00,";
var hq_str_sh603259="药明康德,90.830,90.830,89.780,92.300,89.540,89.800,89.890,5282181,478870206.000,9000,89.800,200,89.720,700,89.710,4900,89.700,41600,89.690,2000,89.890,4700,89.900,1900,89.910,100,89.920,400,89.990,2020-03-19,10:02:00,00,";
var hq_str_sh603259="药明康德,90.830,90.830,89.620,92.300,89.540,89.600,89.620,5387981,488361279.000,400,89.600,7200,89.590,2400,89.580,1500,89.570,400,89.560,4800,89.620,600,89.630,4000,89.640,200,89.650,700,89.660,2020-03-19,10:03:00,00,";
var hq_str_sh603259="药明康德,90.830,90.830,89.610,92.300,89.540,89.600,89.610,5483981,496967938.000,700,89.600,200,89.580,300,89.570,100,89.560,800,89.550,400,89.610,500,89.630,4900,89.640,300,89.670,3700,89.720,2020-03-19,10:04:00,00,";
var hq_str_sh603259="药明康德,90.830,90.830,89.530,92.300,89.480,89.480,89.500,5538781,501875561.000,500,89.480,200,89.470,200,89.460,100,89.420,27500,89.410,500,89.500,18,89.530,700,89.550,600,89.570,2600,89.580,2020-03-19,10:05:00,00,";
var hq_str_sh603259="药明康德,90.830,90.830,89.350,92.300,89.130,89.330,89.360,5637481,510689204.000,300,89.330,300,89.220,9600,89.200,200,89.140,2500,89.130,300,89.360,800,89.380,600,89.390,800,89.410,3000,89.450,2020-03-19,10:06:00,00,";
var hq_str_sh603259="药明康德,90.830,90.830,89.100,92.300,89.090,89.080,89.100,5893281,533495128.000,10900,89.080,100,89.060,500,89.050,200,89.040,1600,89.030,11340,89.100,1400,89.110,3500,89.120,1900,89.130,300,89.170,2020-03-19,10:07:00,00,";
var hq_str_sh603259="药明康德,90.830,90.830,89.200,92.300,89.000,89.200,89.280,6235479,563965793.000,6500,89.200,500,89.050,100,89.040,100,89.020,200,89.010,500,89.280,5200,89.290,300,89.350,300,89.440,3400,89.450,2020-03-19,10:08:00,00,";
var hq_str_sh603259="药明康德,90.830,90.830,89.180,92.300,89.000,89.120,89.180,6276739,567644803.000,100,89.120,1900,89.100,100,89.070,400,89.060,4240,89.050,3900,89.180,2500,89.190,200,89.200,5000,89.210,400,89.240,2020-03-19,10:08:57,00,";
var hq_str_sh603259="药明康德,90.830,90.830,89.200,92.300,89.000,89.150,89.190,6363233,575365789.000,100,89.150,1000,89.120,200,89.100,600,89.070,800,89.060,500,89.190,2100,89.200,200,89.470,1900,89.480,800,89.490,2020-03-19,10:10:00,00,";
var hq_str_sh603259="药明康德,90.830,90.830,88.940,92.300,88.940,88.920,88.940,6478275,585612751.000,100,88.920,100,88.910,8200,88.900,100,88.890,12400,88.880,100,88.940,1200,88.950,6000,88.970,200,88.980,1500,88.990,2020-03-19,10:11:00,00,";
var hq_str_sh603259="药明康德,90.830,90.830,88.800,92.300,88.800,88.800,88.830,6570375,593800177.000,1000,88.800,700,88.780,100,88.770,500,88.760,100,88.750,600,88.830,1000,88.840,600,88.850,600,88.860,1580,88.870,2020-03-19,10:12:00,00,";
var hq_str_sh603259="药明康德,90.830,90.830,88.880,92.300,88.530,88.880,89.010,6677653,603319868.000,31460,88.880,3400,88.780,100,88.720,400,88.710,17800,88.700,600,89.010,2000,89.020,3000,89.110,300,89.120,500,89.160,2020-03-19,10:13:00,00,";
var hq_str_sh603259="药明康德,90.830,90.830,88.920,92.300,88.530,88.920,88.970,6765781,611154183.000,840,88.920,300,88.900,600,88.890,2692,88.880,700,88.860,400,88.970,300,88.980,2500,88.990,1900,89.000,500,89.020,2020-03-19,10:14:00,00,";
var hq_str_sh603259="药明康德,90.830,90.830,89.700,92.300,88.530,89.700,89.720,6863881,619907944.000,10800,89.700,100,89.560,500,89.470,2000,89.340,100,89.250,1800,89.720,100,89.750,200,89.800,1800,89.810,100,89.870,2020-03-19,10:15:00,00,";
var hq_str_sh603259="药明康德,90.830,90.830,89.570,92.300,88.530,89.560,89.630,6984881,630752151.000,1600,89.560,100,89.540,2000,89.520,1600,89.510,5900,89.500,500,89.630,800,89.640,2900,89.650,100,89.660,1200,89.730,2020-03-19,10:16:00,00,";
var hq_str_sh603259="药明康德,90.830,90.830,89.440,92.300,88.530,89.350,89.430,7057281,637235461.000,700,89.350,4000,89.340,2100,89.250,200,89.230,500,89.200,400,89.430,2100,89.440,500,89.520,600,89.540,800,89.580,2020-03-19,10:17:00,00,";
var hq_str_sh603259="药明康德,90.830,90.830,89.390,92.300,88.530,89.390,89.490,7146681,645205831.000,600,89.390,1200,89.290,800,89.270,600,89.260,1700,89.250,1500,89.490,600,89.540,1000,89.550,800,89.580,1000,89.600,2020-03-19,10:17:57,00,";
var hq_str_sh603259="药明康德,90.830,90.830,89.210,92.300,88.530,89.200,89.210,7190681,649136497.000,35400,89.200,300,89.120,1300,89.110,10000,89.100,300,89.090,500,89.210,2600,89.260,500,89.330,200,89.450,600,89.500,2020-03-19,10:19:00,00,";
var hq_str_sh603259="药明康德,90.830,90.830,89.240,92.300,88.530,89.200,89.210,7236310,653207248.000,16671,89.200,1400,89.120,1300,89.110,300,89.080,1100,89.070,300,89.210,600,89.230,100,89.240,400,89.250,1800,89.260,2020-03-19,10:20:00,00,";
var hq_str_sh603259="药明康德,90.830,90.830,89.070,92.300,88.530,89.030,89.050,7303681,659213191.000,23000,89.030,1600,89.020,100,89.010,3600,89.000,200,88.990,600,89.050,800,89.070,7540,89.100,1300,89.110,429,89.150,2020-03-19,10:21:00,00,";
var hq_str_sh603259="药明康德,90.830,90.830,88.770,92.300,88.530,88.790,88.840,7382881,666258679.000,100,88.790,300,88.770,700,88.750,200,88.740,500,88.710,400,88.840,500,88.880,800,88.940,1000,88.980,3340,89.100,2020-03-19,10:22:00,00,";
var hq_str_sh603259="药明康德,90.830,90.830,88.980,92.300,88.530,88.980,89.000,7424881,669988539.000,300,88.980,700,88.890,200,88.850,2000,88.840,1500,88.800,1000,89.000,500,89.040,2540,89.100,700,89.110,400,89.300,2020-03-19,10:23:00,00,";
var hq_str_sh603259="药明康德,90.830,90.830,88.760,92.300,88.530,88.740,88.760,7505181,677126649.000,11100,88.740,300,88.720,2700,88.700,200,88.690,1800,88.680,100,88.760,600,88.800,1500,88.810,5600,88.850,300,88.880,2020-03-19,10:24:00,00,";
var hq_str_sh603259="药明康德,90.830,90.830,88.710,92.300,88.530,88.710,88.780,7587519,684433568.000,6462,88.710,34000,88.700,1200,88.690,2000,88.680,800,88.670,400,88.780,1500,88.800,1500,88.840,5900,88.850,100,88.880,2020-03-19,10:25:00,00,";
var hq_str_sh603259="药明康德,90.830,90.830,88.500,92.300,88.490,88.500,88.570,7748881,698735118.000,29700,88.500,100,88.490,600,88.470,300,88.460,500,88.450,400,88.570,2300,88.580,100,88.600,100,88.630,1700,88.650,2020-03-19,10:25:57,00,";
var hq_str_sh603259="药明康德,90.830,90.830,88.630,92.300,88.490,88.630,88.700,7814221,704523599.000,1900,88.630,100,88.570,3200,88.550,1000,88.540,3000,88.530,701,88.700,400,88.710,3000,88.720,800,88.730,6600,88.800,2020-03-19,10:27:00,00,";
var hq_str_sh603259="药明康德,90.830,90.830,88.500,92.300,88.490,88.490,88.500,7882781,710594853.000,700,88.490,2000,88.480,600,88.470,300,88.460,800,88.450,21940,88.500,500,88.610,400,88.630,100,88.700,2001,88.720,2020-03-19,10:28:00,00,";
var hq_str_sh603259="药明康德,90.830,90.830,88.330,92.300,88.330,88.330,88.380,8043381,724797444.000,700,88.330,200,88.320,3300,88.310,8100,88.300,2100,88.280,1700,88.380,14400,88.400,300,88.430,100,88.480,800,88.520,2020-03-19,10:29:00,00,";
var hq_str_sh603259="药明康德,90.830,90.830,88.190,92.300,88.180,88.180,88.190,8130581,732495328.000,4800,88.180,500,88.170,900,88.160,600,88.150,1800,88.130,2900,88.190,400,88.200,2700,88.210,600,88.230,100,88.250,2020-03-19,10:30:00,00,";
var hq_str_sh603259="药明康德,90.830,90.830,88.100,92.300,88.030,88.150,88.290,8377002,754221207.000,400,88.150,12000,88.120,2000,88.070,11000,88.060,100,88.050,700,88.290,300,88.300,500,88.380,4800,88.790,5300,88.800,2020-03-19,10:31:00,00,";
var hq_str_sh603259="药明康德,90.830,90.830,88.000,92.300,88.000,87.990,88.000,8790901,790664240.000,300,87.990,1100,87.980,100,87.970,300,87.960,1200,87.950,901,88.000,100,88.030,100,88.100,1800,88.150,100,88.170,2020-03-19,10:32:00,00,";
var hq_str_sh603259="药明康德,90.830,90.830,87.950,92.300,87.880,87.950,88.000,8910101,801152975.000,9600,87.950,300,87.930,100,87.920,5200,87.910,1600,87.900,26940,88.000,2400,88.010,1500,88.020,10000,88.030,100,88.050,2020-03-19,10:33:00,00,";
var hq_str_sh603259="药明康德,90.830,90.830,87.770,92.300,87.770,87.780,87.830,9016601,810511234.000,100,87.780,2500,87.770,400,87.750,900,87.710,400,87.700,1900,87.830,920,87.850,2000,87.880,1200,87.900,500,87.910,2020-03-19,10:33:57,00,";
var hq_str_sh603259="药明康德,90.830,90.830,88.220,92.300,87.770,88.220,88.280,9186261,825440212.000,100,88.220,1200,88.200,700,88.160,1300,88.120,2100,88.100,100,88.280,1100,88.290,300,88.500,300,88.550,2640,88.670,2020-03-19,10:35:00,00,";
var hq_str_sh603259="药明康德,90.830,90.830,88.250,92.300,87.770,88.100,88.200,9278961,833615981.000,1100,88.100,200,88.080,600,88.040,500,88.030,600,88.010,200,88.200,1200,88.250,1800,88.300,100,88.330,300,88.460,2020-03-19,10:36:00,00,";
var hq_str_sh603259="药明康德,90.830,90.830,88.120,92.300,87.770,88.120,88.180,9340561,839050832.000,100,88.120,700,88.110,5800,88.100,200,88.090,800,88.080,700,88.180,300,88.220,100,88.250,700,88.280,2700,88.300,2020-03-19,10:37:00,00,";
var hq_str_sh603259="药明康德,90.830,90.830,88.010,92.300,87.770,88.000,88.030,9398261,844138291.000,18500,88.000,100,87.990,1100,87.980,300,87.960,200,87.940,2200,88.030,1100,88.040,1700,88.050,400,88.110,5700,88.130,2020-03-19,10:38:00,00,";
var hq_str_sh603259="药明康德,90.830,90.830,87.970,92.300,87.770,87.970,87.980,9508861,853878199.000,100,87.970,300,87.960,300,87.950,500,87.940,1400,87.900,2500,87.980,1400,87.990,2400,88.000,3100,88.050,100,88.060,2020-03-19,10:39:00,00,";
var hq_str_sh603259="药明康德,90.830,90.830,87.500,92.300,87.500,87.500,87.600,9586761,860710509.000,4200,87.500,500,87.480,300,87.460,100,87.420,300,87.400,1200,87.600,1000,87.680,1300,87.690,7700,87.700,4100,87.720,2020-03-19,10:40:00,00,";
var hq_str_sh603259="药明康德,90.830,90.830,87.040,92.300,87.000,87.040,87.070,9772461,876926102.000,2300,87.040,400,87.020,8300,87.010,33900,87.000,5000,86.990,500,87.070,900,87.080,700,87.090,500,87.110,100,87.130,2020-03-19,10:41:00,00,";
var hq_str_sh603259="药明康德,90.830,90.830,87.500,92.300,87.000,87.500,87.680,9902661,888293435.000,9200,87.500,1200,87.380,1000,87.370,800,87.330,29700,87.300,1300,87.680,2500,87.700,7900,87.780,100,87.800,100,87.830,2020-03-19,10:42:00,00,";
var hq_str_sh603259="药明康德,90.830,90.830,87.500,92.300,87.000,87.500,87.590,9985521,895543362.000,500,87.500,400,87.460,100,87.410,2900,87.400,100,87.380,100,87.590,200,87.680,100,87.690,2500,87.700,200,87.770,2020-03-19,10:43:00,00,";
var hq_str_sh603259="药明康德,90.830,90.830,87.480,92.300,87.000,87.480,87.630,10059321,901999107.000,7300,87.480,200,87.470,400,87.410,100,87.400,700,87.370,9000,87.630,2000,87.650,2100,87.700,100,87.750,100,87.770,2020-03-19,10:43:57,00,";
var hq_str_sh603259="药明康德,90.830,90.830,87.600,92.300,87.000,87.500,87.620,10145721,909556512.000,2800,87.500,200,87.450,400,87.440,400,87.400,300,87.390,200,87.620,9000,87.630,2200,87.650,2100,87.700,100,87.750,2020-03-19,10:45:00,00,";
var hq_str_sh603259="药明康德,90.830,90.830,87.780,92.300,87.000,87.780,87.800,10258421,919417999.000,2700,87.780,400,87.770,300,87.650,4900,87.600,700,87.580,300,87.800,1540,87.860,100,87.870,100,87.900,100,87.980,2020-03-19,10:46:00,00,";
var hq_str_sh603259="药明康德,90.830,90.830,87.510,92.300,87.000,87.580,87.600,10336421,926252986.000,600,87.580,300,87.400,10600,87.390,400,87.380,100,87.360,4100,87.600,2200,87.700,100,87.730,3600,87.780,800,87.810,2020-03-19,10:47:00,00,";
var hq_str_sh603259="药明康德,90.830,90.830,87.280,92.300,87.000,87.280,87.310,10417421,933332229.000,11300,87.280,200,87.270,300,87.250,200,87.240,1000,87.230,200,87.310,900,87.340,300,87.350,600,87.360,200,87.390,2020-03-19,10:48:00,00,";
var hq_str_sh603259="药明康德,90.830,90.830,87.110,92.300,87.000,87.060,87.110,10559021,945670073.000,200,87.060,2000,87.040,28200,87.010,59800,87.000,5100,86.990,900,87.110,400,87.130,4800,87.170,200,87.220,1100,87.230,2020-03-19,10:49:00,00,";
var hq_str_sh603259="药明康德,90.830,90.830,86.920,92.300,86.920,86.900,86.930,10743921,961759089.000,800,86.900,2300,86.890,9500,86.880,200,86.870,1600,86.860,1400,86.930,500,86.950,700,86.960,2200,86.990,49120,87.000,2020-03-19,10:50:00,00,";
var hq_str_sh603259="药明康德,90.830,90.830,87.030,92.300,86.640,87.000,87.030,10973381,981686871.000,700,87.000,100,86.950,200,86.940,300,86.930,200,86.920,2200,87.030,368,87.060,1500,87.200,7800,87.250,2000,87.280,2020-03-19,10:51:00,00,";
var hq_str_sh603259="药明康德,90.830,90.830,87.000,92.300,86.640,87.000,87.080,11028249,986461683.000,2200,87.000,100,86.990,400,86.970,700,86.960,2000,86.950,1700,87.080,200,87.100,200,87.190,1900,87.200,100,87.220,2020-03-19,10:51:57,00,";
var hq_str_sh603259="药明康德,90.830,90.830,86.950,92.300,86.640,86.930,86.950,11079849,990950530.000,1800,86.930,400,86.920,100,86.910,3200,86.900,48800,86.880,5200,86.950,7000,87.040,200,87.070,1400,87.150,200,87.190,2020-03-19,10:52:57,00,";
var hq_str_sh603259="药明康德,90.830,90.830,86.730,92.300,86.640,86.730,86.760,11183149,999928196.000,100,86.730,800,86.720,100,86.700,3900,86.690,1200,86.680,500,86.760,400,86.800,1300,86.830,700,86.840,100,86.860,2020-03-19,10:54:00,00,";
var hq_str_sh603259="药明康德,90.830,90.830,86.560,92.300,86.550,86.550,86.600,11266749,1007171508.000,1000,86.550,100,86.540,500,86.530,300,86.520,50000,86.510,7562,86.600,2000,86.640,1300,86.650,200,86.660,2100,86.680,2020-03-19,10:54:57,00,";
var hq_str_sh603259="药明康德,90.830,90.830,86.280,92.300,86.280,86.280,86.290,11435077,1021732030.000,1172,86.280,200,86.270,200,86.250,500,86.240,100,86.230,100,86.290,2800,86.330,3200,86.400,5600,86.450,2400,86.460,2020-03-19,10:56:00,00,";
var hq_str_sh603259="药明康德,90.830,90.830,86.450,92.300,86.080,86.450,86.460,11534076,1030268523.000,700,86.450,100,86.360,200,86.340,100,86.330,100,86.280,700,86.460,100,86.480,100,86.500,2200,86.520,62,86.640,2020-03-19,10:56:57,00,";
var hq_str_sh603259="药明康德,90.830,90.830,86.150,92.300,86.080,86.140,86.150,11724576,1046716033.000,100,86.140,600,86.130,2900,86.100,200,86.090,1500,86.080,28762,86.150,12500,86.250,200,86.260,940,86.300,500,86.330,2020-03-19,10:58:00,00,";
var hq_str_sh603259="药明康德,90.830,90.830,86.100,92.300,86.080,86.090,86.100,11806076,1053736621.000,300,86.090,1500,86.080,400,86.070,300,86.060,800,86.050,4700,86.100,100,86.110,1100,86.140,1000,86.200,200,86.210,2020-03-19,10:58:57,00,";
var hq_str_sh603259="药明康德,90.830,90.830,85.880,92.300,85.860,85.860,85.880,12028496,1072864819.000,5180,85.860,600,85.850,100,85.840,1000,85.830,600,85.820,9200,85.880,2240,85.900,4900,85.910,1600,85.950,600,85.960,2020-03-19,11:00:00,00,";
var hq_str_sh603259="药明康德,90.830,90.830,85.740,92.300,85.500,85.740,85.760,12144879,1082834713.000,200,85.740,1400,85.730,100,85.680,200,85.600,500,85.530,100,85.760,700,85.770,200,85.850,900,85.860,9200,85.880,2020-03-19,11:01:00,00,";
var hq_str_sh603259="药明康德,90.830,90.830,85.940,92.300,85.500,85.930,85.950,12354119,1100806150.000,100,85.930,200,85.880,200,85.870,300,85.860,3300,85.850,200,85.950,1100,86.050,300,86.070,1000,86.300,100,86.350,2020-03-19,11:01:57,00,";
var hq_str_sh603259="药明康德,90.830,90.830,85.600,92.300,85.500,85.580,85.600,12451419,1109149747.000,400,85.580,2000,85.550,100,85.540,200,85.530,2300,85.520,54131,85.600,100,85.660,8600,85.680,5900,85.770,500,85.780,2020-03-19,11:03:00,00,";
var hq_str_sh603259="药明康德,90.830,90.830,85.480,92.300,85.400,85.480,85.500,12589016,1120924145.000,1800,85.480,500,85.460,200,85.430,300,85.400,5900,85.380,28314,85.500,100,85.530,100,85.540,1400,85.570,1500,85.600,2020-03-19,11:04:00,00,";
var hq_str_sh603259="药明康德,90.830,90.830,85.780,92.300,85.400,85.500,85.780,12721716,1132271263.000,5800,85.500,800,85.480,700,85.470,1200,85.460,300,85.450,1294,85.780,5000,85.790,100,85.800,300,85.950,1000,85.990,2020-03-19,11:05:00,00,";
var hq_str_sh603259="药明康德,90.830,90.830,85.880,92.300,85.400,85.880,85.900,12814916,1140266174.000,9900,85.880,100,85.800,100,85.790,2100,85.780,400,85.710,600,85.900,400,85.910,200,85.970,394,85.980,200,85.990,2020-03-19,11:06:00,00,";
var hq_str_sh603259="药明康德,90.830,90.830,86.400,92.300,85.400,86.400,86.480,12857834,1143961151.000,1982,86.400,100,86.240,700,86.230,200,86.220,4500,86.200,240,86.480,800,86.500,1000,86.520,200,86.560,100,86.600,2020-03-19,11:06:57,00,";
var hq_str_sh603259="药明康德,90.830,90.830,86.880,92.300,85.400,86.700,86.750,12934474,1150585958.000,400,86.700,1700,86.560,1500,86.520,1600,86.510,20642,86.500,200,86.750,200,86.810,1000,86.860,200,86.870,2400,86.880,2020-03-19,11:08:00,00,";
var hq_str_sh603259="药明康德,90.830,90.830,86.720,92.300,85.400,86.860,86.900,12998874,1156171633.000,1000,86.860,100,86.780,100,86.680,100,86.660,300,86.570,1000,86.900,100,86.950,2040,86.980,1000,86.990,600,87.000,2020-03-19,11:09:00,00,";
var hq_str_sh603259="药明康德,90.830,90.830,87.310,92.300,85.400,87.260,87.300,13062655,1161729107.000,4000,87.260,16200,87.250,100,87.150,500,87.140,500,87.130,5000,87.300,100,87.310,400,87.370,500,87.390,13500,87.420,2020-03-19,11:10:00,00,";
var hq_str_sh603259="药明康德,90.830,90.830,87.820,92.300,85.400,87.770,87.820,13192255,1173079990.000,1000,87.770,300,87.760,500,87.700,1100,87.690,11900,87.600,700,87.820,700,87.870,1200,87.910,100,87.980,2200,87.990,2020-03-19,11:11:00,00,";
var hq_str_sh603259="药明康德,90.830,90.830,87.610,92.300,85.400,87.600,87.630,13285455,1181266912.000,900,87.600,100,87.580,200,87.560,2000,87.530,8900,87.520,1400,87.630,700,87.640,400,87.780,200,87.800,100,87.850,2020-03-19,11:12:00,00,";
var hq_str_sh603259="药明康德,90.830,90.830,87.700,92.300,85.400,87.700,87.780,13350055,1186935723.000,8300,87.700,200,87.560,8900,87.520,200,87.510,31600,87.500,1100,87.780,300,87.800,200,87.820,200,87.830,900,87.870,2020-03-19,11:12:57,00,";
var hq_str_sh603259="药明康德,90.830,90.830,88.000,92.300,85.400,87.990,88.000,13450955,1195803490.000,1200,87.990,100,87.980,100,87.940,2600,87.930,1000,87.900,1500,88.000,100,88.010,200,88.030,5700,88.050,300,88.060,2020-03-19,11:14:00,00,";
var hq_str_sh603259="药明康德,90.830,90.830,88.000,92.300,85.400,88.010,88.050,13497955,1199939979.000,100,88.010,4000,88.000,100,87.940,100,87.930,1000,87.900,1280,88.050,600,88.060,2800,88.070,100,88.090,1000,88.100,2020-03-19,11:15:00,00,";
var hq_str_sh603259="药明康德,90.830,90.830,88.040,92.300,85.400,88.040,88.050,13552455,1204737468.000,600,88.040,3300,88.000,400,87.830,1400,87.800,100,87.770,100,88.050,200,88.060,200,88.100,600,88.110,100,88.140,2020-03-19,11:16:00,00,";
var hq_str_sh603259="药明康德,90.830,90.830,88.300,92.300,85.400,88.300,88.320,13609155,1209730582.000,10000,88.300,1700,88.200,100,88.050,100,88.020,3700,88.010,400,88.320,100,88.340,100,88.400,100,88.490,2500,88.500,2020-03-19,11:17:00,00,";
var hq_str_sh603259="药明康德,90.830,90.830,88.100,92.300,85.400,88.100,88.200,13658655,1214097646.000,15700,88.100,300,88.010,40400,88.000,900,87.710,200,87.700,900,88.200,100,88.250,100,88.300,600,88.350,500,88.460,2020-03-19,11:17:57,00,";
var hq_str_sh603259="药明康德,90.830,90.830,88.230,92.300,85.400,88.230,88.300,13716195,1219168039.000,360,88.230,20400,88.200,100,88.140,12900,88.120,6200,88.110,200,88.300,100,88.360,100,88.380,200,88.400,500,88.460,2020-03-19,11:19:00,00,";
var hq_str_sh603259="药明康德,90.830,90.830,88.520,92.300,85.400,88.520,88.560,13761895,1223210627.000,400,88.520,1400,88.510,7900,88.500,1400,88.470,600,88.460,2600,88.560,500,88.570,200,88.580,1300,88.590,19000,88.600,2020-03-19,11:20:00,00,";
var hq_str_sh603259="药明康德,90.830,90.830,89.080,92.300,85.400,89.080,89.100,13895895,1235098874.000,100,89.080,12700,88.900,1000,88.560,400,88.530,2100,88.500,900,89.100,1000,89.190,1000,89.210,200,89.280,7400,89.300,2020-03-19,11:21:00,00,";
var hq_str_sh603259="药明康德,90.830,90.830,89.200,92.300,85.400,89.190,89.200,13965995,1241348077.000,200,89.190,500,89.170,1100,89.160,19700,89.150,400,89.110,600,89.200,400,89.210,100,89.220,500,89.230,1000,89.250,2020-03-19,11:22:00,00,";
var hq_str_sh603259="药明康德,90.830,90.830,89.000,92.300,85.400,89.000,89.110,14037095,1247690804.000,900,89.000,400,88.940,600,88.910,12100,88.900,1000,88.560,500,89.110,1100,89.140,3700,89.150,900,89.160,200,89.190,2020-03-19,11:23:00,00,";
var hq_str_sh603259="药明康德,90.830,90.830,88.520,92.300,85.400,88.520,88.550,14066895,1250338864.000,200,88.520,2100,88.500,300,88.400,500,88.370,200,88.350,200,88.550,6000,88.560,300,88.800,2200,88.880,100,88.890,2020-03-19,11:24:00,00,";
var hq_str_sh603259="药明康德,90.830,90.830,88.880,92.300,85.400,88.800,88.900,14096495,1252965524.000,7700,88.800,900,88.750,300,88.710,2600,88.700,300,88.620,200,88.900,500,88.910,1000,88.940,200,88.970,5000,88.980,2020-03-19,11:25:00,00,";
var hq_str_sh603259="药明康德,90.830,90.830,88.610,92.300,85.400,88.610,88.650,14124195,1255423620.000,19400,88.610,12000,88.600,100,88.550,200,88.540,200,88.530,400,88.650,200,88.690,800,88.700,2400,88.750,1100,88.800,2020-03-19,11:26:00,00,";
var hq_str_sh603259="药明康德,90.830,90.830,88.530,92.300,85.400,88.530,88.550,14164295,1258976603.000,1000,88.530,100,88.430,1000,88.420,1200,88.410,7000,88.400,800,88.550,1600,88.560,1740,88.600,500,88.610,600,88.620,2020-03-19,11:27:00,00,";
var hq_str_sh603259="药明康德,90.830,90.830,88.350,92.300,85.400,88.300,88.350,14209695,1262988856.000,400,88.300,100,88.280,5000,88.250,11200,88.200,12900,88.120,15300,88.350,100,88.360,7900,88.370,100,88.380,400,88.390,2020-03-19,11:28:00,00,";
var hq_str_sh603259="药明康德,90.830,90.830,87.990,92.300,85.400,87.990,88.000,14300311,1270971499.000,200,87.990,300,87.850,500,87.800,984,87.700,300,87.680,15000,88.000,8000,88.050,1348,88.080,100,88.110,7000,88.120,2020-03-19,11:29:00,00,";
var hq_str_sh603259="药明康德,90.830,90.830,87.620,92.300,85.400,87.610,87.680,14318395,1272559036.000,2700,87.610,700,87.600,100,87.580,100,87.570,300,87.560,6300,87.680,400,87.690,2416,87.700,2000,87.760,500,87.800,2020-03-19,11:29:57,00,";
var hq_str_sh603259="药明康德,90.830,90.830,87.680,92.300,85.400,87.680,88.080,14362211,1276407805.000,7200,87.680,3200,87.640,13400,87.630,2400,87.610,9700,87.600,200,88.080,100,88.110,3000,88.120,1300,88.200,100,88.290,2020-03-19,13:00:00,00,";
var hq_str_sh603259="药明康德,90.830,90.830,87.690,92.300,85.400,87.680,87.860,14449151,1284058086.000,13960,87.680,200,87.670,100,87.660,300,87.650,1200,87.640,4800,87.860,1700,88.050,100,88.270,400,88.280,500,88.320,2020-03-19,13:01:00,00,";
var hq_str_sh603259="药明康德,90.830,90.830,88.450,92.300,85.400,88.410,88.450,14502251,1288733791.000,300,88.410,1000,88.400,300,88.370,500,88.360,1200,88.330,300,88.450,700,88.480,1100,88.490,1940,88.500,900,88.550,2020-03-19,13:01:57,00,";
var hq_str_sh603259="药明康德,90.830,90.830,88.450,92.300,85.400,88.400,88.450,14544051,1292430897.000,2600,88.400,100,88.370,100,88.360,200,88.350,1100,88.300,1400,88.450,2600,88.460,3100,88.500,900,88.550,500,88.560,2020-03-19,13:03:00,00,";
var hq_str_sh603259="药明康德,90.830,90.830,88.010,92.300,85.400,87.950,88.050,14602351,1297568376.000,100,87.950,200,87.660,100,87.650,900,87.640,9960,87.630,1200,88.050,700,88.090,200,88.100,400,88.260,14800,88.270,2020-03-19,13:04:00,00,";
var hq_str_sh603259="药明康德,90.830,90.830,87.850,92.300,85.400,87.850,87.910,14633751,1300325805.000,800,87.850,100,87.840,100,87.820,12200,87.790,700,87.710,100,87.910,800,87.920,500,87.940,13300,87.950,100,87.980,2020-03-19,13:04:57,00,";
var hq_str_sh603259="药明康德,90.830,90.830,88.010,92.300,85.400,88.000,88.010,14672031,1303693943.000,13300,88.000,1400,87.960,8720,87.950,500,87.910,100,87.900,1600,88.010,1000,88.020,100,88.070,1400,88.200,100,88.260,2020-03-19,13:06:00,00,";
var hq_str_sh603259="药明康德,90.830,90.830,88.190,92.300,85.400,88.170,88.270,14691031,1305368645.000,500,88.170,1000,88.120,100,88.100,100,88.090,100,88.080,700,88.270,100,88.400,3900,88.410,100,88.450,2600,88.460,2020-03-19,13:06:57,00,";
var hq_str_sh603259="药明康德,90.830,90.830,87.850,92.300,85.400,87.840,87.880,14744751,1310095160.000,100,87.840,200,87.820,200,87.810,21900,87.700,100,87.660,100,87.880,200,87.910,200,87.950,1100,87.960,10900,88.000,2020-03-19,13:07:57,00,";
var hq_str_sh603259="药明康德,90.830,90.830,87.830,92.300,85.400,87.760,87.810,14841651,1318600348.000,3000,87.760,3200,87.750,1200,87.740,2600,87.730,300,87.710,500,87.810,300,87.850,100,87.980,3000,87.990,10700,88.000,2020-03-19,13:08:57,00,";
var hq_str_sh603259="药明康德,90.830,90.830,87.640,92.300,85.400,87.630,87.640,14917651,1325271461.000,9660,87.630,100,87.620,100,87.610,6200,87.600,1400,87.570,1600,87.640,1340,87.650,200,87.690,2200,87.700,1100,87.710,2020-03-19,13:09:57,00,";
var hq_str_sh603259="药明康德,90.830,90.830,87.460,92.300,85.400,87.450,87.460,15017991,1334059335.000,100,87.450,200,87.440,200,87.430,200,87.410,100,87.400,5800,87.460,300,87.470,3000,87.480,34800,87.500,1200,87.510,2020-03-19,13:10:57,00,";
var hq_str_sh603259="药明康德,90.830,90.830,87.300,92.300,85.400,87.300,87.360,15074291,1338977956.000,26100,87.300,2400,87.240,2500,87.230,100,87.210,12200,87.200,1900,87.360,8900,87.460,30600,87.500,100,87.510,700,87.520,2020-03-19,13:11:57,00,";
var hq_str_sh603259="药明康德,90.830,90.830,87.210,92.300,85.400,87.210,87.220,15147991,1345408826.000,14600,87.210,5400,87.200,300,87.180,300,87.170,200,87.160,500,87.220,1500,87.230,1200,87.250,1000,87.300,5800,87.310,2020-03-19,13:13:00,00,";
var hq_str_sh603259="药明康德,90.830,90.830,87.250,92.300,85.400,87.250,87.300,15191551,1349208590.000,900,87.250,34300,87.240,3400,87.230,100,87.220,4240,87.200,300,87.300,5400,87.310,400,87.360,30800,87.500,700,87.520,2020-03-19,13:13:57,00,";
var hq_str_sh603259="药明康德,90.830,90.830,87.370,92.300,85.400,87.260,87.370,15312251,1359753607.000,1900,87.260,200,87.250,400,87.240,1500,87.230,100,87.220,1600,87.370,700,87.500,800,87.510,1600,87.530,500,87.570,2020-03-19,13:14:57,00,";
var hq_str_sh603259="药明康德,90.830,90.830,87.100,92.300,85.400,87.200,87.230,15362751,1364155054.000,2700,87.200,20000,87.100,200,87.090,700,87.080,1900,87.070,500,87.230,700,87.260,800,87.370,100,87.450,200,87.500,2020-03-19,13:16:00,00,";
var hq_str_sh603259="药明康德,90.830,90.830,87.580,92.300,85.400,87.230,87.550,15437151,1370664122.000,38700,87.230,200,87.220,300,87.200,200,87.120,600,87.110,700,87.550,1440,87.580,300,87.590,6100,87.640,100,87.690,2020-03-19,13:17:00,00,";
var hq_str_sh603259="药明康德,90.830,90.830,87.770,92.300,85.400,87.660,87.770,15470651,1373601162.000,1600,87.660,200,87.420,300,87.410,37800,87.400,1000,87.350,100,87.770,900,87.820,1200,87.980,100,87.990,1000,88.000,2020-03-19,13:17:57,00,";
var hq_str_sh603259="药明康德,90.830,90.830,87.430,92.300,85.400,87.440,87.450,15527551,1378593614.000,400,87.440,500,87.430,8000,87.420,2100,87.410,500,87.400,400,87.450,900,87.470,1600,87.510,300,87.550,3400,87.600,2020-03-19,13:19:00,00,";
var hq_str_sh603259="药明康德,90.830,90.830,87.410,92.300,85.400,87.440,87.540,15565651,1381924115.000,100,87.440,400,87.420,300,87.410,31700,87.400,100,87.390,400,87.540,100,87.670,200,87.700,100,87.800,100,87.810,2020-03-19,13:19:57,00,";
var hq_str_sh603259="药明康德,90.830,90.830,87.310,92.300,85.400,87.220,87.250,15626751,1387262925.000,400,87.220,300,87.200,500,87.180,100,87.150,100,87.140,700,87.250,1300,87.310,800,87.330,2200,87.350,900,87.410,2020-03-19,13:21:00,00,";
var hq_str_sh603259="药明康德,90.830,90.830,87.020,92.300,85.400,87.010,87.020,15650251,1389309227.000,15200,87.010,8500,87.000,100,86.990,100,86.970,200,86.940,1300,87.020,200,87.030,400,87.040,2100,87.080,1500,87.120,2020-03-19,13:21:57,00,";
var hq_str_sh603259="药明康德,90.830,90.830,87.130,92.300,85.400,87.130,87.260,15724651,1395788078.000,500,87.130,500,87.020,100,87.010,6900,87.000,100,86.990,10500,87.260,200,87.700,100,87.800,100,87.880,200,87.970,2020-03-19,13:23:00,00,";
var hq_str_sh603259="药明康德,90.830,90.830,87.770,92.300,85.400,87.600,87.770,15796651,1402067793.000,700,87.600,200,87.530,1200,87.500,300,87.450,100,87.360,2700,87.770,800,87.870,600,87.880,100,87.890,1000,87.900,2020-03-19,13:23:57,00,";
var hq_str_sh603259="药明康德,90.830,90.830,87.410,92.300,85.400,87.410,87.610,15869751,1408465462.000,1100,87.410,300,87.400,100,87.330,1000,87.300,500,87.240,740,87.610,300,87.660,300,87.750,200,87.800,200,87.820,2020-03-19,13:24:57,00,";
var hq_str_sh603259="药明康德,90.830,90.830,87.720,92.300,85.400,87.660,87.740,15956891,1416106910.000,3100,87.660,100,87.650,300,87.620,1300,87.610,19400,87.600,1900,87.740,1100,87.770,800,87.870,1100,88.010,500,88.020,2020-03-19,13:26:00,00,";
var hq_str_sh603259="药明康德,90.830,90.830,87.630,92.300,85.400,87.610,87.630,16012891,1421017712.000,800,87.610,11800,87.600,200,87.580,1600,87.530,2000,87.520,300,87.630,300,87.670,900,87.680,200,87.800,4600,87.820,2020-03-19,13:26:57,00,";
var hq_str_sh603259="药明康德,90.830,90.830,87.840,92.300,85.400,87.830,88.010,16097391,1428428026.000,200,87.830,49000,87.800,100,87.780,100,87.730,600,87.720,100,88.010,1300,88.200,100,88.260,1300,88.270,100,88.290,2020-03-19,13:28:00,00,";
var hq_str_sh603259="药明康德,90.830,90.830,87.810,92.300,85.400,87.810,87.880,16171991,1434982252.000,1100,87.810,20300,87.800,300,87.780,500,87.760,100,87.750,100,87.880,300,88.270,600,88.300,1200,88.380,900,88.400,2020-03-19,13:29:00,00,";
var hq_str_sh603259="药明康德,90.830,90.830,87.960,92.300,85.400,87.960,88.030,16218791,1439103611.000,21700,87.960,100,87.900,5600,87.880,100,87.870,100,87.850,200,88.030,200,88.040,500,88.050,200,88.080,1100,88.100,2020-03-19,13:30:00,00,";
var hq_str_sh603259="药明康德,90.830,90.830,88.090,92.300,85.400,88.080,88.090,16262910,1442987164.000,1100,88.080,2600,88.020,900,88.010,600,88.000,3600,87.970,6900,88.090,100,88.100,100,88.260,100,88.290,1700,88.300,2020-03-19,13:30:57,00,";
var hq_str_sh603259="药明康德,90.830,90.830,88.230,92.300,85.400,88.200,88.230,16314810,1447563980.000,2000,88.200,500,88.180,700,88.170,100,88.150,400,88.120,1300,88.230,400,88.250,300,88.350,100,88.380,900,88.400,2020-03-19,13:32:00,00,";
var hq_str_sh603259="药明康德,90.830,90.830,88.210,92.300,85.400,88.120,88.210,16370610,1452489481.000,700,88.120,400,88.110,2800,88.100,300,88.090,400,88.080,200,88.210,200,88.300,200,88.310,100,88.380,1100,88.400,2020-03-19,13:32:57,00,";
var hq_str_sh603259="药明康德,90.830,90.830,88.320,92.300,85.400,88.250,88.300,16414810,1456390854.000,500,88.250,100,88.220,400,88.210,400,88.200,600,88.150,700,88.300,300,88.320,500,88.370,1400,88.390,200,88.400,2020-03-19,13:34:00,00,";
var hq_str_sh603259="药明康德,90.830,90.830,88.210,92.300,85.400,88.210,88.250,16448310,1459341939.000,400,88.210,1400,88.060,500,88.030,100,88.020,200,88.010,100,88.250,300,88.300,100,88.320,100,88.350,1300,88.390,2020-03-19,13:35:00,00,";
var hq_str_sh603259="药明康德,90.830,90.830,88.340,92.300,85.400,88.230,88.340,16477210,1461894040.000,1900,88.230,1500,88.200,100,88.160,300,88.150,100,88.090,300,88.340,2000,88.350,800,88.370,800,88.380,200,88.430,2020-03-19,13:35:57,00,";
var hq_str_sh603259="药明康德,90.830,90.830,88.150,92.300,85.400,88.150,88.300,16512634,1465015489.000,1000,88.150,400,88.120,300,88.110,3800,88.100,1200,88.090,700,88.300,400,88.320,800,88.330,600,88.340,2000,88.350,2020-03-19,13:37:00,00,";
var hq_str_sh603259="药明康德,90.830,90.830,88.250,92.300,85.400,88.010,88.240,16560315,1469213782.000,100,88.010,100,87.910,4100,87.880,200,87.830,100,87.810,100,88.240,2700,88.250,500,88.280,1100,88.290,500,88.300,2020-03-19,13:38:01,00,";
var hq_str_sh603259="药明康德,90.830,90.830,88.070,92.300,85.400,88.070,88.090,16575215,1470525693.000,200,88.070,1500,88.000,100,87.960,100,87.900,100,87.890,100,88.090,2500,88.120,300,88.130,1400,88.180,1800,88.190,2020-03-19,13:38:57,00,";
var hq_str_sh603259="药明康德,90.830,90.830,87.800,92.300,85.400,87.700,87.800,16636615,1475917472.000,900,87.700,300,87.680,100,87.620,3300,87.610,13300,87.600,700,87.800,700,87.830,3000,87.860,9400,88.000,1200,88.070,2020-03-19,13:40:00,00,";
var hq_str_sh603259="药明康德,90.830,90.830,88.120,92.300,85.400,88.090,88.290,16714415,1482753822.000,100,88.090,200,88.080,2500,87.880,200,87.860,400,87.830,100,88.290,600,88.320,4100,88.330,300,88.340,100,88.360,2020-03-19,13:40:58,00,";
var hq_str_sh603259="药明康德,90.830,90.830,88.380,92.300,85.400,88.360,88.380,16735565,1484621382.000,400,88.360,300,88.350,300,88.340,500,88.330,1000,88.320,1000,88.380,1800,88.400,100,88.450,100,88.460,2100,88.470,2020-03-19,13:41:58,00,";
var hq_str_sh603259="药明康德,90.830,90.830,88.540,92.300,85.400,88.530,88.540,16757232,1486537782.000,400,88.530,200,88.520,1300,88.510,5033,88.500,200,88.490,340,88.540,100,88.550,200,88.620,500,88.630,1500,88.640,2020-03-19,13:42:57,00,";
var hq_str_sh603259="药明康德,90.830,90.830,88.590,92.300,85.400,88.500,88.590,16802792,1490571726.000,2200,88.500,200,88.480,20600,88.470,900,88.460,200,88.410,1400,88.590,900,88.600,2500,88.610,100,88.640,200,88.710,2020-03-19,13:43:58,00,";
var hq_str_sh603259="药明康德,90.830,90.830,88.870,92.300,85.400,88.860,88.870,16831992,1493162427.000,4200,88.860,100,88.820,500,88.790,600,88.780,1500,88.770,600,88.870,2820,88.880,1200,88.890,1500,88.900,100,88.910,2020-03-19,13:45:01,00,";
var hq_str_sh603259="药明康德,90.830,90.830,88.980,92.300,85.400,88.960,88.980,16861212,1495761100.000,4800,88.960,2200,88.930,1380,88.900,4300,88.880,1300,88.870,1100,88.980,1300,88.990,9100,89.000,100,89.030,300,89.050,2020-03-19,13:46:00,00,";
var hq_str_sh603259="药明康德,90.830,90.830,89.170,92.300,85.400,89.170,89.180,16895772,1498838400.000,100,89.170,4600,89.150,7500,89.110,300,89.100,500,89.080,1200,89.180,200,89.190,4200,89.200,300,89.210,300,89.250,2020-03-19,13:46:58,00,";
var hq_str_sh603259="药明康德,90.830,90.830,89.100,92.300,85.400,89.100,89.110,16946672,1503377154.000,4600,89.100,300,89.080,900,89.030,5700,89.000,2000,88.990,1100,89.110,100,89.130,1900,89.180,1500,89.190,1600,89.200,2020-03-19,13:47:58,00,";
var hq_str_sh603259="药明康德,90.830,90.830,89.400,92.300,85.400,89.400,89.470,16998464,1507999591.000,8200,89.400,500,89.360,8700,89.350,300,89.330,1700,89.310,200,89.470,1000,89.480,300,89.490,3000,89.500,1100,89.550,2020-03-19,13:49:01,00,";
var hq_str_sh603259="药明康德,90.830,90.830,89.450,92.300,85.400,89.450,89.470,17056964,1513234103.000,600,89.450,400,89.440,100,89.400,4800,89.350,100,89.330,3600,89.470,1300,89.490,200,89.500,1700,89.510,100,89.540,2020-03-19,13:49:57,00,";
var hq_str_sh603259="药明康德,90.830,90.830,88.980,92.300,85.400,88.960,88.980,17110812,1518040269.000,500,88.960,2000,88.930,24600,88.900,500,88.880,1000,88.870,4460,88.980,1000,88.990,3000,89.030,1300,89.080,800,89.100,2020-03-19,13:50:57,00,";
var hq_str_sh603259="药明康德,90.830,90.830,88.870,92.300,85.400,88.870,88.880,17175012,1523747407.000,300,88.870,300,88.860,100,88.810,600,88.800,200,88.790,6400,88.880,100,88.890,1000,88.920,900,88.930,500,88.960,2020-03-19,13:52:00,00,";
var hq_str_sh603259="药明康德,90.830,90.830,88.800,92.300,85.400,88.790,88.800,17194012,1525435275.000,200,88.790,500,88.780,200,88.740,400,88.710,6400,88.700,300,88.800,1700,88.830,300,88.850,800,88.860,1800,88.870,2020-03-19,13:52:58,00,";
var hq_str_sh603259="药明康德,90.830,90.830,88.630,92.300,85.400,88.630,88.720,17224912,1528176383.000,100,88.630,200,88.620,100,88.600,500,88.590,1000,88.520,1400,88.720,2800,88.740,4300,88.750,100,88.780,800,88.800,2020-03-19,13:54:01,00,";
var hq_str_sh603259="药明康德,90.830,90.830,88.880,92.300,85.400,88.870,88.880,17258612,1531167719.000,500,88.870,2300,88.770,500,88.750,700,88.740,300,88.730,3000,88.880,900,88.930,500,88.960,2000,88.970,600,89.000,2020-03-19,13:55:01,00,";
var hq_str_sh603259="药明康德,90.830,90.830,88.560,92.300,85.400,88.530,88.560,17331312,1537630774.000,100,88.530,1000,88.520,5000,88.510,9600,88.500,1000,88.480,600,88.560,800,88.670,1100,88.720,400,88.730,200,88.780,2020-03-19,13:55:58,00,";
var hq_str_sh603259="药明康德,90.830,90.830,88.500,92.300,85.400,88.470,88.500,17396112,1543365055.000,600,88.470,200,88.390,300,88.360,100,88.340,100,88.330,11500,88.500,800,88.510,4000,88.520,1200,88.600,100,88.670,2020-03-19,13:57:01,00,";
var hq_str_sh603259="药明康德,90.830,90.830,88.690,92.300,85.400,88.650,88.860,17436312,1546933273.000,200,88.650,200,88.640,3500,88.630,500,88.620,200,88.610,500,88.860,400,88.880,10700,88.890,25100,88.900,100,88.980,2020-03-19,13:57:58,00,";
var hq_str_sh603259="药明康德,90.830,90.830,88.280,92.300,85.400,88.300,88.350,17459712,1549004801.000,100,88.300,1100,88.280,400,88.270,400,88.220,1000,88.210,1800,88.350,2300,88.360,1800,88.370,200,88.380,100,88.440,2020-03-19,13:59:01,00,";
var hq_str_sh603259="药明康德,90.830,90.830,88.090,92.300,85.400,88.090,88.200,17513012,1553700926.000,1600,88.090,500,88.050,400,88.040,100,88.030,100,88.020,500,88.200,100,88.230,11300,88.280,9900,88.300,400,88.310,2020-03-19,13:59:58,00,";
var hq_str_sh603259="药明康德,90.830,90.830,88.160,92.300,85.400,88.170,88.180,17538112,1555915126.000,300,88.170,500,88.120,500,88.100,1000,88.090,600,88.070,100,88.180,800,88.200,100,88.230,100,88.240,7700,88.250,2020-03-19,14:01:01,00,";
var hq_str_sh603259="药明康德,90.830,90.830,88.200,92.300,85.400,88.200,88.240,17569512,1558685699.000,2200,88.200,400,88.190,600,88.180,400,88.170,300,88.160,1600,88.240,9800,88.250,10800,88.280,10500,88.300,400,88.370,2020-03-19,14:02:01,00,";
var hq_str_sh603259="药明康德,90.830,90.830,88.200,92.300,85.400,88.190,88.200,17660812,1566744111.000,300,88.190,800,88.180,400,88.170,400,88.160,400,88.150,5400,88.200,1500,88.240,100,88.260,2800,88.300,100,88.310,2020-03-19,14:03:01,00,";
var hq_str_sh603259="药明康德,90.830,90.830,88.400,92.300,85.400,88.310,88.400,17709456,1571036986.000,500,88.310,5000,88.300,1300,88.290,700,88.280,600,88.260,6500,88.400,100,88.500,45200,88.600,38200,88.650,500,88.800,2020-03-19,14:03:58,00,";
var hq_str_sh603259="药明康德,90.830,90.830,88.580,92.300,85.400,88.580,88.590,17758596,1575383442.000,7100,88.580,300,88.440,400,88.420,1600,88.410,400,88.400,400,88.590,45100,88.600,38200,88.650,500,88.800,100,88.880,2020-03-19,14:05:01,00,";
var hq_str_sh603259="药明康德,90.830,90.830,88.600,92.300,85.400,88.590,88.600,17823296,1581115563.000,1000,88.590,1700,88.420,1200,88.410,200,88.400,1500,88.390,4700,88.600,38200,88.650,600,88.680,100,88.880,24500,88.900,2020-03-19,14:06:01,00,";
var hq_str_sh603259="药明康德,90.830,90.830,88.400,92.300,85.400,88.400,88.900,17919396,1589626982.000,8000,88.400,2500,88.390,200,88.380,2400,88.370,1100,88.360,16900,88.900,100,88.950,100,88.980,400,88.990,1600,89.000,2020-03-19,14:06:58,00,";
var hq_str_sh603259="药明康德,90.830,90.830,88.780,92.300,85.400,88.780,88.840,17992696,1596144233.000,1500,88.780,100,88.700,100,88.680,100,88.560,500,88.500,300,88.840,6700,88.900,1200,88.910,1700,88.930,100,88.940,2020-03-19,14:07:58,00,";
var hq_str_sh603259="药明康德,90.830,90.830,89.000,92.300,85.400,88.950,88.960,18023196,1598857850.000,1500,88.950,200,88.940,200,88.920,1100,88.910,2500,88.900,200,88.960,7400,89.050,100,89.070,100,89.080,3500,89.100,2020-03-19,14:08:58,00,";
var hq_str_sh603259="药明康德,90.830,90.830,89.320,92.300,85.400,89.300,89.320,18064596,1602547014.000,17600,89.300,1300,89.020,1600,89.000,1000,88.960,1200,88.950,200,89.320,100,89.380,900,89.400,100,89.430,200,89.440,2020-03-19,14:09:58,00,";
var hq_str_sh603259="药明康德,90.830,90.830,89.000,92.300,85.400,88.940,89.030,18110596,1606645469.000,300,88.940,1900,88.930,1300,88.840,900,88.820,100,88.810,1500,89.030,200,89.110,600,89.150,300,89.200,1700,89.270,2020-03-19,14:10:58,00,";
var hq_str_sh603259="药明康德,90.830,90.830,89.040,92.300,85.400,89.040,89.090,18140296,1609290175.000,700,89.040,4700,89.030,200,89.020,1700,89.000,600,88.990,1800,89.090,2800,89.100,900,89.110,3600,89.150,4900,89.160,2020-03-19,14:11:58,00,";
var hq_str_sh603259="药明康德,90.830,90.830,88.890,92.300,85.400,88.880,88.890,18158196,1610883643.000,800,88.880,300,88.850,600,88.840,1800,88.820,20100,88.800,1000,88.890,700,88.960,4600,88.970,19300,88.990,5900,89.000,2020-03-19,14:12:58,00,";
var hq_str_sh603259="药明康德,90.830,90.830,89.090,92.300,85.400,89.030,89.080,18222136,1616574539.000,600,89.030,2100,89.010,51900,89.000,600,88.960,1400,88.900,100,89.080,200,89.090,2900,89.100,1000,89.110,1000,89.120,2020-03-19,14:14:01,00,";
var hq_str_sh603259="药明康德,90.830,90.830,88.890,92.300,85.400,88.870,88.960,18305636,1624004063.000,500,88.870,200,88.810,20100,88.800,1300,88.780,200,88.760,2000,88.960,600,88.980,100,88.990,5900,89.000,800,89.010,2020-03-19,14:14:58,00,";
var hq_str_sh603259="药明康德,90.830,90.830,89.200,92.300,85.400,89.200,89.210,18382236,1630829469.000,6500,89.200,2300,89.000,100,88.990,800,88.960,1000,88.810,6100,89.210,1300,89.240,13500,89.250,1700,89.270,10100,89.280,2020-03-19,14:16:01,00,";
var hq_str_sh603259="药明康德,90.830,90.830,89.340,92.300,85.400,89.330,89.340,18444236,1636363947.000,200,89.330,300,89.320,3500,89.300,1100,89.290,1300,89.280,3700,89.340,4800,89.350,8000,89.390,800,89.400,100,89.420,2020-03-19,14:17:01,00,";
var hq_str_sh603259="药明康德,90.830,90.830,89.400,92.300,85.400,89.400,89.440,18503736,1641683837.000,100,89.400,1800,89.380,200,89.370,2200,89.350,1200,89.340,3600,89.440,400,89.450,500,89.460,400,89.470,200,89.480,2020-03-19,14:18:01,00,";
var hq_str_sh603259="药明康德,90.830,90.830,89.440,92.300,85.400,89.440,89.450,18532436,1644250163.000,13400,89.440,1400,89.430,3900,89.400,200,89.340,200,89.330,300,89.450,500,89.460,1600,89.470,100,89.480,800,89.490,2020-03-19,14:18:58,00,";
var hq_str_sh603259="药明康德,90.830,90.830,89.560,92.300,85.400,89.560,89.570,18557276,1646473721.000,800,89.560,10600,89.550,3900,89.540,100,89.530,6900,89.520,2000,89.570,1000,89.580,400,89.590,1200,89.600,400,89.610,2020-03-19,14:19:58,00,";
var hq_str_sh603259="药明康德,90.830,90.830,89.660,92.300,85.400,89.650,89.670,18609176,1651126727.000,700,89.650,1200,89.640,100,89.630,1100,89.620,400,89.610,400,89.670,1700,89.690,600,89.700,3200,89.710,100,89.720,2020-03-19,14:20:58,00,";
var hq_str_sh603259="药明康德,90.830,90.830,89.570,92.300,85.400,89.550,89.560,18640876,1653968189.000,6000,89.550,3300,89.540,1300,89.510,300,89.480,500,89.470,100,89.560,400,89.570,100,89.590,300,89.600,900,89.640,2020-03-19,14:22:01,00,";
var hq_str_sh603259="药明康德,90.830,90.830,89.420,92.300,85.400,89.420,89.430,18701216,1659368540.000,4560,89.420,400,89.370,500,89.330,600,89.320,1400,89.300,2500,89.430,13100,89.440,2700,89.460,300,89.480,100,89.500,2020-03-19,14:23:01,00,";
var hq_str_sh603259="药明康德,90.830,90.830,89.350,92.300,85.400,89.330,89.370,18734576,1662351226.000,600,89.330,600,89.320,1400,89.300,200,89.290,1000,89.280,200,89.370,2400,89.380,200,89.400,300,89.410,3200,89.420,2020-03-19,14:23:58,00,";
var hq_str_sh603259="药明康德,90.830,90.830,89.270,92.300,85.400,89.260,89.270,18763376,1664923467.000,400,89.260,7100,89.250,14900,89.200,100,89.100,200,89.060,400,89.270,400,89.280,1000,89.290,200,89.300,3700,89.310,2020-03-19,14:25:01,00,";
var hq_str_sh603259="药明康德,90.830,90.830,89.100,92.300,85.400,89.010,89.090,18791976,1667474901.000,1300,89.010,1100,89.000,200,88.990,800,88.960,100,88.940,100,89.090,1900,89.100,100,89.110,15500,89.200,1600,89.210,2020-03-19,14:25:58,00,";
var hq_str_sh603259="药明康德,90.830,90.830,89.050,92.300,85.400,89.050,89.090,18809276,1669015484.000,300,89.050,200,89.030,1400,89.020,500,89.010,11600,89.000,600,89.090,1800,89.100,9300,89.120,200,89.150,2800,89.190,2020-03-19,14:26:58,00,";
var hq_str_sh603259="药明康德,90.830,90.830,89.110,92.300,85.400,89.100,89.110,18846816,1672360968.000,10160,89.100,1100,89.060,1900,89.050,100,89.040,100,89.030,100,89.110,1600,89.120,300,89.140,1600,89.150,2300,89.170,2020-03-19,14:28:01,00,";
var hq_str_sh603259="药明康德,90.830,90.830,89.000,92.300,85.400,89.000,89.060,18879476,1675269553.000,3400,89.000,300,88.990,800,88.960,300,88.940,600,88.930,700,89.060,2300,89.080,1000,89.090,6140,89.100,1800,89.110,2020-03-19,14:29:01,00,";
var hq_str_sh603259="药明康德,90.830,90.830,89.130,92.300,85.400,89.130,89.150,18908816,1677883830.000,100,89.130,300,89.120,1600,89.080,300,89.050,100,89.010,1100,89.150,200,89.170,400,89.180,700,89.190,7100,89.200,2020-03-19,14:30:01,00,";
var hq_str_sh603259="药明康德,90.830,90.830,89.170,92.300,85.400,89.170,89.180,18954416,1681946605.000,100,89.170,700,89.130,3500,89.120,100,89.110,3100,89.100,400,89.180,200,89.190,7100,89.200,1400,89.220,1400,89.250,2020-03-19,14:30:58,00,";
var hq_str_sh603259="药明康德,90.830,90.830,89.240,92.300,85.400,89.230,89.240,18982916,1684488774.000,800,89.230,1000,89.220,100,89.210,1200,89.200,100,89.190,100,89.240,900,89.250,5100,89.260,8800,89.280,1900,89.290,2020-03-19,14:31:58,00,";
var hq_str_sh603259="药明康德,90.830,90.830,89.190,92.300,85.400,89.130,89.190,19011916,1687076643.000,600,89.130,30000,89.120,13000,89.100,100,89.090,200,89.080,3300,89.190,10600,89.200,200,89.230,400,89.240,800,89.250,2020-03-19,14:33:01,00,";
var hq_str_sh603259="药明康德,90.830,90.830,89.040,92.300,85.400,89.040,89.050,19085616,1693643585.000,1700,89.040,7800,89.030,400,89.010,15000,89.000,800,88.960,900,89.050,100,89.060,1000,89.070,200,89.090,500,89.110,2020-03-19,14:34:01,00,";
var hq_str_sh603259="药明康德,90.830,90.830,89.070,92.300,85.400,89.060,89.070,19105256,1695392334.000,100,89.060,900,89.040,1960,89.030,500,89.010,16200,89.000,1100,89.070,5500,89.100,200,89.120,800,89.130,300,89.160,2020-03-19,14:34:58,00,";
var hq_str_sh603259="药明康德,90.830,90.830,89.100,92.300,85.400,89.100,89.110,19128896,1697498600.000,1660,89.100,700,89.080,300,89.070,13000,89.060,10000,89.050,600,89.110,2600,89.120,12000,89.130,300,89.160,200,89.170,2020-03-19,14:35:58,00,";
var hq_str_sh603259="药明康德,90.830,90.830,89.130,92.300,85.400,89.120,89.130,19155096,1699832683.000,400,89.120,2000,89.110,13200,89.100,3700,89.090,600,89.080,1400,89.130,300,89.160,300,89.170,1200,89.190,1100,89.200,2020-03-19,14:37:01,00,";
var hq_str_sh603259="药明康德,90.830,90.830,89.150,92.300,85.400,89.150,89.160,19220037,1705620574.000,720,89.150,200,89.140,10800,89.100,3600,89.090,500,89.080,1700,89.160,600,89.170,300,89.190,600,89.200,11300,89.220,2020-03-19,14:37:58,00,";
var hq_str_sh603259="药明康德,90.830,90.830,89.100,92.300,85.400,89.100,89.110,19261157,1709284665.000,6100,89.100,1400,89.090,500,89.080,1000,89.070,7860,89.060,1400,89.110,600,89.120,400,89.130,1500,89.140,1300,89.150,2020-03-19,14:39:01,00,";
var hq_str_sh603259="药明康德,90.830,90.830,89.130,92.300,85.400,89.130,89.140,19290157,1711869074.000,300,89.130,900,89.120,100,89.110,20200,89.100,1500,89.090,900,89.140,10900,89.150,1800,89.200,11300,89.220,12300,89.240,2020-03-19,14:40:01,00,";
var hq_str_sh603259="药明康德,90.830,90.830,88.960,92.300,85.400,88.940,88.960,19366577,1718674238.000,600,88.940,7400,88.880,300,88.870,20600,88.800,200,88.780,100,88.960,1400,89.000,400,89.010,200,89.020,300,89.040,2020-03-19,14:40:58,00,";
var hq_str_sh603259="药明康德,90.830,90.830,89.000,92.300,85.400,89.000,89.010,19409877,1722527355.000,7400,89.000,1200,88.960,700,88.950,2500,88.940,3000,88.930,1000,89.010,100,89.020,900,89.050,500,89.060,3200,89.070,2020-03-19,14:42:01,00,";
var hq_str_sh603259="药明康德,90.830,90.830,88.900,92.300,85.400,88.890,88.900,19464877,1727419904.000,200,88.890,7500,88.880,500,88.870,1800,88.810,20700,88.800,2500,88.900,300,88.910,6900,88.930,2100,88.940,600,88.950,2020-03-19,14:42:58,00,";
var hq_str_sh603259="药明康德,90.830,90.830,88.850,92.300,85.400,88.850,88.880,19510177,1731446236.000,500,88.850,200,88.820,500,88.810,20600,88.800,200,88.780,700,88.880,200,88.890,800,88.900,1000,88.920,2200,88.930,2020-03-19,14:43:58,00,";
var hq_str_sh603259="药明康德,90.830,90.830,88.940,92.300,85.400,88.940,88.950,19535677,1733713813.000,11100,88.940,100,88.930,900,88.920,6900,88.910,2200,88.900,3400,88.950,2200,88.960,100,88.970,500,88.990,5000,89.000,2020-03-19,14:45:01,00,";
var hq_str_sh603259="药明康德,90.830,90.830,88.970,92.300,85.400,88.970,88.980,19565977,1736408777.000,900,88.970,500,88.960,2600,88.950,5500,88.920,6900,88.910,400,88.980,900,88.990,5100,89.000,800,89.010,400,89.020,2020-03-19,14:45:58,00,";
var hq_str_sh603259="药明康德,90.830,90.830,89.060,92.300,85.400,89.060,89.090,19589877,1738535799.000,100,89.060,400,89.030,1200,89.020,800,89.010,12900,89.000,1900,89.090,10800,89.100,100,89.120,100,89.130,2200,89.140,2020-03-19,14:46:58,00,";
var hq_str_sh603259="药明康德,90.830,90.830,89.030,92.300,85.400,89.020,89.060,19666977,1745408535.000,3000,89.020,5000,89.010,17300,89.000,600,88.980,200,88.970,500,89.060,1600,89.290,8900,89.300,100,89.310,11000,89.320,2020-03-19,14:47:58,00,";
var hq_str_sh603259="药明康德,90.830,90.830,89.060,92.300,85.400,89.060,89.130,19697117,1748094571.000,200,89.060,3100,89.050,4800,89.040,500,89.030,3200,89.020,1000,89.130,100,89.160,100,89.180,100,89.210,200,89.260,2020-03-19,14:49:01,00,";
var hq_str_sh603259="药明康德,90.830,90.830,89.080,92.300,85.400,89.090,89.100,19717917,1749947339.000,300,89.090,500,89.080,1800,89.060,4200,89.040,500,89.030,1100,89.100,1300,89.110,800,89.120,1300,89.130,100,89.150,2020-03-19,14:49:58,00,";
var hq_str_sh603259="药明康德,90.830,90.830,88.720,92.300,85.400,88.720,88.750,19817317,1758782808.000,200,88.720,700,88.630,2400,88.600,700,88.590,100,88.580,200,88.750,4000,88.760,400,88.780,2200,88.800,1500,88.900,2020-03-19,14:50:58,00,";
var hq_str_sh603259="药明康德,90.830,90.830,88.690,92.300,85.400,88.670,88.690,19855517,1762171424.000,100,88.670,1500,88.650,8600,88.640,500,88.630,700,88.620,200,88.690,3400,88.700,300,88.780,300,88.790,1300,88.800,2020-03-19,14:51:58,00,";
var hq_str_sh603259="药明康德,90.830,90.830,88.700,92.300,85.400,88.690,88.700,19891577,1765369523.000,2000,88.690,100,88.680,1000,88.670,100,88.660,2100,88.650,8700,88.700,1100,88.750,100,88.770,300,88.790,1300,88.800,2020-03-19,14:53:01,00,";
var hq_str_sh603259="药明康德,90.830,90.830,88.700,92.300,85.400,88.700,88.800,19951977,1770736513.000,800,88.700,1600,88.690,6200,88.680,30300,88.670,800,88.660,700,88.800,700,88.970,1100,88.990,600,89.000,4700,89.020,2020-03-19,14:54:01,00,";
var hq_str_sh603259="药明康德,90.830,90.830,89.200,92.300,85.400,89.200,89.210,19993337,1774417374.000,34200,89.200,600,89.010,2800,88.940,200,88.900,100,88.880,400,89.210,400,89.250,200,89.260,800,89.270,200,89.280,2020-03-19,14:54:58,00,";
var hq_str_sh603259="药明康德,90.830,90.830,89.220,92.300,85.400,89.010,89.100,20067437,1781024797.000,600,89.010,6900,89.000,1200,88.960,1400,88.950,2700,88.940,300,89.100,8680,89.220,300,89.230,1300,89.250,100,89.260,2020-03-19,14:56:01,00,";
var hq_str_sh603259="药明康德,90.830,90.830,89.200,92.300,85.400,89.190,89.200,20091037,1783128477.000,400,89.190,300,89.100,2100,89.050,200,89.040,2500,89.010,5200,89.200,800,89.210,6380,89.220,5300,89.250,400,89.260,2020-03-19,14:56:58,00,";
var hq_str_sh603259="药明康德,90.830,90.830,89.200,92.300,85.400,88.810,88.810,20091037,1783128477.000,29300,88.810,0,0.000,0,0.000,0,0.000,0,0.000,29300,88.810,80,0.000,0,0.000,0,0.000,0,0.000,2020-03-19,14:57:58,00,";
var hq_str_sh603259="药明康德,90.830,90.830,89.200,92.300,85.400,88.780,88.780,20091037,1783128477.000,63980,88.780,9820,0.000,0,0.000,0,0.000,0,0.000,63980,88.780,0,0.000,0,0.000,0,0.000,0,0.000,2020-03-19,14:58:58,00,";
