var hq_str_sh603259="药明康德,122.500,121.800,122.500,122.500,122.500,122.500,122.800,30840,3777900.000,460,122.500,300,122.400,6200,122.000,2100,121.990,1000,121.960,500,122.800,200,122.880,200,122.900,100,122.990,14600,123.000,2020-12-21,09:29:54,00,";
var hq_str_sh603259="药明康德,122.500,121.800,122.040,122.900,121.950,122.040,122.170,173240,21194803.000,1200,122.040,4900,122.030,2100,122.010,4600,122.000,700,121.990,600,122.170,100,122.200,100,122.230,400,122.290,6600,122.300,2020-12-21,09:31:00,00,";
var hq_str_sh603259="药明康德,122.500,121.800,121.980,122.900,121.950,121.980,122.030,243740,29798169.000,11600,121.980,400,121.970,1000,121.960,400,121.940,1000,121.910,400,122.030,200,122.050,600,122.100,1000,122.110,100,122.130,2020-12-21,09:32:00,00,";
var hq_str_sh603259="药明康德,122.500,121.800,121.940,122.900,121.910,121.920,121.940,305540,37337493.000,300,121.920,500,121.910,300,121.900,2500,121.880,400,121.850,400,121.940,2300,121.950,700,121.970,100,121.980,10100,122.000,2020-12-21,09:32:57,00,";
var hq_str_sh603259="药明康德,122.500,121.800,121.640,122.900,121.490,121.630,121.640,366940,44817992.000,100,121.630,200,121.490,400,121.460,1100,121.450,400,121.430,200,121.640,1400,121.670,600,121.700,1300,121.780,2000,121.800,2020-12-21,09:33:57,00,";
var hq_str_sh603259="药明康德,122.500,121.800,121.660,122.900,121.400,121.550,121.660,461940,56382350.000,1600,121.550,100,121.530,400,121.520,500,121.500,400,121.490,1841,121.660,400,121.670,2100,121.680,2900,121.730,400,121.790,2020-12-21,09:34:57,00,";
var hq_str_sh603259="药明康德,122.500,121.800,121.200,122.900,121.180,121.200,121.250,551240,67216911.000,1400,121.200,100,121.180,100,121.170,400,121.160,300,121.150,200,121.250,12300,121.300,2200,121.310,500,121.320,2700,121.340,2020-12-21,09:35:57,00,";
var hq_str_sh603259="药明康德,122.500,121.800,121.620,122.900,121.160,121.640,121.660,639740,77969281.000,1400,121.640,1900,121.600,200,121.590,400,121.580,400,121.560,2400,121.660,2300,121.790,200,121.800,100,121.810,200,121.880,2020-12-21,09:37:00,00,";
var hq_str_sh603259="药明康德,122.500,121.800,121.890,122.900,121.160,121.820,121.890,686340,83638805.000,500,121.820,2600,121.790,1200,121.770,200,121.760,100,121.650,600,121.890,3600,121.900,3600,121.910,400,121.920,4000,121.990,2020-12-21,09:37:57,00,";
var hq_str_sh603259="药明康德,122.500,121.800,122.070,122.900,121.160,122.070,122.090,737362,89858899.000,1800,122.070,100,122.060,400,122.050,4300,122.040,200,122.030,1900,122.090,1100,122.100,100,122.180,100,122.240,200,122.300,2020-12-21,09:38:57,00,";
var hq_str_sh603259="药明康德,122.500,121.800,122.300,122.900,121.160,122.290,122.300,787862,96032638.000,100,122.290,100,122.280,100,122.270,100,122.260,100,122.230,100,122.300,1000,122.320,200,122.350,1700,122.370,300,122.380,2020-12-21,09:40:00,00,";
var hq_str_sh603259="药明康德,122.500,121.800,122.260,122.900,121.160,122.250,122.270,873762,106538977.000,100,122.250,100,122.240,100,122.230,100,122.220,100,122.210,200,122.270,100,122.290,800,122.360,400,122.410,2100,122.430,2020-12-21,09:41:00,00,";
var hq_str_sh603259="药明康德,122.500,121.800,122.200,122.900,121.160,122.200,122.230,949562,115801252.000,8800,122.200,300,121.960,300,121.950,37000,121.920,3900,121.900,900,122.230,9900,122.240,900,122.260,700,122.300,1600,122.500,2020-12-21,09:41:57,00,";
var hq_str_sh603259="药明康德,122.500,121.800,122.080,122.900,121.160,122.080,122.140,1027362,125299729.000,1900,122.080,500,122.020,3200,122.010,6600,122.000,400,121.960,100,122.140,100,122.150,100,122.350,500,122.400,1000,122.410,2020-12-21,09:42:57,00,";
var hq_str_sh603259="药明康德,122.500,121.800,122.000,122.900,121.160,121.980,122.000,1074362,131033380.000,2300,121.980,600,121.940,24700,121.920,3800,121.900,1000,121.880,1600,122.000,1100,122.010,200,122.020,500,122.080,300,122.100,2020-12-21,09:43:57,00,";
var hq_str_sh603259="药明康德,122.500,121.800,122.160,122.900,121.160,122.160,122.230,1127973,137574550.000,599,122.160,200,122.040,693,122.030,100,122.020,300,122.010,300,122.230,1300,122.300,200,122.350,300,122.380,600,122.400,2020-12-21,09:44:57,00,";
var hq_str_sh603259="药明康德,122.500,121.800,122.280,122.900,121.160,122.200,122.220,1204575,146949184.000,796,122.200,100,122.160,101,122.130,400,122.110,1500,122.100,1800,122.220,400,122.280,200,122.350,300,122.390,200,122.490,2020-12-21,09:46:00,00,";
var hq_str_sh603259="药明康德,122.500,121.800,122.760,122.900,121.160,122.730,122.790,1268775,154814768.000,100,122.730,2600,122.700,100,122.690,500,122.650,800,122.610,800,122.790,1000,122.800,100,122.840,100,122.850,200,122.860,2020-12-21,09:46:57,00,";
var hq_str_sh603259="药明康德,122.500,121.800,122.650,123.000,121.160,122.630,122.640,1397075,170569430.000,2800,122.630,400,122.600,400,122.530,200,122.510,700,122.500,200,122.640,700,122.680,200,122.760,200,122.800,300,122.890,2020-12-21,09:48:00,00,";
var hq_str_sh603259="药明康德,122.500,121.800,122.440,123.000,121.160,122.440,122.550,1449175,176956074.000,8300,122.440,300,122.430,600,122.410,1700,122.400,400,122.380,500,122.550,100,122.560,100,122.630,1700,122.690,200,122.760,2020-12-21,09:49:00,00,";
var hq_str_sh603259="药明康德,122.500,121.800,122.280,123.000,121.160,122.280,122.290,1491875,182181779.000,300,122.280,100,122.270,2000,122.260,4800,122.250,400,122.230,500,122.290,200,122.320,3100,122.330,300,122.340,900,122.350,2020-12-21,09:49:58,00,";
var hq_str_sh603259="药明康德,122.500,121.800,122.020,123.000,121.160,122.020,122.040,1539971,188056265.000,100,122.020,5500,122.010,1700,122.000,400,121.990,600,121.960,700,122.040,1800,122.050,1600,122.070,3100,122.080,200,122.140,2020-12-21,09:51:00,00,";
var hq_str_sh603259="药明康德,122.500,121.800,122.000,123.000,121.160,121.950,122.000,1601371,195548242.000,2600,121.950,1300,121.930,24300,121.920,200,121.910,4100,121.900,1364,122.000,1500,122.020,700,122.030,100,122.040,700,122.050,2020-12-21,09:52:00,00,";
var hq_str_sh603259="药明康德,122.500,121.800,122.200,123.000,121.160,122.200,122.230,1635135,199669274.000,200,122.200,1700,122.170,1300,122.120,400,122.080,700,122.050,100,122.230,4500,122.290,200,122.320,200,122.330,100,122.350,2020-12-21,09:52:57,00,";
var hq_str_sh603259="药明康德,122.500,121.800,122.200,123.000,121.160,122.200,122.240,1682035,205404667.000,1900,122.200,400,122.180,1200,122.170,1500,122.120,100,122.080,500,122.240,900,122.250,8400,122.300,200,122.340,100,122.360,2020-12-21,09:54:00,00,";
var hq_str_sh603259="药明康德,122.500,121.800,121.920,123.000,121.160,121.920,122.020,1754735,214275835.000,6900,121.920,100,121.910,4500,121.900,100,121.890,1100,121.880,300,122.020,600,122.050,500,122.080,200,122.090,12700,122.100,2020-12-21,09:54:57,00,";
var hq_str_sh603259="药明康德,122.500,121.800,121.630,123.000,121.160,121.640,121.700,1845135,225282239.000,100,121.640,400,121.630,500,121.620,200,121.610,3500,121.600,2100,121.700,200,121.800,12200,121.920,100,121.940,11500,122.000,2020-12-21,09:55:57,00,";
var hq_str_sh603259="药明康德,122.500,121.800,121.690,123.000,121.160,121.600,121.690,1927235,235267115.000,1700,121.600,1400,121.560,800,121.550,800,121.480,400,121.420,1500,121.690,200,121.700,4600,121.800,100,121.910,11800,121.920,2020-12-21,09:56:58,00,";
var hq_str_sh603259="药明康德,122.500,121.800,121.700,123.000,121.160,121.690,121.700,1970135,240488174.000,600,121.690,400,121.650,100,121.640,700,121.610,8800,121.600,2000,121.700,800,121.710,1200,121.900,10200,121.920,500,121.990,2020-12-21,09:58:01,00,";
var hq_str_sh603259="药明康德,122.500,121.800,121.620,123.000,121.160,121.610,121.620,1997935,243870271.000,600,121.610,6700,121.600,600,121.590,2000,121.580,1100,121.560,300,121.620,1400,121.650,1500,121.670,700,121.680,9100,121.700,2020-12-21,09:59:01,00,";
var hq_str_sh603259="药明康德,122.500,121.800,122.100,123.000,121.160,122.130,122.180,2083755,254328489.000,1600,122.130,9400,122.100,100,122.050,2000,122.010,2700,122.000,600,122.180,300,122.200,200,122.210,500,122.260,7900,122.300,2020-12-21,10:00:01,00,";
var hq_str_sh603259="药明康德,122.500,121.800,122.400,123.000,121.160,122.310,122.400,2211535,269945386.000,100,122.310,600,122.300,300,122.290,300,122.270,200,122.240,700,122.400,300,122.470,3439,122.500,100,122.510,500,122.600,2020-12-21,10:00:58,00,";
var hq_str_sh603259="药明康德,122.500,121.800,122.580,123.000,121.160,122.550,122.580,2248974,274531549.000,100,122.550,1300,122.540,2600,122.530,700,122.500,100,122.490,2100,122.580,11400,122.600,5000,122.720,1000,122.730,2200,122.750,2020-12-21,10:02:01,00,";
var hq_str_sh603259="药明康德,122.500,121.800,122.720,123.000,121.160,122.710,122.720,2297574,280490931.000,500,122.710,100,122.700,1500,122.610,3700,122.600,100,122.580,200,122.720,300,122.730,100,122.740,500,122.750,2200,122.760,2020-12-21,10:02:58,00,";
var hq_str_sh603259="药明康德,122.500,121.800,122.890,123.000,121.160,122.880,122.890,2331674,284677998.000,200,122.880,400,122.870,300,122.850,200,122.840,1000,122.800,200,122.890,1800,122.900,200,122.930,100,122.950,1500,122.960,2020-12-21,10:03:57,00,";
var hq_str_sh603259="药明康德,122.500,121.800,122.820,123.000,121.160,122.820,122.840,2367474,289076877.000,400,122.820,1800,122.810,200,122.790,200,122.780,200,122.750,1400,122.840,100,122.850,400,122.890,1300,122.900,1500,122.910,2020-12-21,10:04:58,00,";
var hq_str_sh603259="药明康德,122.500,121.800,122.860,123.000,121.160,122.850,122.860,2428574,296582433.000,600,122.850,300,122.840,200,122.830,300,122.800,500,122.790,200,122.860,100,122.870,200,122.880,6800,122.900,600,122.910,2020-12-21,10:05:58,00,";
var hq_str_sh603259="药明康德,122.500,121.800,123.000,123.000,121.160,122.970,123.000,2531174,309194137.000,600,122.970,600,122.940,100,122.930,100,122.890,300,122.880,12020,123.000,300,123.010,1300,123.020,2000,123.030,100,123.040,2020-12-21,10:06:58,00,";
var hq_str_sh603259="药明康德,122.500,121.800,123.200,123.380,121.160,123.200,123.230,2648634,323665018.000,2200,123.200,700,123.190,70100,123.180,700,123.130,500,123.030,400,123.230,300,123.240,100,123.250,7400,123.260,100,123.280,2020-12-21,10:07:58,00,";
var hq_str_sh603259="药明康德,122.500,121.800,123.360,123.380,121.160,123.300,123.330,2724034,332955304.000,4200,123.300,100,123.230,1900,123.220,300,123.210,3600,123.200,300,123.330,2200,123.360,1400,123.380,1800,123.390,200,123.400,2020-12-21,10:08:58,00,";
var hq_str_sh603259="药明康德,122.500,121.800,123.200,123.380,121.160,123.200,123.210,2769134,338515653.000,1700,123.200,900,123.190,95300,123.180,700,123.130,400,123.060,300,123.210,300,123.220,100,123.230,2800,123.260,600,123.270,2020-12-21,10:09:58,00,";
var hq_str_sh603259="药明康德,122.500,121.800,122.810,123.380,121.160,122.810,122.870,3005114,367563907.000,1300,122.810,300,122.800,300,122.790,200,122.780,100,122.770,100,122.870,500,123.000,1000,123.020,100,123.170,4000,123.180,2020-12-21,10:11:01,00,";
var hq_str_sh603259="药明康德,122.500,121.800,122.950,123.380,121.160,122.930,122.950,3026814,370231131.000,100,122.930,1100,122.910,700,122.900,100,122.890,100,122.880,100,122.950,200,123.000,1000,123.020,300,123.100,200,123.170,2020-12-21,10:11:58,00,";
var hq_str_sh603259="药明康德,122.500,121.800,122.780,123.380,121.160,122.770,122.800,3047414,372763766.000,100,122.770,300,122.750,400,122.740,1000,122.720,500,122.710,200,122.800,600,122.810,3300,122.840,600,122.850,200,122.900,2020-12-21,10:12:58,00,";
var hq_str_sh603259="药明康德,122.500,121.800,123.030,123.380,121.160,123.030,123.090,3120914,381802167.000,300,123.030,100,123.010,100,123.000,2700,122.980,400,122.860,300,123.090,300,123.130,200,123.140,4800,123.150,200,123.170,2020-12-21,10:13:57,00,";
var hq_str_sh603259="药明康德,122.500,121.800,123.150,123.380,121.160,123.150,123.180,3150414,385434423.000,1000,123.150,600,123.140,2100,123.120,2100,123.110,600,123.100,100,123.180,500,123.200,100,123.240,2300,123.250,1500,123.260,2020-12-21,10:14:58,00,";
var hq_str_sh603259="药明康德,122.500,121.800,123.190,123.380,121.160,123.150,123.170,3174514,388403794.000,1300,123.150,900,123.140,1700,123.120,2000,123.110,400,123.100,100,123.170,22000,123.200,1400,123.220,1200,123.240,2200,123.250,2020-12-21,10:15:58,00,";
var hq_str_sh603259="药明康德,122.500,121.800,123.110,123.380,121.160,123.110,123.120,3197114,391186802.000,2900,123.110,300,123.100,100,123.090,200,123.080,400,123.060,300,123.120,100,123.140,1600,123.150,100,123.160,200,123.170,2020-12-21,10:16:58,00,";
var hq_str_sh603259="药明康德,122.500,121.800,123.320,123.380,121.160,123.300,123.320,3259954,398928037.000,200,123.300,2300,123.250,300,123.230,500,123.220,100,123.210,300,123.320,100,123.330,100,123.340,500,123.350,300,123.360,2020-12-21,10:17:58,00,";
var hq_str_sh603259="药明康德,122.500,121.800,123.630,123.630,121.160,123.600,123.640,3320714,406430386.000,2740,123.600,200,123.580,400,123.570,200,123.560,100,123.550,800,123.640,1000,123.650,500,123.660,400,123.670,500,123.680,2020-12-21,10:19:01,00,";
var hq_str_sh603259="药明康德,122.500,121.800,123.500,123.660,121.160,123.500,123.510,3363054,411662038.000,400,123.500,500,123.450,1400,123.440,400,123.420,200,123.400,400,123.510,600,123.530,1900,123.550,600,123.580,638,123.590,2020-12-21,10:19:58,00,";
var hq_str_sh603259="药明康德,122.500,121.800,123.410,123.660,121.160,123.350,123.410,3395454,415662032.000,300,123.350,100,123.330,400,123.320,5900,123.300,400,123.260,600,123.410,100,123.430,200,123.440,100,123.460,8400,123.490,2020-12-21,10:21:01,00,";
var hq_str_sh603259="药明康德,122.500,121.800,123.440,123.660,121.160,123.420,123.430,3426454,419488501.000,2800,123.420,1600,123.410,800,123.400,500,123.390,100,123.340,900,123.430,200,123.480,400,123.490,2100,123.500,600,123.550,2020-12-21,10:21:58,00,";
var hq_str_sh603259="药明康德,122.500,121.800,123.430,123.660,121.160,123.430,123.460,3468954,424738390.000,300,123.430,1500,123.420,400,123.410,200,123.400,400,123.380,600,123.460,1400,123.490,14800,123.500,100,123.550,500,123.570,2020-12-21,10:22:58,00,";
var hq_str_sh603259="药明康德,122.500,121.800,123.570,123.850,121.160,123.570,123.600,3560254,436024662.000,400,123.570,200,123.550,2000,123.540,500,123.500,3900,123.460,900,123.600,100,123.820,100,123.830,300,123.840,3800,123.850,2020-12-21,10:23:58,00,";
var hq_str_sh603259="药明康德,122.500,121.800,123.500,123.850,121.160,123.500,123.600,3594154,440214484.000,400,123.500,3200,123.460,4700,123.450,200,123.430,1900,123.420,6700,123.600,200,123.610,200,123.790,400,123.800,2100,123.810,2020-12-21,10:24:58,00,";
var hq_str_sh603259="药明康德,122.500,121.800,123.610,123.850,121.160,123.610,123.620,3630054,444652604.000,400,123.610,900,123.600,200,123.580,300,123.570,100,123.550,200,123.620,900,123.750,600,123.760,300,123.770,1100,123.780,2020-12-21,10:25:58,00,";
var hq_str_sh603259="药明康德,122.500,121.800,123.600,123.850,121.160,123.590,123.600,3660554,448424604.000,100,123.590,2500,123.550,400,123.540,100,123.530,500,123.510,200,123.600,1500,123.670,1200,123.680,1300,123.690,6100,123.700,2020-12-21,10:26:58,00,";
var hq_str_sh603259="药明康德,122.500,121.800,123.580,123.850,121.160,123.550,123.580,3714254,455066682.000,900,123.550,400,123.540,100,123.530,1600,123.500,200,123.480,1100,123.580,800,123.610,2500,123.700,2800,123.710,2600,123.720,2020-12-21,10:28:01,00,";
var hq_str_sh603259="药明康德,122.500,121.800,123.140,123.850,121.160,123.080,123.150,3788254,464190894.000,400,123.080,800,123.060,400,123.020,1800,123.000,700,122.980,3000,123.150,900,123.160,3500,123.200,500,123.210,700,123.220,2020-12-21,10:28:58,00,";
var hq_str_sh603259="药明康德,122.500,121.800,123.210,123.850,121.160,123.210,123.230,3841654,470762609.000,400,123.210,200,123.070,100,123.060,200,123.030,700,123.010,100,123.230,200,123.240,1900,123.260,15700,123.400,100,123.430,2020-12-21,10:29:58,00,";
var hq_str_sh603259="药明康德,122.500,121.800,123.270,123.850,121.160,123.270,123.280,3938454,482695383.000,5600,123.270,1900,123.250,200,123.230,200,123.220,200,123.210,500,123.280,100,123.300,1000,123.320,100,123.350,4000,123.380,2020-12-21,10:30:58,00,";
var hq_str_sh603259="药明康德,122.500,121.800,123.280,123.850,121.160,123.280,123.300,3976254,487356118.000,300,123.280,400,123.260,2200,123.250,600,123.240,800,123.220,3400,123.300,300,123.370,200,123.380,600,123.400,100,123.430,2020-12-21,10:31:58,00,";
var hq_str_sh603259="药明康德,122.500,121.800,123.250,123.850,121.160,123.250,123.370,4020454,492800052.000,300,123.250,800,123.190,4800,123.100,100,123.080,2200,123.060,200,123.370,200,123.380,100,123.400,100,123.430,900,123.450,2020-12-21,10:32:58,00,";
var hq_str_sh603259="药明康德,122.500,121.800,123.500,123.850,121.160,123.500,123.510,4059254,497592960.000,400,123.500,300,123.450,500,123.330,600,123.310,2100,123.300,700,123.510,900,123.520,100,123.530,900,123.580,2500,123.610,2020-12-21,10:34:01,00,";
var hq_str_sh603259="药明康德,122.500,121.800,123.450,123.850,121.160,123.350,123.450,4079954,500146123.000,100,123.350,200,123.330,100,123.310,900,123.300,300,123.250,1800,123.450,21100,123.500,400,123.520,100,123.550,1000,123.580,2020-12-21,10:34:58,00,";
var hq_str_sh603259="药明康德,122.500,121.800,123.450,123.850,121.160,123.450,123.470,4121654,505294627.000,1000,123.450,1800,123.430,400,123.420,2700,123.410,700,123.400,400,123.470,9700,123.490,7340,123.500,400,123.520,100,123.550,2020-12-21,10:35:58,00,";
var hq_str_sh603259="药明康德,122.500,121.800,123.300,123.850,121.160,123.300,123.370,4172854,511615390.000,300,123.300,400,123.260,500,123.250,400,123.210,900,123.200,600,123.370,2000,123.380,1900,123.390,1800,123.400,100,123.420,2020-12-21,10:37:01,00,";
var hq_str_sh603259="药明康德,122.500,121.800,123.010,123.850,121.160,123.000,123.040,4195854,514447935.000,2700,123.000,200,122.990,400,122.980,400,122.940,300,122.930,100,123.040,300,123.060,3400,123.090,2200,123.130,3000,123.140,2020-12-21,10:37:58,00,";
var hq_str_sh603259="药明康德,122.500,121.800,123.040,123.850,121.160,123.010,123.040,4246990,520737800.000,1664,123.010,100,123.000,100,122.960,1700,122.950,400,122.940,1200,123.040,100,123.060,2200,123.130,200,123.170,200,123.250,2020-12-21,10:39:01,00,";
var hq_str_sh603259="药明康德,122.500,121.800,122.800,123.850,121.160,122.800,122.850,4288954,525897680.000,800,122.800,700,122.780,100,122.750,400,122.740,1000,122.720,800,122.850,200,122.860,300,122.870,100,122.900,3200,122.920,2020-12-21,10:40:01,00,";
var hq_str_sh603259="药明康德,122.500,121.800,123.030,123.850,121.160,123.000,123.030,4308934,528353680.000,500,123.000,100,122.980,200,122.970,2000,122.960,800,122.950,500,123.030,4500,123.040,636,123.130,200,123.170,200,123.200,2020-12-21,10:40:58,00,";
var hq_str_sh603259="药明康德,122.500,121.800,123.020,123.850,121.160,123.020,123.030,4340334,532219088.000,3400,123.020,800,122.970,2000,122.960,800,122.950,400,122.940,1100,123.030,4600,123.040,300,123.060,2100,123.110,900,123.160,2020-12-21,10:42:01,00,";
var hq_str_sh603259="药明康德,122.500,121.800,123.010,123.850,121.160,123.010,123.110,4367434,535553348.000,5100,123.010,200,123.000,600,122.990,1500,122.970,2500,122.960,3700,123.110,100,123.350,200,123.360,200,123.400,200,123.440,2020-12-21,10:43:01,00,";
var hq_str_sh603259="药明康德,122.500,121.800,123.250,123.850,121.160,123.240,123.250,4381134,537240742.000,900,123.240,500,123.200,1000,123.150,400,123.140,800,123.130,200,123.250,3400,123.270,100,123.340,100,123.350,200,123.360,2020-12-21,10:43:58,00,";
var hq_str_sh603259="药明康德,122.500,121.800,123.440,123.850,121.160,123.420,123.450,4406534,540374189.000,700,123.420,400,123.330,500,123.320,2200,123.300,2200,123.280,100,123.450,500,123.470,500,123.480,4200,123.490,9340,123.500,2020-12-21,10:45:01,00,";
var hq_str_sh603259="药明康德,122.500,121.800,123.320,123.850,121.160,123.300,123.320,4433434,543694402.000,1400,123.300,100,123.270,400,123.260,200,123.240,400,123.220,500,123.320,200,123.370,700,123.420,200,123.430,4300,123.440,2020-12-21,10:45:58,00,";
var hq_str_sh603259="药明康德,122.500,121.800,123.100,123.850,121.160,123.110,123.200,4455934,546465527.000,900,123.110,700,123.080,400,123.060,200,123.050,500,123.030,840,123.200,300,123.220,4500,123.270,2000,123.280,500,123.300,2020-12-21,10:47:01,00,";
var hq_str_sh603259="药明康德,122.500,121.800,123.110,123.850,121.160,123.100,123.110,4470634,548274915.000,300,123.100,400,123.090,1500,123.080,4100,123.070,1500,123.060,600,123.110,2800,123.130,1000,123.180,4140,123.200,100,123.260,2020-12-21,10:48:01,00,";
var hq_str_sh603259="药明康德,122.500,121.800,123.200,123.850,121.160,123.110,123.200,4506234,552657089.000,100,123.110,1400,123.100,900,123.090,700,123.080,100,123.070,140,123.200,100,123.260,100,123.270,200,123.320,117,123.330,2020-12-21,10:48:58,00,";
var hq_str_sh603259="药明康德,122.500,121.800,123.260,123.850,121.160,123.260,123.300,4526334,555133748.000,1000,123.260,1100,123.220,600,123.210,200,123.200,1600,123.180,100,123.300,200,123.320,117,123.330,200,123.380,100,123.400,2020-12-21,10:50:01,00,";
var hq_str_sh603259="药明康德,122.500,121.800,123.380,123.850,121.160,123.380,123.440,4549051,557935904.000,10300,123.380,3200,123.350,500,123.330,100,123.310,400,123.300,1200,123.440,1100,123.450,400,123.470,1000,123.490,12140,123.500,2020-12-21,10:50:58,00,";
var hq_str_sh603259="药明康德,122.500,121.800,123.470,123.850,121.160,123.470,123.490,4584951,562368434.000,1600,123.470,600,123.460,500,123.440,200,123.420,800,123.390,100,123.490,740,123.500,200,123.520,300,123.530,300,123.550,2020-12-21,10:51:58,00,";
var hq_str_sh603259="药明康德,122.500,121.800,123.300,123.850,121.160,123.260,123.300,4616251,566231127.000,483,123.260,400,123.220,200,123.200,200,123.190,1400,123.180,400,123.300,500,123.320,4600,123.350,400,123.360,500,123.400,2020-12-21,10:52:58,00,";
var hq_str_sh603259="药明康德,122.500,121.800,123.180,123.850,121.160,123.160,123.180,4641034,569284976.000,600,123.160,3000,123.130,100,123.110,700,123.100,1000,123.080,600,123.180,4100,123.190,3300,123.200,1000,123.230,100,123.250,2020-12-21,10:53:59,00,";
var hq_str_sh603259="药明康德,122.500,121.800,123.050,123.850,121.160,123.040,123.070,4676134,573604954.000,3300,123.040,3900,123.030,4200,123.010,1000,123.000,2200,122.970,1141,123.070,300,123.080,6492,123.100,4800,123.110,700,123.120,2020-12-21,10:55:01,00,";
var hq_str_sh603259="药明康德,122.500,121.800,122.960,123.850,121.160,122.960,123.000,4719452,578932846.000,2282,122.960,1500,122.950,200,122.910,100,122.900,500,122.860,700,123.000,1490,123.040,3700,123.050,500,123.070,400,123.080,2020-12-21,10:55:58,00,";
var hq_str_sh603259="药明康德,122.500,121.800,122.920,123.850,121.160,122.920,122.930,4742052,581711825.000,400,122.920,1600,122.910,1100,122.900,400,122.870,1900,122.860,200,122.930,400,122.950,1800,122.990,700,123.000,200,123.050,2020-12-21,10:56:59,00,";
var hq_str_sh603259="药明康德,122.500,121.800,123.030,123.850,121.160,122.970,123.030,4802352,589126847.000,500,122.970,200,122.960,3400,122.950,1800,122.940,200,122.920,500,123.030,100,123.070,200,123.080,600,123.090,3892,123.100,2020-12-21,10:57:59,00,";
var hq_str_sh603259="药明康德,122.500,121.800,123.000,123.850,121.160,122.970,122.990,4821252,591451483.000,200,122.970,1500,122.960,3200,122.950,1800,122.940,400,122.930,200,122.990,1400,123.000,1800,123.020,100,123.050,100,123.070,2020-12-21,10:58:59,00,";
var hq_str_sh603259="药明康德,122.500,121.800,122.950,123.850,121.160,122.940,122.960,4860852,596321464.000,100,122.940,1000,122.930,200,122.920,400,122.910,6900,122.900,200,122.960,200,122.970,2400,122.990,333,123.000,100,123.050,2020-12-21,10:59:59,00,";
var hq_str_sh603259="药明康德,122.500,121.800,123.020,123.850,121.160,123.000,123.020,4893752,600366732.000,100,123.000,100,122.980,200,122.950,200,122.940,900,122.930,600,123.020,700,123.050,33,123.100,100,123.160,200,123.200,2020-12-21,11:01:01,00,";
var hq_str_sh603259="药明康德,122.500,121.800,122.810,123.850,121.160,122.800,122.810,4933052,605195859.000,15800,122.800,520,122.780,1100,122.750,4200,122.740,900,122.720,400,122.810,300,122.860,400,122.910,5000,122.940,100,122.980,2020-12-21,11:01:59,00,";
var hq_str_sh603259="药明康德,122.500,121.800,122.320,123.850,121.160,122.290,122.300,5020672,615942936.000,700,122.290,1800,122.270,500,122.260,200,122.240,700,122.220,1000,122.300,600,122.320,100,122.330,300,122.340,100,122.370,2020-12-21,11:02:58,00,";
var hq_str_sh603259="药明康德,122.500,121.800,122.580,123.850,121.160,122.580,122.630,5082372,623498397.000,600,122.580,2500,122.550,500,122.510,4900,122.500,9600,122.400,3800,122.630,4500,122.650,100,122.700,300,122.720,100,122.750,2020-12-21,11:03:59,00,";
var hq_str_sh603259="药明康德,122.500,121.800,122.500,123.850,121.160,122.480,122.500,5110872,626990075.000,100,122.480,400,122.430,3800,122.410,8000,122.400,200,122.380,1000,122.500,600,122.550,100,122.560,7500,122.570,500,122.600,2020-12-21,11:04:59,00,";
var hq_str_sh603259="药明康德,122.500,121.800,122.290,123.850,121.160,122.290,122.340,5156972,632633950.000,800,122.290,200,122.280,700,122.220,400,122.210,600,122.200,800,122.340,2000,122.350,200,122.400,1400,122.410,2100,122.420,2020-12-21,11:05:59,00,";
var hq_str_sh603259="药明康德,122.500,121.800,122.600,123.850,121.160,122.560,122.640,5211572,639320951.000,200,122.560,2300,122.550,300,122.530,1100,122.510,4400,122.500,200,122.640,100,122.700,800,122.780,200,122.800,200,122.860,2020-12-21,11:06:59,00,";
var hq_str_sh603259="药明康德,122.500,121.800,122.340,123.850,121.160,122.340,122.350,5256472,644818524.000,300,122.340,100,122.330,1000,122.310,1000,122.300,300,122.290,1800,122.350,2300,122.370,200,122.380,4900,122.400,200,122.410,2020-12-21,11:08:01,00,";
var hq_str_sh603259="药明康德,122.500,121.800,122.260,123.850,121.160,122.230,122.290,5327072,653456688.000,300,122.230,1900,122.220,400,122.210,2300,122.200,500,122.180,2900,122.290,300,122.350,4700,122.360,800,122.400,200,122.410,2020-12-21,11:08:59,00,";
var hq_str_sh603259="药明康德,122.500,121.800,122.140,123.850,121.160,122.110,122.140,5385772,660632316.000,1700,122.110,4100,122.100,1600,122.080,600,122.050,100,122.030,6000,122.140,300,122.280,3300,122.290,2000,122.300,1300,122.410,2020-12-21,11:10:01,00,";
var hq_str_sh603259="药明康德,122.500,121.800,122.100,123.850,121.160,122.100,122.130,5460972,669816706.000,800,122.100,1300,122.080,300,122.060,2200,122.050,500,122.040,100,122.130,1200,122.160,9600,122.200,1300,122.410,100,122.460,2020-12-21,11:11:01,00,";
var hq_str_sh603259="药明康德,122.500,121.800,122.180,123.850,121.160,122.180,122.230,5506972,675437038.000,100,122.180,100,122.140,600,122.120,100,122.110,700,122.100,300,122.230,300,122.290,400,122.430,100,122.460,100,122.490,2020-12-21,11:11:59,00,";
var hq_str_sh603259="药明康德,122.500,121.800,122.410,123.850,121.160,122.340,122.380,5555872,681418512.000,100,122.340,200,122.190,2600,122.180,2300,122.170,1700,122.160,200,122.380,300,122.410,400,122.500,100,122.540,300,122.590,2020-12-21,11:13:01,00,";
var hq_str_sh603259="药明康德,122.500,121.800,122.160,123.850,121.160,122.130,122.180,5586372,685146355.000,700,122.130,500,122.120,300,122.110,1400,122.100,1200,122.090,300,122.180,900,122.200,200,122.210,300,122.320,100,122.350,2020-12-21,11:14:01,00,";
var hq_str_sh603259="药明康德,122.500,121.800,121.940,123.850,121.160,121.900,121.960,5637972,691442037.000,1100,121.900,100,121.890,800,121.880,300,121.860,200,121.850,500,121.960,300,121.970,3800,121.990,20600,122.000,700,122.010,2020-12-21,11:14:59,00,";
var hq_str_sh603259="药明康德,122.500,121.800,121.880,123.850,121.160,121.890,121.900,5689672,697744173.000,100,121.890,500,121.880,800,121.870,200,121.860,200,121.850,12692,121.900,3100,121.990,18700,122.000,3100,122.100,200,122.150,2020-12-21,11:15:59,00,";
var hq_str_sh603259="药明康德,122.500,121.800,121.950,123.850,121.160,121.950,121.980,5741664,704083234.000,1000,121.950,2100,121.920,6608,121.910,3300,121.900,100,121.890,3800,121.980,10900,122.000,3100,122.100,200,122.150,100,122.350,2020-12-21,11:17:01,00,";
var hq_str_sh603259="药明康德,122.500,121.800,122.350,123.850,121.160,122.350,122.960,5832264,715181381.000,8200,122.350,200,122.320,400,122.310,600,122.290,400,122.070,1000,122.960,8200,123.000,600,123.010,100,123.020,133,123.100,2020-12-21,11:17:59,00,";
var hq_str_sh603259="药明康德,122.500,121.800,122.400,123.850,121.160,122.200,122.400,5956764,730443278.000,1000,122.200,500,122.190,400,122.160,600,122.150,400,122.130,1200,122.400,400,122.410,1300,122.420,300,122.800,500,122.810,2020-12-21,11:18:59,00,";
var hq_str_sh603259="药明康德,122.500,121.800,122.000,123.850,121.160,122.000,122.010,6091764,746915871.000,900,122.000,4300,121.990,3600,121.870,700,121.860,4900,121.850,700,122.010,11000,122.100,600,122.190,100,122.200,5100,122.230,2020-12-21,11:19:59,00,";
var hq_str_sh603259="药明康德,122.500,121.800,122.010,123.850,121.160,122.000,122.010,6193664,759361859.000,900,122.000,400,121.990,100,121.970,400,121.960,500,121.950,3300,122.010,500,122.020,1800,122.050,1200,122.080,2400,122.100,2020-12-21,11:20:59,00,";
var hq_str_sh603259="药明康德,122.500,121.800,122.000,123.850,121.160,122.000,122.010,6227764,763522110.000,1700,122.000,2900,121.990,2700,121.980,900,121.970,2500,121.960,300,122.010,100,122.090,6900,122.100,100,122.110,200,122.210,2020-12-21,11:21:59,00,";
var hq_str_sh603259="药明康德,122.500,121.800,121.990,123.850,121.160,121.990,122.000,6288364,770920968.000,2700,121.990,2900,121.980,1500,121.970,2800,121.960,600,121.950,2100,122.000,300,122.020,4340,122.300,100,122.350,1300,122.460,2020-12-21,11:22:59,00,";
var hq_str_sh603259="药明康德,122.500,121.800,122.270,123.850,121.160,122.140,122.270,6415464,786445506.000,600,122.140,900,122.120,5100,122.110,500,122.100,200,122.080,100,122.270,1500,122.410,200,122.480,100,122.500,300,122.640,2020-12-21,11:24:01,00,";
var hq_str_sh603259="药明康德,122.500,121.800,122.360,123.850,121.160,122.360,122.400,6440104,789458260.000,2600,122.360,260,122.200,400,122.190,400,122.160,400,122.130,5100,122.400,200,122.480,100,122.500,300,122.730,6600,122.740,2020-12-21,11:24:59,00,";
var hq_str_sh603259="药明康德,122.500,121.800,122.130,123.850,121.160,122.130,122.200,6453804,791133331.000,300,122.130,1900,122.120,5100,122.110,500,122.100,400,122.080,18547,122.200,300,122.210,200,122.230,500,122.260,900,122.350,2020-12-21,11:26:01,00,";
var hq_str_sh603259="药明康德,122.500,121.800,122.010,123.850,121.160,122.010,122.020,6492804,795893237.000,500,122.010,3300,122.000,1000,121.990,1200,121.980,900,121.970,600,122.020,100,122.030,5000,122.040,4000,122.090,300,122.100,2020-12-21,11:26:59,00,";
var hq_str_sh603259="药明康德,122.500,121.800,122.090,123.850,121.160,122.030,122.040,6509904,797979941.000,200,122.030,200,122.020,1100,122.010,17400,122.000,600,121.990,600,122.040,2800,122.090,2900,122.110,30000,122.180,500,122.190,2020-12-21,11:28:01,00,";
var hq_str_sh603259="药明康德,122.500,121.800,122.050,123.850,121.160,122.030,122.040,6621104,811560477.000,2600,122.030,800,122.020,2200,122.010,17700,122.000,600,121.990,300,122.040,2800,122.050,700,122.080,5200,122.150,3100,122.180,2020-12-21,11:28:59,00,";
var hq_str_sh603259="药明康德,122.500,121.800,122.060,123.850,121.160,122.040,122.060,6648004,814843736.000,8900,122.040,700,122.020,2200,122.010,16300,122.000,500,121.990,500,122.060,200,122.090,2900,122.150,3100,122.180,500,122.190,2020-12-21,11:29:59,00,";
var hq_str_sh603259="药明康德,122.500,121.800,122.060,123.850,121.160,122.040,122.060,6648004,814843736.000,8900,122.040,700,122.020,2200,122.010,16300,122.000,500,121.990,500,122.060,200,122.090,2900,122.150,3100,122.180,500,122.190,2020-12-21,13:00:00,00,";
var hq_str_sh603259="药明康德,122.500,121.800,122.060,123.850,121.160,122.060,122.160,6770344,829781475.000,21660,122.060,3100,122.050,10800,122.040,700,122.020,1600,122.010,280,122.160,100,122.190,9647,122.200,100,122.260,900,122.350,2020-12-21,13:00:58,00,";
var hq_str_sh603259="药明康德,122.500,121.800,122.200,123.850,121.160,122.170,122.200,6790224,832210064.000,300,122.170,100,122.140,1320,122.130,600,122.120,2100,122.100,4747,122.200,100,122.260,900,122.350,200,122.390,2600,122.400,2020-12-21,13:02:01,00,";
var hq_str_sh603259="药明康德,122.500,121.800,122.490,123.850,121.160,122.460,122.490,6855731,840226452.000,1440,122.460,600,122.450,1400,122.430,100,122.410,553,122.400,1000,122.490,200,122.530,200,122.720,6600,122.740,300,122.770,2020-12-21,13:02:58,00,";
var hq_str_sh603259="药明康德,122.500,121.800,122.590,123.850,121.160,122.690,122.700,6918671,847943894.000,100,122.690,100,122.590,9100,122.550,1000,122.530,4000,122.500,4500,122.700,200,122.720,8600,122.740,300,122.770,10100,122.800,2020-12-21,13:03:58,00,";
var hq_str_sh603259="药明康德,122.500,121.800,122.650,123.850,121.160,122.610,122.650,6941071,850690319.000,300,122.610,700,122.590,600,122.570,800,122.560,6900,122.550,100,122.650,900,122.700,200,122.720,300,122.730,2000,122.740,2020-12-21,13:04:58,00,";
var hq_str_sh603259="药明康德,122.500,121.800,122.470,123.850,121.160,122.400,122.430,6973071,854612103.000,353,122.400,400,122.240,400,122.210,100,122.200,2700,122.140,200,122.430,300,122.470,1200,122.490,500,122.500,100,122.550,2020-12-21,13:05:58,00,";
var hq_str_sh603259="药明康德,122.500,121.800,122.430,123.850,121.160,122.630,122.790,7024311,860893982.000,100,122.630,600,122.430,100,122.400,300,122.380,600,122.350,2100,122.790,600,122.800,600,122.850,1300,122.880,540,122.920,2020-12-21,13:06:58,00,";
var hq_str_sh603259="药明康德,122.500,121.800,122.610,123.850,121.160,122.610,122.750,7057711,864992694.000,1900,122.610,700,122.580,100,122.450,800,122.440,1300,122.430,100,122.750,600,122.760,800,122.770,1200,122.780,1300,122.790,2020-12-21,13:07:58,00,";
var hq_str_sh603259="药明康德,122.500,121.800,122.800,123.850,121.160,122.800,122.850,7080711,867816103.000,4000,122.800,900,122.780,3500,122.770,800,122.740,200,122.710,600,122.850,300,122.880,540,122.920,5000,122.930,100,122.940,2020-12-21,13:08:58,00,";
var hq_str_sh603259="药明康德,122.500,121.800,122.680,123.850,121.160,122.680,122.770,7123211,873031728.000,100,122.680,2500,122.630,1300,122.620,600,122.610,200,122.600,4600,122.770,3000,122.850,300,122.880,540,122.920,5000,122.930,2020-12-21,13:09:58,00,";
var hq_str_sh603259="药明康德,122.500,121.800,122.840,123.850,121.160,122.850,122.880,7159811,877524923.000,500,122.850,2600,122.840,2300,122.800,500,122.770,9300,122.750,300,122.880,1240,122.920,5000,122.930,100,122.940,600,122.950,2020-12-21,13:10:58,00,";
var hq_str_sh603259="药明康德,122.500,121.800,122.990,123.850,121.160,122.990,123.000,7227751,885879779.000,700,122.990,2000,122.950,2500,122.940,1560,122.930,800,122.920,24420,123.000,1000,123.010,600,123.020,100,123.030,2000,123.040,2020-12-21,13:12:01,00,";
var hq_str_sh603259="药明康德,122.500,121.800,122.930,123.850,121.160,122.910,122.930,7303831,895236537.000,600,122.910,3900,122.900,3800,122.890,500,122.880,400,122.860,40,122.930,1200,122.940,500,122.960,600,122.970,100,122.980,2020-12-21,13:12:58,00,";
var hq_str_sh603259="药明康德,122.500,121.800,122.560,123.850,121.160,122.570,122.600,7362331,902416981.000,4600,122.570,300,122.560,400,122.480,100,122.450,200,122.440,4100,122.600,300,122.670,300,122.680,900,122.690,100,122.700,2020-12-21,13:14:01,00,";
var hq_str_sh603259="药明康德,122.500,121.800,122.580,123.850,121.160,122.570,122.580,7437371,911615938.000,2600,122.570,2560,122.560,600,122.530,300,122.500,400,122.480,100,122.580,300,122.600,500,122.790,100,122.800,200,122.820,2020-12-21,13:14:58,00,";
var hq_str_sh603259="药明康德,122.500,121.800,122.500,123.850,121.160,122.490,122.500,7537571,923896330.000,300,122.490,400,122.480,100,122.460,100,122.450,200,122.440,2100,122.500,4900,122.510,300,122.540,2100,122.600,200,122.670,2020-12-21,13:15:58,00,";
var hq_str_sh603259="药明康德,122.500,121.800,122.400,123.850,121.160,122.390,122.400,7572871,928218119.000,7600,122.390,300,122.380,400,122.370,1000,122.360,800,122.350,4000,122.400,1000,122.440,700,122.450,100,122.470,300,122.480,2020-12-21,13:17:01,00,";
var hq_str_sh603259="药明康德,122.500,121.800,122.420,123.850,121.160,122.410,122.420,7676911,940946654.000,1700,122.410,2660,122.400,23500,122.300,800,122.280,700,122.270,900,122.420,200,122.430,200,122.480,300,122.490,12000,122.500,2020-12-21,13:17:58,00,";
var hq_str_sh603259="药明康德,122.500,121.800,122.400,123.850,121.160,122.450,122.490,7824671,959026365.000,300,122.450,700,122.300,10600,122.290,200,122.280,700,122.270,100,122.490,900,122.500,4600,122.510,300,122.650,100,122.800,2020-12-21,13:18:58,00,";
var hq_str_sh603259="药明康德,122.500,121.800,122.640,123.850,121.160,122.350,122.880,7906298,969025212.000,10000,122.350,10573,122.300,200,122.290,1200,122.280,600,122.270,1600,122.880,1200,122.890,600,122.910,1200,122.980,2800,122.990,2020-12-21,13:19:58,00,";
var hq_str_sh603259="药明康德,122.500,121.800,122.550,123.850,121.160,122.550,122.570,7954258,974893635.000,6640,122.550,100,122.470,10000,122.430,8873,122.400,15900,122.300,200,122.570,1100,122.600,300,122.880,1200,122.890,600,122.910,2020-12-21,13:20:58,00,";
var hq_str_sh603259="药明康德,122.500,121.800,122.620,123.850,121.160,122.620,122.650,7975258,977468157.000,1300,122.620,900,122.600,700,122.580,400,122.560,800,122.550,200,122.650,100,122.780,100,122.790,5600,122.800,300,122.880,2020-12-21,13:21:58,00,";
var hq_str_sh603259="药明康德,122.500,121.800,122.580,123.850,121.160,122.580,122.600,8007658,981439306.000,1700,122.580,900,122.570,500,122.520,4100,122.510,1900,122.500,3500,122.600,200,122.650,300,122.670,100,122.780,5500,122.800,2020-12-21,13:23:01,00,";
var hq_str_sh603259="药明康德,122.500,121.800,122.300,123.850,121.160,122.300,122.320,8099158,992635191.000,2373,122.300,6600,122.290,2000,122.280,1700,122.270,100,122.260,100,122.320,500,122.400,100,122.490,1100,122.500,200,122.570,2020-12-21,13:23:58,00,";
var hq_str_sh603259="药明康德,122.500,121.800,122.380,123.850,121.160,122.380,122.440,8129678,996369994.000,600,122.380,2000,122.310,2153,122.300,3100,122.290,2000,122.280,300,122.440,540,122.500,300,122.520,33200,122.600,100,122.650,2020-12-21,13:24:58,00,";
var hq_str_sh603259="药明康德,122.500,121.800,122.300,123.850,121.160,122.300,122.320,8152661,999180933.000,700,122.300,1370,122.290,3000,122.280,1100,122.270,200,122.260,847,122.320,100,122.330,200,122.350,200,122.380,100,122.440,2020-12-21,13:25:58,00,";
var hq_str_sh603259="药明康德,122.500,121.800,122.270,123.850,121.160,122.270,122.280,8231431,1008812343.000,100,122.270,2100,122.200,300,122.190,200,122.150,320,122.130,3500,122.280,100,122.290,9077,122.300,100,122.310,200,122.320,2020-12-21,13:26:58,00,";
var hq_str_sh603259="药明康德,122.500,121.800,122.300,123.850,121.160,122.300,122.400,8262108,1012562883.000,7423,122.300,300,122.290,100,122.280,2500,122.270,500,122.220,1400,122.400,980,122.500,100,122.520,400,122.590,33300,122.600,2020-12-21,13:27:58,00,";
var hq_str_sh603259="药明康德,122.500,121.800,122.580,123.850,121.160,122.580,122.590,8276508,1014325333.000,300,122.580,100,122.570,100,122.560,2700,122.500,600,122.460,1080,122.590,31500,122.600,100,122.650,300,122.660,300,122.670,2020-12-21,13:28:58,00,";
var hq_str_sh603259="药明康德,122.500,121.800,122.900,123.850,121.160,122.680,122.800,8346488,1022907728.000,300,122.680,200,122.670,500,122.660,800,122.650,400,122.640,100,122.800,409,122.900,600,122.910,2000,122.950,400,122.960,2020-12-21,13:29:58,00,";
var hq_str_sh603259="药明康德,122.500,121.800,122.790,123.850,121.160,122.790,122.800,8472308,1038372986.000,14600,122.790,2100,122.750,500,122.740,400,122.610,500,122.600,6000,122.800,100,122.890,1100,122.900,3400,122.950,200,122.990,2020-12-21,13:31:01,00,";
var hq_str_sh603259="药明康德,122.500,121.800,123.170,123.850,121.160,123.160,123.170,8741341,1071493352.000,600,123.160,1200,123.150,19500,123.130,1500,123.120,1900,123.110,2700,123.170,4200,123.180,600,123.190,500,123.200,6100,123.230,2020-12-21,13:31:58,00,";
var hq_str_sh603259="药明康德,122.500,121.800,123.010,123.850,121.160,123.010,123.050,8844208,1084156708.000,700,123.010,5800,123.000,6500,122.980,10100,122.900,100,122.880,300,123.050,4100,123.100,400,123.120,100,123.130,300,123.140,2020-12-21,13:33:01,00,";
var hq_str_sh603259="药明康德,122.500,121.800,123.250,123.850,121.160,123.200,123.250,8879508,1088503600.000,2900,123.200,300,123.120,400,123.110,8500,123.100,500,123.080,2600,123.250,200,123.260,1720,123.280,500,123.290,3420,123.300,2020-12-21,13:33:58,00,";
var hq_str_sh603259="药明康德,122.500,121.800,123.500,123.850,121.160,123.450,123.500,8921737,1093712144.000,2000,123.450,1500,123.400,200,123.390,800,123.370,3000,123.360,41300,123.500,100,123.520,1000,123.550,300,123.560,2000,123.580,2020-12-21,13:35:01,00,";
var hq_str_sh603259="药明康德,122.500,121.800,123.480,123.850,121.160,123.470,123.480,9014237,1105134521.000,1200,123.470,400,123.460,500,123.450,3000,123.440,500,123.430,1400,123.480,400,123.500,200,123.510,200,123.520,1300,123.550,2020-12-21,13:35:58,00,";
var hq_str_sh603259="药明康德,122.500,121.800,123.460,123.850,121.160,123.460,123.470,9173766,1124833703.000,71,123.460,800,123.450,1400,123.440,1000,123.430,1400,123.420,100,123.470,47200,123.500,400,123.520,100,123.530,1300,123.550,2020-12-21,13:36:58,00,";
var hq_str_sh603259="药明康德,122.500,121.800,123.440,123.850,121.160,123.440,123.450,9225037,1131163672.000,1400,123.440,700,123.430,1600,123.420,400,123.380,2200,123.370,100,123.450,6700,123.460,400,123.470,1029,123.480,1100,123.490,2020-12-21,13:37:58,00,";
var hq_str_sh603259="药明康德,122.500,121.800,123.490,123.850,121.160,123.480,123.490,9284237,1138471268.000,900,123.480,5700,123.470,200,123.460,2400,123.450,500,123.440,1429,123.490,48400,123.500,600,123.520,200,123.530,200,123.540,2020-12-21,13:38:58,00,";
var hq_str_sh603259="药明康德,122.500,121.800,123.750,123.850,121.160,123.710,123.720,9391366,1151707351.000,560,123.710,10800,123.700,1600,123.690,600,123.680,100,123.660,600,123.720,1000,123.750,10000,123.770,800,123.780,1000,123.790,2020-12-21,13:39:58,00,";
var hq_str_sh603259="药明康德,122.500,121.800,123.580,123.850,121.160,123.560,123.580,9491606,1164111320.000,100,123.560,800,123.540,1100,123.530,1200,123.520,39871,123.500,1500,123.580,3100,123.600,1700,123.610,900,123.620,100,123.670,2020-12-21,13:40:58,00,";
var hq_str_sh603259="药明康德,122.500,121.800,123.340,123.850,121.160,123.330,123.340,9585637,1175716924.000,600,123.330,100,123.310,1300,123.300,200,123.290,400,123.280,600,123.340,300,123.400,500,123.440,100,123.500,300,123.560,2020-12-21,13:41:58,00,";
var hq_str_sh603259="药明康德,122.500,121.800,123.620,123.850,121.160,123.620,123.660,9624737,1180545062.000,100,123.620,500,123.550,900,123.540,800,123.530,300,123.520,100,123.660,900,123.710,200,123.750,600,123.770,100,123.780,2020-12-21,13:42:58,00,";
var hq_str_sh603259="药明康德,122.500,121.800,123.690,123.850,121.160,123.570,123.690,9656017,1184410677.000,3700,123.570,300,123.560,5700,123.550,2620,123.520,9300,123.510,1820,123.690,900,123.700,700,123.710,1600,123.750,600,123.770,2020-12-21,13:43:58,00,";
var hq_str_sh603259="药明康德,122.500,121.800,123.770,123.850,121.160,123.750,123.770,9693937,1189103162.000,1600,123.750,800,123.740,4600,123.730,700,123.720,80,123.710,800,123.770,300,123.800,17380,123.850,300,123.860,600,123.870,2020-12-21,13:44:58,00,";
var hq_str_sh603259="药明康德,122.500,121.800,123.830,123.850,121.160,123.820,123.830,9726437,1193127268.000,1300,123.820,4400,123.810,1400,123.800,2200,123.790,2800,123.780,1300,123.830,3700,123.840,7740,123.850,3000,123.860,600,123.870,2020-12-21,13:45:58,00,";
var hq_str_sh603259="药明康德,122.500,121.800,123.850,123.880,121.160,123.850,123.870,9765477,1197962094.000,200,123.850,1860,123.840,100,123.830,1400,123.820,3200,123.810,200,123.870,14300,123.880,4400,123.890,4260,123.900,100,123.910,2020-12-21,13:46:58,00,";
var hq_str_sh603259="药明康德,122.500,121.800,123.860,123.880,121.160,123.850,123.860,9802469,1202544090.000,4408,123.850,360,123.840,700,123.830,800,123.820,1500,123.800,200,123.860,400,123.880,4400,123.890,4060,123.900,1100,123.910,2020-12-21,13:47:58,00,";
var hq_str_sh603259="药明康德,122.500,121.800,123.950,123.950,121.160,123.900,123.950,9841129,1207334163.000,10340,123.900,1200,123.890,6300,123.880,700,123.860,5408,123.850,2900,123.950,200,123.970,9300,123.980,8800,123.990,109318,124.000,2020-12-21,13:48:58,00,";
var hq_str_sh603259="药明康德,122.500,121.800,124.000,124.000,121.160,124.000,124.010,10013647,1228724784.000,6882,124.000,900,123.990,500,123.970,500,123.960,1300,123.950,700,124.010,200,124.030,1800,124.050,300,124.060,2000,124.080,2020-12-21,13:49:58,00,";
var hq_str_sh603259="药明康德,122.500,121.800,123.960,124.100,121.160,123.950,123.960,10065629,1235171672.000,800,123.950,100,123.940,100,123.930,2700,123.920,5300,123.910,1800,123.960,600,123.980,300,123.990,500,124.000,500,124.010,2020-12-21,13:50:58,00,";
var hq_str_sh603259="药明康德,122.500,121.800,123.950,124.100,121.160,123.900,123.950,10116129,1241430809.000,6940,123.900,700,123.890,5200,123.880,2308,123.850,100,123.830,1400,123.950,1160,124.000,1600,124.030,300,124.050,800,124.060,2020-12-21,13:51:58,00,";
var hq_str_sh603259="药明康德,122.500,121.800,123.590,124.100,121.160,123.580,123.590,10185557,1250030846.000,100,123.580,1300,123.570,100,123.560,900,123.550,400,123.520,100,123.590,300,123.610,600,123.660,200,123.710,200,123.720,2020-12-21,13:52:58,00,";
var hq_str_sh603259="药明康德,122.500,121.800,123.450,124.100,121.160,123.450,123.500,10220457,1254342838.000,6000,123.450,700,123.440,200,123.420,500,123.400,400,123.360,400,123.500,900,123.560,100,123.570,12080,123.600,400,123.620,2020-12-21,13:53:58,00,";
var hq_str_sh603259="药明康德,122.500,121.800,123.700,124.100,121.160,123.700,124.000,10286576,1262521568.000,300,123.700,800,123.680,80,123.660,800,123.650,300,123.640,2600,124.000,1700,124.010,100,124.020,1600,124.030,500,124.050,2020-12-21,13:55:01,00,";
var hq_str_sh603259="药明康德,122.500,121.800,123.530,124.100,121.160,123.530,123.550,10318676,1266490274.000,100,123.530,2200,123.510,9800,123.500,2200,123.470,1000,123.460,500,123.550,100,123.600,980,123.620,500,123.650,1500,123.660,2020-12-21,13:55:58,00,";
var hq_str_sh603259="药明康德,122.500,121.800,123.320,124.100,121.160,123.320,123.400,10370876,1272934710.000,2900,123.320,100,123.300,600,123.270,600,123.260,500,123.210,600,123.400,4500,123.460,800,123.470,500,123.510,300,123.600,2020-12-21,13:56:58,00,";
var hq_str_sh603259="药明康德,122.500,121.800,123.390,124.100,121.160,123.320,123.440,10404696,1277106211.000,700,123.320,680,123.310,500,123.300,600,123.290,600,123.270,400,123.440,100,123.450,1300,123.460,800,123.470,200,123.500,2020-12-21,13:57:58,00,";
var hq_str_sh603259="药明康德,122.500,121.800,123.250,124.100,121.160,123.280,123.370,10435176,1280864944.000,100,123.280,500,123.250,300,123.240,600,123.210,300,123.180,100,123.370,200,123.490,200,123.500,700,123.510,100,123.520,2020-12-21,13:58:58,00,";
var hq_str_sh603259="药明康德,122.500,121.800,123.450,124.100,121.160,123.370,123.460,10456876,1283542236.000,300,123.370,800,123.350,200,123.330,600,123.320,800,123.300,100,123.460,100,123.470,600,123.500,700,123.510,100,123.520,2020-12-21,14:00:01,00,";
var hq_str_sh603259="药明康德,122.500,121.800,123.480,124.100,121.160,123.480,123.490,10485276,1287050436.000,300,123.480,300,123.470,500,123.450,1500,123.430,400,123.420,100,123.490,4400,123.500,300,123.530,600,123.540,100,123.610,2020-12-21,14:00:58,00,";
var hq_str_sh603259="药明康德,122.500,121.800,123.640,124.100,121.160,123.480,123.640,10512576,1290422139.000,400,123.480,500,123.470,2400,123.460,300,123.450,1500,123.430,400,123.640,3300,123.650,300,123.670,100,123.690,24220,123.700,2020-12-21,14:01:58,00,";
var hq_str_sh603259="药明康德,122.500,121.800,123.670,124.100,121.160,123.670,123.690,10534876,1293178463.000,3300,123.670,200,123.650,400,123.640,100,123.590,500,123.580,800,123.690,24320,123.700,100,123.730,400,123.800,200,123.850,2020-12-21,14:02:58,00,";
var hq_str_sh603259="药明康德,122.500,121.800,123.820,124.100,121.160,123.810,123.820,10578396,1298562627.000,400,123.810,200,123.800,400,123.750,300,123.740,700,123.730,100,123.820,300,123.850,200,123.870,100,123.900,100,123.940,2020-12-21,14:03:58,00,";
var hq_str_sh603259="药明康德,122.500,121.800,123.830,124.100,121.160,123.830,123.860,10599496,1301175319.000,300,123.830,400,123.820,300,123.810,700,123.800,100,123.760,200,123.860,100,123.870,500,123.900,2000,123.920,500,123.930,2020-12-21,14:04:58,00,";
var hq_str_sh603259="药明康德,122.500,121.800,123.980,124.100,121.160,123.960,123.980,10651396,1307607025.000,500,123.960,4200,123.900,2400,123.890,800,123.880,500,123.840,1300,123.980,3460,124.000,2600,124.010,100,124.020,1600,124.030,2020-12-21,14:05:58,00,";
var hq_str_sh603259="药明康德,122.500,121.800,123.940,124.100,121.160,123.940,124.000,10683996,1311648782.000,400,123.940,3600,123.930,300,123.920,1300,123.910,5600,123.900,3580,124.000,1960,124.010,300,124.020,1600,124.030,100,124.040,2020-12-21,14:06:58,00,";
var hq_str_sh603259="药明康德,122.500,121.800,123.760,124.100,121.160,123.760,123.830,10745996,1319329923.000,500,123.760,300,123.750,1300,123.740,400,123.730,400,123.720,600,123.830,400,123.860,700,123.900,2000,123.920,200,123.950,2020-12-21,14:07:58,00,";
var hq_str_sh603259="药明康德,122.500,121.800,123.580,124.100,121.160,123.580,123.700,10790296,1324809713.000,1000,123.580,200,123.570,4700,123.560,300,123.550,100,123.530,2280,123.700,300,123.770,2600,123.780,200,123.790,4000,123.800,2020-12-21,14:08:58,00,";
var hq_str_sh603259="药明康德,122.500,121.800,123.820,124.100,121.160,123.820,123.920,10826276,1329261438.000,200,123.820,300,123.810,2700,123.800,2300,123.780,820,123.770,1800,123.920,200,123.950,3100,123.980,21596,123.990,19140,124.000,2020-12-21,14:09:58,00,";
var hq_str_sh603259="药明康德,122.500,121.800,123.940,124.100,121.160,123.900,123.940,10871476,1334861502.000,900,123.900,400,123.890,100,123.870,200,123.860,200,123.850,200,123.940,2500,123.980,16996,123.990,20040,124.000,1260,124.010,2020-12-21,14:10:58,00,";
var hq_str_sh603259="药明康德,122.500,121.800,123.870,124.100,121.160,123.870,123.900,10900076,1338405039.000,2300,123.870,1300,123.810,800,123.800,100,123.790,5700,123.780,3000,123.900,600,123.970,600,123.980,13496,123.990,20240,124.000,2020-12-21,14:11:58,00,";
var hq_str_sh603259="药明康德,122.500,121.800,123.880,124.100,121.160,123.870,123.880,10922976,1341242191.000,2000,123.870,700,123.830,100,123.820,1100,123.810,900,123.800,200,123.880,200,123.890,1600,123.900,400,123.910,300,123.920,2020-12-21,14:12:58,00,";
var hq_str_sh603259="药明康德,122.500,121.800,123.680,124.100,121.160,123.680,123.690,10959876,1345810329.000,100,123.680,400,123.670,700,123.660,400,123.630,1000,123.620,300,123.690,100,123.770,400,123.780,4686,123.800,100,123.810,2020-12-21,14:13:58,00,";
var hq_str_sh603259="药明康德,122.500,121.800,123.950,124.100,121.160,123.940,123.950,11015962,1352757913.000,200,123.940,1400,123.930,500,123.920,800,123.910,1014,123.900,100,123.950,300,123.960,1800,123.970,2600,123.980,12496,123.990,2020-12-21,14:14:58,00,";
var hq_str_sh603259="药明康德,122.500,121.800,123.780,124.100,121.160,123.770,123.780,11052576,1357293637.000,600,123.770,400,123.700,400,123.670,100,123.660,400,123.630,100,123.780,100,123.790,400,123.800,700,123.810,400,123.830,2020-12-21,14:15:58,00,";
var hq_str_sh603259="药明康德,122.500,121.800,124.000,124.100,121.160,123.950,123.990,11138976,1368001545.000,4100,123.950,600,123.940,800,123.930,5200,123.920,900,123.910,100,123.990,1626,124.000,1260,124.010,900,124.020,1900,124.030,2020-12-21,14:16:58,00,";
var hq_str_sh603259="药明康德,122.500,121.800,124.100,124.100,121.160,124.090,124.100,11192892,1374689086.000,100,124.090,5700,124.060,3800,124.050,1400,124.030,3600,124.020,476,124.100,700,124.110,3300,124.150,3300,124.160,100,124.170,2020-12-21,14:17:58,00,";
var hq_str_sh603259="药明康德,122.500,121.800,124.200,124.200,121.160,124.180,124.200,11246468,1381340728.000,1500,124.180,800,124.170,1400,124.160,300,124.150,1400,124.140,3220,124.200,100,124.210,400,124.220,400,124.230,200,124.240,2020-12-21,14:18:58,00,";
var hq_str_sh603259="药明康德,122.500,121.800,124.160,124.250,121.160,124.050,124.180,11323468,1390902006.000,1000,124.050,300,124.030,1900,124.020,1040,124.010,844,124.000,600,124.180,100,124.190,2860,124.200,600,124.210,200,124.220,2020-12-21,14:19:58,00,";
var hq_str_sh603259="药明康德,122.500,121.800,123.970,124.250,121.160,123.960,124.000,11357652,1395140806.000,100,123.960,1200,123.920,100,123.900,400,123.860,400,123.820,756,124.000,100,124.010,700,124.020,1500,124.030,400,124.040,2020-12-21,14:20:58,00,";
var hq_str_sh603259="药明康德,122.500,121.800,123.960,124.250,121.160,123.960,123.970,11386852,1398760627.000,3800,123.960,10900,123.950,800,123.920,700,123.910,2200,123.900,56,123.970,200,124.010,700,124.020,100,124.030,100,124.050,2020-12-21,14:21:58,00,";
var hq_str_sh603259="药明康德,122.500,121.800,124.010,124.250,121.160,124.010,124.020,11425108,1403503507.000,200,124.010,4100,124.000,700,123.970,5800,123.950,800,123.920,200,124.020,300,124.080,500,124.150,500,124.170,300,124.180,2020-12-21,14:22:58,00,";
var hq_str_sh603259="药明康德,122.500,121.800,123.860,124.250,121.160,123.820,123.860,11465208,1408474340.000,400,123.820,1400,123.800,500,123.780,400,123.740,400,123.700,1600,123.860,100,123.870,100,123.880,1500,123.900,400,123.940,2020-12-21,14:23:58,00,";
var hq_str_sh603259="药明康德,122.500,121.800,123.740,124.250,121.160,123.720,123.740,11498888,1412641196.000,120,123.720,1100,123.680,300,123.610,2200,123.600,500,123.580,200,123.740,600,123.760,400,123.830,2100,123.840,200,123.870,2020-12-21,14:24:58,00,";
var hq_str_sh603259="药明康德,122.500,121.800,123.680,124.250,121.160,123.680,123.700,11532708,1416824179.000,200,123.680,1200,123.670,1400,123.660,500,123.650,200,123.630,1600,123.700,480,123.760,200,123.800,200,123.870,100,123.880,2020-12-21,14:25:58,00,";
var hq_str_sh603259="药明康德,122.500,121.800,123.830,124.250,121.160,123.830,123.840,11560288,1420239474.000,700,123.830,400,123.820,2100,123.810,3300,123.760,500,123.750,100,123.840,300,123.990,7749,124.000,400,124.050,100,124.070,2020-12-21,14:26:58,00,";
var hq_str_sh603259="药明康德,122.500,121.800,124.050,124.250,121.160,124.000,124.020,11613137,1426786904.000,22551,124.000,1400,123.990,400,123.840,2500,123.800,1500,123.790,200,124.020,600,124.050,100,124.070,1000,124.080,1100,124.100,2020-12-21,14:27:58,00,";
var hq_str_sh603259="药明康德,122.500,121.800,124.220,124.250,121.160,124.170,124.210,11663137,1432993592.000,400,124.170,900,124.160,700,124.150,300,124.110,4000,124.100,500,124.210,400,124.220,100,124.230,100,124.240,3496,124.250,2020-12-21,14:28:58,00,";
var hq_str_sh603259="药明康德,122.500,121.800,124.010,124.250,121.160,123.970,124.010,11721137,1440190848.000,600,123.970,1000,123.950,1800,123.940,400,123.910,400,123.880,8,124.010,400,124.110,300,124.140,100,124.150,500,124.170,2020-12-21,14:29:58,00,";
var hq_str_sh603259="药明康德,122.500,121.800,124.010,124.250,121.160,124.000,124.010,11752437,1444071206.000,600,124.000,800,123.990,700,123.980,2800,123.960,2900,123.950,400,124.010,100,124.040,700,124.080,100,124.090,100,124.110,2020-12-21,14:30:58,00,";
var hq_str_sh603259="药明康德,122.500,121.800,124.100,124.250,121.160,124.100,124.170,11779937,1447482308.000,200,124.100,800,124.000,1100,123.990,700,123.980,400,123.970,500,124.170,200,124.190,8100,124.200,500,124.210,800,124.220,2020-12-21,14:31:58,00,";
var hq_str_sh603259="药明康德,122.500,121.800,124.080,124.400,121.160,124.080,124.090,11922937,1465256334.000,200,124.080,200,124.000,600,123.990,400,123.970,2100,123.950,300,124.090,3300,124.100,100,124.130,400,124.160,700,124.190,2020-12-21,14:32:58,00,";
var hq_str_sh603259="药明康德,122.500,121.800,124.060,124.400,121.160,124.040,124.060,11949637,1468569115.000,600,124.040,800,124.010,2000,124.000,600,123.990,1000,123.980,100,124.060,300,124.070,1100,124.100,300,124.110,100,124.120,2020-12-21,14:33:58,00,";
var hq_str_sh603259="药明康德,122.500,121.800,124.100,124.400,121.160,124.060,124.100,11987237,1473234798.000,500,124.060,300,124.050,300,124.040,400,124.030,1300,124.010,15400,124.100,100,124.120,100,124.130,1000,124.150,1300,124.160,2020-12-21,14:34:58,00,";
var hq_str_sh603259="药明康德,122.500,121.800,124.100,124.400,121.160,124.080,124.100,12016637,1476883028.000,8000,124.080,100,124.070,500,124.060,1100,124.050,900,124.030,5700,124.100,100,124.120,100,124.130,1000,124.150,1300,124.160,2020-12-21,14:35:58,00,";
var hq_str_sh603259="药明康德,122.500,121.800,123.800,124.400,121.160,123.800,123.810,12057137,1481904339.000,2600,123.800,400,123.790,500,123.780,2300,123.760,400,123.750,11100,123.810,1000,123.820,500,123.830,200,123.850,1000,123.880,2020-12-21,14:36:58,00,";
var hq_str_sh603259="药明康德,122.500,121.800,123.730,124.400,121.160,123.710,123.730,12090837,1486074229.000,1200,123.710,1800,123.700,600,123.690,700,123.680,700,123.670,300,123.730,100,123.780,200,123.790,200,123.880,100,123.930,2020-12-21,14:37:58,00,";
var hq_str_sh603259="药明康德,122.500,121.800,123.840,124.400,121.160,123.800,123.840,12116837,1489295561.000,1300,123.800,200,123.750,400,123.740,100,123.730,800,123.710,100,123.840,700,123.920,500,123.930,400,123.950,100,123.980,2020-12-21,14:38:58,00,";
var hq_str_sh603259="药明康德,122.500,121.800,123.460,124.400,121.160,123.450,123.460,12225237,1502690262.000,800,123.450,500,123.420,100,123.410,500,123.400,1400,123.390,200,123.460,4100,123.470,200,123.490,400,123.500,1500,123.520,2020-12-21,14:39:58,00,";
var hq_str_sh603259="药明康德,122.500,121.800,123.580,124.400,121.160,123.500,123.690,12260637,1507061193.000,200,123.500,2000,123.480,8900,123.470,400,123.460,42200,123.440,700,123.690,40525,123.800,600,123.860,400,123.920,300,123.980,2020-12-21,14:40:58,00,";
var hq_str_sh603259="药明康德,122.500,121.800,123.740,124.400,121.160,123.700,123.740,12324337,1514942095.000,100,123.700,1800,123.690,2200,123.680,1400,123.670,200,123.630,200,123.740,22725,123.800,600,123.860,400,123.920,300,123.980,2020-12-21,14:41:58,00,";
var hq_str_sh603259="药明康德,122.500,121.800,123.700,124.400,121.160,123.690,123.700,12409937,1525542058.000,2000,123.690,100,123.680,2000,123.660,200,123.650,200,123.640,5000,123.700,500,123.760,100,123.790,1100,123.840,700,123.870,2020-12-21,14:42:58,00,";
var hq_str_sh603259="药明康德,122.500,121.800,123.700,124.400,121.160,123.720,123.780,12432437,1528325250.000,3500,123.720,200,123.710,100,123.700,1900,123.690,900,123.680,600,123.780,600,123.870,1500,123.890,45300,123.900,100,123.990,2020-12-21,14:43:58,00,";
var hq_str_sh603259="药明康德,122.500,121.800,123.840,124.400,121.160,123.830,123.840,12555737,1543605249.000,1600,123.830,3300,123.810,600,123.800,200,123.790,200,123.780,4800,123.840,200,123.880,20725,124.000,250,124.010,200,124.020,2020-12-21,14:44:58,00,";
var hq_str_sh603259="药明康德,122.500,121.800,123.900,124.400,121.160,123.890,123.900,12616837,1551175384.000,4000,123.890,800,123.820,500,123.810,200,123.780,1100,123.770,200,123.900,900,123.950,200,123.960,1400,123.990,8045,124.000,2020-12-21,14:45:58,00,";
var hq_str_sh603259="药明康德,122.500,121.800,123.640,124.400,121.160,123.630,123.650,12661537,1556711085.000,200,123.630,300,123.620,200,123.610,400,123.600,100,123.590,500,123.650,700,123.660,5300,123.680,1300,123.690,5000,123.710,2020-12-21,14:46:58,00,";
var hq_str_sh603259="药明康德,122.500,121.800,123.530,124.400,121.160,123.540,123.640,12755237,1568286789.000,400,123.540,4000,123.530,1500,123.520,1000,123.510,30600,123.500,200,123.640,1100,123.650,100,123.660,600,123.680,1000,123.690,2020-12-21,14:47:58,00,";
var hq_str_sh603259="药明康德,122.500,121.800,123.590,124.400,121.160,123.580,123.600,12797537,1573513831.000,800,123.580,1300,123.570,100,123.560,1500,123.550,400,123.540,1100,123.600,100,123.610,5300,123.640,1100,123.650,100,123.660,2020-12-21,14:49:01,00,";
var hq_str_sh603259="药明康德,122.500,121.800,123.600,124.400,121.160,123.580,123.600,12837837,1578494186.000,2000,123.580,1000,123.570,100,123.560,600,123.550,300,123.540,100,123.600,100,123.650,100,123.660,600,123.680,1000,123.690,2020-12-21,14:49:58,00,";
var hq_str_sh603259="药明康德,122.500,121.800,123.540,124.400,121.160,123.530,123.540,12891137,1585080212.000,900,123.530,1000,123.520,1000,123.510,19900,123.500,1100,123.490,600,123.540,200,123.610,1500,123.620,2400,123.650,300,123.660,2020-12-21,14:50:58,00,";
var hq_str_sh603259="药明康德,122.500,121.800,123.690,124.400,121.160,123.670,123.690,12957737,1593314412.000,1700,123.670,500,123.650,1900,123.620,6500,123.600,4700,123.570,500,123.690,100,123.700,100,123.780,200,123.870,700,123.880,2020-12-21,14:51:58,00,";
var hq_str_sh603259="药明康德,122.500,121.800,123.550,124.400,121.160,123.550,123.560,13027337,1601920139.000,4500,123.550,200,123.530,1400,123.510,20400,123.500,1100,123.490,500,123.560,1200,123.570,3300,123.600,200,123.620,900,123.640,2020-12-21,14:52:58,00,";
var hq_str_sh603259="药明康德,122.500,121.800,123.510,124.400,121.160,123.510,123.520,13267083,1631523908.000,554,123.510,1800,123.500,5000,123.470,100,123.460,6100,123.440,3700,123.520,400,123.530,2300,123.570,800,123.600,100,123.650,2020-12-21,14:53:58,00,";
var hq_str_sh603259="药明康德,122.500,121.800,123.530,124.400,121.160,123.530,123.600,13329383,1639216703.000,3600,123.530,3000,123.520,2854,123.510,77800,123.500,100,123.490,300,123.600,1300,123.680,500,123.690,600,123.700,500,123.730,2020-12-21,14:54:58,00,";
var hq_str_sh603259="药明康德,122.500,121.800,123.570,124.400,121.160,123.570,123.580,13470310,1656643519.000,3000,123.570,2400,123.560,500,123.550,1500,123.530,100,123.520,500,123.580,100,123.600,600,123.620,1100,123.630,1100,123.640,2020-12-21,14:55:58,00,";
var hq_str_sh603259="药明康德,122.500,121.800,123.510,124.400,121.160,123.510,123.590,13635022,1677011144.000,1788,123.510,300,123.500,900,123.480,100,123.470,4800,123.460,200,123.590,100,123.630,600,123.650,80,123.660,9800,123.700,2020-12-21,14:56:58,00,";
var hq_str_sh603259="药明康德,122.500,121.800,123.510,124.400,121.160,122.000,122.000,13635022,1677011144.000,186388,122.000,0,0.000,0,0.000,0,0.000,0,0.000,186388,122.000,30332,0.000,0,0.000,0,0.000,0,0.000,2020-12-21,14:57:58,00,";
var hq_str_sh603259="药明康德,122.500,121.800,123.510,124.400,121.160,122.060,122.060,13635022,1677011144.000,391520,122.060,6168,0.000,0,0.000,0,0.000,0,0.000,391520,122.060,0,0.000,0,0.000,0,0.000,0,0.000,2020-12-21,14:58:58,00,";
