var hq_str_sh603259="药明康德,105.100,105.180,105.080,105.100,105.000,104.980,105.080,95300,10015972.000,100,104.980,200,104.550,100,104.350,100,104.300,200,104.200,7600,105.080,17000,105.100,600,105.110,100,105.130,800,105.160,2020-04-29,09:30:00,00,";
var hq_str_sh603259="药明康德,105.100,105.180,104.400,105.100,104.180,104.360,104.400,144900,15207013.000,200,104.360,2100,104.300,600,104.200,800,104.180,100,104.130,300,104.400,4000,104.440,1700,104.450,6900,104.500,1400,104.570,2020-04-29,09:31:00,00,";
var hq_str_sh603259="药明康德,105.100,105.180,104.500,105.100,104.180,104.470,104.500,177400,18599487.000,100,104.470,2200,104.460,3600,104.450,1600,104.400,2000,104.390,6300,104.500,100,104.560,500,104.610,100,104.650,200,104.770,2020-04-29,09:32:00,00,";
var hq_str_sh603259="药明康德,105.100,105.180,104.650,105.100,104.180,104.560,104.650,280200,29382451.000,1200,104.560,5000,104.550,2200,104.500,1000,104.470,100,104.450,300,104.650,700,104.760,200,104.790,100,104.810,300,104.990,2020-04-29,09:33:00,00,";
var hq_str_sh603259="药明康德,105.100,105.180,105.150,105.150,104.180,104.900,105.150,355000,37234602.000,100,104.900,300,104.850,400,104.810,200,104.800,600,104.790,600,105.150,1100,105.160,33600,105.180,100,105.200,200,105.250,2020-04-29,09:34:00,00,";
var hq_str_sh603259="药明康德,105.100,105.180,105.480,105.500,104.180,105.480,105.500,453300,47588404.000,800,105.480,700,105.180,200,105.140,300,105.010,2900,105.000,16600,105.500,500,105.510,200,105.530,200,105.550,200,105.580,2020-04-29,09:35:00,00,";
var hq_str_sh603259="药明康德,105.100,105.180,105.000,105.500,104.180,104.950,105.000,487200,51156853.000,600,104.950,100,104.900,1300,104.850,300,104.800,600,104.790,1800,105.000,2000,105.140,400,105.150,400,105.170,4400,105.180,2020-04-29,09:35:57,00,";
var hq_str_sh603259="药明康德,105.100,105.180,104.500,105.500,104.180,104.500,104.780,506000,53127824.000,3900,104.500,100,104.480,200,104.470,100,104.450,400,104.440,700,104.780,100,104.790,1700,104.800,1500,104.840,1000,104.850,2020-04-29,09:36:57,00,";
var hq_str_sh603259="药明康德,105.100,105.180,104.700,105.500,104.180,104.700,104.770,521900,54790913.000,1500,104.700,100,104.610,1000,104.600,1300,104.590,200,104.580,300,104.770,400,104.780,100,104.790,1200,104.800,1500,104.840,2020-04-29,09:38:00,00,";
var hq_str_sh603259="药明康德,105.100,105.180,105.140,105.500,104.180,105.010,105.140,581700,61065852.000,600,105.010,8500,105.000,400,104.990,100,104.970,200,104.960,1600,105.140,400,105.170,200,105.190,100,105.200,500,105.270,2020-04-29,09:38:57,00,";
var hq_str_sh603259="药明康德,105.100,105.180,105.120,105.500,104.180,105.120,105.200,605300,63548008.000,800,105.120,300,105.100,200,105.050,200,105.030,1200,105.020,900,105.200,200,105.220,3100,105.270,3700,105.280,1000,105.290,2020-04-29,09:39:57,00,";
var hq_str_sh603259="药明康德,105.100,105.180,105.120,105.500,104.180,105.110,105.120,620500,65145663.000,300,105.110,200,105.090,800,105.080,1200,105.020,500,105.010,900,105.120,200,105.140,5100,105.180,500,105.190,10800,105.200,2020-04-29,09:41:00,00,";
var hq_str_sh603259="药明康德,105.100,105.180,105.180,105.500,104.180,105.180,105.190,666300,69963323.000,1000,105.180,200,105.170,200,105.150,200,105.140,900,105.120,19000,105.190,100,105.200,1200,105.270,200,105.280,2000,105.300,2020-04-29,09:41:57,00,";
var hq_str_sh603259="药明康德,105.100,105.180,105.180,105.500,104.180,105.180,105.190,703400,73865540.000,600,105.180,1700,105.170,300,105.150,200,105.140,200,105.130,8800,105.190,1300,105.200,1300,105.270,4700,105.300,100,105.310,2020-04-29,09:42:57,00,";
var hq_str_sh603259="药明康德,105.100,105.180,105.000,105.500,104.180,105.000,105.010,738500,77556014.000,29700,105.000,100,104.970,600,104.900,2000,104.880,100,104.860,5100,105.010,500,105.020,1000,105.080,10000,105.100,11200,105.180,2020-04-29,09:44:00,00,";
var hq_str_sh603259="药明康德,105.100,105.180,104.850,105.500,104.180,104.840,104.970,786300,82574731.000,200,104.840,200,104.830,2000,104.800,400,104.780,500,104.740,1200,104.970,11800,105.000,300,105.010,100,105.020,300,105.090,2020-04-29,09:45:00,00,";
var hq_str_sh603259="药明康德,105.100,105.180,104.710,105.500,104.180,104.710,104.780,809500,85004494.000,1700,104.710,3900,104.700,700,104.680,200,104.670,100,104.610,400,104.780,200,104.830,500,104.890,2200,104.900,1000,104.970,2020-04-29,09:45:57,00,";
var hq_str_sh603259="药明康德,105.100,105.180,104.890,105.500,104.180,104.880,104.890,822000,86314733.000,2900,104.880,500,104.870,800,104.860,200,104.850,100,104.830,900,104.890,200,104.900,200,104.910,1000,104.970,1400,104.990,2020-04-29,09:47:00,00,";
var hq_str_sh603259="药明康德,105.100,105.180,105.000,105.500,104.180,104.950,105.000,846400,88875311.000,1300,104.950,100,104.930,3600,104.910,100,104.890,1400,104.880,7300,105.000,400,105.010,100,105.020,26500,105.100,100,105.170,2020-04-29,09:47:57,00,";
var hq_str_sh603259="药明康德,105.100,105.180,104.990,105.500,104.180,104.980,104.990,873400,91710250.000,100,104.980,1200,104.950,200,104.940,200,104.930,200,104.910,700,104.990,3900,105.000,1000,105.090,10200,105.100,100,105.170,2020-04-29,09:49:00,00,";
var hq_str_sh603259="药明康德,105.100,105.180,104.930,105.500,104.180,104.930,104.980,886300,93064137.000,800,104.930,11900,104.910,500,104.900,1200,104.890,1500,104.880,100,104.980,3100,104.990,15600,105.000,1200,105.090,10900,105.100,2020-04-29,09:50:00,00,";
var hq_str_sh603259="药明康德,105.100,105.180,105.100,105.500,104.180,105.090,105.100,931800,97843137.000,100,105.090,11900,105.050,1900,105.020,1000,105.010,22900,105.000,5400,105.100,1400,105.110,200,105.150,100,105.170,6000,105.180,2020-04-29,09:51:00,00,";
var hq_str_sh603259="药明康德,105.100,105.180,105.160,105.500,104.180,105.150,105.160,985600,103501242.000,400,105.150,300,105.130,800,105.120,600,105.110,800,105.100,500,105.160,100,105.180,100,105.200,200,105.220,300,105.270,2020-04-29,09:52:00,00,";
var hq_str_sh603259="药明康德,105.100,105.180,105.150,105.500,104.180,105.130,105.150,1023500,107488306.000,100,105.130,800,105.120,400,105.110,700,105.100,400,105.090,10100,105.150,2900,105.160,200,105.210,600,105.220,300,105.250,2020-04-29,09:53:00,00,";
var hq_str_sh603259="药明康德,105.100,105.180,104.770,105.500,104.180,104.760,104.770,1061800,111507385.000,1900,104.760,500,104.750,100,104.720,2200,104.710,1100,104.700,100,104.770,3000,104.800,300,104.810,300,104.850,800,104.880,2020-04-29,09:53:57,00,";
var hq_str_sh603259="药明康德,105.100,105.180,104.750,105.500,104.180,104.740,104.750,1082400,113665337.000,2200,104.740,5000,104.730,3300,104.720,2200,104.710,2200,104.700,5500,104.750,200,104.760,1300,104.800,500,104.810,1200,104.850,2020-04-29,09:54:57,00,";
var hq_str_sh603259="药明康德,105.100,105.180,104.800,105.500,104.180,104.800,104.810,1107900,116336536.000,1900,104.800,800,104.770,500,104.760,6100,104.750,1400,104.740,500,104.810,1200,104.850,800,104.880,100,104.900,300,104.910,2020-04-29,09:56:00,00,";
var hq_str_sh603259="药明康德,105.100,105.180,104.880,105.500,104.180,104.880,104.900,1141900,119899938.000,1100,104.880,100,104.820,100,104.800,300,104.770,1700,104.760,7100,104.900,300,104.910,200,104.980,100,104.990,18100,105.000,2020-04-29,09:57:00,00,";
var hq_str_sh603259="药明康德,105.100,105.180,104.800,105.500,104.180,104.770,104.800,1157500,121535816.000,500,104.770,1700,104.760,5900,104.750,1300,104.740,4000,104.730,100,104.800,9300,104.830,100,104.850,600,104.860,4000,104.880,2020-04-29,09:58:00,00,";
var hq_str_sh603259="药明康德,105.100,105.180,104.720,105.500,104.180,104.710,104.720,1183900,124301104.000,2100,104.710,5700,104.700,1300,104.690,500,104.680,200,104.660,17700,104.720,1100,104.730,600,104.740,1200,104.750,1600,104.760,2020-04-29,09:58:57,00,";
var hq_str_sh603259="药明康德,105.100,105.180,104.500,105.500,104.180,104.480,104.500,1240700,130241648.000,1300,104.480,300,104.470,100,104.450,3100,104.440,700,104.410,2900,104.500,5000,104.530,400,104.540,500,104.550,800,104.560,2020-04-29,10:00:00,00,";
var hq_str_sh603259="药明康德,105.100,105.180,104.290,105.500,104.180,104.280,104.290,1276700,134000644.000,4200,104.280,200,104.250,300,104.240,900,104.220,300,104.210,900,104.290,1900,104.300,100,104.310,1500,104.350,1100,104.360,2020-04-29,10:00:57,00,";
var hq_str_sh603259="药明康德,105.100,105.180,104.110,105.500,104.010,104.110,104.250,1356300,142289187.000,300,104.110,600,104.100,400,104.080,3100,104.060,7200,104.050,800,104.250,1600,104.300,1100,104.360,300,104.380,700,104.390,2020-04-29,10:01:57,00,";
var hq_str_sh603259="药明康德,105.100,105.180,104.340,105.500,104.010,104.270,104.340,1406400,147511878.000,400,104.270,1000,104.260,4900,104.250,1300,104.150,200,104.120,300,104.340,300,104.350,100,104.360,1000,104.390,8000,104.400,2020-04-29,10:03:00,00,";
var hq_str_sh603259="药明康德,105.100,105.180,104.200,105.500,104.010,104.100,104.200,1461300,153231842.000,1000,104.100,1800,104.090,400,104.080,2000,104.070,2100,104.060,14400,104.200,300,104.230,2700,104.250,700,104.300,500,104.340,2020-04-29,10:03:57,00,";
var hq_str_sh603259="药明康德,105.100,105.180,104.060,105.500,104.010,104.060,104.080,1535201,160923747.000,4599,104.060,2000,104.050,6300,104.040,1800,104.030,19000,104.020,500,104.080,100,104.090,700,104.100,100,104.180,100,104.190,2020-04-29,10:05:00,00,";
var hq_str_sh603259="药明康德,105.100,105.180,104.180,105.500,104.010,104.180,104.190,1566482,164180609.000,449,104.180,200,104.160,200,104.150,300,104.140,1000,104.120,600,104.190,289,104.200,200,104.210,200,104.220,300,104.230,2020-04-29,10:05:57,00,";
var hq_str_sh603259="药明康德,105.100,105.180,104.100,105.500,104.010,104.060,104.100,1666095,174550072.000,3636,104.060,12500,104.050,100,104.040,3400,104.030,4770,104.020,719,104.100,100,104.110,4300,104.170,100,104.180,389,104.200,2020-04-29,10:06:57,00,";
var hq_str_sh603259="药明康德,105.100,105.180,104.220,105.500,104.010,104.180,104.220,1714076,179545712.000,100,104.180,9067,104.170,200,104.150,600,104.130,100,104.120,89,104.220,300,104.290,5000,104.300,200,104.340,200,104.350,2020-04-29,10:08:00,00,";
var hq_str_sh603259="药明康德,105.100,105.180,104.300,105.500,104.010,104.290,104.300,1745065,182777151.000,100,104.290,700,104.260,100,104.250,400,104.230,8611,104.220,1500,104.300,100,104.340,5200,104.350,100,104.360,8300,104.400,2020-04-29,10:09:00,00,";
var hq_str_sh603259="药明康德,105.100,105.180,104.500,105.500,104.010,104.430,104.680,1817448,190342097.000,800,104.430,8400,104.400,1300,104.370,800,104.360,2944,104.350,100,104.680,5444,104.720,200,104.750,200,104.770,100,104.780,2020-04-29,10:09:57,00,";
var hq_str_sh603259="药明康德,105.100,105.180,104.540,105.500,104.010,104.540,104.600,1833672,192038633.000,1200,104.540,1400,104.530,3400,104.520,1000,104.510,12576,104.500,3900,104.600,100,104.620,800,104.630,500,104.640,500,104.660,2020-04-29,10:11:00,00,";
var hq_str_sh603259="药明康德,105.100,105.180,104.600,105.500,104.010,104.600,104.620,1850344,193782618.000,600,104.600,1100,104.570,1847,104.560,2881,104.550,2100,104.540,100,104.620,397,104.640,500,104.660,1700,104.670,500,104.680,2020-04-29,10:12:00,00,";
var hq_str_sh603259="药明康德,105.100,105.180,104.500,105.500,104.010,104.410,104.500,1895748,198529860.000,300,104.410,7800,104.400,400,104.370,300,104.360,1844,104.350,1996,104.500,1100,104.520,100,104.590,100,104.600,400,104.640,2020-04-29,10:12:57,00,";
var hq_str_sh603259="药明康德,105.100,105.180,104.530,105.500,104.010,104.530,104.600,1909527,199970385.000,100,104.530,1721,104.520,900,104.500,1000,104.410,8000,104.400,391,104.600,500,104.630,2548,104.640,600,104.660,2000,104.670,2020-04-29,10:14:00,00,";
var hq_str_sh603259="药明康德,105.100,105.180,104.620,105.500,104.010,104.600,104.620,1917518,200806476.000,409,104.600,400,104.550,900,104.530,1721,104.520,900,104.500,376,104.620,8,104.630,2000,104.670,700,104.680,10100,104.700,2020-04-29,10:14:57,00,";
var hq_str_sh603259="药明康德,105.100,105.180,104.300,105.500,104.010,104.300,104.540,1950013,204199990.000,400,104.300,497,104.290,800,104.280,300,104.250,300,104.230,900,104.540,300,104.590,420,104.600,1200,104.620,784,104.670,2020-04-29,10:16:00,00,";
var hq_str_sh603259="药明康德,105.100,105.180,104.450,105.500,104.010,104.450,104.550,1966113,205883360.000,1300,104.450,1300,104.400,800,104.320,1400,104.310,1600,104.300,600,104.550,1320,104.600,1200,104.620,200,104.640,784,104.670,2020-04-29,10:17:00,00,";
var hq_str_sh603259="药明康德,105.100,105.180,104.410,105.500,104.010,104.400,104.410,1971195,206414234.000,1318,104.400,1800,104.350,500,104.330,6200,104.320,700,104.310,374,104.410,300,104.470,511,104.480,674,104.500,200,104.530,2020-04-29,10:17:57,00,";
var hq_str_sh603259="药明康德,105.100,105.180,104.400,105.500,104.010,104.370,104.400,1977313,207052933.000,300,104.370,200,104.360,5600,104.350,300,104.330,6200,104.320,1400,104.400,456,104.410,200,104.420,200,104.450,500,104.470,2020-04-29,10:19:00,00,";
var hq_str_sh603259="药明康德,105.100,105.180,104.460,105.500,104.010,104.460,104.500,1996097,209014371.000,1500,104.460,200,104.450,200,104.420,300,104.410,800,104.400,885,104.500,200,104.520,900,104.550,1000,104.590,1920,104.600,2020-04-29,10:20:00,00,";
var hq_str_sh603259="药明康德,105.100,105.180,104.460,105.500,104.010,104.460,104.500,2006489,210099766.000,108,104.460,700,104.420,100,104.410,800,104.400,1600,104.380,300,104.500,200,104.510,700,104.550,1000,104.580,600,104.590,2020-04-29,10:20:57,00,";
var hq_str_sh603259="药明康德,105.100,105.180,104.550,105.500,104.010,104.540,104.580,2021913,211711524.000,100,104.540,1600,104.480,100,104.470,4321,104.460,300,104.450,300,104.580,1920,104.600,1300,104.620,784,104.670,300,104.680,2020-04-29,10:22:00,00,";
var hq_str_sh603259="药明康德,105.100,105.180,104.620,105.500,104.010,104.570,104.620,2032124,212779287.000,389,104.570,5200,104.560,4700,104.550,200,104.510,2200,104.480,600,104.620,784,104.670,300,104.680,600,104.690,10000,104.700,2020-04-29,10:23:00,00,";
var hq_str_sh603259="药明康德,105.100,105.180,104.070,105.500,104.010,104.110,104.420,2143832,224436742.000,100,104.110,200,104.070,615,104.060,13400,104.050,2100,104.040,4970,104.420,200,104.440,300,104.500,300,104.550,200,104.580,2020-04-29,10:23:57,00,";
var hq_str_sh603259="药明康德,105.100,105.180,104.340,105.500,104.010,104.210,104.340,2153432,225438418.000,500,104.210,5100,104.200,2400,104.180,1700,104.170,2700,104.160,100,104.340,3526,104.360,300,104.370,3800,104.380,287,104.410,2020-04-29,10:24:57,00,";
var hq_str_sh603259="药明康德,105.100,105.180,104.210,105.500,104.010,104.200,104.210,2173421,227522279.000,411,104.200,1900,104.180,200,104.170,1100,104.160,700,104.150,400,104.210,861,104.250,500,104.330,400,104.340,4600,104.350,2020-04-29,10:25:57,00,";
var hq_str_sh603259="药明康德,105.100,105.180,104.130,105.500,104.010,104.120,104.130,2212545,231596528.000,3587,104.120,800,104.110,1500,104.100,300,104.080,1300,104.070,1600,104.130,100,104.140,1182,104.160,300,104.170,900,104.200,2020-04-29,10:27:00,00,";
var hq_str_sh603259="药明康德,105.100,105.180,104.160,105.500,104.010,104.160,104.170,2231796,233601336.000,2018,104.160,200,104.140,800,104.130,1118,104.120,1500,104.110,400,104.170,400,104.210,461,104.250,200,104.260,600,104.330,2020-04-29,10:27:57,00,";
var hq_str_sh603259="药明康德,105.100,105.180,104.250,105.500,104.010,104.210,104.250,2244732,234949140.000,100,104.210,800,104.200,600,104.180,3300,104.170,2582,104.160,161,104.250,200,104.260,600,104.330,3800,104.350,100,104.400,2020-04-29,10:28:57,00,";
var hq_str_sh603259="药明康德,105.100,105.180,104.080,105.500,104.010,104.080,104.110,2275267,238129867.000,65,104.080,100,104.070,1515,104.060,13600,104.050,2100,104.040,300,104.110,300,104.130,682,104.140,100,104.150,1018,104.160,2020-04-29,10:30:00,00,";
var hq_str_sh603259="药明康德,105.100,105.180,103.730,105.500,103.710,103.710,103.720,2404247,251541907.000,2100,103.710,3500,103.700,100,103.690,25200,103.680,300,103.660,400,103.720,2900,103.730,200,103.740,500,103.770,3900,103.780,2020-04-29,10:30:57,00,";
var hq_str_sh603259="药明康德,105.100,105.180,103.880,105.500,103.680,103.840,103.880,2455247,256831926.000,800,103.840,3000,103.830,100,103.820,100,103.810,900,103.800,400,103.880,14600,104.000,200,104.010,400,104.030,500,104.070,2020-04-29,10:32:00,00,";
var hq_str_sh603259="药明康德,105.100,105.180,103.980,105.500,103.680,103.880,103.980,2477347,259127146.000,1700,103.880,1000,103.870,100,103.860,100,103.850,1200,103.840,200,103.980,900,103.990,11200,104.000,200,104.010,500,104.070,2020-04-29,10:32:57,00,";
var hq_str_sh603259="药明康德,105.100,105.180,103.910,105.500,103.680,103.900,103.910,2494947,260956868.000,2100,103.900,1300,103.890,900,103.880,1300,103.870,100,103.860,1200,103.910,400,103.950,900,103.970,1300,103.980,4600,104.000,2020-04-29,10:33:57,00,";
var hq_str_sh603259="药明康德,105.100,105.180,103.960,105.500,103.680,103.920,103.960,2508047,262318176.000,200,103.920,1000,103.910,3200,103.900,1000,103.890,900,103.880,500,103.960,900,103.980,200,103.990,4200,104.000,200,104.010,2020-04-29,10:34:57,00,";
var hq_str_sh603259="药明康德,105.100,105.180,103.950,105.500,103.680,103.930,103.950,2523147,263887694.000,500,103.930,600,103.920,2100,103.910,1700,103.900,1000,103.890,200,103.950,3900,104.000,200,104.010,500,104.070,100,104.130,2020-04-29,10:35:57,00,";
var hq_str_sh603259="药明康德,105.100,105.180,104.010,105.500,103.680,104.010,104.060,2542847,265936364.000,200,104.010,300,104.000,700,103.990,800,103.980,200,103.960,500,104.060,680,104.070,100,104.130,200,104.150,600,104.160,2020-04-29,10:36:57,00,";
var hq_str_sh603259="药明康德,105.100,105.180,103.980,105.500,103.680,103.970,103.980,2554447,267142593.000,400,103.970,1700,103.960,2100,103.950,700,103.930,600,103.920,1400,103.980,200,103.990,1520,104.000,200,104.010,200,104.050,2020-04-29,10:37:57,00,";
var hq_str_sh603259="药明康德,105.100,105.180,103.850,105.500,103.680,103.850,103.860,2574747,269252022.000,500,103.850,300,103.840,1000,103.830,200,103.820,1000,103.810,300,103.860,1400,103.870,1000,103.880,2700,103.890,100,103.900,2020-04-29,10:38:57,00,";
var hq_str_sh603259="药明康德,105.100,105.180,103.800,105.500,103.680,103.800,103.810,2603547,272241397.000,1700,103.800,100,103.780,200,103.770,100,103.750,2200,103.740,3200,103.810,1400,103.820,5100,103.840,400,103.850,5100,103.870,2020-04-29,10:39:57,00,";
var hq_str_sh603259="药明康德,105.100,105.180,103.730,105.500,103.680,103.720,103.730,2658847,277978739.000,100,103.720,2100,103.710,1700,103.700,500,103.690,27500,103.680,2000,103.730,3000,103.750,5300,103.780,13700,103.800,500,103.810,2020-04-29,10:41:00,00,";
var hq_str_sh603259="药明康德,105.100,105.180,103.550,105.500,103.550,103.560,103.580,2715747,283876563.000,100,103.560,700,103.550,1300,103.540,100,103.530,200,103.520,300,103.580,100,103.590,2100,103.600,1300,103.620,6000,103.630,2020-04-29,10:42:00,00,";
var hq_str_sh603259="药明康德,105.100,105.180,103.200,105.500,103.120,103.200,103.260,2835271,296228628.000,876,103.200,300,103.140,1300,103.120,700,103.110,5800,103.100,5300,103.260,4600,103.350,4800,103.400,8400,103.520,300,103.570,2020-04-29,10:43:00,00,";
var hq_str_sh603259="药明康德,105.100,105.180,103.180,105.500,103.110,103.160,103.180,2880547,300899489.000,1500,103.160,2500,103.150,3900,103.140,1800,103.130,4600,103.120,1800,103.180,200,103.190,2024,103.200,100,103.210,5300,103.260,2020-04-29,10:43:57,00,";
var hq_str_sh603259="药明康德,105.100,105.180,103.350,105.500,103.110,103.410,103.440,2907671,303701658.000,500,103.410,200,103.400,800,103.370,100,103.360,800,103.350,1300,103.440,400,103.490,6000,103.500,5000,103.520,100,103.570,2020-04-29,10:44:57,00,";
var hq_str_sh603259="药明康德,105.100,105.180,103.360,105.500,103.110,103.350,103.360,2924471,305438761.000,1800,103.350,500,103.330,100,103.310,7600,103.300,300,103.290,1500,103.360,3800,103.400,3200,103.440,100,103.480,400,103.490,2020-04-29,10:45:57,00,";
var hq_str_sh603259="药明康德,105.100,105.180,103.330,105.500,103.110,103.370,103.400,2947871,307857596.000,100,103.370,300,103.350,2300,103.310,8200,103.300,500,103.290,100,103.400,2100,103.440,1100,103.480,400,103.490,6000,103.500,2020-04-29,10:46:57,00,";
var hq_str_sh603259="药明康德,105.100,105.180,103.430,105.500,103.110,103.430,103.440,2980251,311204865.000,700,103.430,800,103.410,4600,103.400,200,103.390,500,103.360,900,103.440,300,103.480,400,103.490,6000,103.500,5000,103.520,2020-04-29,10:47:57,00,";
var hq_str_sh603259="药明康德,105.100,105.180,103.490,105.500,103.110,103.440,103.490,3012951,314588109.000,1700,103.440,1500,103.430,1000,103.410,4400,103.400,1600,103.350,100,103.490,4500,103.500,5000,103.520,100,103.550,100,103.560,2020-04-29,10:48:57,00,";
var hq_str_sh603259="药明康德,105.100,105.180,103.500,105.500,103.110,103.500,103.550,3047851,318199907.000,1600,103.500,4700,103.450,900,103.440,500,103.430,400,103.410,300,103.550,1100,103.560,5100,103.570,500,103.590,13500,103.600,2020-04-29,10:49:57,00,";
var hq_str_sh603259="药明康德,105.100,105.180,103.490,105.500,103.110,103.490,103.580,3088751,322434039.000,700,103.490,200,103.480,100,103.470,700,103.460,500,103.450,100,103.580,2500,103.590,5500,103.600,500,103.620,5000,103.630,2020-04-29,10:51:00,00,";
var hq_str_sh603259="药明康德,105.100,105.180,103.450,105.500,103.110,103.430,103.450,3097851,323375912.000,100,103.430,100,103.410,2100,103.400,100,103.360,700,103.350,9400,103.450,300,103.500,300,103.560,740,103.570,5600,103.580,2020-04-29,10:51:57,00,";
var hq_str_sh603259="药明康德,105.100,105.180,103.350,105.500,103.110,103.340,103.350,3106951,324316710.000,100,103.340,1000,103.330,100,103.320,1000,103.310,4820,103.300,7800,103.350,500,103.380,400,103.400,700,103.420,440,103.430,2020-04-29,10:52:57,00,";
var hq_str_sh603259="药明康德,105.100,105.180,103.300,105.500,103.110,103.300,103.320,3120751,325742606.000,1820,103.300,300,103.290,700,103.280,200,103.270,300,103.260,300,103.320,1100,103.330,4100,103.340,7200,103.350,100,103.430,2020-04-29,10:53:57,00,";
var hq_str_sh603259="药明康德,105.100,105.180,103.300,105.500,103.110,103.240,103.290,3142271,327965120.000,1000,103.240,1400,103.230,500,103.220,1400,103.210,3900,103.200,200,103.290,400,103.300,300,103.330,620,103.340,6600,103.350,2020-04-29,10:54:57,00,";
var hq_str_sh603259="药明康德,105.100,105.180,103.350,105.500,103.110,103.340,103.350,3162391,330043577.000,400,103.340,1380,103.330,300,103.320,3400,103.310,12900,103.300,1300,103.350,5100,103.400,100,103.430,2200,103.450,5000,103.520,2020-04-29,10:55:57,00,";
var hq_str_sh603259="药明康德,105.100,105.180,103.450,105.500,103.110,103.450,103.520,3181291,331998065.000,2200,103.450,9600,103.440,2500,103.430,3200,103.420,200,103.410,5000,103.520,200,103.570,5400,103.580,2600,103.590,3900,103.600,2020-04-29,10:57:00,00,";
var hq_str_sh603259="药明康德,105.100,105.180,103.580,105.500,103.110,103.570,103.580,3203791,334327396.000,100,103.570,100,103.530,200,103.520,100,103.500,700,103.480,4000,103.580,2600,103.590,3900,103.600,500,103.620,5000,103.630,2020-04-29,10:57:57,00,";
var hq_str_sh603259="药明康德,105.100,105.180,103.570,105.500,103.110,103.530,103.540,3219191,335922142.000,600,103.530,800,103.480,1300,103.470,4100,103.460,700,103.450,400,103.540,600,103.570,2100,103.580,2600,103.590,3900,103.600,2020-04-29,10:58:58,00,";
var hq_str_sh603259="药明康德,105.100,105.180,103.530,105.500,103.110,103.500,103.530,3238391,337909936.000,2100,103.500,500,103.490,500,103.480,1300,103.470,300,103.460,200,103.530,1900,103.540,500,103.550,600,103.570,2800,103.580,2020-04-29,11:00:01,00,";
var hq_str_sh603259="药明康德,105.100,105.180,103.440,105.500,103.110,103.440,103.450,3251291,339244770.000,4400,103.440,400,103.430,3000,103.420,200,103.410,1100,103.400,3000,103.450,4900,103.460,2400,103.470,100,103.480,100,103.490,2020-04-29,11:00:58,00,";
var hq_str_sh603259="药明康德,105.100,105.180,103.400,105.500,103.110,103.370,103.420,3271091,341292352.000,200,103.370,13400,103.360,1000,103.350,200,103.340,580,103.330,200,103.420,1000,103.430,200,103.440,1000,103.450,1800,103.460,2020-04-29,11:02:01,00,";
var hq_str_sh603259="药明康德,105.100,105.180,103.400,105.500,103.110,103.390,103.400,3280891,342305480.000,600,103.390,200,103.380,1000,103.370,11900,103.360,700,103.350,700,103.400,800,103.420,1000,103.430,200,103.440,1000,103.450,2020-04-29,11:03:00,00,";
var hq_str_sh603259="药明康德,105.100,105.180,103.440,105.500,103.110,103.430,103.440,3294691,343732729.000,1100,103.430,4400,103.420,1300,103.410,300,103.400,600,103.390,200,103.440,1000,103.450,100,103.470,100,103.480,100,103.490,2020-04-29,11:03:58,00,";
var hq_str_sh603259="药明康德,105.100,105.180,103.560,105.500,103.110,103.550,103.560,3308191,345129829.000,5000,103.550,600,103.500,500,103.480,300,103.450,4300,103.440,2100,103.560,600,103.570,1000,103.580,2500,103.590,3900,103.600,2020-04-29,11:05:01,00,";
var hq_str_sh603259="药明康德,105.100,105.180,103.630,105.500,103.110,103.630,103.650,3333691,347771595.000,2200,103.630,300,103.620,500,103.570,100,103.560,500,103.550,600,103.650,5800,103.660,2100,103.700,100,103.710,300,103.730,2020-04-29,11:05:58,00,";
var hq_str_sh603259="药明康德,105.100,105.180,103.700,105.500,103.110,103.690,103.700,3349591,349419722.000,3300,103.690,800,103.660,100,103.650,1100,103.640,1200,103.630,2600,103.700,100,103.710,300,103.730,5900,103.750,600,103.800,2020-04-29,11:06:58,00,";
var hq_str_sh603259="药明康德,105.100,105.180,103.620,105.500,103.110,103.560,103.630,3360391,350539441.000,100,103.560,300,103.550,100,103.510,600,103.500,100,103.480,600,103.630,100,103.650,600,103.680,400,103.690,1300,103.700,2020-04-29,11:07:58,00,";
var hq_str_sh603259="药明康德,105.100,105.180,103.450,105.500,103.110,103.460,103.490,3367591,351284610.000,100,103.460,800,103.450,4300,103.440,1000,103.430,4100,103.420,300,103.490,300,103.500,100,103.520,500,103.550,400,103.690,2020-04-29,11:08:58,00,";
var hq_str_sh603259="药明康德,105.100,105.180,103.450,105.500,103.110,103.450,103.460,3381691,352743420.000,2000,103.450,4200,103.440,4000,103.430,4100,103.420,600,103.400,200,103.460,400,103.480,4900,103.490,1300,103.500,300,103.650,2020-04-29,11:09:58,00,";
var hq_str_sh603259="药明康德,105.100,105.180,103.390,105.500,103.110,103.390,103.420,3400691,354708720.000,300,103.390,700,103.380,1100,103.370,11800,103.360,700,103.350,100,103.420,600,103.430,1100,103.440,500,103.470,800,103.480,2020-04-29,11:10:58,00,";
var hq_str_sh603259="药明康德,105.100,105.180,103.200,105.500,103.110,103.200,103.210,3447591,359554128.000,5080,103.200,4200,103.190,10700,103.180,1700,103.160,4500,103.150,9700,103.210,1320,103.250,3200,103.300,400,103.350,2000,103.360,2020-04-29,11:11:58,00,";
var hq_str_sh603259="药明康德,105.100,105.180,103.130,105.500,103.110,103.130,103.150,3494571,364401370.000,300,103.130,4400,103.120,2200,103.110,7800,103.100,200,103.090,700,103.150,1520,103.160,100,103.180,1420,103.190,1000,103.200,2020-04-29,11:12:58,00,";
var hq_str_sh603259="药明康德,105.100,105.180,103.060,105.500,103.060,103.060,103.080,3522171,367246954.000,1600,103.060,1700,103.050,1700,103.030,5000,103.020,10700,103.010,400,103.080,10400,103.090,8900,103.110,600,103.120,4800,103.130,2020-04-29,11:14:01,00,";
var hq_str_sh603259="药明康德,105.100,105.180,102.980,105.500,102.980,102.980,103.040,3604571,375735094.000,200,102.980,600,102.970,100,102.950,100,102.940,1700,102.910,400,103.040,500,103.050,1000,103.060,300,103.080,10400,103.090,2020-04-29,11:15:01,00,";
var hq_str_sh603259="药明康德,105.100,105.180,102.900,105.500,102.880,102.900,102.920,3628271,378174199.000,300,102.900,2200,102.890,13200,102.880,200,102.870,100,102.860,2000,102.920,1100,102.960,700,102.980,5900,103.000,400,103.040,2020-04-29,11:15:58,00,";
var hq_str_sh603259="药明康德,105.100,105.180,102.990,105.500,102.880,103.000,103.040,3650171,380429425.000,100,103.000,1400,102.990,800,102.980,500,102.950,500,102.930,400,103.040,500,103.050,1000,103.060,700,103.080,10400,103.090,2020-04-29,11:17:01,00,";
var hq_str_sh603259="药明康德,105.100,105.180,103.000,105.500,102.880,102.990,103.000,3664571,381912768.000,200,102.990,600,102.980,500,102.950,300,102.930,800,102.920,4469,103.000,100,103.010,2300,103.030,400,103.040,1000,103.050,2020-04-29,11:17:58,00,";
var hq_str_sh603259="药明康德,105.100,105.180,102.870,105.500,102.760,102.800,102.880,3714660,387065350.000,400,102.800,1211,102.760,800,102.750,100,102.730,600,102.710,300,102.880,500,102.890,2300,102.900,4569,103.000,100,103.010,2020-04-29,11:19:01,00,";
var hq_str_sh603259="药明康德,105.100,105.180,102.650,105.500,102.650,102.640,102.650,3740171,389686269.000,300,102.640,100,102.630,300,102.620,1100,102.610,3500,102.600,1300,102.650,2600,102.660,3700,102.700,800,102.730,600,102.740,2020-04-29,11:20:01,00,";
var hq_str_sh603259="药明康德,105.100,105.180,102.520,105.500,102.510,102.520,102.530,3778971,393666282.000,1300,102.520,7400,102.510,46000,102.500,100,102.490,1800,102.480,2700,102.530,700,102.540,1800,102.550,1100,102.560,4100,102.580,2020-04-29,11:20:58,00,";
var hq_str_sh603259="药明康德,105.100,105.180,102.350,105.500,102.050,102.210,102.310,3900871,406152195.000,1000,102.210,1200,102.180,500,102.050,200,102.040,500,102.030,200,102.310,100,102.350,900,102.360,700,102.370,100,102.390,2020-04-29,11:21:58,00,";
var hq_str_sh603259="药明康德,105.100,105.180,102.050,105.500,102.040,102.040,102.050,4021291,418449815.000,2180,102.040,2000,102.030,5700,102.020,6200,102.010,40500,102.000,300,102.050,3600,102.090,700,102.100,300,102.110,100,102.290,2020-04-29,11:22:58,00,";
var hq_str_sh603259="药明康德,105.100,105.180,102.390,105.500,102.010,102.340,102.390,4075891,424029572.000,2100,102.340,10500,102.310,1400,102.300,100,102.290,300,102.270,400,102.390,2000,102.400,300,102.440,100,102.490,4300,102.500,2020-04-29,11:24:01,00,";
var hq_str_sh603259="药明康德,105.100,105.180,102.440,105.500,102.010,102.440,102.480,4104191,426926702.000,9500,102.440,400,102.420,1200,102.410,1700,102.400,500,102.350,500,102.480,1000,102.490,4000,102.500,2400,102.510,700,102.530,2020-04-29,11:24:58,00,";
var hq_str_sh603259="药明康德,105.100,105.180,102.530,105.500,102.010,102.500,102.550,4134891,430073213.000,5500,102.500,700,102.490,1100,102.480,300,102.470,1800,102.450,300,102.550,600,102.560,1500,102.570,4200,102.580,5200,102.600,2020-04-29,11:25:58,00,";
var hq_str_sh603259="药明康德,105.100,105.180,102.350,105.500,102.010,102.350,102.440,4167891,433454293.000,900,102.350,700,102.330,600,102.320,6400,102.310,46700,102.300,300,102.440,900,102.450,3000,102.470,200,102.480,1200,102.490,2020-04-29,11:26:58,00,";
var hq_str_sh603259="药明康德,105.100,105.180,102.500,105.500,102.010,102.470,102.480,4205691,437324675.000,200,102.470,100,102.460,2100,102.450,100,102.430,43700,102.400,3000,102.480,100,102.500,200,102.510,400,102.530,1000,102.540,2020-04-29,11:27:58,00,";
var hq_str_sh603259="药明康德,105.100,105.180,102.520,105.500,102.010,102.520,102.530,4215991,438380326.000,600,102.520,800,102.510,700,102.490,600,102.480,400,102.470,700,102.530,1900,102.550,1900,102.570,6300,102.580,5200,102.600,2020-04-29,11:28:58,00,";
var hq_str_sh603259="药明康德,105.100,105.180,102.500,105.500,102.010,102.490,102.500,4224891,439292565.000,2600,102.490,400,102.480,100,102.470,1300,102.460,900,102.450,1200,102.500,700,102.510,1400,102.520,200,102.530,1900,102.550,2020-04-29,11:29:58,00,";
var hq_str_sh603259="药明康德,105.100,105.180,102.500,105.500,102.010,102.500,102.510,4226091,439415565.000,1500,102.500,2700,102.490,400,102.480,100,102.470,1300,102.460,200,102.510,1400,102.520,200,102.530,1900,102.550,1400,102.570,2020-04-29,11:30:00,00,";
var hq_str_sh603259="药明康德,105.100,105.180,102.600,105.500,102.010,102.590,102.600,4289836,445953407.000,2400,102.590,200,102.580,200,102.560,23100,102.550,2755,102.510,600,102.600,2300,102.620,200,102.630,2000,102.650,100,102.700,2020-04-29,13:00:58,00,";
var hq_str_sh603259="药明康德,105.100,105.180,102.570,105.500,102.010,102.520,102.570,4326091,449671218.000,200,102.520,600,102.510,24400,102.500,2500,102.490,1100,102.480,200,102.570,800,102.580,245,102.590,2800,102.600,200,102.630,2020-04-29,13:01:57,00,";
var hq_str_sh603259="药明康德,105.100,105.180,102.580,105.500,102.010,102.580,102.600,4333991,450481596.000,1000,102.580,500,102.570,1200,102.560,100,102.550,1600,102.530,2345,102.600,2900,102.610,200,102.630,100,102.650,100,102.780,2020-04-29,13:02:58,00,";
var hq_str_sh603259="药明康德,105.100,105.180,102.510,105.500,102.010,102.510,102.520,4355391,452676216.000,1100,102.510,24100,102.500,2600,102.490,1100,102.480,300,102.470,1044,102.520,1600,102.540,1600,102.550,900,102.560,1300,102.580,2020-04-29,13:03:58,00,";
var hq_str_sh603259="药明康德,105.100,105.180,102.490,105.500,102.010,102.490,102.500,4395791,456817174.000,300,102.490,900,102.480,300,102.470,1400,102.460,1000,102.450,1500,102.500,3600,102.510,1344,102.520,100,102.550,600,102.560,2020-04-29,13:04:58,00,";
var hq_str_sh603259="药明康德,105.100,105.180,102.500,105.500,102.010,102.490,102.500,4421991,459502624.000,100,102.490,1900,102.480,600,102.470,1400,102.460,1000,102.450,4500,102.500,600,102.510,3244,102.520,100,102.550,600,102.560,2020-04-29,13:05:58,00,";
var hq_str_sh603259="药明康德,105.100,105.180,102.470,105.500,102.010,102.460,102.470,4435191,460855525.000,1600,102.460,1200,102.450,100,102.440,400,102.430,100,102.410,3900,102.470,1100,102.480,1800,102.490,6000,102.500,600,102.510,2020-04-29,13:06:58,00,";
var hq_str_sh603259="药明康德,105.100,105.180,102.410,105.500,102.010,102.400,102.410,4457691,463160587.000,45900,102.400,100,102.330,5900,102.310,48900,102.300,900,102.280,600,102.410,2200,102.430,500,102.460,1200,102.470,1100,102.480,2020-04-29,13:07:58,00,";
var hq_str_sh603259="药明康德,105.100,105.180,102.430,105.500,102.010,102.420,102.430,4469391,464358888.000,1500,102.420,3000,102.410,48000,102.400,100,102.330,5700,102.310,3100,102.430,2700,102.450,800,102.470,500,102.480,9800,102.500,2020-04-29,13:08:58,00,";
var hq_str_sh603259="药明康德,105.100,105.180,102.430,105.500,102.010,102.430,102.440,4478491,465290991.000,1700,102.430,2400,102.420,5200,102.410,47800,102.400,200,102.380,3000,102.440,2800,102.450,400,102.470,500,102.480,9800,102.500,2020-04-29,13:09:58,00,";
var hq_str_sh603259="药明康德,105.100,105.180,102.430,105.500,102.010,102.430,102.450,4494491,466929951.000,1400,102.430,5600,102.420,5100,102.410,48100,102.400,200,102.380,2400,102.450,700,102.470,600,102.480,10200,102.500,600,102.510,2020-04-29,13:10:58,00,";
var hq_str_sh603259="药明康德,105.100,105.180,102.450,105.500,102.010,102.440,102.460,4503591,467862280.000,800,102.440,2900,102.430,4000,102.420,6300,102.410,48500,102.400,1600,102.460,1400,102.470,700,102.480,9900,102.500,600,102.510,2020-04-29,13:11:57,00,";
var hq_str_sh603259="药明康德,105.100,105.180,102.480,105.500,102.010,102.460,102.480,4520591,469604063.000,3800,102.460,100,102.440,1200,102.430,900,102.420,8400,102.410,3100,102.480,12100,102.500,600,102.510,1044,102.520,200,102.560,2020-04-29,13:12:58,00,";
var hq_str_sh603259="药明康德,105.100,105.180,102.490,105.500,102.010,102.490,102.500,4532591,470833913.000,1400,102.490,1000,102.480,3400,102.470,2200,102.460,3100,102.450,8200,102.500,900,102.510,3444,102.520,200,102.560,800,102.580,2020-04-29,13:13:58,00,";
var hq_str_sh603259="药明康德,105.100,105.180,102.490,105.500,102.010,102.490,102.500,4555791,473211913.000,3000,102.490,2500,102.480,2500,102.470,4000,102.460,2600,102.450,7500,102.500,2200,102.510,2944,102.520,500,102.560,800,102.580,2020-04-29,13:14:58,00,";
var hq_str_sh603259="药明康德,105.100,105.180,102.520,105.500,102.010,102.520,102.540,4576396,475324110.000,1000,102.520,3700,102.510,5095,102.500,1200,102.490,2700,102.480,944,102.540,200,102.560,800,102.580,6400,102.600,200,102.630,2020-04-29,13:15:58,00,";
var hq_str_sh603259="药明康德,105.100,105.180,102.630,105.500,102.010,102.600,102.630,4591640,476887922.000,700,102.600,5000,102.590,1400,102.580,4200,102.570,1200,102.560,700,102.630,2000,102.670,100,102.770,100,102.780,1000,102.790,2020-04-29,13:16:58,00,";
var hq_str_sh603259="药明康德,105.100,105.180,102.730,105.500,102.010,102.710,102.730,4604040,478161398.000,3600,102.710,1300,102.700,7200,102.690,300,102.680,2100,102.670,400,102.730,100,102.750,1300,102.760,100,102.770,100,102.780,2020-04-29,13:17:58,00,";
var hq_str_sh603259="药明康德,105.100,105.180,102.810,105.500,102.010,102.790,102.940,4627440,480567172.000,400,102.790,4100,102.780,700,102.770,600,102.760,1200,102.750,100,102.940,1900,102.950,1000,102.960,500,102.970,100,102.980,2020-04-29,13:18:58,00,";
var hq_str_sh603259="药明康德,105.100,105.180,103.080,105.500,102.010,103.000,103.060,4673821,485341991.000,12600,103.000,3900,102.990,100,102.960,1900,102.940,300,102.880,300,103.060,600,103.090,600,103.100,600,103.120,600,103.150,2020-04-29,13:19:58,00,";
var hq_str_sh603259="药明康德,105.100,105.180,102.960,105.500,102.010,102.840,102.960,4713321,489411597.000,100,102.840,2900,102.830,1019,102.810,2100,102.800,300,102.790,300,102.960,6500,103.000,300,103.010,2700,103.030,2840,103.050,2020-04-29,13:20:58,00,";
var hq_str_sh603259="药明康德,105.100,105.180,102.800,105.500,102.010,102.800,102.810,4731540,491284614.000,100,102.800,200,102.790,2100,102.780,600,102.770,400,102.760,781,102.810,2400,102.830,100,102.860,600,102.950,1100,102.960,2020-04-29,13:21:58,00,";
var hq_str_sh603259="药明康德,105.100,105.180,102.800,105.500,102.010,102.810,102.820,4748340,493011938.000,100,102.810,500,102.800,100,102.790,1900,102.780,500,102.770,2200,102.820,500,102.850,1540,102.920,800,102.950,1081,102.960,2020-04-29,13:22:58,00,";
var hq_str_sh603259="药明康德,105.100,105.180,102.990,105.500,102.010,102.990,103.000,4767940,495028703.000,100,102.990,100,102.820,300,102.800,5500,102.790,2200,102.780,21300,103.000,200,103.010,400,103.020,2200,103.030,100,103.050,2020-04-29,13:23:58,00,";
var hq_str_sh603259="药明康德,105.100,105.180,102.840,105.500,102.010,102.820,102.840,4781640,496437809.000,100,102.820,2200,102.810,3100,102.800,5300,102.790,2100,102.780,1100,102.840,2300,102.860,300,102.870,300,102.980,3200,102.990,2020-04-29,13:24:58,00,";
var hq_str_sh603259="药明康德,105.100,105.180,102.820,105.500,102.010,102.810,102.840,4796440,497959494.000,8200,102.810,800,102.800,9500,102.790,1500,102.780,600,102.770,1300,102.840,500,102.980,3100,102.990,22800,103.000,200,103.010,2020-04-29,13:25:58,00,";
var hq_str_sh603259="药明康德,105.100,105.180,102.900,105.500,102.010,102.890,102.910,4803740,498710421.000,200,102.890,1300,102.860,20200,102.850,1200,102.840,600,102.820,1700,102.910,400,102.970,500,102.980,2700,102.990,21700,103.000,2020-04-29,13:26:58,00,";
var hq_str_sh603259="药明康德,105.100,105.180,102.810,105.500,102.010,102.810,102.840,4850040,503472180.000,1500,102.810,1000,102.800,700,102.790,1400,102.780,700,102.770,200,102.840,2100,102.890,200,102.900,2200,102.920,400,102.970,2020-04-29,13:27:58,00,";
var hq_str_sh603259="药明康德,105.100,105.180,102.700,105.500,102.010,102.690,102.700,4869640,505486038.000,4300,102.690,400,102.680,1400,102.670,800,102.660,100,102.650,500,102.700,1200,102.710,500,102.740,3100,102.750,800,102.770,2020-04-29,13:28:58,00,";
var hq_str_sh603259="药明康德,105.100,105.180,102.780,105.500,102.010,102.740,102.780,4890040,507582501.000,100,102.740,600,102.710,2000,102.700,3800,102.690,800,102.680,400,102.780,100,102.790,2200,102.800,2300,102.810,300,102.840,2020-04-29,13:29:58,00,";
var hq_str_sh603259="药明康德,105.100,105.180,102.760,105.500,102.010,102.740,102.760,4917861,510440655.000,7779,102.740,400,102.710,400,102.700,2100,102.690,400,102.680,1600,102.760,200,102.790,200,102.800,600,102.810,800,102.840,2020-04-29,13:30:58,00,";
var hq_str_sh603259="药明康德,105.100,105.180,102.630,105.500,102.010,102.600,102.620,4943140,513036624.000,1100,102.600,400,102.590,1300,102.580,1400,102.570,1100,102.560,100,102.620,1000,102.650,600,102.660,2500,102.670,5200,102.680,2020-04-29,13:31:58,00,";
var hq_str_sh603259="药明康德,105.100,105.180,102.590,105.500,102.010,102.530,102.590,4983240,517149040.000,6600,102.530,1100,102.510,595,102.490,3900,102.460,900,102.450,500,102.590,100,102.600,5900,102.650,400,102.660,2700,102.680,2020-04-29,13:32:58,00,";
var hq_str_sh603259="药明康德,105.100,105.180,102.450,105.500,102.010,102.440,102.450,5009435,519833467.000,300,102.440,5400,102.410,56000,102.400,100,102.380,100,102.370,1700,102.450,2005,102.460,2200,102.480,20100,102.500,17700,102.530,2020-04-29,13:33:58,00,";
var hq_str_sh603259="药明康德,105.100,105.180,102.430,105.500,102.010,102.440,102.450,5109035,530033480.000,1500,102.440,1000,102.400,400,102.350,100,102.330,8700,102.310,300,102.450,14225,102.460,2200,102.480,400,102.490,15600,102.500,2020-04-29,13:34:58,00,";
var hq_str_sh603259="药明康德,105.100,105.180,102.310,105.500,102.010,102.300,102.310,5202415,539586944.000,200,102.300,9220,102.200,500,102.190,1100,102.180,100,102.160,1300,102.310,4600,102.320,200,102.330,600,102.430,200,102.440,2020-04-29,13:35:58,00,";
var hq_str_sh603259="药明康德,105.100,105.180,102.270,105.500,102.010,102.210,102.230,5248115,544255110.000,2100,102.210,49900,102.200,600,102.170,300,102.160,200,102.130,400,102.230,300,102.270,5000,102.290,6100,102.300,2100,102.310,2020-04-29,13:36:58,00,";
var hq_str_sh603259="药明康德,105.100,105.180,102.310,105.500,102.010,102.300,102.310,5269215,546413311.000,200,102.300,4100,102.290,1200,102.280,800,102.270,2200,102.260,1200,102.310,4600,102.320,600,102.430,1700,102.450,13225,102.460,2020-04-29,13:38:01,00,";
var hq_str_sh603259="药明康德,105.100,105.180,102.350,105.500,102.010,102.340,102.350,5306015,550180817.000,300,102.340,1100,102.330,1200,102.320,1400,102.310,1300,102.300,3100,102.350,725,102.460,15800,102.500,16900,102.530,1200,102.590,2020-04-29,13:38:58,00,";
var hq_str_sh603259="药明康德,105.100,105.180,102.460,105.500,102.010,102.460,102.500,5330340,552671670.000,475,102.460,1600,102.450,100,102.420,2800,102.390,200,102.380,15700,102.500,17300,102.530,1200,102.590,600,102.600,100,102.660,2020-04-29,13:39:58,00,";
var hq_str_sh603259="药明康德,105.100,105.180,102.500,105.500,102.010,102.500,102.530,5366140,556341043.000,3300,102.500,7600,102.480,900,102.470,2800,102.460,1600,102.420,17100,102.530,1200,102.590,900,102.600,100,102.660,500,102.680,2020-04-29,13:40:58,00,";
var hq_str_sh603259="药明康德,105.100,105.180,102.530,105.500,102.010,102.530,102.590,5417940,561650866.000,10000,102.530,800,102.500,2000,102.490,1000,102.480,1900,102.470,1200,102.590,900,102.600,100,102.660,500,102.680,5661,102.690,2020-04-29,13:41:58,00,";
var hq_str_sh603259="药明康德,105.100,105.180,102.660,105.500,102.010,102.640,102.660,5433240,563221187.000,100,102.640,800,102.630,100,102.620,1800,102.610,1700,102.600,100,102.660,900,102.680,5661,102.690,2000,102.740,600,102.840,2020-04-29,13:42:58,00,";
var hq_str_sh603259="药明康德,105.100,105.180,102.740,105.500,102.010,102.710,102.740,5465001,566482614.000,1300,102.710,2939,102.660,300,102.650,200,102.610,1700,102.600,1800,102.740,100,102.750,100,102.840,3200,102.850,1200,102.880,2020-04-29,13:43:58,00,";
var hq_str_sh603259="药明康德,105.100,105.180,102.580,105.500,102.010,102.590,102.600,5479340,567954398.000,500,102.590,100,102.560,1800,102.550,10300,102.530,1800,102.500,800,102.600,4900,102.650,200,102.660,961,102.690,6200,102.710,2020-04-29,13:44:58,00,";
var hq_str_sh603259="药明康德,105.100,105.180,102.600,105.500,102.010,102.600,102.640,5493740,569431660.000,1000,102.600,2700,102.590,1000,102.580,100,102.570,1200,102.550,300,102.640,4500,102.650,1600,102.660,100,102.690,6200,102.710,2020-04-29,13:45:58,00,";
var hq_str_sh603259="药明康德,105.100,105.180,102.640,105.500,102.010,102.640,102.660,5516740,571792411.000,9500,102.640,4200,102.600,100,102.590,500,102.580,1200,102.550,1400,102.660,100,102.690,6200,102.710,900,102.740,100,102.750,2020-04-29,13:46:58,00,";
var hq_str_sh603259="药明康德,105.100,105.180,102.690,105.500,102.010,102.690,102.700,5531640,573322389.000,400,102.690,200,102.660,2100,102.650,7100,102.640,4300,102.600,300,102.700,6300,102.710,900,102.740,100,102.750,240,102.800,2020-04-29,13:47:58,00,";
var hq_str_sh603259="药明康德,105.100,105.180,102.710,105.500,102.010,102.700,102.710,5549640,575171216.000,800,102.700,300,102.660,400,102.650,6400,102.640,4200,102.600,340,102.710,1700,102.730,700,102.740,100,102.750,240,102.800,2020-04-29,13:48:58,00,";
var hq_str_sh603259="药明康德,105.100,105.180,102.820,105.500,102.010,102.820,102.830,5562720,576515312.000,100,102.820,200,102.810,100,102.800,200,102.790,200,102.740,300,102.830,5000,102.840,3200,102.850,1200,102.880,400,102.890,2020-04-29,13:50:01,00,";
var hq_str_sh603259="药明康德,105.100,105.180,102.790,105.500,102.010,102.780,102.790,5613820,581774856.000,400,102.780,200,102.740,700,102.720,100,102.710,400,102.700,4400,102.790,6200,102.800,1700,102.820,100,102.830,200,102.990,2020-04-29,13:51:01,00,";
var hq_str_sh603259="药明康德,105.100,105.180,102.780,105.500,102.010,102.770,102.780,5623720,582792425.000,600,102.770,100,102.760,800,102.750,700,102.740,100,102.720,700,102.780,2200,102.790,6700,102.800,900,102.820,100,102.830,2020-04-29,13:51:58,00,";
var hq_str_sh603259="药明康德,105.100,105.180,102.760,105.500,102.010,102.760,102.770,5632420,583686498.000,700,102.760,1800,102.750,800,102.740,100,102.720,100,102.710,800,102.770,5300,102.780,2200,102.790,6700,102.800,100,102.830,2020-04-29,13:52:58,00,";
var hq_str_sh603259="药明康德,105.100,105.180,102.780,105.500,102.010,102.770,102.780,5643202,584794599.000,700,102.770,2718,102.760,600,102.740,100,102.720,600,102.710,700,102.780,3000,102.790,6700,102.800,100,102.810,100,102.830,2020-04-29,13:53:58,00,";
var hq_str_sh603259="药明康德,105.100,105.180,102.800,105.500,102.010,102.790,102.800,5658602,586377592.000,1900,102.790,700,102.780,3500,102.770,500,102.760,600,102.740,100,102.800,100,102.810,100,102.830,200,102.970,500,102.980,2020-04-29,13:54:58,00,";
var hq_str_sh603259="药明康德,105.100,105.180,102.970,105.500,102.010,102.960,102.970,5672302,587788170.000,100,102.960,700,102.950,200,102.940,100,102.910,800,102.840,1420,102.970,1084,102.980,700,102.990,9300,103.000,200,103.010,2020-04-29,13:55:58,00,";
var hq_str_sh603259="药明康德,105.100,105.180,102.910,105.500,102.010,102.920,102.940,5683902,588982283.000,200,102.920,200,102.810,1200,102.800,100,102.790,500,102.770,200,102.940,700,102.950,9400,102.960,1120,102.970,884,102.980,2020-04-29,13:56:58,00,";
var hq_str_sh603259="药明康德,105.100,105.180,102.790,105.500,102.010,102.790,102.800,5693902,590010965.000,100,102.790,700,102.770,400,102.760,200,102.750,500,102.740,1000,102.800,100,102.870,300,102.880,1200,102.890,4400,102.900,2020-04-29,13:57:58,00,";
var hq_str_sh603259="药明康德,105.100,105.180,102.870,105.500,102.010,102.870,102.880,5702802,590926278.000,500,102.870,500,102.850,1500,102.800,300,102.780,800,102.770,500,102.880,400,102.890,4900,102.900,100,102.910,4800,102.930,2020-04-29,13:58:58,00,";
var hq_str_sh603259="药明康德,105.100,105.180,102.850,105.500,102.010,102.850,102.860,5712302,591903482.000,2400,102.850,100,102.830,100,102.810,400,102.800,300,102.780,900,102.860,29800,102.880,700,102.890,5000,102.900,100,102.910,2020-04-29,13:59:58,00,";
var hq_str_sh603259="药明康德,105.100,105.180,102.820,105.500,102.010,102.810,102.820,5720002,592695254.000,900,102.810,700,102.800,1600,102.790,500,102.780,600,102.770,300,102.820,3800,102.830,300,102.840,100,102.850,400,102.860,2020-04-29,14:00:58,00,";
var hq_str_sh603259="药明康德,105.100,105.180,102.800,105.500,102.010,102.780,102.800,5728802,593600045.000,200,102.780,1100,102.770,400,102.760,500,102.750,500,102.740,300,102.800,2200,102.830,5300,102.840,400,102.850,300,102.860,2020-04-29,14:01:58,00,";
var hq_str_sh603259="药明康德,105.100,105.180,102.870,105.500,102.010,102.860,102.870,5744802,595245591.000,500,102.860,1700,102.840,1900,102.830,500,102.820,200,102.810,4400,102.870,25900,102.880,1200,102.890,4400,102.900,100,102.910,2020-04-29,14:02:58,00,";
var hq_str_sh603259="药明康德,105.100,105.180,102.860,105.500,102.010,102.850,102.860,5752302,596017060.000,100,102.850,1500,102.840,4200,102.830,400,102.820,200,102.810,4200,102.860,4000,102.870,25700,102.880,900,102.890,4400,102.900,2020-04-29,14:03:55,00,";
var hq_str_sh603259="药明康德,105.100,105.180,102.860,105.500,102.010,102.850,102.860,5763102,597127909.000,300,102.850,300,102.840,3800,102.830,400,102.820,200,102.810,5300,102.860,4100,102.870,25600,102.880,500,102.890,4400,102.900,2020-04-29,14:04:58,00,";
var hq_str_sh603259="药明康德,105.100,105.180,102.710,105.500,102.010,102.710,102.840,5782302,599101546.000,1000,102.710,1700,102.700,300,102.690,300,102.660,700,102.650,100,102.840,500,102.850,5400,102.860,3800,102.870,25100,102.880,2020-04-29,14:06:01,00,";
var hq_str_sh603259="药明康德,105.100,105.180,102.590,105.500,102.010,102.570,102.590,5796802,600590015.000,300,102.570,1400,102.550,100,102.540,10000,102.530,300,102.510,100,102.590,100,102.600,3600,102.650,100,102.660,200,102.690,2020-04-29,14:06:58,00,";
var hq_str_sh603259="药明康德,105.100,105.180,102.650,105.500,102.010,102.650,102.700,5816502,602610567.000,900,102.650,100,102.590,2900,102.530,1000,102.510,7400,102.500,200,102.700,100,102.710,400,102.800,3000,102.820,6300,102.830,2020-04-29,14:07:58,00,";
var hq_str_sh603259="药明康德,105.100,105.180,102.650,105.500,102.010,102.650,102.660,5826602,603647474.000,1400,102.650,200,102.600,100,102.590,400,102.540,3100,102.530,600,102.660,100,102.670,2100,102.680,3100,102.700,200,102.750,2020-04-29,14:08:58,00,";
var hq_str_sh603259="药明康德,105.100,105.180,102.540,105.500,102.010,102.530,102.600,5846102,605648518.000,3100,102.530,3500,102.510,11800,102.500,100,102.480,500,102.470,42200,102.600,600,102.610,100,102.640,500,102.650,2200,102.660,2020-04-29,14:10:01,00,";
var hq_str_sh603259="药明康德,105.100,105.180,102.360,105.500,102.010,102.380,102.500,5882102,609337975.000,300,102.380,700,102.360,1600,102.330,100,102.320,3300,102.310,13300,102.500,5900,102.520,1600,102.530,42000,102.600,100,102.650,2020-04-29,14:10:58,00,";
var hq_str_sh603259="药明康德,105.100,105.180,102.600,105.500,102.010,102.380,102.410,5952702,616576090.000,200,102.380,400,102.360,10000,102.350,4000,102.340,600,102.330,100,102.410,11800,102.600,100,102.650,2100,102.660,100,102.670,2020-04-29,14:11:58,00,";
var hq_str_sh603259="药明康德,105.100,105.180,102.410,105.500,102.010,102.410,102.420,5962902,617620608.000,400,102.410,500,102.390,800,102.370,3100,102.360,10600,102.350,1800,102.420,100,102.570,3600,102.580,11300,102.600,400,102.650,2020-04-29,14:12:58,00,";
var hq_str_sh603259="药明康德,105.100,105.180,102.400,105.500,102.010,102.400,102.420,5979002,619269118.000,700,102.400,1600,102.360,9600,102.350,3500,102.340,600,102.330,1400,102.420,300,102.470,100,102.570,3600,102.580,2000,102.590,2020-04-29,14:13:58,00,";
var hq_str_sh603259="药明康德,105.100,105.180,102.420,105.500,102.010,102.420,102.470,6009902,622431623.000,400,102.420,1000,102.360,5000,102.340,9400,102.320,4900,102.310,300,102.470,200,102.520,100,102.570,3600,102.580,2000,102.590,2020-04-29,14:14:58,00,";
var hq_str_sh603259="药明康德,105.100,105.180,102.560,105.500,102.010,102.520,102.560,6014802,622933783.000,700,102.520,1100,102.490,4800,102.470,3800,102.460,500,102.450,200,102.560,600,102.570,4100,102.580,2000,102.590,11000,102.600,2020-04-29,14:15:58,00,";
var hq_str_sh603259="药明康德,105.100,105.180,102.570,105.500,102.010,102.560,102.570,6032002,624697914.000,9100,102.560,800,102.530,500,102.520,200,102.510,1500,102.500,1000,102.570,2000,102.580,2300,102.590,11000,102.600,100,102.630,2020-04-29,14:16:58,00,";
var hq_str_sh603259="药明康德,105.100,105.180,102.510,105.500,102.010,102.500,102.510,6051202,626666938.000,700,102.500,4700,102.470,1300,102.460,600,102.450,100,102.400,1000,102.510,300,102.520,100,102.550,5700,102.560,900,102.580,2020-04-29,14:17:58,00,";
var hq_str_sh603259="药明康德,105.100,105.180,102.550,105.500,102.010,102.560,102.580,6063602,627938516.000,100,102.560,2900,102.550,500,102.530,1800,102.520,1100,102.510,400,102.580,2000,102.590,11000,102.600,2100,102.660,100,102.670,2020-04-29,14:18:58,00,";
var hq_str_sh603259="药明康德,105.100,105.180,102.590,105.500,102.010,102.590,102.600,6076602,629272025.000,600,102.590,500,102.580,200,102.550,700,102.530,1600,102.520,10800,102.600,2100,102.660,100,102.670,100,102.680,100,102.690,2020-04-29,14:19:58,00,";
var hq_str_sh603259="药明康德,105.100,105.180,102.530,105.500,102.010,102.530,102.580,6095102,631169930.000,800,102.530,1600,102.520,1300,102.510,3400,102.500,4700,102.470,2500,102.580,2200,102.590,4100,102.600,100,102.640,3000,102.650,2020-04-29,14:20:58,00,";
var hq_str_sh603259="药明康德,105.100,105.180,102.600,105.500,102.010,102.590,102.600,6106102,632298344.000,600,102.590,19500,102.580,600,102.570,900,102.550,400,102.540,2600,102.600,500,102.640,3000,102.650,2100,102.660,100,102.670,2020-04-29,14:21:58,00,";
var hq_str_sh603259="药明康德,105.100,105.180,102.570,105.500,102.010,102.550,102.570,6139202,635693713.000,400,102.550,500,102.540,1000,102.520,1300,102.510,3300,102.500,200,102.570,2100,102.580,300,102.600,100,102.640,2900,102.650,2020-04-29,14:22:58,00,";
var hq_str_sh603259="药明康德,105.100,105.180,102.650,105.500,102.010,102.610,102.650,6152102,637017080.000,300,102.610,1000,102.600,1600,102.580,1100,102.570,600,102.560,1100,102.650,2300,102.660,100,102.670,700,102.790,200,102.800,2020-04-29,14:23:58,00,";
var hq_str_sh603259="药明康德,105.100,105.180,102.630,105.500,102.010,102.620,102.630,6166602,638505242.000,500,102.620,1800,102.610,800,102.600,1500,102.580,1100,102.570,2100,102.630,300,102.640,900,102.650,2600,102.660,100,102.670,2020-04-29,14:24:58,00,";
var hq_str_sh603259="药明康德,105.100,105.180,102.620,105.500,102.010,102.610,102.620,6183302,640218967.000,700,102.610,1100,102.600,1700,102.580,400,102.570,100,102.560,100,102.620,400,102.630,4700,102.640,900,102.650,2300,102.660,2020-04-29,14:25:58,00,";
var hq_str_sh603259="药明康德,105.100,105.180,102.630,105.500,102.010,102.620,102.630,6194602,641378683.000,2500,102.620,2600,102.610,100,102.600,700,102.590,1500,102.580,2500,102.630,200,102.640,2300,102.650,1100,102.660,100,102.670,2020-04-29,14:26:58,00,";
var hq_str_sh603259="药明康德,105.100,105.180,102.640,105.500,102.010,102.630,102.640,6207402,642692338.000,1400,102.630,1200,102.620,3400,102.610,400,102.600,700,102.590,200,102.640,2100,102.650,1100,102.660,100,102.670,1400,102.780,2020-04-29,14:27:58,00,";
var hq_str_sh603259="药明康德,105.100,105.180,102.650,105.500,102.010,102.640,102.650,6216782,643655109.000,100,102.640,620,102.630,2200,102.620,2800,102.610,2000,102.600,100,102.650,1500,102.660,100,102.670,1400,102.780,700,102.790,2020-04-29,14:28:58,00,";
var hq_str_sh603259="药明康德,105.100,105.180,102.660,105.500,102.010,102.650,102.670,6225282,644527713.000,2200,102.650,600,102.640,2520,102.630,2100,102.620,2800,102.610,3900,102.670,600,102.720,1400,102.780,700,102.790,100,102.800,2020-04-29,14:29:58,00,";
var hq_str_sh603259="药明康德,105.100,105.180,102.710,105.500,102.010,102.700,102.710,6245982,646653534.000,100,102.700,100,102.690,200,102.660,400,102.650,1800,102.640,1200,102.710,1100,102.800,3000,102.820,100,102.840,1200,102.870,2020-04-29,14:30:58,00,";
var hq_str_sh603259="药明康德,105.100,105.180,102.780,105.500,102.010,102.780,102.790,6254482,647527130.000,500,102.780,1600,102.770,100,102.760,100,102.740,500,102.730,1100,102.790,900,102.800,100,102.810,3000,102.820,100,102.840,2020-04-29,14:31:58,00,";
var hq_str_sh603259="药明康德,105.100,105.180,102.800,105.500,102.010,102.790,102.800,6262082,648308380.000,800,102.790,1700,102.780,100,102.770,100,102.760,100,102.740,4300,102.800,4600,102.810,3000,102.820,100,102.840,100,102.850,2020-04-29,14:33:01,00,";
var hq_str_sh603259="药明康德,105.100,105.180,102.710,105.500,102.010,102.700,102.710,6280182,650168088.000,1700,102.700,100,102.680,300,102.670,300,102.660,500,102.650,200,102.710,500,102.720,2500,102.730,400,102.780,200,102.790,2020-04-29,14:33:58,00,";
var hq_str_sh603259="药明康德,105.100,105.180,102.740,105.500,102.010,102.740,102.750,6292482,651431856.000,500,102.740,1800,102.730,200,102.720,600,102.710,1200,102.700,100,102.750,1000,102.770,600,102.780,1100,102.790,700,102.800,2020-04-29,14:34:58,00,";
var hq_str_sh603259="药明康德,105.100,105.180,102.700,105.500,102.010,102.700,102.730,6309182,653147662.000,800,102.700,300,102.680,100,102.670,200,102.660,600,102.650,3400,102.730,900,102.750,500,102.760,900,102.790,600,102.800,2020-04-29,14:35:58,00,";
var hq_str_sh603259="药明康德,105.100,105.180,102.620,105.500,102.010,102.620,102.670,6321082,654369420.000,700,102.620,2600,102.610,1800,102.600,600,102.590,1000,102.580,500,102.670,1400,102.680,1900,102.690,1000,102.700,800,102.720,2020-04-29,14:36:58,00,";
var hq_str_sh603259="药明康德,105.100,105.180,102.620,105.500,102.010,102.610,102.620,6340682,656381050.000,1800,102.610,1800,102.600,500,102.590,1100,102.580,300,102.550,400,102.620,5500,102.660,1600,102.670,600,102.680,1200,102.690,2020-04-29,14:37:58,00,";
var hq_str_sh603259="药明康德,105.100,105.180,102.520,105.500,102.010,102.520,102.570,6354882,657837973.000,1200,102.520,11400,102.510,6900,102.500,100,102.490,4500,102.470,500,102.570,33340,102.600,100,102.620,100,102.630,500,102.650,2020-04-29,14:38:59,00,";
var hq_str_sh603259="药明康德,105.100,105.180,102.500,105.500,102.010,102.490,102.500,6382882,660708210.000,600,102.490,4500,102.470,1200,102.460,2100,102.450,500,102.420,300,102.500,100,102.510,1500,102.520,100,102.570,400,102.590,2020-04-29,14:39:59,00,";
var hq_str_sh603259="药明康德,105.100,105.180,102.520,105.500,102.010,102.520,102.590,6397882,662245547.000,1100,102.520,1200,102.490,500,102.470,2200,102.460,2500,102.450,900,102.590,33240,102.600,100,102.650,1600,102.660,1100,102.670,2020-04-29,14:40:59,00,";
var hq_str_sh603259="药明康德,105.100,105.180,102.450,105.500,102.010,102.400,102.450,6438782,666439703.000,3700,102.400,500,102.390,1200,102.380,1000,102.370,4400,102.360,100,102.450,800,102.570,4500,102.580,14240,102.600,200,102.620,2020-04-29,14:41:59,00,";
var hq_str_sh603259="药明康德,105.100,105.180,102.550,105.500,102.010,102.510,102.550,6464782,669105322.000,100,102.510,200,102.480,2000,102.460,100,102.450,400,102.440,700,102.550,100,102.560,3500,102.570,7840,102.600,200,102.620,2020-04-29,14:42:59,00,";
var hq_str_sh603259="药明康德,105.100,105.180,102.570,105.500,102.010,102.570,102.580,6478022,670463116.000,10100,102.570,800,102.520,60,102.510,300,102.500,300,102.480,5700,102.580,7940,102.600,200,102.620,900,102.640,100,102.650,2020-04-29,14:43:59,00,";
var hq_str_sh603259="药明康德,105.100,105.180,102.520,105.500,102.010,102.510,102.520,6502922,673016969.000,1160,102.510,1400,102.500,500,102.480,1500,102.470,600,102.450,700,102.520,100,102.570,1500,102.580,7940,102.600,200,102.620,2020-04-29,14:44:59,00,";
var hq_str_sh603259="药明康德,105.100,105.180,102.510,105.500,102.010,102.510,102.540,6511322,673878287.000,2560,102.510,4500,102.500,500,102.480,200,102.470,800,102.450,900,102.540,100,102.560,700,102.570,1200,102.580,8140,102.600,2020-04-29,14:45:59,00,";
var hq_str_sh603259="药明康德,105.100,105.180,102.580,105.500,102.010,102.560,102.600,6523206,675097208.000,1400,102.560,800,102.550,816,102.540,1000,102.520,3460,102.510,6440,102.600,200,102.620,100,102.630,100,102.650,1100,102.670,2020-04-29,14:46:59,00,";
var hq_str_sh603259="药明康德,105.100,105.180,102.510,105.500,102.010,102.510,102.540,6538322,676647252.000,8860,102.510,5600,102.500,500,102.490,500,102.480,200,102.470,34284,102.540,100,102.570,2200,102.590,5240,102.600,200,102.620,2020-04-29,14:47:59,00,";
var hq_str_sh603259="药明康德,105.100,105.180,102.520,105.500,102.010,102.530,102.540,6565542,679438189.000,100,102.530,3480,102.520,7160,102.510,7800,102.500,500,102.490,17184,102.540,2200,102.590,5040,102.600,200,102.620,100,102.650,2020-04-29,14:48:59,00,";
var hq_str_sh603259="药明康德,105.100,105.180,102.530,105.500,102.010,102.520,102.530,6581842,681109473.000,280,102.520,7060,102.510,8100,102.500,500,102.490,500,102.480,1100,102.530,8784,102.540,2200,102.590,5040,102.600,100,102.650,2020-04-29,14:49:59,00,";
var hq_str_sh603259="药明康德,105.100,105.180,102.550,105.500,102.010,102.550,102.590,6603926,683373797.000,4596,102.550,1300,102.540,1100,102.530,1900,102.520,2660,102.510,1300,102.590,5140,102.600,100,102.650,1000,102.670,900,102.680,2020-04-29,14:50:59,00,";
var hq_str_sh603259="药明康德,105.100,105.180,102.530,105.500,102.010,102.560,102.590,6643322,687414764.000,200,102.560,600,102.520,2660,102.510,14400,102.500,1400,102.490,700,102.590,10140,102.600,100,102.650,900,102.680,400,102.690,2020-04-29,14:51:59,00,";
var hq_str_sh603259="药明康德,105.100,105.180,102.680,105.500,102.010,102.610,102.630,6673462,690506901.000,100,102.610,27160,102.600,100,102.570,400,102.560,500,102.550,100,102.630,200,102.670,500,102.680,100,102.690,100,102.700,2020-04-29,14:52:59,00,";
var hq_str_sh603259="药明康德,105.100,105.180,102.610,105.500,102.010,102.600,102.610,6712762,694539369.000,3860,102.600,300,102.580,300,102.570,1500,102.560,500,102.550,3300,102.610,600,102.650,200,102.660,1400,102.670,500,102.680,2020-04-29,14:53:59,00,";
var hq_str_sh603259="药明康德,105.100,105.180,102.610,105.500,102.010,102.600,102.610,6746162,697966614.000,2760,102.600,400,102.580,400,102.570,300,102.560,500,102.550,2200,102.610,4300,102.620,200,102.630,300,102.640,6600,102.650,2020-04-29,14:54:59,00,";
var hq_str_sh603259="药明康德,105.100,105.180,102.580,105.500,102.010,102.550,102.580,6768522,700260399.000,1700,102.550,700,102.540,3000,102.530,1100,102.520,2160,102.510,6081,102.580,7800,102.600,1640,102.610,100,102.630,1200,102.640,2020-04-29,14:55:59,00,";
var hq_str_sh603259="药明康德,105.100,105.180,102.530,105.500,102.010,102.530,102.550,6800222,703510771.000,1600,102.530,2800,102.520,1760,102.510,17500,102.500,1500,102.480,300,102.550,500,102.570,4081,102.580,3200,102.600,1440,102.610,2020-04-29,14:56:59,00,";
var hq_str_sh603259="药明康德,105.100,105.180,102.530,105.500,102.010,102.530,102.530,6800222,703510771.000,27700,102.530,900,0.000,0,0.000,0,0.000,0,0.000,27700,102.530,0,0.000,0,0.000,0,0.000,0,0.000,2020-04-29,14:57:58,00,";
var hq_str_sh603259="药明康德,105.100,105.180,102.530,105.500,102.010,102.530,102.530,6800222,703510771.000,40100,102.530,0,0.000,0,0.000,0,0.000,0,0.000,40100,102.530,1300,0.000,0,0.000,0,0.000,0,0.000,2020-04-29,14:59:01,00,";
