var hq_str_sh603259="药明康德,109.100,109.100,109.100,109.100,109.100,109.100,109.110,51300,5596830.000,26200,109.100,1500,109.090,13100,109.000,200,108.940,200,108.880,100,109.110,200,109.120,4500,109.390,160,109.490,100,109.880,2020-11-23,09:29:49,00,";
var hq_str_sh603259="药明康德,109.100,109.100,109.420,109.790,109.100,109.360,109.420,144700,15822556.000,100,109.360,600,109.160,100,109.130,3300,109.120,12700,109.110,300,109.420,200,109.440,100,109.490,1700,109.610,1000,109.620,2020-11-23,09:30:58,00,";
var hq_str_sh603259="药明康德,109.100,109.100,109.170,109.790,108.830,109.000,109.170,305600,33379419.000,6300,109.000,300,108.880,200,108.850,500,108.810,400,108.800,200,109.170,15340,109.200,200,109.220,500,109.250,100,109.260,2020-11-23,09:31:58,00,";
var hq_str_sh603259="药明康德,109.100,109.100,108.750,109.790,108.500,108.750,109.000,434100,47366475.000,400,108.750,500,108.740,600,108.700,3000,108.660,300,108.630,1200,109.000,1400,109.130,600,109.140,300,109.150,1000,109.170,2020-11-23,09:32:58,00,";
var hq_str_sh603259="药明康德,109.100,109.100,108.840,109.790,108.500,108.840,108.870,493500,53835959.000,100,108.840,1700,108.820,200,108.800,100,108.770,1300,108.710,200,108.870,1700,108.970,600,108.980,3400,109.000,100,109.030,2020-11-23,09:33:58,00,";
var hq_str_sh603259="药明康德,109.100,109.100,109.030,109.790,108.500,109.030,109.040,592900,64657438.000,500,109.030,4400,109.020,600,109.000,900,108.970,200,108.960,100,109.040,900,109.050,3400,109.140,300,109.150,1000,109.170,2020-11-23,09:35:01,00,";
var hq_str_sh603259="药明康德,109.100,109.100,109.200,109.790,108.500,109.200,109.210,663700,72383375.000,9800,109.200,100,108.900,3500,108.890,9900,108.880,1000,108.860,2500,109.210,200,109.220,100,109.250,100,109.260,5000,109.270,2020-11-23,09:35:58,00,";
var hq_str_sh603259="药明康德,109.100,109.100,109.370,109.790,108.500,109.200,109.370,805292,87861814.000,1600,109.200,100,109.120,700,109.100,100,109.090,100,109.080,500,109.370,100,109.400,400,109.460,400,109.470,4500,109.500,2020-11-23,09:36:58,00,";
var hq_str_sh603259="药明康德,109.100,109.100,109.180,109.790,108.500,109.120,109.180,859092,93739002.000,500,109.120,1500,109.100,600,109.090,100,109.080,700,109.060,400,109.180,100,109.220,500,109.240,100,109.250,500,109.310,2020-11-23,09:37:58,00,";
var hq_str_sh603259="药明康德,109.100,109.100,109.110,109.790,108.500,109.110,109.170,918772,100251061.000,200,109.110,20000,109.100,200,109.060,3900,109.040,620,109.010,300,109.170,2700,109.230,500,109.240,100,109.250,100,109.260,2020-11-23,09:38:58,00,";
var hq_str_sh603259="药明康德,109.100,109.100,109.500,109.790,108.500,109.500,109.520,964832,105285071.000,5400,109.500,100,109.430,600,109.400,500,109.380,400,109.280,1800,109.520,200,109.550,100,109.560,100,109.590,14100,109.600,2020-11-23,09:39:58,00,";
var hq_str_sh603259="药明康德,109.100,109.100,109.750,109.800,108.500,109.800,109.870,1048332,114439932.000,1000,109.800,300,109.790,500,109.760,15300,109.750,1600,109.720,900,109.870,800,109.880,200,109.900,100,109.940,100,109.950,2020-11-23,09:40:58,00,";
var hq_str_sh603259="药明康德,109.100,109.100,109.730,109.960,108.500,109.620,109.730,1136432,124116222.000,100,109.620,500,109.610,4700,109.600,500,109.570,300,109.550,1300,109.730,100,109.740,2400,109.750,1800,109.790,100,109.800,2020-11-23,09:41:58,00,";
var hq_str_sh603259="药明康德,109.100,109.100,109.120,109.960,108.500,109.120,109.150,1182632,129166760.000,1800,109.120,200,109.110,15300,109.100,500,109.090,300,109.080,2500,109.150,1100,109.170,7400,109.220,500,109.230,1000,109.240,2020-11-23,09:42:58,00,";
var hq_str_sh603259="药明康德,109.100,109.100,109.020,109.960,108.500,109.020,109.140,1257940,137381362.000,19200,109.020,5200,109.010,3800,109.000,800,108.980,700,108.970,100,109.140,500,109.150,300,109.160,300,109.210,20200,109.220,2020-11-23,09:43:58,00,";
var hq_str_sh603259="药明康德,109.100,109.100,108.940,109.960,108.500,108.910,108.940,1322440,144412336.000,800,108.910,4400,108.900,3500,108.890,10300,108.880,500,108.850,300,108.940,700,108.980,1500,108.990,300,109.000,400,109.010,2020-11-23,09:44:58,00,";
var hq_str_sh603259="药明康德,109.100,109.100,109.040,109.960,108.500,109.010,109.040,1377240,150384898.000,1500,109.010,17300,109.000,700,108.950,3000,108.900,300,108.890,200,109.040,100,109.060,1800,109.070,3100,109.080,2500,109.100,2020-11-23,09:45:58,00,";
var hq_str_sh603259="药明康德,109.100,109.100,108.770,109.960,108.500,108.760,108.770,1451040,158422350.000,700,108.760,500,108.730,8800,108.700,400,108.680,600,108.670,600,108.770,900,108.790,300,108.810,300,108.820,800,108.830,2020-11-23,09:46:58,00,";
var hq_str_sh603259="药明康德,109.100,109.100,108.820,109.960,108.500,108.810,108.820,1495240,163230371.000,4600,108.810,11000,108.800,400,108.760,500,108.730,100,108.720,1400,108.820,1100,108.830,1600,108.850,200,108.860,300,108.900,2020-11-23,09:47:58,00,";
var hq_str_sh603259="药明康德,109.100,109.100,108.810,109.960,108.500,108.810,108.830,1526340,166615283.000,1300,108.810,13400,108.800,500,108.790,700,108.760,500,108.730,3000,108.830,900,108.930,1100,108.950,1400,108.980,1200,108.990,2020-11-23,09:48:58,00,";
var hq_str_sh603259="药明康德,109.100,109.100,109.000,109.960,108.500,108.900,108.950,1654440,180576091.000,200,108.900,3000,108.850,5000,108.700,1000,108.680,600,108.670,300,108.950,100,109.010,100,109.120,5300,109.130,3200,109.140,2020-11-23,09:49:58,00,";
var hq_str_sh603259="药明康德,109.100,109.100,109.300,109.960,108.500,109.300,109.320,1726081,188398297.000,200,109.300,100,109.270,8800,109.240,100,109.230,600,109.220,4100,109.320,800,109.510,300,109.520,440,109.530,100,109.580,2020-11-23,09:50:58,00,";
var hq_str_sh603259="药明康德,109.100,109.100,109.310,109.960,108.500,109.260,109.310,1760881,192201212.000,100,109.260,300,109.250,2200,109.240,600,109.220,200,109.210,400,109.310,1700,109.490,1700,109.500,1000,109.510,300,109.520,2020-11-23,09:51:58,00,";
var hq_str_sh603259="药明康德,109.100,109.100,109.150,109.960,108.500,109.080,109.150,1848981,201807379.000,100,109.080,42900,109.000,200,108.990,100,108.920,300,108.900,1000,109.150,3500,109.240,1100,109.250,700,109.260,600,109.300,2020-11-23,09:52:58,00,";
var hq_str_sh603259="药明康德,109.100,109.100,108.960,109.960,108.500,108.960,108.990,1937881,211497918.000,900,108.960,2100,108.880,3200,108.800,1000,108.790,200,108.780,600,108.990,2000,109.000,960,109.050,300,109.080,400,109.100,2020-11-23,09:53:58,00,";
var hq_str_sh603259="药明康德,109.100,109.100,109.000,109.960,108.500,109.000,109.040,1981471,216247954.000,1800,109.000,2300,108.990,2800,108.960,400,108.950,100,108.940,400,109.040,400,109.080,300,109.100,1900,109.130,17000,109.150,2020-11-23,09:54:58,00,";
var hq_str_sh603259="药明康德,109.100,109.100,109.000,109.960,108.500,108.990,109.000,2035671,222161430.000,1100,108.990,200,108.980,300,108.960,200,108.950,100,108.940,2400,109.000,300,109.080,100,109.140,200,109.150,2500,109.260,2020-11-23,09:55:58,00,";
var hq_str_sh603259="药明康德,109.100,109.100,108.910,109.960,108.500,108.900,108.910,2062971,225136635.000,800,108.900,1300,108.890,4800,108.880,1100,108.850,500,108.820,4800,108.910,300,108.930,200,108.940,1100,108.970,300,108.980,2020-11-23,09:56:58,00,";
var hq_str_sh603259="药明康德,109.100,109.100,108.960,109.960,108.500,108.960,108.970,2090571,228142330.000,2700,108.960,200,108.940,300,108.930,300,108.920,200,108.910,200,108.970,300,108.980,2600,108.990,1100,109.000,400,109.080,2020-11-23,09:57:58,00,";
var hq_str_sh603259="药明康德,109.100,109.100,108.890,109.960,108.500,108.880,108.890,2107971,230037743.000,1400,108.880,200,108.860,1400,108.850,500,108.820,400,108.810,200,108.890,400,108.900,1600,108.950,400,109.080,300,109.090,2020-11-23,09:58:58,00,";
var hq_str_sh603259="药明康德,109.100,109.100,109.000,109.960,108.500,108.850,108.890,2153371,234982551.000,200,108.850,1100,108.820,4000,108.810,9200,108.800,1000,108.790,400,108.890,1700,108.940,500,109.000,300,109.090,500,109.100,2020-11-23,09:59:58,00,";
var hq_str_sh603259="药明康德,109.100,109.100,109.000,109.960,108.500,109.000,109.010,2185271,238460240.000,1800,109.000,200,108.990,200,108.900,100,108.890,100,108.860,1500,109.010,100,109.060,300,109.070,100,109.090,100,109.140,2020-11-23,10:00:58,00,";
var hq_str_sh603259="药明康德,109.100,109.100,108.510,109.960,108.500,108.510,108.530,2242471,244678656.000,4400,108.510,11000,108.500,700,108.490,200,108.480,600,108.460,200,108.530,2400,108.550,400,108.570,500,108.590,1000,108.600,2020-11-23,10:01:58,00,";
var hq_str_sh603259="药明康德,109.100,109.100,108.610,109.960,108.500,108.610,108.680,2272371,247925925.000,3400,108.610,200,108.600,200,108.590,700,108.580,300,108.560,100,108.680,800,108.940,551,108.950,7661,108.960,300,108.970,2020-11-23,10:02:58,00,";
var hq_str_sh603259="药明康德,109.100,109.100,108.640,109.960,108.500,108.620,108.640,2305671,251544106.000,1800,108.620,900,108.610,1400,108.600,400,108.590,700,108.580,200,108.640,1940,108.650,40,108.770,3500,108.780,500,108.800,2020-11-23,10:03:58,00,";
var hq_str_sh603259="药明康德,109.100,109.100,108.500,109.960,108.500,108.510,108.520,2358671,257297499.000,100,108.510,13800,108.500,700,108.490,200,108.480,600,108.460,3800,108.520,2300,108.570,700,108.590,200,108.600,500,108.610,2020-11-23,10:04:58,00,";
var hq_str_sh603259="药明康德,109.100,109.100,108.500,109.960,108.400,108.400,108.490,2424071,264393701.000,200,108.400,500,108.370,100,108.350,500,108.340,1000,108.320,200,108.490,1000,108.500,1100,108.510,1000,108.520,100,108.540,2020-11-23,10:05:58,00,";
var hq_str_sh603259="药明康德,109.100,109.100,108.130,109.960,108.130,108.130,108.160,2484471,270933646.000,500,108.130,900,108.110,2300,108.100,600,108.080,500,108.070,100,108.160,200,108.180,3700,108.190,53950,108.200,200,108.310,2020-11-23,10:06:58,00,";
var hq_str_sh603259="药明康德,109.100,109.100,108.330,109.960,108.120,108.330,108.400,2582121,281503903.000,700,108.330,200,108.320,700,108.300,200,108.290,400,108.250,500,108.400,12900,108.450,4900,108.500,200,108.510,800,108.520,2020-11-23,10:07:58,00,";
var hq_str_sh603259="药明康德,109.100,109.100,108.260,109.960,108.120,108.260,108.330,2639321,287699586.000,900,108.260,1700,108.250,100,108.230,1100,108.220,1000,108.210,5000,108.330,200,108.360,2700,108.380,2400,108.390,100,108.400,2020-11-23,10:08:58,00,";
var hq_str_sh603259="药明康德,109.100,109.100,108.160,109.960,108.120,108.160,108.170,2692821,293489352.000,700,108.160,300,108.150,1100,108.130,800,108.110,4600,108.100,100,108.170,100,108.180,1800,108.190,6400,108.200,2100,108.220,2020-11-23,10:09:58,00,";
var hq_str_sh603259="药明康德,109.100,109.100,108.050,109.960,108.050,108.040,108.050,2768121,301630917.000,500,108.040,3200,108.030,1500,108.020,5500,108.010,14900,108.000,200,108.050,1800,108.070,3100,108.080,1400,108.100,1140,108.110,2020-11-23,10:10:58,00,";
var hq_str_sh603259="药明康德,109.100,109.100,107.830,109.960,107.800,107.830,107.870,2859421,311484947.000,5400,107.830,100,107.810,5700,107.800,2200,107.770,10000,107.750,1200,107.870,200,107.880,6000,107.890,600,107.900,12600,107.920,2020-11-23,10:11:58,00,";
var hq_str_sh603259="药明康德,109.100,109.100,107.750,109.960,107.700,107.720,107.760,2928921,318975616.000,1500,107.720,3000,107.710,600,107.700,200,107.690,800,107.680,500,107.760,6900,107.790,17900,107.800,2300,107.830,400,107.840,2020-11-23,10:12:58,00,";
var hq_str_sh603259="药明康德,109.100,109.100,107.120,109.960,107.120,107.110,107.120,3006821,327346597.000,400,107.110,600,107.100,200,107.090,200,107.050,200,107.030,100,107.120,200,107.320,300,107.390,900,107.400,200,107.440,2020-11-23,10:13:58,00,";
var hq_str_sh603259="药明康德,109.100,109.100,107.480,109.960,107.120,107.480,107.500,3091021,336385890.000,200,107.480,1300,107.460,1200,107.450,2500,107.440,6200,107.430,200,107.500,200,107.530,300,107.580,18400,107.600,1000,107.640,2020-11-23,10:14:58,00,";
var hq_str_sh603259="药明康德,109.100,109.100,107.490,109.960,107.120,107.300,107.490,3204321,348556548.000,3000,107.300,900,107.200,400,107.190,500,107.140,500,107.130,100,107.490,2300,107.500,200,107.570,2900,107.580,1000,107.590,2020-11-23,10:15:58,00,";
var hq_str_sh603259="药明康德,109.100,109.100,107.840,109.960,107.120,107.650,107.800,3270941,355708824.000,200,107.650,200,107.630,200,107.620,800,107.600,200,107.570,800,107.800,100,107.880,2500,107.890,10700,107.920,200,107.940,2020-11-23,10:16:58,00,";
var hq_str_sh603259="药明康德,109.100,109.100,107.890,109.960,107.120,107.880,107.890,3329844,362064448.000,1100,107.880,2700,107.870,1200,107.860,400,107.850,100,107.840,800,107.890,800,107.900,200,107.920,700,107.950,100,107.970,2020-11-23,10:17:58,00,";
var hq_str_sh603259="药明康德,109.100,109.100,107.760,109.960,107.120,107.790,107.800,3391844,368750375.000,400,107.790,500,107.700,2000,107.690,2397,107.680,200,107.660,2400,107.800,600,107.840,500,107.860,2600,107.870,200,107.880,2020-11-23,10:18:58,00,";
var hq_str_sh603259="药明康德,109.100,109.100,107.690,109.960,107.120,107.640,107.690,3453644,375405168.000,2500,107.640,500,107.630,700,107.620,1800,107.610,2497,107.600,200,107.690,1200,107.700,4000,107.750,1200,107.800,200,107.810,2020-11-23,10:19:58,00,";
var hq_str_sh603259="药明康德,109.100,109.100,107.890,109.960,107.120,107.850,107.990,3512904,381790418.000,100,107.850,3900,107.830,2600,107.810,4000,107.800,900,107.780,1100,107.990,1300,108.000,300,108.010,600,108.020,300,108.050,2020-11-23,10:20:58,00,";
var hq_str_sh603259="药明康德,109.100,109.100,108.020,109.960,107.120,108.030,108.050,3581064,389146762.000,500,108.030,400,108.020,1300,108.010,3420,108.000,800,107.990,200,108.050,100,108.060,400,108.070,1000,108.110,8000,108.170,2020-11-23,10:21:58,00,";
var hq_str_sh603259="药明康德,109.100,109.100,108.320,109.960,107.120,108.110,108.320,3637664,395271224.000,500,108.110,300,108.100,100,108.090,300,108.020,1200,108.010,1500,108.320,3200,108.360,300,108.380,1000,108.390,100,108.400,2020-11-23,10:22:58,00,";
var hq_str_sh603259="药明康德,109.100,109.100,108.110,109.960,107.120,108.030,108.110,3660064,397693022.000,1600,108.030,400,108.020,300,108.010,4900,108.000,700,107.990,100,108.110,200,108.120,300,108.150,900,108.160,1100,108.200,2020-11-23,10:23:58,00,";
var hq_str_sh603259="药明康德,109.100,109.100,108.100,109.960,107.120,108.040,108.100,3670964,398871318.000,500,108.040,300,108.030,1100,108.010,5800,108.000,700,107.990,3100,108.100,400,108.120,200,108.150,200,108.160,1000,108.200,2020-11-23,10:24:58,00,";
var hq_str_sh603259="药明康德,109.100,109.100,108.420,109.960,107.120,108.410,108.450,3687964,400710828.000,200,108.410,500,108.360,300,108.260,1200,108.250,1600,108.240,100,108.450,1500,108.570,300,108.590,500,108.600,500,108.610,2020-11-23,10:25:58,00,";
var hq_str_sh603259="药明康德,109.100,109.100,108.300,109.960,107.120,108.290,108.300,3733464,405641921.000,2800,108.290,700,108.280,200,108.270,1400,108.260,200,108.250,700,108.300,200,108.360,2000,108.400,1100,108.440,6800,108.450,2020-11-23,10:26:58,00,";
var hq_str_sh603259="药明康德,109.100,109.100,108.300,109.960,107.120,108.290,108.300,3769264,409519136.000,100,108.290,400,108.150,500,108.130,1700,108.120,500,108.110,600,108.300,1300,108.330,300,108.360,400,108.430,1300,108.440,2020-11-23,10:27:58,00,";
var hq_str_sh603259="药明康德,109.100,109.100,108.210,109.960,107.120,108.140,108.210,3787564,411500143.000,11600,108.140,500,108.130,1700,108.120,500,108.110,2000,108.100,1100,108.210,100,108.290,3200,108.300,100,108.310,900,108.330,2020-11-23,10:28:58,00,";
var hq_str_sh603259="药明康德,109.100,109.100,108.150,109.960,107.120,108.150,108.190,3834964,416626618.000,200,108.150,500,108.140,200,108.110,600,108.080,500,108.050,700,108.190,400,108.200,200,108.240,500,108.290,2400,108.300,2020-11-23,10:29:58,00,";
var hq_str_sh603259="药明康德,109.100,109.100,108.160,109.960,107.120,108.090,108.160,3859064,419233494.000,500,108.090,100,108.080,200,108.030,500,108.020,1200,108.010,2800,108.160,1000,108.200,100,108.230,1000,108.240,200,108.250,2020-11-23,10:30:58,00,";
var hq_str_sh603259="药明康德,109.100,109.100,108.000,109.960,107.120,108.000,108.150,3925030,426360189.000,600,108.000,600,107.990,200,107.980,2734,107.810,7700,107.800,200,108.150,200,108.160,1600,108.170,4000,108.180,10100,108.200,2020-11-23,10:31:58,00,";
var hq_str_sh603259="药明康德,109.100,109.100,108.120,109.960,107.120,108.080,108.120,3962530,430409059.000,500,108.080,500,108.010,900,108.000,100,107.870,9634,107.860,1100,108.120,100,108.170,200,108.180,5000,108.190,21800,108.200,2020-11-23,10:32:58,00,";
var hq_str_sh603259="药明康德,109.100,109.100,107.910,109.960,107.120,107.920,108.000,3973930,431640762.000,500,107.920,300,107.910,300,107.900,4400,107.870,9634,107.860,1000,108.000,400,108.010,400,108.060,500,108.080,2540,108.100,2020-11-23,10:33:58,00,";
var hq_str_sh603259="药明康德,109.100,109.100,107.930,109.960,107.120,107.870,107.930,4008130,435332231.000,100,107.870,2534,107.860,200,107.840,2400,107.800,700,107.780,2200,107.930,100,107.940,14700,108.000,500,108.030,200,108.040,2020-11-23,10:34:58,00,";
var hq_str_sh603259="药明康德,109.100,109.100,107.700,109.960,107.120,107.690,107.700,4038330,438586474.000,1700,107.690,1600,107.660,2100,107.650,500,107.630,100,107.620,140,107.700,2400,107.720,10000,107.740,18400,107.800,25000,107.910,2020-11-23,10:35:58,00,";
var hq_str_sh603259="药明康德,109.100,109.100,107.570,109.960,107.120,107.570,107.580,4075427,442579991.000,900,107.570,100,107.560,500,107.540,300,107.530,2600,107.510,100,107.580,800,107.590,200,107.600,1696,107.610,3340,107.650,2020-11-23,10:36:58,00,";
var hq_str_sh603259="药明康德,109.100,109.100,107.580,109.960,107.120,107.570,107.580,4112627,446579666.000,2500,107.570,300,107.560,5000,107.550,400,107.540,2100,107.530,400,107.580,100,107.600,1596,107.610,3340,107.650,200,107.690,2020-11-23,10:37:58,00,";
var hq_str_sh603259="药明康德,109.100,109.100,107.720,109.960,107.120,107.660,107.700,4137267,449232662.000,600,107.660,200,107.650,300,107.630,500,107.590,200,107.580,700,107.700,2100,107.720,100,107.750,100,107.900,26900,107.910,2020-11-23,10:38:58,00,";
var hq_str_sh603259="药明康德,109.100,109.100,107.550,109.960,107.120,107.540,107.550,4170847,452846733.000,1000,107.540,100,107.530,200,107.520,1900,107.510,3600,107.500,500,107.550,100,107.620,600,107.680,100,107.690,2864,107.700,2020-11-23,10:39:58,00,";
var hq_str_sh603259="药明康德,109.100,109.100,107.630,109.960,107.120,107.520,107.630,4203947,456406412.000,100,107.520,200,107.510,2200,107.500,100,107.490,500,107.480,1800,107.630,200,107.640,800,107.650,100,107.670,900,107.680,2020-11-23,10:40:58,00,";
var hq_str_sh603259="药明康德,109.100,109.100,107.490,109.960,107.120,107.490,107.500,4231947,459416577.000,200,107.490,100,107.470,100,107.460,700,107.420,1500,107.410,2700,107.500,800,107.550,200,107.570,5400,107.630,3800,107.640,2020-11-23,10:41:58,00,";
var hq_str_sh603259="药明康德,109.100,109.100,107.410,109.960,107.120,107.410,107.430,4257711,462184516.000,2736,107.410,2500,107.400,900,107.390,4000,107.370,500,107.360,900,107.430,420,107.460,4300,107.470,100,107.480,100,107.490,2020-11-23,10:42:58,00,";
var hq_str_sh603259="药明康德,109.100,109.100,107.400,109.960,107.120,107.390,107.400,4287247,465356703.000,100,107.390,800,107.370,700,107.360,1800,107.350,700,107.330,18467,107.400,200,107.410,100,107.440,100,107.470,1200,107.500,2020-11-23,10:43:58,00,";
var hq_str_sh603259="药明康德,109.100,109.100,107.500,109.960,107.120,107.450,107.500,4331014,470059613.000,200,107.450,400,107.440,700,107.410,3400,107.400,900,107.390,100,107.500,500,107.510,1200,107.520,400,107.560,200,107.570,2020-11-23,10:44:58,00,";
var hq_str_sh603259="药明康德,109.100,109.100,107.500,109.960,107.120,107.400,107.500,4375014,474788119.000,600,107.400,100,107.390,300,107.360,1400,107.350,800,107.330,300,107.500,2400,107.510,1100,107.520,3100,107.560,100,107.570,2020-11-23,10:45:58,00,";
var hq_str_sh603259="药明康德,109.100,109.100,107.500,109.960,107.120,107.480,107.490,4410114,478559181.000,700,107.480,1000,107.460,500,107.450,900,107.440,700,107.410,300,107.490,1800,107.500,2000,107.510,500,107.520,200,107.530,2020-11-23,10:47:01,00,";
var hq_str_sh603259="药明康德,109.100,109.100,107.500,109.960,107.120,107.440,107.520,4453414,483213838.000,300,107.440,200,107.420,100,107.410,1200,107.400,1400,107.380,400,107.520,3500,107.630,3800,107.640,400,107.680,8500,107.700,2020-11-23,10:47:58,00,";
var hq_str_sh603259="药明康德,109.100,109.100,107.390,109.960,107.120,107.390,107.480,4516314,489975410.000,300,107.390,200,107.380,300,107.370,700,107.360,1900,107.350,10300,107.480,400,107.490,17200,107.500,300,107.510,600,107.520,2020-11-23,10:48:55,00,";
var hq_str_sh603259="药明康德,109.100,109.100,107.330,109.960,107.120,107.330,107.350,4553114,493926877.000,2100,107.330,100,107.320,900,107.310,6500,107.300,100,107.290,100,107.350,1400,107.360,800,107.380,1200,107.390,9800,107.400,2020-11-23,10:49:58,00,";
var hq_str_sh603259="药明康德,109.100,109.100,107.300,109.960,107.120,107.300,107.350,4631514,502338925.000,900,107.300,3200,107.290,1500,107.280,200,107.270,300,107.260,11000,107.350,200,107.360,9800,107.400,2700,107.470,7600,107.480,2020-11-23,10:50:58,00,";
var hq_str_sh603259="药明康德,109.100,109.100,107.230,109.960,107.120,107.230,107.240,4683714,507938098.000,200,107.230,500,107.210,2200,107.200,300,107.190,1100,107.180,1000,107.240,1600,107.250,1500,107.270,1100,107.290,10100,107.350,2020-11-23,10:51:58,00,";
var hq_str_sh603259="药明康德,109.100,109.100,107.190,109.960,107.120,107.180,107.190,4738714,513833589.000,1300,107.180,1200,107.150,3300,107.120,500,107.110,8600,107.100,280,107.190,1500,107.200,200,107.210,1200,107.220,1500,107.230,2020-11-23,10:52:58,00,";
var hq_str_sh603259="药明康德,109.100,109.100,107.160,109.960,107.100,107.160,107.180,4784978,518791480.000,1400,107.160,1400,107.120,1500,107.110,8136,107.100,500,107.090,200,107.180,2400,107.190,600,107.200,800,107.210,400,107.220,2020-11-23,10:53:58,00,";
var hq_str_sh603259="药明康德,109.100,109.100,107.180,109.960,107.100,107.170,107.190,4828978,523507887.000,4600,107.170,500,107.160,200,107.150,400,107.140,100,107.130,2200,107.190,1400,107.200,1100,107.210,600,107.220,2300,107.230,2020-11-23,10:54:58,00,";
var hq_str_sh603259="药明康德,109.100,109.100,107.060,109.960,107.030,107.020,107.030,4885114,529520614.000,3600,107.020,14700,107.010,50000,107.000,200,106.990,100,106.980,3000,107.030,1600,107.060,1600,107.070,200,107.080,300,107.090,2020-11-23,10:55:58,00,";
var hq_str_sh603259="药明康德,109.100,109.100,106.990,109.960,106.990,106.990,107.000,4994914,541270816.000,1300,106.990,100,106.980,800,106.970,600,106.960,400,106.950,1500,107.000,400,107.010,200,107.020,500,107.090,500,107.150,2020-11-23,10:56:58,00,";
var hq_str_sh603259="药明康德,109.100,109.100,106.950,109.960,106.900,106.900,106.920,5036114,545678457.000,5100,106.900,100,106.890,6300,106.880,300,106.860,800,106.850,100,106.920,100,106.930,1500,106.950,7700,106.960,4400,106.970,2020-11-23,10:57:58,00,";
var hq_str_sh603259="药明康德,109.100,109.100,106.500,109.960,106.500,106.520,106.800,5256734,569207835.000,100,106.520,100,106.510,4120,106.500,700,106.480,200,106.460,600,106.800,1100,106.810,100,106.840,400,106.850,100,106.890,2020-11-23,10:58:58,00,";
var hq_str_sh603259="药明康德,109.100,109.100,106.640,109.960,106.480,106.640,106.750,5349134,579054486.000,200,106.640,300,106.630,8000,106.500,400,106.480,200,106.460,500,106.750,10620,106.760,1600,106.780,1500,106.790,9500,106.800,2020-11-23,10:59:58,00,";
var hq_str_sh603259="药明康德,109.100,109.100,107.170,109.960,106.480,107.140,107.170,5434854,588210196.000,100,107.140,600,107.070,700,107.060,300,107.050,200,107.040,900,107.170,200,107.200,1100,107.210,200,107.230,1400,107.270,2020-11-23,11:00:58,00,";
var hq_str_sh603259="药明康德,109.100,109.100,107.080,109.960,106.480,107.070,107.080,5480554,593103416.000,1600,107.070,2600,107.060,100,107.050,1700,107.040,500,107.030,1400,107.080,1200,107.090,100,107.100,300,107.110,1000,107.140,2020-11-23,11:01:58,00,";
var hq_str_sh603259="药明康德,109.100,109.100,107.110,109.960,106.480,107.100,107.110,5508854,596132900.000,300,107.100,800,107.070,800,107.050,2600,107.000,500,106.990,100,107.110,1000,107.140,400,107.150,900,107.170,500,107.200,2020-11-23,11:02:58,00,";
var hq_str_sh603259="药明康德,109.100,109.100,106.930,109.960,106.480,106.930,106.950,5570654,602745917.000,8000,106.930,400,106.910,700,106.880,700,106.870,1000,106.850,100,106.950,500,106.980,7200,106.990,200,107.000,100,107.020,2020-11-23,11:03:58,00,";
var hq_str_sh603259="药明康德,109.100,109.100,106.930,109.960,106.480,106.930,106.990,5638154,609962459.000,200,106.930,100,106.920,1600,106.890,100,106.880,300,106.870,100,106.990,5200,107.000,100,107.050,900,107.070,11100,107.140,2020-11-23,11:04:58,00,";
var hq_str_sh603259="药明康德,109.100,109.100,107.150,109.960,106.480,107.150,107.170,5686654,615152887.000,800,107.150,4400,107.140,500,107.070,600,107.050,600,107.040,900,107.170,500,107.200,1100,107.210,1000,107.230,1400,107.270,2020-11-23,11:05:58,00,";
var hq_str_sh603259="药明康德,109.100,109.100,107.480,109.960,106.480,107.470,107.480,5738954,620771207.000,100,107.470,100,107.460,500,107.420,500,107.330,200,107.310,500,107.480,1400,107.490,200,107.590,2200,107.600,3500,107.630,2020-11-23,11:06:58,00,";
var hq_str_sh603259="药明康德,109.100,109.100,107.470,109.960,106.480,107.470,107.480,5759254,622951471.000,100,107.470,1700,107.420,100,107.320,500,107.310,22400,107.300,100,107.480,200,107.500,500,107.590,600,107.600,3500,107.630,2020-11-23,11:07:58,00,";
var hq_str_sh603259="药明康德,109.100,109.100,107.180,109.960,106.480,107.070,107.180,5791654,626423701.000,500,107.070,300,107.030,1000,107.010,8000,107.000,500,106.990,1500,107.180,400,107.200,15800,107.210,600,107.220,400,107.230,2020-11-23,11:08:58,00,";
var hq_str_sh603259="药明康德,109.100,109.100,107.620,109.960,106.480,107.470,107.620,5852627,632963347.000,100,107.470,6700,107.460,100,107.350,3100,107.300,1700,107.210,7500,107.620,3600,107.630,100,107.650,200,107.680,7600,107.700,2020-11-23,11:09:58,00,";
var hq_str_sh603259="药明康德,109.100,109.100,107.460,109.960,106.480,107.250,107.460,5939727,642310532.000,1500,107.250,400,107.240,100,107.230,500,107.220,500,107.200,4500,107.460,8300,107.470,300,107.480,3200,107.500,3300,107.510,2020-11-23,11:10:58,00,";
var hq_str_sh603259="药明康德,109.100,109.100,107.100,109.960,106.480,107.070,107.100,5953727,643811674.000,100,107.070,100,107.030,300,107.020,100,107.010,7100,107.000,400,107.100,2500,107.130,100,107.140,2900,107.160,1100,107.170,2020-11-23,11:11:58,00,";
var hq_str_sh603259="药明康德,109.100,109.100,106.930,109.960,106.480,106.920,106.930,5978027,646411584.000,200,106.920,800,106.900,500,106.890,1000,106.880,600,106.870,3000,106.930,4100,106.950,600,106.960,14200,107.000,700,107.010,2020-11-23,11:12:58,00,";
var hq_str_sh603259="药明康德,109.100,109.100,106.870,109.960,106.480,106.870,106.900,6016327,650504058.000,1900,106.870,700,106.830,1500,106.820,1000,106.810,4500,106.800,1100,106.900,2600,106.930,10900,107.000,700,107.010,600,107.100,2020-11-23,11:13:58,00,";
var hq_str_sh603259="药明康德,109.100,109.100,106.610,109.960,106.480,106.620,106.760,6054435,654571982.000,500,106.620,800,106.610,100,106.600,592,106.580,1200,106.570,200,106.760,400,106.770,100,106.790,14133,106.800,300,106.870,2020-11-23,11:14:58,00,";
var hq_str_sh603259="药明康德,109.100,109.100,106.630,109.960,106.480,106.630,106.710,6091335,658506674.000,900,106.630,1700,106.620,4500,106.610,1700,106.600,1500,106.590,1400,106.710,7000,106.720,1000,106.730,200,106.760,400,106.770,2020-11-23,11:15:58,00,";
var hq_str_sh603259="药明康德,109.100,109.100,106.670,109.960,106.480,106.670,106.700,6134935,663155049.000,1900,106.670,3300,106.620,200,106.600,500,106.580,1292,106.570,2000,106.700,900,106.710,200,106.720,1000,106.730,100,106.740,2020-11-23,11:17:01,00,";
var hq_str_sh603259="药明康德,109.100,109.100,106.590,109.960,106.480,106.570,106.590,6168935,666779910.000,1092,106.570,1400,106.560,10900,106.550,1200,106.540,100,106.530,4460,106.590,600,106.600,500,106.610,100,106.640,100,106.650,2020-11-23,11:17:58,00,";
var hq_str_sh603259="药明康德,109.100,109.100,106.550,109.960,106.480,106.540,106.550,6221627,672393251.000,100,106.540,19500,106.510,9200,106.500,1400,106.490,4300,106.480,8000,106.550,200,106.650,100,106.670,200,106.700,800,106.710,2020-11-23,11:18:59,00,";
var hq_str_sh603259="药明康德,109.100,109.100,106.700,109.960,106.480,106.700,106.720,6294127,680120585.000,300,106.700,300,106.680,2600,106.670,3800,106.650,200,106.630,100,106.720,1000,106.730,100,106.740,1500,106.750,40,106.800,2020-11-23,11:19:58,00,";
var hq_str_sh603259="药明康德,109.100,109.100,106.860,109.960,106.480,106.840,106.860,6318755,682751333.000,200,106.840,300,106.830,600,106.820,200,106.810,1360,106.800,1600,106.860,11000,107.000,700,107.010,200,107.100,100,107.140,2020-11-23,11:20:58,00,";
var hq_str_sh603259="药明康德,109.100,109.100,106.800,109.960,106.480,106.800,106.820,6330455,684001154.000,1060,106.800,200,106.790,200,106.780,400,106.770,200,106.760,8100,106.820,540,106.840,900,106.860,11200,107.000,700,107.010,2020-11-23,11:21:59,00,";
var hq_str_sh603259="药明康德,109.100,109.100,106.670,109.960,106.480,106.660,106.670,6356015,686728733.000,1300,106.660,3200,106.650,500,106.640,800,106.610,1600,106.600,1800,106.670,1400,106.700,2500,106.710,300,106.720,1900,106.740,2020-11-23,11:23:02,00,";
var hq_str_sh603259="药明康德,109.100,109.100,107.100,109.960,106.480,107.110,107.180,6416295,693164841.000,300,107.110,1000,107.100,1000,107.010,400,107.000,300,106.990,100,107.180,400,107.300,400,107.440,52300,107.500,100,107.550,2020-11-23,11:23:59,00,";
var hq_str_sh603259="药明康德,109.100,109.100,107.100,109.960,106.480,107.010,107.100,6436595,695339320.000,1300,107.010,2500,107.000,600,106.880,800,106.870,1300,106.860,400,107.100,1800,107.110,500,107.120,5600,107.190,3000,107.250,2020-11-23,11:24:59,00,";
var hq_str_sh603259="药明康德,109.100,109.100,106.950,109.960,106.480,106.950,107.060,6460495,697896541.000,1000,106.950,200,106.940,2700,106.930,100,106.910,500,106.900,372,107.060,300,107.070,7200,107.080,900,107.100,100,107.260,2020-11-23,11:25:59,00,";
var hq_str_sh603259="药明康德,109.100,109.100,107.090,109.960,106.480,107.080,107.090,6478267,699799302.000,200,107.080,300,107.070,400,107.060,900,106.950,300,106.940,5700,107.090,2200,107.100,1000,107.270,900,107.300,100,107.350,2020-11-23,11:26:56,00,";
var hq_str_sh603259="药明康德,109.100,109.100,107.090,109.960,106.480,107.090,107.270,6503867,702539268.000,1700,107.090,200,107.070,100,107.060,1100,107.050,600,107.000,600,107.270,200,107.300,100,107.350,1100,107.370,200,107.380,2020-11-23,11:27:59,00,";
var hq_str_sh603259="药明康德,109.100,109.100,107.200,109.960,106.480,107.180,107.250,6519867,704253613.000,100,107.180,200,107.160,300,107.090,900,107.080,200,107.070,100,107.250,4100,107.270,200,107.300,100,107.350,1100,107.370,2020-11-23,11:28:59,00,";
var hq_str_sh603259="药明康德,109.100,109.100,107.270,109.960,106.480,107.200,107.300,6531567,705507949.000,2300,107.200,200,107.190,700,107.180,200,107.170,1200,107.160,300,107.300,1100,107.370,200,107.380,100,107.400,400,107.440,2020-11-23,11:29:59,00,";
var hq_str_sh603259="药明康德,109.100,109.100,107.270,109.960,106.480,107.200,107.300,6531567,705507949.000,2300,107.200,200,107.190,700,107.180,200,107.170,1200,107.160,500,107.300,1100,107.370,200,107.380,100,107.400,400,107.440,2020-11-23,11:30:00,00,";
var hq_str_sh603259="药明康德,109.100,109.100,106.620,109.960,106.480,106.620,106.660,6650567,718238361.000,1300,106.620,1300,106.610,7800,106.600,800,106.580,200,106.560,100,106.660,600,106.680,900,106.690,300,106.700,300,106.710,2020-11-23,13:00:59,00,";
var hq_str_sh603259="药明康德,109.100,109.100,106.620,109.960,106.480,106.620,106.690,6696567,723145096.000,2200,106.620,3000,106.610,8500,106.600,1300,106.580,200,106.560,6100,106.690,900,106.700,5100,106.730,3000,106.850,100,106.880,2020-11-23,13:01:59,00,";
var hq_str_sh603259="药明康德,109.100,109.100,106.710,109.960,106.480,106.710,106.730,6735167,727262114.000,2100,106.710,500,106.700,600,106.650,400,106.630,500,106.620,6100,106.730,2300,106.850,100,106.880,1100,106.900,3200,107.160,2020-11-23,13:02:57,00,";
var hq_str_sh603259="药明康德,109.100,109.100,106.970,109.960,106.480,106.970,107.150,6765367,730486560.000,900,106.970,500,106.960,100,106.940,1800,106.930,2100,106.920,800,107.150,3300,107.160,300,107.170,3900,107.200,900,107.270,2020-11-23,13:03:59,00,";
var hq_str_sh603259="药明康德,109.100,109.100,106.880,109.960,106.480,106.770,106.880,6801667,734368423.000,400,106.770,2000,106.750,22400,106.730,1600,106.720,1300,106.710,1500,106.880,200,106.900,1136,106.930,400,106.940,1000,106.960,2020-11-23,13:04:59,00,";
var hq_str_sh603259="药明康德,109.100,109.100,106.800,109.960,106.480,106.800,106.900,6823867,736741033.000,2400,106.800,1300,106.790,1500,106.780,900,106.770,500,106.760,3300,106.900,600,106.920,10036,106.930,200,106.970,100,107.000,2020-11-23,13:05:59,00,";
var hq_str_sh603259="药明康德,109.100,109.100,106.970,109.960,106.480,106.970,107.070,6866303,741278776.000,200,106.970,600,106.950,100,106.920,100,106.900,2300,106.890,4600,107.070,3700,107.200,700,107.270,100,107.300,100,107.440,2020-11-23,13:06:57,00,";
var hq_str_sh603259="药明康德,109.100,109.100,107.010,109.960,106.480,106.980,107.020,6910839,746053302.000,200,106.980,4300,106.970,1100,106.950,500,106.940,700,106.910,2600,107.020,6500,107.100,700,107.200,300,107.300,300,107.390,2020-11-23,13:07:59,00,";
var hq_str_sh603259="药明康德,109.100,109.100,107.120,109.960,106.480,107.100,107.120,6944939,749704050.000,2500,107.100,1700,107.080,800,107.000,1000,106.980,100,106.960,2800,107.120,100,107.170,400,107.180,1200,107.200,3200,107.380,2020-11-23,13:08:57,00,";
var hq_str_sh603259="药明康德,109.100,109.100,107.170,109.960,106.480,107.150,107.170,6968939,752275291.000,4100,107.150,2400,107.140,500,107.130,1400,107.110,3600,107.100,360,107.170,100,107.180,200,107.190,3200,107.200,3500,107.380,2020-11-23,13:09:59,00,";
var hq_str_sh603259="药明康德,109.100,109.100,107.480,109.960,106.480,107.400,107.480,7030139,758849341.000,300,107.400,960,107.390,3500,107.380,600,107.210,400,107.200,2900,107.480,2480,107.490,34400,107.500,200,107.510,2900,107.580,2020-11-23,13:10:57,00,";
var hq_str_sh603259="药明康德,109.100,109.100,107.400,109.960,106.480,107.380,107.400,7054199,761434050.000,3700,107.380,200,107.370,600,107.210,400,107.200,2100,107.180,740,107.400,1600,107.410,4800,107.420,1800,107.430,100,107.460,2020-11-23,13:11:57,00,";
var hq_str_sh603259="药明康德,109.100,109.100,107.290,109.960,106.480,107.240,107.290,7076999,763882030.000,300,107.240,100,107.210,2100,107.200,1800,107.180,200,107.170,600,107.290,2000,107.300,12636,107.370,300,107.380,3840,107.400,2020-11-23,13:12:59,00,";
var hq_str_sh603259="药明康德,109.100,109.100,107.340,109.960,106.480,107.310,107.340,7105122,766898051.000,600,107.310,100,107.280,200,107.270,200,107.260,600,107.240,6180,107.340,200,107.350,800,107.370,200,107.380,200,107.400,2020-11-23,13:13:57,00,";
var hq_str_sh603259="药明康德,109.100,109.100,107.300,109.960,106.480,107.280,107.300,7128622,769419586.000,600,107.280,1000,107.270,100,107.260,400,107.250,600,107.240,2200,107.300,2000,107.330,6400,107.340,100,107.350,800,107.370,2020-11-23,13:14:59,00,";
var hq_str_sh603259="药明康德,109.100,109.100,107.390,109.960,106.480,107.390,107.470,7177442,774657119.000,200,107.390,1600,107.380,200,107.360,200,107.340,700,107.330,100,107.470,400,107.490,32200,107.500,2900,107.580,400,107.600,2020-11-23,13:15:57,00,";
var hq_str_sh603259="药明康德,109.100,109.100,107.580,109.960,106.480,107.530,107.580,7240582,781443288.000,100,107.530,2500,107.510,11200,107.500,100,107.450,600,107.430,900,107.580,300,107.600,100,107.610,1700,107.630,380,107.650,2020-11-23,13:16:59,00,";
var hq_str_sh603259="药明康德,109.100,109.100,107.310,109.960,106.480,107.310,107.490,7306182,788491102.000,260,107.310,1700,107.300,500,107.270,100,107.250,700,107.240,3800,107.490,2700,107.500,1200,107.580,300,107.590,3100,107.600,2020-11-23,13:17:59,00,";
var hq_str_sh603259="药明康德,109.100,109.100,107.300,109.960,106.480,107.300,107.450,7347382,792913807.000,9200,107.300,400,107.280,600,107.270,100,107.250,700,107.240,7300,107.450,100,107.470,400,107.480,500,107.490,3700,107.500,2020-11-23,13:18:59,00,";
var hq_str_sh603259="药明康德,109.100,109.100,107.500,109.960,106.480,107.500,107.600,7397122,798257324.000,400,107.500,4900,107.470,1000,107.450,1600,107.320,1600,107.310,1000,107.600,1700,107.630,380,107.650,100,107.680,5700,107.700,2020-11-23,13:19:59,00,";
var hq_str_sh603259="药明康德,109.100,109.100,107.290,109.960,106.480,107.290,107.300,7449422,803876891.000,200,107.290,300,107.280,500,107.270,700,107.240,200,107.230,500,107.300,1400,107.350,200,107.360,3500,107.450,300,107.460,2020-11-23,13:20:59,00,";
var hq_str_sh603259="药明康德,109.100,109.100,107.220,109.960,106.480,107.210,107.220,7509022,810266972.000,300,107.210,1200,107.190,900,107.150,600,107.140,500,107.120,1600,107.220,900,107.350,160,107.480,100,107.490,33700,107.500,2020-11-23,13:21:59,00,";
var hq_str_sh603259="药明康德,109.100,109.100,107.190,109.960,106.480,107.170,107.190,7536022,813162452.000,200,107.170,900,107.150,600,107.140,500,107.120,400,107.110,800,107.190,100,107.230,200,107.290,100,107.300,4000,107.310,2020-11-23,13:22:59,00,";
var hq_str_sh603259="药明康德,109.100,109.100,107.150,109.960,106.480,107.140,107.150,7558222,815541996.000,600,107.140,200,107.130,500,107.120,600,107.110,600,107.100,600,107.150,1400,107.170,200,107.200,6800,107.230,500,107.260,2020-11-23,13:23:59,00,";
var hq_str_sh603259="药明康德,109.100,109.100,107.360,109.960,106.480,107.360,107.490,7592906,819264765.000,400,107.360,100,107.340,700,107.330,400,107.320,1400,107.310,2100,107.490,26560,107.500,200,107.590,900,107.600,1900,107.630,2020-11-23,13:24:59,00,";
var hq_str_sh603259="药明康德,109.100,109.100,107.260,109.960,106.480,107.260,107.270,7624406,822646464.000,400,107.260,500,107.250,500,107.240,3600,107.230,500,107.210,600,107.270,1000,107.360,700,107.380,300,107.400,100,107.480,2020-11-23,13:25:59,00,";
var hq_str_sh603259="药明康德,109.100,109.100,107.360,109.960,106.480,107.360,107.490,7657906,826242545.000,100,107.360,1300,107.320,700,107.300,200,107.290,1000,107.280,1200,107.490,24160,107.500,200,107.590,2100,107.600,1900,107.630,2020-11-23,13:26:59,00,";
var hq_str_sh603259="药明康德,109.100,109.100,107.380,109.960,106.480,107.370,107.380,7681406,828767185.000,2000,107.370,1100,107.360,700,107.330,500,107.320,1300,107.310,700,107.380,4700,107.390,100,107.470,300,107.480,2100,107.490,2020-11-23,13:27:59,00,";
var hq_str_sh603259="药明康德,109.100,109.100,107.480,109.960,106.480,107.480,107.490,7727537,833725053.000,69,107.480,200,107.470,300,107.400,1900,107.390,900,107.380,1852,107.490,6760,107.500,300,107.590,1000,107.600,1900,107.630,2020-11-23,13:28:59,00,";
var hq_str_sh603259="药明康德,109.100,109.100,107.400,109.960,106.480,107.390,107.400,7748706,835999150.000,200,107.390,1200,107.380,1100,107.370,800,107.360,2000,107.350,500,107.400,1400,107.410,2300,107.430,2500,107.500,100,107.590,2020-11-23,13:29:59,00,";
var hq_str_sh603259="药明康德,109.100,109.100,107.400,109.960,106.480,107.390,107.400,7795466,841022406.000,2900,107.390,400,107.380,800,107.370,900,107.360,2100,107.350,600,107.400,2400,107.480,3500,107.500,100,107.590,1200,107.600,2020-11-23,13:30:59,00,";
var hq_str_sh603259="药明康德,109.100,109.100,107.460,109.960,106.480,107.450,107.460,7832666,845017851.000,5200,107.450,100,107.430,1900,107.420,2700,107.410,800,107.400,400,107.460,10500,107.500,100,107.590,1000,107.600,1900,107.630,2020-11-23,13:31:59,00,";
var hq_str_sh603259="药明康德,109.100,109.100,107.450,109.960,106.480,107.450,107.460,7866166,848618631.000,2300,107.450,1800,107.430,1800,107.420,2700,107.410,800,107.400,7800,107.460,10800,107.500,1000,107.530,1000,107.600,1900,107.630,2020-11-23,13:32:59,00,";
var hq_str_sh603259="药明康德,109.100,109.100,107.310,109.960,106.480,107.310,107.320,7895666,851786559.000,1000,107.310,800,107.300,600,107.290,100,107.280,500,107.270,2300,107.320,100,107.360,6100,107.370,900,107.380,600,107.410,2020-11-23,13:33:59,00,";
var hq_str_sh603259="药明康德,109.100,109.100,107.420,109.960,106.480,107.410,107.420,7926766,855125845.000,1900,107.410,3200,107.400,500,107.390,300,107.370,7700,107.360,1100,107.420,2200,107.460,100,107.480,100,107.490,11100,107.500,2020-11-23,13:34:59,00,";
var hq_str_sh603259="药明康德,109.100,109.100,107.410,109.960,106.480,107.390,107.410,8013466,864443705.000,500,107.390,3400,107.380,900,107.370,5800,107.360,1900,107.350,500,107.410,100,107.420,1400,107.480,10900,107.500,900,107.580,2020-11-23,13:35:59,00,";
var hq_str_sh603259="药明康德,109.100,109.100,107.350,109.960,106.480,107.350,107.380,8060906,869537927.000,1760,107.350,500,107.330,200,107.320,300,107.310,3300,107.300,7900,107.380,3700,107.390,100,107.400,100,107.410,10800,107.500,2020-11-23,13:36:59,00,";
var hq_str_sh603259="药明康德,109.100,109.100,107.240,109.960,106.480,107.240,107.250,8086666,872301579.000,100,107.240,1900,107.210,1800,107.200,500,107.180,2200,107.170,3920,107.250,8500,107.270,100,107.280,600,107.310,100,107.330,2020-11-23,13:37:59,00,";
var hq_str_sh603259="药明康德,109.100,109.100,107.210,109.960,106.480,107.200,107.210,8129566,876901738.000,100,107.200,800,107.190,700,107.180,2200,107.170,900,107.160,4400,107.210,500,107.240,200,107.270,300,107.300,200,107.330,2020-11-23,13:38:59,00,";
var hq_str_sh603259="药明康德,109.100,109.100,107.390,109.960,106.480,107.370,107.380,8158206,879974090.000,100,107.370,1100,107.280,2100,107.270,300,107.260,460,107.250,500,107.380,200,107.400,100,107.410,100,107.480,200,107.490,2020-11-23,13:39:59,00,";
var hq_str_sh603259="药明康德,109.100,109.100,107.300,109.960,106.480,107.280,107.300,8207906,885309856.000,100,107.280,600,107.270,1000,107.260,460,107.250,500,107.240,1800,107.300,5200,107.310,100,107.350,600,107.400,100,107.490,2020-11-23,13:40:59,00,";
var hq_str_sh603259="药明康德,109.100,109.100,107.310,109.960,106.480,107.300,107.310,8232466,887945659.000,1540,107.300,2000,107.290,6100,107.280,4600,107.270,1000,107.260,200,107.310,6000,107.400,100,107.490,10900,107.500,100,107.520,2020-11-23,13:41:59,00,";
var hq_str_sh603259="药明康德,109.100,109.100,107.700,109.960,106.480,107.660,107.700,8287666,893878420.000,100,107.660,1600,107.650,1400,107.630,100,107.620,100,107.510,4580,107.700,600,107.710,200,107.730,1000,107.750,2900,107.770,2020-11-23,13:42:57,00,";
var hq_str_sh603259="药明康德,109.100,109.100,107.550,109.960,106.480,107.530,107.550,8323866,897773466.000,500,107.530,500,107.510,500,107.500,900,107.490,2300,107.480,200,107.550,1900,107.580,600,107.610,200,107.630,6100,107.650,2020-11-23,13:43:59,00,";
var hq_str_sh603259="药明康德,109.100,109.100,107.570,109.960,106.480,107.570,107.650,8384286,904270744.000,280,107.570,300,107.540,200,107.530,500,107.510,1700,107.500,3500,107.650,900,107.670,800,107.690,6200,107.700,500,107.710,2020-11-23,13:44:59,00,";
var hq_str_sh603259="药明康德,109.100,109.100,107.440,109.960,106.480,107.420,107.440,8408286,906851403.000,700,107.420,600,107.390,1700,107.360,200,107.340,500,107.330,600,107.440,7400,107.450,700,107.470,300,107.500,11700,107.510,2020-11-23,13:45:59,00,";
var hq_str_sh603259="药明康德,109.100,109.100,107.310,109.960,106.480,107.310,107.370,8458986,912294630.000,800,107.310,3600,107.300,1240,107.290,5100,107.280,4600,107.270,400,107.370,100,107.470,100,107.500,300,107.510,1000,107.540,2020-11-23,13:46:59,00,";
var hq_str_sh603259="药明康德,109.100,109.100,107.390,109.960,106.480,107.360,107.390,8473686,913873401.000,1300,107.360,100,107.340,1700,107.330,100,107.320,1900,107.310,1800,107.390,100,107.400,3200,107.410,600,107.420,300,107.460,2020-11-23,13:47:59,00,";
var hq_str_sh603259="药明康德,109.100,109.100,107.410,109.960,106.480,107.400,107.410,8503486,917073934.000,1600,107.400,2600,107.390,500,107.370,1300,107.360,5000,107.340,1100,107.410,1500,107.460,100,107.480,200,107.490,1000,107.540,2020-11-23,13:48:59,00,";
var hq_str_sh603259="药明康德,109.100,109.100,107.410,109.960,106.480,107.400,107.410,8525386,919426277.000,600,107.400,2700,107.390,100,107.380,400,107.370,1700,107.360,1500,107.410,2300,107.420,200,107.430,100,107.450,700,107.460,2020-11-23,13:49:59,00,";
var hq_str_sh603259="药明康德,109.100,109.100,107.340,109.960,106.480,107.340,107.350,8556286,922744705.000,4900,107.340,2000,107.330,2000,107.310,5200,107.300,1240,107.290,200,107.350,4000,107.360,200,107.380,1300,107.390,3900,107.400,2020-11-23,13:50:59,00,";
var hq_str_sh603259="药明康德,109.100,109.100,107.410,109.960,106.480,107.400,107.410,8595886,926995409.000,700,107.400,400,107.390,1000,107.360,400,107.340,100,107.330,900,107.410,300,107.430,600,107.460,400,107.480,400,107.490,2020-11-23,13:51:59,00,";
var hq_str_sh603259="药明康德,109.100,109.100,107.340,109.960,106.480,107.330,107.340,8609886,928498525.000,1800,107.330,400,107.320,600,107.310,6100,107.300,1240,107.290,300,107.340,5600,107.350,2800,107.360,100,107.420,1000,107.460,2020-11-23,13:52:59,00,";
var hq_str_sh603259="药明康德,109.100,109.100,107.450,109.960,106.480,107.430,107.440,8639386,931666196.000,600,107.430,200,107.410,500,107.390,2700,107.370,600,107.360,500,107.440,100,107.450,500,107.460,1100,107.480,400,107.490,2020-11-23,13:53:59,00,";
var hq_str_sh603259="药明康德,109.100,109.100,107.430,109.960,106.480,107.430,107.440,8664286,934341109.000,800,107.430,2100,107.420,100,107.410,800,107.400,1600,107.390,1600,107.440,1100,107.450,600,107.460,1200,107.480,400,107.490,2020-11-23,13:54:59,00,";
var hq_str_sh603259="药明康德,109.100,109.100,107.320,109.960,106.480,107.310,107.320,8690186,937121497.000,700,107.310,6300,107.300,1240,107.290,5400,107.280,4800,107.270,500,107.320,1400,107.330,7500,107.350,1500,107.360,100,107.410,2020-11-23,13:55:59,00,";
var hq_str_sh603259="药明康德,109.100,109.100,107.290,109.960,106.480,107.290,107.300,8716886,939986458.000,140,107.290,5600,107.280,4800,107.270,1000,107.260,660,107.250,3800,107.300,3100,107.310,10000,107.320,100,107.330,1000,107.350,2020-11-23,13:56:59,00,";
var hq_str_sh603259="药明康德,109.100,109.100,107.280,109.960,106.480,107.270,107.280,8759626,944571983.000,4700,107.270,1000,107.260,1660,107.250,500,107.240,700,107.230,400,107.280,1880,107.310,700,107.320,100,107.330,1000,107.350,2020-11-23,13:57:59,00,";
var hq_str_sh603259="药明康德,109.100,109.100,107.210,109.960,106.480,107.210,107.220,8794426,948303992.000,2960,107.210,2300,107.200,500,107.190,500,107.180,200,107.170,2000,107.220,5300,107.230,200,107.250,1300,107.260,1600,107.270,2020-11-23,13:58:59,00,";
var hq_str_sh603259="药明康德,109.100,109.100,107.310,109.960,106.480,107.320,107.330,8836106,952776419.000,1200,107.320,2020,107.310,600,107.300,500,107.270,100,107.260,8800,107.330,7800,107.350,100,107.460,500,107.480,200,107.490,2020-11-23,13:59:59,00,";
var hq_str_sh603259="药明康德,109.100,109.100,107.200,109.960,106.480,107.130,107.190,8896186,959216153.000,300,107.130,1000,107.110,500,107.100,900,107.090,700,107.080,100,107.190,3560,107.200,2000,107.210,100,107.220,100,107.250,2020-11-23,14:00:59,00,";
var hq_str_sh603259="药明康德,109.100,109.100,107.080,109.960,106.480,107.070,107.080,8927986,962622014.000,100,107.070,500,107.060,1500,107.050,100,107.040,700,107.030,900,107.080,1700,107.100,2100,107.200,100,107.220,2000,107.230,2020-11-23,14:01:59,00,";
var hq_str_sh603259="药明康德,109.100,109.100,107.160,109.960,106.480,107.160,107.200,8965441,966633230.000,14800,107.160,200,107.100,300,107.060,100,107.050,1300,107.040,5400,107.200,100,107.220,2300,107.230,500,107.280,200,107.300,2020-11-23,14:02:59,00,";
var hq_str_sh603259="药明康德,109.100,109.100,107.160,109.960,106.480,107.020,107.160,9028581,973395384.000,2460,107.020,39145,107.000,500,106.980,900,106.970,300,106.960,600,107.160,2300,107.170,1600,107.180,1800,107.190,1200,107.200,2020-11-23,14:03:59,00,";
var hq_str_sh603259="药明康德,109.100,109.100,107.220,109.960,106.480,107.220,107.230,9058741,976628653.000,40,107.220,2000,107.210,9300,107.200,1600,107.190,1500,107.180,400,107.230,9100,107.270,6000,107.330,400,107.460,500,107.480,2020-11-23,14:04:59,00,";
var hq_str_sh603259="药明康德,109.100,109.100,107.400,109.960,106.480,107.370,107.380,9099341,980985022.000,20900,107.370,1800,107.270,500,107.250,500,107.240,100,107.230,1100,107.380,200,107.390,1000,107.400,500,107.460,500,107.480,2020-11-23,14:05:59,00,";
var hq_str_sh603259="药明康德,109.100,109.100,107.370,109.960,106.480,107.370,107.400,9119441,983144054.000,1300,107.370,500,107.360,500,107.330,200,107.310,1000,107.300,500,107.400,100,107.410,2900,107.420,400,107.460,2300,107.470,2020-11-23,14:06:59,00,";
var hq_str_sh603259="药明康德,109.100,109.100,107.270,109.960,106.480,107.270,107.280,9153341,986782637.000,700,107.270,1600,107.260,500,107.240,700,107.220,700,107.210,600,107.280,5100,107.310,600,107.330,100,107.340,16200,107.360,2020-11-23,14:07:59,00,";
var hq_str_sh603259="药明康德,109.100,109.100,107.220,109.960,106.480,107.220,107.360,9189941,990708581.000,2100,107.220,900,107.210,12200,107.200,1000,107.190,1600,107.180,14000,107.360,100,107.370,200,107.390,100,107.400,200,107.420,2020-11-23,14:08:59,00,";
var hq_str_sh603259="药明康德,109.100,109.100,107.270,109.960,106.480,107.250,107.280,9221741,994121355.000,200,107.250,700,107.240,1500,107.230,2500,107.220,900,107.210,3200,107.280,500,107.290,2200,107.330,5000,107.340,12800,107.360,2020-11-23,14:09:59,00,";
var hq_str_sh603259="药明康德,109.100,109.100,107.100,109.960,106.480,107.060,107.100,9285741,1000977270.000,7800,107.060,300,107.050,2200,107.040,100,107.030,2500,107.020,1800,107.100,100,107.110,100,107.120,1200,107.130,1100,107.180,2020-11-23,14:10:59,00,";
var hq_str_sh603259="药明康德,109.100,109.100,107.100,109.960,106.480,107.100,107.150,9323741,1005048922.000,200,107.100,1100,107.090,2000,107.060,1000,107.050,100,107.030,12944,107.150,4200,107.160,300,107.170,2800,107.190,100,107.200,2020-11-23,14:11:59,00,";
var hq_str_sh603259="药明康德,109.100,109.100,107.160,109.960,106.480,107.160,107.170,9381945,1011283885.000,2096,107.160,500,107.100,100,107.090,200,107.070,3200,107.060,1900,107.170,3500,107.190,100,107.200,300,107.230,1000,107.350,2020-11-23,14:12:59,00,";
var hq_str_sh603259="药明康德,109.100,109.100,106.990,109.960,106.480,106.980,107.000,9445486,1018084375.000,900,106.980,900,106.970,200,106.960,100,106.950,500,106.940,6055,107.000,3200,107.010,800,107.020,3700,107.030,10750,107.050,2020-11-23,14:13:59,00,";
var hq_str_sh603259="药明康德,109.100,109.100,107.000,109.960,106.480,106.990,107.000,9494386,1023317888.000,1600,106.990,1000,106.980,1100,106.970,200,106.960,200,106.950,8800,107.000,200,107.020,2900,107.040,3105,107.070,200,107.120,2020-11-23,14:14:59,00,";
var hq_str_sh603259="药明康德,109.100,109.100,107.010,109.960,106.480,107.010,107.090,9532486,1027393412.000,14800,107.010,500,106.950,100,106.940,1100,106.930,1800,106.910,2500,107.090,1600,107.190,100,107.200,300,107.230,100,107.300,2020-11-23,14:15:59,00,";
var hq_str_sh603259="药明康德,109.100,109.100,107.000,109.960,106.480,106.980,107.000,9592386,1033803958.000,100,106.980,800,106.950,800,106.940,100,106.930,2600,106.910,3700,107.000,200,107.030,2000,107.050,600,107.080,800,107.090,2020-11-23,14:16:59,00,";
var hq_str_sh603259="药明康德,109.100,109.100,107.090,109.960,106.480,107.010,107.090,9631786,1038019202.000,1400,107.010,300,106.950,3300,106.920,5100,106.910,10300,106.900,400,107.090,200,107.120,1300,107.190,200,107.200,300,107.230,2020-11-23,14:17:59,00,";
var hq_str_sh603259="药明康德,109.100,109.100,107.010,109.960,106.480,107.010,107.050,9678386,1043005492.000,7100,107.010,200,107.000,400,106.980,800,106.970,1000,106.960,400,107.050,1800,107.090,100,107.100,200,107.120,1300,107.190,2020-11-23,14:18:59,00,";
var hq_str_sh603259="药明康德,109.100,109.100,107.090,109.960,106.480,107.090,107.140,9709086,1046292546.000,3100,107.090,30100,107.080,100,107.070,100,107.060,6500,107.050,600,107.140,1300,107.180,1100,107.190,9600,107.200,100,107.300,2020-11-23,14:19:59,00,";
var hq_str_sh603259="药明康德,109.100,109.100,106.980,109.960,106.480,106.980,106.990,9770986,1052919940.000,3500,106.980,2300,106.970,400,106.960,10900,106.950,500,106.940,500,106.990,400,107.000,300,107.050,4800,107.060,1500,107.080,2020-11-23,14:20:57,00,";
var hq_str_sh603259="药明康德,109.100,109.100,106.950,109.960,106.480,106.950,107.000,9839586,1060259052.000,3600,106.950,600,106.940,800,106.930,3500,106.920,4800,106.910,1000,107.000,9600,107.030,900,107.040,300,107.050,1700,107.060,2020-11-23,14:21:59,00,";
var hq_str_sh603259="药明康德,109.100,109.100,107.060,109.960,106.480,107.040,107.080,9886356,1065263408.000,18030,107.040,100,106.960,1300,106.950,700,106.940,1000,106.930,1500,107.080,200,107.180,1100,107.190,100,107.200,100,107.300,2020-11-23,14:22:59,00,";
var hq_str_sh603259="药明康德,109.100,109.100,106.970,109.960,106.480,106.970,106.990,9925986,1069504650.000,1300,106.970,1500,106.960,1400,106.950,700,106.940,1000,106.930,1300,106.990,2900,107.000,100,107.010,500,107.020,1500,107.030,2020-11-23,14:23:59,00,";
var hq_str_sh603259="药明康德,109.100,109.100,107.200,109.960,106.480,107.200,107.300,9959233,1073064975.000,1200,107.200,24100,107.190,200,107.110,500,107.100,300,107.090,1800,107.300,1100,107.350,200,107.390,500,107.400,200,107.420,2020-11-23,14:24:59,00,";
var hq_str_sh603259="药明康德,109.100,109.100,107.230,109.960,106.480,107.220,107.230,9982933,1075606707.000,500,107.220,800,107.210,600,107.200,500,107.190,500,107.180,100,107.230,2200,107.240,1000,107.260,600,107.270,200,107.290,2020-11-23,14:25:59,00,";
var hq_str_sh603259="药明康德,109.100,109.100,107.150,109.960,106.480,107.150,107.180,10012033,1078728683.000,400,107.150,600,107.120,1100,107.100,600,107.090,800,107.060,1900,107.180,2500,107.200,3700,107.210,3400,107.220,4700,107.230,2020-11-23,14:26:59,00,";
var hq_str_sh603259="药明康德,109.100,109.100,107.110,109.960,106.480,107.100,107.110,10043833,1082136053.000,2800,107.100,500,107.090,100,107.080,1200,107.060,300,107.050,1300,107.110,300,107.130,2800,107.150,1200,107.220,100,107.230,2020-11-23,14:27:59,00,";
var hq_str_sh603259="药明康德,109.100,109.100,107.060,109.960,106.480,107.040,107.060,10073133,1085274591.000,600,107.040,700,107.030,900,107.020,1600,107.010,2800,107.000,3000,107.060,700,107.070,2400,107.090,4100,107.100,100,107.150,2020-11-23,14:28:59,00,";
var hq_str_sh603259="药明康德,109.100,109.100,107.030,109.960,106.480,107.030,107.120,10115213,1089779902.000,220,107.030,1200,107.020,1600,107.010,8700,107.000,900,106.990,2500,107.120,5900,107.130,100,107.150,1420,107.300,600,107.350,2020-11-23,14:29:59,00,";
var hq_str_sh603259="药明康德,109.100,109.100,107.030,109.960,106.480,107.020,107.030,10130233,1091387806.000,1000,107.020,1900,107.010,9800,107.000,900,106.990,800,106.980,3680,107.030,1200,107.040,7300,107.050,100,107.120,1820,107.300,2020-11-23,14:30:59,00,";
var hq_str_sh603259="药明康德,109.100,109.100,107.010,109.960,106.480,107.000,107.010,10186933,1097455843.000,7400,107.000,900,106.990,1000,106.980,2100,106.970,3900,106.960,2800,107.010,2020,107.300,600,107.350,100,107.380,200,107.390,2020-11-23,14:31:59,00,";
var hq_str_sh603259="药明康德,109.100,109.100,106.930,109.960,106.480,106.920,106.930,10221733,1101178689.000,300,106.920,3400,106.910,20300,106.900,600,106.890,4300,106.880,100,106.930,3400,106.940,200,106.960,200,106.970,1600,106.980,2020-11-23,14:32:59,00,";
var hq_str_sh603259="药明康德,109.100,109.100,106.960,109.960,106.480,106.940,106.960,10256333,1104880540.000,2800,106.940,800,106.930,1200,106.920,6800,106.910,21200,106.900,500,106.960,1200,106.980,8300,107.020,300,107.180,100,107.290,2020-11-23,14:33:59,00,";
var hq_str_sh603259="药明康德,109.100,109.100,107.110,109.960,106.480,107.050,107.110,10285733,1108025027.000,100,107.050,15600,107.040,100,107.000,3200,106.940,7400,106.930,5100,107.110,100,107.180,100,107.230,100,107.290,2420,107.300,2020-11-23,14:34:59,00,";
var hq_str_sh603259="药明康德,109.100,109.100,106.990,109.960,106.480,106.950,106.990,10317133,1111386128.000,200,106.950,1900,106.940,6400,106.930,1200,106.920,6100,106.910,2200,106.990,2400,107.000,1100,107.020,1900,107.030,2100,107.040,2020-11-23,14:35:59,00,";
var hq_str_sh603259="药明康德,109.100,109.100,106.990,109.960,106.480,106.980,107.000,10343233,1114178141.000,400,106.980,600,106.970,500,106.960,2000,106.950,3400,106.940,800,107.000,600,107.020,1900,107.030,1000,107.040,4200,107.050,2020-11-23,14:36:59,00,";
var hq_str_sh603259="药明康德,109.100,109.100,107.000,109.960,106.480,106.990,107.000,10398833,1120127346.000,1800,106.990,1900,106.970,2500,106.960,3800,106.950,2100,106.940,7216,107.000,600,107.040,4200,107.050,2800,107.100,100,107.180,2020-11-23,14:37:59,00,";
var hq_str_sh603259="药明康德,109.100,109.100,106.980,109.960,106.480,106.970,106.980,10425533,1122983937.000,4200,106.970,4200,106.960,3800,106.950,3000,106.940,6800,106.930,1895,106.980,5000,106.990,12000,107.000,500,107.040,2600,107.050,2020-11-23,14:38:59,00,";
var hq_str_sh603259="药明康德,109.100,109.100,107.000,109.960,106.480,107.000,107.100,10484922,1129337618.000,7000,107.000,4400,106.980,100,106.970,40400,106.960,3900,106.950,1700,107.100,100,107.160,100,107.180,1700,107.280,100,107.290,2020-11-23,14:39:59,00,";
var hq_str_sh603259="药明康德,109.100,109.100,107.140,109.960,106.480,107.120,107.140,10509842,1132006763.000,100,107.120,2380,107.110,900,107.100,300,107.080,1100,107.070,700,107.140,3100,107.160,1000,107.170,800,107.180,1800,107.280,2020-11-23,14:40:59,00,";
var hq_str_sh603259="药明康德,109.100,109.100,107.060,109.960,106.480,107.010,107.060,10549823,1136286996.000,13400,107.010,4899,107.000,200,106.990,1500,106.980,1300,106.970,1500,107.060,200,107.100,100,107.160,2100,107.280,100,107.290,2020-11-23,14:41:59,00,";
var hq_str_sh603259="药明康德,109.100,109.100,107.110,109.960,106.480,107.080,107.110,10589523,1140536270.000,2500,107.080,2500,107.060,4700,107.040,6000,107.030,100,107.020,700,107.110,200,107.130,200,107.140,100,107.160,2100,107.280,2020-11-23,14:42:59,00,";
var hq_str_sh603259="药明康德,109.100,109.100,106.990,109.960,106.480,106.980,106.990,10632322,1145117475.000,4700,106.980,900,106.970,47900,106.960,2200,106.950,2800,106.940,1000,106.990,14301,107.000,200,107.030,6500,107.040,3100,107.060,2020-11-23,14:43:59,00,";
var hq_str_sh603259="药明康德,109.100,109.100,106.850,109.960,106.480,106.830,106.850,10753322,1158056189.000,500,106.830,500,106.820,600,106.810,12400,106.800,700,106.790,200,106.850,2000,106.860,100,106.870,100,106.880,500,106.890,2020-11-23,14:44:59,00,";
var hq_str_sh603259="药明康德,109.100,109.100,106.840,109.960,106.480,106.830,106.840,10801925,1163248672.000,700,106.830,2497,106.820,2000,106.810,7600,106.800,900,106.790,7700,106.840,10140,106.850,1900,106.860,200,106.870,33000,106.900,2020-11-23,14:45:59,00,";
var hq_str_sh603259="药明康德,109.100,109.100,106.820,109.960,106.480,106.820,106.830,10867922,1170299346.000,3100,106.820,5600,106.810,6400,106.800,900,106.790,1300,106.780,100,106.830,2189,106.840,200,106.860,29300,106.900,200,106.920,2020-11-23,14:46:59,00,";
var hq_str_sh603259="药明康德,109.100,109.100,106.930,109.960,106.480,106.930,106.940,10956691,1179789556.000,100,106.930,1100,106.900,4200,106.880,3111,106.870,400,106.860,200,106.940,1900,106.960,200,106.970,1500,106.990,3800,107.000,2020-11-23,14:47:59,00,";
var hq_str_sh603259="药明康德,109.100,109.100,107.030,109.960,106.480,107.020,107.030,10980251,1182310337.000,1200,107.020,3600,107.010,13300,107.000,2900,106.990,3400,106.980,2300,107.030,200,107.060,800,107.150,100,107.160,1820,107.200,2020-11-23,14:48:59,00,";
var hq_str_sh603259="药明康德,109.100,109.100,107.120,109.960,106.480,107.130,107.200,11009164,1185405827.000,300,107.130,800,107.120,100,107.110,500,107.100,500,107.090,1820,107.200,200,107.230,600,107.280,500,107.290,1620,107.300,2020-11-23,14:49:59,00,";
var hq_str_sh603259="药明康德,109.100,109.100,107.300,109.960,106.480,107.280,107.300,11043022,1189037867.000,400,107.280,1408,107.270,500,107.250,400,107.240,500,107.230,4200,107.300,300,107.320,300,107.350,600,107.360,1000,107.370,2020-11-23,14:50:59,00,";
var hq_str_sh603259="药明康德,109.100,109.100,107.260,109.960,106.480,107.250,107.270,11085630,1193608389.000,200,107.250,1800,107.230,500,107.210,4634,107.200,600,107.190,900,107.270,2300,107.300,300,107.350,1000,107.360,1000,107.370,2020-11-23,14:51:59,00,";
var hq_str_sh603259="药明康德,109.100,109.100,107.250,109.960,106.480,107.240,107.250,11116630,1196933274.000,200,107.240,1700,107.210,6934,107.200,600,107.190,200,107.180,940,107.250,100,107.260,200,107.270,600,107.280,3000,107.300,2020-11-23,14:52:59,00,";
var hq_str_sh603259="药明康德,109.100,109.100,107.270,109.960,106.480,107.250,107.270,11156570,1201216795.000,100,107.250,400,107.240,300,107.230,1700,107.220,500,107.210,300,107.270,100,107.300,200,107.310,300,107.340,4000,107.350,2020-11-23,14:53:59,00,";
var hq_str_sh603259="药明康德,109.100,109.100,107.240,109.960,106.480,107.240,107.250,11178770,1203598228.000,8100,107.240,3200,107.230,3900,107.220,500,107.210,434,107.200,400,107.250,5600,107.300,400,107.310,2200,107.340,3800,107.350,2020-11-23,14:54:59,00,";
var hq_str_sh603259="药明康德,109.100,109.100,107.300,109.960,106.480,107.300,107.310,11199890,1205863883.000,3200,107.300,200,107.290,2880,107.250,900,107.240,1000,107.230,400,107.310,3100,107.340,3800,107.350,700,107.360,1100,107.380,2020-11-23,14:55:59,00,";
var hq_str_sh603259="药明康德,109.100,109.100,107.320,109.960,106.480,107.300,107.320,11230390,1209136722.000,1000,107.300,2400,107.290,300,107.280,600,107.270,4280,107.250,100,107.320,1100,107.330,3200,107.340,3000,107.350,700,107.360,2020-11-23,14:56:59,00,";
var hq_str_sh603259="药明康德,109.100,109.100,107.320,109.960,106.480,107.500,107.500,11230390,1209136722.000,40500,107.500,0,0.000,0,0.000,0,0.000,0,0.000,40500,107.500,1349,0.000,0,0.000,0,0.000,0,0.000,2020-11-23,14:57:59,00,";
var hq_str_sh603259="药明康德,109.100,109.100,107.320,109.960,106.480,107.550,107.550,11230390,1209136722.000,60649,107.550,18951,0.000,0,0.000,0,0.000,0,0.000,60649,107.550,0,0.000,0,0.000,0,0.000,0,0.000,2020-11-23,14:58:59,00,";
