var hq_str_sh603259="药明康德,104.800,103.480,104.890,105.000,104.800,104.890,104.960,131186,13753335.000,100,104.890,714,104.880,300,104.830,1000,104.810,2300,104.800,1000,104.960,9700,104.980,700,104.990,1040,105.000,200,105.030,2020-07-15,09:30:02,00,";
var hq_str_sh603259="药明康德,104.800,103.480,104.010,105.000,104.000,104.000,104.010,390420,40835436.000,22880,104.000,100,103.990,5200,103.950,100,103.920,300,103.900,7000,104.010,100,104.100,100,104.110,100,104.120,100,104.200,2020-07-15,09:30:56,00,";
var hq_str_sh603259="药明康德,104.800,103.480,104.260,105.000,104.000,104.260,104.300,657490,68748226.000,700,104.260,3300,104.250,100,104.230,5000,104.210,4000,104.200,1000,104.300,1500,104.370,400,104.480,500,104.580,10800,104.600,2020-07-15,09:31:59,00,";
var hq_str_sh603259="药明康德,104.800,103.480,105.300,105.550,104.000,105.130,105.300,940532,98442528.000,600,105.130,600,105.120,28700,105.090,1600,105.080,100,105.070,791,105.300,2000,105.350,2700,105.440,900,105.500,3300,105.550,2020-07-15,09:32:59,00,";
var hq_str_sh603259="药明康德,104.800,103.480,105.500,105.740,104.000,105.450,105.500,1202179,126012004.000,4504,105.450,300,105.440,400,105.400,27040,105.310,1400,105.290,200,105.500,100,105.510,300,105.600,200,105.610,500,105.680,2020-07-15,09:33:56,00,";
var hq_str_sh603259="药明康德,104.800,103.480,105.100,105.740,104.000,105.100,105.260,1456363,152772313.000,100,105.100,3200,105.000,200,104.940,3000,104.800,2000,104.750,100,105.260,1100,105.290,33640,105.300,300,105.310,300,105.330,2020-07-15,09:34:59,00,";
var hq_str_sh603259="药明康德,104.800,103.480,105.300,105.740,104.000,105.290,105.300,1825963,191710544.000,200,105.290,2700,105.260,200,105.180,8500,105.100,2300,105.000,700,105.300,6140,105.310,1900,105.330,5400,105.490,5400,105.500,2020-07-15,09:35:59,00,";
var hq_str_sh603259="药明康德,104.800,103.480,105.330,105.740,104.000,105.330,105.440,2024657,212640112.000,2500,105.330,10646,105.320,300,105.310,700,105.160,300,105.120,4200,105.440,712,105.450,200,105.460,100,105.470,2900,105.500,2020-07-15,09:36:59,00,";
var hq_str_sh603259="药明康德,104.800,103.480,105.910,106.000,104.000,105.900,105.910,2386253,250886307.000,19800,105.900,2400,105.890,1500,105.880,2900,105.700,1700,105.690,500,105.910,14583,105.980,1900,105.990,41235,106.000,500,106.010,2020-07-15,09:37:53,00,";
var hq_str_sh603259="药明康德,104.800,103.480,105.150,106.000,104.000,105.150,105.220,2693293,283255967.000,5200,105.150,2300,105.140,300,105.130,300,105.110,12100,105.100,7100,105.220,100,105.300,6700,105.330,100,105.350,400,105.380,2020-07-15,09:38:59,00,";
var hq_str_sh603259="药明康德,104.800,103.480,105.330,106.000,104.000,105.330,105.390,2877993,302695681.000,100,105.330,1700,105.320,200,105.310,700,105.300,7700,105.220,1200,105.390,4400,105.400,5700,105.410,4600,105.430,200,105.440,2020-07-15,09:39:59,00,";
var hq_str_sh603259="药明康德,104.800,103.480,105.880,106.000,104.000,105.800,105.880,3077157,323716441.000,1600,105.800,100,105.790,100,105.770,200,105.680,2700,105.600,100,105.880,15940,105.900,300,105.910,100,105.920,5200,105.950,2020-07-15,09:40:59,00,";
var hq_str_sh603259="药明康德,104.800,103.480,106.200,106.280,104.000,106.200,106.270,3402977,358263449.000,100,106.200,200,106.180,1400,106.160,300,106.150,2015,106.110,2000,106.270,200,106.280,400,106.290,4300,106.300,2500,106.330,2020-07-15,09:41:59,00,";
var hq_str_sh603259="药明康德,104.800,103.480,106.000,106.280,104.000,105.970,106.000,3645892,384032196.000,1100,105.970,100,105.950,1400,105.940,100,105.930,500,105.920,1960,106.000,300,106.010,1500,106.020,6740,106.030,300,106.050,2020-07-15,09:42:59,00,";
var hq_str_sh603259="药明康德,104.800,103.480,106.290,106.300,104.000,106.290,106.300,3952593,416581538.000,17300,106.290,6360,106.200,1700,106.190,5300,106.100,100,106.080,11740,106.300,400,106.320,2600,106.330,200,106.340,4500,106.350,2020-07-15,09:43:59,00,";
var hq_str_sh603259="药明康德,104.800,103.480,106.110,106.330,104.000,106.110,106.190,4145953,437114913.000,600,106.110,16500,106.100,1100,105.910,600,105.900,2700,105.890,100,106.190,700,106.200,100,106.210,2280,106.240,100,106.250,2020-07-15,09:44:59,00,";
var hq_str_sh603259="药明康德,104.800,103.480,105.890,106.330,104.000,105.800,105.830,4366673,460486493.000,16000,105.800,300,105.660,500,105.640,2200,105.600,3900,105.520,100,105.830,5600,105.890,200,105.900,100,105.910,1100,106.000,2020-07-15,09:45:59,00,";
var hq_str_sh603259="药明康德,104.800,103.480,105.900,106.330,104.000,105.800,105.900,4555373,480482403.000,4100,105.800,500,105.640,100,105.600,1000,105.520,1900,105.510,18500,105.900,3400,105.930,1200,105.940,3000,106.000,800,106.090,2020-07-15,09:46:59,00,";
var hq_str_sh603259="药明康德,104.800,103.480,105.500,106.330,104.000,105.320,105.510,4724673,498358911.000,600,105.320,11200,105.310,4800,105.300,100,105.230,7200,105.220,400,105.510,300,105.520,3500,105.560,100,105.600,200,105.800,2020-07-15,09:47:59,00,";
var hq_str_sh603259="药明康德,104.800,103.480,105.480,106.330,104.000,105.480,105.560,4827933,509258116.000,3140,105.480,1000,105.470,100,105.450,5200,105.430,1100,105.350,3900,105.560,5705,105.580,2000,105.590,3600,105.600,100,105.640,2020-07-15,09:48:59,00,";
var hq_str_sh603259="药明康德,104.800,103.480,105.120,106.330,104.000,105.120,105.220,4969773,524195214.000,2300,105.120,2100,105.110,5300,105.100,1100,105.080,200,105.030,3500,105.220,1300,105.230,1700,105.240,300,105.270,500,105.280,2020-07-15,09:49:59,00,";
var hq_str_sh603259="药明康德,104.800,103.480,105.500,106.330,104.000,105.460,105.500,5152053,543387224.000,1900,105.460,100,105.430,14100,105.420,1300,105.410,500,105.320,400,105.500,700,105.550,1300,105.560,1700,105.570,897,105.580,2020-07-15,09:50:59,00,";
var hq_str_sh603259="药明康德,104.800,103.480,105.860,106.330,104.000,105.850,105.860,5258453,554633533.000,100,105.850,9400,105.840,100,105.800,200,105.780,500,105.690,400,105.860,10100,105.870,6163,105.880,600,105.890,2600,105.900,2020-07-15,09:51:59,00,";
var hq_str_sh603259="药明康德,104.800,103.480,106.100,106.330,104.000,106.100,106.120,5422788,572039968.000,22328,106.100,900,106.080,200,106.060,400,106.040,1200,106.030,300,106.120,400,106.150,400,106.160,400,106.170,1800,106.180,2020-07-15,09:52:56,00,";
var hq_str_sh603259="药明康德,104.800,103.480,106.400,106.450,104.000,106.400,106.450,5566460,587303776.000,200,106.400,1600,106.380,17600,106.370,400,106.350,2700,106.340,1300,106.450,300,106.460,5600,106.470,1520,106.480,3200,106.490,2020-07-15,09:53:59,00,";
var hq_str_sh603259="药明康德,104.800,103.480,106.720,106.770,104.000,106.710,106.760,5799172,612090642.000,500,106.710,1000,106.700,2500,106.680,300,106.660,15500,106.650,5000,106.760,820,106.770,1400,106.780,15600,106.800,1000,106.830,2020-07-15,09:54:59,00,";
var hq_str_sh603259="药明康德,104.800,103.480,107.080,107.100,104.000,107.080,107.100,6054192,639357900.000,4200,107.080,1600,107.030,33800,107.000,400,106.980,2900,106.970,1300,107.100,1100,107.130,100,107.160,100,107.180,100,107.190,2020-07-15,09:55:59,00,";
var hq_str_sh603259="药明康德,104.800,103.480,107.940,107.940,104.000,107.900,107.940,6194304,654425112.000,3900,107.900,1000,107.880,18500,107.860,8400,107.850,600,107.830,60,107.940,1000,107.950,100,107.960,500,107.970,600,107.980,2020-07-15,09:56:56,00,";
var hq_str_sh603259="药明康德,104.800,103.480,107.430,108.100,104.000,107.410,107.430,6470904,684283982.000,1600,107.410,1800,107.390,7248,107.380,740,107.350,12000,107.330,3800,107.430,8300,107.510,3100,107.540,1400,107.560,600,107.580,2020-07-15,09:57:59,00,";
var hq_str_sh603259="药明康德,104.800,103.480,107.660,108.100,104.000,107.660,107.800,6725404,711666751.000,600,107.660,3200,107.630,1300,107.600,200,107.580,19900,107.530,3380,107.800,5000,107.890,500,107.900,100,107.950,1500,107.960,2020-07-15,09:58:59,00,";
var hq_str_sh603259="药明康德,104.800,103.480,107.920,108.100,104.000,107.740,107.880,7029844,744537985.000,200,107.740,500,107.700,1460,107.690,700,107.660,900,107.650,600,107.880,700,107.910,2800,107.920,900,107.950,800,107.960,2020-07-15,09:59:59,00,";
var hq_str_sh603259="药明康德,104.800,103.480,107.780,108.100,104.000,107.780,107.790,7284844,772033284.000,400,107.780,300,107.730,1000,107.710,4900,107.700,100,107.660,1200,107.790,200,107.800,1500,107.850,2100,107.870,3300,107.880,2020-07-15,10:00:59,00,";
var hq_str_sh603259="药明康德,104.800,103.480,108.090,108.100,104.000,108.080,108.090,7554116,801113376.000,3000,108.080,29000,108.070,1580,108.060,1000,108.040,2008,108.000,14400,108.090,3000,108.100,400,108.110,200,108.120,1100,108.130,2020-07-15,10:01:59,00,";
var hq_str_sh603259="药明康德,104.800,103.480,107.780,108.100,104.000,107.750,107.780,7785904,826146807.000,1000,107.750,300,107.730,2200,107.700,400,107.690,200,107.660,1600,107.780,4700,107.860,12900,107.880,2000,107.900,1100,107.910,2020-07-15,10:02:59,00,";
var hq_str_sh603259="药明康德,104.800,103.480,108.000,108.100,104.000,107.990,108.000,7943982,843195964.000,2100,107.990,100,107.980,100,107.910,500,107.900,300,107.860,2960,108.000,3300,108.010,200,108.030,100,108.040,2000,108.050,2020-07-15,10:03:59,00,";
var hq_str_sh603259="药明康德,104.800,103.480,107.900,108.100,104.000,107.900,107.980,8065382,856301329.000,1200,107.900,2300,107.890,1300,107.860,2200,107.850,800,107.800,1000,107.980,300,107.990,18883,108.000,2300,108.010,500,108.020,2020-07-15,10:04:59,00,";
var hq_str_sh603259="药明康德,104.800,103.480,108.320,108.330,104.000,108.300,108.320,8293871,880992045.000,1148,108.300,100,108.260,14300,108.250,200,108.210,12208,108.200,1800,108.320,860,108.330,300,108.350,140,108.360,1500,108.380,2020-07-15,10:05:59,00,";
var hq_str_sh603259="药明康德,104.800,103.480,108.300,108.450,104.000,108.280,108.300,8459111,898889328.000,660,108.280,2400,108.270,300,108.190,200,108.170,2000,108.160,10680,108.300,1500,108.310,600,108.320,5000,108.370,700,108.380,2020-07-15,10:06:59,00,";
var hq_str_sh603259="药明康德,104.800,103.480,108.180,108.450,104.000,108.000,108.010,8603011,914459701.000,400,108.000,800,107.990,200,107.980,100,107.930,800,107.900,800,108.010,600,108.160,4600,108.180,48260,108.200,1480,108.210,2020-07-15,10:07:59,00,";
var hq_str_sh603259="药明康德,104.800,103.480,107.650,108.450,104.000,107.650,107.660,8715011,926547521.000,2000,107.650,300,107.640,100,107.630,900,107.620,900,107.600,100,107.660,700,107.670,300,107.710,1800,107.780,4500,107.800,2020-07-15,10:08:59,00,";
var hq_str_sh603259="药明康德,104.800,103.480,107.600,108.450,104.000,107.600,107.610,8811311,936915207.000,2300,107.600,1200,107.580,14700,107.570,1000,107.560,7400,107.530,100,107.610,500,107.870,5800,107.890,500,107.900,200,107.980,2020-07-15,10:09:59,00,";
var hq_str_sh603259="药明康德,104.800,103.480,107.510,108.450,104.000,107.510,107.560,8911311,947675634.000,800,107.510,4200,107.500,600,107.480,600,107.450,1000,107.430,100,107.560,1800,107.580,1700,107.590,6280,107.600,300,107.620,2020-07-15,10:10:59,00,";
var hq_str_sh603259="药明康德,104.800,103.480,107.400,108.450,104.000,107.400,107.450,8989711,956100615.000,3400,107.400,200,107.390,48,107.380,700,107.350,200,107.330,1700,107.450,2300,107.500,600,107.510,840,107.520,3200,107.530,2020-07-15,10:11:56,00,";
var hq_str_sh603259="药明康德,104.800,103.480,107.510,108.450,104.000,107.510,107.520,9059391,963586039.000,8800,107.510,100,107.500,1020,107.490,1400,107.450,5600,107.440,840,107.520,3200,107.530,1700,107.550,200,107.560,500,107.580,2020-07-15,10:12:59,00,";
var hq_str_sh603259="药明康德,104.800,103.480,107.560,108.450,104.000,107.560,107.600,9118311,969920291.000,3600,107.560,16500,107.550,1600,107.530,2100,107.520,100,107.500,2480,107.600,200,107.620,100,107.660,200,107.840,600,107.850,2020-07-15,10:13:59,00,";
var hq_str_sh603259="药明康德,104.800,103.480,107.830,108.450,104.000,107.700,107.830,9194179,978097762.000,1560,107.700,1000,107.660,2900,107.620,4620,107.600,352,107.580,200,107.830,200,107.840,4100,107.850,1600,107.870,1800,107.880,2020-07-15,10:14:59,00,";
var hq_str_sh603259="药明康德,104.800,103.480,107.890,108.450,104.000,107.880,107.890,9267179,985971024.000,3180,107.880,1100,107.870,20,107.860,200,107.850,4500,107.840,100,107.890,1800,107.900,600,107.940,1000,107.950,100,107.960,2020-07-15,10:15:59,00,";
var hq_str_sh603259="药明康德,104.800,103.480,107.960,108.450,104.000,107.950,107.960,9369379,997005192.000,1500,107.950,200,107.930,400,107.900,100,107.890,3280,107.880,900,107.960,2700,107.980,1400,107.990,3660,108.000,1000,108.010,2020-07-15,10:16:59,00,";
var hq_str_sh603259="药明康德,104.800,103.480,107.710,108.450,104.000,107.700,107.710,9451179,1005829072.000,160,107.700,10100,107.690,200,107.680,1500,107.660,3700,107.620,100,107.710,200,107.750,2300,107.830,2200,107.840,5600,107.850,2020-07-15,10:17:59,00,";
var hq_str_sh603259="药明康德,104.800,103.480,107.430,108.450,104.000,107.420,107.430,9523939,1013658078.000,3100,107.420,10600,107.410,1000,107.400,800,107.390,1148,107.380,1100,107.430,2700,107.450,200,107.470,1100,107.480,600,107.490,2020-07-15,10:18:59,00,";
var hq_str_sh603259="药明康德,104.800,103.480,107.330,108.450,104.000,107.220,107.240,9593787,1021159643.000,100,107.220,700,107.200,200,107.180,100,107.160,100,107.150,300,107.240,2400,107.300,100,107.350,5848,107.400,300,107.410,2020-07-15,10:19:59,00,";
var hq_str_sh603259="药明康德,104.800,103.480,107.070,108.450,104.000,107.070,107.120,9662987,1028574143.000,200,107.070,300,107.030,200,107.020,400,107.010,17900,107.000,100,107.120,180,107.140,200,107.160,500,107.180,3872,107.200,2020-07-15,10:20:59,00,";
var hq_str_sh603259="药明康德,104.800,103.480,107.450,108.450,104.000,107.420,107.500,9734812,1036280157.000,600,107.420,200,107.410,300,107.250,100,107.240,2100,107.210,14,107.500,200,107.520,300,107.530,1700,107.550,1000,107.560,2020-07-15,10:21:59,00,";
var hq_str_sh603259="药明康德,104.800,103.480,107.560,108.450,104.000,107.560,107.600,9798536,1043128142.000,500,107.560,4320,107.550,1300,107.530,100,107.460,3820,107.450,1800,107.600,900,107.620,200,107.630,300,107.650,500,107.660,2020-07-15,10:22:59,00,";
var hq_str_sh603259="药明康德,104.800,103.480,107.770,108.450,104.000,107.780,107.800,9874076,1051266472.000,60,107.780,1800,107.700,300,107.680,2400,107.660,900,107.650,1200,107.800,13856,107.830,1300,107.840,6400,107.850,100,107.860,2020-07-15,10:23:59,00,";
var hq_str_sh603259="药明康德,104.800,103.480,107.780,108.450,104.000,107.760,107.780,9931016,1057400856.000,20,107.760,3000,107.700,200,107.680,2400,107.660,900,107.650,900,107.780,100,107.820,10656,107.830,1300,107.840,6500,107.850,2020-07-15,10:24:59,00,";
var hq_str_sh603259="药明康德,104.800,103.480,107.600,108.450,104.000,107.600,107.620,9991216,1063883794.000,1900,107.600,1300,107.590,3320,107.550,900,107.500,100,107.450,100,107.620,1500,107.740,900,107.750,600,107.760,100,107.780,2020-07-15,10:25:59,00,";
var hq_str_sh603259="药明康德,104.800,103.480,107.520,108.450,104.000,107.430,107.540,10038036,1068919372.000,2000,107.430,1000,107.420,300,107.220,400,107.210,3300,107.200,140,107.540,1800,107.550,300,107.570,2000,107.580,3600,107.590,2020-07-15,10:26:59,00,";
var hq_str_sh603259="药明康德,104.800,103.480,107.480,108.450,104.000,107.450,107.480,10083676,1073825640.000,1300,107.450,400,107.430,1000,107.420,100,107.300,400,107.210,200,107.480,600,107.490,1200,107.500,200,107.530,1500,107.540,2020-07-15,10:27:59,00,";
var hq_str_sh603259="药明康德,104.800,103.480,107.240,108.450,104.000,107.240,107.300,10122816,1078027479.000,660,107.240,200,107.230,500,107.220,300,107.210,4100,107.200,100,107.300,300,107.340,1600,107.390,600,107.420,1100,107.440,2020-07-15,10:28:59,00,";
var hq_str_sh603259="药明康德,104.800,103.480,107.150,108.450,104.000,107.150,107.200,10175476,1083673093.000,300,107.150,128,107.140,300,107.110,4600,107.100,400,107.080,2900,107.200,1000,107.210,1900,107.230,800,107.240,200,107.300,2020-07-15,10:29:59,00,";
var hq_str_sh603259="药明康德,104.800,103.480,106.840,108.450,104.000,106.840,106.850,10254704,1092151436.000,3800,106.840,500,106.830,3300,106.800,1100,106.790,400,106.780,17900,106.850,100,106.900,400,106.910,400,106.920,100,106.950,2020-07-15,10:30:59,00,";
var hq_str_sh603259="药明康德,104.800,103.480,107.100,108.450,104.000,107.020,107.090,10324424,1099605211.000,700,107.020,2100,107.010,18160,107.000,200,106.990,100,106.970,200,107.090,500,107.100,4700,107.110,100,107.140,500,107.150,2020-07-15,10:31:59,00,";
var hq_str_sh603259="药明康德,104.800,103.480,106.850,108.450,104.000,106.850,106.870,10455344,1113610027.000,2100,106.850,7500,106.840,700,106.830,1000,106.810,12200,106.800,100,106.870,1000,106.890,3140,106.900,740,106.930,8000,106.940,2020-07-15,10:32:59,00,";
var hq_str_sh603259="药明康德,104.800,103.480,106.620,108.450,104.000,106.600,106.620,10535744,1122197543.000,700,106.600,100,106.580,300,106.570,900,106.560,300,106.550,2572,106.620,200,106.670,600,106.680,7700,106.690,600,106.700,2020-07-15,10:33:56,00,";
var hq_str_sh603259="药明康德,104.800,103.480,106.400,108.450,104.000,106.400,106.420,10657044,1135118711.000,100,106.400,100,106.390,1200,106.380,100,106.370,600,106.360,6200,106.420,100,106.450,5000,106.460,1200,106.470,23700,106.480,2020-07-15,10:34:59,00,";
var hq_str_sh603259="药明康德,104.800,103.480,106.340,108.450,104.000,106.330,106.350,10783044,1148526083.000,100,106.330,500,106.320,1000,106.310,2700,106.300,600,106.280,100,106.350,1800,106.360,400,106.390,2400,106.400,600,106.420,2020-07-15,10:35:59,00,";
var hq_str_sh603259="药明康德,104.800,103.480,106.250,108.450,104.000,106.250,106.260,10849536,1155590925.000,1960,106.250,4548,106.200,100,106.190,5100,106.180,600,106.160,100,106.260,3000,106.280,2200,106.290,2340,106.300,5700,106.310,2020-07-15,10:36:59,00,";
var hq_str_sh603259="药明康德,104.800,103.480,105.940,108.450,104.000,105.910,105.940,11052676,1177161196.000,1300,105.910,1600,105.900,300,105.890,100,105.870,400,105.860,400,105.940,3400,105.950,100,105.980,2800,105.990,10481,106.000,2020-07-15,10:37:59,00,";
var hq_str_sh603259="药明康德,104.800,103.480,105.900,108.450,104.000,105.880,105.900,11143376,1186769021.000,2500,105.880,10600,105.870,2200,105.850,200,105.820,100,105.810,100,105.900,5600,105.910,1900,105.920,1600,105.930,700,105.940,2020-07-15,10:38:59,00,";
var hq_str_sh603259="药明康德,104.800,103.480,106.060,108.450,104.000,106.010,106.030,11221357,1195031268.000,1100,106.010,1300,106.000,2000,105.980,700,105.910,2500,105.900,100,106.030,300,106.060,300,106.240,700,106.250,1300,106.300,2020-07-15,10:39:59,00,";
var hq_str_sh603259="药明康德,104.800,103.480,105.890,108.450,104.000,105.830,105.850,11306257,1204031759.000,100,105.830,100,105.820,6600,105.800,100,105.790,100,105.770,6300,105.850,3300,105.860,500,105.870,300,105.880,4900,105.890,2020-07-15,10:40:59,00,";
var hq_str_sh603259="药明康德,104.800,103.480,105.560,108.450,104.000,105.550,105.560,11388957,1212768591.000,600,105.550,1700,105.530,100,105.520,2000,105.510,15700,105.500,740,105.560,3600,105.580,600,105.590,900,105.600,14740,105.610,2020-07-15,10:41:59,00,";
var hq_str_sh603259="药明康德,104.800,103.480,105.490,108.450,104.000,105.490,105.500,11508297,1225360174.000,100,105.490,14100,105.480,200,105.460,1300,105.430,4460,105.420,68,105.500,200,105.530,2000,105.600,11600,105.610,700,105.630,2020-07-15,10:42:59,00,";
var hq_str_sh603259="药明康德,104.800,103.480,105.590,108.450,104.000,105.580,105.590,11587205,1233688418.000,1400,105.580,400,105.570,1400,105.540,500,105.530,5760,105.500,500,105.590,1200,105.600,1400,105.610,100,105.620,700,105.630,2020-07-15,10:43:59,00,";
var hq_str_sh603259="药明康德,104.800,103.480,105.530,108.450,104.000,105.530,105.540,11669905,1242421652.000,3900,105.530,200,105.510,4600,105.500,200,105.490,8832,105.480,1600,105.540,400,105.550,2400,105.570,700,105.600,2380,105.610,2020-07-15,10:44:59,00,";
var hq_str_sh603259="药明康德,104.800,103.480,105.520,108.450,104.000,105.520,105.530,11741645,1249991654.000,1860,105.520,300,105.510,3600,105.500,100,105.490,8932,105.480,200,105.530,3020,105.550,1100,105.560,100,105.570,140,105.580,2020-07-15,10:45:59,00,";
var hq_str_sh603259="药明康德,104.800,103.480,105.970,108.450,104.000,105.890,105.970,11802161,1256387496.000,400,105.890,100,105.860,300,105.830,200,105.810,900,105.750,4600,105.970,500,105.990,60,106.000,1000,106.020,200,106.030,2020-07-15,10:46:59,00,";
var hq_str_sh603259="药明康德,104.800,103.480,106.010,108.450,104.000,106.000,106.050,11860468,1262567495.000,7400,106.000,200,105.990,1000,105.980,100,105.970,1300,105.960,900,106.050,300,106.060,100,106.140,400,106.150,100,106.170,2020-07-15,10:47:59,00,";
var hq_str_sh603259="药明康德,104.800,103.480,105.990,108.450,104.000,105.930,105.960,11925068,1269412516.000,200,105.930,2000,105.900,2300,105.890,200,105.840,1200,105.800,400,105.960,1860,105.990,12100,106.000,9993,106.010,500,106.020,2020-07-15,10:48:56,00,";
var hq_str_sh603259="药明康德,104.800,103.480,106.150,108.450,104.000,106.080,106.110,12003541,1277734015.000,100,106.080,100,106.070,400,106.060,300,106.030,1000,106.020,300,106.110,9800,106.150,5260,106.160,2200,106.200,200,106.270,2020-07-15,10:49:59,00,";
var hq_str_sh603259="药明康德,104.800,103.480,106.150,108.450,104.000,106.140,106.150,12030741,1280620525.000,1800,106.140,500,106.130,600,106.120,1800,106.110,400,106.100,4600,106.150,200,106.270,600,106.300,400,106.340,400,106.400,2020-07-15,10:50:59,00,";
var hq_str_sh603259="药明康德,104.800,103.480,106.130,108.450,104.000,106.090,106.130,12055681,1283267690.000,2700,106.090,100,106.020,200,106.010,3600,106.000,600,105.990,2100,106.130,900,106.180,1000,106.290,9100,106.300,400,106.340,2020-07-15,10:51:59,00,";
var hq_str_sh603259="药明康德,104.800,103.480,105.930,108.450,104.000,105.930,105.950,12102481,1288228358.000,1300,105.930,2100,105.900,2200,105.890,100,105.880,200,105.800,1900,105.950,500,105.960,700,105.970,1300,105.980,200,105.990,2020-07-15,10:52:59,00,";
var hq_str_sh603259="药明康德,104.800,103.480,105.610,108.450,104.000,105.600,105.640,12186781,1297138265.000,1500,105.600,1100,105.590,400,105.580,100,105.560,200,105.550,600,105.640,400,105.670,4500,105.690,500,105.730,800,105.740,2020-07-15,10:53:59,00,";
var hq_str_sh603259="药明康德,104.800,103.480,105.890,108.450,104.000,105.890,105.900,12227381,1301428118.000,1500,105.890,400,105.770,1000,105.760,1000,105.750,100,105.740,200,105.900,200,105.930,700,105.950,100,105.960,100,105.970,2020-07-15,10:54:59,00,";
var hq_str_sh603259="药明康德,104.800,103.480,106.110,108.450,104.000,106.110,106.200,12248241,1303638751.000,900,106.110,300,106.060,100,106.020,700,106.010,1600,106.000,2000,106.200,300,106.220,12800,106.240,100,106.290,100,106.310,2020-07-15,10:55:59,00,";
var hq_str_sh603259="药明康德,104.800,103.480,106.230,108.450,104.000,106.230,106.240,12274041,1306377569.000,200,106.230,1000,106.220,200,106.190,1100,106.180,1100,106.160,12800,106.240,400,106.290,100,106.310,400,106.340,700,106.400,2020-07-15,10:56:59,00,";
var hq_str_sh603259="药明康德,104.800,103.480,105.770,108.450,104.000,105.730,105.760,12321741,1311435048.000,300,105.730,500,105.700,800,105.680,200,105.620,600,105.610,100,105.760,200,105.770,100,105.800,300,105.870,1900,105.880,2020-07-15,10:57:59,00,";
var hq_str_sh603259="药明康德,104.800,103.480,105.700,108.450,104.000,105.700,105.710,12354741,1314925855.000,1300,105.700,1000,105.680,200,105.620,700,105.610,1900,105.600,100,105.710,800,105.720,300,105.730,700,105.740,400,105.770,2020-07-15,10:58:59,00,";
var hq_str_sh603259="药明康德,104.800,103.480,105.520,108.450,104.000,105.510,105.520,12378941,1317481124.000,300,105.510,25360,105.500,8032,105.480,300,105.450,200,105.430,400,105.520,500,105.530,600,105.550,3000,105.560,1900,105.570,2020-07-15,10:59:56,00,";
var hq_str_sh603259="药明康德,104.800,103.480,105.590,108.450,104.000,105.590,105.600,12439721,1323894524.000,3100,105.590,600,105.530,17400,105.510,15880,105.500,8132,105.480,400,105.600,100,105.620,900,105.770,200,105.780,500,105.830,2020-07-15,11:00:59,00,";
var hq_str_sh603259="药明康德,104.800,103.480,105.360,108.450,104.000,105.350,105.380,12508733,1331174767.000,1400,105.350,200,105.330,900,105.320,3200,105.300,1200,105.280,500,105.380,1300,105.390,100,105.410,300,105.420,5300,105.430,2020-07-15,11:01:59,00,";
var hq_str_sh603259="药明康德,104.800,103.480,105.110,108.450,104.000,105.100,105.110,12579133,1338581638.000,11100,105.100,1000,105.080,1700,105.060,1700,105.050,1700,105.030,4000,105.110,1100,105.120,3200,105.130,3200,105.140,1940,105.150,2020-07-15,11:02:59,00,";
var hq_str_sh603259="药明康德,104.800,103.480,105.030,108.450,104.000,105.010,105.040,12644733,1345473995.000,4900,105.010,64300,105.000,300,104.980,100,104.970,100,104.960,100,105.040,4600,105.060,100,105.070,1900,105.080,2200,105.090,2020-07-15,11:03:59,00,";
var hq_str_sh603259="药明康德,104.800,103.480,105.120,108.450,104.000,105.120,105.130,12684693,1349672194.000,100,105.120,100,105.110,2200,105.100,300,105.090,1920,105.080,200,105.130,3700,105.140,1300,105.150,700,105.200,100,105.310,2020-07-15,11:04:59,00,";
var hq_str_sh603259="药明康德,104.800,103.480,105.200,108.450,104.000,105.220,105.260,12718733,1353250737.000,200,105.220,400,105.150,1900,105.140,1960,105.130,2460,105.120,1000,105.260,1900,105.320,1000,105.330,1000,105.350,100,105.450,2020-07-15,11:05:59,00,";
var hq_str_sh603259="药明康德,104.800,103.480,105.320,108.450,104.000,105.290,105.320,12739713,1355458435.000,200,105.290,2100,105.260,200,105.250,200,105.230,5020,105.220,700,105.320,1000,105.330,1000,105.350,100,105.450,300,105.500,2020-07-15,11:06:59,00,";
var hq_str_sh603259="药明康德,104.800,103.480,105.490,108.450,104.000,105.450,105.500,12761033,1357704017.000,100,105.450,1200,105.330,3200,105.320,2000,105.310,580,105.300,600,105.500,200,105.520,1100,105.530,200,105.540,2000,105.550,2020-07-15,11:07:59,00,";
var hq_str_sh603259="药明康德,104.800,103.480,105.230,108.450,104.000,105.320,105.340,12800013,1361811549.000,300,105.320,3300,105.220,500,105.200,300,105.180,100,105.160,720,105.340,780,105.390,500,105.450,100,105.470,1000,105.500,2020-07-15,11:08:59,00,";
var hq_str_sh603259="药明康德,104.800,103.480,105.600,108.450,104.000,105.600,105.770,12818013,1363710053.000,1600,105.600,100,105.590,42800,105.580,100,105.560,7200,105.550,900,105.770,100,105.950,100,105.970,800,105.990,22700,106.000,2020-07-15,11:09:59,00,";
var hq_str_sh603259="药明康德,104.800,103.480,105.570,108.450,104.000,105.560,105.570,12883313,1370622154.000,200,105.560,7000,105.550,200,105.540,1500,105.530,300,105.510,200,105.570,340,105.580,300,105.610,700,105.650,1000,105.660,2020-07-15,11:10:59,00,";
var hq_str_sh603259="药明康德,104.800,103.480,105.600,108.450,104.000,105.580,105.600,12907413,1373166590.000,700,105.580,2600,105.560,1800,105.550,200,105.540,1500,105.530,4440,105.600,800,105.660,4088,105.700,100,105.740,1000,105.770,2020-07-15,11:11:59,00,";
var hq_str_sh603259="药明康德,104.800,103.480,105.890,108.450,104.000,105.890,105.940,12931541,1375716596.000,1100,105.890,100,105.770,1400,105.720,100,105.710,100,105.700,700,105.940,17200,105.950,800,105.990,25540,106.000,2000,106.070,2020-07-15,11:12:59,00,";
var hq_str_sh603259="药明康德,104.800,103.480,105.450,108.450,104.000,105.450,105.470,12992001,1382106754.000,1500,105.450,100,105.350,100,105.340,300,105.330,100,105.310,900,105.470,100,105.490,2500,105.500,100,105.510,1500,105.520,2020-07-15,11:13:59,00,";
var hq_str_sh603259="药明康德,104.800,103.480,105.340,108.450,104.000,105.230,105.320,13018101,1384855449.000,500,105.230,1200,105.180,2100,105.150,400,105.140,600,105.130,100,105.320,1900,105.340,1000,105.350,100,105.370,200,105.380,2020-07-15,11:14:59,00,";
var hq_str_sh603259="药明康德,104.800,103.480,105.050,108.450,104.000,105.040,105.060,13068921,1390197115.000,1100,105.040,6020,105.010,67100,105.000,100,104.990,400,104.980,1400,105.060,200,105.120,2000,105.140,100,105.160,900,105.180,2020-07-15,11:15:59,00,";
var hq_str_sh603259="药明康德,104.800,103.480,105.000,108.450,104.000,105.000,105.010,13128141,1396416099.000,47320,105.000,5300,104.990,400,104.980,100,104.970,300,104.960,1600,105.010,1900,105.020,700,105.040,100,105.060,2500,105.100,2020-07-15,11:16:59,00,";
var hq_str_sh603259="药明康德,104.800,103.480,104.930,108.450,104.000,104.880,104.930,13220661,1406130530.000,2900,104.880,100,104.870,1700,104.860,200,104.850,1300,104.830,1300,104.930,1000,104.960,6200,104.990,2664,105.000,23360,105.010,2020-07-15,11:17:59,00,";
var hq_str_sh603259="药明康德,104.800,103.480,104.800,108.450,104.000,104.800,104.810,13265661,1410848522.000,7200,104.800,100,104.780,5500,104.770,100,104.740,900,104.720,100,104.810,1600,104.820,3944,104.850,2200,104.860,1240,104.870,2020-07-15,11:18:59,00,";
var hq_str_sh603259="药明康德,104.800,103.480,104.810,108.450,104.000,104.810,104.820,13333500,1417958250.000,400,104.810,50261,104.800,200,104.780,2300,104.770,100,104.740,1460,104.820,200,104.830,4144,104.850,1800,104.860,440,104.870,2020-07-15,11:19:59,00,";
var hq_str_sh603259="药明康德,104.800,103.480,104.960,108.450,104.000,104.900,104.960,13396224,1424538492.000,700,104.900,200,104.850,900,104.830,1100,104.820,3000,104.810,900,104.960,100,104.970,400,104.980,300,104.990,4900,105.000,2020-07-15,11:20:59,00,";
var hq_str_sh603259="药明康德,104.800,103.480,105.150,108.450,104.000,105.150,105.160,13455244,1430733908.000,1060,105.150,700,105.140,700,105.120,300,105.100,500,105.050,500,105.160,600,105.180,200,105.200,100,105.240,200,105.250,2020-07-15,11:21:59,00,";
var hq_str_sh603259="药明康德,104.800,103.480,105.250,108.450,104.000,105.250,105.290,13479284,1433262065.000,1800,105.250,600,105.200,100,105.190,1160,105.180,1000,105.170,3740,105.290,200,105.320,300,105.340,300,105.350,100,105.400,2020-07-15,11:22:59,00,";
var hq_str_sh603259="药明康德,104.800,103.480,105.750,108.450,104.000,105.670,105.750,13538484,1439514889.000,200,105.670,700,105.560,300,105.550,1600,105.530,5200,105.510,1900,105.750,300,105.940,5400,105.950,2100,105.990,5640,106.000,2020-07-15,11:23:59,00,";
var hq_str_sh603259="药明康德,104.800,103.480,105.740,108.450,104.000,105.700,105.840,13573228,1443184662.000,400,105.700,200,105.570,100,105.550,100,105.540,1900,105.530,400,105.840,600,105.850,3700,105.890,4260,105.900,100,105.940,2020-07-15,11:24:59,00,";
var hq_str_sh603259="药明康德,104.800,103.480,105.950,108.450,104.000,105.910,105.950,13622888,1448442283.000,400,105.910,840,105.900,200,105.800,200,105.570,1100,105.550,600,105.950,2060,105.980,2100,105.990,4720,106.000,1000,106.010,2020-07-15,11:25:59,00,";
var hq_str_sh603259="药明康德,104.800,103.480,106.010,108.450,104.000,105.990,106.010,13659599,1452331627.000,500,105.990,200,105.930,500,105.910,529,105.900,700,105.810,720,106.010,600,106.020,2000,106.070,2200,106.090,20000,106.100,2020-07-15,11:26:59,00,";
var hq_str_sh603259="药明康德,104.800,103.480,106.000,108.450,104.000,106.000,106.010,13687719,1455312314.000,1780,106.000,700,105.940,200,105.910,329,105.900,1300,105.890,620,106.010,700,106.060,1400,106.070,3300,106.090,20700,106.100,2020-07-15,11:27:59,00,";
var hq_str_sh603259="药明康德,104.800,103.480,106.010,108.450,104.000,105.950,106.000,13714739,1458176683.000,1100,105.950,1400,105.920,200,105.910,1300,105.890,200,105.810,5000,106.000,700,106.010,900,106.020,600,106.050,400,106.060,2020-07-15,11:28:59,00,";
var hq_str_sh603259="药明康德,104.800,103.480,106.100,108.450,104.000,106.090,106.100,13747239,1461623466.000,1100,106.090,800,106.080,2620,106.070,2000,106.050,500,106.010,11000,106.100,700,106.180,1200,106.200,100,106.210,100,106.220,2020-07-15,11:29:59,00,";
var hq_str_sh603259="药明康德,104.800,103.480,106.100,108.450,104.000,106.090,106.100,13747239,1461623466.000,1100,106.090,800,106.080,2620,106.070,2000,106.050,500,106.010,11000,106.100,700,106.180,1200,106.200,100,106.210,100,106.220,2020-07-15,11:30:00,00,";
var hq_str_sh603259="药明康德,104.800,103.480,106.470,108.450,104.000,106.450,106.480,13822019,1469562944.000,200,106.450,200,106.430,200,106.370,300,106.340,600,106.300,200,106.480,4300,106.490,13700,106.500,300,106.520,100,106.550,2020-07-15,13:00:57,00,";
var hq_str_sh603259="药明康德,104.800,103.480,106.490,108.450,104.000,106.460,106.470,13864519,1474088571.000,800,106.460,200,106.430,200,106.350,100,106.300,700,106.290,100,106.470,1960,106.500,300,106.520,100,106.550,300,106.560,2020-07-15,13:02:00,00,";
var hq_str_sh603259="药明康德,104.800,103.480,106.150,108.450,104.000,106.150,106.290,13887959,1476581142.000,7460,106.150,6620,106.100,600,106.090,720,106.070,500,106.060,6500,106.290,100,106.310,620,106.320,200,106.350,1000,106.400,2020-07-15,13:03:00,00,";
var hq_str_sh603259="药明康德,104.800,103.480,106.160,108.450,104.000,106.160,106.210,13936759,1481768279.000,100,106.160,360,106.150,6520,106.100,100,106.090,720,106.070,800,106.210,100,106.240,400,106.270,800,106.320,500,106.350,2020-07-15,13:04:00,00,";
var hq_str_sh603259="药明康德,104.800,103.480,106.180,108.450,104.000,106.160,106.180,13959439,1484177452.000,320,106.160,60,106.150,6620,106.100,100,106.090,720,106.070,2060,106.180,100,106.190,100,106.200,1200,106.220,400,106.230,2020-07-15,13:05:00,00,";
var hq_str_sh603259="药明康德,104.800,103.480,106.520,108.450,104.000,106.520,106.550,14025319,1491186383.000,1200,106.520,3500,106.510,9940,106.500,100,106.420,1660,106.410,300,106.550,300,106.560,1100,106.580,26600,106.600,100,106.650,2020-07-15,13:06:00,00,";
var hq_str_sh603259="药明康德,104.800,103.480,106.900,108.450,104.000,106.900,106.910,14100979,1499254059.000,8600,106.900,1280,106.890,1500,106.860,5500,106.850,5500,106.840,100,106.910,100,106.930,300,106.960,5000,106.970,700,106.980,2020-07-15,13:07:00,00,";
var hq_str_sh603259="药明康德,104.800,103.480,106.720,108.450,104.000,106.720,106.800,14152619,1504772735.000,100,106.720,400,106.710,3700,106.700,3700,106.650,1100,106.580,4640,106.800,300,106.820,500,106.830,1100,106.840,2700,106.850,2020-07-15,13:08:00,00,";
var hq_str_sh603259="药明康德,104.800,103.480,106.650,108.450,104.000,106.580,106.650,14180019,1507696541.000,400,106.580,600,106.530,3400,106.510,600,106.500,360,106.410,1300,106.650,620,106.660,860,106.760,300,106.790,3240,106.800,2020-07-15,13:09:00,00,";
var hq_str_sh603259="药明康德,104.800,103.480,106.800,108.450,104.000,106.800,106.840,14212699,1511184415.000,560,106.800,100,106.770,4460,106.530,200,106.520,1800,106.510,900,106.840,2400,106.850,600,106.860,400,106.880,300,106.890,2020-07-15,13:10:00,00,";
var hq_str_sh603259="药明康德,104.800,103.480,106.840,108.450,104.000,106.810,106.840,14242499,1514369072.000,100,106.810,1160,106.800,100,106.770,200,106.540,4560,106.530,200,106.840,1100,106.900,1840,106.910,100,106.930,600,106.960,2020-07-15,13:10:57,00,";
var hq_str_sh603259="药明康德,104.800,103.480,106.800,108.450,104.000,106.800,106.810,14268379,1517130915.000,2180,106.800,1000,106.790,2200,106.610,500,106.600,1400,106.560,300,106.810,700,106.900,140,106.910,100,106.930,100,106.950,2020-07-15,13:11:57,00,";
var hq_str_sh603259="药明康德,104.800,103.480,107.180,108.450,104.000,107.100,107.180,14354339,1526326560.000,1900,107.100,3200,107.090,1620,107.050,100,107.040,3500,107.010,100,107.180,1200,107.190,1800,107.200,200,107.240,100,107.250,2020-07-15,13:13:00,00,";
var hq_str_sh603259="药明康德,104.800,103.480,107.100,108.450,104.000,107.100,107.180,14411239,1532421339.000,3420,107.100,1000,107.020,3100,107.010,49520,107.000,1000,106.900,7500,107.180,5700,107.190,2500,107.200,1100,107.210,200,107.240,2020-07-15,13:14:00,00,";
var hq_str_sh603259="药明康德,104.800,103.480,107.450,108.450,104.000,107.450,107.470,14469339,1538649970.000,3800,107.450,1200,107.380,300,107.370,100,107.340,100,107.320,120,107.470,400,107.480,500,107.490,17796,107.500,200,107.510,2020-07-15,13:14:58,00,";
var hq_str_sh603259="药明康德,104.800,103.480,107.540,108.450,104.000,107.530,107.550,14552495,1547589148.000,500,107.530,800,107.520,200,107.510,35104,107.500,7560,107.490,2500,107.550,200,107.560,900,107.570,1100,107.580,200,107.590,2020-07-15,13:16:00,00,";
var hq_str_sh603259="药明康德,104.800,103.480,107.510,108.450,104.000,107.470,107.510,14654755,1558584118.000,1200,107.470,100,107.460,600,107.280,2100,107.250,100,107.210,100,107.510,400,107.530,300,107.540,1000,107.550,1500,107.560,2020-07-15,13:17:00,00,";
var hq_str_sh603259="药明康德,104.800,103.480,107.510,108.450,104.000,107.510,107.520,14719755,1565570055.000,400,107.510,36500,107.500,400,107.280,1200,107.270,900,107.260,200,107.520,600,107.530,1000,107.540,3200,107.550,1400,107.560,2020-07-15,13:18:00,00,";
var hq_str_sh603259="药明康德,104.800,103.480,107.550,108.450,104.000,107.550,107.570,14798135,1573999919.000,600,107.550,5500,107.520,700,107.510,20620,107.500,200,107.280,400,107.570,100,107.600,100,107.610,800,107.650,1000,107.660,2020-07-15,13:19:00,00,";
var hq_str_sh603259="药明康德,104.800,103.480,107.780,108.450,104.000,107.780,107.790,14826435,1577046251.000,600,107.780,800,107.740,100,107.710,8800,107.680,1600,107.670,500,107.790,3800,107.800,100,107.810,100,107.820,8756,107.830,2020-07-15,13:20:00,00,";
var hq_str_sh603259="药明康德,104.800,103.480,108.130,108.450,104.000,108.130,108.180,15032802,1599332131.000,1600,108.130,200,108.120,24400,108.110,8145,108.100,644,108.060,4000,108.180,14260,108.200,2200,108.210,800,108.230,2600,108.250,2020-07-15,13:21:00,00,";
var hq_str_sh603259="药明康德,104.800,103.480,108.270,108.450,104.000,108.270,108.290,15130362,1609892516.000,1400,108.270,24000,108.260,3800,108.250,7600,108.230,1600,108.220,247,108.290,1600,108.300,400,108.330,100,108.340,4100,108.350,2020-07-15,13:21:58,00,";
var hq_str_sh603259="药明康德,104.800,103.480,108.070,108.450,104.000,108.070,108.080,15272802,1625306094.000,200,108.070,19344,108.060,700,108.010,2000,108.000,1000,107.990,800,108.080,100,108.090,1700,108.100,300,108.110,1100,108.120,2020-07-15,13:23:00,00,";
var hq_str_sh603259="药明康德,104.800,103.480,108.120,108.450,104.000,108.120,108.130,15321222,1630540890.000,25500,108.120,4100,108.070,300,108.060,100,108.010,2300,108.000,2100,108.130,7900,108.150,700,108.160,900,108.170,3440,108.180,2020-07-15,13:24:00,00,";
var hq_str_sh603259="药明康德,104.800,103.480,107.710,108.450,104.000,107.710,107.910,15483422,1648070738.000,200,107.710,1600,107.670,3700,107.620,100,107.550,1600,107.530,200,107.910,400,107.930,1000,107.940,300,107.970,100,107.980,2020-07-15,13:25:00,00,";
var hq_str_sh603259="药明康德,104.800,103.480,107.640,108.450,104.000,107.620,107.670,15608502,1661540042.000,2400,107.620,620,107.600,1000,107.560,2000,107.530,200,107.520,7200,107.670,1000,107.720,600,107.770,3900,107.800,200,107.880,2020-07-15,13:26:00,00,";
var hq_str_sh603259="药明康德,104.800,103.480,107.900,108.450,104.000,107.900,107.910,15672002,1668384347.000,400,107.900,700,107.890,23700,107.860,3700,107.850,100,107.800,300,107.910,300,107.930,100,107.970,1000,107.980,700,107.990,2020-07-15,13:27:00,00,";
var hq_str_sh603259="药明康德,104.800,103.480,107.980,108.450,104.000,107.860,107.980,15746202,1676395627.000,3700,107.860,100,107.850,300,107.770,100,107.730,200,107.720,520,107.980,1600,107.990,19808,108.000,800,108.020,460,108.060,2020-07-15,13:28:00,00,";
var hq_str_sh603259="药明康德,104.800,103.480,107.510,108.450,104.000,107.500,107.510,15788202,1680922288.000,700,107.500,200,107.290,2000,107.280,1200,107.270,100,107.260,100,107.510,900,107.530,200,107.550,5400,107.600,400,107.610,2020-07-15,13:29:00,00,";
var hq_str_sh603259="药明康德,104.800,103.480,107.420,108.450,104.000,107.420,107.460,15838082,1686275433.000,2100,107.420,26200,107.410,7000,107.400,800,107.330,2100,107.310,300,107.460,2100,107.500,100,107.580,3400,107.600,100,107.610,2020-07-15,13:30:00,00,";
var hq_str_sh603259="药明康德,104.800,103.480,107.620,108.450,104.000,107.620,107.650,15894382,1692334063.000,9160,107.620,800,107.590,1600,107.530,300,107.520,1000,107.500,400,107.650,1300,107.670,100,107.700,500,107.710,100,107.730,2020-07-15,13:31:00,00,";
var hq_str_sh603259="药明康德,104.800,103.480,107.530,108.450,104.000,107.460,107.530,15942827,1697545265.000,515,107.460,200,107.450,500,107.430,1800,107.420,3900,107.400,10,107.530,2900,107.540,100,107.550,500,107.560,700,107.570,2020-07-15,13:31:58,00,";
var hq_str_sh603259="药明康德,104.800,103.480,107.770,108.450,104.000,107.770,107.990,16055047,1709630980.000,500,107.770,1400,107.560,1700,107.550,2680,107.530,1100,107.520,200,107.990,5303,108.000,1100,108.010,5400,108.020,500,108.050,2020-07-15,13:32:58,00,";
var hq_str_sh603259="药明康德,104.800,103.480,107.900,108.450,104.000,107.930,107.950,16101047,1714592771.000,100,107.930,400,107.900,1400,107.790,200,107.770,200,107.760,300,107.950,100,107.960,1000,107.990,7583,108.000,1100,108.010,2020-07-15,13:34:00,00,";
var hq_str_sh603259="药明康德,104.800,103.480,108.020,108.450,104.000,108.010,108.020,16156610,1720588561.000,4400,108.010,5237,108.000,200,107.990,25600,107.980,1800,107.910,5000,108.020,2500,108.050,460,108.060,3400,108.080,16200,108.100,2020-07-15,13:35:00,00,";
var hq_str_sh603259="药明康德,104.800,103.480,108.140,108.450,104.000,108.130,108.140,16286070,1734586524.000,100,108.130,800,108.100,1440,108.050,7600,108.020,900,108.010,300,108.140,10080,108.150,3300,108.160,5109,108.170,2100,108.180,2020-07-15,13:35:58,00,";
var hq_str_sh603259="药明康德,104.800,103.480,107.990,108.450,104.000,107.990,108.000,16321710,1738437444.000,200,107.990,100,107.940,200,107.930,200,107.880,300,107.850,700,108.000,100,108.010,19900,108.040,400,108.050,1300,108.090,2020-07-15,13:36:58,00,";
var hq_str_sh603259="药明康德,104.800,103.480,107.900,108.450,104.000,107.820,107.860,16377210,1744430120.000,1000,107.820,1700,107.810,1000,107.800,500,107.760,1700,107.750,100,107.860,3700,107.900,3600,108.000,2000,108.010,3480,108.020,2020-07-15,13:38:00,00,";
var hq_str_sh603259="药明康德,104.800,103.480,108.000,108.450,104.000,107.980,108.000,16435930,1750766659.000,200,107.980,3800,107.960,10000,107.950,1700,107.900,500,107.890,4660,108.000,2100,108.010,3480,108.020,2960,108.030,18520,108.040,2020-07-15,13:39:00,00,";
var hq_str_sh603259="药明康德,104.800,103.480,107.780,108.450,104.000,107.770,107.780,16493330,1756960757.000,100,107.770,400,107.750,100,107.740,200,107.730,5400,107.680,400,107.780,14200,107.800,200,107.880,9000,107.900,400,107.950,2020-07-15,13:39:58,00,";
var hq_str_sh603259="药明康德,104.800,103.480,107.660,108.450,104.000,107.620,107.660,16634030,1772137929.000,8800,107.620,100,107.600,3000,107.500,1000,107.470,100,107.430,100,107.660,100,107.720,100,107.760,400,107.780,700,107.800,2020-07-15,13:41:00,00,";
var hq_str_sh603259="药明康德,104.800,103.480,107.850,108.450,104.000,107.810,107.880,16677970,1776873779.000,1760,107.810,900,107.800,1200,107.740,100,107.720,1300,107.700,500,107.880,280,107.900,100,107.980,600,107.990,23740,108.000,2020-07-15,13:41:58,00,";
var hq_str_sh603259="药明康德,104.800,103.480,108.010,108.450,104.000,108.030,108.050,16757050,1785414257.000,1200,108.030,400,108.010,2500,108.000,200,107.990,200,107.980,300,108.050,100,108.060,100,108.070,800,108.080,200,108.090,2020-07-15,13:42:58,00,";
var hq_str_sh603259="药明康德,104.800,103.480,108.110,108.450,104.000,108.100,108.140,16859910,1796530796.000,200,108.100,1600,108.090,200,108.080,240,108.070,8900,108.060,1000,108.140,940,108.160,5309,108.170,1000,108.180,22412,108.190,2020-07-15,13:44:00,00,";
var hq_str_sh603259="药明康德,104.800,103.480,107.910,108.450,104.000,107.900,107.910,16931050,1804218183.000,1900,107.900,2200,107.890,1600,107.860,100,107.820,1860,107.810,200,107.910,5300,107.920,5300,108.000,1000,108.070,700,108.080,2020-07-15,13:45:00,00,";
var hq_str_sh603259="药明康德,104.800,103.480,107.420,108.450,104.000,107.420,107.700,17078710,1820068104.000,200,107.420,500,107.410,3400,107.380,1700,107.300,1600,107.210,100,107.700,1200,107.740,200,107.770,400,107.790,200,107.810,2020-07-15,13:46:00,00,";
var hq_str_sh603259="药明康德,104.800,103.480,107.900,108.450,104.000,107.900,107.910,17159610,1828783699.000,800,107.900,1100,107.640,2000,107.630,5100,107.620,1000,107.600,200,107.910,700,107.920,1000,107.980,1100,107.990,37052,108.000,2020-07-15,13:47:00,00,";
var hq_str_sh603259="药明康德,104.800,103.480,107.720,108.450,104.000,107.710,107.720,17188150,1831857728.000,20,107.710,300,107.700,700,107.690,5800,107.680,4300,107.660,1200,107.720,400,107.740,100,107.790,1800,107.800,4096,107.810,2020-07-15,13:48:00,00,";
var hq_str_sh603259="药明康德,104.800,103.480,107.650,108.450,104.000,107.650,107.660,17247750,1838274566.000,100,107.650,200,107.640,1200,107.630,9400,107.620,1400,107.600,500,107.660,400,107.670,200,107.680,400,107.700,4700,107.710,2020-07-15,13:49:00,00,";
var hq_str_sh603259="药明康德,104.800,103.480,107.740,108.450,104.000,107.740,107.780,17299190,1843813745.000,300,107.740,1100,107.730,5000,107.710,200,107.700,100,107.680,396,107.780,100,107.790,700,107.800,200,107.810,800,107.880,2020-07-15,13:50:00,00,";
var hq_str_sh603259="药明康德,104.800,103.480,108.000,108.450,104.000,108.000,108.030,17397618,1854441830.000,9668,108.000,1100,107.980,1700,107.920,1100,107.910,1000,107.880,2000,108.030,200,108.050,100,108.060,1000,108.080,100,108.090,2020-07-15,13:51:00,00,";
var hq_str_sh603259="药明康德,104.800,103.480,107.910,108.450,104.000,107.910,107.930,17441086,1859135866.000,200,107.910,1000,107.900,1000,107.880,400,107.770,300,107.750,1700,107.930,100,107.950,1500,107.990,10040,108.000,5332,108.010,2020-07-15,13:52:00,00,";
var hq_str_sh603259="药明康德,104.800,103.480,107.680,108.450,104.000,107.680,107.740,17472186,1862487620.000,1700,107.680,1400,107.670,8300,107.660,5100,107.650,900,107.630,100,107.740,100,107.750,100,107.790,600,107.800,200,107.830,2020-07-15,13:53:00,00,";
var hq_str_sh603259="药明康德,104.800,103.480,107.850,108.450,104.000,107.840,107.870,17507050,1866247150.000,23520,107.840,900,107.750,200,107.740,1600,107.730,400,107.710,1900,107.870,2600,107.880,300,107.900,800,107.910,100,107.920,2020-07-15,13:54:00,00,";
var hq_str_sh603259="药明康德,104.800,103.480,107.750,108.450,104.000,107.750,107.760,17559666,1871919486.000,304,107.750,1700,107.740,400,107.710,2100,107.700,1100,107.690,100,107.760,300,107.770,200,107.800,140,107.840,1500,107.850,2020-07-15,13:55:00,00,";
var hq_str_sh603259="药明康德,104.800,103.480,107.740,108.450,104.000,107.740,107.750,17586386,1874799139.000,200,107.740,2680,107.730,400,107.710,700,107.700,1000,107.690,1000,107.750,600,107.800,600,107.850,11240,107.860,1600,107.880,2020-07-15,13:56:00,00,";
var hq_str_sh603259="药明康德,104.800,103.480,107.740,108.450,104.000,107.710,107.760,17648986,1881545231.000,2500,107.710,200,107.700,1480,107.690,8800,107.680,1300,107.670,400,107.760,2000,107.770,800,107.780,300,107.810,1600,107.850,2020-07-15,13:57:00,00,";
var hq_str_sh603259="药明康德,104.800,103.480,107.780,108.450,104.000,107.780,107.790,17679586,1884842827.000,5100,107.780,1600,107.770,2600,107.760,1000,107.740,2000,107.730,300,107.790,500,107.810,400,107.850,600,107.860,1600,107.880,2020-07-15,13:57:58,00,";
var hq_str_sh603259="药明康德,104.800,103.480,107.620,108.450,104.000,107.620,107.630,17777366,1895375809.000,400,107.620,100,107.610,1300,107.600,5000,107.570,500,107.510,2000,107.630,800,107.640,700,107.660,1200,107.670,1100,107.680,2020-07-15,13:58:58,00,";
var hq_str_sh603259="药明康德,104.800,103.480,107.620,108.450,104.000,107.600,107.620,17833462,1901412893.000,1100,107.600,5100,107.570,500,107.510,1600,107.500,1500,107.480,1300,107.620,3500,107.630,300,107.640,100,107.670,1600,107.680,2020-07-15,14:00:00,00,";
var hq_str_sh603259="药明康德,104.800,103.480,107.480,108.450,104.000,107.480,107.490,17867362,1905058800.000,1600,107.480,700,107.410,200,107.400,1700,107.390,100,107.270,1100,107.490,8600,107.500,580,107.510,200,107.520,400,107.550,2020-07-15,14:00:58,00,";
var hq_str_sh603259="药明康德,104.800,103.480,107.460,108.450,104.000,107.410,107.430,17929162,1911696260.000,100,107.410,2300,107.400,3500,107.380,26400,107.370,200,107.350,300,107.430,2800,107.480,2900,107.500,480,107.510,600,107.570,2020-07-15,14:01:58,00,";
var hq_str_sh603259="药明康德,104.800,103.480,107.660,108.450,104.000,107.660,107.670,17990554,1918301677.000,1200,107.660,200,107.640,300,107.630,2400,107.620,200,107.600,500,107.670,600,107.680,500,107.700,300,107.780,100,107.790,2020-07-15,14:02:58,00,";
var hq_str_sh603259="药明康德,104.800,103.480,107.630,108.450,104.000,107.630,107.640,18014654,1920895658.000,200,107.630,1700,107.620,400,107.600,200,107.590,200,107.530,200,107.640,200,107.650,1600,107.660,1000,107.670,1000,107.680,2020-07-15,14:03:58,00,";
var hq_str_sh603259="药明康德,104.800,103.480,107.800,108.450,104.000,107.670,107.730,18097919,1929860688.000,100,107.670,14900,107.660,100,107.650,1200,107.640,5800,107.630,800,107.730,800,107.840,400,107.850,600,107.860,100,107.870,2020-07-15,14:05:00,00,";
var hq_str_sh603259="药明康德,104.800,103.480,107.890,108.450,104.000,107.890,108.000,18191319,1939939305.000,2000,107.890,500,107.870,800,107.860,1600,107.740,600,107.710,20340,108.000,1200,108.010,200,108.020,100,108.030,2700,108.050,2020-07-15,14:06:00,00,";
var hq_str_sh603259="药明康德,104.800,103.480,107.730,108.450,104.000,107.680,107.700,18262919,1947652820.000,900,107.680,600,107.630,6700,107.620,5500,107.600,300,107.560,400,107.700,1500,107.730,300,107.840,1000,107.870,400,107.880,2020-07-15,14:07:00,00,";
var hq_str_sh603259="药明康德,104.800,103.480,107.650,108.450,104.000,107.650,107.680,18306019,1952294401.000,100,107.650,2600,107.620,5200,107.600,300,107.560,100,107.540,600,107.680,200,107.710,400,107.780,200,107.810,1300,107.890,2020-07-15,14:08:00,00,";
var hq_str_sh603259="药明康德,104.800,103.480,107.510,108.450,104.000,107.510,107.520,18377987,1960036640.000,1300,107.510,100,107.460,100,107.450,100,107.400,1800,107.380,912,107.520,400,107.600,400,107.620,100,107.640,100,107.670,2020-07-15,14:09:00,00,";
var hq_str_sh603259="药明康德,104.800,103.480,107.600,108.450,104.000,107.520,107.600,18419527,1964498668.000,500,107.520,100,107.510,100,107.420,600,107.410,1600,107.400,5780,107.600,100,107.620,100,107.670,500,107.740,700,107.780,2020-07-15,14:10:00,00,";
var hq_str_sh603259="药明康德,104.800,103.480,107.790,108.450,104.000,107.780,107.800,18463227,1969197814.000,260,107.780,500,107.740,200,107.720,400,107.700,1600,107.690,2100,107.800,1300,107.890,500,107.900,400,107.910,1900,107.920,2020-07-15,14:10:58,00,";
var hq_str_sh603259="药明康德,104.800,103.480,107.790,108.450,104.000,107.780,107.800,18525527,1975915417.000,400,107.780,500,107.740,200,107.720,100,107.700,1600,107.690,100,107.800,700,107.810,100,107.820,200,107.840,200,107.850,2020-07-15,14:11:58,00,";
var hq_str_sh603259="药明康德,104.800,103.480,107.850,108.450,104.000,107.820,107.850,18557792,1979392503.000,600,107.820,1300,107.810,300,107.760,935,107.750,400,107.740,100,107.850,2800,107.880,1300,107.890,700,107.900,700,107.910,2020-07-15,14:13:00,00,";
var hq_str_sh603259="药明康德,104.800,103.480,107.930,108.450,104.000,107.930,107.940,18632229,1987423375.000,1300,107.930,3500,107.910,600,107.900,100,107.880,100,107.850,100,107.940,700,107.950,40,107.970,900,107.980,3800,107.990,2020-07-15,14:13:58,00,";
var hq_str_sh603259="药明康德,104.800,103.480,108.100,108.450,104.000,108.080,108.100,18752629,2000431420.000,1700,108.080,3600,108.070,600,108.060,200,108.050,40,108.040,600,108.100,440,108.110,300,108.120,200,108.130,100,108.140,2020-07-15,14:15:00,00,";
var hq_str_sh603259="药明康德,104.800,103.480,108.150,108.450,104.000,108.100,108.150,18836129,2009458291.000,1700,108.100,400,108.090,600,108.080,1100,108.070,200,108.060,5600,108.150,100,108.160,200,108.170,4489,108.180,2000,108.190,2020-07-15,14:16:00,00,";
var hq_str_sh603259="药明康德,104.800,103.480,108.210,108.450,104.000,108.190,108.200,18971629,2024116576.000,100,108.190,10900,108.160,8000,108.150,100,108.140,1000,108.120,800,108.200,2075,108.210,1400,108.220,500,108.230,2500,108.250,2020-07-15,14:16:58,00,";
var hq_str_sh603259="药明康德,104.800,103.480,108.190,108.450,104.000,108.160,108.190,19052469,2032862690.000,1300,108.160,200,108.140,1100,108.110,400,108.100,100,108.080,300,108.190,1900,108.200,500,108.230,200,108.240,2800,108.250,2020-07-15,14:17:58,00,";
var hq_str_sh603259="药明康德,104.800,103.480,108.200,108.450,104.000,108.000,108.200,19205169,2049363946.000,3400,108.000,300,107.980,700,107.970,700,107.910,300,107.900,4946,108.200,100,108.210,1500,108.220,1800,108.230,2600,108.240,2020-07-15,14:19:00,00,";
var hq_str_sh603259="药明康德,104.800,103.480,108.150,108.450,104.000,108.040,108.150,19308389,2060518123.000,300,108.040,25700,108.000,700,107.970,700,107.910,400,107.900,500,108.150,1400,108.180,2400,108.190,27700,108.200,200,108.210,2020-07-15,14:20:00,00,";
var hq_str_sh603259="药明康德,104.800,103.480,108.150,108.450,104.000,108.100,108.140,19396549,2070045353.000,1000,108.100,340,108.000,700,107.970,700,107.910,1400,107.900,300,108.140,11800,108.150,3400,108.180,5300,108.190,30700,108.200,2020-07-15,14:21:00,00,";
var hq_str_sh603259="药明康德,104.800,103.480,107.870,108.450,104.000,107.860,107.870,19455069,2076362027.000,100,107.860,300,107.820,200,107.750,300,107.740,300,107.710,100,107.870,4620,107.880,300,107.890,500,107.900,1200,107.960,2020-07-15,14:22:00,00,";
var hq_str_sh603259="药明康德,104.800,103.480,107.800,108.450,104.000,107.800,107.880,19511669,2082465720.000,500,107.800,2300,107.790,1400,107.750,300,107.740,500,107.730,647,107.880,100,107.890,500,107.970,1000,107.980,2046,108.000,2020-07-15,14:23:00,00,";
var hq_str_sh603259="药明康德,104.800,103.480,107.890,108.450,104.000,107.890,107.950,19594475,2091398470.000,6080,107.890,1200,107.850,200,107.810,500,107.800,300,107.790,300,107.950,500,107.990,5960,108.000,500,108.040,2260,108.080,2020-07-15,14:23:58,00,";
var hq_str_sh603259="药明康德,104.800,103.480,107.850,108.450,104.000,107.850,107.990,19667955,2099326704.000,1400,107.850,1600,107.830,500,107.800,300,107.790,1400,107.750,1000,107.990,7360,108.000,100,108.020,500,108.040,200,108.050,2020-07-15,14:24:58,00,";
var hq_str_sh603259="药明康德,104.800,103.480,107.980,108.450,104.000,107.980,107.990,19737275,2106807926.000,200,107.980,400,107.940,12300,107.930,1600,107.910,300,107.870,700,107.990,13040,108.000,100,108.020,500,108.040,200,108.050,2020-07-15,14:25:58,00,";
var hq_str_sh603259="药明康德,104.800,103.480,108.000,108.450,104.000,108.000,108.010,19814495,2115146495.000,780,108.000,200,107.990,200,107.980,1500,107.970,500,107.960,200,108.010,1800,108.020,300,108.040,400,108.060,4160,108.080,2020-07-15,14:27:00,00,";
var hq_str_sh603259="药明康德,104.800,103.480,107.710,108.450,104.000,107.690,107.720,19894755,2123806779.000,300,107.690,100,107.670,3000,107.620,500,107.600,100,107.560,500,107.720,600,107.760,520,107.810,500,107.840,100,107.880,2020-07-15,14:28:00,00,";
var hq_str_sh603259="药明康德,104.800,103.480,107.740,108.450,104.000,107.730,107.750,19942175,2128913951.000,100,107.730,23700,107.720,600,107.650,300,107.640,700,107.630,300,107.750,500,107.840,3300,107.990,9820,108.000,800,108.010,2020-07-15,14:29:00,00,";
var hq_str_sh603259="药明康德,104.800,103.480,107.790,108.450,104.000,107.790,107.930,20001175,2135275423.000,300,107.790,1000,107.750,1600,107.700,1800,107.670,1000,107.660,400,107.930,4500,107.940,1700,107.950,1000,107.960,600,107.970,2020-07-15,14:29:58,00,";
var hq_str_sh603259="药明康德,104.800,103.480,107.780,108.450,104.000,107.760,107.790,20057435,2141339093.000,1500,107.760,100,107.730,500,107.690,3400,107.680,1240,107.660,1000,107.790,15940,107.800,900,107.860,100,107.920,500,107.940,2020-07-15,14:31:00,00,";
var hq_str_sh603259="药明康德,104.800,103.480,107.970,108.450,104.000,107.970,107.990,20117215,2147783040.000,1300,107.970,2100,107.960,2200,107.950,2200,107.860,360,107.850,2300,107.990,16860,108.000,300,108.010,1500,108.020,300,108.040,2020-07-15,14:32:00,00,";
var hq_str_sh603259="药明康德,104.800,103.480,108.180,108.450,104.000,108.180,108.200,20222853,2159202425.000,800,108.180,1602,108.170,3000,108.160,300,108.100,500,108.080,18600,108.200,500,108.210,3200,108.220,600,108.230,4480,108.240,2020-07-15,14:33:00,00,";
var hq_str_sh603259="药明康德,104.800,103.480,108.180,108.450,104.000,108.170,108.180,20300853,2167639684.000,300,108.170,902,108.020,2200,108.000,400,107.990,200,107.980,200,108.180,2800,108.190,4200,108.200,1900,108.210,3000,108.220,2020-07-15,14:33:58,00,";
var hq_str_sh603259="药明康德,104.800,103.480,108.150,108.450,104.000,108.120,108.150,20332153,2171024589.000,300,108.120,200,108.110,700,108.100,600,108.040,300,108.030,400,108.150,1940,108.160,1100,108.170,1500,108.180,2000,108.190,2020-07-15,14:35:00,00,";
var hq_str_sh603259="药明康德,104.800,103.480,108.190,108.450,104.000,108.190,108.200,20376413,2175811140.000,760,108.190,1900,108.160,23560,108.150,600,108.140,200,108.130,9925,108.200,1200,108.210,4800,108.220,600,108.230,4580,108.240,2020-07-15,14:35:58,00,";
var hq_str_sh603259="药明康德,104.800,103.480,107.600,108.450,104.000,107.600,107.620,20478833,2186870786.000,2000,107.600,100,107.560,1500,107.550,3500,107.500,3700,107.410,960,107.620,400,107.630,900,107.680,14040,107.690,100,107.740,2020-07-15,14:37:00,00,";
var hq_str_sh603259="药明康德,104.800,103.480,107.610,108.450,104.000,107.610,107.620,20588773,2198696834.000,2400,107.610,1600,107.600,200,107.580,100,107.560,900,107.550,1800,107.620,300,107.650,900,107.730,4100,107.740,100,107.770,2020-07-15,14:37:57,00,";
var hq_str_sh603259="药明康德,104.800,103.480,107.710,108.450,104.000,107.710,107.720,20650373,2205326406.000,100,107.710,24900,107.700,400,107.680,1000,107.660,600,107.650,200,107.720,1900,107.730,4100,107.740,100,107.770,1200,107.800,2020-07-15,14:39:00,00,";
var hq_str_sh603259="药明康德,104.800,103.480,107.600,108.450,104.000,107.500,107.610,20738273,2214786294.000,13160,107.500,100,107.480,100,107.450,500,107.420,3200,107.410,1800,107.610,300,107.660,600,107.670,4600,107.700,700,107.710,2020-07-15,14:39:58,00,";
var hq_str_sh603259="药明康德,104.800,103.480,107.000,108.450,104.000,106.980,107.000,20850533,2226833694.000,400,106.980,700,106.900,100,106.880,100,106.860,100,106.850,100,107.000,5000,107.360,500,107.400,2351,107.410,100,107.420,2020-07-15,14:41:00,00,";
var hq_str_sh603259="药明康德,104.800,103.480,106.960,108.450,104.000,106.950,106.960,20923133,2234598964.000,400,106.950,200,106.940,200,106.930,300,106.890,900,106.880,500,106.960,100,106.990,3200,107.000,200,107.040,700,107.100,2020-07-15,14:41:58,00,";
var hq_str_sh603259="药明康德,104.800,103.480,107.330,108.450,104.000,107.040,107.330,21063285,2249608145.000,300,107.040,1300,107.030,1188,107.000,200,106.980,800,106.960,700,107.330,1000,107.410,1751,107.450,1640,107.460,800,107.500,2020-07-15,14:43:00,00,";
var hq_str_sh603259="药明康德,104.800,103.480,106.970,108.450,104.000,106.970,107.000,21121685,2255861202.000,300,106.970,700,106.960,400,106.940,1900,106.930,2200,106.900,25800,107.000,200,107.030,300,107.080,100,107.090,400,107.100,2020-07-15,14:44:00,00,";
var hq_str_sh603259="药明康德,104.800,103.480,106.800,108.450,104.000,106.780,106.800,21182185,2262328672.000,700,106.780,300,106.740,200,106.720,300,106.700,300,106.660,4240,106.800,100,106.810,340,106.860,100,106.890,3800,106.900,2020-07-15,14:44:58,00,";
var hq_str_sh603259="药明康德,104.800,103.480,106.340,108.450,104.000,106.340,106.350,21280185,2272743834.000,27400,106.340,1100,106.330,100,106.060,13200,106.000,700,105.980,100,106.350,400,106.380,400,106.400,2000,106.450,100,106.460,2020-07-15,14:45:58,00,";
var hq_str_sh603259="药明康德,104.800,103.480,106.100,108.450,104.000,106.070,106.100,21419065,2287483531.000,100,106.070,100,106.050,5300,106.040,100,106.020,10400,106.010,17662,106.100,100,106.120,1100,106.150,2200,106.160,1840,106.170,2020-07-15,14:46:58,00,";
var hq_str_sh603259="药明康德,104.800,103.480,105.890,108.450,104.000,105.890,105.980,21654265,2312415077.000,100,105.890,200,105.850,300,105.810,400,105.800,200,105.780,1200,105.980,100,105.990,22462,106.000,1700,106.010,100,106.090,2020-07-15,14:48:00,00,";
var hq_str_sh603259="药明康德,104.800,103.480,105.980,108.450,104.000,105.980,105.990,21708265,2318133031.000,1300,105.980,1000,105.970,600,105.950,100,105.940,100,105.930,5400,105.990,23462,106.000,2300,106.010,100,106.090,4000,106.100,2020-07-15,14:48:58,00,";
var hq_str_sh603259="药明康德,104.800,103.480,106.000,108.450,104.000,105.990,106.000,21849567,2333109766.000,1900,105.990,2100,105.970,1700,105.960,600,105.950,1860,105.940,22800,106.000,300,106.090,3300,106.100,300,106.120,1200,106.130,2020-07-15,14:49:58,00,";
var hq_str_sh603259="药明康德,104.800,103.480,105.990,108.450,104.000,105.960,105.990,21923047,2340897227.000,100,105.960,3000,105.950,620,105.940,500,105.930,1820,105.920,4300,105.990,41000,106.000,100,106.020,100,106.040,300,106.090,2020-07-15,14:50:58,00,";
var hq_str_sh603259="药明康德,104.800,103.480,105.500,108.450,104.000,105.500,105.540,22047327,2354042682.000,2500,105.500,100,105.450,200,105.400,100,105.390,300,105.380,1500,105.540,3300,105.550,1670,105.580,700,105.590,7940,105.600,2020-07-15,14:51:58,00,";
var hq_str_sh603259="药明康德,104.800,103.480,105.400,108.450,104.000,105.380,105.400,22281387,2378714361.000,200,105.380,100,105.370,2100,105.360,300,105.350,100,105.340,15900,105.400,1340,105.450,100,105.460,2400,105.500,1700,105.550,2020-07-15,14:53:00,00,";
var hq_str_sh603259="药明康德,104.800,103.480,105.800,108.450,104.000,105.750,105.800,22409947,2392270252.000,900,105.750,800,105.700,100,105.690,100,105.670,4500,105.600,400,105.800,1400,105.880,400,105.890,1000,105.910,100,105.930,2020-07-15,14:54:00,00,";
var hq_str_sh603259="药明康德,104.800,103.480,106.000,108.450,104.000,106.000,106.040,22492623,2401031164.000,964,106.000,3700,105.990,400,105.980,1300,105.970,1100,105.950,500,106.040,500,106.050,600,106.060,1300,106.080,200,106.090,2020-07-15,14:55:00,00,";
var hq_str_sh603259="药明康德,104.800,103.480,106.250,108.450,104.000,106.250,106.290,22544295,2406514003.000,120,106.250,4700,106.220,2000,106.210,18340,106.200,100,106.150,2636,106.290,2000,106.310,2300,106.320,2700,106.330,200,106.340,2020-07-15,14:55:58,00,";
var hq_str_sh603259="药明康德,104.800,103.480,106.200,108.450,104.000,106.130,106.150,22606595,2413130357.000,100,106.130,2100,106.120,2300,106.110,1320,106.100,100,106.070,200,106.150,200,106.200,3300,106.210,100,106.230,1349,106.240,2020-07-15,14:56:58,00,";
var hq_str_sh603259="药明康德,104.800,103.480,106.150,108.450,104.000,108.000,108.000,22606895,2413162200.000,161700,108.000,0,0.000,0,0.000,0,0.000,0,0.000,161700,108.000,14884,0.000,0,0.000,0,0.000,0,0.000,2020-07-15,14:58:00,00,";
var hq_str_sh603259="药明康德,104.800,103.480,106.150,108.450,104.000,107.800,107.800,22606895,2413162200.000,176600,107.800,0,0.000,0,0.000,0,0.000,0,0.000,176600,107.800,8584,0.000,0,0.000,0,0.000,0,0.000,2020-07-15,14:59:00,00,";
