var hq_str_sh603259="药明康德,102.760,102.800,102.760,102.760,102.760,102.700,102.760,90100,9258676.000,100,102.700,100,102.600,400,102.500,2000,102.400,300,102.220,918,102.760,200,102.780,1264,102.800,100,102.850,4700,102.880,2020-05-12,09:29:50,00,";
var hq_str_sh603259="药明康德,102.760,102.800,102.990,102.990,102.020,102.950,102.990,209140,21485117.000,2800,102.950,2200,102.940,3900,102.910,1500,102.900,5900,102.890,400,102.990,6496,103.000,100,103.010,100,103.050,1300,103.100,2020-05-12,09:30:59,00,";
var hq_str_sh603259="药明康德,102.760,102.800,103.100,103.120,102.020,103.100,103.150,291100,29926211.000,24,103.100,700,103.090,2800,103.070,400,103.050,400,103.020,900,103.150,1300,103.160,1000,103.190,1200,103.200,100,103.240,2020-05-12,09:31:59,00,";
var hq_str_sh603259="药明康德,102.760,102.800,103.200,103.250,102.020,103.200,103.240,363564,37403512.000,6300,103.200,100,103.190,736,103.170,1400,103.160,9600,103.150,500,103.240,1200,103.250,200,103.260,900,103.270,10300,103.280,2020-05-12,09:32:59,00,";
var hq_str_sh603259="药明康德,102.760,102.800,103.240,103.300,102.020,103.210,103.220,445564,45868802.000,200,103.210,1000,103.200,900,103.190,1400,103.180,536,103.170,800,103.220,2900,103.240,5644,103.250,300,103.260,200,103.290,2020-05-12,09:33:59,00,";
var hq_str_sh603259="药明康德,102.760,102.800,103.190,103.300,102.020,103.180,103.190,543496,55974963.000,11668,103.180,1100,103.170,2100,103.160,1400,103.150,900,103.140,700,103.190,4600,103.220,2944,103.250,100,103.290,20,103.300,2020-05-12,09:34:59,00,";
var hq_str_sh603259="药明康德,102.760,102.800,103.480,103.490,102.020,103.380,103.480,633560,65282000.000,1300,103.380,700,103.360,1100,103.350,100,103.330,1800,103.310,1400,103.480,800,103.490,10712,103.500,20600,103.520,400,103.550,2020-05-12,09:35:59,00,";
var hq_str_sh603259="药明康德,102.760,102.800,103.690,103.690,102.020,103.670,103.700,758416,78203954.000,100,103.670,300,103.660,900,103.650,700,103.640,10500,103.630,600,103.700,300,103.750,400,103.760,300,103.770,1464,103.780,2020-05-12,09:36:59,00,";
var hq_str_sh603259="药明康德,102.760,102.800,103.610,103.800,102.020,103.590,103.610,879416,90747235.000,200,103.590,900,103.570,900,103.560,900,103.550,900,103.540,800,103.610,100,103.620,2500,103.630,200,103.640,2200,103.650,2020-05-12,09:37:59,00,";
var hq_str_sh603259="药明康德,102.760,102.800,103.550,103.800,102.020,103.540,103.550,929714,95955440.000,400,103.540,100,103.530,2600,103.520,1600,103.510,4200,103.500,300,103.550,200,103.570,3700,103.580,14900,103.590,1100,103.600,2020-05-12,09:38:59,00,";
var hq_str_sh603259="药明康德,102.760,102.800,103.630,103.800,102.020,103.610,103.630,1017478,105044361.000,800,103.610,400,103.590,400,103.570,100,103.560,2000,103.550,1000,103.630,700,103.660,1800,103.680,6300,103.690,35800,103.700,2020-05-12,09:39:59,00,";
var hq_str_sh603259="药明康德,102.760,102.800,103.800,103.850,102.020,103.800,103.850,1258878,130077528.000,1800,103.800,900,103.750,1000,103.710,5100,103.700,3200,103.690,1212,103.850,200,103.860,500,103.870,3800,103.880,2100,103.890,2020-05-12,09:40:59,00,";
var hq_str_sh603259="药明康德,102.760,102.800,103.700,103.890,102.020,103.700,103.730,1496378,154732356.000,1300,103.700,3300,103.690,900,103.680,900,103.670,900,103.660,600,103.730,100,103.740,3400,103.750,1300,103.760,900,103.780,2020-05-12,09:41:59,00,";
var hq_str_sh603259="药明康德,102.760,102.800,103.570,103.890,102.020,103.550,103.580,1626578,168223854.000,800,103.550,900,103.540,900,103.530,900,103.520,900,103.510,800,103.580,1200,103.600,100,103.650,200,103.690,27100,103.700,2020-05-12,09:42:59,00,";
var hq_str_sh603259="药明康德,102.760,102.800,103.430,103.890,102.020,103.420,103.430,1660678,171752778.000,10300,103.420,1100,103.410,1300,103.400,36100,103.390,900,103.380,1300,103.430,4400,103.440,200,103.450,2500,103.460,2900,103.470,2020-05-12,09:43:59,00,";
var hq_str_sh603259="药明康德,102.760,102.800,103.420,103.890,102.020,103.400,103.420,1777078,183787265.000,500,103.400,300,103.300,200,103.290,3400,103.280,900,103.270,400,103.420,1300,103.430,300,103.450,1100,103.460,2100,103.470,2020-05-12,09:44:59,00,";
var hq_str_sh603259="药明康德,102.760,102.800,103.210,103.890,102.020,103.210,103.220,1813878,187588318.000,1100,103.210,15000,103.200,6600,103.190,2600,103.180,900,103.170,500,103.220,4100,103.230,200,103.240,476,103.250,700,103.260,2020-05-12,09:45:59,00,";
var hq_str_sh603259="药明康德,102.760,102.800,103.190,103.890,102.020,103.170,103.180,1891178,195564982.000,700,103.170,700,103.160,500,103.150,200,103.140,900,103.130,100,103.180,12652,103.210,800,103.220,500,103.230,276,103.250,2020-05-12,09:46:59,00,";
var hq_str_sh603259="药明康德,102.760,102.800,103.150,103.890,102.020,103.150,103.160,1944294,201045941.000,200,103.150,1100,103.140,900,103.130,1200,103.120,3900,103.110,300,103.160,3000,103.170,100,103.180,100,103.200,3380,103.210,2020-05-12,09:47:59,00,";
var hq_str_sh603259="药明康德,102.760,102.800,103.230,103.890,102.020,103.230,103.240,1984574,205201508.000,1600,103.230,100,103.220,5700,103.210,4800,103.200,200,103.190,600,103.240,1832,103.270,1700,103.300,900,103.330,21400,103.400,2020-05-12,09:48:59,00,";
var hq_str_sh603259="药明康德,102.760,102.800,103.400,103.890,102.020,103.390,103.400,2023706,209245361.000,100,103.390,100,103.370,600,103.340,700,103.310,1900,103.300,16500,103.400,100,103.420,1000,103.430,300,103.450,1000,103.460,2020-05-12,09:49:59,00,";
var hq_str_sh603259="药明康德,102.760,102.800,103.370,103.890,102.020,103.360,103.370,2051906,212160339.000,1200,103.360,700,103.330,900,103.320,1100,103.310,4200,103.300,500,103.370,100,103.380,2700,103.390,35600,103.400,100,103.420,2020-05-12,09:50:59,00,";
var hq_str_sh603259="药明康德,102.760,102.800,103.230,103.890,102.020,103.210,103.230,2079006,214959511.000,1100,103.210,2000,103.200,900,103.190,1500,103.180,1000,103.170,899,103.230,600,103.240,200,103.250,100,103.260,300,103.270,2020-05-12,09:51:59,00,";
var hq_str_sh603259="药明康德,102.760,102.800,103.120,103.890,102.020,103.120,103.140,2121806,219375873.000,1200,103.120,1400,103.110,1100,103.100,1200,103.090,1000,103.080,100,103.140,1600,103.150,500,103.160,2000,103.180,1900,103.190,2020-05-12,09:52:59,00,";
var hq_str_sh603259="药明康德,102.760,102.800,103.060,103.890,102.020,103.060,103.070,2136505,220891264.000,200,103.060,1200,103.050,1000,103.040,1200,103.030,1400,103.020,700,103.070,2100,103.080,2000,103.090,800,103.100,700,103.110,2020-05-12,09:53:59,00,";
var hq_str_sh603259="药明康德,102.760,102.800,103.030,103.890,102.020,103.020,103.040,2156709,222973152.000,1696,103.020,1900,103.010,7300,103.000,1900,102.990,1200,102.980,100,103.040,100,103.050,5932,103.060,900,103.070,1900,103.080,2020-05-12,09:54:59,00,";
var hq_str_sh603259="药明康德,102.760,102.800,102.980,103.890,102.020,102.970,102.980,2182005,225578729.000,1000,102.970,1000,102.960,7300,102.950,900,102.940,900,102.930,400,102.980,2100,102.990,4552,103.000,1112,103.010,1404,103.020,2020-05-12,09:55:59,00,";
var hq_str_sh603259="药明康德,102.760,102.800,103.060,103.890,102.020,103.060,103.070,2220069,229499421.000,2900,103.060,4200,103.020,3284,103.010,1200,103.000,900,102.990,300,103.070,1900,103.080,200,103.090,600,103.110,8300,103.120,2020-05-12,09:56:59,00,";
var hq_str_sh603259="药明康德,102.760,102.800,103.120,103.890,102.020,103.110,103.120,2250969,232684296.000,3600,103.110,600,103.100,2300,103.090,1900,103.080,1300,103.070,7500,103.120,200,103.160,100,103.190,600,103.200,100,103.220,2020-05-12,09:57:59,00,";
var hq_str_sh603259="药明康德,102.760,102.800,103.190,103.890,102.020,103.150,103.190,2284185,236110558.000,200,103.150,2884,103.130,900,103.120,1100,103.110,2300,103.100,1500,103.190,100,103.200,200,103.220,500,103.230,1132,103.240,2020-05-12,09:58:59,00,";
var hq_str_sh603259="药明康德,102.760,102.800,103.300,103.890,102.020,103.200,103.300,2308025,238570352.000,5160,103.200,200,103.170,2800,103.150,1000,103.140,900,103.130,19184,103.300,2048,103.320,100,103.330,4100,103.360,3100,103.380,2020-05-12,09:59:59,00,";
var hq_str_sh603259="药明康德,102.760,102.800,103.310,103.890,102.020,103.310,103.330,2353637,243281293.000,1660,103.310,800,103.300,700,103.280,2300,103.270,1100,103.260,348,103.330,300,103.370,3100,103.380,1600,103.390,36800,103.400,2020-05-12,10:00:59,00,";
var hq_str_sh603259="药明康德,102.760,102.800,103.230,103.890,102.020,103.220,103.230,2377297,245724773.000,1400,103.220,728,103.210,1000,103.200,1000,103.190,1100,103.180,600,103.230,100,103.240,100,103.260,100,103.270,1400,103.280,2020-05-12,10:01:59,00,";
var hq_str_sh603259="药明康德,102.760,102.800,103.200,103.890,102.020,103.200,103.210,2394025,247451368.000,1200,103.200,1100,103.190,1400,103.180,1000,103.170,900,103.160,1572,103.210,200,103.220,628,103.230,500,103.240,2000,103.250,2020-05-12,10:02:59,00,";
var hq_str_sh603259="药明康德,102.760,102.800,103.190,103.890,102.020,103.190,103.200,2420925,250227271.000,4200,103.190,1800,103.180,1600,103.170,1000,103.160,1300,103.150,16100,103.200,1072,103.210,100,103.220,400,103.240,1100,103.280,2020-05-12,10:03:59,00,";
var hq_str_sh603259="药明康德,102.760,102.800,103.190,103.890,102.020,103.180,103.190,2442525,252456118.000,2700,103.180,1400,103.170,1900,103.160,1500,103.150,900,103.140,2292,103.190,14400,103.200,972,103.210,100,103.220,400,103.240,2020-05-12,10:04:59,00,";
var hq_str_sh603259="药明康德,102.760,102.800,103.250,103.890,102.020,103.250,103.280,2483189,256652694.000,1600,103.250,500,103.220,800,103.210,19836,103.200,2300,103.190,1100,103.280,400,103.290,9400,103.300,500,103.310,1000,103.350,2020-05-12,10:05:56,00,";
var hq_str_sh603259="药明康德,102.760,102.800,103.210,103.890,102.020,103.200,103.210,2520289,260482415.000,19136,103.200,1300,103.190,2700,103.180,900,103.170,1000,103.160,3100,103.210,2000,103.220,500,103.230,200,103.240,1300,103.250,2020-05-12,10:06:59,00,";
var hq_str_sh603259="药明康德,102.760,102.800,103.450,103.890,102.020,103.430,103.460,2598005,268510431.000,2100,103.430,600,103.410,18800,103.400,600,103.390,2100,103.370,400,103.460,600,103.470,100,103.490,6544,103.500,5400,103.530,2020-05-12,10:07:59,00,";
var hq_str_sh603259="药明康德,102.760,102.800,103.580,103.890,102.020,103.590,103.600,2669849,275947270.000,200,103.590,2500,103.580,6500,103.570,900,103.560,3300,103.550,1500,103.600,500,103.620,300,103.660,2500,103.670,1100,103.680,2020-05-12,10:08:59,00,";
var hq_str_sh603259="药明康德,102.760,102.800,103.670,103.890,102.020,103.660,103.670,2772449,286583363.000,4000,103.660,2600,103.650,300,103.640,1100,103.630,500,103.620,1900,103.670,700,103.680,1600,103.690,22188,103.700,500,103.730,2020-05-12,10:09:59,00,";
var hq_str_sh603259="药明康德,102.760,102.800,103.510,103.890,102.020,103.500,103.510,2920649,301936774.000,1400,103.500,1400,103.490,900,103.480,900,103.470,1400,103.460,100,103.510,2100,103.520,7800,103.530,2100,103.540,2400,103.550,2020-05-12,10:10:59,00,";
var hq_str_sh603259="药明康德,102.760,102.800,103.660,103.890,102.020,103.650,103.660,3021169,312342554.000,600,103.650,100,103.630,100,103.600,5200,103.580,200,103.570,7600,103.660,100,103.680,2300,103.690,17788,103.700,500,103.730,2020-05-12,10:11:59,00,";
var hq_str_sh603259="药明康德,102.760,102.800,103.800,103.890,102.020,103.790,103.800,3156357,326364784.000,3000,103.790,1100,103.780,200,103.760,25800,103.750,300,103.720,1804,103.800,600,103.830,300,103.850,2300,103.870,3700,103.880,2020-05-12,10:12:59,00,";
var hq_str_sh603259="药明康德,102.760,102.800,103.650,103.890,102.020,103.630,103.650,3335673,344962871.000,900,103.630,900,103.620,1000,103.610,2000,103.600,900,103.590,300,103.650,600,103.660,6100,103.680,100,103.690,12200,103.700,2020-05-12,10:13:59,00,";
var hq_str_sh603259="药明康德,102.760,102.800,103.670,103.890,102.020,103.680,103.690,3448857,356694281.000,100,103.680,116,103.670,400,103.640,500,103.580,1000,103.570,500,103.690,600,103.710,1200,103.720,300,103.730,800,103.740,2020-05-12,10:14:59,00,";
var hq_str_sh603259="药明康德,102.760,102.800,103.730,103.890,102.020,103.730,103.740,3509157,362947752.000,100,103.730,10516,103.720,4300,103.710,18400,103.700,1800,103.670,1500,103.740,900,103.750,100,103.770,1200,103.780,15400,103.790,2020-05-12,10:15:59,00,";
var hq_str_sh603259="药明康德,102.760,102.800,103.880,103.890,102.020,103.860,103.880,3593845,371737594.000,5300,103.860,500,103.810,1312,103.800,4900,103.790,600,103.780,2800,103.880,3400,103.890,5900,103.900,100,103.910,500,103.930,2020-05-12,10:16:59,00,";
var hq_str_sh603259="药明康德,102.760,102.800,103.780,103.890,102.020,103.780,103.790,3662857,378902313.000,1000,103.780,700,103.770,1400,103.760,1600,103.750,900,103.740,100,103.790,19388,103.800,2200,103.810,10700,103.830,3400,103.840,2020-05-12,10:17:59,00,";
var hq_str_sh603259="药明康德,102.760,102.800,103.730,103.890,102.020,103.740,103.750,3703157,383083985.000,100,103.740,1000,103.730,9516,103.720,1100,103.710,1800,103.700,800,103.750,100,103.760,652,103.770,8900,103.780,6600,103.790,2020-05-12,10:18:59,00,";
var hq_str_sh603259="药明康德,102.760,102.800,103.690,103.890,102.020,103.680,103.690,3773973,390430161.000,600,103.680,1000,103.670,1000,103.660,1000,103.650,900,103.640,1400,103.690,100,103.700,700,103.710,5300,103.720,6500,103.730,2020-05-12,10:19:59,00,";
var hq_str_sh603259="药明康德,102.760,102.800,103.850,103.890,102.020,103.850,103.860,3860753,399433441.000,1844,103.850,400,103.840,4100,103.830,1400,103.810,17900,103.800,4100,103.860,200,103.870,3400,103.880,1900,103.890,5700,103.900,2020-05-12,10:20:59,00,";
var hq_str_sh603259="药明康德,102.760,102.800,103.840,103.950,102.020,103.840,103.890,3968721,410646352.000,132,103.840,400,103.800,4900,103.790,900,103.750,900,103.740,1100,103.890,200,103.900,1200,103.950,1000,103.960,1100,103.970,2020-05-12,10:21:59,00,";
var hq_str_sh603259="药明康德,102.760,102.800,103.860,103.950,102.020,103.840,103.860,4040153,418066100.000,7700,103.840,1000,103.830,900,103.820,900,103.810,1200,103.800,2300,103.860,6411,103.890,600,103.900,100,103.910,400,103.930,2020-05-12,10:22:59,00,";
var hq_str_sh603259="药明康德,102.760,102.800,103.890,103.950,102.020,103.810,103.890,4139453,428377510.000,500,103.810,200,103.800,1000,103.790,1000,103.780,1000,103.770,411,103.890,3124,103.900,200,103.930,2032,103.940,3700,103.950,2020-05-12,10:23:56,00,";
var hq_str_sh603259="药明康德,102.760,102.800,103.860,103.950,102.020,103.860,103.870,4182153,432811129.000,1200,103.860,200,103.850,200,103.840,600,103.830,400,103.820,700,103.870,16900,103.880,700,103.890,4148,103.900,100,103.910,2020-05-12,10:24:59,00,";
var hq_str_sh603259="药明康德,102.760,102.800,103.830,103.950,102.020,103.820,103.840,4215985,436324265.000,700,103.820,5068,103.810,1300,103.800,900,103.790,900,103.780,2424,103.840,200,103.850,700,103.860,400,103.870,17948,103.880,2020-05-12,10:25:59,00,";
var hq_str_sh603259="药明康德,102.760,102.800,103.810,103.950,102.020,103.810,103.840,4253553,440224424.000,400,103.810,500,103.800,400,103.790,1000,103.780,1200,103.770,956,103.840,1100,103.850,400,103.860,500,103.870,13348,103.880,2020-05-12,10:26:59,00,";
var hq_str_sh603259="药明康德,102.760,102.800,103.800,103.950,102.020,103.790,103.800,4289753,443982314.000,900,103.790,1000,103.780,1200,103.770,900,103.760,900,103.750,6500,103.800,5000,103.810,4700,103.820,2356,103.850,2900,103.860,2020-05-12,10:27:59,00,";
var hq_str_sh603259="药明康德,102.760,102.800,103.770,103.950,102.020,103.810,103.850,4380301,453381638.000,1400,103.810,1000,103.800,400,103.770,8852,103.750,2500,103.740,200,103.850,256,103.930,532,103.940,2860,103.950,1500,103.960,2020-05-12,10:28:59,00,";
var hq_str_sh603259="药明康德,102.760,102.800,103.780,103.950,102.020,103.760,103.780,4424653,457983897.000,3500,103.760,3400,103.720,8700,103.710,1700,103.700,900,103.690,1500,103.780,300,103.790,8532,103.800,9048,103.810,100,103.820,2020-05-12,10:29:59,00,";
var hq_str_sh603259="药明康德,102.760,102.800,103.680,103.950,102.020,103.670,103.680,4464553,462122966.000,1000,103.670,1000,103.660,900,103.650,900,103.640,900,103.630,2000,103.680,900,103.690,9700,103.710,1200,103.720,1100,103.730,2020-05-12,10:30:59,00,";
var hq_str_sh603259="药明康德,102.760,102.800,103.630,103.950,102.020,103.630,103.640,4511353,466975485.000,7700,103.630,1200,103.620,1200,103.610,900,103.600,900,103.590,500,103.640,200,103.650,3500,103.660,700,103.670,4200,103.680,2020-05-12,10:31:59,00,";
var hq_str_sh603259="药明康德,102.760,102.800,103.630,103.950,102.020,103.610,103.630,4544653,470425413.000,1700,103.610,19700,103.600,2300,103.570,1200,103.560,1200,103.550,2600,103.630,600,103.640,200,103.650,3400,103.660,500,103.670,2020-05-12,10:32:59,00,";
var hq_str_sh603259="药明康德,102.760,102.800,103.750,103.950,102.020,103.750,103.760,4575653,473639761.000,5800,103.750,400,103.740,300,103.730,400,103.720,400,103.710,500,103.760,100,103.770,600,103.780,1000,103.790,9544,103.800,2020-05-12,10:33:59,00,";
var hq_str_sh603259="药明康德,102.760,102.800,103.780,103.950,102.020,103.770,103.780,4592153,475351812.000,2200,103.770,500,103.760,2400,103.750,300,103.740,1400,103.730,600,103.780,1600,103.790,11544,103.800,9048,103.810,100,103.840,2020-05-12,10:34:59,00,";
var hq_str_sh603259="药明康德,102.760,102.800,103.760,103.950,102.020,103.760,103.770,4613953,477613604.000,200,103.760,2800,103.750,2100,103.720,1300,103.710,1100,103.700,2000,103.770,200,103.780,1800,103.790,12544,103.800,9048,103.810,2020-05-12,10:35:59,00,";
var hq_str_sh603259="药明康德,102.760,102.800,103.760,103.950,102.020,103.760,103.780,4629553,479232253.000,800,103.760,600,103.750,100,103.740,1200,103.730,1700,103.720,1200,103.780,2600,103.790,17528,103.800,9048,103.810,100,103.830,2020-05-12,10:36:59,00,";
var hq_str_sh603259="药明康德,102.760,102.800,103.800,103.950,102.020,103.780,103.800,4716393,488239834.000,3260,103.780,9400,103.750,1800,103.740,9400,103.720,300,103.710,13928,103.800,9048,103.810,100,103.830,100,103.840,600,103.850,2020-05-12,10:37:59,00,";
var hq_str_sh603259="药明康德,102.760,102.800,103.830,103.950,102.020,103.830,103.870,4778269,494662436.000,2300,103.830,12724,103.810,100,103.800,900,103.790,700,103.780,100,103.870,2964,103.880,3900,103.890,3300,103.900,456,103.930,2020-05-12,10:38:59,00,";
var hq_str_sh603259="药明康德,102.760,102.800,103.830,103.950,102.020,103.830,103.840,4805269,497466208.000,5600,103.830,700,103.820,12124,103.810,100,103.800,100,103.790,1800,103.840,5100,103.850,2200,103.860,3164,103.880,3900,103.890,2020-05-12,10:39:59,00,";
var hq_str_sh603259="药明康德,102.760,102.800,103.820,103.950,102.020,103.810,103.820,4826025,499621203.000,11068,103.810,5100,103.800,3200,103.790,1300,103.780,900,103.770,1600,103.820,3700,103.830,300,103.840,9500,103.850,100,103.860,2020-05-12,10:40:59,00,";
var hq_str_sh603259="药明康德,102.760,102.800,103.990,103.990,102.020,103.980,103.990,4897078,507003146.000,6590,103.980,700,103.970,1000,103.960,2000,103.950,400,103.930,18800,103.990,63908,104.000,200,104.010,800,104.020,700,104.030,2020-05-12,10:41:59,00,";
var hq_str_sh603259="药明康德,102.760,102.800,104.120,104.200,102.020,104.110,104.120,5145186,532819037.000,2200,104.110,5200,104.100,6400,104.090,100,104.080,7300,104.000,12900,104.120,1000,104.160,100,104.170,2632,104.190,6000,104.200,2020-05-12,10:42:59,00,";
var hq_str_sh603259="药明康德,102.760,102.800,104.100,104.200,102.020,104.090,104.100,5290386,547934326.000,2900,104.090,2100,104.080,800,104.010,6700,104.000,600,103.990,6316,104.100,800,104.120,1000,104.160,300,104.170,400,104.180,2020-05-12,10:43:59,00,";
var hq_str_sh603259="药明康德,102.760,102.800,104.000,104.200,102.020,103.980,103.990,5389686,558266197.000,500,103.980,800,103.970,2900,103.960,1000,103.950,700,103.940,5900,103.990,1000,104.030,300,104.080,8600,104.090,8416,104.100,2020-05-12,10:44:59,00,";
var hq_str_sh603259="药明康德,102.760,102.800,104.100,104.200,102.020,104.090,104.100,5482686,567940618.000,400,104.090,200,104.080,100,104.070,1000,104.060,1500,104.040,6216,104.100,1200,104.120,100,104.140,500,104.150,1100,104.160,2020-05-12,10:45:59,00,";
var hq_str_sh603259="药明康德,102.760,102.800,103.950,104.200,102.020,103.940,103.950,5556086,575574654.000,600,103.940,300,103.930,800,103.920,1200,103.910,2800,103.900,100,103.950,300,103.960,600,103.980,800,104.000,500,104.020,2020-05-12,10:46:59,00,";
var hq_str_sh603259="药明康德,102.760,102.800,103.940,104.200,102.020,103.940,103.950,5587690,578859404.000,1596,103.940,2700,103.920,1200,103.910,2800,103.900,700,103.890,12260,103.950,1900,103.960,600,103.980,1800,104.000,100,104.010,2020-05-12,10:47:59,00,";
var hq_str_sh603259="药明康德,102.760,102.800,103.900,104.200,102.020,103.900,103.910,5608586,581031020.000,1800,103.900,800,103.890,1100,103.880,700,103.870,700,103.860,100,103.910,400,103.920,5704,103.940,12360,103.950,100,103.960,2020-05-12,10:48:59,00,";
var hq_str_sh603259="药明康德,102.760,102.800,104.080,104.200,102.020,104.080,104.100,5688950,589390412.000,500,104.080,1500,104.060,800,104.050,6700,104.040,100,104.020,2116,104.100,100,104.110,1800,104.120,100,104.140,800,104.150,2020-05-12,10:49:59,00,";
var hq_str_sh603259="药明康德,102.760,102.800,104.380,104.380,102.020,104.380,104.390,5801398,601108530.000,3900,104.380,2100,104.370,6700,104.360,10800,104.350,700,104.340,400,104.390,600,104.400,100,104.420,100,104.430,1500,104.440,2020-05-12,10:50:59,00,";
var hq_str_sh603259="药明康德,102.760,102.800,104.610,104.620,102.020,104.610,104.620,5929767,614523828.000,1400,104.610,3731,104.600,2900,104.590,800,104.580,1000,104.570,900,104.620,100,104.630,1400,104.640,900,104.650,2700,104.660,2020-05-12,10:51:59,00,";
var hq_str_sh603259="药明康德,102.760,102.800,104.450,104.620,102.020,104.460,104.490,5972598,619002526.000,1000,104.460,300,104.450,300,104.420,800,104.410,1400,104.400,400,104.490,7400,104.500,2452,104.520,300,104.550,100,104.570,2020-05-12,10:52:59,00,";
var hq_str_sh603259="药明康德,102.760,102.800,104.560,104.620,102.020,104.560,104.580,6039078,625948278.000,1300,104.560,1600,104.550,1500,104.510,3400,104.500,1100,104.490,2600,104.580,4700,104.590,7100,104.600,26152,104.610,2600,104.620,2020-05-12,10:53:56,00,";
var hq_str_sh603259="药明康德,102.760,102.800,104.740,104.800,102.020,104.720,104.740,6174630,640131502.000,1500,104.720,14500,104.700,1000,104.660,500,104.650,5100,104.640,500,104.740,9700,104.800,800,104.820,100,104.830,600,104.840,2020-05-12,10:54:59,00,";
var hq_str_sh603259="药明康德,102.760,102.800,104.630,104.800,102.020,104.620,104.660,6246830,647690294.000,1000,104.620,20348,104.610,100,104.600,100,104.590,100,104.580,3000,104.660,200,104.680,100,104.690,3400,104.700,500,104.710,2020-05-12,10:55:59,00,";
var hq_str_sh603259="药明康德,102.760,102.800,104.550,104.800,102.020,104.550,104.600,6309630,654260565.000,6148,104.550,1000,104.500,300,104.490,520,104.470,1000,104.460,400,104.600,4500,104.610,3200,104.650,3000,104.660,300,104.680,2020-05-12,10:56:59,00,";
var hq_str_sh603259="药明康德,102.760,102.800,104.770,104.850,102.020,104.770,104.800,6395030,663201479.000,2100,104.770,2100,104.750,200,104.740,1100,104.730,7700,104.720,100,104.800,12100,104.850,1600,104.860,32600,104.880,2200,104.890,2020-05-12,10:57:59,00,";
var hq_str_sh603259="药明康德,102.760,102.800,104.850,104.850,102.020,104.840,104.850,6459378,669945512.000,600,104.840,100,104.830,1100,104.820,100,104.810,6200,104.800,5000,104.850,2800,104.860,500,104.870,13000,104.880,2300,104.890,2020-05-12,10:58:59,00,";
var hq_str_sh603259="药明康德,102.760,102.800,104.790,104.850,102.020,104.790,104.800,6523230,676636962.000,1200,104.790,6000,104.780,8400,104.720,100,104.700,300,104.600,4100,104.800,6420,104.820,200,104.830,600,104.840,6700,104.850,2020-05-12,10:59:59,00,";
var hq_str_sh603259="药明康德,102.760,102.800,104.630,104.850,102.020,104.630,104.670,6593130,683960377.000,700,104.630,800,104.620,700,104.610,800,104.600,700,104.590,500,104.670,1000,104.700,8700,104.710,100,104.770,5500,104.790,2020-05-12,11:00:59,00,";
var hq_str_sh603259="药明康德,102.760,102.800,104.490,104.850,102.020,104.480,104.490,6634730,688310273.000,300,104.480,1320,104.470,1700,104.460,700,104.450,700,104.440,1200,104.490,1100,104.500,300,104.530,2600,104.540,100,104.550,2020-05-12,11:01:59,00,";
var hq_str_sh603259="药明康德,102.760,102.800,104.480,104.850,102.020,104.480,104.490,6699994,695126349.000,300,104.480,396,104.470,6500,104.460,3100,104.430,2360,104.410,1800,104.490,900,104.500,300,104.540,200,104.570,200,104.580,2020-05-12,11:02:59,00,";
var hq_str_sh603259="药明康德,102.760,102.800,104.460,104.850,102.020,104.420,104.460,6739294,699232928.000,200,104.420,260,104.410,2100,104.400,700,104.390,700,104.380,100,104.460,500,104.500,4600,104.510,7500,104.530,300,104.540,2020-05-12,11:03:59,00,";
var hq_str_sh603259="药明康德,102.760,102.800,104.360,104.850,102.020,104.350,104.390,6766854,702110035.000,7900,104.350,800,104.340,800,104.330,700,104.320,700,104.310,500,104.390,596,104.400,3200,104.410,5740,104.420,1000,104.490,2020-05-12,11:04:59,00,";
var hq_str_sh603259="药明康德,102.760,102.800,104.300,104.850,102.020,104.300,104.310,6809654,706575119.000,4700,104.300,400,104.290,3700,104.280,700,104.270,800,104.260,100,104.310,1100,104.320,800,104.360,500,104.390,1096,104.400,2020-05-12,11:05:59,00,";
var hq_str_sh603259="药明康德,102.760,102.800,104.380,104.850,102.020,104.380,104.400,6835454,709266964.000,1800,104.380,2200,104.360,3100,104.350,500,104.340,1200,104.330,664,104.400,3200,104.410,5540,104.420,1900,104.500,4700,104.510,2020-05-12,11:06:59,00,";
var hq_str_sh603259="药明康德,102.760,102.800,104.340,104.850,102.020,104.320,104.330,6869554,712825486.000,1400,104.320,200,104.310,1000,104.300,900,104.290,1400,104.280,1000,104.330,2668,104.340,400,104.390,3064,104.400,3200,104.410,2020-05-12,11:07:59,00,";
var hq_str_sh603259="药明康德,102.760,102.800,104.330,104.850,102.020,104.330,104.340,6897854,715777772.000,200,104.330,200,104.320,6300,104.310,7400,104.300,1000,104.290,2168,104.340,200,104.350,100,104.390,1064,104.400,3200,104.410,2020-05-12,11:08:59,00,";
var hq_str_sh603259="药明康德,102.760,102.800,104.300,104.850,102.020,104.300,104.340,6966922,722981905.000,5200,104.300,800,104.280,1700,104.270,700,104.260,800,104.250,468,104.340,400,104.350,100,104.360,100,104.390,1164,104.400,2020-05-12,11:09:59,00,";
var hq_str_sh603259="药明康德,102.760,102.800,104.360,104.850,102.020,104.350,104.390,6991842,725581252.000,1232,104.350,200,104.340,700,104.330,900,104.320,3000,104.310,100,104.390,1164,104.400,100,104.410,5540,104.420,100,104.430,2020-05-12,11:10:59,00,";
var hq_str_sh603259="药明康德,102.760,102.800,104.350,104.850,102.020,104.350,104.360,7009742,727449180.000,2732,104.350,500,104.340,300,104.330,2100,104.320,2000,104.310,3600,104.360,600,104.370,2512,104.380,800,104.390,1164,104.400,2020-05-12,11:11:59,00,";
var hq_str_sh603259="药明康德,102.760,102.800,104.380,104.850,102.020,104.370,104.380,7056642,732343362.000,900,104.370,800,104.360,4732,104.350,1100,104.340,800,104.330,692,104.380,800,104.390,1064,104.400,200,104.410,5540,104.420,2020-05-12,11:12:59,00,";
var hq_str_sh603259="药明康德,102.760,102.800,104.420,104.850,102.020,104.390,104.400,7105274,737418757.000,1100,104.390,300,104.380,3132,104.370,500,104.360,1700,104.350,100,104.400,2896,104.420,100,104.430,900,104.440,300,104.450,2020-05-12,11:13:59,00,";
var hq_str_sh603259="药明康德,102.760,102.800,104.470,104.850,102.020,104.450,104.470,7137070,740739015.000,1800,104.450,3400,104.440,500,104.430,1504,104.420,700,104.410,200,104.470,300,104.480,800,104.490,5100,104.500,4400,104.510,2020-05-12,11:14:59,00,";
var hq_str_sh603259="药明康德,102.760,102.800,104.550,104.850,102.020,104.550,104.560,7172210,744410725.000,800,104.550,100,104.540,700,104.530,3300,104.520,17500,104.510,500,104.560,2000,104.570,800,104.580,13652,104.600,300,104.610,2020-05-12,11:15:59,00,";
var hq_str_sh603259="药明康德,102.760,102.800,104.600,104.850,102.020,104.550,104.570,7192810,746564708.000,2500,104.550,600,104.540,700,104.530,1500,104.520,11300,104.510,200,104.570,400,104.580,14352,104.600,300,104.610,1300,104.620,2020-05-12,11:16:59,00,";
var hq_str_sh603259="药明康德,102.760,102.800,104.500,104.850,102.020,104.500,104.510,7223310,749752697.000,3000,104.500,900,104.490,3200,104.480,2500,104.470,700,104.460,1300,104.510,2000,104.520,100,104.530,800,104.540,3332,104.550,2020-05-12,11:17:59,00,";
var hq_str_sh603259="药明康德,102.760,102.800,104.470,104.850,102.020,104.470,104.480,7275910,755248229.000,900,104.470,2800,104.430,1104,104.420,900,104.410,10500,104.400,300,104.480,1200,104.490,7800,104.500,500,104.510,500,104.520,2020-05-12,11:18:59,00,";
var hq_str_sh603259="药明康德,102.760,102.800,104.380,104.850,102.020,104.380,104.390,7335910,761512652.000,4300,104.380,332,104.370,100,104.360,16300,104.350,800,104.340,700,104.390,900,104.400,1200,104.410,200,104.420,1000,104.430,2020-05-12,11:19:59,00,";
var hq_str_sh603259="药明康德,102.760,102.800,104.390,104.850,102.020,104.390,104.400,7383110,766439785.000,100,104.390,300,104.370,17900,104.350,1200,104.340,800,104.330,2500,104.400,700,104.490,3900,104.500,200,104.510,1400,104.520,2020-05-12,11:20:59,00,";
var hq_str_sh603259="药明康德,102.760,102.800,104.500,104.850,102.020,104.480,104.500,7437178,772084159.000,2200,104.480,2800,104.410,6200,104.400,1500,104.390,3300,104.380,600,104.500,200,104.510,1400,104.520,300,104.530,700,104.540,2020-05-12,11:21:59,00,";
var hq_str_sh603259="药明康德,102.760,102.800,104.430,104.850,102.020,104.420,104.430,7484478,777024248.000,3100,104.420,6700,104.410,5800,104.400,2000,104.390,3200,104.380,100,104.430,100,104.450,900,104.460,300,104.470,1600,104.480,2020-05-12,11:22:59,00,";
var hq_str_sh603259="药明康德,102.760,102.800,104.400,104.850,102.020,104.400,104.430,7515178,780229696.000,1900,104.400,1500,104.390,2700,104.380,5200,104.370,700,104.360,500,104.430,300,104.450,300,104.460,1000,104.470,1600,104.480,2020-05-12,11:23:56,00,";
var hq_str_sh603259="药明康德,102.760,102.800,104.410,104.850,102.020,104.400,104.410,7545778,783424398.000,600,104.400,1700,104.390,3700,104.380,10200,104.370,800,104.360,100,104.410,100,104.420,2100,104.450,200,104.470,2200,104.480,2020-05-12,11:24:56,00,";
var hq_str_sh603259="药明康德,102.760,102.800,104.350,104.850,102.020,104.350,104.360,7594178,788476723.000,3332,104.350,900,104.340,800,104.330,700,104.320,4200,104.310,400,104.360,1700,104.370,100,104.380,1300,104.390,1800,104.400,2020-05-12,11:25:59,00,";
var hq_str_sh603259="药明康德,102.760,102.800,104.190,104.850,102.020,104.190,104.200,7677510,797166124.000,1200,104.190,700,104.180,700,104.170,700,104.160,700,104.150,6722,104.200,3300,104.250,500,104.260,2200,104.270,400,104.290,2020-05-12,11:26:59,00,";
var hq_str_sh603259="药明康德,102.760,102.800,104.050,104.850,102.020,104.050,104.080,7743110,803997524.000,2600,104.050,2200,104.040,9200,104.030,4800,104.020,800,104.010,2900,104.080,3700,104.090,100,104.100,600,104.170,700,104.180,2020-05-12,11:27:59,00,";
var hq_str_sh603259="药明康德,102.760,102.800,104.000,104.850,102.020,104.000,104.010,7796110,809511256.000,500,104.000,6900,103.990,1000,103.980,1100,103.970,900,103.960,1000,104.010,6600,104.030,700,104.040,500,104.060,1100,104.070,2020-05-12,11:28:59,00,";
var hq_str_sh603259="药明康德,102.760,102.800,104.080,104.850,102.020,104.070,104.080,7848610,814972150.000,600,104.070,900,104.060,400,104.010,1700,103.990,1900,103.980,1400,104.080,800,104.090,1000,104.100,700,104.170,500,104.180,2020-05-12,11:29:59,00,";
var hq_str_sh603259="药明康德,102.760,102.800,104.080,104.850,102.020,104.070,104.080,7848610,814972150.000,600,104.070,900,104.060,400,104.010,1700,103.990,1900,103.980,1400,104.080,800,104.090,1000,104.100,700,104.170,500,104.180,2020-05-12,11:30:00,00,";
var hq_str_sh603259="药明康德,102.760,102.800,103.980,104.850,102.020,103.970,103.980,7902075,820532601.000,2580,103.970,700,103.910,2155,103.900,1700,103.880,700,103.870,1820,103.980,632,103.990,3200,104.000,30984,104.070,6396,104.080,2020-05-12,13:00:57,00,";
var hq_str_sh603259="药明康德,102.760,102.800,104.110,104.850,102.020,104.110,104.150,7988247,829498801.000,300,104.110,4800,104.100,960,104.090,1400,104.080,400,104.070,600,104.150,100,104.170,7648,104.180,900,104.190,11700,104.200,2020-05-12,13:01:57,00,";
var hq_str_sh603259="药明康德,102.760,102.800,104.180,104.850,102.020,104.180,104.190,8029847,833832949.000,400,104.180,1000,104.160,500,104.150,200,104.120,1100,104.110,200,104.190,1200,104.200,1848,104.240,500,104.250,800,104.260,2020-05-12,13:02:57,00,";
var hq_str_sh603259="药明康德,102.760,102.800,104.030,104.850,102.020,104.020,104.030,8063747,837363980.000,700,104.020,700,104.010,1200,104.000,700,103.990,700,103.980,500,104.030,600,104.050,600,104.060,500,104.070,100,104.080,2020-05-12,13:03:57,00,";
var hq_str_sh603259="药明康德,102.760,102.800,103.970,104.850,102.020,103.950,103.970,8086147,839693415.000,2900,103.950,1500,103.940,4800,103.930,1000,103.920,1300,103.910,1420,103.970,800,103.990,4700,104.000,1300,104.020,100,104.050,2020-05-12,13:04:57,00,";
var hq_str_sh603259="药明康德,102.760,102.800,104.150,104.850,102.020,104.150,104.160,8134667,844738277.000,1200,104.150,400,104.030,800,104.020,5380,104.000,4800,103.930,300,104.160,200,104.170,100,104.180,1200,104.190,2300,104.200,2020-05-12,13:05:57,00,";
var hq_str_sh603259="药明康德,102.760,102.800,103.860,104.850,102.020,103.850,103.860,8168902,848297127.000,1200,103.850,700,103.840,700,103.830,1300,103.820,900,103.810,200,103.860,800,103.890,4745,103.900,100,103.910,100,103.920,2020-05-12,13:06:57,00,";
var hq_str_sh603259="药明康德,102.760,102.800,103.770,104.850,102.020,103.760,103.800,8228602,854492450.000,4400,103.760,800,103.710,1900,103.700,100,103.690,500,103.670,1700,103.800,700,103.810,1100,103.830,400,103.850,900,103.870,2020-05-12,13:07:57,00,";
var hq_str_sh603259="药明康德,102.760,102.800,103.900,104.850,102.020,103.860,103.900,8262102,857969992.000,1000,103.860,3900,103.850,800,103.840,1100,103.830,500,103.820,2845,103.900,100,103.910,400,103.940,600,103.990,3020,104.000,2020-05-12,13:09:00,00,";
var hq_str_sh603259="药明康德,102.760,102.800,104.000,104.850,102.020,104.010,104.100,8297267,861625039.000,1100,104.010,4135,104.000,55400,103.940,800,103.930,1900,103.910,200,104.100,600,104.140,500,104.150,100,104.180,1200,104.190,2020-05-12,13:10:00,00,";
var hq_str_sh603259="药明康德,102.760,102.800,103.910,104.850,102.020,103.910,103.920,8398502,872148040.000,500,103.910,2700,103.900,300,103.880,1200,103.870,1600,103.860,500,103.920,2300,103.930,600,103.940,900,104.000,200,104.010,2020-05-12,13:10:57,00,";
var hq_str_sh603259="药明康德,102.760,102.800,103.950,104.850,102.020,103.950,104.000,8428402,875254683.000,200,103.950,1600,103.900,300,103.890,300,103.880,8900,103.870,1700,104.000,200,104.010,200,104.020,500,104.080,1400,104.100,2020-05-12,13:11:57,00,";
var hq_str_sh603259="药明康德,102.760,102.800,104.050,104.850,102.020,104.050,104.070,8446002,877085175.000,200,104.050,1200,104.040,900,104.020,1000,104.010,3600,104.000,200,104.070,200,104.080,200,104.090,1400,104.100,1600,104.140,2020-05-12,13:13:00,00,";
var hq_str_sh603259="药明康德,102.760,102.800,104.190,104.850,102.020,104.130,104.190,8467502,879324101.000,1000,104.130,300,104.110,1900,104.090,400,104.080,700,104.070,200,104.190,2712,104.200,100,104.210,100,104.230,1080,104.250,2020-05-12,13:13:57,00,";
var hq_str_sh603259="药明康德,102.760,102.800,104.170,104.850,102.020,104.160,104.170,8487202,881376405.000,800,104.160,700,104.150,1100,104.140,600,104.130,300,104.110,300,104.170,1300,104.180,3112,104.200,100,104.210,100,104.230,2020-05-12,13:14:57,00,";
var hq_str_sh603259="药明康德,102.760,102.800,104.220,104.850,102.020,104.220,104.230,8522414,885045020.000,1100,104.220,100,104.210,100,104.160,100,104.150,388,104.130,1100,104.230,600,104.240,2380,104.250,1100,104.260,1552,104.280,2020-05-12,13:15:57,00,";
var hq_str_sh603259="药明康德,102.760,102.800,104.120,104.850,102.020,104.110,104.120,8540602,886939241.000,100,104.110,200,104.090,400,104.080,1500,104.070,900,104.060,200,104.120,1400,104.130,300,104.140,2612,104.150,3500,104.160,2020-05-12,13:16:57,00,";
var hq_str_sh603259="药明康德,102.760,102.800,104.200,104.850,102.020,104.180,104.200,8557102,888657563.000,500,104.180,800,104.160,13200,104.150,2200,104.140,6600,104.130,5320,104.200,400,104.220,2780,104.250,500,104.260,1552,104.280,2020-05-12,13:17:57,00,";
var hq_str_sh603259="药明康德,102.760,102.800,104.350,104.850,102.020,104.330,104.350,8597226,892838806.000,100,104.330,600,104.320,100,104.310,1876,104.300,4100,104.170,2668,104.350,1000,104.360,500,104.370,200,104.380,100,104.390,2020-05-12,13:18:57,00,";
var hq_str_sh603259="药明康德,102.760,102.800,104.400,104.850,102.020,104.370,104.390,8644982,897822841.000,1444,104.370,1100,104.350,100,104.340,1000,104.320,100,104.310,2000,104.390,2646,104.420,1000,104.430,200,104.440,1100,104.450,2020-05-12,13:19:57,00,";
var hq_str_sh603259="药明康德,102.760,102.800,104.380,104.850,102.020,104.380,104.390,8674158,900867945.000,1500,104.380,300,104.370,1900,104.350,1000,104.340,100,104.330,400,104.390,1900,104.400,2646,104.420,1000,104.430,1200,104.440,2020-05-12,13:20:57,00,";
var hq_str_sh603259="药明康德,102.760,102.800,104.240,104.850,102.020,104.220,104.240,8741234,907866668.000,700,104.220,700,104.200,700,104.190,700,104.180,1800,104.170,100,104.240,100,104.260,400,104.270,24,104.290,1576,104.300,2020-05-12,13:21:57,00,";
var hq_str_sh603259="药明康德,102.760,102.800,104.260,104.850,102.020,104.250,104.260,8754734,909274084.000,1000,104.250,200,104.240,900,104.230,1100,104.220,900,104.210,1700,104.260,1400,104.290,5700,104.300,1000,104.340,600,104.350,2020-05-12,13:22:57,00,";
var hq_str_sh603259="药明康德,102.760,102.800,104.250,104.850,102.020,104.240,104.250,8763934,910233204.000,1700,104.240,200,104.230,1300,104.220,800,104.210,700,104.200,1700,104.250,4160,104.260,5400,104.290,6000,104.300,1000,104.340,2020-05-12,13:23:57,00,";
var hq_str_sh603259="药明康德,102.760,102.800,104.150,104.850,102.020,104.130,104.150,8793534,913316657.000,4000,104.130,100,104.120,5400,104.110,1000,104.100,900,104.090,2800,104.150,600,104.190,9916,104.200,200,104.240,6332,104.250,2020-05-12,13:25:00,00,";
var hq_str_sh603259="药明康德,102.760,102.800,104.160,104.850,102.020,104.160,104.170,8810034,915035041.000,300,104.160,1200,104.140,7500,104.130,800,104.120,6000,104.110,300,104.170,100,104.180,400,104.190,9716,104.200,2888,104.240,2020-05-12,13:26:00,00,";
var hq_str_sh603259="药明康德,102.760,102.800,104.190,104.850,102.020,104.190,104.200,8828934,917004061.000,1000,104.190,9000,104.180,100,104.170,300,104.160,3700,104.150,2616,104.200,2888,104.240,2532,104.250,200,104.260,4700,104.290,2020-05-12,13:27:00,00,";
var hq_str_sh603259="药明康德,102.760,102.800,104.190,104.850,102.020,104.190,104.200,8851250,919329284.000,700,104.190,5184,104.180,100,104.170,1100,104.160,3700,104.150,4400,104.200,700,104.210,1600,104.230,3388,104.240,2532,104.250,2020-05-12,13:28:00,00,";
var hq_str_sh603259="药明康德,102.760,102.800,104.200,104.850,102.020,104.200,104.210,8865650,920829640.000,3800,104.200,6100,104.190,4484,104.180,200,104.170,2100,104.160,200,104.210,1000,104.230,3388,104.240,1532,104.250,200,104.260,2020-05-12,13:29:00,00,";
var hq_str_sh603259="药明康德,102.760,102.800,104.300,104.850,102.020,104.290,104.300,8886670,923021316.000,3300,104.290,2400,104.280,200,104.260,1668,104.250,512,104.240,300,104.300,200,104.320,1000,104.340,600,104.350,500,104.360,2020-05-12,13:29:57,00,";
var hq_str_sh603259="药明康德,102.760,102.800,104.510,104.850,102.020,104.500,104.520,8941516,928750504.000,1300,104.500,3100,104.480,1000,104.470,400,104.460,1000,104.450,1900,104.520,300,104.530,700,104.540,3132,104.550,100,104.560,2020-05-12,13:31:00,00,";
var hq_str_sh603259="药明康德,102.760,102.800,104.460,104.850,102.020,104.360,104.450,8963116,931007656.000,800,104.360,800,104.340,700,104.330,1000,104.320,700,104.310,500,104.450,1100,104.460,100,104.470,500,104.480,3500,104.490,2020-05-12,13:31:58,00,";
var hq_str_sh603259="药明康德,102.760,102.800,104.360,104.850,102.020,104.340,104.350,8971016,931832077.000,1700,104.340,100,104.330,500,104.320,5100,104.310,9100,104.300,100,104.350,200,104.360,100,104.370,100,104.400,400,104.440,2020-05-12,13:33:00,00,";
var hq_str_sh603259="药明康德,102.760,102.800,104.450,104.850,102.020,104.370,104.400,8981516,932927777.000,500,104.370,600,104.360,5900,104.340,2000,104.320,5900,104.310,10000,104.400,200,104.440,200,104.450,500,104.460,900,104.480,2020-05-12,13:34:00,00,";
var hq_str_sh603259="药明康德,102.760,102.800,104.420,104.850,102.020,104.410,104.420,8999516,934806916.000,1300,104.410,10800,104.400,2100,104.370,1200,104.360,700,104.350,200,104.420,300,104.440,600,104.450,500,104.460,200,104.480,2020-05-12,13:35:00,00,";
var hq_str_sh603259="药明康德,102.760,102.800,104.410,104.850,102.020,104.410,104.480,9033616,938368178.000,200,104.410,10200,104.400,800,104.390,900,104.380,1500,104.370,2484,104.480,3300,104.490,11900,104.500,2500,104.510,600,104.520,2020-05-12,13:35:58,00,";
var hq_str_sh603259="药明康德,102.760,102.800,104.400,104.850,102.020,104.390,104.400,9053316,940424986.000,900,104.390,700,104.380,900,104.370,500,104.360,800,104.350,1300,104.400,400,104.410,800,104.420,1712,104.430,300,104.440,2020-05-12,13:36:57,00,";
var hq_str_sh603259="药明康德,102.760,102.800,104.330,104.850,102.020,104.320,104.330,9068916,942053050.000,800,104.320,5700,104.310,9400,104.300,900,104.290,800,104.280,5900,104.330,1500,104.350,18700,104.360,600,104.370,300,104.380,2020-05-12,13:38:00,00,";
var hq_str_sh603259="药明康德,102.760,102.800,104.330,104.850,102.020,104.320,104.330,9101316,945432819.000,7600,104.320,300,104.310,4600,104.300,500,104.290,800,104.280,800,104.330,500,104.340,1700,104.350,18700,104.360,300,104.380,2020-05-12,13:39:00,00,";
var hq_str_sh603259="药明康德,102.760,102.800,104.380,104.850,102.020,104.380,104.390,9131816,948615578.000,1400,104.380,17200,104.360,400,104.350,600,104.340,1900,104.330,1600,104.390,1900,104.400,300,104.410,3497,104.430,100,104.440,2020-05-12,13:40:00,00,";
var hq_str_sh603259="药明康德,102.760,102.800,104.490,104.850,102.020,104.480,104.490,9183885,954054560.000,200,104.480,1900,104.450,400,104.420,2400,104.410,3931,104.400,136,104.490,500,104.500,2500,104.510,800,104.520,300,104.530,2020-05-12,13:41:00,00,";
var hq_str_sh603259="药明康德,102.760,102.800,104.450,104.850,102.020,104.430,104.450,9200585,955799325.000,800,104.430,1500,104.420,1800,104.410,5631,104.400,800,104.390,200,104.450,200,104.460,704,104.500,3200,104.510,1100,104.520,2020-05-12,13:41:57,00,";
var hq_str_sh603259="药明康德,102.760,102.800,104.500,104.850,102.020,104.490,104.510,9226085,958463895.000,300,104.490,1400,104.480,1200,104.470,4100,104.460,2100,104.450,504,104.510,1600,104.520,300,104.530,600,104.540,3432,104.550,2020-05-12,13:43:00,00,";
var hq_str_sh603259="药明康德,102.760,102.800,104.510,104.850,102.020,104.500,104.510,9260285,962038247.000,2000,104.500,400,104.490,13400,104.480,600,104.470,3000,104.460,800,104.510,1204,104.520,100,104.540,3432,104.550,100,104.560,2020-05-12,13:44:00,00,";
var hq_str_sh603259="药明康德,102.760,102.800,104.520,104.850,102.020,104.520,104.540,9280589,964160219.000,200,104.520,1144,104.510,2388,104.500,4500,104.490,11400,104.480,400,104.540,4532,104.550,100,104.560,500,104.570,2400,104.580,2020-05-12,13:45:00,00,";
var hq_str_sh603259="药明康德,102.760,102.800,104.540,104.850,102.020,104.500,104.540,9314721,967727263.000,7600,104.500,500,104.490,11400,104.480,1200,104.470,700,104.460,300,104.540,4532,104.550,100,104.560,800,104.570,2400,104.580,2020-05-12,13:46:00,00,";
var hq_str_sh603259="药明康德,102.760,102.800,104.600,104.850,102.020,104.580,104.600,9387205,975306826.000,55100,104.580,200,104.560,37116,104.550,100,104.540,100,104.530,33552,104.600,200,104.610,300,104.620,8800,104.630,100,104.640,2020-05-12,13:46:57,00,";
var hq_str_sh603259="药明康德,102.760,102.800,104.560,104.850,102.020,104.560,104.570,9560705,993449316.000,11716,104.560,1300,104.550,700,104.540,100,104.520,12100,104.480,100,104.570,300,104.580,2400,104.590,15352,104.600,3200,104.610,2020-05-12,13:47:57,00,";
var hq_str_sh603259="药明康德,102.760,102.800,104.630,104.850,102.020,104.610,104.630,9622377,999900987.000,2300,104.610,5128,104.600,300,104.580,7300,104.570,5816,104.560,816,104.630,400,104.640,1948,104.670,5200,104.680,3100,104.690,2020-05-12,13:49:00,00,";
var hq_str_sh603259="药明康德,102.760,102.800,104.670,104.850,102.020,104.660,104.670,9632693,1000980370.000,3684,104.660,100,104.650,500,104.640,1200,104.630,400,104.620,1548,104.670,5700,104.680,3500,104.690,6700,104.700,500,104.710,2020-05-12,13:50:00,00,";
var hq_str_sh603259="药明康德,102.760,102.800,104.770,104.850,102.020,104.770,104.780,9725321,1010678552.000,400,104.770,2700,104.750,400,104.740,800,104.730,1200,104.720,5340,104.780,1800,104.790,23080,104.800,500,104.810,9120,104.820,2020-05-12,13:50:58,00,";
var hq_str_sh603259="药明康德,102.760,102.800,104.790,104.850,102.020,104.780,104.790,9811621,1019722083.000,2400,104.780,32400,104.770,400,104.750,500,104.730,100,104.720,2900,104.790,1800,104.800,4000,104.810,2960,104.820,3100,104.830,2020-05-12,13:52:00,00,";
var hq_str_sh603259="药明康德,102.760,102.800,104.780,104.850,102.020,104.770,104.780,9881921,1027088160.000,1400,104.770,1100,104.750,100,104.730,17100,104.720,700,104.700,1900,104.780,5600,104.790,1200,104.800,3300,104.810,2960,104.820,2020-05-12,13:52:58,00,";
var hq_str_sh603259="药明康德,102.760,102.800,104.780,104.850,102.020,104.770,104.790,9924837,1031584766.000,16884,104.770,1100,104.750,1800,104.730,2200,104.720,700,104.710,2200,104.790,2000,104.800,200,104.810,3700,104.820,3000,104.830,2020-05-12,13:53:58,00,";
var hq_str_sh603259="药明康德,102.760,102.800,104.880,104.890,102.020,104.880,104.890,10004437,1039930521.000,5600,104.880,200,104.870,2600,104.860,2800,104.850,4300,104.840,1800,104.890,8700,104.900,500,104.910,2400,104.930,700,104.940,2020-05-12,13:55:00,00,";
var hq_str_sh603259="药明康德,102.760,102.800,105.000,105.080,102.020,105.000,105.010,10411761,1082688470.000,4300,105.000,3060,104.960,100,104.950,200,104.940,1000,104.920,2100,105.010,10700,105.080,940,105.090,10900,105.100,3900,105.110,2020-05-12,13:55:58,00,";
var hq_str_sh603259="药明康德,102.760,102.800,105.000,105.080,102.020,104.990,105.000,10485861,1090469390.000,3700,104.990,2100,104.980,1700,104.960,2000,104.950,1200,104.920,5500,105.000,500,105.010,2300,105.020,800,105.030,1800,105.050,2020-05-12,13:56:58,00,";
var hq_str_sh603259="药明康德,102.760,102.800,104.960,105.080,102.020,104.960,104.970,10527561,1094847357.000,200,104.960,2600,104.950,400,104.940,1000,104.920,3400,104.910,3100,104.970,9380,104.980,3100,104.990,12120,105.000,1700,105.010,2020-05-12,13:58:00,00,";
var hq_str_sh603259="药明康德,102.760,102.800,104.900,105.080,102.020,104.860,104.900,10555361,1097764378.000,2400,104.860,800,104.850,800,104.840,700,104.830,1900,104.820,2600,104.900,600,104.910,2580,104.920,1100,104.930,300,104.940,2020-05-12,13:59:00,00,";
var hq_str_sh603259="药明康德,102.760,102.800,104.850,105.080,102.020,104.840,104.860,10586641,1101044378.000,6720,104.840,300,104.830,300,104.820,1100,104.810,8300,104.800,100,104.860,1648,104.880,600,104.890,3500,104.900,1100,104.920,2020-05-12,13:59:58,00,";
var hq_str_sh603259="药明康德,102.760,102.800,104.810,105.080,102.020,104.810,104.820,10615061,1104023487.000,600,104.810,1900,104.800,900,104.790,800,104.780,10600,104.770,200,104.820,1400,104.840,1480,104.850,1300,104.860,1248,104.880,2020-05-12,14:01:00,00,";
var hq_str_sh603259="药明康德,102.760,102.800,104.810,105.080,102.020,104.800,104.810,10631437,1105739749.000,1800,104.800,2200,104.790,4900,104.780,10100,104.770,1400,104.750,1600,104.810,1300,104.820,1000,104.840,1400,104.850,1400,104.860,2020-05-12,14:01:58,00,";
var hq_str_sh603259="药明康德,102.760,102.800,104.830,105.080,102.020,104.830,104.840,10651337,1107825326.000,100,104.830,2300,104.820,2100,104.800,5300,104.780,10100,104.770,1200,104.840,200,104.850,1400,104.860,2148,104.880,400,104.890,2020-05-12,14:03:00,00,";
var hq_str_sh603259="药明康德,102.760,102.800,104.930,105.080,102.020,104.930,104.950,10699285,1112853067.000,3452,104.930,2100,104.840,3100,104.830,800,104.810,3100,104.800,900,104.950,1700,104.960,400,104.970,2400,104.980,3900,104.990,2020-05-12,14:04:00,00,";
var hq_str_sh603259="药明康德,102.760,102.800,105.060,105.080,102.020,105.040,105.050,10777457,1121061145.000,8700,105.040,9880,105.030,100,105.020,1100,105.000,2200,104.990,600,105.050,1500,105.060,2000,105.070,16220,105.080,1040,105.090,2020-05-12,14:04:58,00,";
var hq_str_sh603259="药明康德,102.760,102.800,105.140,105.280,102.020,105.120,105.140,10930617,1137165549.000,1000,105.120,700,105.060,800,105.050,500,105.040,6680,105.030,2600,105.140,100,105.190,1100,105.200,6800,105.210,100,105.240,2020-05-12,14:06:00,00,";
var hq_str_sh603259="药明康德,102.760,102.800,105.000,105.280,102.020,104.990,105.010,10964097,1140683170.000,1800,104.990,300,104.970,700,104.960,2500,104.950,700,104.940,700,105.010,100,105.020,6059,105.030,800,105.040,3200,105.060,2020-05-12,14:07:00,00,";
var hq_str_sh603259="药明康德,102.760,102.800,104.940,105.280,102.020,104.940,104.950,10989197,1143317860.000,600,104.940,1500,104.930,200,104.920,800,104.910,5700,104.900,1300,104.950,700,104.960,100,104.970,400,104.980,3400,104.990,2020-05-12,14:08:00,00,";
var hq_str_sh603259="药明康德,102.760,102.800,104.980,105.280,102.020,104.970,104.980,11021797,1146739684.000,10200,104.970,7600,104.960,3200,104.950,700,104.940,100,104.930,1100,104.980,700,104.990,1000,105.000,100,105.010,400,105.020,2020-05-12,14:09:00,00,";
var hq_str_sh603259="药明康德,102.760,102.800,104.890,105.280,102.020,104.890,104.900,11069697,1151766623.000,500,104.890,900,104.880,700,104.870,800,104.860,900,104.850,400,104.900,2300,104.910,600,104.920,1300,104.930,1200,104.940,2020-05-12,14:10:00,00,";
var hq_str_sh603259="药明康德,102.760,102.800,104.770,105.280,102.020,104.760,104.770,11127297,1157804691.000,700,104.760,1400,104.750,700,104.740,1700,104.730,1100,104.720,1800,104.770,9400,104.780,500,104.800,2900,104.810,5700,104.820,2020-05-12,14:10:58,00,";
var hq_str_sh603259="药明康德,102.760,102.800,104.660,105.280,102.020,104.660,104.670,11149397,1160118700.000,300,104.660,1000,104.650,800,104.640,1100,104.630,700,104.620,1000,104.670,2500,104.690,6700,104.700,200,104.730,3700,104.740,2020-05-12,14:11:58,00,";
var hq_str_sh603259="药明康德,102.760,102.800,104.780,105.280,102.020,104.780,104.800,11199497,1165365892.000,2300,104.780,2800,104.770,2100,104.760,12900,104.750,600,104.740,300,104.800,900,104.810,2000,104.830,4700,104.850,500,104.880,2020-05-12,14:12:58,00,";
var hq_str_sh603259="药明康德,102.760,102.800,104.840,105.280,102.020,104.840,104.850,11224397,1167975998.000,700,104.840,500,104.830,1500,104.820,1100,104.810,6900,104.790,600,104.850,900,104.860,900,104.880,1500,104.900,100,104.920,2020-05-12,14:14:00,00,";
var hq_str_sh603259="药明康德,102.760,102.800,104.900,105.280,102.020,104.850,104.890,11255069,1171191772.000,1228,104.850,1200,104.820,6900,104.800,4600,104.790,6500,104.780,2700,104.890,200,104.920,900,104.940,1400,104.950,500,104.960,2020-05-12,14:14:58,00,";
var hq_str_sh603259="药明康德,102.760,102.800,105.010,105.280,102.020,105.010,105.020,11329505,1179004998.000,4000,105.010,1200,105.000,1100,104.940,100,104.930,19600,104.920,400,105.020,200,105.030,800,105.040,5000,105.050,2300,105.060,2020-05-12,14:16:00,00,";
var hq_str_sh603259="药明康德,102.760,102.800,104.930,105.280,102.020,104.930,104.940,11365405,1182774397.000,2200,104.930,21600,104.920,3600,104.900,300,104.860,1000,104.820,900,104.940,200,104.950,3200,104.960,700,105.000,1300,105.010,2020-05-12,14:17:00,00,";
var hq_str_sh603259="药明康德,102.760,102.800,104.980,105.280,102.020,104.920,104.930,11385705,1184905001.000,20400,104.920,300,104.910,3200,104.900,300,104.860,1000,104.820,200,104.930,1000,104.990,3180,105.000,2400,105.010,1800,105.020,2020-05-12,14:18:00,00,";
var hq_str_sh603259="药明康德,102.760,102.800,104.950,105.280,102.020,104.950,104.990,11421605,1188673183.000,200,104.950,1100,104.940,1100,104.930,20100,104.920,200,104.910,1200,104.990,4480,105.000,2300,105.010,2700,105.020,1000,105.030,2020-05-12,14:19:00,00,";
var hq_str_sh603259="药明康德,102.760,102.800,105.040,105.280,102.020,105.020,105.050,11505905,1197528386.000,600,105.020,300,105.010,400,105.000,900,104.990,900,104.980,1500,105.050,100,105.080,2300,105.090,1038,105.100,3100,105.110,2020-05-12,14:19:58,00,";
var hq_str_sh603259="药明康德,102.760,102.800,105.030,105.280,102.020,105.030,105.040,11567405,1203989850.000,500,105.030,500,105.020,9600,105.010,6100,105.000,800,104.990,800,105.040,100,105.050,200,105.090,100,105.100,100,105.160,2020-05-12,14:21:00,00,";
var hq_str_sh603259="药明康德,102.760,102.800,105.000,105.280,102.020,104.990,105.000,11605305,1207970020.000,2700,104.990,500,104.980,100,104.970,200,104.960,400,104.950,1622,105.000,5700,105.020,3000,105.030,1100,105.040,900,105.050,2020-05-12,14:21:58,00,";
var hq_str_sh603259="药明康德,102.760,102.800,104.790,105.280,102.020,104.780,104.790,11679205,1215721811.000,7700,104.780,800,104.770,700,104.760,11800,104.750,800,104.740,300,104.790,2100,104.800,200,104.810,300,104.820,2400,104.860,2020-05-12,14:23:00,00,";
var hq_str_sh603259="药明康德,102.760,102.800,104.830,105.280,102.020,104.830,104.880,11722105,1220217411.000,300,104.830,400,104.770,4600,104.760,12300,104.750,800,104.740,200,104.880,200,104.900,500,104.940,300,104.990,6100,105.000,2020-05-12,14:23:58,00,";
var hq_str_sh603259="药明康德,102.760,102.800,104.860,105.280,102.020,104.850,104.860,11767905,1225018334.000,1300,104.850,1000,104.840,1800,104.830,600,104.820,3200,104.810,3804,104.860,3300,104.870,400,104.880,100,104.890,5300,104.900,2020-05-12,14:24:58,00,";
var hq_str_sh603259="药明康德,102.760,102.800,104.860,105.280,102.020,104.850,104.860,11792105,1227555584.000,2800,104.850,1000,104.840,1100,104.830,900,104.820,3800,104.810,5404,104.860,1000,104.870,400,104.880,400,104.890,5300,104.900,2020-05-12,14:26:00,00,";
var hq_str_sh603259="药明康德,102.760,102.800,104.820,105.280,102.020,104.820,104.830,11817005,1230166241.000,800,104.820,3400,104.810,13000,104.800,1800,104.790,800,104.780,100,104.830,5400,104.850,5904,104.860,1000,104.870,400,104.880,2020-05-12,14:26:58,00,";
var hq_str_sh603259="药明康德,102.760,102.800,104.790,105.280,102.020,104.790,104.800,11855305,1234180435.000,1400,104.790,1200,104.780,1100,104.770,1200,104.760,1500,104.750,500,104.800,4300,104.820,800,104.850,2504,104.860,1000,104.870,2020-05-12,14:28:00,00,";
var hq_str_sh603259="药明康德,102.760,102.800,104.700,105.280,102.020,104.690,104.700,11882505,1237029496.000,1700,104.690,1200,104.680,800,104.670,2200,104.660,700,104.650,1300,104.700,4300,104.710,200,104.740,500,104.770,600,104.790,2020-05-12,14:29:00,00,";
var hq_str_sh603259="药明康德,102.760,102.800,104.780,105.280,102.020,104.700,104.780,11936305,1242663771.000,100,104.700,900,104.690,1300,104.680,900,104.670,2300,104.660,20100,104.780,600,104.790,600,104.800,500,104.820,1000,104.850,2020-05-12,14:30:00,00,";
var hq_str_sh603259="药明康德,102.760,102.800,104.820,105.280,102.020,104.800,104.850,11985405,1247807323.000,3600,104.800,1800,104.780,1600,104.770,9300,104.760,1000,104.750,1000,104.850,1104,104.860,400,104.880,400,104.890,3900,104.900,2020-05-12,14:30:58,00,";
var hq_str_sh603259="药明康德,102.760,102.800,105.090,105.280,102.020,105.080,105.090,12079709,1257708304.000,2200,105.080,800,105.070,8000,105.050,2000,105.020,500,105.010,3800,105.090,100,105.100,600,105.120,600,105.140,3500,105.150,2020-05-12,14:32:00,00,";
var hq_str_sh603259="药明康德,102.760,102.800,105.100,105.280,102.020,105.090,105.110,12198707,1270221267.000,2000,105.090,1300,105.080,100,105.070,800,105.060,100,105.050,700,105.110,2100,105.120,4700,105.130,2300,105.150,300,105.160,2020-05-12,14:32:58,00,";
var hq_str_sh603259="药明康德,102.760,102.800,105.210,105.280,102.020,105.210,105.220,12277355,1278491574.000,3600,105.210,400,105.190,22900,105.180,800,105.170,1600,105.160,2900,105.220,300,105.230,400,105.250,2800,105.260,3000,105.270,2020-05-12,14:34:00,00,";
var hq_str_sh603259="药明康德,102.760,102.800,105.350,105.370,102.020,105.350,105.370,12385955,1289925489.000,100,105.350,100,105.340,500,105.330,2500,105.310,14900,105.300,2600,105.370,2000,105.380,1000,105.390,11940,105.400,200,105.420,2020-05-12,14:34:58,00,";
var hq_str_sh603259="药明康德,102.760,102.800,105.390,105.420,102.020,105.380,105.390,12513495,1303365867.000,1000,105.380,4400,105.360,1000,105.350,1000,105.340,2100,105.330,4400,105.390,3696,105.400,800,105.410,200,105.420,600,105.430,2020-05-12,14:36:00,00,";
var hq_str_sh603259="药明康德,102.760,102.800,105.390,105.420,102.020,105.380,105.390,12581395,1310521838.000,100,105.380,500,105.370,6200,105.360,2100,105.350,800,105.340,3100,105.390,13400,105.400,100,105.410,1400,105.420,1000,105.430,2020-05-12,14:37:00,00,";
var hq_str_sh603259="药明康德,102.760,102.800,105.380,105.420,102.020,105.380,105.390,12674195,1320299717.000,600,105.380,1500,105.360,700,105.350,4600,105.310,2200,105.300,100,105.390,8952,105.400,600,105.410,4500,105.420,1100,105.430,2020-05-12,14:37:58,00,";
var hq_str_sh603259="药明康德,102.760,102.800,105.520,105.550,102.020,105.500,105.520,12815027,1335149997.000,4900,105.500,2200,105.480,1000,105.470,1800,105.460,900,105.450,2500,105.520,2072,105.550,2100,105.560,1300,105.570,4000,105.580,2020-05-12,14:38:58,00,";
var hq_str_sh603259="药明康德,102.760,102.800,105.440,105.550,102.020,105.450,105.460,12880127,1342017165.000,200,105.450,1800,105.440,1400,105.430,1600,105.420,800,105.410,4100,105.460,100,105.470,800,105.480,200,105.490,5180,105.500,2020-05-12,14:39:58,00,";
var hq_str_sh603259="药明康德,102.760,102.800,105.350,105.550,102.020,105.330,105.350,12970675,1351564229.000,800,105.330,800,105.320,1300,105.310,2700,105.300,800,105.290,1300,105.350,1600,105.360,6300,105.380,700,105.390,21000,105.400,2020-05-12,14:41:00,00,";
var hq_str_sh603259="药明康德,102.760,102.800,105.400,105.550,102.020,105.390,105.400,13027675,1357570686.000,1800,105.390,11300,105.380,1400,105.370,2500,105.360,1600,105.350,7600,105.400,676,105.410,100,105.430,1200,105.460,500,105.490,2020-05-12,14:42:00,00,";
var hq_str_sh603259="药明康德,102.760,102.800,105.440,105.550,102.020,105.440,105.450,13096627,1364840933.000,2000,105.440,1200,105.430,800,105.420,900,105.410,1200,105.400,3700,105.450,3900,105.490,22800,105.500,4500,105.510,4400,105.520,2020-05-12,14:42:57,00,";
var hq_str_sh603259="药明康德,102.760,102.800,105.460,105.550,102.020,105.450,105.460,13166427,1372202970.000,4300,105.450,1300,105.440,1000,105.430,800,105.420,1000,105.410,700,105.460,8400,105.500,4700,105.510,4600,105.520,13600,105.530,2020-05-12,14:43:58,00,";
var hq_str_sh603259="药明康德,102.760,102.800,105.460,105.550,102.020,105.460,105.470,13224127,1378289670.000,2500,105.460,2200,105.450,800,105.440,4500,105.430,800,105.420,200,105.470,4800,105.480,1600,105.490,7000,105.500,14700,105.510,2020-05-12,14:44:58,00,";
var hq_str_sh603259="药明康德,102.760,102.800,105.450,105.550,102.020,105.440,105.460,13273927,1383541528.000,800,105.440,2500,105.430,2900,105.420,1000,105.410,1500,105.400,100,105.460,2400,105.470,500,105.480,11400,105.490,16500,105.500,2020-05-12,14:45:58,00,";
var hq_str_sh603259="药明康德,102.760,102.800,105.460,105.550,102.020,105.460,105.470,13389303,1395710989.000,13400,105.460,4824,105.450,1500,105.440,3000,105.430,3000,105.420,6800,105.470,1700,105.480,1000,105.490,21400,105.500,5624,105.510,2020-05-12,14:47:00,00,";
var hq_str_sh603259="药明康德,102.760,102.800,105.600,105.600,102.020,105.540,105.600,13559859,1413710357.000,1900,105.540,28276,105.530,1600,105.520,600,105.510,3200,105.480,5648,105.600,500,105.620,100,105.630,100,105.640,2900,105.650,2020-05-12,14:48:00,00,";
var hq_str_sh603259="药明康德,102.760,102.800,105.550,105.680,102.020,105.550,105.560,13779859,1436949446.000,400,105.550,500,105.540,22976,105.530,1000,105.520,900,105.510,1300,105.560,2000,105.600,300,105.650,100,105.660,700,105.670,2020-05-12,14:48:58,00,";
var hq_str_sh603259="药明康德,102.760,102.800,105.580,105.680,102.020,105.590,105.600,13820995,1441291746.000,1200,105.590,1200,105.580,1500,105.570,2964,105.560,12900,105.550,5500,105.600,100,105.620,900,105.650,300,105.660,600,105.670,2020-05-12,14:49:58,00,";
var hq_str_sh603259="药明康德,102.760,102.800,105.440,105.680,102.020,105.380,105.440,13932435,1453052390.000,900,105.380,800,105.370,1000,105.340,1500,105.330,2500,105.300,1700,105.440,900,105.450,500,105.460,2900,105.470,4400,105.480,2020-05-12,14:50:58,00,";
var hq_str_sh603259="药明康德,102.760,102.800,105.310,105.680,102.020,105.310,105.330,13978335,1457887550.000,5600,105.310,400,105.300,500,105.280,3800,105.270,200,105.260,300,105.330,100,105.340,200,105.360,500,105.370,1000,105.380,2020-05-12,14:51:58,00,";
var hq_str_sh603259="药明康德,102.760,102.800,105.470,105.680,102.020,105.460,105.470,14132671,1474161764.000,6300,105.460,500,105.450,26164,105.440,40300,105.400,100,105.340,6200,105.470,1000,105.480,700,105.490,4600,105.500,700,105.510,2020-05-12,14:52:58,00,";
var hq_str_sh603259="药明康德,102.760,102.800,105.530,105.680,102.020,105.510,105.530,14332671,1495273318.000,200,105.510,1800,105.480,2100,105.470,500,105.460,1400,105.450,1200,105.530,100,105.540,7200,105.550,200,105.560,1000,105.590,2020-05-12,14:53:58,00,";
var hq_str_sh603259="药明康德,102.760,102.800,105.480,105.680,102.020,105.480,105.490,14448771,1507524368.000,1200,105.480,3000,105.470,1400,105.460,2700,105.450,18464,105.440,2200,105.490,4000,105.500,100,105.510,200,105.520,400,105.530,2020-05-12,14:55:00,00,";
var hq_str_sh603259="药明康德,102.760,102.800,105.480,105.680,102.020,105.480,105.500,14599410,1523406555.000,600,105.480,40700,105.470,100,105.450,100,105.440,55200,105.430,1200,105.500,200,105.530,500,105.540,300,105.550,19341,105.560,2020-05-12,14:55:58,00,";
var hq_str_sh603259="药明康德,102.760,102.800,105.500,105.680,102.020,105.500,105.550,14893510,1554456359.000,102400,105.500,2700,105.480,38800,105.470,200,105.450,600,105.440,4700,105.550,2000,105.590,12341,105.600,2500,105.620,100,105.630,2020-05-12,14:56:58,00,";
var hq_str_sh603259="药明康德,102.760,102.800,105.550,105.680,102.020,106.000,106.000,14900110,1555152908.000,218200,106.000,0,0.000,0,0.000,0,0.000,0,0.000,218200,106.000,90189,0.000,0,0.000,0,0.000,0,0.000,2020-05-12,14:57:58,00,";
var hq_str_sh603259="药明康德,102.760,102.800,105.550,105.680,102.020,106.880,106.880,14900110,1555152908.000,568585,106.880,62215,0.000,0,0.000,0,0.000,0,0.000,568585,106.880,0,0.000,0,0.000,0,0.000,0,0.000,2020-05-12,14:58:58,00,";
