var hq_str_sh603259="药明康德,98.210,98.150,98.210,98.210,98.210,98.210,98.490,23124,2271008.000,76,98.210,100,98.180,600,98.150,300,98.140,600,98.100,800,98.490,300,98.500,800,98.640,800,98.670,100,98.700,2020-01-22,09:29:49,00,";
var hq_str_sh603259="药明康德,98.210,98.150,98.680,98.920,98.160,98.430,98.680,126724,12479823.000,100,98.430,600,98.320,200,98.300,1000,98.230,2800,98.220,400,98.680,1100,98.690,2100,98.700,200,98.760,100,98.770,2020-01-22,09:30:46,00,";
var hq_str_sh603259="药明康德,98.210,98.150,98.200,98.920,98.160,98.200,98.210,176924,17418784.000,500,98.200,600,98.160,600,98.150,1600,98.100,100,98.090,2000,98.210,1000,98.230,100,98.300,1200,98.330,500,98.440,2020-01-22,09:31:31,00,";
var hq_str_sh603259="药明康德,98.210,98.150,97.490,98.920,97.480,97.480,97.490,312224,30675345.000,300,97.480,300,97.460,1900,97.450,100,97.420,3100,97.400,500,97.490,1100,97.540,3900,97.550,778,97.560,600,97.570,2020-01-22,09:32:55,00,";
var hq_str_sh603259="药明康德,98.210,98.150,97.630,98.920,97.320,97.630,97.690,384602,37737314.000,1000,97.630,400,97.620,400,97.600,1300,97.570,600,97.560,100,97.690,400,97.700,200,97.790,800,97.800,100,97.850,2020-01-22,09:33:58,00,";
var hq_str_sh603259="药明康德,98.210,98.150,97.200,98.920,96.900,97.200,97.300,491802,48158369.000,1300,97.200,1000,97.190,300,97.020,500,97.010,1300,97.000,600,97.300,500,97.410,1100,97.560,2900,97.570,200,97.600,2020-01-22,09:34:58,00,";
var hq_str_sh603259="药明康德,98.210,98.150,97.400,98.920,96.900,97.350,97.400,542402,53083304.000,3000,97.350,21400,97.320,1300,97.310,1100,97.300,800,97.290,1000,97.400,100,97.470,1300,97.490,7000,97.500,700,97.560,2020-01-22,09:35:58,00,";
var hq_str_sh603259="药明康德,98.210,98.150,98.000,98.920,96.900,97.960,98.000,609902,59670715.000,800,97.960,200,97.910,500,97.900,1100,97.800,1000,97.720,1400,98.000,300,98.010,1000,98.080,700,98.100,300,98.150,2020-01-22,09:36:58,00,";
var hq_str_sh603259="药明康德,98.210,98.150,98.450,98.920,96.900,98.500,98.660,694182,67946896.000,200,98.500,500,98.250,200,98.210,300,98.120,1200,98.060,300,98.660,2800,98.690,200,98.750,500,98.770,3600,98.800,2020-01-22,09:37:58,00,";
var hq_str_sh603259="药明康德,98.210,98.150,98.260,98.920,96.900,98.150,98.260,810582,79390027.000,100,98.150,100,98.000,800,97.910,400,97.900,100,97.880,2800,98.260,1500,98.290,1900,98.390,1980,98.400,100,98.470,2020-01-22,09:38:58,00,";
var hq_str_sh603259="药明康德,98.210,98.150,98.190,98.920,96.900,98.180,98.190,919182,90058026.000,100,98.180,1000,98.140,6900,98.130,6200,98.110,1000,98.100,1700,98.190,1100,98.200,300,98.210,300,98.230,4480,98.250,2020-01-22,09:40:01,00,";
var hq_str_sh603259="药明康德,98.210,98.150,98.380,98.920,96.900,98.300,98.400,968962,94953618.000,3720,98.300,100,98.260,9200,98.250,900,98.150,9700,98.140,4000,98.400,300,98.440,600,98.460,600,98.470,3600,98.480,2020-01-22,09:40:58,00,";
var hq_str_sh603259="药明康德,98.210,98.150,98.280,98.920,96.900,98.280,98.300,1044862,102416197.000,1100,98.280,100,98.190,1400,98.150,9700,98.140,7400,98.130,1800,98.300,1000,98.320,3300,98.330,500,98.350,6500,98.380,2020-01-22,09:41:58,00,";
var hq_str_sh603259="药明康德,98.210,98.150,98.200,98.920,96.900,98.190,98.200,1087562,106609138.000,2200,98.190,1800,98.180,4800,98.170,800,98.150,9200,98.140,100,98.200,2700,98.220,7200,98.250,2500,98.270,400,98.280,2020-01-22,09:42:58,00,";
var hq_str_sh603259="药明康德,98.210,98.150,98.100,98.920,96.900,98.030,98.110,1162562,113971905.000,600,98.030,800,98.010,800,98.000,500,97.920,800,97.910,100,98.110,700,98.120,4600,98.130,1000,98.140,4600,98.150,2020-01-22,09:43:58,00,";
var hq_str_sh603259="药明康德,98.210,98.150,97.940,98.920,96.900,97.950,98.000,1231162,120702417.000,100,97.950,1000,97.940,5100,97.930,1000,97.920,800,97.910,500,98.000,600,98.100,900,98.110,2700,98.150,2900,98.160,2020-01-22,09:44:58,00,";
var hq_str_sh603259="药明康德,98.210,98.150,97.830,98.920,96.900,97.900,97.990,1479262,144967350.000,10000,97.900,100,97.830,100,97.820,700,97.800,2600,97.650,10300,97.990,8700,98.000,100,98.030,600,98.100,500,98.110,2020-01-22,09:45:58,00,";
var hq_str_sh603259="药明康德,98.210,98.150,98.010,98.920,96.900,98.010,98.050,1550722,151968396.000,1000,98.010,6600,98.000,1960,97.990,300,97.930,1320,97.920,300,98.050,300,98.100,500,98.110,100,98.120,1800,98.130,2020-01-22,09:46:58,00,";
var hq_str_sh603259="药明康德,98.210,98.150,98.170,98.920,96.900,98.160,98.170,1664956,163172451.000,400,98.160,100,98.150,300,98.110,500,98.000,2060,97.990,3300,98.170,1000,98.250,200,98.270,1000,98.280,7000,98.300,2020-01-22,09:47:58,00,";
var hq_str_sh603259="药明康德,98.210,98.150,98.100,98.920,96.900,97.990,98.100,1708056,167402697.000,560,97.990,200,97.980,100,97.940,300,97.930,100,97.920,21700,98.100,4000,98.170,3740,98.200,2200,98.230,15280,98.240,2020-01-22,09:48:58,00,";
var hq_str_sh603259="药明康德,98.210,98.150,97.910,98.920,96.900,97.660,97.910,1740316,170558349.000,300,97.660,100,97.600,100,97.580,1500,97.510,6300,97.500,4100,97.910,1500,97.920,3200,97.930,4340,97.990,7500,98.000,2020-01-22,09:50:01,00,";
var hq_str_sh603259="药明康德,98.210,98.150,97.650,98.920,96.900,97.620,97.670,1763616,172837492.000,100,97.620,100,97.580,300,97.530,200,97.520,2700,97.510,3100,97.670,2000,97.700,600,97.710,200,97.730,100,97.750,2020-01-22,09:50:58,00,";
var hq_str_sh603259="药明康德,98.210,98.150,97.520,98.920,96.900,97.500,97.510,1793616,175764011.000,10600,97.500,1700,97.490,300,97.480,400,97.470,300,97.460,200,97.510,100,97.600,300,97.620,400,97.630,1500,97.670,2020-01-22,09:51:58,00,";
var hq_str_sh603259="药明康德,98.210,98.150,97.400,98.920,96.900,97.400,97.510,1861216,182358037.000,300,97.400,200,97.380,100,97.320,100,97.310,1300,97.300,200,97.510,3300,97.540,2000,97.560,400,97.590,16800,97.600,2020-01-22,09:52:58,00,";
var hq_str_sh603259="药明康德,98.210,98.150,97.200,98.920,96.900,97.150,97.200,1892616,185416053.000,200,97.150,200,97.110,700,97.100,1700,97.050,300,97.040,3900,97.200,200,97.220,400,97.310,20300,97.350,2200,97.380,2020-01-22,09:53:58,00,";
var hq_str_sh603259="药明康德,98.210,98.150,96.910,98.920,96.900,96.900,96.910,1960316,191982677.000,4400,96.900,2600,96.880,100,96.840,1400,96.800,200,96.790,11125,96.910,9400,97.000,200,97.010,500,97.030,1400,97.040,2020-01-22,09:54:58,00,";
var hq_str_sh603259="药明康德,98.210,98.150,96.750,98.920,96.700,96.750,96.800,2096741,205193257.000,700,96.750,500,96.740,100,96.730,200,96.710,1400,96.700,9400,96.800,3200,96.820,500,96.850,600,96.880,500,96.900,2020-01-22,09:55:58,00,";
var hq_str_sh603259="药明康德,98.210,98.150,96.800,98.920,96.690,96.810,96.820,2165921,211887731.000,500,96.810,200,96.720,200,96.680,1500,96.660,200,96.620,1400,96.820,1700,96.830,800,96.840,900,96.880,500,96.900,2020-01-22,09:56:58,00,";
var hq_str_sh603259="药明康德,98.210,98.150,96.610,98.920,96.600,96.600,96.620,2211421,216288994.000,1200,96.600,200,96.580,200,96.560,600,96.530,400,96.520,800,96.620,2900,96.660,300,96.670,500,96.690,100,96.720,2020-01-22,09:57:58,00,";
var hq_str_sh603259="药明康德,98.210,98.150,96.600,98.920,96.210,96.500,96.600,2288941,223766196.000,200,96.500,800,96.480,200,96.470,400,96.400,1300,96.380,2200,96.600,200,96.610,3100,96.650,300,96.690,2200,96.740,2020-01-22,09:58:58,00,";
var hq_str_sh603259="药明康德,98.210,98.150,96.480,98.920,96.210,96.460,96.480,2340441,228734374.000,800,96.460,600,96.400,3400,96.380,100,96.360,400,96.350,100,96.480,200,96.490,8300,96.500,200,96.550,2000,96.570,2020-01-22,09:59:58,00,";
var hq_str_sh603259="药明康德,98.210,98.150,97.050,98.920,96.210,96.930,97.050,2416644,236107870.000,300,96.930,100,96.840,1900,96.820,14700,96.800,400,96.770,1900,97.050,600,97.080,400,97.090,3400,97.100,1300,97.120,2020-01-22,10:00:58,00,";
var hq_str_sh603259="药明康德,98.210,98.150,96.980,98.920,96.210,97.030,97.100,2496252,243828867.000,2900,97.030,100,97.010,100,96.990,100,96.970,1781,96.950,5100,97.100,1500,97.120,200,97.130,100,97.150,1300,97.160,2020-01-22,10:01:58,00,";
var hq_str_sh603259="药明康德,98.210,98.150,97.150,98.920,96.210,97.110,97.150,2537832,247864880.000,100,97.110,1557,97.100,1100,97.080,800,97.070,500,97.050,200,97.150,2000,97.160,200,97.200,100,97.250,3300,97.340,2020-01-22,10:02:58,00,";
var hq_str_sh603259="药明康德,98.210,98.150,97.180,98.920,96.210,97.170,97.180,2570932,251083167.000,100,97.170,300,97.160,400,97.140,100,97.130,300,97.120,877,97.180,500,97.270,2000,97.280,1100,97.290,3600,97.300,2020-01-22,10:03:58,00,";
var hq_str_sh603259="药明康德,98.210,98.150,97.240,98.920,96.210,97.210,97.240,2628209,256651882.000,19800,97.210,300,97.200,300,97.190,623,97.180,100,97.150,1100,97.240,6100,97.300,800,97.310,2100,97.320,1900,97.330,2020-01-22,10:05:01,00,";
var hq_str_sh603259="药明康德,98.210,98.150,97.290,98.920,96.210,97.160,97.290,2704588,264076273.000,100,97.160,4900,97.150,400,97.140,100,97.130,1700,97.120,3100,97.290,9300,97.300,800,97.310,100,97.320,1100,97.330,2020-01-22,10:06:01,00,";
var hq_str_sh603259="药明康德,98.210,98.150,97.250,98.920,96.210,97.210,97.220,2726388,266196063.000,500,97.210,300,97.190,200,97.180,400,97.160,4600,97.150,400,97.220,1000,97.250,700,97.260,100,97.270,2000,97.280,2020-01-22,10:06:58,00,";
var hq_str_sh603259="药明康德,98.210,98.150,97.260,98.920,96.210,97.250,97.260,2752388,268724607.000,100,97.250,200,97.200,4600,97.150,200,97.140,800,97.130,1100,97.260,900,97.270,989,97.290,4340,97.300,100,97.320,2020-01-22,10:07:58,00,";
var hq_str_sh603259="药明康德,98.210,98.150,97.410,98.920,96.210,97.410,97.420,2803357,273685586.000,2100,97.410,1000,97.400,3500,97.360,2800,97.350,100,97.340,201,97.420,1100,97.430,20000,97.440,200,97.450,3300,97.480,2020-01-22,10:08:58,00,";
var hq_str_sh603259="药明康德,98.210,98.150,97.480,98.920,96.210,97.490,97.500,2852958,278520368.000,400,97.490,100,97.450,200,97.440,600,97.430,600,97.420,1100,97.500,2700,97.510,1700,97.530,700,97.550,1400,97.560,2020-01-22,10:09:58,00,";
var hq_str_sh603259="药明康德,98.210,98.150,97.760,98.920,96.210,97.750,97.760,2909058,284001095.000,200,97.750,5700,97.700,100,97.680,500,97.670,400,97.610,2300,97.760,100,97.780,500,97.790,11700,97.800,100,97.850,2020-01-22,10:10:58,00,";
var hq_str_sh603259="药明康德,98.210,98.150,97.620,98.920,96.210,97.610,97.620,2937758,286804261.000,300,97.610,6000,97.600,700,97.560,5900,97.550,800,97.540,1100,97.620,200,97.630,6000,97.650,200,97.670,100,97.690,2020-01-22,10:11:58,00,";
var hq_str_sh603259="药明康德,98.210,98.150,97.620,98.920,96.210,97.540,97.620,2980658,290991970.000,800,97.540,100,97.520,1500,97.500,300,97.490,100,97.460,3600,97.620,55,97.630,200,97.640,1600,97.670,1500,97.690,2020-01-22,10:12:58,00,";
var hq_str_sh603259="药明康德,98.210,98.150,97.200,98.920,96.210,97.130,97.200,3012658,294112429.000,700,97.130,5244,97.100,100,97.070,100,97.030,1800,97.010,100,97.200,1400,97.250,700,97.260,200,97.270,200,97.300,2020-01-22,10:13:58,00,";
var hq_str_sh603259="药明康德,98.210,98.150,97.210,98.920,96.210,97.130,97.200,3035086,296292391.000,272,97.130,1844,97.100,100,97.070,100,97.030,1800,97.010,800,97.200,900,97.250,700,97.300,100,97.390,1900,97.400,2020-01-22,10:14:58,00,";
var hq_str_sh603259="药明康德,98.210,98.150,97.590,98.920,96.210,97.580,97.590,3067752,299472666.000,270,97.580,2400,97.440,200,97.430,6800,97.400,100,97.390,1000,97.590,18300,97.600,600,97.690,1575,97.700,1000,97.740,2020-01-22,10:15:58,00,";
var hq_str_sh603259="药明康德,98.210,98.150,97.500,98.920,96.210,97.430,97.550,3113722,303954129.000,500,97.430,400,97.300,100,97.250,100,97.230,600,97.200,1300,97.550,1200,97.580,1630,97.590,20100,97.600,600,97.690,2020-01-22,10:16:58,00,";
var hq_str_sh603259="药明康德,98.210,98.150,97.430,98.920,96.210,97.430,97.550,3143819,306889465.000,803,97.430,700,97.300,200,97.250,100,97.230,600,97.200,7300,97.550,200,97.560,20200,97.600,200,97.630,600,97.690,2020-01-22,10:17:58,00,";
var hq_str_sh603259="药明康德,98.210,98.150,97.500,98.920,96.210,97.440,97.500,3163619,308819215.000,200,97.440,300,97.430,300,97.390,200,97.360,200,97.340,16300,97.500,200,97.510,500,97.530,200,97.550,3000,97.580,2020-01-22,10:18:58,00,";
var hq_str_sh603259="药明康德,98.210,98.150,97.340,98.920,96.210,97.200,97.340,3184410,310843497.000,309,97.200,200,97.180,64,97.170,200,97.160,100,97.140,1384,97.340,200,97.350,4500,97.360,3720,97.380,200,97.430,2020-01-22,10:20:04,00,";
var hq_str_sh603259="药明康德,98.210,98.150,97.490,98.920,96.210,97.380,97.450,3211214,313452325.000,696,97.380,12500,97.240,300,97.220,900,97.210,500,97.200,1000,97.450,900,97.490,15800,97.500,2400,97.550,11000,97.580,2020-01-22,10:20:58,00,";
var hq_str_sh603259="药明康德,98.210,98.150,97.210,98.920,96.210,97.220,97.410,3264514,318639458.000,200,97.220,5400,97.200,300,97.190,500,97.180,64,97.170,100,97.410,600,97.430,5800,97.450,1400,97.480,500,97.490,2020-01-22,10:21:58,00,";
var hq_str_sh603259="药明康德,98.210,98.150,97.340,98.920,96.210,97.330,97.350,3287445,320872136.000,269,97.330,500,97.250,900,97.230,300,97.220,500,97.210,3100,97.350,5500,97.370,288,97.380,1700,97.400,600,97.450,2020-01-22,10:22:58,00,";
var hq_str_sh603259="药明康德,98.210,98.150,97.190,98.920,96.210,97.180,97.190,3304840,322563671.000,200,97.180,800,97.150,1438,97.140,200,97.110,916,97.100,300,97.190,600,97.250,400,97.300,300,97.350,200,97.370,2020-01-22,10:23:58,00,";
var hq_str_sh603259="药明康德,98.210,98.150,97.320,98.920,96.210,97.330,97.360,3319770,324015635.000,100,97.330,3470,97.320,500,97.310,15900,97.300,800,97.240,800,97.360,500,97.370,88,97.380,1600,97.400,2000,97.450,2020-01-22,10:24:58,00,";
var hq_str_sh603259="药明康德,98.210,98.150,97.070,98.920,96.210,97.030,97.040,3357794,327715081.000,300,97.030,1900,97.010,3700,97.000,200,96.980,100,96.970,3,97.040,100,97.070,100,97.110,200,97.120,400,97.250,2020-01-22,10:25:58,00,";
var hq_str_sh603259="药明康德,98.210,98.150,97.080,98.920,96.210,97.100,97.250,3373497,329239526.000,400,97.100,200,97.080,3600,97.050,500,97.040,200,97.030,400,97.250,200,97.280,300,97.290,44500,97.300,1500,97.340,2020-01-22,10:26:58,00,";
var hq_str_sh603259="药明康德,98.210,98.150,97.100,98.920,96.210,97.100,97.190,3380625,329932190.000,400,97.100,3200,97.090,5000,97.070,100,97.060,1600,97.050,900,97.190,1700,97.200,2000,97.230,400,97.240,600,97.250,2020-01-22,10:27:56,00,";
var hq_str_sh603259="药明康德,98.210,98.150,97.220,98.920,96.210,97.120,97.220,3392725,331107471.000,1400,97.120,3700,97.110,1000,97.100,600,97.090,500,97.080,400,97.220,2800,97.230,100,97.240,300,97.250,1600,97.280,2020-01-22,10:28:58,00,";
var hq_str_sh603259="药明康德,98.210,98.150,96.900,98.920,96.210,96.900,96.930,3425922,334328714.000,100,96.900,400,96.840,3800,96.830,1600,96.820,2800,96.810,500,96.930,400,96.990,3703,97.000,100,97.110,200,97.150,2020-01-22,10:29:58,00,";
var hq_str_sh603259="药明康德,98.210,98.150,97.300,98.920,96.210,97.290,97.300,3503925,341914190.000,200,97.290,300,97.280,1200,97.270,2200,97.250,100,97.240,3700,97.300,1500,97.340,300,97.390,888,97.400,2000,97.450,2020-01-22,10:30:58,00,";
var hq_str_sh603259="药明康德,98.210,98.150,97.450,98.920,96.210,97.400,97.450,3523925,343861580.000,2000,97.400,100,97.390,100,97.380,200,97.370,1700,97.360,788,97.450,2300,97.490,19700,97.500,100,97.520,2200,97.550,2020-01-22,10:32:01,00,";
var hq_str_sh603259="药明康德,98.210,98.150,97.450,98.920,96.210,97.420,97.450,3553025,346697422.000,200,97.420,500,97.410,300,97.400,100,97.390,100,97.380,600,97.450,11188,97.460,1000,97.480,1000,97.490,19700,97.500,2020-01-22,10:32:58,00,";
var hq_str_sh603259="药明康德,98.210,98.150,97.200,98.920,96.210,97.080,97.200,3573254,348666907.000,100,97.080,900,97.070,5300,97.050,1097,97.000,200,96.990,9376,97.200,100,97.430,900,97.440,2200,97.450,11288,97.460,2020-01-22,10:33:58,00,";
var hq_str_sh603259="药明康德,98.210,98.150,97.260,98.920,96.210,97.260,97.290,3603730,351630617.000,100,97.260,200,97.210,400,97.200,500,97.190,400,97.180,200,97.290,2900,97.300,500,97.420,600,97.430,900,97.440,2020-01-22,10:34:58,00,";
var hq_str_sh603259="药明康德,98.210,98.150,97.200,98.920,96.210,97.200,97.260,3616030,352826462.000,100,97.200,200,97.190,300,97.180,200,97.170,600,97.160,400,97.260,1800,97.300,200,97.350,100,97.410,500,97.420,2020-01-22,10:35:58,00,";
var hq_str_sh603259="药明康德,98.210,98.150,97.350,98.920,96.210,97.300,97.350,3639930,355151024.000,12900,97.300,200,97.290,300,97.280,500,97.260,14300,97.250,200,97.350,200,97.400,100,97.410,300,97.420,100,97.430,2020-01-22,10:36:58,00,";
var hq_str_sh603259="药明康德,98.210,98.150,97.400,98.920,96.210,97.380,97.400,3649030,356037032.000,1100,97.380,2800,97.370,800,97.360,200,97.350,300,97.340,340,97.400,300,97.420,100,97.430,900,97.440,4500,97.450,2020-01-22,10:37:58,00,";
var hq_str_sh603259="药明康德,98.210,98.150,97.500,98.920,96.210,97.360,97.500,3758630,366721794.000,1300,97.360,3200,97.310,3700,97.300,300,97.280,600,97.260,500,97.500,1000,97.590,3728,97.600,300,97.630,100,97.660,2020-01-22,10:38:58,00,";
var hq_str_sh603259="药明康德,98.210,98.150,97.490,98.920,96.210,97.480,97.490,3790185,369796771.000,345,97.480,500,97.470,400,97.460,400,97.450,200,97.440,400,97.490,7300,97.500,200,97.510,200,97.520,200,97.530,2020-01-22,10:39:58,00,";
var hq_str_sh603259="药明康德,98.210,98.150,97.600,98.920,96.210,97.580,97.600,3834785,374148446.000,600,97.580,400,97.570,1100,97.560,1400,97.550,600,97.530,3834,97.600,200,97.610,400,97.620,200,97.630,200,97.640,2020-01-22,10:40:58,00,";
var hq_str_sh603259="药明康德,98.210,98.150,97.630,98.920,96.210,97.610,97.630,3857985,376412658.000,15200,97.610,700,97.600,400,97.590,3000,97.580,1400,97.570,300,97.630,200,97.640,200,97.650,200,97.680,400,97.690,2020-01-22,10:41:58,00,";
var hq_str_sh603259="药明康德,98.210,98.150,97.750,98.920,96.210,97.750,97.770,3958346,386224497.000,4200,97.750,200,97.740,300,97.730,100,97.720,100,97.700,100,97.770,5000,97.780,400,97.790,8875,97.800,1000,97.810,2020-01-22,10:42:58,00,";
var hq_str_sh603259="药明康德,98.210,98.150,97.970,98.920,96.210,97.920,98.000,4054621,395651004.000,100,97.920,200,97.910,18800,97.900,400,97.890,3200,97.880,2740,98.000,300,98.020,200,98.040,200,98.090,20000,98.100,2020-01-22,10:43:58,00,";
var hq_str_sh603259="药明康德,98.210,98.150,97.790,98.920,96.210,97.790,97.850,4095421,399645835.000,200,97.790,1300,97.780,400,97.770,400,97.760,100,97.750,200,97.850,300,97.860,100,97.870,1300,97.880,600,97.890,2020-01-22,10:44:58,00,";
var hq_str_sh603259="药明康德,98.210,98.150,97.780,98.920,96.210,97.780,97.790,4108275,400903284.000,1100,97.780,500,97.770,400,97.760,100,97.750,300,97.730,300,97.790,100,97.800,1900,97.840,4600,97.850,600,97.860,2020-01-22,10:45:58,00,";
var hq_str_sh603259="药明康德,98.210,98.150,97.650,98.920,96.210,97.650,97.730,4127675,402799043.000,600,97.650,100,97.640,9300,97.610,100,97.590,500,97.580,1033,97.730,100,97.750,1200,97.760,1800,97.770,2900,97.780,2020-01-22,10:46:58,00,";
var hq_str_sh603259="药明康德,98.210,98.150,97.580,98.920,96.210,97.570,97.580,4154675,405434842.000,200,97.570,200,97.560,100,97.530,800,97.510,600,97.500,500,97.580,300,97.590,700,97.600,358,97.610,200,97.690,2020-01-22,10:47:58,00,";
var hq_str_sh603259="药明康德,98.210,98.150,97.780,98.920,96.210,97.780,97.800,4173175,407242180.000,300,97.780,200,97.770,2100,97.760,800,97.740,200,97.730,1800,97.800,200,97.840,3900,97.850,100,97.860,100,97.870,2020-01-22,10:48:58,00,";
var hq_str_sh603259="药明康德,98.210,98.150,97.790,98.920,96.210,97.790,97.840,4197875,409656551.000,4400,97.790,3400,97.700,200,97.620,600,97.610,300,97.600,1400,97.840,2700,97.850,100,97.860,1700,97.880,6400,97.900,2020-01-22,10:49:58,00,";
var hq_str_sh603259="药明康德,98.210,98.150,98.100,98.920,96.210,98.020,98.060,4267075,416438477.000,100,98.020,100,98.000,500,97.970,200,97.960,2900,97.950,300,98.060,40,98.100,1000,98.110,300,98.120,200,98.140,2020-01-22,10:50:59,00,";
var hq_str_sh603259="药明康德,98.210,98.150,98.000,98.920,96.210,98.010,98.070,4292775,418958383.000,100,98.010,500,98.000,300,97.990,200,97.950,100,97.910,100,98.070,3300,98.080,2000,98.090,1810,98.100,300,98.120,2020-01-22,10:52:02,00,";
var hq_str_sh603259="药明康德,98.210,98.150,97.950,98.920,96.210,97.950,98.000,4308975,420546388.000,500,97.950,1300,97.910,100,97.900,300,97.870,200,97.860,500,98.000,800,98.030,2100,98.040,1200,98.070,3300,98.080,2020-01-22,10:52:58,00,";
var hq_str_sh603259="药明康德,98.210,98.150,98.000,98.920,96.210,98.000,98.010,4334475,423046222.000,800,98.000,500,97.960,500,97.950,6100,97.920,1400,97.910,100,98.010,2200,98.020,800,98.030,3300,98.080,1700,98.090,2020-01-22,10:53:59,00,";
var hq_str_sh603259="药明康德,98.210,98.150,97.960,98.920,96.210,97.970,98.000,4373115,426835372.000,100,97.970,600,97.960,460,97.950,6100,97.920,1400,97.910,1900,98.000,300,98.060,400,98.100,1900,98.120,200,98.140,2020-01-22,10:54:58,00,";
var hq_str_sh603259="药明康德,98.210,98.150,97.600,98.920,96.210,97.580,97.600,4394815,428957526.000,3600,97.580,400,97.530,2200,97.510,2000,97.500,800,97.380,500,97.600,9800,97.800,2500,97.830,200,97.890,2000,97.920,2020-01-22,10:55:59,00,";
var hq_str_sh603259="药明康德,98.210,98.150,97.650,98.920,96.210,97.650,97.690,4415615,430988051.000,400,97.650,1900,97.640,600,97.630,100,97.610,700,97.600,800,97.690,1200,97.700,600,97.710,100,97.790,10080,97.800,2020-01-22,10:56:59,00,";
var hq_str_sh603259="药明康德,98.210,98.150,97.600,98.920,96.210,97.590,97.600,4432243,432611917.000,1200,97.590,2900,97.580,600,97.530,500,97.510,2200,97.500,100,97.600,800,97.700,2100,97.790,9800,97.800,200,97.830,2020-01-22,10:58:02,00,";
var hq_str_sh603259="药明康德,98.210,98.150,97.690,98.920,96.210,97.610,97.680,4437443,433119629.000,200,97.610,2600,97.600,100,97.590,3000,97.580,600,97.530,100,97.680,1280,97.690,700,97.700,2100,97.790,9800,97.800,2020-01-22,10:58:59,00,";
var hq_str_sh603259="药明康德,98.210,98.150,97.780,98.920,96.210,97.690,97.770,4450723,434416646.000,2200,97.690,700,97.630,1600,97.620,2100,97.610,6300,97.600,300,97.770,1400,97.780,3000,97.790,9800,97.800,2000,97.920,2020-01-22,10:59:59,00,";
var hq_str_sh603259="药明康德,98.210,98.150,97.700,98.920,96.210,97.700,97.740,4464523,435765444.000,2500,97.700,1300,97.690,300,97.630,2200,97.620,2000,97.610,2900,97.740,200,97.750,500,97.770,200,97.780,2500,97.790,2020-01-22,11:00:59,00,";
var hq_str_sh603259="药明康德,98.210,98.150,97.880,98.920,96.210,97.900,97.990,4491423,438395700.000,100,97.900,100,97.880,200,97.850,700,97.840,600,97.830,1200,97.990,1600,98.000,200,98.030,100,98.060,3900,98.100,2020-01-22,11:01:59,00,";
var hq_str_sh603259="药明康德,98.210,98.150,97.740,98.920,96.210,97.640,97.740,4513523,440558214.000,100,97.640,2000,97.630,1400,97.620,2200,97.610,5800,97.600,900,97.740,2100,97.750,5000,97.900,3100,98.000,700,98.030,2020-01-22,11:02:59,00,";
var hq_str_sh603259="药明康德,98.210,98.150,97.870,98.920,96.210,97.770,97.870,4542523,443397854.000,400,97.770,1600,97.760,600,97.750,300,97.740,200,97.710,200,97.870,1200,97.990,300,98.000,800,98.020,500,98.030,2020-01-22,11:03:59,00,";
var hq_str_sh603259="药明康德,98.210,98.150,97.990,98.920,96.210,97.990,98.000,4558323,444945951.000,1300,97.990,900,97.980,5500,97.810,300,97.780,1400,97.770,4700,98.000,800,98.020,500,98.030,100,98.060,4000,98.100,2020-01-22,11:04:59,00,";
var hq_str_sh603259="药明康德,98.210,98.150,97.850,98.920,96.210,97.850,97.970,4568423,445934816.000,100,97.850,6400,97.810,100,97.780,6300,97.770,900,97.760,2200,97.970,1100,97.980,1500,97.990,4300,98.000,800,98.020,2020-01-22,11:05:59,00,";
var hq_str_sh603259="药明康德,98.210,98.150,97.980,98.920,96.210,97.980,98.000,4588223,447873965.000,200,97.980,400,97.970,400,97.960,1400,97.950,200,97.910,7500,98.000,800,98.020,500,98.030,100,98.060,4000,98.100,2020-01-22,11:06:59,00,";
var hq_str_sh603259="药明康德,98.210,98.150,97.980,98.920,96.210,97.960,97.980,4593723,448412829.000,6500,97.960,700,97.950,200,97.910,400,97.810,200,97.800,1000,97.980,200,97.990,8900,98.000,800,98.020,500,98.030,2020-01-22,11:07:59,00,";
var hq_str_sh603259="药明康德,98.210,98.150,97.940,98.920,96.210,97.910,97.940,4601523,449176913.000,300,97.910,600,97.900,400,97.810,200,97.800,600,97.790,400,97.940,500,97.950,8200,97.960,300,97.970,900,97.980,2020-01-22,11:08:59,00,";
var hq_str_sh603259="药明康德,98.210,98.150,97.870,98.920,96.210,97.870,97.890,4632123,452172920.000,200,97.870,1300,97.860,200,97.850,200,97.810,200,97.800,600,97.890,200,97.900,500,97.960,400,97.970,1200,97.980,2020-01-22,11:09:59,00,";
var hq_str_sh603259="药明康德,98.210,98.150,98.010,98.920,96.210,98.000,98.020,4650623,453985097.000,400,98.000,900,97.990,2800,97.980,500,97.970,200,97.960,1200,98.020,500,98.030,100,98.060,100,98.070,100,98.080,2020-01-22,11:10:59,00,";
var hq_str_sh603259="药明康德,98.210,98.150,98.070,98.920,96.210,98.060,98.080,4666523,455543955.000,200,98.060,100,98.040,800,98.030,2900,97.990,1600,97.980,500,98.080,300,98.090,2400,98.100,100,98.110,700,98.120,2020-01-22,11:11:59,00,";
var hq_str_sh603259="药明康德,98.210,98.150,98.100,98.920,96.210,98.040,98.090,4679423,456809044.000,2000,98.040,500,98.030,600,98.010,200,98.000,400,97.990,300,98.090,2100,98.100,100,98.110,700,98.120,200,98.140,2020-01-22,11:12:59,00,";
var hq_str_sh603259="药明康德,98.210,98.150,98.070,98.920,96.210,98.080,98.100,4690213,457867266.000,100,98.080,900,98.070,2110,98.060,100,98.050,500,98.040,600,98.100,100,98.110,700,98.120,200,98.140,8100,98.150,2020-01-22,11:13:59,00,";
var hq_str_sh603259="药明康德,98.210,98.150,97.970,98.920,96.210,97.910,97.940,4710723,459877889.000,300,97.910,300,97.900,500,97.890,100,97.880,100,97.870,100,97.940,200,97.970,1400,97.980,4190,98.000,1000,98.060,2020-01-22,11:14:59,00,";
var hq_str_sh603259="药明康德,98.210,98.150,97.900,98.920,96.210,97.890,97.900,4726423,461415058.000,1800,97.890,400,97.880,200,97.870,1100,97.860,200,97.810,3100,97.900,300,97.960,200,97.970,400,97.980,4490,98.000,2020-01-22,11:15:59,00,";
var hq_str_sh603259="药明康德,98.210,98.150,97.900,98.920,96.210,97.890,97.900,4734423,462198189.000,3200,97.890,700,97.880,300,97.870,900,97.860,200,97.810,800,97.900,100,97.970,400,97.980,5590,98.000,100,98.010,2020-01-22,11:16:59,00,";
var hq_str_sh603259="药明康德,98.210,98.150,97.980,98.920,96.210,97.970,97.980,4754823,464194922.000,1100,97.970,900,97.960,600,97.840,400,97.800,1200,97.790,3900,97.980,1600,97.990,5590,98.000,100,98.010,300,98.070,2020-01-22,11:17:59,00,";
var hq_str_sh603259="药明康德,98.210,98.150,97.900,98.920,96.210,97.840,97.900,4764423,465134674.000,200,97.840,300,97.830,1000,97.820,1800,97.800,1200,97.790,5800,97.900,1100,97.960,700,97.970,3000,97.980,1000,97.990,2020-01-22,11:18:59,00,";
var hq_str_sh603259="药明康德,98.210,98.150,97.910,98.920,96.210,97.910,97.930,4781623,466818376.000,200,97.910,4700,97.900,100,97.890,1400,97.880,300,97.840,100,97.930,200,97.960,500,97.970,3500,97.980,1000,97.990,2020-01-22,11:19:59,00,";
var hq_str_sh603259="药明康德,98.210,98.150,98.000,98.920,96.210,98.000,98.030,4800013,468620294.000,2310,98.000,500,97.990,1200,97.980,100,97.960,100,97.930,400,98.030,400,98.070,200,98.090,700,98.100,600,98.120,2020-01-22,11:20:59,00,";
var hq_str_sh603259="药明康德,98.210,98.150,98.120,98.920,96.210,98.090,98.120,4812213,469816967.000,1100,98.090,300,98.080,2300,98.070,900,98.060,100,98.020,600,98.120,4000,98.150,900,98.160,200,98.170,12500,98.180,2020-01-22,11:21:59,00,";
var hq_str_sh603259="药明康德,98.210,98.150,98.090,98.920,96.210,98.090,98.100,4833213,471877659.000,100,98.090,100,98.080,1000,98.010,200,97.990,100,97.980,300,98.100,300,98.120,1400,98.130,200,98.170,7200,98.180,2020-01-22,11:22:59,00,";
var hq_str_sh603259="药明康德,98.210,98.150,98.210,98.920,96.210,98.180,98.210,4876013,476079766.000,800,98.180,1400,98.130,9000,98.120,100,98.080,800,98.010,1200,98.210,540,98.220,1100,98.240,800,98.250,6000,98.260,2020-01-22,11:23:59,00,";
var hq_str_sh603259="药明康德,98.210,98.150,98.190,98.920,96.210,98.130,98.200,4882513,476718050.000,200,98.130,100,98.080,200,97.980,200,97.960,4300,97.900,1900,98.200,1800,98.210,40,98.220,1200,98.240,800,98.250,2020-01-22,11:24:59,00,";
var hq_str_sh603259="药明康德,98.210,98.150,98.130,98.920,96.210,97.990,98.130,4904213,478845695.000,100,97.990,100,97.820,1000,97.810,700,97.800,500,97.790,4600,98.130,400,98.180,100,98.190,3300,98.200,1800,98.210,2020-01-22,11:25:59,00,";
var hq_str_sh603259="药明康德,98.210,98.150,98.210,98.920,96.210,98.190,98.210,4926513,481034462.000,200,98.190,16300,98.180,200,98.170,100,98.150,2900,98.130,1300,98.210,40,98.220,1200,98.240,800,98.250,6000,98.260,2020-01-22,11:26:59,00,";
var hq_str_sh603259="药明康德,98.210,98.150,98.220,98.920,96.210,98.190,98.220,4937613,482124580.000,2800,98.190,11800,98.180,300,98.170,2800,98.130,200,98.000,800,98.220,1240,98.240,900,98.250,6000,98.260,1100,98.280,2020-01-22,11:27:59,00,";
var hq_str_sh603259="药明康德,98.210,98.150,98.300,98.920,96.210,98.300,98.330,4963053,484624418.000,3000,98.300,700,98.290,200,98.280,4600,98.270,2700,98.260,3700,98.330,300,98.340,1800,98.350,6500,98.360,13500,98.380,2020-01-22,11:28:59,00,";
var hq_str_sh603259="药明康德,98.210,98.150,98.170,98.920,96.210,98.130,98.170,5019953,490216162.000,2800,98.130,1000,98.000,9300,97.990,1000,97.900,1400,97.820,100,98.170,1200,98.190,5300,98.200,1200,98.320,9900,98.380,2020-01-22,11:29:59,00,";
var hq_str_sh603259="药明康德,98.210,98.150,98.170,98.920,96.210,98.130,98.170,5019953,490216162.000,2800,98.130,1000,98.000,9300,97.990,1000,97.900,1400,97.820,100,98.170,1200,98.190,5300,98.200,1200,98.320,9900,98.380,2020-01-22,11:30:00,00,";
var hq_str_sh603259="药明康德,98.210,98.150,98.420,98.920,96.210,98.420,98.440,5091653,497265005.000,300,98.420,100,98.400,100,98.350,100,98.280,200,98.270,5200,98.440,200,98.450,400,98.460,700,98.470,600,98.480,2020-01-22,13:00:57,00,";
var hq_str_sh603259="药明康德,98.210,98.150,98.450,98.920,96.210,98.440,98.450,5127753,500819888.000,4300,98.440,1100,98.420,100,98.400,100,98.280,200,98.270,1700,98.450,500,98.470,1000,98.480,800,98.490,10200,98.500,2020-01-22,13:01:59,00,";
var hq_str_sh603259="药明康德,98.210,98.150,98.400,98.920,96.210,98.300,98.450,5150753,503084015.000,200,98.300,300,98.290,200,98.270,1000,98.200,1000,98.190,2500,98.450,200,98.460,1700,98.480,900,98.490,10200,98.500,2020-01-22,13:02:57,00,";
var hq_str_sh603259="药明康德,98.210,98.150,98.460,98.920,96.210,98.460,98.480,5165053,504491434.000,200,98.460,600,98.450,100,98.430,1700,98.420,500,98.410,1400,98.480,700,98.490,11400,98.500,700,98.510,400,98.530,2020-01-22,13:03:59,00,";
var hq_str_sh603259="药明康德,98.210,98.150,98.490,98.920,96.210,98.480,98.490,5186353,506589171.000,200,98.480,200,98.460,500,98.450,300,98.410,100,98.370,600,98.490,5660,98.500,800,98.510,400,98.530,200,98.540,2020-01-22,13:04:59,00,";
var hq_str_sh603259="药明康德,98.210,98.150,98.540,98.920,96.210,98.540,98.550,5207613,508683206.000,100,98.540,300,98.510,4740,98.500,5000,98.490,200,98.470,200,98.550,800,98.560,400,98.570,4800,98.580,1200,98.590,2020-01-22,13:05:59,00,";
var hq_str_sh603259="药明康德,98.210,98.150,98.540,98.920,96.210,98.510,98.540,5244053,512271691.000,400,98.510,400,98.380,100,98.370,100,98.330,100,98.300,560,98.540,300,98.550,1100,98.560,800,98.570,4800,98.580,2020-01-22,13:06:57,00,";
var hq_str_sh603259="药明康德,98.210,98.150,98.430,98.920,96.210,98.410,98.420,5252353,513089015.000,100,98.410,900,98.400,100,98.390,400,98.380,100,98.370,200,98.420,200,98.430,300,98.460,300,98.470,100,98.490,2020-01-22,13:07:59,00,";
var hq_str_sh603259="药明康德,98.210,98.150,98.300,98.920,96.210,98.300,98.400,5269753,514801241.000,500,98.300,100,98.280,1200,98.270,100,98.260,1000,98.200,200,98.400,200,98.410,1300,98.480,1200,98.490,3800,98.500,2020-01-22,13:08:57,00,";
var hq_str_sh603259="药明康德,98.210,98.150,98.420,98.920,96.210,98.350,98.420,5300353,517807593.000,100,98.350,800,98.200,700,98.170,100,98.140,1460,98.130,2900,98.420,400,98.430,500,98.450,400,98.470,2900,98.480,2020-01-22,13:09:59,00,";
var hq_str_sh603259="药明康德,98.210,98.150,98.680,98.920,96.210,98.640,98.680,5349113,522612913.000,200,98.640,300,98.630,300,98.620,500,98.600,200,98.590,500,98.680,4600,98.690,8000,98.700,300,98.740,1400,98.750,2020-01-22,13:10:59,00,";
var hq_str_sh603259="药明康德,98.210,98.150,98.170,98.920,96.210,98.170,98.590,5385453,526196192.000,200,98.170,500,98.150,100,98.140,1260,98.130,200,98.120,800,98.590,1360,98.600,600,98.630,1000,98.650,500,98.660,2020-01-22,13:11:59,00,";
var hq_str_sh603259="药明康德,98.210,98.150,98.390,98.920,96.210,98.370,98.390,5412653,528876266.000,1900,98.370,300,98.360,800,98.270,3100,98.230,200,98.220,100,98.390,1500,98.590,25300,98.600,400,98.630,500,98.650,2020-01-22,13:12:59,00,";
var hq_str_sh603259="药明康德,98.210,98.150,98.590,98.920,96.210,98.520,98.600,5468353,534365802.000,1500,98.520,20000,98.500,100,98.490,100,98.470,300,98.460,1900,98.600,200,98.620,400,98.630,500,98.650,600,98.660,2020-01-22,13:13:57,00,";
var hq_str_sh603259="药明康德,98.210,98.150,98.460,98.920,96.210,98.450,98.460,5503153,537794238.000,1900,98.450,500,98.410,1200,98.400,1300,98.360,100,98.350,100,98.460,2800,98.500,100,98.520,600,98.540,200,98.570,2020-01-22,13:14:59,00,";
var hq_str_sh603259="药明康德,98.210,98.150,98.500,98.920,96.210,98.500,98.540,5532553,540691845.000,1500,98.500,1400,98.480,4700,98.470,2300,98.460,1300,98.450,1100,98.540,40,98.600,300,98.610,900,98.620,400,98.630,2020-01-22,13:15:57,00,";
var hq_str_sh603259="药明康德,98.210,98.150,98.460,98.920,96.210,98.460,98.580,5582553,545618312.000,4000,98.460,100,98.420,2100,98.410,2600,98.400,100,98.380,300,98.580,2100,98.590,1800,98.600,300,98.610,6000,98.620,2020-01-22,13:16:59,00,";
var hq_str_sh603259="药明康德,98.210,98.150,98.600,98.920,96.210,98.590,98.600,5626953,549995445.000,1000,98.590,1900,98.580,100,98.560,3500,98.520,7100,98.440,1200,98.600,3200,98.630,3800,98.650,1300,98.660,300,98.670,2020-01-22,13:17:59,00,";
var hq_str_sh603259="药明康德,98.210,98.150,98.520,98.920,96.210,98.530,98.570,5645710,551844110.000,3000,98.530,43,98.520,100,98.460,2800,98.450,7300,98.440,2800,98.570,1000,98.580,500,98.590,7800,98.600,300,98.610,2020-01-22,13:18:59,00,";
var hq_str_sh603259="药明康德,98.210,98.150,98.570,98.920,96.210,98.560,98.570,5672010,554436008.000,3100,98.560,10900,98.550,600,98.530,2043,98.520,100,98.460,2900,98.570,900,98.580,700,98.590,7800,98.600,300,98.610,2020-01-22,13:19:59,00,";
var hq_str_sh603259="药明康德,98.210,98.150,98.750,98.920,96.210,98.740,98.750,5723910,559556146.000,200,98.740,500,98.690,2800,98.660,400,98.650,3300,98.640,1300,98.750,100,98.760,5400,98.770,2700,98.790,4900,98.800,2020-01-22,13:20:59,00,";
var hq_str_sh603259="药明康德,98.210,98.150,98.750,98.920,96.210,98.750,98.760,5732310,560385605.000,300,98.750,2500,98.740,900,98.730,300,98.720,900,98.700,562,98.760,5400,98.770,2800,98.790,5800,98.800,1100,98.810,2020-01-22,13:21:57,00,";
var hq_str_sh603259="药明康德,98.210,98.150,98.810,98.920,96.210,98.810,98.820,5760472,563167359.000,100,98.810,100,98.800,3200,98.790,1500,98.780,200,98.770,100,98.820,1200,98.830,500,98.850,100,98.870,8100,98.880,2020-01-22,13:22:59,00,";
var hq_str_sh603259="药明康德,98.210,98.150,98.890,98.920,96.210,98.890,98.900,5780232,565121019.000,1540,98.890,700,98.880,1800,98.870,3000,98.860,5000,98.850,9800,98.900,800,98.910,5700,98.920,1700,98.930,700,98.950,2020-01-22,13:23:59,00,";
var hq_str_sh603259="药明康德,98.210,98.150,98.850,98.920,96.210,98.830,98.850,5819512,569005419.000,100,98.830,100,98.810,3200,98.790,800,98.780,200,98.770,1520,98.850,2500,98.880,17900,98.900,100,98.910,4700,98.920,2020-01-22,13:24:59,00,";
var hq_str_sh603259="药明康德,98.210,98.150,98.860,98.920,96.210,98.860,98.870,5876912,574681721.000,800,98.860,9600,98.850,100,98.830,100,98.810,400,98.800,700,98.870,11920,98.900,700,98.910,2000,98.920,1700,98.930,2020-01-22,13:25:59,00,";
var hq_str_sh603259="药明康德,98.210,98.150,98.780,98.920,96.210,98.800,98.830,5905112,577469383.000,2000,98.800,100,98.780,200,98.770,1000,98.740,800,98.700,800,98.830,900,98.840,5800,98.850,200,98.860,1600,98.870,2020-01-22,13:26:59,00,";
var hq_str_sh603259="药明康德,98.210,98.150,98.850,98.920,96.210,98.850,98.860,5930642,579992411.000,12100,98.850,1900,98.820,9600,98.810,1070,98.800,5000,98.790,200,98.860,1600,98.870,500,98.880,1400,98.890,10920,98.900,2020-01-22,13:27:59,00,";
var hq_str_sh603259="药明康德,98.210,98.150,98.900,98.920,96.210,98.900,98.910,5969162,583801482.000,4980,98.900,600,98.870,2000,98.860,10200,98.850,9600,98.810,1000,98.910,1700,98.920,1800,98.930,12400,98.950,300,98.960,2020-01-22,13:28:59,00,";
var hq_str_sh603259="药明康德,98.210,98.150,99.070,99.080,96.210,99.070,99.080,6067173,593503170.000,600,99.070,600,99.040,1860,99.030,300,99.020,3729,99.000,2400,99.080,200,99.090,3180,99.100,200,99.110,200,99.120,2020-01-22,13:29:59,00,";
var hq_str_sh603259="药明康德,98.210,98.150,99.100,99.100,96.210,99.040,99.080,6141662,600881298.000,100,99.040,800,98.990,2000,98.960,4100,98.950,900,98.930,100,99.080,400,99.090,3080,99.100,200,99.110,2200,99.120,2020-01-22,13:30:59,00,";
var hq_str_sh603259="药明康德,98.210,98.150,99.120,99.120,96.210,99.110,99.120,6179042,604585489.000,6000,99.110,420,99.100,200,99.080,200,99.040,1000,99.010,1200,99.120,1400,99.150,300,99.160,2400,99.180,2300,99.190,2020-01-22,13:31:59,00,";
var hq_str_sh603259="药明康德,98.210,98.150,99.020,99.160,96.210,99.000,99.080,6217162,608362378.000,2600,99.000,1100,98.990,2000,98.960,600,98.950,900,98.930,100,99.080,300,99.090,1780,99.100,300,99.120,2000,99.140,2020-01-22,13:32:59,00,";
var hq_str_sh603259="药明康德,98.210,98.150,98.940,99.160,96.210,98.930,98.950,6242542,610874127.000,900,98.930,3320,98.900,100,98.860,200,98.850,100,98.810,800,98.950,200,98.960,100,98.990,25600,99.000,100,99.010,2020-01-22,13:33:59,00,";
var hq_str_sh603259="药明康德,98.210,98.150,98.950,99.160,96.210,98.950,98.990,6276442,614229061.000,200,98.950,200,98.940,1500,98.930,4420,98.900,100,98.860,1100,98.990,21400,99.000,100,99.010,100,99.020,640,99.050,2020-01-22,13:34:59,00,";
var hq_str_sh603259="药明康德,98.210,98.150,99.090,99.160,96.210,99.090,99.100,6336682,620194430.000,1200,99.090,200,99.080,2000,99.070,1600,99.020,300,99.010,100,99.100,300,99.150,2700,99.180,4200,99.190,47100,99.200,2020-01-22,13:35:57,00,";
var hq_str_sh603259="药明康德,98.210,98.150,99.200,99.200,96.210,99.190,99.200,6416222,628084127.000,2500,99.190,3600,99.180,1100,99.170,1100,99.150,300,99.120,6000,99.200,3000,99.210,590,99.230,2200,99.250,2000,99.260,2020-01-22,13:36:57,00,";
var hq_str_sh603259="药明康德,98.210,98.150,99.180,99.230,96.210,99.180,99.200,6458222,632250368.000,700,99.180,1000,99.170,800,99.150,100,99.120,500,99.100,27422,99.200,700,99.230,200,99.240,2300,99.250,2200,99.260,2020-01-22,13:37:59,00,";
var hq_str_sh603259="药明康德,98.210,98.150,99.120,99.230,96.210,99.120,99.140,6473222,633737996.000,1700,99.120,500,99.100,1100,99.090,2000,99.070,300,99.010,700,99.140,1100,99.150,800,99.170,2200,99.180,5800,99.190,2020-01-22,13:38:59,00,";
var hq_str_sh603259="药明康德,98.210,98.150,99.120,99.230,96.210,99.100,99.120,6488822,635283893.000,4700,99.100,8000,99.090,100,99.080,600,99.070,300,99.010,1600,99.120,100,99.140,900,99.150,800,99.170,3000,99.180,2020-01-22,13:39:59,00,";
var hq_str_sh603259="药明康德,98.210,98.150,99.060,99.230,96.210,99.010,99.070,6568522,643185545.000,5800,99.010,900,99.000,100,98.950,400,98.940,6800,98.900,500,99.070,1522,99.090,800,99.120,100,99.180,180,99.190,2020-01-22,13:40:59,00,";
var hq_str_sh603259="药明康德,98.210,98.150,99.020,99.230,96.210,99.020,99.030,6593722,645682269.000,3600,99.020,3000,99.000,100,98.950,400,98.940,6800,98.900,200,99.030,1000,99.080,6122,99.100,800,99.120,100,99.150,2020-01-22,13:41:57,00,";
var hq_str_sh603259="药明康德,98.210,98.150,99.250,99.250,96.210,99.240,99.250,6635524,649826930.000,5700,99.240,100,99.230,400,99.220,1500,99.210,17100,99.200,400,99.250,2600,99.260,3200,99.270,2000,99.280,2100,99.290,2020-01-22,13:42:59,00,";
var hq_str_sh603259="药明康德,98.210,98.150,99.290,99.330,96.210,99.290,99.310,6699466,656175194.000,1258,99.290,23800,99.260,1300,99.250,300,99.240,100,99.230,500,99.310,3300,99.330,2500,99.340,7000,99.350,1800,99.380,2020-01-22,13:43:59,00,";
var hq_str_sh603259="药明康德,98.210,98.150,99.150,99.330,96.210,99.150,99.170,6764966,662674953.000,100,99.150,600,99.140,14178,99.100,100,99.090,7300,99.030,400,99.170,200,99.190,400,99.200,3700,99.210,1400,99.220,2020-01-22,13:44:59,00,";
var hq_str_sh603259="药明康德,98.210,98.150,98.970,99.330,96.210,98.960,98.970,6804944,666635483.000,2000,98.960,3700,98.950,500,98.940,6800,98.900,100,98.890,7400,98.970,100,99.010,500,99.080,5500,99.090,4822,99.100,2020-01-22,13:45:59,00,";
var hq_str_sh603259="药明康德,98.210,98.150,99.070,99.330,96.210,99.070,99.080,6834244,669535638.000,400,99.070,800,99.010,1200,99.000,100,98.990,8100,98.980,1400,99.080,5500,99.090,5322,99.100,300,99.140,1300,99.150,2020-01-22,13:46:59,00,";
var hq_str_sh603259="药明康德,98.210,98.150,98.700,99.330,96.210,98.600,98.650,6876644,673731016.000,500,98.600,43,98.520,800,98.510,1100,98.500,800,98.480,400,98.650,900,98.700,1100,98.850,300,98.880,1400,98.890,2020-01-22,13:47:59,00,";
var hq_str_sh603259="药明康德,98.210,98.150,98.790,99.330,96.210,98.790,98.800,6907444,676768434.000,700,98.790,100,98.740,500,98.670,1100,98.660,4600,98.650,840,98.800,1100,98.850,200,98.890,10200,98.900,300,98.990,2020-01-22,13:48:59,00,";
var hq_str_sh603259="药明康德,98.210,98.150,98.940,99.330,96.210,98.940,98.980,6936944,679684615.000,800,98.940,2400,98.870,3000,98.860,500,98.800,500,98.740,1000,98.980,300,98.990,2800,99.000,100,99.010,300,99.030,2020-01-22,13:49:59,00,";
var hq_str_sh603259="药明康德,98.210,98.150,99.000,99.330,96.210,98.990,99.000,6972484,683201021.000,400,98.990,5200,98.980,100,98.950,200,98.920,900,98.900,2600,99.000,100,99.010,300,99.030,200,99.040,100,99.050,2020-01-22,13:50:59,00,";
var hq_str_sh603259="药明康德,98.210,98.150,99.050,99.330,96.210,98.990,99.050,6996384,685567441.000,600,98.990,1400,98.980,100,98.920,900,98.900,500,98.860,400,99.050,900,99.060,800,99.070,1600,99.080,5600,99.090,2020-01-22,13:51:59,00,";
var hq_str_sh603259="药明康德,98.210,98.150,99.030,99.330,96.210,99.000,99.030,7010384,686953855.000,100,99.000,8600,98.990,600,98.980,100,98.920,2900,98.900,500,99.030,4900,99.040,1600,99.050,1600,99.060,3500,99.070,2020-01-22,13:52:59,00,";
var hq_str_sh603259="药明康德,98.210,98.150,98.990,99.330,96.210,98.900,98.960,7042084,690091062.000,900,98.900,100,98.890,200,98.810,200,98.800,100,98.710,500,98.960,100,98.980,5900,98.990,2200,99.000,800,99.010,2020-01-22,13:53:59,00,";
var hq_str_sh603259="药明康德,98.210,98.150,98.980,99.330,96.210,98.970,98.980,7051684,691041030.000,5200,98.970,1300,98.950,3000,98.940,100,98.910,700,98.900,3600,98.980,4500,98.990,5500,99.000,800,99.010,1200,99.030,2020-01-22,13:54:59,00,";
var hq_str_sh603259="药明康德,98.210,98.150,98.990,99.330,96.210,98.980,98.990,7078584,693703908.000,2400,98.980,200,98.970,1300,98.950,100,98.910,200,98.900,5800,98.990,19300,99.000,1400,99.030,4600,99.040,1500,99.050,2020-01-22,13:55:59,00,";
var hq_str_sh603259="药明康德,98.210,98.150,98.980,99.330,96.210,98.970,98.980,7100684,695891456.000,800,98.970,1200,98.960,1300,98.950,100,98.910,300,98.900,1500,98.980,3800,98.990,22000,99.000,2400,99.030,4600,99.040,2020-01-22,13:56:59,00,";
var hq_str_sh603259="药明康德,98.210,98.150,98.950,99.330,96.210,98.950,99.030,7183824,704124020.000,1260,98.950,100,98.910,100,98.900,200,98.810,200,98.800,2700,99.030,200,99.090,7522,99.100,1600,99.120,300,99.150,2020-01-22,13:57:59,00,";
var hq_str_sh603259="药明康德,98.210,98.150,99.060,99.330,96.210,99.030,99.070,7209684,706685651.000,100,99.030,3300,99.000,200,98.950,2000,98.930,2500,98.920,600,99.070,300,99.090,7262,99.100,200,99.120,800,99.150,2020-01-22,13:58:59,00,";
var hq_str_sh603259="药明康德,98.210,98.150,99.000,99.330,96.210,98.950,99.000,7224584,708160721.000,2500,98.950,2000,98.930,2500,98.920,100,98.900,500,98.800,3380,99.000,2800,99.020,100,99.040,1000,99.060,1800,99.090,2020-01-22,13:59:59,00,";
var hq_str_sh603259="药明康德,98.210,98.150,98.900,99.330,96.210,98.800,98.890,7239884,709674565.000,100,98.800,100,98.710,10000,98.700,300,98.670,500,98.660,300,98.890,300,98.900,200,98.910,5500,98.920,1800,98.930,2020-01-22,14:00:56,00,";
var hq_str_sh603259="药明康德,98.210,98.150,98.800,99.330,96.210,98.800,98.810,7265184,712174397.000,11800,98.800,100,98.790,100,98.730,10200,98.720,400,98.710,300,98.810,700,98.890,1400,98.900,5800,98.910,1500,98.930,2020-01-22,14:01:59,00,";
var hq_str_sh603259="药明康德,98.210,98.150,98.850,99.330,96.210,98.850,98.860,7295084,715130266.000,19400,98.850,1200,98.810,3100,98.800,100,98.740,2200,98.730,200,98.860,2200,98.890,1200,98.900,5800,98.910,300,98.930,2020-01-22,14:02:59,00,";
var hq_str_sh603259="药明康德,98.210,98.150,98.800,99.330,96.210,98.760,98.800,7329884,718570046.000,2000,98.760,2600,98.750,200,98.740,2200,98.730,10200,98.720,1600,98.800,700,98.870,800,98.890,1900,98.900,5800,98.910,2020-01-22,14:03:59,00,";
var hq_str_sh603259="药明康德,98.210,98.150,98.730,99.330,96.210,98.720,98.730,7343384,719903249.000,10400,98.720,200,98.710,100,98.700,300,98.670,500,98.660,700,98.730,300,98.740,3900,98.750,300,98.770,100,98.790,2020-01-22,14:04:59,00,";
var hq_str_sh603259="药明康德,98.210,98.150,98.900,99.330,96.210,98.890,98.900,7355884,721138061.000,200,98.890,900,98.870,100,98.860,100,98.810,200,98.800,7000,98.900,5600,98.910,1000,98.950,900,98.990,2680,99.000,2020-01-22,14:05:57,00,";
var hq_str_sh603259="药明康德,98.210,98.150,98.900,99.330,96.210,98.860,98.900,7378884,723411834.000,200,98.860,5500,98.850,13000,98.820,300,98.800,700,98.790,4340,98.900,5600,98.910,1000,98.950,900,98.990,5180,99.000,2020-01-22,14:06:59,00,";
var hq_str_sh603259="药明康德,98.210,98.150,98.820,99.330,96.210,98.800,98.820,7403584,725853102.000,400,98.800,100,98.770,1300,98.740,400,98.730,300,98.720,3000,98.820,5100,98.850,200,98.880,1400,98.890,8540,98.900,2020-01-22,14:07:57,00,";
var hq_str_sh603259="药明康德,98.210,98.150,98.850,99.330,96.210,98.820,98.850,7416784,727157438.000,3200,98.820,7700,98.800,600,98.790,100,98.780,1100,98.750,6600,98.850,200,98.880,1600,98.890,8540,98.900,5600,98.910,2020-01-22,14:08:59,00,";
var hq_str_sh603259="药明康德,98.210,98.150,98.890,99.330,96.210,98.870,98.890,7441384,729589109.000,2500,98.870,6000,98.860,500,98.850,300,98.840,7800,98.800,1900,98.890,14040,98.900,5600,98.910,1000,98.950,1000,98.980,2020-01-22,14:09:59,00,";
var hq_str_sh603259="药明康德,98.210,98.150,98.900,99.330,96.210,98.900,98.910,7472324,732648780.000,1360,98.900,300,98.890,1100,98.880,100,98.870,4500,98.860,5000,98.910,500,98.930,1000,98.950,1000,98.980,1300,98.990,2020-01-22,14:10:59,00,";
var hq_str_sh603259="药明康德,98.210,98.150,98.700,99.330,96.210,98.670,98.730,7504984,735876423.000,300,98.670,8000,98.660,1200,98.650,1200,98.610,1500,98.600,2600,98.730,400,98.740,100,98.790,5300,98.800,1700,98.810,2020-01-22,14:11:59,00,";
var hq_str_sh603259="药明康德,98.210,98.150,98.800,99.330,96.210,98.750,98.800,7520184,737377113.000,500,98.750,2900,98.740,1800,98.730,400,98.670,8200,98.660,5400,98.800,2400,98.810,100,98.850,1400,98.860,300,98.870,2020-01-22,14:12:59,00,";
var hq_str_sh603259="药明康德,98.210,98.150,98.860,99.330,96.210,98.810,98.860,7543884,739718576.000,600,98.810,1600,98.800,800,98.760,3500,98.750,400,98.740,400,98.860,1800,98.880,400,98.900,4640,98.910,500,98.930,2020-01-22,14:13:59,00,";
var hq_str_sh603259="药明康德,98.210,98.150,98.760,99.330,96.210,98.750,98.760,7554924,740809414.000,1100,98.750,200,98.730,2000,98.710,400,98.670,8200,98.660,100,98.760,600,98.800,3100,98.810,100,98.820,400,98.840,2020-01-22,14:14:59,00,";
var hq_str_sh603259="药明康德,98.210,98.150,98.810,99.330,96.210,98.810,98.820,7574624,742755678.000,700,98.810,100,98.800,300,98.780,1000,98.760,600,98.750,700,98.820,700,98.840,7300,98.850,200,98.860,1800,98.880,2020-01-22,14:15:59,00,";
var hq_str_sh603259="药明康德,98.210,98.150,98.780,99.330,96.210,98.770,98.790,7581124,743397855.000,3100,98.770,1000,98.760,500,98.750,100,98.730,2000,98.710,500,98.790,1400,98.800,200,98.810,400,98.820,2700,98.840,2020-01-22,14:16:59,00,";
var hq_str_sh603259="药明康德,98.210,98.150,98.800,99.330,96.210,98.780,98.800,7599144,745178454.000,80,98.780,2800,98.770,1000,98.760,500,98.750,300,98.730,2800,98.800,200,98.810,100,98.820,7500,98.850,200,98.860,2020-01-22,14:17:59,00,";
var hq_str_sh603259="药明康德,98.210,98.150,98.800,99.330,96.210,98.770,98.790,7611444,746393489.000,300,98.770,380,98.760,900,98.750,200,98.730,100,98.700,200,98.790,11600,98.800,1200,98.810,100,98.820,7500,98.850,2020-01-22,14:18:59,00,";
var hq_str_sh603259="药明康德,98.210,98.150,98.880,99.330,96.210,98.850,98.880,7650194,750223085.000,1400,98.850,200,98.840,200,98.820,1900,98.810,2950,98.800,1200,98.880,100,98.900,4640,98.910,500,98.930,1000,98.950,2020-01-22,14:19:59,00,";
var hq_str_sh603259="药明康德,98.210,98.150,98.840,99.330,96.210,98.840,98.890,7663414,751530269.000,180,98.840,200,98.820,1100,98.810,450,98.800,600,98.790,100,98.890,2400,98.900,3840,98.910,500,98.930,1000,98.950,2020-01-22,14:20:59,00,";
var hq_str_sh603259="药明康德,98.210,98.150,98.840,99.330,96.210,98.820,98.840,7672594,752437451.000,400,98.820,850,98.800,600,98.790,200,98.780,300,98.770,5700,98.840,200,98.850,200,98.860,200,98.890,2100,98.900,2020-01-22,14:21:59,00,";
var hq_str_sh603259="药明康德,98.210,98.150,98.890,99.330,96.210,98.810,98.900,7714994,756628408.000,700,98.810,9350,98.800,500,98.790,200,98.780,600,98.770,2100,98.900,3840,98.910,500,98.930,1100,98.950,1000,98.990,2020-01-22,14:22:59,00,";
var hq_str_sh603259="药明康德,98.210,98.150,98.810,99.330,96.210,98.800,98.810,7745294,759624763.000,9850,98.800,500,98.790,200,98.780,600,98.770,580,98.760,1000,98.810,5500,98.900,1840,98.910,500,98.930,6600,98.950,2020-01-22,14:23:59,00,";
var hq_str_sh603259="药明康德,98.210,98.150,98.790,99.330,96.210,98.790,98.800,7761944,761269952.000,200,98.790,400,98.780,800,98.770,680,98.760,1000,98.750,3500,98.800,200,98.810,2100,98.840,100,98.890,15850,98.900,2020-01-22,14:24:59,00,";
var hq_str_sh603259="药明康德,98.210,98.150,98.780,99.330,96.210,98.780,98.790,7787084,763753249.000,300,98.780,2500,98.770,780,98.750,200,98.730,800,98.710,900,98.790,3500,98.800,200,98.820,2100,98.840,3500,98.850,2020-01-22,14:25:59,00,";
var hq_str_sh603259="药明康德,98.210,98.150,98.790,99.330,96.210,98.780,98.790,7801884,765215268.000,1500,98.780,780,98.750,100,98.740,200,98.730,100,98.720,2100,98.790,3300,98.800,100,98.810,200,98.820,2100,98.840,2020-01-22,14:26:59,00,";
var hq_str_sh603259="药明康德,98.210,98.150,98.820,99.330,96.210,98.820,98.840,7814244,766436271.000,200,98.820,600,98.810,5340,98.800,300,98.770,700,98.750,2100,98.840,3500,98.850,400,98.880,6400,98.890,16550,98.900,2020-01-22,14:27:59,00,";
var hq_str_sh603259="药明康德,98.210,98.150,99.000,99.330,96.210,98.990,99.000,7962774,781134791.000,1500,98.990,400,98.980,200,98.960,5800,98.950,11110,98.900,36760,99.000,100,99.020,2200,99.030,100,99.040,5600,99.050,2020-01-22,14:28:59,00,";
var hq_str_sh603259="药明康德,98.210,98.150,98.910,99.330,96.210,98.890,98.910,8231034,807692022.000,700,98.890,300,98.880,500,98.840,500,98.820,200,98.800,5340,98.910,3800,99.000,1200,99.010,2000,99.020,900,99.050,2020-01-22,14:29:59,00,";
var hq_str_sh603259="药明康德,98.210,98.150,98.800,99.330,96.210,98.750,98.800,8256034,810163839.000,3200,98.750,300,98.740,200,98.730,100,98.720,2500,98.700,4600,98.800,600,98.850,300,98.860,100,98.870,5500,98.880,2020-01-22,14:30:59,00,";
var hq_str_sh603259="药明康德,98.210,98.150,98.760,99.330,96.210,98.760,98.780,8274984,812035381.000,7300,98.760,2000,98.750,750,98.740,900,98.730,100,98.720,1000,98.780,1900,98.790,3800,98.800,600,98.850,5500,98.880,2020-01-22,14:31:59,00,";
var hq_str_sh603259="药明康德,98.210,98.150,98.780,99.330,96.210,98.780,98.790,8290984,813615842.000,1800,98.780,1100,98.770,3700,98.760,1900,98.750,750,98.740,7200,98.790,2000,98.800,600,98.850,11000,98.880,3900,98.890,2020-01-22,14:32:59,00,";
var hq_str_sh603259="药明康德,98.210,98.150,98.740,99.330,96.210,98.720,98.740,8317634,816247949.000,600,98.720,1100,98.710,2600,98.700,900,98.690,900,98.680,800,98.740,2500,98.750,300,98.760,4900,98.770,300,98.780,2020-01-22,14:33:59,00,";
var hq_str_sh603259="药明康德,98.210,98.150,98.670,99.330,96.210,98.670,98.680,8334534,817916223.000,100,98.670,400,98.660,500,98.650,1600,98.600,100,98.560,1200,98.680,100,98.700,3616,98.710,2600,98.720,1500,98.750,2020-01-22,14:34:59,00,";
var hq_str_sh603259="药明康德,98.210,98.150,98.780,99.330,96.210,98.760,98.780,8363950,820820770.000,500,98.760,4500,98.750,1084,98.710,3300,98.700,4000,98.680,1800,98.780,4500,98.790,2200,98.800,600,98.850,3800,98.870,2020-01-22,14:35:59,00,";
var hq_str_sh603259="药明康德,98.210,98.150,98.800,99.330,96.210,98.790,98.800,8377550,822164187.000,1400,98.790,1100,98.780,1000,98.760,4700,98.750,284,98.710,1800,98.800,600,98.850,4000,98.870,12100,98.880,3900,98.890,2020-01-22,14:36:59,00,";
var hq_str_sh603259="药明康德,98.210,98.150,98.800,99.330,96.210,98.800,98.840,8395150,823903039.000,4300,98.800,100,98.790,1300,98.780,1000,98.760,4600,98.750,600,98.840,100,98.850,100,98.860,3900,98.870,12000,98.880,2020-01-22,14:37:59,00,";
var hq_str_sh603259="药明康德,98.210,98.150,98.770,99.330,96.210,98.750,98.770,8412650,825631880.000,4500,98.750,100,98.730,29600,98.700,100,98.690,3000,98.680,1100,98.770,600,98.780,2100,98.800,1100,98.850,300,98.860,2020-01-22,14:38:59,00,";
var hq_str_sh603259="药明康德,98.210,98.150,98.780,99.330,96.210,98.720,98.780,8460350,830340942.000,400,98.720,400,98.690,3200,98.680,400,98.660,1500,98.650,600,98.780,300,98.790,3300,98.800,2700,98.850,900,98.860,2020-01-22,14:39:58,00,";
var hq_str_sh603259="药明康德,98.210,98.150,98.770,99.330,96.210,98.770,98.780,8469150,831210123.000,100,98.770,100,98.760,900,98.720,100,98.710,500,98.700,1200,98.780,1200,98.790,6100,98.800,2800,98.850,900,98.860,2020-01-22,14:40:59,00,";
var hq_str_sh603259="药明康德,98.210,98.150,98.790,99.330,96.210,98.760,98.790,8476150,831901549.000,800,98.760,3200,98.750,100,98.730,1000,98.720,100,98.710,500,98.790,8600,98.800,1400,98.830,3000,98.850,900,98.860,2020-01-22,14:41:58,00,";
var hq_str_sh603259="药明康德,98.210,98.150,98.800,99.330,96.210,98.790,98.800,8488850,833156237.000,2200,98.790,8900,98.780,800,98.760,1000,98.750,1100,98.720,29000,98.800,1400,98.830,3000,98.850,900,98.860,9440,98.870,2020-01-22,14:42:59,00,";
var hq_str_sh603259="药明康德,98.210,98.150,98.780,99.330,96.210,98.780,98.790,8506850,834934422.000,5400,98.780,800,98.760,1000,98.750,1100,98.720,500,98.710,6500,98.790,24900,98.800,100,98.810,1400,98.830,2200,98.850,2020-01-22,14:43:59,00,";
var hq_str_sh603259="药明康德,98.210,98.150,98.780,99.330,96.210,98.760,98.780,8522350,836465565.000,700,98.760,1000,98.750,1100,98.720,500,98.710,1800,98.700,1600,98.780,7240,98.790,25100,98.800,100,98.810,1400,98.830,2020-01-22,14:44:59,00,";
var hq_str_sh603259="药明康德,98.210,98.150,98.740,99.330,96.210,98.730,98.740,8531250,837344576.000,500,98.730,800,98.720,100,98.710,1800,98.700,100,98.690,400,98.740,2800,98.750,500,98.760,4119,98.770,900,98.780,2020-01-22,14:45:58,00,";
var hq_str_sh603259="药明康德,98.210,98.150,98.640,99.330,96.210,98.640,98.650,8549050,839101101.000,14000,98.640,400,98.610,1500,98.600,200,98.590,100,98.560,3700,98.650,600,98.670,5900,98.690,1600,98.700,100,98.720,2020-01-22,14:46:59,00,";
var hq_str_sh603259="药明康德,98.210,98.150,98.600,99.330,96.210,98.540,98.560,8573050,841468141.000,100,98.540,2200,98.530,1600,98.520,1500,98.510,6900,98.500,500,98.560,5158,98.600,1000,98.610,400,98.630,682,98.640,2020-01-22,14:47:58,00,";
var hq_str_sh603259="药明康德,98.210,98.150,98.450,99.330,96.210,98.440,98.450,8600450,844167613.000,1800,98.440,100,98.430,800,98.380,1000,98.360,300,98.300,2600,98.450,1200,98.480,6858,98.500,300,98.540,3200,98.590,2020-01-22,14:48:58,00,";
var hq_str_sh603259="药明康德,98.210,98.150,98.380,99.330,96.210,98.380,98.420,8623150,846401350.000,1600,98.380,3600,98.360,1500,98.350,100,98.300,100,98.280,3100,98.420,15800,98.450,600,98.480,6758,98.500,1500,98.590,2020-01-22,14:49:59,00,";
var hq_str_sh603259="药明康德,98.210,98.150,98.500,99.330,96.210,98.480,98.500,8660950,850122189.000,500,98.480,200,98.470,400,98.460,200,98.450,500,98.440,6058,98.500,1500,98.590,1600,98.600,400,98.630,382,98.640,2020-01-22,14:50:59,00,";
var hq_str_sh603259="药明康德,98.210,98.150,98.520,99.330,96.210,98.510,98.520,8678950,851895611.000,100,98.510,200,98.500,700,98.470,100,98.460,200,98.450,1300,98.520,400,98.570,2500,98.590,1158,98.600,400,98.630,2020-01-22,14:51:58,00,";
var hq_str_sh603259="药明康德,98.210,98.150,98.590,99.330,96.210,98.570,98.590,8712050,855158313.000,200,98.570,500,98.560,1300,98.550,500,98.530,100,98.510,100,98.590,358,98.630,3182,98.640,400,98.650,100,98.660,2020-01-22,14:52:59,00,";
var hq_str_sh603259="药明康德,98.210,98.150,98.530,99.330,96.210,98.520,98.530,8756750,859564372.000,1000,98.520,100,98.510,1400,98.500,800,98.490,1200,98.480,1200,98.530,400,98.550,8800,98.570,3900,98.600,540,98.620,2020-01-22,14:53:59,00,";
var hq_str_sh603259="药明康德,98.210,98.150,98.550,99.330,96.210,98.550,98.560,8772950,861160903.000,400,98.550,1400,98.540,1100,98.520,100,98.510,1500,98.500,7800,98.560,7300,98.570,4800,98.600,1900,98.610,2540,98.620,2020-01-22,14:54:59,00,";
var hq_str_sh603259="药明康德,98.210,98.150,98.750,99.330,96.210,98.640,98.700,8830770,866862245.000,2100,98.640,1600,98.570,200,98.550,1100,98.530,700,98.520,10000,98.700,3000,98.720,5740,98.750,700,98.760,4519,98.770,2020-01-22,14:55:59,00,";
var hq_str_sh603259="药明康德,98.210,98.150,98.730,99.330,96.210,98.720,98.740,8863170,870060183.000,2900,98.720,1100,98.700,11900,98.690,4800,98.650,1500,98.640,500,98.740,2640,98.750,100,98.760,4519,98.770,400,98.780,2020-01-22,14:56:58,00,";
var hq_str_sh603259="药明康德,98.210,98.150,98.740,99.330,96.210,98.720,98.720,8864070,870149049.000,18800,98.720,0,0.000,0,0.000,0,0.000,0,0.000,18800,98.720,1300,0.000,0,0.000,0,0.000,0,0.000,2020-01-22,14:57:59,00,";
var hq_str_sh603259="药明康德,98.210,98.150,98.740,99.330,96.210,98.750,98.750,8864070,870149049.000,35000,98.750,0,0.000,0,0.000,0,0.000,0,0.000,35000,98.750,2240,0.000,0,0.000,0,0.000,0,0.000,2020-01-22,14:58:58,00,";
