var hq_str_sh603259="药明康德,150.280,148.660,150.300,150.300,150.280,150.300,150.310,108180,16257406.000,2800,150.300,20,150.280,14400,150.270,4200,150.260,1000,150.250,100,150.310,100,150.330,200,150.440,400,150.460,200,150.470,2021-03-02,09:30:00,00,";
var hq_str_sh603259="药明康德,150.280,148.660,148.680,150.460,148.260,148.780,148.790,358650,53685507.000,100,148.780,200,148.650,600,148.460,700,148.450,100,148.390,1734,148.790,1700,148.800,1700,148.810,100,148.820,2100,148.830,2021-03-02,09:31:00,00,";
var hq_str_sh603259="药明康德,150.280,148.660,149.610,150.460,148.260,149.240,149.330,482250,72103675.000,1000,149.240,100,149.230,100,149.200,600,149.180,2100,149.150,100,149.330,5200,149.610,100,149.630,3800,149.640,1200,149.760,2021-03-02,09:32:00,00,";
var hq_str_sh603259="药明康德,150.280,148.660,148.880,150.460,148.260,148.860,148.880,649250,96991563.000,6800,148.860,3700,148.850,1100,148.840,100,148.830,3300,148.820,8700,148.880,100,148.890,500,148.900,1600,148.910,300,149.000,2021-03-02,09:33:00,00,";
var hq_str_sh603259="药明康德,150.280,148.660,149.660,150.460,148.260,149.620,149.650,788650,117825373.000,1400,149.620,900,149.610,33500,149.600,800,149.500,700,149.440,100,149.650,600,149.690,680,149.700,100,149.710,100,149.720,2021-03-02,09:34:00,00,";
var hq_str_sh603259="药明康德,150.280,148.660,149.800,150.460,148.260,149.800,149.850,984057,147048718.000,700,149.800,1200,149.760,200,149.660,1605,149.650,2100,149.630,300,149.850,200,149.860,280,149.880,200,149.890,1500,149.900,2021-03-02,09:35:00,00,";
var hq_str_sh603259="药明康德,150.280,148.660,149.900,150.460,148.260,149.880,149.900,1141019,170567057.000,100,149.880,100,149.860,86,149.850,3500,149.840,1300,149.820,300,149.900,100,149.990,4800,150.000,200,150.030,300,150.050,2021-03-02,09:36:00,00,";
var hq_str_sh603259="药明康德,150.280,148.660,150.670,150.680,148.260,150.670,150.680,1336324,199913909.000,2600,150.670,100,150.650,1700,150.640,500,150.620,200,150.610,600,150.680,200,150.700,100,150.750,300,150.770,1100,150.780,2021-03-02,09:37:00,00,";
var hq_str_sh603259="药明康德,150.280,148.660,150.950,150.980,148.260,150.950,150.980,1545920,231524863.000,1800,150.950,500,150.940,2100,150.930,10800,150.920,1300,150.900,3500,150.980,4500,150.990,7000,151.000,100,151.010,300,151.020,2021-03-02,09:38:00,00,";
var hq_str_sh603259="药明康德,150.280,148.660,150.600,150.980,148.260,150.570,150.580,1730924,259414248.000,100,150.570,300,150.510,300,150.500,200,150.410,2800,150.400,200,150.580,3100,150.770,3000,150.780,2200,150.800,200,150.870,2021-03-02,09:39:00,00,";
var hq_str_sh603259="药明康德,150.280,148.660,149.710,150.980,148.260,149.660,149.710,1880524,281881389.000,700,149.660,700,149.600,100,149.580,100,149.520,100,149.510,100,149.710,100,149.750,100,149.760,28900,149.780,4100,149.790,2021-03-02,09:40:00,00,";
var hq_str_sh603259="药明康德,150.280,148.660,149.600,150.980,148.260,149.600,149.620,1976724,296270258.000,100,149.600,200,149.590,5000,149.580,200,149.560,500,149.520,300,149.620,100,149.650,1900,149.700,100,149.740,1100,149.750,2021-03-02,09:41:00,00,";
var hq_str_sh603259="药明康德,150.280,148.660,149.300,150.980,148.260,149.230,149.310,2112724,316590290.000,200,149.230,800,149.220,100,149.200,100,149.120,1000,149.110,1400,149.310,100,149.400,600,149.470,1200,149.480,700,149.490,2021-03-02,09:42:00,00,";
var hq_str_sh603259="药明康德,150.280,148.660,149.650,150.980,148.260,149.600,149.650,2191624,328381334.000,300,149.600,100,149.560,200,149.510,1400,149.500,900,149.410,300,149.650,200,149.690,1700,149.700,2700,149.750,1900,149.770,2021-03-02,09:42:57,00,";
var hq_str_sh603259="药明康德,150.280,148.660,149.350,150.980,148.260,149.340,149.350,2324924,348297873.000,100,149.340,6200,149.100,100,149.040,100,149.020,2700,149.010,400,149.350,1200,149.370,300,149.400,1300,149.410,300,149.450,2021-03-02,09:44:00,00,";
var hq_str_sh603259="药明康德,150.280,148.660,148.950,150.980,148.260,148.920,148.950,2440324,365498292.000,100,148.920,200,148.910,200,148.900,300,148.890,700,148.880,700,148.950,100,148.990,1200,149.000,300,149.010,1000,149.020,2021-03-02,09:45:00,00,";
var hq_str_sh603259="药明康德,150.280,148.660,147.860,150.980,147.860,147.860,147.960,2640624,395192338.000,7300,147.860,100,147.840,700,147.800,100,147.780,100,147.770,100,147.960,200,148.000,100,148.050,300,148.060,900,148.070,2021-03-02,09:46:00,00,";
var hq_str_sh603259="药明康德,150.280,148.660,147.380,150.980,147.180,147.300,147.370,2742924,410290119.000,400,147.300,2300,147.180,500,147.170,500,147.160,100,147.150,100,147.370,1000,147.380,300,147.400,100,147.470,500,147.490,2021-03-02,09:46:57,00,";
var hq_str_sh603259="药明康德,150.280,148.660,148.090,150.980,147.160,148.000,148.090,2852113,426398670.000,100,148.000,400,147.970,500,147.860,1000,147.840,8600,147.810,700,148.090,200,148.100,700,148.110,2800,148.200,600,148.240,2021-03-02,09:47:57,00,";
var hq_str_sh603259="药明康德,150.280,148.660,147.750,150.980,147.160,147.740,147.750,2919413,436348148.000,900,147.740,100,147.720,600,147.710,5800,147.700,9500,147.690,100,147.750,600,147.760,400,147.860,100,147.870,200,147.950,2021-03-02,09:48:57,00,";
var hq_str_sh603259="药明康德,150.280,148.660,148.730,150.980,147.160,148.690,148.730,3097113,462713783.000,200,148.690,400,148.560,300,148.550,100,148.540,1500,148.520,500,148.730,200,148.890,700,148.900,400,148.980,500,148.990,2021-03-02,09:50:00,00,";
var hq_str_sh603259="药明康德,150.280,148.660,149.090,150.980,147.160,149.150,149.200,3180913,475192583.000,400,149.150,200,149.090,100,149.020,800,149.000,400,148.990,1400,149.200,100,149.210,100,149.250,300,149.300,100,149.350,2021-03-02,09:50:57,00,";
var hq_str_sh603259="药明康德,150.280,148.660,148.280,150.980,147.160,148.270,148.280,3241113,484140457.000,100,148.270,500,148.250,100,148.220,9700,148.010,3200,148.000,300,148.280,2000,148.290,100,148.330,500,148.430,12300,148.500,2021-03-02,09:52:00,00,";
var hq_str_sh603259="药明康德,150.280,148.660,148.500,150.980,147.160,148.400,148.500,3293513,491909022.000,1800,148.400,6100,148.390,400,148.380,300,148.330,200,148.320,6300,148.500,100,148.530,300,148.760,200,148.880,100,148.900,2021-03-02,09:53:00,00,";
var hq_str_sh603259="药明康德,150.280,148.660,147.750,150.980,147.160,147.750,147.780,3350813,500397527.000,500,147.750,1400,147.740,100,147.720,100,147.710,3700,147.700,300,147.780,9500,147.800,500,147.860,200,147.870,500,147.880,2021-03-02,09:54:00,00,";
var hq_str_sh603259="药明康德,150.280,148.660,148.100,150.980,147.160,148.100,148.230,3408413,508914940.000,1800,148.100,1000,148.090,2100,148.080,600,148.020,1100,148.010,400,148.230,200,148.390,200,148.490,4500,148.500,200,148.660,2021-03-02,09:55:00,00,";
var hq_str_sh603259="药明康德,150.280,148.660,147.840,150.980,147.160,147.810,147.850,3472113,518345365.000,1100,147.810,7500,147.800,700,147.790,100,147.780,300,147.760,100,147.850,600,147.910,100,147.920,11900,147.930,200,148.000,2021-03-02,09:56:00,00,";
var hq_str_sh603259="药明康德,150.280,148.660,148.030,150.980,147.160,147.960,147.970,3527813,526581440.000,300,147.960,100,147.950,1100,147.930,100,147.920,100,147.910,200,147.970,100,147.980,600,148.030,100,148.090,600,148.100,2021-03-02,09:56:57,00,";
var hq_str_sh603259="药明康德,150.280,148.660,147.700,150.980,147.160,147.700,147.800,3601813,537519592.000,1800,147.700,600,147.670,700,147.660,600,147.640,2300,147.630,200,147.800,1200,147.820,500,147.860,800,147.910,1200,147.920,2021-03-02,09:57:57,00,";
var hq_str_sh603259="药明康德,150.280,148.660,147.500,150.980,147.160,147.500,147.540,3761375,561051619.000,6538,147.500,700,147.380,1600,147.370,200,147.360,100,147.350,100,147.540,300,147.670,6900,147.700,300,147.750,200,147.800,2021-03-02,09:59:00,00,";
var hq_str_sh603259="药明康德,150.280,148.660,147.740,150.980,147.160,147.740,147.750,3823875,570277870.000,300,147.740,100,147.730,100,147.720,400,147.690,400,147.660,100,147.750,200,147.900,1000,147.920,2300,147.930,200,148.110,2021-03-02,10:00:00,00,";
var hq_str_sh603259="药明康德,150.280,148.660,147.910,150.980,147.160,147.740,147.910,3921675,584716047.000,3200,147.740,100,147.540,100,147.470,600,147.420,1100,147.410,1306,147.910,1000,147.920,2400,147.930,300,148.000,900,148.110,2021-03-02,10:00:57,00,";
var hq_str_sh603259="药明康德,150.280,148.660,148.000,150.980,147.160,147.930,147.990,4000381,596359466.000,600,147.930,100,147.920,800,147.890,100,147.790,100,147.780,100,147.990,11300,148.000,100,148.100,100,148.110,11800,148.120,2021-03-02,10:02:00,00,";
var hq_str_sh603259="药明康德,150.280,148.660,147.710,150.980,147.160,147.700,147.710,4086581,609092334.000,2800,147.700,300,147.680,2800,147.670,700,147.660,800,147.650,1100,147.710,200,147.720,200,147.770,1900,147.780,100,147.860,2021-03-02,10:03:00,00,";
var hq_str_sh603259="药明康德,150.280,148.660,147.790,150.980,147.160,147.790,147.860,4166681,620936358.000,300,147.790,900,147.780,100,147.770,1600,147.710,2600,147.700,200,147.860,200,147.870,400,147.910,200,147.920,1700,147.930,2021-03-02,10:03:58,00,";
var hq_str_sh603259="药明康德,150.280,148.660,147.610,150.980,147.160,147.500,147.510,4259181,634597580.000,36000,147.500,100,147.440,100,147.420,1700,147.410,3800,147.400,200,147.510,300,147.550,400,147.610,3200,147.620,900,147.630,2021-03-02,10:05:00,00,";
var hq_str_sh603259="药明康德,150.280,148.660,147.620,150.980,147.160,147.620,147.650,4432321,660157397.000,4500,147.620,300,147.610,500,147.580,9200,147.570,660,147.550,1200,147.650,2800,147.680,100,147.880,200,147.980,17200,148.000,2021-03-02,10:06:00,00,";
var hq_str_sh603259="药明康德,150.280,148.660,148.210,150.980,147.160,148.210,148.450,4555221,678346871.000,3200,148.210,200,148.200,200,148.190,200,148.140,300,148.100,300,148.450,200,148.470,2200,148.490,2200,148.500,200,148.510,2021-03-02,10:07:00,00,";
var hq_str_sh603259="药明康德,150.280,148.660,148.350,150.980,147.160,148.340,148.350,4650521,692473670.000,2200,148.340,1800,148.330,1000,148.320,3000,148.260,100,148.250,11900,148.350,200,148.400,2600,148.440,400,148.450,200,148.470,2021-03-02,10:08:00,00,";
var hq_str_sh603259="药明康德,150.280,148.660,148.220,150.980,147.160,148.220,148.230,4799921,714630050.000,9500,148.220,2000,148.200,900,148.190,100,148.180,100,148.150,1400,148.230,1800,148.280,500,148.290,200,148.300,100,148.310,2021-03-02,10:08:58,00,";
var hq_str_sh603259="药明康德,150.280,148.660,148.120,150.980,147.160,148.110,148.130,4865921,724409788.000,1300,148.110,1200,148.100,800,148.090,300,148.080,300,148.050,800,148.130,10800,148.140,2700,148.150,200,148.170,200,148.210,2021-03-02,10:10:00,00,";
var hq_str_sh603259="药明康德,150.280,148.660,148.190,150.980,147.160,148.190,148.200,5011421,745973522.000,700,148.190,2400,148.180,400,148.150,300,148.140,1400,148.120,12700,148.200,400,148.210,200,148.240,200,148.250,500,148.260,2021-03-02,10:11:00,00,";
var hq_str_sh603259="药明康德,150.280,148.660,148.370,150.980,147.160,148.340,148.370,5089321,757519344.000,400,148.340,200,148.330,1800,148.270,1400,148.220,100,148.200,600,148.370,3400,148.410,400,148.450,200,148.460,200,148.480,2021-03-02,10:11:58,00,";
var hq_str_sh603259="药明康德,150.280,148.660,148.390,150.980,147.160,148.390,148.400,5160321,768054085.000,500,148.390,1800,148.380,1800,148.370,6600,148.360,400,148.350,3000,148.400,200,148.480,22661,148.490,2300,148.500,100,148.550,2021-03-02,10:13:00,00,";
var hq_str_sh603259="药明康德,150.280,148.660,148.510,150.980,147.160,148.510,148.550,5242921,780312427.000,3300,148.510,2900,148.500,100,148.440,300,148.390,3100,148.380,100,148.550,100,148.590,100,148.600,15200,148.660,500,148.690,2021-03-02,10:14:00,00,";
var hq_str_sh603259="药明康德,150.280,148.660,148.790,150.980,147.160,148.790,148.900,5310721,790392796.000,200,148.790,1300,148.780,400,148.720,11000,148.680,300,148.660,2100,148.900,200,148.950,300,148.980,600,148.990,6200,149.000,2021-03-02,10:14:58,00,";
var hq_str_sh603259="药明康德,150.280,148.660,149.080,150.980,147.160,149.080,149.090,5380121,800733767.000,500,149.080,600,149.060,300,149.020,300,149.000,200,148.990,800,149.090,700,149.110,100,149.140,100,149.180,200,149.200,2021-03-02,10:15:58,00,";
var hq_str_sh603259="药明康德,150.280,148.660,148.680,150.980,147.160,148.660,148.680,5485521,816432740.000,500,148.660,100,148.640,300,148.600,600,148.590,1800,148.500,1000,148.680,200,148.700,200,148.770,1800,148.780,600,148.790,2021-03-02,10:17:00,00,";
var hq_str_sh603259="药明康德,150.280,148.660,148.760,150.980,147.160,148.790,148.900,5575367,829791796.000,2900,148.790,1400,148.750,200,148.720,600,148.710,1300,148.700,700,148.900,4000,148.940,1300,149.000,2000,149.010,200,149.020,2021-03-02,10:17:58,00,";
var hq_str_sh603259="药明康德,150.280,148.660,148.760,150.980,147.160,148.750,148.760,5644367,840056444.000,9000,148.750,2300,148.740,300,148.730,100,148.720,2400,148.700,8900,148.760,7300,148.800,200,148.830,300,148.870,600,148.880,2021-03-02,10:19:00,00,";
var hq_str_sh603259="药明康德,150.280,148.660,148.540,150.980,147.160,148.540,148.560,5715867,850689693.000,3400,148.540,1400,148.530,900,148.520,21600,148.510,1754,148.500,200,148.560,700,148.600,1000,148.630,400,148.640,800,148.650,2021-03-02,10:19:58,00,";
var hq_str_sh603259="药明康德,150.280,148.660,148.480,150.980,147.160,148.450,148.490,5840867,869249467.000,1300,148.450,100,148.400,400,148.380,600,148.370,100,148.360,100,148.490,100,148.500,100,148.570,200,148.600,100,148.630,2021-03-02,10:20:58,00,";
var hq_str_sh603259="药明康德,150.280,148.660,148.500,150.980,147.160,148.420,148.450,5871567,873808542.000,1100,148.420,1000,148.410,600,148.380,200,148.370,200,148.360,600,148.450,1365,148.500,1200,148.510,100,148.570,100,148.620,2021-03-02,10:21:58,00,";
var hq_str_sh603259="药明康德,150.280,148.660,148.410,150.980,147.160,148.340,148.410,5961167,887103529.000,300,148.340,200,148.300,800,148.260,100,148.250,200,148.230,9800,148.410,200,148.420,100,148.550,500,148.650,4100,148.690,2021-03-02,10:22:58,00,";
var hq_str_sh603259="药明康德,150.280,148.660,148.420,150.980,147.160,148.420,148.600,6027467,896946570.000,2000,148.420,100,148.350,100,148.340,500,148.300,900,148.290,1600,148.600,700,148.650,200,148.670,2800,148.680,100,148.690,2021-03-02,10:23:58,00,";
var hq_str_sh603259="药明康德,150.280,148.660,148.300,150.980,147.160,148.150,148.300,6105467,908514750.000,1000,148.150,300,148.100,100,148.010,11200,148.000,500,147.990,3500,148.300,400,148.480,200,148.560,300,148.570,5000,148.600,2021-03-02,10:24:58,00,";
var hq_str_sh603259="药明康德,150.280,148.660,147.890,150.980,147.160,147.880,147.890,6160767,916704432.000,600,147.880,100,147.870,200,147.810,2400,147.800,100,147.790,1000,147.890,4200,148.000,100,148.010,300,148.110,300,148.300,2021-03-02,10:26:00,00,";
var hq_str_sh603259="药明康德,150.280,148.660,147.660,150.980,147.160,147.660,147.690,6210867,924109961.000,300,147.660,600,147.650,100,147.610,1200,147.600,3400,147.580,1300,147.690,3700,147.710,100,147.730,1300,147.740,200,147.770,2021-03-02,10:27:00,00,";
var hq_str_sh603259="药明康德,150.280,148.660,147.650,150.980,147.160,147.620,147.640,6275667,933678805.000,500,147.620,2100,147.610,600,147.600,1900,147.590,1400,147.580,200,147.640,300,147.700,900,147.710,200,147.760,6600,147.800,2021-03-02,10:28:00,00,";
var hq_str_sh603259="药明康德,150.280,148.660,147.670,150.980,147.160,147.660,147.670,6313167,939219073.000,1800,147.660,300,147.650,1500,147.640,1500,147.630,900,147.620,900,147.670,100,147.690,1200,147.700,1900,147.770,200,147.780,2021-03-02,10:28:58,00,";
var hq_str_sh603259="药明康德,150.280,148.660,147.380,150.980,147.160,147.370,147.380,6391570,950784220.000,200,147.370,500,147.360,1100,147.350,200,147.340,100,147.330,94,147.380,900,147.390,4600,147.400,100,147.410,400,147.420,2021-03-02,10:29:58,00,";
var hq_str_sh603259="药明康德,150.280,148.660,147.070,150.980,147.070,147.070,147.100,6473270,962814166.000,300,147.070,300,147.060,300,147.050,200,147.040,500,147.030,1300,147.100,100,147.110,100,147.130,900,147.150,400,147.160,2021-03-02,10:31:00,00,";
var hq_str_sh603259="药明康德,150.280,148.660,146.990,150.980,146.980,146.990,147.000,6605270,982221582.000,5400,146.990,1100,146.980,700,146.960,400,146.950,100,146.940,19500,147.000,2600,147.010,800,147.060,1100,147.090,2600,147.100,2021-03-02,10:31:58,00,";
var hq_str_sh603259="药明康德,150.280,148.660,146.880,150.980,146.850,146.870,146.880,6684770,993903285.000,100,146.870,600,146.860,2900,146.850,700,146.840,100,146.830,2600,146.880,400,146.890,200,146.900,9294,147.000,700,147.010,2021-03-02,10:33:00,00,";
var hq_str_sh603259="药明康德,150.280,148.660,146.700,150.980,146.680,146.690,146.700,6741570,1002242830.000,700,146.690,600,146.680,1200,146.660,200,146.640,800,146.630,100,146.700,100,146.720,100,146.740,1700,146.750,400,146.760,2021-03-02,10:34:00,00,";
var hq_str_sh603259="药明康德,150.280,148.660,147.010,150.980,146.680,146.980,147.010,6797090,1010397730.000,1800,146.980,1000,146.970,100,146.960,300,146.950,100,146.940,100,147.010,200,147.030,500,147.060,100,147.170,22461,147.200,2021-03-02,10:35:00,00,";
var hq_str_sh603259="药明康德,150.280,148.660,146.800,150.980,146.680,146.790,146.800,6868290,1020856409.000,500,146.790,3400,146.780,1100,146.770,1300,146.760,3700,146.750,500,146.800,600,146.810,4100,146.820,900,146.830,100,146.920,2021-03-02,10:36:00,00,";
var hq_str_sh603259="药明康德,150.280,148.660,146.680,150.980,146.680,146.680,146.690,6940590,1031467593.000,1500,146.680,100,146.670,1400,146.660,100,146.650,200,146.640,300,146.690,600,146.710,1000,146.730,200,146.750,200,146.780,2021-03-02,10:36:58,00,";
var hq_str_sh603259="药明康德,150.280,148.660,146.300,150.980,146.290,146.300,146.630,7040590,1046117588.000,700,146.300,2200,146.290,500,146.280,500,146.270,400,146.250,400,146.630,100,146.670,600,146.680,700,146.690,900,146.700,2021-03-02,10:37:58,00,";
var hq_str_sh603259="药明康德,150.280,148.660,146.110,150.980,146.000,146.100,146.110,7177190,1066082767.000,500,146.100,900,146.090,900,146.080,100,146.070,100,146.060,2700,146.110,200,146.150,200,146.180,700,146.190,6500,146.220,2021-03-02,10:39:00,00,";
var hq_str_sh603259="药明康德,150.280,148.660,145.860,150.980,145.780,145.860,145.900,7319531,1086847122.000,300,145.860,1000,145.840,7759,145.800,4900,145.780,1200,145.770,22488,145.900,23900,146.000,1200,146.010,1500,146.020,200,146.040,2021-03-02,10:39:58,00,";
var hq_str_sh603259="药明康德,150.280,148.660,146.190,150.980,145.780,146.190,146.200,7507313,1114264931.000,1400,146.190,100,146.180,400,146.090,300,146.040,400,146.030,2200,146.200,1500,146.210,100,146.470,300,146.480,600,146.500,2021-03-02,10:40:58,00,";
var hq_str_sh603259="药明康德,150.280,148.660,146.260,150.980,145.780,146.210,146.260,7593713,1126901112.000,900,146.210,200,146.050,200,146.040,500,146.030,200,146.020,100,146.260,200,146.310,200,146.340,1200,146.360,300,146.380,2021-03-02,10:42:00,00,";
var hq_str_sh603259="药明康德,150.280,148.660,145.850,150.980,145.780,145.810,145.820,7694915,1141668784.000,200,145.810,600,145.800,900,145.780,1300,145.770,300,145.750,800,145.820,200,145.830,3800,145.860,300,145.880,3000,145.890,2021-03-02,10:42:58,00,";
var hq_str_sh603259="药明康德,150.280,148.660,145.320,150.980,145.000,145.330,145.340,7892915,1170458533.000,300,145.330,200,145.320,200,145.310,500,145.300,100,145.290,600,145.340,400,145.350,100,145.370,400,145.380,200,145.400,2021-03-02,10:44:00,00,";
var hq_str_sh603259="药明康德,150.280,148.660,145.410,150.980,145.000,145.410,145.490,8001815,1186286842.000,100,145.410,200,145.350,7900,145.340,500,145.330,500,145.310,300,145.490,1300,145.500,1100,145.510,200,145.520,4500,145.570,2021-03-02,10:44:58,00,";
var hq_str_sh603259="药明康德,150.280,148.660,145.740,150.980,145.000,145.820,145.950,8072715,1196606836.000,200,145.820,2200,145.740,1800,145.700,200,145.690,300,145.650,200,145.950,1800,146.000,100,146.260,200,146.340,100,146.380,2021-03-02,10:45:58,00,";
var hq_str_sh603259="药明康德,150.280,148.660,145.540,150.980,145.000,145.540,145.550,8138715,1206221744.000,100,145.540,300,145.530,1000,145.520,3000,145.510,4700,145.500,100,145.550,300,145.560,400,145.590,100,145.610,100,145.620,2021-03-02,10:47:00,00,";
var hq_str_sh603259="药明康德,150.280,148.660,145.890,150.980,145.000,145.850,145.890,8179615,1212181006.000,100,145.850,200,145.820,1300,145.810,200,145.800,9000,145.770,800,145.890,5600,145.900,100,145.910,2300,146.000,100,146.260,2021-03-02,10:47:58,00,";
var hq_str_sh603259="药明康德,150.280,148.660,146.150,150.980,145.000,146.150,146.170,8231215,1219715191.000,4200,146.150,300,146.140,1100,146.130,900,146.120,200,146.100,100,146.170,5900,146.370,600,146.430,100,146.440,700,146.450,2021-03-02,10:49:00,00,";
var hq_str_sh603259="药明康德,150.280,148.660,146.010,150.980,145.000,146.000,146.010,8301665,1229997033.000,700,146.000,1100,145.930,2800,145.910,100,145.890,400,145.880,300,146.010,700,146.040,2100,146.080,200,146.090,200,146.130,2021-03-02,10:49:58,00,";
var hq_str_sh603259="药明康德,150.280,148.660,145.830,150.980,145.000,145.810,145.820,8357065,1238077994.000,4000,145.810,2300,145.800,400,145.790,100,145.780,700,145.770,300,145.820,200,145.830,800,145.850,2000,145.910,100,145.990,2021-03-02,10:51:00,00,";
var hq_str_sh603259="药明康德,150.280,148.660,145.780,150.980,145.000,145.750,145.770,8389065,1242743817.000,600,145.750,200,145.740,200,145.730,500,145.710,500,145.700,100,145.770,2800,145.780,1800,145.790,1100,145.800,816,145.830,2021-03-02,10:51:59,00,";
var hq_str_sh603259="药明康德,150.280,148.660,145.790,150.980,145.000,145.810,145.910,8427865,1248400113.000,1600,145.810,1600,145.790,1300,145.780,900,145.770,9800,145.760,716,145.910,300,146.000,200,146.010,800,146.040,100,146.060,2021-03-02,10:53:00,00,";
var hq_str_sh603259="药明康德,150.280,148.660,146.040,150.980,145.000,146.000,146.030,8470365,1254601990.000,2100,146.000,3200,145.990,100,145.950,200,145.940,1600,145.930,200,146.030,1016,146.080,200,146.090,200,146.290,100,146.360,2021-03-02,10:54:00,00,";
var hq_str_sh603259="药明康德,150.280,148.660,146.000,150.980,145.000,145.970,146.000,8514565,1261058072.000,100,145.970,600,145.940,200,145.930,100,145.920,600,145.910,200,146.000,2316,146.010,400,146.020,100,146.040,900,146.050,2021-03-02,10:55:00,00,";
var hq_str_sh603259="药明康德,150.280,148.660,146.200,150.980,145.000,146.190,146.200,8541565,1265000919.000,400,146.190,800,146.120,800,146.110,9000,146.040,300,146.030,1300,146.200,700,146.390,2100,146.400,600,146.440,700,146.450,2021-03-02,10:55:59,00,";
var hq_str_sh603259="药明康德,150.280,148.660,145.360,150.980,145.000,145.350,145.360,8642065,1279658301.000,800,145.350,300,145.340,1600,145.330,700,145.320,400,145.310,1400,145.360,400,145.380,1600,145.390,1800,145.400,900,145.430,2021-03-02,10:57:00,00,";
var hq_str_sh603259="药明康德,150.280,148.660,145.410,150.980,145.000,145.380,145.410,8736265,1293346138.000,1000,145.380,200,145.370,800,145.330,500,145.320,3600,145.310,300,145.410,100,145.420,100,145.430,100,145.450,100,145.470,2021-03-02,10:58:00,00,";
var hq_str_sh603259="药明康德,150.280,148.660,145.450,150.980,145.000,145.440,145.450,8774165,1298857193.000,7700,145.440,200,145.420,1600,145.410,6200,145.400,500,145.390,700,145.450,1600,145.460,200,145.480,5800,145.500,100,145.510,2021-03-02,10:59:00,00,";
var hq_str_sh603259="药明康德,150.280,148.660,145.300,150.980,145.000,145.280,145.290,8834365,1307612230.000,100,145.280,700,145.270,5200,145.250,500,145.230,2000,145.220,4600,145.290,1800,145.300,3100,145.310,1200,145.340,100,145.350,2021-03-02,10:59:57,00,";
var hq_str_sh603259="药明康德,150.280,148.660,144.880,150.980,144.880,144.880,144.890,9004965,1332357490.000,1200,144.880,500,144.870,100,144.860,4000,144.850,600,144.830,700,144.890,100,144.900,2100,144.910,200,144.920,3800,144.940,2021-03-02,11:01:00,00,";
var hq_str_sh603259="药明康德,150.280,148.660,145.100,150.980,144.850,145.100,145.110,9216917,1363089607.000,1400,145.100,100,145.020,200,145.000,8000,144.990,200,144.960,500,145.110,1900,145.120,200,145.130,1100,145.140,1400,145.190,2021-03-02,11:02:00,00,";
var hq_str_sh603259="药明康德,150.280,148.660,145.090,150.980,144.850,145.080,145.090,9254417,1368530237.000,2600,145.080,800,145.070,700,145.060,200,145.040,500,145.030,3700,145.090,900,145.100,1200,145.110,1000,145.130,100,145.150,2021-03-02,11:02:59,00,";
var hq_str_sh603259="药明康德,150.280,148.660,144.860,150.980,144.800,144.840,144.870,9310095,1376598065.000,100,144.840,100,144.830,200,144.820,6400,144.810,3300,144.800,900,144.870,1000,144.880,100,144.900,200,144.950,100,144.970,2021-03-02,11:03:57,00,";
var hq_str_sh603259="药明康德,150.280,148.660,145.130,150.980,144.800,145.020,145.130,9383895,1387297521.000,1000,145.020,700,145.010,900,145.000,300,144.970,500,144.960,5400,145.130,100,145.150,200,145.200,1900,145.250,300,145.270,2021-03-02,11:04:59,00,";
var hq_str_sh603259="药明康德,150.280,148.660,145.040,150.980,144.800,145.030,145.040,9446705,1396406743.000,1800,145.030,1200,145.020,2300,145.010,2100,145.000,1300,144.990,2000,145.040,200,145.060,900,145.080,300,145.100,100,145.130,2021-03-02,11:06:00,00,";
var hq_str_sh603259="药明康德,150.280,148.660,144.990,150.980,144.800,144.980,144.990,9491605,1402917063.000,2500,144.980,6290,144.970,1300,144.960,800,144.950,600,144.920,1700,144.990,3000,145.000,5400,145.030,800,145.040,900,145.080,2021-03-02,11:07:00,00,";
var hq_str_sh603259="药明康德,150.280,148.660,144.930,150.980,144.800,144.930,144.940,9533895,1409047213.000,400,144.930,1300,144.920,1400,144.910,6600,144.900,10600,144.880,1300,144.940,810,144.970,600,144.980,600,144.990,21000,145.000,2021-03-02,11:07:59,00,";
var hq_str_sh603259="药明康德,150.280,148.660,144.920,150.980,144.800,144.910,144.920,9592095,1417481968.000,500,144.910,1500,144.900,1800,144.890,4600,144.880,1500,144.870,2500,144.920,100,144.990,9710,145.000,5400,145.030,400,145.040,2021-03-02,11:08:59,00,";
var hq_str_sh603259="药明康德,150.280,148.660,144.910,150.980,144.800,144.900,144.910,9668995,1428626905.000,3100,144.900,800,144.880,1800,144.870,100,144.850,300,144.840,1600,144.910,700,144.930,800,144.950,900,144.960,1900,144.970,2021-03-02,11:10:00,00,";
var hq_str_sh603259="药明康德,150.280,148.660,144.760,150.980,144.760,144.760,144.770,9720395,1436071526.000,200,144.760,400,144.750,400,144.740,100,144.730,400,144.710,100,144.770,300,144.790,12800,144.800,600,144.810,800,144.820,2021-03-02,11:10:59,00,";
var hq_str_sh603259="药明康德,150.280,148.660,145.000,150.980,144.750,145.000,145.010,9820905,1450636023.000,1190,145.000,100,144.970,100,144.960,500,144.950,400,144.940,700,145.010,200,145.080,300,145.090,3600,145.100,100,145.150,2021-03-02,11:12:00,00,";
var hq_str_sh603259="药明康德,150.280,148.660,145.050,150.980,144.750,145.050,145.060,9872205,1458077614.000,1400,145.050,1200,145.030,1900,145.020,900,145.010,900,145.000,100,145.060,100,145.070,2300,145.200,2100,145.240,700,145.250,2021-03-02,11:12:57,00,";
var hq_str_sh603259="药明康德,150.280,148.660,145.040,150.980,144.750,145.040,145.150,9917306,1464618998.000,1299,145.040,1300,145.010,100,145.000,600,144.980,200,144.970,300,145.150,700,145.170,600,145.190,2300,145.200,2100,145.240,2021-03-02,11:14:00,00,";
var hq_str_sh603259="药明康德,150.280,148.660,144.850,150.980,144.750,144.840,144.850,9975805,1473097930.000,300,144.840,400,144.830,200,144.810,2600,144.800,600,144.790,400,144.850,400,144.860,900,144.870,1200,144.880,100,144.890,2021-03-02,11:15:00,00,";
var hq_str_sh603259="药明康德,150.280,148.660,144.360,150.980,144.190,144.190,144.380,10113605,1493016928.000,20400,144.190,1400,144.180,200,144.160,400,144.150,400,144.140,100,144.380,1500,144.390,2900,144.400,5500,144.440,300,144.450,2021-03-02,11:15:59,00,";
var hq_str_sh603259="药明康德,150.280,148.660,144.400,150.980,144.190,144.500,144.510,10213105,1507373420.000,400,144.500,1700,144.380,700,144.340,600,144.300,100,144.250,400,144.510,200,144.520,200,144.530,200,144.540,600,144.560,2021-03-02,11:17:00,00,";
var hq_str_sh603259="药明康德,150.280,148.660,144.070,150.980,144.050,144.060,144.070,10278005,1516733146.000,9100,144.060,3400,144.050,500,144.030,6200,144.020,28100,144.010,900,144.070,1300,144.080,200,144.130,100,144.180,6300,144.190,2021-03-02,11:17:57,00,";
var hq_str_sh603259="药明康德,150.280,148.660,144.020,150.980,144.020,144.020,144.030,10380405,1531484711.000,8100,144.020,29100,144.010,37800,144.000,1000,143.990,200,143.980,400,144.030,1300,144.050,1800,144.100,2700,144.180,4100,144.190,2021-03-02,11:19:00,00,";
var hq_str_sh603259="药明康德,150.280,148.660,143.950,150.980,143.880,143.900,143.950,10558505,1557133938.000,300,143.900,1500,143.890,600,143.880,600,143.870,500,143.860,200,143.950,300,143.970,800,143.980,200,143.990,1000,144.000,2021-03-02,11:19:57,00,";
var hq_str_sh603259="药明康德,150.280,148.660,144.960,150.980,143.840,144.200,144.960,10639705,1568830423.000,500,144.200,200,144.190,100,144.180,200,144.010,2400,144.000,4800,144.960,2600,144.970,800,144.980,2000,145.000,1800,145.180,2021-03-02,11:20:59,00,";
var hq_str_sh603259="药明康德,150.280,148.660,144.000,150.980,143.840,144.000,144.010,10727351,1581468369.000,900,144.000,100,143.990,454,143.970,300,143.910,2200,143.900,7700,144.010,400,144.030,1500,144.050,28700,144.100,100,144.150,2021-03-02,11:22:00,00,";
var hq_str_sh603259="药明康德,150.280,148.660,143.800,150.980,143.690,143.790,143.800,10881605,1603657608.000,500,143.790,1500,143.780,300,143.760,1400,143.750,200,143.740,15700,143.800,1000,144.000,300,144.010,900,144.080,19400,144.100,2021-03-02,11:22:57,00,";
var hq_str_sh603259="药明康德,150.280,148.660,143.900,150.980,143.690,143.890,143.900,10991905,1619531424.000,1700,143.890,700,143.880,100,143.840,100,143.830,2600,143.810,900,143.900,300,143.910,1200,143.940,200,144.000,1400,144.020,2021-03-02,11:24:00,00,";
var hq_str_sh603259="药明康德,150.280,148.660,143.590,150.980,143.580,143.590,143.630,11084005,1632765942.000,7400,143.590,3400,143.580,400,143.570,3000,143.560,2500,143.550,1100,143.630,1000,143.660,100,143.670,600,143.680,100,143.770,2021-03-02,11:25:00,00,";
var hq_str_sh603259="药明康德,150.280,148.660,143.460,150.980,143.460,143.450,143.460,11214805,1651544045.000,100,143.450,900,143.430,100,143.420,1100,143.400,700,143.390,100,143.460,100,143.490,20500,143.500,900,143.510,100,143.520,2021-03-02,11:26:00,00,";
var hq_str_sh603259="药明康德,150.280,148.660,143.720,150.980,143.400,143.630,143.730,11358505,1672166982.000,800,143.630,200,143.620,200,143.580,7200,143.550,100,143.540,3000,143.730,600,143.800,200,143.870,700,143.910,200,143.940,2021-03-02,11:26:58,00,";
var hq_str_sh603259="药明康德,150.280,148.660,143.670,150.980,143.400,143.670,143.800,11429405,1682358081.000,1000,143.670,1200,143.660,400,143.650,200,143.640,2000,143.630,900,143.800,3300,143.810,1800,144.000,100,144.010,200,144.050,2021-03-02,11:28:00,00,";
var hq_str_sh603259="药明康德,150.280,148.660,143.860,150.980,143.400,143.860,144.000,11475505,1688988920.000,100,143.860,100,143.850,100,143.840,1400,143.810,1600,143.800,3100,144.000,100,144.040,200,144.050,200,144.070,100,144.090,2021-03-02,11:28:57,00,";
var hq_str_sh603259="药明康德,150.280,148.660,143.680,150.980,143.400,143.660,143.680,11511505,1694164954.000,20700,143.660,600,143.650,500,143.640,700,143.620,100,143.610,1400,143.680,2800,143.690,7515,143.700,800,143.710,200,143.720,2021-03-02,11:29:59,00,";
var hq_str_sh603259="药明康德,150.280,148.660,143.680,150.980,143.400,143.670,143.690,11569905,1702552086.000,1700,143.670,1100,143.650,100,143.580,100,143.550,32300,143.500,2500,143.690,5815,143.700,500,143.710,200,143.720,200,143.740,2021-03-02,13:00:01,00,";
var hq_str_sh603259="药明康德,150.280,148.660,143.110,150.980,143.110,143.110,143.120,11902210,1750269280.000,500,143.110,400,143.100,100,143.090,500,143.080,500,143.070,800,143.120,700,143.150,6900,143.170,600,143.180,300,143.190,2021-03-02,13:00:58,00,";
var hq_str_sh603259="药明康德,150.280,148.660,142.680,150.980,142.680,142.680,142.700,12262110,1801733261.000,100,142.680,100,142.670,200,142.660,6600,142.610,600,142.600,700,142.700,5100,142.750,300,142.790,14100,142.800,11100,142.810,2021-03-02,13:01:58,00,";
var hq_str_sh603259="药明康德,150.280,148.660,142.250,150.980,142.180,142.250,142.300,12417810,1823899601.000,16700,142.250,3400,142.240,600,142.230,300,142.210,300,142.190,4500,142.300,14100,142.310,11700,142.320,400,142.360,200,142.380,2021-03-02,13:02:58,00,";
var hq_str_sh603259="药明康德,150.280,148.660,142.390,150.980,142.180,142.400,142.420,12609710,1851234248.000,1300,142.400,600,142.380,500,142.350,1200,142.340,3400,142.330,4600,142.420,42,142.430,1500,142.440,200,142.450,1500,142.460,2021-03-02,13:03:58,00,";
var hq_str_sh603259="药明康德,150.280,148.660,142.590,150.980,142.180,142.590,142.600,12793456,1877403334.000,3000,142.590,500,142.580,600,142.540,1600,142.470,300,142.460,200,142.600,1200,142.610,5000,142.620,200,142.640,2200,142.680,2021-03-02,13:04:58,00,";
var hq_str_sh603259="药明康德,150.280,148.660,142.250,150.980,142.180,142.250,142.260,12893406,1891638659.000,8600,142.250,200,142.240,900,142.230,100,142.220,800,142.210,200,142.260,800,142.280,300,142.290,500,142.300,1600,142.340,2021-03-02,13:05:58,00,";
var hq_str_sh603259="药明康德,150.280,148.660,142.100,150.980,142.080,142.080,142.100,13015806,1909047698.000,100,142.080,100,142.070,100,142.060,400,142.050,300,142.030,1800,142.100,1100,142.110,300,142.120,1300,142.130,100,142.140,2021-03-02,13:06:58,00,";
var hq_str_sh603259="药明康德,150.280,148.660,142.330,150.980,142.010,142.320,142.330,13302511,1949827723.000,1695,142.320,300,142.310,400,142.300,5600,142.280,100,142.230,700,142.330,1300,142.350,100,142.370,500,142.420,100,142.490,2021-03-02,13:07:58,00,";
var hq_str_sh603259="药明康德,150.280,148.660,142.400,150.980,142.010,142.380,142.400,13412211,1965447576.000,1200,142.380,2300,142.370,700,142.360,1600,142.350,5400,142.340,3600,142.400,200,142.420,400,142.430,100,142.440,100,142.450,2021-03-02,13:08:58,00,";
var hq_str_sh603259="药明康德,150.280,148.660,142.180,150.980,142.010,142.040,142.140,13522611,1981151708.000,1000,142.040,3200,142.020,2100,142.010,37600,142.000,700,141.990,900,142.140,1800,142.180,13600,142.200,300,142.220,100,142.230,2021-03-02,13:09:58,00,";
var hq_str_sh603259="药明康德,150.280,148.660,142.220,150.980,142.010,142.220,142.230,13655311,2000023131.000,100,142.220,2600,142.210,500,142.200,200,142.190,1400,142.180,200,142.230,9500,142.290,1900,142.400,400,142.430,400,142.480,2021-03-02,13:10:58,00,";
var hq_str_sh603259="药明康德,150.280,148.660,141.750,150.980,141.720,141.750,141.770,13777711,2017399859.000,1100,141.750,400,141.730,100,141.710,400,141.690,400,141.680,3900,141.770,1700,141.790,15200,141.800,800,141.810,3200,141.830,2021-03-02,13:11:58,00,";
var hq_str_sh603259="药明康德,150.280,148.660,142.410,150.980,141.720,142.410,142.500,13985031,2046852044.000,400,142.410,300,142.360,4100,142.350,6000,142.340,100,142.300,2200,142.500,200,142.540,200,142.550,1900,142.600,5600,142.650,2021-03-02,13:12:58,00,";
var hq_str_sh603259="药明康德,150.280,148.660,141.900,150.980,141.720,141.890,141.900,14081431,2060554197.000,3500,141.890,1500,141.880,200,141.870,200,141.860,700,141.850,3200,141.900,100,141.960,600,141.980,400,141.990,26700,142.000,2021-03-02,13:13:58,00,";
var hq_str_sh603259="药明康德,150.280,148.660,141.830,150.980,141.720,141.830,141.840,14169931,2073111130.000,2400,141.830,400,141.820,1800,141.810,4100,141.800,100,141.790,1200,141.840,9200,141.850,200,141.870,4000,141.880,1500,141.890,2021-03-02,13:14:58,00,";
var hq_str_sh603259="药明康德,150.280,148.660,141.460,150.980,141.420,141.460,141.490,14258231,2085614173.000,500,141.460,400,141.450,500,141.420,600,141.410,1000,141.400,1600,141.490,12500,141.500,4300,141.510,2700,141.520,2400,141.530,2021-03-02,13:15:58,00,";
var hq_str_sh603259="药明康德,150.280,148.660,141.800,150.980,141.340,141.800,141.820,14435831,2110747255.000,100,141.800,800,141.790,100,141.730,100,141.670,600,141.610,1000,141.820,500,141.830,900,141.840,800,141.890,500,141.900,2021-03-02,13:16:58,00,";
var hq_str_sh603259="药明康德,150.280,148.660,141.550,150.980,141.340,141.500,141.550,14588131,2132339921.000,17700,141.500,100,141.470,200,141.460,300,141.450,300,141.440,100,141.550,2700,141.560,300,141.570,900,141.580,4800,141.600,2021-03-02,13:17:58,00,";
var hq_str_sh603259="药明康德,150.280,148.660,141.350,150.980,141.340,141.340,141.350,14723331,2151466844.000,300,141.340,800,141.330,100,141.320,7400,141.310,10700,141.300,200,141.350,5200,141.400,500,141.410,2000,141.420,4600,141.430,2021-03-02,13:18:58,00,";
var hq_str_sh603259="药明康德,150.280,148.660,141.150,150.980,141.150,141.140,141.150,14857331,2170398110.000,100,141.140,600,141.120,1500,141.110,800,141.100,100,141.090,200,141.150,5600,141.180,800,141.190,11300,141.200,3800,141.210,2021-03-02,13:20:01,00,";
var hq_str_sh603259="药明康德,150.280,148.660,141.110,150.980,141.010,141.110,141.120,15029551,2194695285.000,1180,141.110,7200,141.090,1600,141.080,3400,141.070,600,141.060,800,141.120,800,141.140,200,141.170,1400,141.180,300,141.190,2021-03-02,13:20:58,00,";
var hq_str_sh603259="药明康德,150.280,148.660,141.000,150.980,140.990,140.990,141.000,15270951,2228746235.000,580,140.990,1000,140.980,100,140.970,100,140.950,100,140.940,4700,141.000,100,141.040,900,141.050,400,141.070,100,141.090,2021-03-02,13:22:01,00,";
var hq_str_sh603259="药明康德,150.280,148.660,141.040,150.980,140.500,141.040,141.100,15362231,2241608160.000,100,141.040,500,141.000,300,140.990,1700,140.980,300,140.960,100,141.100,800,141.150,4020,141.180,1700,141.200,14600,141.230,2021-03-02,13:22:58,00,";
var hq_str_sh603259="药明康德,150.280,148.660,140.940,150.980,140.500,140.930,140.940,15488931,2259479568.000,100,140.930,300,140.920,100,140.910,100,140.900,100,140.890,600,140.940,5400,140.950,600,140.960,1100,140.970,258,140.980,2021-03-02,13:24:01,00,";
var hq_str_sh603259="药明康德,150.280,148.660,140.880,150.980,140.500,140.880,140.890,15575331,2271651103.000,6600,140.880,100,140.810,10000,140.750,100,140.730,3700,140.720,100,140.890,200,140.930,100,140.990,19700,141.000,100,141.030,2021-03-02,13:24:58,00,";
var hq_str_sh603259="药明康德,150.280,148.660,140.420,150.980,140.410,140.420,140.430,15687051,2287357744.000,500,140.420,100,140.410,900,140.400,200,140.380,8400,140.360,200,140.430,100,140.450,9700,140.460,100,140.490,300,140.500,2021-03-02,13:25:58,00,";
var hq_str_sh603259="药明康德,150.280,148.660,140.600,150.980,140.300,140.600,140.990,15855719,2311044022.000,2100,140.600,700,140.570,9680,140.510,100,140.390,100,140.370,700,140.990,100,141.000,100,141.100,2320,141.180,4800,141.250,2021-03-02,13:27:01,00,";
var hq_str_sh603259="药明康德,150.280,148.660,140.300,150.980,140.280,140.290,140.300,15969419,2327014837.000,2300,140.290,200,140.280,100,140.270,100,140.260,500,140.250,280,140.300,100,140.320,1200,140.350,9000,140.360,700,140.380,2021-03-02,13:27:58,00,";
var hq_str_sh603259="药明康德,150.280,148.660,139.800,150.980,139.780,139.770,139.800,16257419,2367337901.000,600,139.770,400,139.760,100,139.740,400,139.730,300,139.700,2300,139.800,100,139.810,100,139.850,300,139.860,600,139.870,2021-03-02,13:28:58,00,";
var hq_str_sh603259="药明康德,150.280,148.660,140.520,150.980,139.780,140.520,140.660,16505419,2402117012.000,200,140.520,1300,140.460,400,140.410,300,140.390,200,140.360,100,140.660,15100,140.800,900,140.900,14000,141.000,100,141.100,2021-03-02,13:29:58,00,";
var hq_str_sh603259="药明康德,150.280,148.660,141.000,150.980,139.780,140.970,141.000,16717881,2432063196.000,100,140.970,300,140.960,80,140.940,200,140.930,3400,140.920,4701,141.000,1200,141.100,100,141.180,100,141.200,600,141.260,2021-03-02,13:30:58,00,";
var hq_str_sh603259="药明康德,150.280,148.660,140.950,150.980,139.780,140.940,140.950,16861081,2452255180.000,180,140.940,1400,140.930,3400,140.920,300,140.910,2200,140.900,1500,140.950,300,140.980,7900,141.000,2300,141.010,1300,141.090,2021-03-02,13:31:58,00,";
var hq_str_sh603259="药明康德,150.280,148.660,140.550,150.980,139.780,140.550,140.580,16950519,2464830919.000,900,140.550,300,140.500,200,140.460,800,140.400,900,140.390,3300,140.580,1300,140.780,1000,140.790,11100,140.800,4000,140.900,2021-03-02,13:32:58,00,";
var hq_str_sh603259="药明康德,150.280,148.660,140.280,150.980,139.780,140.220,140.280,16989919,2470359999.000,300,140.220,400,140.210,400,140.200,600,140.180,600,140.170,6000,140.280,7000,140.300,400,140.310,1300,140.320,300,140.330,2021-03-02,13:33:58,00,";
var hq_str_sh603259="药明康德,150.280,148.660,141.000,150.980,139.780,140.990,141.000,17114299,2487846108.000,3600,140.990,700,140.980,600,140.910,2700,140.900,1100,140.880,15400,141.000,300,141.100,500,141.130,100,141.160,7000,141.200,2021-03-02,13:34:58,00,";
var hq_str_sh603259="药明康德,150.280,148.660,140.390,150.980,139.780,140.390,140.400,17459699,2536397468.000,1100,140.390,400,140.380,3300,140.340,8000,140.330,5120,140.320,13800,140.400,100,140.660,600,140.670,800,140.690,100,140.700,2021-03-02,13:36:01,00,";
var hq_str_sh603259="药明康德,150.280,148.660,140.860,150.980,139.780,140.860,140.900,17544299,2548299106.000,300,140.860,200,140.840,2200,140.810,2400,140.800,1700,140.790,1900,140.900,500,140.980,900,140.990,14100,141.000,300,141.100,2021-03-02,13:36:58,00,";
var hq_str_sh603259="药明康德,150.280,148.660,141.040,150.980,139.780,141.050,141.100,17630299,2560423789.000,100,141.050,100,141.030,100,141.010,3300,141.000,1900,140.990,600,141.100,600,141.180,17300,141.200,400,141.260,200,141.290,2021-03-02,13:37:58,00,";
var hq_str_sh603259="药明康德,150.280,148.660,140.930,150.980,139.780,140.920,140.930,17699199,2570135244.000,2400,140.920,200,140.910,900,140.900,1900,140.840,400,140.820,6300,140.930,100,140.940,6000,140.950,200,140.990,16800,141.000,2021-03-02,13:38:58,00,";
var hq_str_sh603259="药明康德,150.280,148.660,141.000,150.980,139.780,140.990,141.000,17783599,2582026866.000,1600,140.990,4200,140.960,2100,140.950,400,140.930,2400,140.920,2400,141.000,800,141.020,1000,141.100,100,141.150,600,141.180,2021-03-02,13:39:58,00,";
var hq_str_sh603259="药明康德,150.280,148.660,140.960,150.980,139.780,140.870,140.960,17874099,2594781504.000,4100,140.870,2800,140.860,33800,140.850,600,140.830,300,140.820,1000,140.960,500,140.990,6600,141.000,100,141.030,200,141.130,2021-03-02,13:40:58,00,";
var hq_str_sh603259="药明康德,150.280,148.660,140.980,150.980,139.780,140.960,140.980,17967799,2607991498.000,300,140.960,200,140.940,3100,140.930,100,140.910,3900,140.900,800,140.980,22200,141.000,200,141.030,100,141.080,200,141.130,2021-03-02,13:41:58,00,";
var hq_str_sh603259="药明康德,150.280,148.660,141.160,150.980,139.780,141.150,141.170,18120599,2629545372.000,100,141.150,500,141.120,100,141.110,100,141.070,200,141.060,600,141.170,8200,141.180,1500,141.200,400,141.260,100,141.280,2021-03-02,13:42:58,00,";
var hq_str_sh603259="药明康德,150.280,148.660,140.920,150.980,139.780,140.920,140.940,18222999,2643988967.000,500,140.920,4000,140.900,900,140.890,1200,140.880,4400,140.860,1500,140.940,100,140.970,500,140.980,700,140.990,6100,141.000,2021-03-02,13:43:58,00,";
var hq_str_sh603259="药明康德,150.280,148.660,140.970,150.980,139.780,140.970,141.100,18329399,2658989220.000,300,140.970,1500,140.960,200,140.950,9200,140.940,400,140.920,300,141.100,100,141.160,700,141.170,200,141.180,1200,141.200,2021-03-02,13:44:58,00,";
var hq_str_sh603259="药明康德,150.280,148.660,140.800,150.980,139.780,140.790,140.800,18426099,2672615304.000,200,140.790,800,140.780,1600,140.770,100,140.750,300,140.700,3000,140.800,1000,140.820,1300,140.840,1500,140.850,100,140.860,2021-03-02,13:45:58,00,";
var hq_str_sh603259="药明康德,150.280,148.660,140.500,150.980,139.780,140.490,140.500,18513299,2684887155.000,100,140.490,600,140.480,3300,140.440,100,140.410,2300,140.400,3500,140.500,2600,140.600,100,140.640,300,140.650,800,140.660,2021-03-02,13:46:58,00,";
var hq_str_sh603259="药明康德,150.280,148.660,140.540,150.980,139.780,140.540,140.550,18579499,2694186902.000,200,140.540,400,140.530,6000,140.520,200,140.510,3500,140.500,6200,140.550,100,140.560,13200,140.580,900,140.600,1900,140.660,2021-03-02,13:47:58,00,";
var hq_str_sh603259="药明康德,150.280,148.660,140.680,150.980,139.780,140.680,140.700,18678899,2708167654.000,1000,140.680,1400,140.650,300,140.600,700,140.590,800,140.580,2300,140.700,100,141.010,200,141.100,200,141.180,11300,141.200,2021-03-02,13:48:58,00,";
var hq_str_sh603259="药明康德,150.280,148.660,140.640,150.980,139.780,140.630,140.640,18751399,2718374615.000,400,140.630,400,140.620,1000,140.600,700,140.590,400,140.580,2200,140.640,11900,140.700,100,140.750,800,140.760,500,140.970,2021-03-02,13:49:58,00,";
var hq_str_sh603259="药明康德,150.280,148.660,140.550,150.980,139.780,140.540,140.550,18830599,2729507952.000,6700,140.540,100,140.520,300,140.510,300,140.500,100,140.460,1600,140.550,5300,140.560,100,140.590,2900,140.600,100,140.620,2021-03-02,13:50:58,00,";
var hq_str_sh603259="药明康德,150.280,148.660,140.450,150.980,139.780,140.540,140.550,18902499,2739610823.000,500,140.540,400,140.510,200,140.450,1300,140.400,100,140.390,5000,140.550,9300,140.570,900,140.580,600,140.600,100,140.640,2021-03-02,13:51:58,00,";
var hq_str_sh603259="药明康德,150.280,148.660,140.960,150.980,139.780,140.870,140.940,19013899,2755309168.000,100,140.870,1900,140.850,500,140.800,4700,140.750,900,140.740,500,140.940,100,140.950,400,140.960,20300,141.000,100,141.020,2021-03-02,13:52:58,00,";
var hq_str_sh603259="药明康德,150.280,148.660,141.000,150.980,139.780,140.990,141.000,19122299,2770593110.000,100,140.990,300,140.970,100,140.960,900,140.940,2300,140.920,2000,141.000,200,141.030,400,141.110,200,141.170,1000,141.180,2021-03-02,13:54:01,00,";
var hq_str_sh603259="药明康德,150.280,148.660,141.080,150.980,139.780,141.030,141.060,19168899,2777167089.000,200,141.030,1500,141.020,1400,141.010,20600,141.000,100,140.980,200,141.060,200,141.080,7800,141.100,800,141.110,100,141.160,2021-03-02,13:55:01,00,";
var hq_str_sh603259="药明康德,150.280,148.660,140.420,150.980,139.780,140.400,140.410,19249999,2788584835.000,100,140.400,200,140.390,400,140.380,1300,140.360,800,140.350,800,140.410,200,140.430,1000,140.450,19200,140.460,300,140.490,2021-03-02,13:55:58,00,";
var hq_str_sh603259="药明康德,150.280,148.660,140.650,150.980,139.780,140.600,140.650,19378515,2806632809.000,400,140.600,100,140.540,100,140.500,200,140.480,1700,140.470,100,140.650,300,140.670,700,140.690,8600,140.700,11200,140.800,2021-03-02,13:56:58,00,";
var hq_str_sh603259="药明康德,150.280,148.660,140.400,150.980,139.780,140.400,140.500,19439915,2815259777.000,9400,140.400,100,140.390,400,140.380,100,140.350,100,140.330,200,140.500,5800,140.540,200,140.550,100,140.560,100,140.570,2021-03-02,13:57:58,00,";
var hq_str_sh603259="药明康德,150.280,148.660,140.320,150.980,139.780,140.290,140.320,19500215,2823720776.000,200,140.290,200,140.280,400,140.250,300,140.240,200,140.220,7300,140.320,5000,140.330,3100,140.350,200,140.360,100,140.370,2021-03-02,13:58:58,00,";
var hq_str_sh603259="药明康德,150.280,148.660,140.100,150.980,139.780,140.100,140.170,19577715,2834589291.000,2400,140.100,300,140.090,800,140.080,300,140.070,600,140.050,200,140.170,1400,140.180,4100,140.190,2898,140.200,200,140.210,2021-03-02,13:59:58,00,";
var hq_str_sh603259="药明康德,150.280,148.660,140.030,150.980,139.780,140.060,140.110,19773549,2862010489.000,400,140.060,500,140.030,800,140.020,1600,140.010,5466,140.000,4000,140.110,200,140.120,100,140.130,500,140.140,5000,140.150,2021-03-02,14:00:58,00,";
var hq_str_sh603259="药明康德,150.280,148.660,140.850,150.980,139.780,140.840,140.850,19919547,2882496133.000,300,140.840,200,140.810,2200,140.800,200,140.780,400,140.770,700,140.850,300,140.960,100,140.980,900,140.990,39288,141.000,2021-03-02,14:01:58,00,";
var hq_str_sh603259="药明康德,150.280,148.660,140.370,150.980,139.780,140.150,140.370,19961847,2888441761.000,300,140.150,1100,140.140,1500,140.040,1100,140.030,1000,140.020,400,140.370,19900,140.480,5700,140.500,600,140.520,400,140.590,2021-03-02,14:02:58,00,";
var hq_str_sh603259="药明康德,150.280,148.660,139.900,150.980,139.780,139.890,139.900,20099047,2907657613.000,3100,139.890,2100,139.880,900,139.870,1000,139.860,2200,139.850,5100,139.900,15500,139.980,2000,139.990,21100,140.000,9800,140.010,2021-03-02,14:03:58,00,";
var hq_str_sh603259="药明康德,150.280,148.660,139.870,150.980,139.780,139.860,139.870,20246147,2928238791.000,500,139.860,300,139.850,800,139.840,800,139.830,1100,139.820,800,139.870,800,139.880,20000,139.900,900,139.910,700,139.920,2021-03-02,14:05:01,00,";
var hq_str_sh603259="药明康德,150.280,148.660,139.700,150.980,139.700,139.680,139.700,20339447,2941283823.000,600,139.680,500,139.670,900,139.660,600,139.650,200,139.640,13530,139.700,1900,139.760,100,139.770,264,139.780,1600,139.800,2021-03-02,14:05:58,00,";
var hq_str_sh603259="药明康德,150.280,148.660,139.390,150.980,139.310,139.300,139.390,20485947,2961727892.000,10800,139.300,100,139.280,300,139.250,100,139.230,100,139.210,100,139.390,14000,139.440,2300,139.450,10200,139.500,600,139.510,2021-03-02,14:06:58,00,";
var hq_str_sh603259="药明康德,150.280,148.660,139.530,150.980,139.200,139.510,139.530,20679845,2988751561.000,1200,139.510,100,139.480,100,139.390,700,139.350,200,139.340,300,139.530,200,139.540,5000,139.550,500,139.570,2200,139.590,2021-03-02,14:07:58,00,";
var hq_str_sh603259="药明康德,150.280,148.660,139.800,150.980,139.200,139.590,139.800,20900485,3019532557.000,500,139.590,300,139.580,100,139.570,700,139.560,3900,139.550,10200,139.800,2200,139.850,3900,139.880,19400,139.900,400,139.920,2021-03-02,14:08:58,00,";
var hq_str_sh603259="药明康德,150.280,148.660,140.020,150.980,139.200,140.020,140.150,21025685,3037049230.000,300,140.020,3100,140.010,2600,140.000,300,139.990,100,139.980,200,140.150,1400,140.170,200,140.400,5300,140.450,5800,140.500,2021-03-02,14:09:58,00,";
var hq_str_sh603259="药明康德,150.280,148.660,140.490,150.980,139.200,140.460,140.490,21158581,3055719616.000,3900,140.460,600,140.450,1000,140.440,400,140.420,3100,140.410,73100,140.490,10600,140.700,1200,140.710,3000,140.770,300,140.800,2021-03-02,14:10:58,00,";
var hq_str_sh603259="药明康德,150.280,148.660,140.760,150.980,139.200,140.720,140.760,21287481,3073837963.000,100,140.720,1600,140.710,1700,140.700,100,140.680,1100,140.520,600,140.760,300,140.790,4200,140.800,100,140.820,2100,140.840,2021-03-02,14:11:58,00,";
var hq_str_sh603259="药明康德,150.280,148.660,140.180,150.980,139.200,140.170,140.180,21331681,3080050710.000,1200,140.170,2800,140.120,100,140.080,200,140.050,200,140.040,200,140.180,22300,140.290,1700,140.300,1400,140.420,300,140.450,2021-03-02,14:12:58,00,";
var hq_str_sh603259="药明康德,150.280,148.660,139.990,150.980,139.200,139.990,140.000,21386281,3087698658.000,2500,139.990,300,139.980,900,139.950,100,139.930,600,139.920,2400,140.000,13000,140.010,200,140.020,300,140.040,21900,140.050,2021-03-02,14:13:58,00,";
var hq_str_sh603259="药明康德,150.280,148.660,139.950,150.980,139.200,139.900,139.950,21468281,3099176528.000,400,139.900,3300,139.890,1200,139.880,200,139.870,200,139.850,100,139.950,100,139.970,11200,140.000,9200,140.010,600,140.030,2021-03-02,14:14:58,00,";
var hq_str_sh603259="药明康德,150.280,148.660,139.890,150.980,139.200,139.880,139.890,21594181,3116794351.000,1900,139.880,200,139.870,200,139.860,200,139.850,100,139.830,2700,139.890,200,139.900,400,139.920,36900,139.930,200,139.950,2021-03-02,14:15:58,00,";
var hq_str_sh603259="药明康德,150.280,148.660,139.900,150.980,139.200,139.890,139.900,21703381,3132075111.000,1200,139.890,2200,139.880,300,139.870,200,139.860,300,139.850,500,139.900,11100,139.910,500,139.980,15100,140.000,3000,140.010,2021-03-02,14:16:58,00,";
var hq_str_sh603259="药明康德,150.280,148.660,139.820,150.980,139.200,139.800,139.820,21809981,3146985250.000,3700,139.800,300,139.790,400,139.780,700,139.750,600,139.740,600,139.820,69300,139.860,1700,139.880,400,139.890,3144,139.900,2021-03-02,14:17:58,00,";
var hq_str_sh603259="药明康德,150.280,148.660,139.790,150.980,139.200,139.790,139.860,21887781,3157862209.000,2000,139.790,500,139.780,600,139.770,1400,139.760,800,139.750,200,139.860,200,139.880,2000,139.900,7500,139.910,100,139.990,2021-03-02,14:18:58,00,";
var hq_str_sh603259="药明康德,150.280,148.660,139.730,150.980,139.200,139.710,139.730,22011681,3175178319.000,100,139.710,200,139.700,400,139.680,1600,139.670,2600,139.660,5100,139.730,1200,139.750,400,139.780,2700,139.790,1000,139.800,2021-03-02,14:20:01,00,";
var hq_str_sh603259="药明康德,150.280,148.660,140.470,150.980,139.200,140.350,140.650,22225061,3205062514.000,1800,140.350,100,140.280,1600,140.260,3600,140.250,1000,140.240,400,140.650,6900,140.680,600,140.690,14300,140.700,300,140.750,2021-03-02,14:20:58,00,";
var hq_str_sh603259="药明康德,150.280,148.660,140.940,150.980,139.200,140.910,140.950,22319961,3218416658.000,200,140.910,3000,140.880,2000,140.800,300,140.780,200,140.770,5100,140.950,700,140.970,100,140.980,1800,140.990,45600,141.000,2021-03-02,14:21:58,00,";
var hq_str_sh603259="药明康德,150.280,148.660,141.080,150.980,139.200,141.080,141.110,22485361,3241750701.000,2900,141.080,100,141.070,1200,141.060,100,141.040,5500,141.020,2100,141.110,100,141.180,200,141.190,1500,141.200,800,141.220,2021-03-02,14:22:58,00,";
var hq_str_sh603259="药明康德,150.280,148.660,140.910,150.980,139.200,140.910,140.940,22592161,3256808755.000,300,140.910,900,140.890,1500,140.880,1200,140.870,500,140.800,200,140.940,300,140.950,200,140.980,3500,140.990,8600,141.000,2021-03-02,14:23:58,00,";
var hq_str_sh603259="药明康德,150.280,148.660,141.130,150.980,139.200,141.110,141.130,22698181,3271767170.000,9200,141.110,300,141.070,1600,141.060,3900,141.050,100,141.040,4300,141.130,2800,141.190,200,141.200,700,141.250,6600,141.300,2021-03-02,14:24:58,00,";
var hq_str_sh603259="药明康德,150.280,148.660,141.200,150.980,139.200,141.210,141.250,22881481,3297623686.000,100,141.210,600,141.200,200,141.190,200,141.120,100,141.110,800,141.250,700,141.280,9400,141.300,200,141.310,100,141.330,2021-03-02,14:25:58,00,";
var hq_str_sh603259="药明康德,150.280,148.660,141.160,150.980,139.200,141.160,141.200,22960581,3308787625.000,1300,141.160,100,140.910,600,140.900,200,140.880,300,140.800,3300,141.200,8600,141.210,100,141.290,8200,141.300,1000,141.310,2021-03-02,14:26:58,00,";
var hq_str_sh603259="药明康德,150.280,148.660,140.990,150.980,139.200,140.990,141.000,23032381,3318911389.000,1100,140.990,200,140.980,300,140.970,100,140.950,100,140.920,100,141.000,2500,141.050,100,141.060,100,141.070,100,141.080,2021-03-02,14:27:58,00,";
var hq_str_sh603259="药明康德,150.280,148.660,141.210,150.980,139.200,141.240,141.260,23089081,3326913039.000,2200,141.240,500,141.220,1600,141.160,200,141.150,1100,141.120,100,141.260,100,141.280,8400,141.300,100,141.330,400,141.390,2021-03-02,14:28:58,00,";
var hq_str_sh603259="药明康德,150.280,148.660,141.910,150.980,139.200,141.900,141.970,23198781,3342429907.000,500,141.900,200,141.880,100,141.860,200,141.830,7300,141.800,1400,141.970,100,141.980,6800,141.990,6500,142.000,200,142.040,2021-03-02,14:30:01,00,";
var hq_str_sh603259="药明康德,150.280,148.660,141.000,150.980,139.200,141.000,141.070,23280581,3354004210.000,20800,141.000,2300,140.990,1000,140.950,200,140.920,2600,140.900,900,141.070,200,141.130,100,141.140,200,141.150,400,141.160,2021-03-02,14:30:58,00,";
var hq_str_sh603259="药明康德,150.280,148.660,141.460,150.980,139.200,141.480,141.490,23367481,3366278337.000,100,141.480,300,141.460,600,141.450,100,141.440,200,141.430,300,141.490,4600,141.500,1400,141.550,100,141.570,400,141.580,2021-03-02,14:31:58,00,";
var hq_str_sh603259="药明康德,150.280,148.660,141.200,150.980,139.200,141.200,141.370,23414381,3372907202.000,400,141.200,300,141.180,1800,141.170,100,141.160,500,141.140,400,141.370,7600,141.380,600,141.390,6000,141.400,500,141.430,2021-03-02,14:32:58,00,";
var hq_str_sh603259="药明康德,150.280,148.660,140.980,150.980,139.200,140.970,140.990,23458281,3379103931.000,900,140.970,100,140.960,1000,140.950,300,140.920,2700,140.900,300,140.990,5100,141.000,400,141.010,200,141.030,200,141.090,2021-03-02,14:33:58,00,";
var hq_str_sh603259="药明康德,150.280,148.660,140.880,150.980,139.200,140.880,141.200,23569901,3394828663.000,612,140.880,100,140.860,200,140.850,1568,140.830,400,140.820,13800,141.200,300,141.230,5600,141.250,300,141.290,200,141.320,2021-03-02,14:34:58,00,";
var hq_str_sh603259="药明康德,150.280,148.660,141.000,150.980,139.200,140.970,140.980,23605001,3399780629.000,100,140.970,300,140.960,1100,140.950,600,140.940,2200,140.930,100,140.980,400,140.990,2900,141.000,100,141.030,1100,141.180,2021-03-02,14:35:58,00,";
var hq_str_sh603259="药明康德,150.280,148.660,140.930,150.980,139.200,141.010,141.100,23680266,3410390936.000,500,141.010,3900,140.810,300,140.800,3635,140.790,400,140.780,900,141.100,1200,141.180,500,141.190,8400,141.200,300,141.230,2021-03-02,14:36:58,00,";
var hq_str_sh603259="药明康德,150.280,148.660,140.800,150.980,139.200,140.790,140.800,23713566,3415083575.000,3635,140.790,200,140.780,1000,140.700,200,140.680,100,140.670,1800,140.800,2100,140.810,2200,140.860,2000,140.880,500,140.910,2021-03-02,14:37:58,00,";
var hq_str_sh603259="药明康德,150.280,148.660,140.600,150.980,139.200,140.510,140.580,23798701,3427050517.000,1300,140.510,1100,140.500,100,140.350,1300,140.300,100,140.280,100,140.580,5300,140.600,100,140.640,7000,140.680,1000,140.690,2021-03-02,14:38:58,00,";
var hq_str_sh603259="药明康德,150.280,148.660,141.110,150.980,139.200,141.110,141.190,23858966,3435537708.000,4400,141.110,1900,141.000,100,140.910,2700,140.900,400,140.890,700,141.190,1000,141.200,100,141.230,200,141.250,700,141.290,2021-03-02,14:39:58,00,";
var hq_str_sh603259="药明康德,150.280,148.660,141.000,150.980,139.200,140.880,140.990,23898866,3441162876.000,3100,140.880,100,140.860,300,140.850,200,140.840,100,140.820,200,140.990,2940,141.000,300,141.020,1000,141.030,500,141.050,2021-03-02,14:40:58,00,";
var hq_str_sh603259="药明康德,150.280,148.660,141.400,150.980,139.200,141.330,141.400,23946906,3447943174.000,100,141.330,2000,141.320,100,141.240,9100,141.230,200,141.210,200,141.400,200,141.450,200,141.460,100,141.470,500,141.480,2021-03-02,14:41:58,00,";
var hq_str_sh603259="药明康德,150.280,148.660,141.230,150.980,139.200,141.250,141.270,23994854,3454716235.000,1200,141.250,2700,141.220,400,141.210,16152,141.000,100,140.990,500,141.270,900,141.280,100,141.290,3600,141.300,2000,141.320,2021-03-02,14:42:58,00,";
var hq_str_sh603259="药明康德,150.280,148.660,141.090,150.980,139.200,141.070,141.090,24019854,3458245872.000,100,141.070,1000,141.050,300,141.040,100,141.030,200,141.020,400,141.090,200,141.100,400,141.130,800,141.150,400,141.180,2021-03-02,14:43:58,00,";
var hq_str_sh603259="药明康德,150.280,148.660,141.010,150.980,139.200,141.010,141.100,24059856,3463889282.000,2800,141.010,7352,141.000,400,140.990,200,140.920,100,140.910,400,141.100,400,141.130,100,141.140,300,141.170,700,141.180,2021-03-02,14:44:58,00,";
var hq_str_sh603259="药明康德,150.280,148.660,141.030,150.980,139.200,141.010,141.030,24107994,3470677832.000,600,141.010,914,141.000,800,140.990,200,140.920,400,140.910,800,141.030,700,141.040,100,141.050,600,141.090,1296,141.100,2021-03-02,14:45:58,00,";
var hq_str_sh603259="药明康德,150.280,148.660,140.950,150.980,139.200,140.950,140.990,24158094,3477740786.000,2200,140.950,500,140.940,3900,140.920,400,140.910,1314,140.900,900,140.990,10100,141.000,3200,141.020,7200,141.030,100,141.050,2021-03-02,14:46:58,00,";
var hq_str_sh603259="药明康德,150.280,148.660,141.200,150.980,139.200,141.110,141.180,24220594,3486559357.000,1200,141.110,2300,141.100,600,141.080,1000,141.070,400,141.060,200,141.180,800,141.200,100,141.250,900,141.260,1800,141.290,2021-03-02,14:47:58,00,";
var hq_str_sh603259="药明康德,150.280,148.660,141.250,150.980,139.200,141.240,141.250,24291197,3496533755.000,200,141.240,200,141.220,1500,141.210,2797,141.200,800,141.190,3300,141.250,100,141.410,300,141.420,200,141.430,300,141.450,2021-03-02,14:48:58,00,";
var hq_str_sh603259="药明康德,150.280,148.660,141.640,150.980,139.200,141.640,141.680,24360157,3506282577.000,400,141.640,2200,141.610,1000,141.600,700,141.580,2300,141.560,300,141.680,500,141.700,200,141.730,2100,141.770,400,141.780,2021-03-02,14:49:58,00,";
var hq_str_sh603259="药明康德,150.280,148.660,141.410,150.980,139.200,141.280,141.400,24429705,3516123352.000,1300,141.280,200,141.240,1100,141.210,1900,141.200,600,141.190,100,141.400,1200,141.410,300,141.420,200,141.430,500,141.460,2021-03-02,14:50:58,00,";
var hq_str_sh603259="药明康德,150.280,148.660,141.200,150.980,139.200,141.200,141.330,24477105,3522819685.000,1900,141.200,600,141.190,300,141.160,100,141.140,300,141.130,3800,141.330,302,141.340,300,141.370,6000,141.380,100,141.390,2021-03-02,14:51:58,00,";
var hq_str_sh603259="药明康德,150.280,148.660,141.280,150.980,139.200,141.200,141.280,24526305,3529767914.000,200,141.200,600,141.170,900,141.160,900,141.140,300,141.130,200,141.280,5200,141.300,300,141.310,5900,141.330,100,141.350,2021-03-02,14:52:58,00,";
var hq_str_sh603259="药明康德,150.280,148.660,141.030,150.980,139.200,141.010,141.030,24620005,3542992769.000,100,141.010,7300,141.000,1100,140.980,300,140.950,500,140.940,3100,141.030,600,141.050,300,141.060,500,141.080,832,141.090,2021-03-02,14:53:58,00,";
var hq_str_sh603259="药明康德,150.280,148.660,141.380,150.980,139.200,141.330,141.380,24687131,3552468161.000,100,141.330,800,141.320,96981,141.310,200,141.300,800,141.210,5900,141.380,100,141.390,300,141.400,200,141.430,100,141.450,2021-03-02,14:54:58,00,";
var hq_str_sh603259="药明康德,150.280,148.660,141.610,150.980,139.200,141.580,141.600,24768930,3564042467.000,1600,141.580,900,141.570,300,141.520,1400,141.510,11400,141.500,200,141.600,2200,141.610,100,141.640,1100,141.680,800,141.690,2021-03-02,14:55:58,00,";
var hq_str_sh603259="药明康德,150.280,148.660,141.770,150.980,139.200,141.720,141.760,24829632,3572642102.000,500,141.720,100,141.710,1000,141.700,109798,141.600,400,141.590,300,141.760,100,141.800,200,141.880,200,141.890,1300,141.900,2021-03-02,14:56:58,00,";
var hq_str_sh603259="药明康德,150.280,148.660,141.720,150.980,139.200,143.890,143.890,24830032,3572698802.000,150500,143.890,0,0.000,0,0.000,0,0.000,0,0.000,150500,143.890,368,0.000,0,0.000,0,0.000,0,0.000,2021-03-02,14:57:58,00,";
var hq_str_sh603259="药明康德,150.280,148.660,141.720,150.980,139.200,142.350,142.350,24830032,3572698802.000,160500,142.350,0,0.000,0,0.000,0,0.000,0,0.000,160500,142.350,100,0.000,0,0.000,0,0.000,0,0.000,2021-03-02,14:59:01,00,";
