var hq_str_sh603259="药明康德,156.900,154.170,156.900,156.900,156.900,156.880,156.900,232300,36447870.000,300,156.880,100,156.870,3400,156.810,100,156.720,100,156.600,16510,156.900,100,156.940,200,156.950,100,156.980,800,156.990,2021-01-21,09:29:51,00,";
var hq_str_sh603259="药明康德,156.900,154.170,157.700,157.710,156.000,157.700,157.710,686811,107780947.000,700,157.700,2000,157.670,100,157.620,900,157.600,100,157.590,1600,157.710,400,157.770,100,157.790,23000,157.800,200,157.860,2021-01-21,09:30:58,00,";
var hq_str_sh603259="药明康德,156.900,154.170,157.310,157.800,156.000,157.300,157.310,968311,152056269.000,2500,157.300,8700,157.290,100,157.260,1000,157.240,2900,157.220,500,157.310,400,157.350,1400,157.370,100,157.400,4000,157.420,2021-01-21,09:31:58,00,";
var hq_str_sh603259="药明康德,156.900,154.170,158.000,158.000,156.000,157.980,158.000,1173347,184381525.000,1400,157.980,800,157.950,100,157.940,100,157.930,1700,157.920,7500,158.000,600,158.010,100,158.020,800,158.070,1200,158.100,2021-01-21,09:32:58,00,";
var hq_str_sh603259="药明康德,156.900,154.170,158.700,158.790,156.000,158.410,158.780,1559663,245469431.000,2600,158.410,700,158.380,800,158.360,5000,158.330,1700,158.310,100,158.780,1300,158.790,19942,158.800,100,158.850,200,158.870,2021-01-21,09:33:58,00,";
var hq_str_sh603259="药明康德,156.900,154.170,158.980,159.170,156.000,158.970,159.000,1868465,294510910.000,1400,158.970,2400,158.920,900,158.890,1900,158.850,4400,158.800,4552,159.000,600,159.050,100,159.070,2600,159.170,3600,159.180,2021-01-21,09:34:58,00,";
var hq_str_sh603259="药明康德,156.900,154.170,159.370,159.390,156.000,159.370,159.440,2238259,353307176.000,2500,159.370,15100,159.300,1100,159.290,500,159.280,300,159.270,3900,159.440,200,159.450,1800,159.480,900,159.500,200,159.560,2021-01-21,09:35:58,00,";
var hq_str_sh603259="药明康德,156.900,154.170,158.600,159.440,156.000,158.800,158.910,2429759,383762267.000,100,158.800,2500,158.600,1000,158.530,100,158.520,1800,158.490,400,158.910,5600,158.930,500,158.940,500,158.950,200,158.960,2021-01-21,09:36:58,00,";
var hq_str_sh603259="药明康德,156.900,154.170,159.040,159.440,156.000,159.040,159.060,2619959,414003416.000,6900,159.040,600,159.030,400,159.000,200,158.940,1200,158.910,900,159.060,800,159.070,200,159.080,100,159.090,1300,159.100,2021-01-21,09:37:58,00,";
var hq_str_sh603259="药明康德,156.900,154.170,159.000,159.440,156.000,158.990,159.010,2818459,445581641.000,1800,158.990,100,158.950,100,158.940,2700,158.930,400,158.910,400,159.010,100,159.020,100,159.030,100,159.040,100,159.050,2021-01-21,09:38:58,00,";
var hq_str_sh603259="药明康德,156.900,154.170,159.660,159.800,156.000,159.660,159.790,2937071,464481393.000,200,159.660,5000,159.650,400,159.640,1400,159.630,400,159.620,3800,159.790,6400,159.800,200,159.830,200,159.860,2900,159.880,2021-01-21,09:39:58,00,";
var hq_str_sh603259="药明康德,156.900,154.170,160.000,160.000,156.000,159.990,160.000,3132539,495741918.000,1132,159.990,200,159.980,1600,159.960,3800,159.950,1100,159.940,114820,160.000,100,160.010,100,160.050,100,160.070,3400,160.100,2021-01-21,09:40:58,00,";
var hq_str_sh603259="药明康德,156.900,154.170,159.150,160.000,156.000,159.130,159.150,3371071,533835622.000,800,159.130,100,159.050,600,159.030,1000,159.010,7200,159.000,100,159.150,100,159.250,100,159.380,100,159.390,900,159.400,2021-01-21,09:41:58,00,";
var hq_str_sh603259="药明康德,156.900,154.170,158.690,160.000,156.000,158.680,158.690,3489471,552662094.000,200,158.680,1100,158.610,5400,158.600,100,158.580,100,158.520,600,158.690,100,158.700,100,158.830,3400,158.840,1700,158.850,2021-01-21,09:42:58,00,";
var hq_str_sh603259="药明康德,156.900,154.170,159.590,160.000,156.000,159.500,159.590,3558171,563592651.000,1000,159.500,100,159.440,200,159.400,200,159.380,9100,159.280,2800,159.590,1300,159.600,6500,159.650,300,159.660,100,159.670,2021-01-21,09:43:58,00,";
var hq_str_sh603259="药明康德,156.900,154.170,159.600,160.000,156.000,159.230,159.560,3653271,578756396.000,200,159.230,1000,159.200,1200,159.110,100,159.100,100,159.090,400,159.560,100,159.600,4300,159.640,3705,159.650,300,159.660,2021-01-21,09:44:58,00,";
var hq_str_sh603259="药明康德,156.900,154.170,159.990,160.000,156.000,159.610,159.880,3729538,590928436.000,200,159.610,900,159.590,100,159.580,100,159.560,700,159.530,100,159.880,3348,159.990,114168,160.000,100,160.010,100,160.050,2021-01-21,09:45:58,00,";
var hq_str_sh603259="药明康德,156.900,154.170,159.900,160.300,156.000,159.880,159.900,4074754,646165050.000,3800,159.880,2900,159.860,200,159.600,500,159.590,100,159.560,1700,159.900,200,159.950,4500,159.980,200,159.990,1000,160.070,2021-01-21,09:46:58,00,";
var hq_str_sh603259="药明康德,156.900,154.170,159.860,160.300,156.000,159.800,159.860,4206254,667172340.000,6800,159.800,1900,159.790,600,159.780,200,159.660,500,159.630,1500,159.860,300,159.870,1300,159.890,2300,159.900,2900,159.920,2021-01-21,09:47:58,00,";
var hq_str_sh603259="药明康德,156.900,154.170,160.050,160.300,156.000,160.050,160.060,4327705,686591879.000,900,160.050,3400,160.000,1700,159.980,200,159.940,400,159.920,100,160.060,1200,160.070,300,160.080,100,160.090,2340,160.100,2021-01-21,09:48:58,00,";
var hq_str_sh603259="药明康德,156.900,154.170,159.800,160.300,156.000,159.780,159.890,4463905,708395482.000,4549,159.780,100,159.750,200,159.660,100,159.600,500,159.570,300,159.890,100,159.900,200,159.960,17100,160.000,2100,160.050,2021-01-21,09:49:58,00,";
var hq_str_sh603259="药明康德,156.900,154.170,160.200,160.800,156.000,160.060,160.200,4736556,752061480.000,200,160.060,100,160.050,200,160.030,500,160.020,300,160.010,100,160.200,1800,160.230,1000,160.280,300,160.330,400,160.450,2021-01-21,09:50:58,00,";
var hq_str_sh603259="药明康德,156.900,154.170,160.000,160.800,156.000,160.000,160.170,5006356,795317862.000,1700,160.000,6500,159.990,200,159.980,100,159.950,200,159.920,400,160.170,544,160.350,100,160.400,100,160.450,100,160.460,2021-01-21,09:51:58,00,";
var hq_str_sh603259="药明康德,156.900,154.170,160.660,160.800,156.000,160.660,160.700,5208347,827709873.000,23760,160.660,200,160.600,1000,160.570,1300,160.510,3500,160.500,8900,160.700,200,160.710,300,160.750,1000,160.760,600,160.790,2021-01-21,09:52:58,00,";
var hq_str_sh603259="药明康德,156.900,154.170,160.190,160.800,156.000,160.190,160.200,5384807,856004084.000,1200,160.190,100,160.050,500,160.030,500,160.020,200,160.000,1700,160.200,400,160.220,7200,160.300,300,160.390,2800,160.400,2021-01-21,09:53:58,00,";
var hq_str_sh603259="药明康德,156.900,154.170,159.670,160.800,156.000,159.550,159.650,5517307,877180584.000,1400,159.550,200,159.510,2300,159.500,100,159.450,1700,159.430,400,159.650,2000,159.700,2900,159.800,500,159.870,900,159.980,2021-01-21,09:55:01,00,";
var hq_str_sh603259="药明康德,156.900,154.170,160.000,160.800,156.000,160.000,160.020,5638981,896631630.000,1200,160.000,2100,159.990,300,159.880,200,159.850,200,159.840,100,160.020,1200,160.030,1100,160.060,2600,160.090,3300,160.100,2021-01-21,09:55:58,00,";
var hq_str_sh603259="药明康德,156.900,154.170,159.700,160.800,156.000,159.670,159.700,5833681,927788457.000,100,159.670,1100,159.660,1300,159.600,500,159.590,200,159.570,500,159.700,800,159.720,3800,159.750,1400,159.790,300,159.800,2021-01-21,09:56:58,00,";
var hq_str_sh603259="药明康德,156.900,154.170,160.180,160.800,156.000,160.180,160.320,5920603,941699165.000,6000,160.180,2900,160.080,5000,160.060,2400,160.050,200,160.010,400,160.320,140,160.330,400,160.390,200,160.400,300,160.440,2021-01-21,09:57:58,00,";
var hq_str_sh603259="药明康德,156.900,154.170,160.600,160.800,156.000,160.510,160.600,6019103,957509657.000,2200,160.510,1600,160.430,200,160.380,1800,160.360,1100,160.350,10140,160.600,200,160.650,12900,160.660,1700,160.680,100,160.690,2021-01-21,09:58:58,00,";
var hq_str_sh603259="药明康德,156.900,154.170,160.350,160.800,156.000,160.200,160.290,6150803,978647380.000,100,160.200,900,160.190,3500,160.180,5000,160.060,200,160.050,100,160.290,2000,160.350,100,160.400,200,160.490,5100,160.500,2021-01-21,09:59:58,00,";
var hq_str_sh603259="药明康德,156.900,154.170,160.520,160.800,156.000,160.520,160.660,6262863,996625530.000,1100,160.520,2040,160.480,200,160.470,100,160.460,2000,160.390,9800,160.660,1700,160.680,200,160.690,3860,160.700,100,160.720,2021-01-21,10:01:01,00,";
var hq_str_sh603259="药明康德,156.900,154.170,160.990,160.990,156.000,160.990,161.000,6375672,1014747083.000,2000,160.990,100,160.980,700,160.950,100,160.900,3300,160.890,26800,161.000,200,161.020,100,161.050,600,161.080,1400,161.100,2021-01-21,10:01:58,00,";
var hq_str_sh603259="药明康德,156.900,154.170,160.460,161.000,156.000,160.510,160.570,6539832,1041136951.000,4200,160.510,100,160.500,500,160.340,400,160.330,500,160.310,100,160.570,100,160.700,300,160.750,700,160.760,2840,160.770,2021-01-21,10:02:58,00,";
var hq_str_sh603259="药明康德,156.900,154.170,160.690,161.000,156.000,160.540,160.700,6662432,1060819003.000,200,160.540,1300,160.500,2400,160.490,100,160.460,100,160.410,100,160.700,600,160.740,200,160.750,1200,160.760,940,160.770,2021-01-21,10:03:58,00,";
var hq_str_sh603259="药明康德,156.900,154.170,160.290,161.000,156.000,160.200,160.290,6727232,1071218428.000,6400,160.200,1000,160.180,300,160.070,300,160.060,300,160.030,3100,160.290,1200,160.300,200,160.500,700,160.510,100,160.520,2021-01-21,10:04:58,00,";
var hq_str_sh603259="药明康德,156.900,154.170,159.800,161.000,156.000,159.800,159.940,6797132,1082421400.000,100,159.800,200,159.790,200,159.770,200,159.730,700,159.720,1100,159.940,3900,159.990,2200,160.000,100,160.080,100,160.090,2021-01-21,10:05:58,00,";
var hq_str_sh603259="药明康德,156.900,154.170,159.540,161.000,156.000,159.540,159.600,6911703,1100684654.000,2300,159.540,300,159.520,100,159.500,4000,159.440,11420,159.420,700,159.600,200,159.700,200,159.710,300,159.780,100,159.800,2021-01-21,10:06:58,00,";
var hq_str_sh603259="药明康德,156.900,154.170,159.980,161.000,156.000,159.980,160.000,6969403,1109907379.000,800,159.980,1700,159.970,500,159.950,4100,159.910,300,159.900,800,160.000,600,160.010,100,160.080,100,160.150,300,160.180,2021-01-21,10:07:58,00,";
var hq_str_sh603259="药明康德,156.900,154.170,160.200,161.000,156.000,160.200,160.250,7040203,1121253391.000,3600,160.200,300,160.150,3200,160.000,10800,159.990,5800,159.980,600,160.250,200,160.280,7200,160.330,600,160.350,300,160.370,2021-01-21,10:08:58,00,";
var hq_str_sh603259="药明康德,156.900,154.170,160.720,161.000,156.000,160.720,160.750,7157303,1140034805.000,100,160.720,1400,160.660,5900,160.500,2100,160.450,300,160.400,400,160.750,200,160.760,440,160.770,700,160.780,200,160.790,2021-01-21,10:09:58,00,";
var hq_str_sh603259="药明康德,156.900,154.170,160.990,161.000,156.000,160.880,160.950,7251443,1155180850.000,1900,160.880,500,160.870,200,160.830,3500,160.800,160,160.780,100,160.950,100,160.970,1600,160.990,13200,161.000,200,161.020,2021-01-21,10:10:58,00,";
var hq_str_sh603259="药明康德,156.900,154.170,161.050,161.050,156.000,161.050,161.080,7354203,1171720248.000,1000,161.050,2200,161.010,400,161.000,2640,160.990,500,160.940,500,161.080,100,161.090,7400,161.100,100,161.110,200,161.120,2021-01-21,10:11:58,00,";
var hq_str_sh603259="药明康德,156.900,154.170,160.910,161.090,156.000,160.910,160.940,7412003,1181019773.000,200,160.910,500,160.890,1800,160.880,100,160.870,500,160.850,100,160.940,900,160.950,400,160.970,1200,160.990,11400,161.000,2021-01-21,10:12:58,00,";
var hq_str_sh603259="药明康德,156.900,154.170,160.870,161.090,156.000,160.900,160.950,7503195,1195694249.000,100,160.900,1608,160.850,300,160.800,300,160.700,300,160.600,100,160.950,300,160.960,700,160.980,200,160.990,8300,161.000,2021-01-21,10:13:58,00,";
var hq_str_sh603259="药明康德,156.900,154.170,160.900,161.090,156.000,160.900,160.940,7561495,1205078289.000,2400,160.900,1800,160.870,200,160.860,2008,160.850,300,160.800,1100,160.940,1800,160.980,3900,161.000,2600,161.010,200,161.020,2021-01-21,10:14:58,00,";
var hq_str_sh603259="药明康德,156.900,154.170,160.610,161.090,156.000,160.200,160.600,7667103,1222053155.000,300,160.200,100,160.180,100,160.150,500,160.120,300,160.080,100,160.600,100,160.610,100,160.620,700,160.630,800,160.650,2021-01-21,10:15:58,00,";
var hq_str_sh603259="药明康德,156.900,154.170,159.420,161.090,156.000,159.420,159.530,7769303,1238385287.000,100,159.420,300,159.400,1200,159.350,3500,159.300,100,159.270,100,159.530,5500,159.540,6900,159.550,300,159.560,300,159.590,2021-01-21,10:16:58,00,";
var hq_str_sh603259="药明康德,156.900,154.170,158.890,161.090,156.000,158.890,158.920,7906650,1260208677.000,1600,158.890,100,158.700,200,158.600,100,158.580,5500,158.550,900,158.920,700,158.970,300,158.980,5300,159.000,200,159.010,2021-01-21,10:17:58,00,";
var hq_str_sh603259="药明康德,156.900,154.170,158.400,161.090,156.000,158.400,158.420,8023100,1278699025.000,300,158.400,100,158.390,200,158.350,500,158.300,200,158.280,100,158.420,1800,158.470,400,158.510,200,158.540,500,158.590,2021-01-21,10:18:58,00,";
var hq_str_sh603259="药明康德,156.900,154.170,158.850,161.090,156.000,158.800,158.860,8095600,1290211330.000,800,158.800,200,158.780,700,158.770,800,158.720,800,158.710,300,158.860,200,158.950,200,158.960,2600,158.970,100,158.990,2021-01-21,10:19:58,00,";
var hq_str_sh603259="药明康德,156.900,154.170,158.430,161.090,156.000,158.430,158.440,8243400,1313656986.000,1300,158.430,1600,158.310,1900,158.300,400,158.230,100,158.150,500,158.440,800,158.470,300,158.490,1900,158.510,100,158.560,2021-01-21,10:20:58,00,";
var hq_str_sh603259="药明康德,156.900,154.170,158.270,161.090,156.000,158.240,158.250,8315420,1325064234.000,800,158.240,1680,158.220,700,158.210,5900,158.200,100,158.190,240,158.250,1900,158.320,600,158.330,100,158.350,2000,158.400,2021-01-21,10:21:58,00,";
var hq_str_sh603259="药明康德,156.900,154.170,157.500,161.090,156.000,157.500,157.570,8468555,1349235072.000,8400,157.500,400,157.480,945,157.450,100,157.440,300,157.430,300,157.570,2800,157.590,1200,157.600,400,157.610,400,157.630,2021-01-21,10:22:58,00,";
var hq_str_sh603259="药明康德,156.900,154.170,157.800,161.090,156.000,157.710,157.800,8552702,1362500728.000,300,157.710,6353,157.700,400,157.680,700,157.650,2800,157.640,300,157.800,3400,157.820,1800,157.830,300,157.920,500,157.970,2021-01-21,10:23:58,00,";
var hq_str_sh603259="药明康德,156.900,154.170,157.680,161.090,156.000,157.680,157.700,8674047,1381622594.000,900,157.680,100,157.630,700,157.600,400,157.560,300,157.550,3100,157.700,800,157.710,400,157.720,400,157.740,400,157.800,2021-01-21,10:24:58,00,";
var hq_str_sh603259="药明康德,156.900,154.170,157.660,161.090,156.000,157.600,157.660,8768800,1396556095.000,700,157.600,100,157.550,1600,157.500,200,157.470,500,157.460,100,157.660,2100,157.690,5175,157.700,800,157.710,400,157.720,2021-01-21,10:25:58,00,";
var hq_str_sh603259="药明康德,156.900,154.170,157.890,161.090,156.000,157.850,157.890,8818265,1404355018.000,2800,157.850,1600,157.820,4060,157.800,1500,157.790,400,157.770,200,157.890,400,157.900,400,157.910,400,157.930,18900,158.000,2021-01-21,10:26:58,00,";
var hq_str_sh603259="药明康德,156.900,154.170,158.240,161.090,156.000,158.210,158.240,8909265,1418754883.000,800,158.210,1200,158.170,300,158.150,200,158.140,2400,158.010,100,158.240,100,158.280,9800,158.300,1100,158.390,200,158.400,2021-01-21,10:27:58,00,";
var hq_str_sh603259="药明康德,156.900,154.170,158.200,161.090,156.000,158.130,158.480,8980965,1430108695.000,100,158.130,100,158.120,200,158.040,300,158.020,2300,158.010,850,158.480,400,158.530,400,158.550,400,158.570,300,158.590,2021-01-21,10:28:58,00,";
var hq_str_sh603259="药明康德,156.900,154.170,158.580,161.090,156.000,158.580,158.900,9047918,1440724715.000,597,158.580,100,158.570,3500,158.520,100,158.510,4450,158.500,1000,158.900,1100,158.980,8400,158.990,3600,159.000,300,159.050,2021-01-21,10:29:58,00,";
var hq_str_sh603259="药明康德,156.900,154.170,158.520,161.090,156.000,158.520,158.600,9140615,1455435434.000,200,158.520,2050,158.500,200,158.480,200,158.320,200,158.290,200,158.600,1200,158.610,200,158.620,297,158.650,1300,158.660,2021-01-21,10:30:58,00,";
var hq_str_sh603259="药明康德,156.900,154.170,158.500,161.090,156.000,158.510,159.000,9195815,1464197388.000,500,158.510,900,158.500,1200,158.480,100,158.450,1000,158.380,680,159.000,200,159.020,500,159.030,100,159.090,1300,159.100,2021-01-21,10:31:58,00,";
var hq_str_sh603259="药明康德,156.900,154.170,158.990,161.090,156.000,158.990,159.580,9262115,1474722694.000,200,158.990,200,158.950,300,158.900,200,158.600,1100,158.580,97,159.580,300,159.590,200,159.600,300,159.610,10000,159.700,2021-01-21,10:32:58,00,";
var hq_str_sh603259="药明康德,156.900,154.170,158.750,161.090,156.000,158.600,158.750,9295915,1480097593.000,100,158.600,1100,158.580,300,158.550,100,158.530,4100,158.500,4600,158.750,500,158.920,300,158.930,400,158.940,800,158.990,2021-01-21,10:33:58,00,";
var hq_str_sh603259="药明康德,156.900,154.170,158.700,161.090,156.000,158.520,158.700,9350515,1488757222.000,2600,158.520,100,158.500,400,158.450,400,158.410,900,158.400,400,158.700,400,158.870,400,158.880,200,158.950,2500,158.970,2021-01-21,10:34:59,00,";
var hq_str_sh603259="药明康德,156.900,154.170,158.500,161.090,156.000,158.480,158.500,9377715,1493069420.000,1100,158.480,200,158.440,2900,158.400,800,158.380,200,158.330,4600,158.500,100,158.630,100,158.680,300,158.690,5400,158.700,2021-01-21,10:35:59,00,";
var hq_str_sh603259="药明康德,156.900,154.170,158.830,161.090,156.000,158.850,158.970,9428525,1501131182.000,1900,158.850,4900,158.750,3200,158.710,6100,158.700,100,158.650,400,158.970,200,158.990,5600,159.000,300,159.010,100,159.030,2021-01-21,10:36:59,00,";
var hq_str_sh603259="药明康德,156.900,154.170,158.000,161.090,156.000,158.130,158.220,9510915,1514191710.000,500,158.130,12300,158.000,500,157.980,100,157.950,300,157.900,100,158.220,700,158.230,100,158.260,2700,158.300,700,158.320,2021-01-21,10:37:59,00,";
var hq_str_sh603259="药明康德,156.900,154.170,158.060,161.090,156.000,158.060,158.080,9538755,1518592593.000,900,158.060,300,158.050,100,158.040,100,158.020,3860,158.010,2000,158.080,400,158.090,100,158.120,1600,158.130,1900,158.140,2021-01-21,10:39:02,00,";
var hq_str_sh603259="药明康德,156.900,154.170,157.730,161.090,156.000,157.620,157.740,9598075,1527963263.000,1400,157.620,800,157.600,200,157.570,2300,157.550,100,157.520,700,157.740,100,157.780,3300,157.800,600,157.890,900,157.900,2021-01-21,10:39:59,00,";
var hq_str_sh603259="药明康德,156.900,154.170,158.000,161.090,156.000,157.990,158.000,9638075,1534280474.000,1600,157.990,800,157.980,300,157.950,500,157.910,100,157.900,18700,158.000,1040,158.010,1800,158.020,700,158.030,1100,158.040,2021-01-21,10:40:59,00,";
var hq_str_sh603259="药明康德,156.900,154.170,157.890,161.090,156.000,157.860,157.890,9698775,1543869136.000,300,157.860,400,157.850,100,157.820,400,157.810,4500,157.800,100,157.890,1000,157.900,800,157.910,400,157.960,1000,157.990,2021-01-21,10:41:59,00,";
var hq_str_sh603259="药明康德,156.900,154.170,157.600,161.090,156.000,157.600,157.620,9745275,1551205287.000,4500,157.600,700,157.570,2300,157.550,100,157.530,200,157.520,2700,157.620,100,157.630,400,157.640,100,157.650,1000,157.670,2021-01-21,10:42:59,00,";
var hq_str_sh603259="药明康德,156.900,154.170,157.610,161.090,156.000,157.600,157.610,9827578,1564171797.000,97,157.600,300,157.560,200,157.520,2800,157.510,2800,157.500,100,157.610,800,157.620,100,157.670,800,157.730,4500,157.750,2021-01-21,10:43:59,00,";
var hq_str_sh603259="药明康德,156.900,154.170,157.600,161.090,156.000,157.590,157.600,9869278,1570742116.000,100,157.590,400,157.580,1600,157.560,5000,157.550,2300,157.540,300,157.600,300,157.610,800,157.620,300,157.640,400,157.670,2021-01-21,10:44:59,00,";
var hq_str_sh603259="药明康德,156.900,154.170,157.330,161.090,156.000,157.290,157.310,9929775,1580267398.000,300,157.290,200,157.270,300,157.260,100,157.230,2500,157.200,300,157.310,100,157.320,900,157.350,100,157.370,10200,157.400,2021-01-21,10:45:59,00,";
var hq_str_sh603259="药明康德,156.900,154.170,157.330,161.090,156.000,157.330,157.350,9976775,1587656295.000,100,157.330,100,157.300,100,157.270,400,157.260,300,157.250,1100,157.350,200,157.360,200,157.370,100,157.380,300,157.390,2021-01-21,10:46:59,00,";
var hq_str_sh603259="药明康德,156.900,154.170,157.500,161.090,156.000,157.500,157.530,10010675,1592993130.000,2900,157.500,2500,157.460,200,157.450,10100,157.440,200,157.430,1000,157.530,1000,157.540,100,157.550,200,157.560,300,157.580,2021-01-21,10:47:59,00,";
var hq_str_sh603259="药明康德,156.900,154.170,157.500,161.090,156.000,157.520,157.560,10055075,1599988710.000,300,157.520,2900,157.500,1800,157.490,700,157.450,10200,157.440,100,157.560,2700,157.590,600,157.600,800,157.620,200,157.630,2021-01-21,10:48:59,00,";
var hq_str_sh603259="药明康德,156.900,154.170,158.030,161.090,156.000,158.020,158.030,10104575,1607796769.000,2700,158.020,400,157.980,400,157.910,2300,157.900,100,157.760,200,158.030,200,158.050,300,158.070,500,158.100,300,158.130,2021-01-21,10:49:59,00,";
var hq_str_sh603259="药明康德,156.900,154.170,158.510,161.090,156.000,158.510,158.520,10155375,1615836168.000,200,158.510,100,158.320,100,158.280,200,158.250,600,158.160,100,158.520,100,158.530,300,158.540,300,158.570,300,158.590,2021-01-21,10:50:59,00,";
var hq_str_sh603259="药明康德,156.900,154.170,158.770,161.090,156.000,158.600,158.770,10183675,1620323747.000,100,158.600,600,158.590,400,158.580,200,158.540,200,158.530,300,158.770,3000,158.780,200,158.800,100,158.830,1500,158.850,2021-01-21,10:51:59,00,";
var hq_str_sh603259="药明康德,156.900,154.170,158.400,161.090,156.000,158.460,158.490,10219275,1625963966.000,400,158.460,100,158.400,100,158.380,700,158.360,600,158.300,100,158.490,200,158.500,200,158.740,200,158.750,1600,158.760,2021-01-21,10:52:59,00,";
var hq_str_sh603259="药明康德,156.900,154.170,158.510,161.090,156.000,158.500,158.510,10242675,1629673305.000,100,158.500,1200,158.300,1400,158.280,400,158.270,100,158.260,200,158.510,600,158.520,100,158.620,700,158.680,5200,158.700,2021-01-21,10:53:59,00,";
var hq_str_sh603259="药明康德,156.900,154.170,158.700,161.090,156.000,158.690,158.700,10278675,1635381915.000,100,158.690,100,158.680,100,158.660,100,158.600,100,158.530,100,158.700,400,158.710,100,158.720,1100,158.730,200,158.740,2021-01-21,10:54:59,00,";
var hq_str_sh603259="药明康德,156.900,154.170,158.800,161.090,156.000,158.770,158.800,10323835,1642552162.000,1600,158.770,100,158.750,100,158.710,2840,158.680,100,158.660,900,158.800,1500,158.850,200,158.860,9700,158.880,10000,158.900,2021-01-21,10:55:59,00,";
var hq_str_sh603259="药明康德,156.900,154.170,158.360,161.090,156.000,158.360,158.470,10354075,1647352277.000,1000,158.360,200,158.330,400,158.300,1600,158.280,200,158.270,800,158.470,100,158.480,300,158.490,100,158.510,400,158.530,2021-01-21,10:56:59,00,";
var hq_str_sh603259="药明康德,156.900,154.170,157.780,161.090,156.000,157.780,157.870,10390375,1653093916.000,400,157.780,100,157.770,200,157.760,100,157.730,100,157.710,700,157.870,1900,157.880,100,157.890,200,157.900,400,157.910,2021-01-21,10:57:59,00,";
var hq_str_sh603259="药明康德,156.900,154.170,157.850,161.090,156.000,157.810,157.850,10438275,1660653834.000,100,157.810,900,157.800,200,157.770,100,157.760,300,157.750,2100,157.850,500,157.860,200,157.870,700,157.970,21400,158.000,2021-01-21,10:58:59,00,";
var hq_str_sh603259="药明康德,156.900,154.170,157.900,161.090,156.000,157.860,157.930,10493875,1669433413.000,200,157.860,700,157.850,500,157.840,200,157.820,100,157.760,600,157.930,200,157.950,100,157.960,500,157.990,9600,158.000,2021-01-21,10:59:59,00,";
var hq_str_sh603259="药明康德,156.900,154.170,157.880,161.090,156.000,157.900,157.920,10532980,1675604091.000,400,157.900,400,157.850,100,157.820,500,157.810,2600,157.800,1700,157.920,100,157.940,200,157.950,500,157.990,10700,158.000,2021-01-21,11:00:59,00,";
var hq_str_sh603259="药明康德,156.900,154.170,157.890,161.090,156.000,157.890,157.930,10558780,1679677691.000,600,157.890,100,157.870,600,157.840,100,157.830,200,157.820,200,157.930,100,157.940,300,157.950,100,157.970,500,157.990,2021-01-21,11:01:59,00,";
var hq_str_sh603259="药明康德,156.900,154.170,157.960,161.090,156.000,157.920,157.960,10586940,1684124926.000,40,157.920,900,157.910,1300,157.880,200,157.870,100,157.860,200,157.960,100,157.990,10400,158.000,300,158.010,300,158.080,2021-01-21,11:02:59,00,";
var hq_str_sh603259="药明康德,156.900,154.170,158.060,161.090,156.000,158.050,158.060,10621540,1689592785.000,200,158.050,100,158.030,300,158.020,200,158.010,600,158.000,100,158.060,700,158.200,500,158.210,100,158.250,300,158.310,2021-01-21,11:03:59,00,";
var hq_str_sh603259="药明康德,156.900,154.170,158.170,161.090,156.000,158.150,158.200,10648040,1693787656.000,400,158.150,300,158.110,600,158.080,100,158.060,100,158.050,400,158.200,1000,158.210,300,158.230,1300,158.460,600,158.470,2021-01-21,11:04:59,00,";
var hq_str_sh603259="药明康德,156.900,154.170,158.450,161.090,156.000,158.370,158.450,10670840,1697398094.000,200,158.370,500,158.300,200,158.260,500,158.230,300,158.220,600,158.450,1100,158.480,100,158.490,5800,158.500,400,158.520,2021-01-21,11:05:59,00,";
var hq_str_sh603259="药明康德,156.900,154.170,157.980,161.090,156.000,157.950,157.970,10719840,1705150426.000,100,157.950,400,157.940,100,157.920,300,157.910,100,157.900,400,157.970,4300,157.980,400,158.000,100,158.010,600,158.040,2021-01-21,11:06:59,00,";
var hq_str_sh603259="药明康德,156.900,154.170,158.200,161.090,156.000,158.130,158.200,10748140,1709623620.000,300,158.130,200,158.090,300,158.020,100,158.010,1300,158.000,300,158.200,100,158.210,100,158.240,200,158.250,100,158.340,2021-01-21,11:07:59,00,";
var hq_str_sh603259="药明康德,156.900,154.170,158.200,161.090,156.000,158.260,158.380,10771240,1713278492.000,100,158.260,2100,158.200,600,158.140,300,158.090,800,158.080,400,158.380,200,158.390,5400,158.450,600,158.480,600,158.490,2021-01-21,11:08:59,00,";
var hq_str_sh603259="药明康德,156.900,154.170,158.460,161.090,156.000,158.460,158.580,10800940,1717983276.000,3900,158.460,1100,158.450,200,158.390,8900,158.300,500,158.290,203,158.580,100,158.600,300,158.620,300,158.650,600,158.680,2021-01-21,11:09:59,00,";
var hq_str_sh603259="药明康德,156.900,154.170,158.630,161.090,156.000,158.600,158.630,10820799,1721132561.000,700,158.600,300,158.590,400,158.580,200,158.540,100,158.530,1300,158.630,100,158.650,1300,158.670,600,158.680,200,158.700,2021-01-21,11:10:59,00,";
var hq_str_sh603259="药明康德,156.900,154.170,158.740,161.090,156.000,158.670,158.730,10837439,1723772793.000,800,158.670,300,158.660,300,158.640,360,158.610,400,158.600,100,158.730,400,158.740,100,158.760,300,158.770,200,158.780,2021-01-21,11:11:59,00,";
var hq_str_sh603259="药明康德,156.900,154.170,158.720,161.090,156.000,158.660,158.720,10855519,1726642607.000,200,158.660,120,158.650,300,158.640,360,158.610,100,158.600,300,158.720,1900,158.750,600,158.760,1000,158.770,700,158.780,2021-01-21,11:12:59,00,";
var hq_str_sh603259="药明康德,156.900,154.170,158.760,161.090,156.000,158.500,158.760,10878239,1730247783.000,200,158.500,1000,158.470,400,158.370,500,158.310,8660,158.300,1300,158.760,1300,158.780,5400,158.790,100,158.800,2760,158.830,2021-01-21,11:13:59,00,";
var hq_str_sh603259="药明康德,156.900,154.170,158.560,161.090,156.000,158.550,158.690,10902739,1734133548.000,100,158.550,200,158.530,200,158.400,900,158.390,200,158.340,400,158.690,300,158.700,1000,158.750,2200,158.760,1300,158.780,2021-01-21,11:15:02,00,";
var hq_str_sh603259="药明康德,156.900,154.170,158.790,161.090,156.000,158.770,158.820,10945699,1740956387.000,1000,158.770,100,158.760,100,158.750,300,158.730,800,158.710,800,158.820,200,158.830,7400,158.900,300,158.940,100,158.960,2021-01-21,11:15:59,00,";
var hq_str_sh603259="药明康德,156.900,154.170,159.120,161.090,156.000,159.110,159.120,10976939,1745921489.000,400,159.110,600,159.010,700,158.940,500,158.910,900,158.900,100,159.120,500,159.140,100,159.150,300,159.160,300,159.190,2021-01-21,11:16:59,00,";
var hq_str_sh603259="药明康德,156.900,154.170,158.990,161.090,156.000,158.800,158.990,11011939,1751484654.000,100,158.800,100,158.770,200,158.670,500,158.660,300,158.650,100,158.990,300,159.000,2200,159.010,400,159.060,100,159.100,2021-01-21,11:17:59,00,";
var hq_str_sh603259="药明康德,156.900,154.170,158.730,161.090,156.000,158.600,158.730,11039139,1755805794.000,400,158.600,400,158.580,200,158.560,300,158.500,200,158.400,1000,158.730,100,158.740,1400,158.800,100,158.820,100,158.840,2021-01-21,11:18:59,00,";
var hq_str_sh603259="药明康德,156.900,154.170,159.010,161.090,156.000,158.910,159.000,11109139,1766897574.000,300,158.910,1100,158.900,2900,158.870,600,158.860,600,158.850,1800,159.000,900,159.010,5500,159.100,100,159.160,3000,159.190,2021-01-21,11:19:59,00,";
var hq_str_sh603259="药明康德,156.900,154.170,159.190,161.090,156.000,159.230,159.240,11137339,1771384837.000,100,159.230,700,159.190,1000,159.180,100,159.160,100,159.130,100,159.240,100,159.250,300,159.380,500,159.410,100,159.460,2021-01-21,11:20:59,00,";
var hq_str_sh603259="药明康德,156.900,154.170,159.060,161.090,156.000,159.060,159.140,11164039,1775635337.000,1200,159.060,500,159.050,200,159.040,1600,159.000,400,158.910,200,159.140,300,159.160,600,159.180,100,159.210,100,159.220,2021-01-21,11:21:59,00,";
var hq_str_sh603259="药明康德,156.900,154.170,159.010,161.090,156.000,159.010,159.020,11178339,1777910007.000,200,159.010,3700,159.000,300,158.930,400,158.910,200,158.900,300,159.020,3600,159.030,1600,159.060,100,159.100,2900,159.140,2021-01-21,11:22:59,00,";
var hq_str_sh603259="药明康德,156.900,154.170,159.490,161.090,156.000,159.030,159.490,11212039,1783271840.000,400,159.030,400,159.020,500,159.010,1300,159.000,300,158.990,2900,159.490,11600,159.500,200,159.550,97,159.580,900,159.590,2021-01-21,11:23:59,00,";
var hq_str_sh603259="药明康德,156.900,154.170,159.190,161.090,156.000,159.180,159.200,11255439,1790192351.000,300,159.180,1400,159.140,100,159.110,600,159.100,200,159.090,2700,159.200,100,159.370,100,159.380,5800,159.480,900,159.500,2021-01-21,11:24:59,00,";
var hq_str_sh603259="药明康德,156.900,154.170,159.160,161.090,156.000,159.200,159.330,11269139,1792373775.000,200,159.200,300,159.160,200,159.150,700,159.140,200,159.090,300,159.330,700,159.360,200,159.370,3100,159.400,200,159.470,2021-01-21,11:25:59,00,";
var hq_str_sh603259="药明康德,156.900,154.170,159.110,161.090,156.000,159.090,159.110,11294939,1796482896.000,200,159.090,100,159.080,300,159.010,400,159.000,100,158.930,200,159.110,200,159.260,200,159.270,1200,159.280,100,159.300,2021-01-21,11:26:59,00,";
var hq_str_sh603259="药明康德,156.900,154.170,158.870,161.090,156.000,158.870,158.900,11322639,1800887572.000,2200,158.870,600,158.860,900,158.810,800,158.800,100,158.600,100,158.900,3500,159.000,200,159.010,100,159.020,100,159.040,2021-01-21,11:27:59,00,";
var hq_str_sh603259="药明康德,156.900,154.170,159.390,161.090,156.000,159.190,159.390,11347139,1804787372.000,300,159.190,100,159.180,600,159.170,3600,159.150,300,159.080,200,159.390,300,159.470,5100,159.480,1900,159.500,400,159.510,2021-01-21,11:28:59,00,";
var hq_str_sh603259="药明康德,156.900,154.170,159.440,161.090,156.000,159.440,159.480,11362839,1807290367.000,300,159.440,200,159.400,300,159.230,1100,159.220,200,159.200,100,159.480,2100,159.500,100,159.510,500,159.550,100,159.560,2021-01-21,11:29:59,00,";
var hq_str_sh603259="药明康德,156.900,154.170,159.440,161.090,156.000,159.440,159.500,11363639,1807417959.000,200,159.440,200,159.400,300,159.230,1100,159.220,200,159.200,1500,159.500,100,159.510,500,159.550,100,159.560,97,159.580,2021-01-21,13:00:00,00,";
var hq_str_sh603259="药明康德,156.900,154.170,158.780,161.090,156.000,158.350,158.780,11505139,1829918213.000,300,158.350,700,158.340,1200,158.330,6000,158.300,1200,158.250,1300,158.780,700,158.790,3100,158.800,2900,158.960,10400,159.000,2021-01-21,13:00:59,00,";
var hq_str_sh603259="药明康德,156.900,154.170,158.000,161.090,156.000,157.920,158.090,11575839,1841110054.000,100,157.920,300,157.910,600,157.900,1600,157.880,500,157.860,700,158.090,600,158.100,400,158.110,1900,158.180,2300,158.240,2021-01-21,13:01:59,00,";
var hq_str_sh603259="药明康德,156.900,154.170,159.000,161.090,156.000,158.900,158.970,11693039,1859704007.000,600,158.900,600,158.880,100,158.800,300,158.340,500,158.330,40,158.970,200,159.000,3600,159.060,3500,159.080,200,159.090,2021-01-21,13:02:59,00,";
var hq_str_sh603259="药明康德,156.900,154.170,158.380,161.090,156.000,158.410,158.420,11760439,1870383479.000,100,158.410,500,158.330,7900,158.320,300,158.310,19800,158.300,400,158.420,300,158.440,2500,158.460,200,158.470,500,158.480,2021-01-21,13:03:59,00,";
var hq_str_sh603259="药明康德,156.900,154.170,158.480,161.090,156.000,158.480,158.630,11808606,1878013660.000,300,158.480,500,158.450,200,158.420,1400,158.350,200,158.330,300,158.630,100,158.660,2900,158.710,200,158.760,400,158.790,2021-01-21,13:04:59,00,";
var hq_str_sh603259="药明康德,156.900,154.170,158.610,161.090,156.000,158.440,158.580,11870006,1887749669.000,100,158.440,200,158.350,300,158.330,2000,158.320,5700,158.310,300,158.580,100,158.600,900,158.610,1700,158.650,3000,158.660,2021-01-21,13:05:59,00,";
var hq_str_sh603259="药明康德,156.900,154.170,158.550,161.090,156.000,158.320,158.520,11992556,1907137204.000,200,158.320,50,158.030,300,158.020,700,158.010,21200,158.000,100,158.520,2300,158.550,100,158.560,200,158.570,200,158.580,2021-01-21,13:06:59,00,";
var hq_str_sh603259="药明康德,156.900,154.170,159.020,161.090,156.000,158.800,159.010,12037616,1914282389.000,100,158.800,100,158.730,100,158.720,600,158.680,1300,158.670,200,159.010,500,159.020,300,159.030,100,159.040,100,159.060,2021-01-21,13:07:59,00,";
var hq_str_sh603259="药明康德,156.900,154.170,159.000,161.090,156.000,158.890,159.000,12071516,1919673662.000,100,158.890,700,158.880,100,158.800,100,158.720,600,158.680,10400,159.000,1000,159.100,300,159.200,300,159.280,5100,159.300,2021-01-21,13:08:56,00,";
var hq_str_sh603259="药明康德,156.900,154.170,158.720,161.090,156.000,158.720,158.790,12103216,1924707855.000,300,158.720,100,158.710,300,158.700,1200,158.690,200,158.670,500,158.790,1400,158.820,3200,158.870,8400,158.880,1500,158.990,2021-01-21,13:09:59,00,";
var hq_str_sh603259="药明康德,156.900,154.170,159.110,161.090,156.000,159.140,159.200,12209524,1941597515.000,300,159.140,1900,159.110,100,159.100,200,159.030,500,158.970,2100,159.200,300,159.280,5200,159.300,1000,159.440,100,159.450,2021-01-21,13:10:59,00,";
var hq_str_sh603259="药明康德,156.900,154.170,159.010,161.090,156.000,159.010,159.090,12272524,1951628041.000,200,159.010,500,158.940,900,158.930,700,158.900,600,158.880,3600,159.090,2400,159.100,100,159.230,100,159.430,4800,159.450,2021-01-21,13:11:59,00,";
var hq_str_sh603259="药明康德,156.900,154.170,159.580,161.090,156.000,159.500,159.590,12310224,1957635215.000,2400,159.500,100,159.490,200,159.460,300,159.410,100,159.230,400,159.590,1800,159.600,300,159.610,200,159.660,200,159.680,2021-01-21,13:12:59,00,";
var hq_str_sh603259="药明康德,156.900,154.170,159.450,161.090,156.000,159.470,159.480,12342124,1962721544.000,100,159.470,400,159.230,1000,159.210,500,159.200,200,159.120,700,159.480,600,159.490,7800,159.500,2400,159.510,300,159.560,2021-01-21,13:13:59,00,";
var hq_str_sh603259="药明康德,156.900,154.170,159.680,161.090,156.000,159.560,159.680,12383224,1969278971.000,100,159.560,200,159.510,500,159.500,100,159.470,200,159.320,3820,159.680,100,159.690,10100,159.700,100,159.770,3200,159.800,2021-01-21,13:14:59,00,";
var hq_str_sh603259="药明康德,156.900,154.170,159.630,161.090,156.000,159.530,159.630,12416824,1974643252.000,1000,159.530,300,159.510,200,159.470,200,159.320,800,159.310,2400,159.630,100,159.640,1000,159.650,2100,159.680,2920,159.700,2021-01-21,13:15:59,00,";
var hq_str_sh603259="药明康德,156.900,154.170,159.490,161.090,156.000,159.320,159.470,12476424,1984152504.000,200,159.320,800,159.310,5100,159.300,100,159.200,400,159.170,200,159.470,1200,159.490,100,159.500,600,159.530,100,159.560,2021-01-21,13:16:59,00,";
var hq_str_sh603259="药明康德,156.900,154.170,159.650,161.090,156.000,159.640,159.650,12503524,1988476188.000,600,159.640,1600,159.600,100,159.580,200,159.540,1100,159.530,700,159.650,300,159.660,3320,159.700,100,159.710,100,159.770,2021-01-21,13:17:59,00,";
var hq_str_sh603259="药明康德,156.900,154.170,159.670,161.090,156.000,159.580,159.720,12547844,1995555968.000,300,159.580,500,159.550,100,159.540,500,159.530,22400,159.500,100,159.720,1900,159.770,2300,159.800,100,159.820,600,159.850,2021-01-21,13:18:59,00,";
var hq_str_sh603259="药明康德,156.900,154.170,159.790,161.090,156.000,159.790,159.890,12592144,2002635041.000,200,159.790,1300,159.700,400,159.650,700,159.640,400,159.630,200,159.890,300,159.900,100,159.920,300,159.950,300,159.960,2021-01-21,13:19:59,00,";
var hq_str_sh603259="药明康德,156.900,154.170,159.970,161.090,156.000,159.960,159.970,12635544,2009578120.000,1600,159.960,300,159.940,200,159.790,200,159.700,300,159.650,400,159.970,1500,159.980,3300,159.990,10220,160.000,200,160.010,2021-01-21,13:20:59,00,";
var hq_str_sh603259="药明康德,156.900,154.170,160.280,161.090,156.000,160.060,160.280,12684964,2017487077.000,4900,160.060,400,160.020,300,159.970,600,159.960,300,159.940,200,160.280,1400,160.290,11706,160.300,100,160.350,100,160.380,2021-01-21,13:21:59,00,";
var hq_str_sh603259="药明康德,156.900,154.170,159.900,161.090,156.000,159.810,159.900,12716164,2022483289.000,100,159.810,400,159.670,400,159.660,300,159.650,700,159.640,2500,159.900,100,159.940,200,159.950,100,159.980,19619,160.000,2021-01-21,13:22:59,00,";
var hq_str_sh603259="药明康德,156.900,154.170,159.680,161.090,156.000,159.670,159.680,12755964,2028844138.000,400,159.670,1600,159.660,400,159.650,700,159.640,300,159.630,1100,159.680,1000,159.700,300,159.980,5600,159.990,19119,160.000,2021-01-21,13:23:59,00,";
var hq_str_sh603259="药明康德,156.900,154.170,159.990,161.090,156.000,159.980,159.990,12812164,2037832958.000,300,159.980,2300,159.950,1400,159.910,400,159.900,500,159.700,100,159.990,8119,160.000,100,160.100,300,160.150,800,160.190,2021-01-21,13:24:59,00,";
var hq_str_sh603259="药明康德,156.900,154.170,159.890,161.090,156.000,159.890,159.950,12871864,2047383873.000,800,159.890,100,159.880,3300,159.870,200,159.860,300,159.850,100,159.950,300,159.960,3000,160.000,200,160.110,800,160.150,2021-01-21,13:25:59,00,";
var hq_str_sh603259="药明康德,156.900,154.170,159.980,161.090,156.000,159.940,159.980,12896064,2051256140.000,400,159.940,300,159.920,200,159.900,100,159.880,200,159.860,200,159.980,500,160.030,1200,160.110,200,160.120,100,160.130,2021-01-21,13:26:59,00,";
var hq_str_sh603259="药明康德,156.900,154.170,159.610,161.090,156.000,159.540,159.620,12927764,2056323980.000,100,159.540,22700,159.500,100,159.460,600,159.450,100,159.400,200,159.620,400,159.800,1000,159.990,2700,160.000,600,160.100,2021-01-21,13:27:59,00,";
var hq_str_sh603259="药明康德,156.900,154.170,159.870,161.090,156.000,159.720,159.850,12988464,2066024321.000,200,159.720,200,159.600,200,159.550,500,159.540,800,159.530,300,159.850,200,159.870,1800,159.880,300,159.910,800,159.920,2021-01-21,13:28:59,00,";
var hq_str_sh603259="药明康德,156.900,154.170,159.870,161.090,156.000,159.930,159.980,13037664,2073891124.000,200,159.930,300,159.870,300,159.860,2400,159.850,200,159.840,200,159.980,300,159.990,10500,160.000,1800,160.100,200,160.110,2021-01-21,13:29:59,00,";
var hq_str_sh603259="药明康德,156.900,154.170,160.400,161.090,156.000,160.400,160.440,13126264,2088090100.000,1000,160.400,300,160.310,400,160.300,400,160.290,300,160.260,2900,160.440,200,160.450,24505,160.500,100,160.550,900,160.560,2021-01-21,13:30:59,00,";
var hq_str_sh603259="药明康德,156.900,154.170,160.190,161.090,156.000,160.190,160.210,13189064,2098167268.000,100,160.190,200,160.170,200,160.160,100,160.130,200,160.100,100,160.210,700,160.300,100,160.350,100,160.390,400,160.400,2021-01-21,13:31:59,00,";
var hq_str_sh603259="药明康德,156.900,154.170,160.390,161.090,156.000,160.260,160.340,13223364,2103667025.000,600,160.260,400,160.200,600,160.190,300,160.180,100,160.130,100,160.340,100,160.360,1000,160.400,200,160.460,700,160.470,2021-01-21,13:32:59,00,";
var hq_str_sh603259="药明康德,156.900,154.170,160.450,161.090,156.000,160.030,160.090,13242464,2106728484.000,200,160.030,500,160.020,100,160.010,50200,160.000,100,159.990,100,160.090,200,160.450,200,160.460,900,160.480,5300,160.500,2021-01-21,13:33:59,00,";
var hq_str_sh603259="药明康德,156.900,154.170,159.580,161.090,156.000,159.590,159.830,13325364,2119994744.000,100,159.590,400,159.580,300,159.560,400,159.550,1000,159.510,600,159.830,300,159.980,1500,159.990,2400,160.000,100,160.030,2021-01-21,13:34:59,00,";
var hq_str_sh603259="药明康德,156.900,154.170,159.700,161.090,156.000,159.700,159.820,13340964,2122486938.000,700,159.700,100,159.690,200,159.670,400,159.660,5300,159.650,2400,159.820,100,159.830,400,159.840,900,159.850,200,159.970,2021-01-21,13:35:59,00,";
var hq_str_sh603259="药明康德,156.900,154.170,159.850,161.090,156.000,159.820,159.850,13369689,2127078066.000,1300,159.820,100,159.800,900,159.750,300,159.740,200,159.720,100,159.850,300,159.870,780,159.880,300,159.890,100,159.900,2021-01-21,13:36:59,00,";
var hq_str_sh603259="药明康德,156.900,154.170,160.060,161.090,156.000,160.000,160.060,13406825,2133018534.000,18290,160.000,100,159.950,400,159.940,5000,159.910,200,159.900,2000,160.060,100,160.070,2200,160.100,300,160.280,400,160.300,2021-01-21,13:37:59,00,";
var hq_str_sh603259="药明康德,156.900,154.170,159.860,161.090,156.000,159.800,159.860,13467115,2142666437.000,500,159.800,500,159.780,200,159.740,400,159.700,200,159.670,300,159.860,1700,159.900,100,159.910,300,159.950,3700,159.990,2021-01-21,13:38:59,00,";
var hq_str_sh603259="药明康德,156.900,154.170,160.180,161.090,156.000,160.010,160.180,13508715,2149318534.000,500,160.010,400,160.000,100,159.920,100,159.900,500,159.890,1500,160.180,100,160.190,400,160.200,1100,160.250,300,160.280,2021-01-21,13:39:59,00,";
var hq_str_sh603259="药明康德,156.900,154.170,160.090,161.090,156.000,160.090,160.180,13537715,2153964492.000,500,160.090,100,160.040,400,160.000,300,159.900,3100,159.860,200,160.180,1600,160.190,3500,160.200,2100,160.210,100,160.290,2021-01-21,13:40:59,00,";
var hq_str_sh603259="药明康德,156.900,154.170,160.310,161.090,156.000,160.290,160.330,13562015,2157857196.000,100,160.290,100,160.280,300,160.270,200,160.260,200,160.250,2800,160.330,700,160.340,2096,160.350,1100,160.370,300,160.380,2021-01-21,13:41:59,00,";
var hq_str_sh603259="药明康德,156.900,154.170,160.300,161.090,156.000,160.310,160.350,13583215,2161255827.000,300,160.310,300,160.300,400,160.290,200,160.280,200,160.210,96,160.350,1000,160.370,300,160.380,100,160.390,100,160.400,2021-01-21,13:42:59,00,";
var hq_str_sh603259="药明康德,156.900,154.170,159.980,161.090,156.000,159.920,160.190,13622815,2167598210.000,200,159.920,400,159.860,500,159.850,100,159.820,200,159.810,200,160.190,2000,160.200,1996,160.490,8800,160.500,200,160.520,2021-01-21,13:43:59,00,";
var hq_str_sh603259="药明康德,156.900,154.170,160.350,161.090,156.000,160.200,160.350,13651515,2172198319.000,100,160.200,200,160.190,700,160.180,800,160.150,200,160.130,1600,160.350,100,160.360,400,160.370,100,160.380,500,160.400,2021-01-21,13:44:59,00,";
var hq_str_sh603259="药明康德,156.900,154.170,160.020,161.090,156.000,160.020,160.070,13692915,2178830832.000,200,160.020,100,160.010,2900,160.000,200,159.980,500,159.900,400,160.070,100,160.080,700,160.120,400,160.130,2600,160.160,2021-01-21,13:45:59,00,";
var hq_str_sh603259="药明康德,156.900,154.170,159.740,161.090,156.000,159.740,159.750,13726315,2184172472.000,100,159.740,13900,159.700,200,159.670,100,159.660,1300,159.650,700,159.750,300,159.790,500,159.800,100,159.810,200,159.820,2021-01-21,13:46:59,00,";
var hq_str_sh603259="药明康德,156.900,154.170,159.780,161.090,156.000,159.770,159.780,13754715,2188710341.000,200,159.770,300,159.750,100,159.740,200,159.710,12000,159.700,1300,159.780,3100,159.790,100,159.810,600,159.830,300,159.840,2021-01-21,13:47:59,00,";
var hq_str_sh603259="药明康德,156.900,154.170,159.840,161.090,156.000,159.820,159.830,13786915,2193857060.000,600,159.820,900,159.790,300,159.780,400,159.760,100,159.750,100,159.830,2300,159.840,400,159.870,200,159.900,100,159.950,2021-01-21,13:48:59,00,";
var hq_str_sh603259="药明康德,156.900,154.170,159.840,161.090,156.000,159.860,159.890,13836515,2201784023.000,400,159.860,200,159.810,500,159.800,300,159.760,100,159.750,1600,159.890,5100,159.990,4900,160.000,100,160.010,100,160.020,2021-01-21,13:49:59,00,";
var hq_str_sh603259="药明康德,156.900,154.170,160.090,161.090,156.000,160.090,160.140,13878015,2208421353.000,700,160.090,100,160.050,500,160.040,300,160.030,400,160.010,300,160.140,1600,160.160,1000,160.180,4000,160.200,100,160.210,2021-01-21,13:50:59,00,";
var hq_str_sh603259="药明康德,156.900,154.170,160.100,161.090,156.000,160.100,160.200,13918024,2214828508.000,500,160.100,300,160.060,500,160.030,91,160.020,200,159.980,100,160.200,100,160.210,1000,160.220,200,160.250,100,160.280,2021-01-21,13:51:59,00,";
var hq_str_sh603259="药明康德,156.900,154.170,160.310,161.090,156.000,160.290,160.310,13946833,2219445502.000,300,160.290,200,160.280,300,160.270,300,160.260,100,160.250,200,160.310,1100,160.320,600,160.330,20400,160.350,1600,160.400,2021-01-21,13:52:59,00,";
var hq_str_sh603259="药明康德,156.900,154.170,160.110,161.090,156.000,160.050,160.110,13990124,2226385278.000,200,160.050,400,160.040,1600,160.000,200,159.980,100,159.920,900,160.110,2100,160.220,100,160.230,500,160.240,100,160.280,2021-01-21,13:53:59,00,";
var hq_str_sh603259="药明康德,156.900,154.170,160.110,161.090,156.000,160.080,160.110,14013879,2230188762.000,400,160.080,200,160.030,245,160.020,2000,160.000,200,159.980,4400,160.110,500,160.130,2100,160.140,21342,160.180,6600,160.190,2021-01-21,13:54:59,00,";
var hq_str_sh603259="药明康德,156.900,154.170,160.180,161.090,156.000,160.000,160.170,14095024,2243163347.000,3000,160.000,100,159.950,300,159.920,200,159.910,200,159.880,200,160.170,15642,160.180,6600,160.190,3100,160.200,400,160.240,2021-01-21,13:55:59,00,";
var hq_str_sh603259="药明康德,156.900,154.170,160.200,161.090,156.000,160.200,160.210,14162566,2253982997.000,500,160.200,500,160.190,500,160.180,258,160.170,1800,160.160,200,160.210,100,160.220,3755,160.280,900,160.290,7100,160.300,2021-01-21,13:56:59,00,";
var hq_str_sh603259="药明康德,156.900,154.170,160.180,161.090,156.000,160.290,160.300,14199966,2259977492.000,100,160.290,100,160.180,600,160.170,958,160.160,1400,160.150,2200,160.300,300,160.310,500,160.320,100,160.340,67,160.360,2021-01-21,13:57:59,00,";
var hq_str_sh603259="药明康德,156.900,154.170,160.190,161.090,156.000,160.000,160.190,14238324,2266122012.000,16900,160.000,100,159.940,400,159.920,200,159.910,200,159.880,1300,160.190,1860,160.200,300,160.210,100,160.250,3500,160.270,2021-01-21,13:58:59,00,";
var hq_str_sh603259="药明康德,156.900,154.170,160.130,161.090,156.000,160.110,160.190,14272612,2271613984.000,300,160.110,300,160.100,1300,160.090,200,160.070,200,160.060,200,160.190,100,160.210,200,160.270,3100,160.280,5300,160.300,2021-01-21,13:59:59,00,";
var hq_str_sh603259="药明康德,156.900,154.170,160.450,161.090,156.000,160.320,160.440,14311812,2277897790.000,400,160.320,600,160.300,300,160.290,100,160.200,200,160.190,100,160.440,1076,160.450,100,160.460,300,160.480,796,160.490,2021-01-21,14:00:59,00,";
var hq_str_sh603259="药明康德,156.900,154.170,160.290,161.090,156.000,160.280,160.290,14402848,2292488987.000,464,160.280,300,160.220,3800,160.200,200,160.170,400,160.160,300,160.290,2000,160.310,100,160.320,2696,160.500,200,160.510,2021-01-21,14:01:59,00,";
var hq_str_sh603259="药明康德,156.900,154.170,160.510,161.090,156.000,160.470,160.500,14436148,2297831140.000,600,160.470,200,160.420,100,160.410,500,160.400,400,160.350,100,160.500,96,160.510,196,160.550,1310,160.560,2100,160.580,2021-01-21,14:02:59,00,";
var hq_str_sh603259="药明康德,156.900,154.170,160.370,161.090,156.000,160.370,160.420,14467248,2302818790.000,400,160.370,400,160.350,400,160.340,100,160.300,500,160.290,900,160.420,1300,160.500,200,160.530,7300,160.550,902,160.560,2021-01-21,14:03:59,00,";
var hq_str_sh603259="药明康德,156.900,154.170,160.480,161.090,156.000,160.180,160.490,14515448,2310548089.000,300,160.180,400,160.170,100,160.150,2600,160.140,200,160.030,600,160.490,1200,160.500,2500,160.510,700,160.520,600,160.530,2021-01-21,14:04:59,00,";
var hq_str_sh603259="药明康德,156.900,154.170,160.360,161.090,156.000,160.280,160.360,14537657,2314108575.000,400,160.280,600,160.270,4200,160.260,300,160.200,200,160.180,200,160.360,5100,160.400,500,160.440,2100,160.450,800,160.460,2021-01-21,14:05:59,00,";
var hq_str_sh603259="药明康德,156.900,154.170,160.350,161.090,156.000,160.260,160.360,14568257,2319016766.000,3200,160.260,300,160.200,200,160.180,800,160.150,591,160.140,200,160.360,100,160.370,100,160.390,100,160.420,200,160.430,2021-01-21,14:06:59,00,";
var hq_str_sh603259="药明康德,156.900,154.170,160.070,161.090,156.000,160.090,160.100,14599700,2324054748.000,500,160.090,300,160.050,400,160.040,400,160.030,9900,160.010,100,160.100,9,160.140,500,160.150,3000,160.240,2289,160.250,2021-01-21,14:07:59,00,";
var hq_str_sh603259="药明康德,156.900,154.170,160.210,161.090,156.000,160.190,160.210,14627569,2328518276.000,200,160.190,300,160.170,100,160.150,200,160.120,200,160.110,240,160.210,1400,160.220,100,160.230,1700,160.240,3000,160.250,2021-01-21,14:08:59,00,";
var hq_str_sh603259="药明康德,156.900,154.170,160.140,161.090,156.000,160.120,160.150,14654469,2332826464.000,500,160.120,100,160.110,100,160.100,200,160.080,100,160.070,700,160.150,100,160.170,1200,160.200,1600,160.220,1800,160.240,2021-01-21,14:09:59,00,";
var hq_str_sh603259="药明康德,156.900,154.170,160.210,161.090,156.000,160.170,160.210,14680069,2336927245.000,100,160.170,2800,160.150,200,160.130,200,160.120,100,160.110,200,160.210,300,160.220,200,160.230,1900,160.240,2100,160.250,2021-01-21,14:10:59,00,";
var hq_str_sh603259="药明康德,156.900,154.170,160.360,161.090,156.000,160.150,160.370,14706329,2341135866.000,2900,160.150,200,160.120,200,160.080,200,160.050,40,160.040,100,160.370,100,160.380,1000,160.400,100,160.420,2000,160.430,2021-01-21,14:11:59,00,";
var hq_str_sh603259="药明康德,156.900,154.170,160.420,161.090,156.000,160.330,160.410,14743429,2347084818.000,100,160.330,700,160.290,800,160.230,200,160.210,200,160.190,200,160.410,500,160.420,1100,160.430,100,160.440,1600,160.450,2021-01-21,14:12:59,00,";
var hq_str_sh603259="药明康德,156.900,154.170,160.360,161.090,156.000,160.350,160.360,14778429,2352696189.000,1300,160.350,300,160.330,100,160.170,500,160.160,400,160.150,272,160.360,1400,160.380,500,160.390,1100,160.400,700,160.430,2021-01-21,14:13:59,00,";
var hq_str_sh603259="药明康德,156.900,154.170,160.460,161.090,156.000,160.410,160.460,14806801,2357246790.000,100,160.410,300,160.380,800,160.370,100,160.360,200,160.350,240,160.460,700,160.480,700,160.490,16300,160.500,100,160.510,2021-01-21,14:14:59,00,";
var hq_str_sh603259="药明康德,156.900,154.170,160.460,161.090,156.000,160.430,160.450,14892241,2370959673.000,100,160.430,200,160.380,400,160.360,300,160.350,100,160.260,200,160.450,100,160.520,2909,160.530,600,160.540,1100,160.550,2021-01-21,14:15:59,00,";
var hq_str_sh603259="药明康德,156.900,154.170,159.940,161.090,156.000,159.940,160.000,14975509,2384287993.000,500,159.940,100,159.870,200,159.860,300,159.850,400,159.840,300,160.000,100,160.010,500,160.060,800,160.070,600,160.080,2021-01-21,14:16:59,00,";
var hq_str_sh603259="药明康德,156.900,154.170,160.490,161.090,156.000,160.400,160.490,15023109,2391919502.000,300,160.400,400,160.390,300,160.350,200,160.340,600,160.200,3200,160.490,400,160.500,2509,160.530,500,160.540,500,160.550,2021-01-21,14:17:59,00,";
var hq_str_sh603259="药明康德,156.900,154.170,160.460,161.090,156.000,160.450,160.460,15059727,2397795005.000,300,160.450,82,160.440,200,160.410,200,160.400,500,160.390,100,160.460,2500,160.480,1100,160.500,100,160.520,2009,160.530,2021-01-21,14:18:59,00,";
var hq_str_sh603259="药明康德,156.900,154.170,160.500,161.090,156.000,160.490,160.500,15088745,2402451157.000,1500,160.490,400,160.460,691,160.450,200,160.440,1000,160.420,200,160.500,600,160.520,609,160.530,500,160.540,500,160.550,2021-01-21,14:19:59,00,";
var hq_str_sh603259="药明康德,156.900,154.170,160.380,161.090,156.000,160.380,160.490,15117954,2407138316.000,100,160.380,1000,160.370,600,160.360,100,160.340,200,160.320,609,160.490,1277,160.500,5200,160.520,609,160.530,500,160.540,2021-01-21,14:20:59,00,";
var hq_str_sh603259="药明康德,156.900,154.170,160.810,161.090,156.000,160.810,160.820,15210950,2422077403.000,1360,160.810,800,160.800,500,160.780,1413,160.770,800,160.680,1000,160.820,100,160.840,100,160.870,2700,160.880,500,160.890,2021-01-21,14:21:59,00,";
var hq_str_sh603259="药明康德,156.900,154.170,160.670,161.090,156.000,160.650,160.680,15239323,2426638307.000,200,160.650,200,160.640,500,160.630,100,160.600,200,160.580,2100,160.680,1000,160.690,2100,160.710,1300,160.720,1500,160.730,2021-01-21,14:22:59,00,";
var hq_str_sh603259="药明康德,156.900,154.170,160.450,161.090,156.000,160.210,160.440,15252423,2428740480.000,600,160.210,100,160.190,100,160.180,100,160.160,200,160.110,300,160.440,3900,160.450,1100,160.460,1500,160.470,100,160.480,2021-01-21,14:23:59,00,";
var hq_str_sh603259="药明康德,156.900,154.170,160.400,161.090,156.000,160.200,160.450,15288423,2434511463.000,300,160.200,300,160.190,1000,160.180,100,160.170,100,160.160,1200,160.450,300,160.460,1200,160.470,1100,160.500,800,160.580,2021-01-21,14:24:59,00,";
var hq_str_sh603259="药明康德,156.900,154.170,160.490,161.090,156.000,160.450,160.500,15317423,2439165735.000,500,160.450,100,160.430,1000,160.400,1100,160.220,1200,160.210,4518,160.500,1700,160.530,1400,160.540,1000,160.550,3500,160.560,2021-01-21,14:25:59,00,";
var hq_str_sh603259="药明康德,156.900,154.170,160.360,161.090,156.000,160.230,160.290,15330223,2441218656.000,800,160.230,2100,160.220,1300,160.210,1300,160.200,3700,160.180,100,160.290,100,160.350,1400,160.360,500,160.370,900,160.380,2021-01-21,14:26:59,00,";
var hq_str_sh603259="药明康德,156.900,154.170,160.160,161.090,156.000,160.110,160.160,15365523,2446876060.000,100,160.110,500,160.100,1000,160.070,4500,160.000,200,159.990,175,160.160,200,160.190,13018,160.200,100,160.210,1700,160.280,2021-01-21,14:27:59,00,";
var hq_str_sh603259="药明康德,156.900,154.170,159.740,161.090,156.000,159.620,159.890,15417223,2455151163.000,400,159.620,200,159.610,300,159.550,200,159.520,1200,159.510,100,159.890,300,159.900,1000,159.910,100,159.930,500,159.950,2021-01-21,14:28:59,00,";
var hq_str_sh603259="药明康德,156.900,154.170,160.000,161.090,156.000,159.900,160.000,15491923,2467096623.000,200,159.900,300,159.890,200,159.850,100,159.840,1200,159.830,10200,160.000,100,160.010,1300,160.070,100,160.080,5202,160.170,2021-01-21,14:29:59,00,";
var hq_str_sh603259="药明康德,156.900,154.170,159.640,161.090,156.000,159.610,159.650,15555223,2477207809.000,1100,159.610,100,159.600,300,159.530,600,159.520,1500,159.510,100,159.650,100,159.660,100,159.730,2000,159.740,4700,159.770,2021-01-21,14:30:59,00,";
var hq_str_sh603259="药明康德,156.900,154.170,159.550,161.090,156.000,159.550,159.580,15619223,2487423825.000,1600,159.550,700,159.520,2900,159.510,27500,159.500,200,159.490,800,159.580,900,159.610,100,159.640,400,159.650,500,159.660,2021-01-21,14:31:59,00,";
var hq_str_sh603259="药明康德,156.900,154.170,159.500,161.090,156.000,159.440,159.500,15749523,2508201368.000,300,159.440,200,159.430,400,159.420,6700,159.400,800,159.390,19400,159.500,500,159.510,100,159.550,100,159.560,300,159.610,2021-01-21,14:32:59,00,";
var hq_str_sh603259="药明康德,156.900,154.170,159.310,161.090,156.000,159.300,159.370,15803823,2516859227.000,1500,159.300,700,159.230,700,159.210,200,159.200,500,159.190,500,159.370,200,159.380,400,159.400,200,159.410,1400,159.500,2021-01-21,14:33:59,00,";
var hq_str_sh603259="药明康德,156.900,154.170,159.020,161.090,156.000,159.070,159.150,15849723,2524164640.000,400,159.070,400,159.030,200,159.010,11600,159.000,700,158.880,100,159.150,1500,159.160,300,159.170,600,159.200,100,159.230,2021-01-21,14:34:59,00,";
var hq_str_sh603259="药明康德,156.900,154.170,159.120,161.090,156.000,159.150,159.160,15887912,2530238746.000,200,159.150,1200,159.120,700,159.110,800,159.100,1600,159.090,500,159.160,700,159.200,1100,159.240,400,159.290,1300,159.300,2021-01-21,14:35:59,00,";
var hq_str_sh603259="药明康德,156.900,154.170,158.970,161.090,156.000,158.890,158.970,15928502,2536695266.000,200,158.890,1500,158.880,1100,158.870,800,158.810,16200,158.800,200,158.970,6500,159.000,100,159.120,100,159.140,500,159.150,2021-01-21,14:36:59,00,";
var hq_str_sh603259="药明康德,156.900,154.170,158.900,161.090,156.000,158.900,158.910,15991802,2546759279.000,300,158.900,400,158.890,1800,158.880,1100,158.870,100,158.820,200,158.910,100,158.940,40,158.980,200,158.990,2500,159.000,2021-01-21,14:37:59,00,";
var hq_str_sh603259="药明康德,156.900,154.170,159.000,161.090,156.000,158.910,158.970,16027914,2552498871.000,200,158.910,782,158.890,3106,158.880,2100,158.870,100,158.850,100,158.970,300,159.000,200,159.010,200,159.020,83,159.030,2021-01-21,14:38:59,00,";
var hq_str_sh603259="药明康德,156.900,154.170,158.810,161.090,156.000,158.810,158.830,16051802,2556294076.000,1300,158.810,18500,158.800,1300,158.700,300,158.680,600,158.660,200,158.830,200,158.840,100,158.850,500,158.870,62,158.880,2021-01-21,14:39:59,00,";
var hq_str_sh603259="药明康德,156.900,154.170,158.830,161.090,156.000,158.830,158.850,16108873,2565359638.000,3700,158.830,5700,158.810,8629,158.800,100,158.770,100,158.720,300,158.850,100,158.860,100,158.870,300,158.890,200,158.900,2021-01-21,14:40:59,00,";
var hq_str_sh603259="药明康德,156.900,154.170,159.050,161.090,156.000,159.030,159.050,16152882,2572355546.000,3600,159.030,100,159.010,100,159.000,300,158.990,400,158.910,1200,159.050,600,159.080,1900,159.100,300,159.110,2000,159.140,2021-01-21,14:42:00,00,";
var hq_str_sh603259="药明康德,156.900,154.170,159.060,161.090,156.000,159.050,159.060,16180482,2576745068.000,100,159.050,100,159.040,1700,159.030,2200,159.020,3500,159.000,200,159.060,100,159.070,100,159.080,600,159.090,800,159.100,2021-01-21,14:42:59,00,";
var hq_str_sh603259="药明康德,156.900,154.170,158.830,161.090,156.000,158.820,158.840,16242482,2586597384.000,191,158.820,400,158.810,100,158.680,10629,158.600,4100,158.580,100,158.840,100,158.850,300,158.870,300,158.990,200,159.000,2021-01-21,14:44:00,00,";
var hq_str_sh603259="药明康德,156.900,154.170,158.900,161.090,156.000,158.750,158.900,16293873,2594761272.000,300,158.750,400,158.710,100,158.700,500,158.620,2509,158.610,300,158.900,2100,158.910,100,158.920,200,158.980,1100,159.070,2021-01-21,14:44:59,00,";
var hq_str_sh603259="药明康德,156.900,154.170,159.080,161.090,156.000,159.070,159.110,16343373,2602631993.000,200,159.070,400,159.060,200,159.050,500,159.040,500,159.030,1600,159.110,1100,159.160,100,159.180,1800,159.200,10300,159.210,2021-01-21,14:45:56,00,";
var hq_str_sh603259="药明康德,156.900,154.170,158.720,161.090,156.000,158.720,158.760,16404073,2612280754.000,1100,158.720,1400,158.700,100,158.680,600,158.620,509,158.610,100,158.760,2209,158.800,3900,158.810,200,158.840,300,158.860,2021-01-21,14:47:00,00,";
var hq_str_sh603259="药明康德,156.900,154.170,159.000,161.090,156.000,158.910,159.000,16446291,2618984046.000,100,158.910,6500,158.880,700,158.830,200,158.810,100,158.800,920,159.000,200,159.020,100,159.050,200,159.060,100,159.070,2021-01-21,14:47:59,00,";
var hq_str_sh603259="药明康德,156.900,154.170,158.940,161.090,156.000,158.940,158.950,16481311,2624552027.000,400,158.940,200,158.900,400,158.890,6580,158.880,200,158.810,100,158.950,200,158.990,1800,159.010,300,159.020,700,159.040,2021-01-21,14:49:00,00,";
var hq_str_sh603259="药明康德,156.900,154.170,158.710,161.090,156.000,158.710,158.740,16519482,2630614675.000,300,158.710,600,158.700,200,158.690,1291,158.680,100,158.640,400,158.740,2600,158.750,600,158.760,700,158.770,100,158.780,2021-01-21,14:50:00,00,";
var hq_str_sh603259="药明康德,156.900,154.170,159.040,161.090,156.000,159.040,159.070,16620222,2646617498.000,100,159.040,100,158.740,400,158.710,400,158.700,200,158.630,200,159.070,400,159.080,1900,159.100,1100,159.110,2000,159.140,2021-01-21,14:51:00,00,";
var hq_str_sh603259="药明康德,156.900,154.170,159.110,161.090,156.000,159.100,159.120,16663922,2653563033.000,1000,159.100,300,159.010,3700,159.000,600,158.980,200,158.970,400,159.120,400,159.130,2000,159.140,300,159.150,1100,159.160,2021-01-21,14:52:00,00,";
var hq_str_sh603259="药明康德,156.900,154.170,159.390,161.090,156.000,159.110,159.360,16735300,2664918117.000,100,159.110,300,159.030,3640,159.020,2400,159.010,10282,159.000,300,159.360,509,159.400,200,159.410,100,159.450,6500,159.500,2021-01-21,14:53:00,00,";
var hq_str_sh603259="药明康德,156.900,154.170,159.160,161.090,156.000,159.060,159.150,16800252,2675248013.000,831,159.060,600,159.010,6339,159.000,400,158.980,100,158.970,200,159.150,100,159.160,1800,159.170,400,159.190,600,159.220,2021-01-21,14:54:00,00,";
var hq_str_sh603259="药明康德,156.900,154.170,159.400,161.090,156.000,159.400,159.410,16834181,2680649551.000,91,159.400,100,159.370,100,159.360,20400,159.300,100,159.190,200,159.410,100,159.450,7400,159.500,100,159.560,300,159.570,2021-01-21,14:54:59,00,";
var hq_str_sh603259="药明康德,156.900,154.170,159.710,161.090,156.000,159.700,159.710,16893468,2690115438.000,500,159.700,200,159.660,2800,159.610,1800,159.600,25300,159.500,100,159.710,1309,159.720,400,159.750,200,159.760,700,159.780,2021-01-21,14:56:00,00,";
var hq_str_sh603259="药明康德,156.900,154.170,159.750,161.090,156.000,0.000,0.000,16950953,2699300082.000,0,0.000,0,0.000,0,0.000,0,0.000,0,0.000,0,0.000,0,0.000,0,0.000,0,0.000,0,0.000,2021-01-21,14:56:59,00,";
var hq_str_sh603259="药明康德,156.900,154.170,159.750,161.090,156.000,160.460,160.460,16950953,2699300082.000,117800,160.460,0,0.000,0,0.000,0,0.000,0,0.000,117800,160.460,5442,0.000,0,0.000,0,0.000,0,0.000,2021-01-21,14:57:56,00,";
var hq_str_sh603259="药明康德,156.900,154.170,159.750,161.090,156.000,160.460,160.460,16950953,2699300082.000,144700,160.460,0,0.000,0,0.000,0,0.000,0,0.000,144700,160.460,15673,0.000,0,0.000,0,0.000,0,0.000,2021-01-21,14:59:00,00,";
