var hq_str_sh603259="药明康德,145.500,146.210,145.500,145.500,145.500,145.390,145.500,46200,6722100.000,300,145.390,1200,145.300,100,145.260,1100,145.250,1000,145.240,5899,145.500,200,145.780,300,145.930,1000,145.990,9000,146.000,2021-01-11,09:29:50,00,";
var hq_str_sh603259="药明康德,145.500,146.210,144.620,145.500,144.530,144.600,144.620,208680,30288475.000,100,144.600,360,144.590,400,144.580,100,144.550,100,144.540,300,144.620,100,144.640,900,144.760,200,144.880,300,144.900,2021-01-11,09:30:59,00,";
var hq_str_sh603259="药明康德,145.500,146.210,144.720,145.500,144.530,144.720,144.770,344680,49974144.000,2800,144.720,1500,144.710,100,144.700,100,144.680,300,144.650,100,144.770,600,144.850,100,144.910,700,144.990,5800,145.000,2021-01-11,09:31:59,00,";
var hq_str_sh603259="药明康德,145.500,146.210,144.780,145.500,144.530,144.780,144.850,439580,63708333.000,400,144.780,100,144.760,400,144.700,800,144.690,100,144.660,400,144.850,1400,144.890,200,144.980,800,144.990,6700,145.000,2021-01-11,09:32:59,00,";
var hq_str_sh603259="药明康德,145.500,146.210,145.500,145.500,144.530,145.420,145.500,527780,76501841.000,300,145.420,9600,145.410,100,145.400,100,145.390,100,145.380,2780,145.500,400,145.580,200,145.780,400,145.800,100,145.980,2021-01-11,09:33:59,00,";
var hq_str_sh603259="药明康德,145.500,146.210,145.700,146.000,144.530,145.430,145.450,634060,91984169.000,100,145.430,100,145.420,100,145.410,500,145.380,200,145.300,600,145.450,1100,145.520,200,145.560,300,145.700,2600,145.800,2021-01-11,09:34:59,00,";
var hq_str_sh603259="药明康德,145.500,146.210,144.870,146.000,144.530,144.870,145.000,707680,102679401.000,4180,144.870,400,144.780,5700,144.770,500,144.760,1300,144.740,4900,145.000,400,145.150,2800,145.210,700,145.260,12700,145.300,2021-01-11,09:35:59,00,";
var hq_str_sh603259="药明康德,145.500,146.210,144.610,146.000,144.400,144.610,144.630,850380,123345723.000,8100,144.610,24000,144.600,100,144.550,280,144.500,200,144.490,100,144.630,300,144.950,100,145.280,1900,145.290,400,145.330,2021-01-11,09:36:59,00,";
var hq_str_sh603259="药明康德,145.500,146.210,144.600,146.000,144.010,144.300,144.570,933180,135317923.000,300,144.300,200,144.090,2800,144.020,1780,144.010,5100,144.000,300,144.570,1000,144.600,3400,144.610,500,144.620,200,144.660,2021-01-11,09:37:59,00,";
var hq_str_sh603259="药明康德,145.500,146.210,143.490,146.000,143.390,143.410,143.850,1063960,154150806.000,9400,143.410,2500,143.400,1400,143.390,100,143.380,500,143.300,100,143.850,100,143.890,1320,143.910,100,143.970,400,143.980,2021-01-11,09:38:59,00,";
var hq_str_sh603259="药明康德,145.500,146.210,144.310,146.000,143.390,144.260,144.310,1207379,174803509.000,200,144.260,100,144.250,300,144.220,200,144.060,14400,144.000,700,144.310,700,144.350,100,144.380,1400,144.390,3800,144.400,2021-01-11,09:39:59,00,";
var hq_str_sh603259="药明康德,145.500,146.210,145.430,146.000,143.390,145.160,145.430,1281479,185519467.000,3200,145.160,400,145.150,100,145.140,100,145.130,100,145.120,5400,145.430,800,145.490,4200,145.500,300,145.640,200,145.650,2021-01-11,09:40:59,00,";
var hq_str_sh603259="药明康德,145.500,146.210,144.680,146.000,143.390,144.680,144.780,1362479,197283677.000,300,144.680,200,144.430,400,144.410,100,144.400,100,144.320,1300,144.780,100,144.980,6000,145.000,400,145.010,800,145.020,2021-01-11,09:41:58,00,";
var hq_str_sh603259="药明康德,145.500,146.210,144.140,146.000,143.390,144.140,144.200,1507679,218266035.000,100,144.140,2000,144.130,100,144.120,100,144.110,600,144.000,3000,144.200,100,144.320,300,144.400,800,144.470,1600,144.480,2021-01-11,09:42:59,00,";
var hq_str_sh603259="药明康德,145.500,146.210,144.100,146.000,143.390,144.030,144.100,1583179,229144682.000,100,144.030,6400,144.020,800,144.010,200,144.000,100,143.990,2200,144.100,2900,144.130,500,144.460,200,144.470,700,144.480,2021-01-11,09:43:59,00,";
var hq_str_sh603259="药明康德,145.500,146.210,143.900,146.000,143.390,143.900,143.970,1631279,236070824.000,600,143.900,100,143.890,1900,143.880,100,143.870,100,143.860,800,143.970,1300,143.980,14500,143.990,400,144.000,1000,144.020,2021-01-11,09:44:59,00,";
var hq_str_sh603259="药明康德,145.500,146.210,144.560,146.000,143.390,144.500,144.640,1690279,244570865.000,400,144.500,200,144.490,4600,144.480,100,144.470,100,144.460,100,144.640,100,144.680,100,144.730,200,144.770,600,144.780,2021-01-11,09:45:59,00,";
var hq_str_sh603259="药明康德,145.500,146.210,145.200,146.000,143.390,145.200,145.300,1760739,254778631.000,1700,145.200,2600,145.190,200,145.160,200,145.140,400,145.130,500,145.300,100,145.320,200,145.360,100,145.370,100,145.400,2021-01-11,09:46:59,00,";
var hq_str_sh603259="药明康德,145.500,146.210,145.800,146.000,143.390,145.790,145.800,1802039,260783904.000,200,145.790,200,145.780,300,145.770,200,145.760,400,145.750,4400,145.800,200,145.830,300,145.900,1000,145.940,2000,145.950,2021-01-11,09:47:59,00,";
var hq_str_sh603259="药明康德,145.500,146.210,146.100,146.200,143.390,146.090,146.180,1913339,277023804.000,3500,146.090,300,146.080,200,146.070,200,146.060,200,146.050,6300,146.180,100,146.200,3600,146.210,100,146.280,1000,146.300,2021-01-11,09:48:59,00,";
var hq_str_sh603259="药明康德,145.500,146.210,146.510,146.600,143.390,146.510,146.600,2022439,292997551.000,8500,146.510,7800,146.500,12300,146.490,14500,146.480,100,146.470,12400,146.600,900,146.650,500,146.660,300,146.680,200,146.700,2021-01-11,09:49:59,00,";
var hq_str_sh603259="药明康德,145.500,146.210,146.990,146.990,143.390,146.990,147.000,2160289,313227666.000,2800,146.990,4700,146.980,500,146.970,100,146.960,100,146.950,2100,147.000,100,147.100,100,147.160,100,147.180,700,147.190,2021-01-11,09:50:59,00,";
var hq_str_sh603259="药明康德,145.500,146.210,147.030,147.190,143.390,147.030,147.080,2266609,328859523.000,6400,147.030,100,147.010,100,146.980,300,146.900,100,146.830,900,147.080,100,147.090,1500,147.100,200,147.120,100,147.130,2021-01-11,09:51:59,00,";
var hq_str_sh603259="药明康德,145.500,146.210,147.350,147.360,143.390,147.200,147.350,2374109,344677766.000,200,147.200,1400,147.120,100,147.110,600,147.090,1200,147.000,3700,147.350,400,147.380,400,147.390,200,147.400,100,147.410,2021-01-11,09:52:59,00,";
var hq_str_sh603259="药明康德,145.500,146.210,147.230,147.360,143.390,147.230,147.270,2514209,365284574.000,7100,147.230,900,147.220,100,147.130,300,147.060,100,147.050,600,147.270,800,147.300,200,147.320,100,147.330,2700,147.350,2021-01-11,09:53:59,00,";
var hq_str_sh603259="药明康德,145.500,146.210,147.000,147.360,143.390,147.000,147.120,2588609,376224864.000,100,147.000,2200,146.970,100,146.960,100,146.950,2200,146.940,1000,147.120,100,147.150,300,147.200,100,147.220,2500,147.230,2021-01-11,09:54:59,00,";
var hq_str_sh603259="药明康德,145.500,146.210,146.570,147.360,143.390,146.550,146.570,2620109,380845812.000,900,146.550,100,146.530,500,146.520,500,146.510,800,146.500,300,146.570,400,146.590,1300,146.680,1200,146.690,500,146.700,2021-01-11,09:55:59,00,";
var hq_str_sh603259="药明康德,145.500,146.210,147.030,147.360,143.390,147.000,147.030,2660909,386836567.000,1100,147.000,100,146.980,300,146.970,100,146.960,100,146.940,1900,147.030,200,147.090,100,147.100,100,147.120,500,147.200,2021-01-11,09:56:59,00,";
var hq_str_sh603259="药明康德,145.500,146.210,147.410,147.470,143.390,147.400,147.470,2749309,399843703.000,100,147.400,2200,147.390,100,147.380,100,147.360,900,147.350,2200,147.470,100,147.480,600,147.490,4700,147.500,100,147.510,2021-01-11,09:57:59,00,";
var hq_str_sh603259="药明康德,145.500,146.210,148.100,148.170,143.390,148.110,148.170,2837129,412829259.000,2100,148.110,100,148.000,16380,147.970,100,147.960,100,147.950,800,148.170,2000,148.180,3700,148.200,300,148.210,300,148.280,2021-01-11,09:58:59,00,";
var hq_str_sh603259="药明康德,145.500,146.210,147.790,148.170,143.390,147.660,147.780,2930565,426633249.000,100,147.660,200,147.650,100,147.640,100,147.630,100,147.620,100,147.780,300,147.790,700,147.800,200,147.810,640,147.820,2021-01-11,09:59:59,00,";
var hq_str_sh603259="药明康德,145.500,146.210,148.100,148.170,143.390,148.080,148.100,2975941,433345322.000,100,148.080,200,148.070,100,148.050,100,148.040,200,148.030,900,148.100,100,148.110,100,148.150,900,148.170,2000,148.180,2021-01-11,10:00:59,00,";
var hq_str_sh603259="药明康德,145.500,146.210,148.560,148.600,143.390,148.540,148.600,3029657,441312920.000,200,148.540,200,148.530,100,148.520,200,148.510,400,148.500,3200,148.600,1000,148.630,100,148.660,500,148.680,100,148.720,2021-01-11,10:01:59,00,";
var hq_str_sh603259="药明康德,145.500,146.210,148.920,148.930,143.390,148.910,148.920,3102957,452213559.000,300,148.910,800,148.900,100,148.880,200,148.870,1800,148.860,500,148.920,1800,148.930,400,148.940,200,148.950,1000,148.970,2021-01-11,10:02:59,00,";
var hq_str_sh603259="药明康德,145.500,146.210,149.200,149.320,143.390,149.090,149.200,3235297,471927543.000,300,149.090,100,149.060,400,149.050,19600,149.040,200,149.030,800,149.200,1400,149.250,300,149.320,300,149.330,300,149.390,2021-01-11,10:03:59,00,";
var hq_str_sh603259="药明康德,145.500,146.210,149.350,149.390,143.390,149.350,149.400,3304297,482223418.000,100,149.350,100,149.340,300,149.330,100,149.320,3100,149.300,200,149.400,100,149.410,500,149.450,200,149.460,500,149.470,2021-01-11,10:04:59,00,";
var hq_str_sh603259="药明康德,145.500,146.210,149.920,149.920,143.390,149.930,149.940,3378377,493312011.000,400,149.930,200,149.920,18000,149.910,600,149.900,600,149.890,300,149.940,100,149.950,1200,149.960,200,149.970,2500,149.980,2021-01-11,10:05:59,00,";
var hq_str_sh603259="药明康德,145.500,146.210,149.880,149.970,143.390,149.870,149.880,3589453,524946040.000,200,149.870,1100,149.860,300,149.850,3600,149.830,8100,149.820,600,149.880,3300,149.890,500,149.900,200,149.920,2000,149.930,2021-01-11,10:06:59,00,";
var hq_str_sh603259="药明康德,145.500,146.210,149.710,149.990,143.390,149.680,149.710,3715553,543845452.000,6100,149.680,300,149.660,700,149.650,1400,149.600,100,149.580,4200,149.710,4200,149.780,100,149.800,200,149.830,100,149.860,2021-01-11,10:07:59,00,";
var hq_str_sh603259="药明康德,145.500,146.210,149.870,149.990,143.390,149.870,149.880,3780853,553611388.000,5100,149.870,200,149.840,2000,149.830,100,149.820,1900,149.800,1020,149.880,100,149.890,700,149.900,1200,149.910,700,149.930,2021-01-11,10:08:59,00,";
var hq_str_sh603259="药明康德,145.500,146.210,149.890,150.000,143.390,149.890,149.970,3923176,574951920.000,21500,149.890,37900,149.880,300,149.870,300,149.860,500,149.850,100,149.970,500,149.990,7776,150.000,100,150.010,200,150.030,2021-01-11,10:09:59,00,";
var hq_str_sh603259="药明康德,145.500,146.210,150.570,150.570,143.390,150.530,150.580,4015832,588868136.000,200,150.530,100,150.520,800,150.500,200,150.490,200,150.480,500,150.580,100,150.590,4000,150.600,200,150.620,400,150.630,2021-01-11,10:10:59,00,";
var hq_str_sh603259="药明康德,145.500,146.210,149.850,150.600,143.390,149.840,149.850,4232632,621438451.000,100,149.840,300,149.780,100,149.670,200,149.560,700,149.510,3700,149.850,3500,149.880,1600,149.890,3300,149.900,1700,149.960,2021-01-11,10:12:02,00,";
var hq_str_sh603259="药明康德,145.500,146.210,149.090,150.600,143.390,149.090,149.100,4317332,634073309.000,1200,149.090,200,149.080,300,149.070,200,149.060,600,149.020,2300,149.100,19800,149.120,600,149.140,100,149.170,100,149.180,2021-01-11,10:12:59,00,";
var hq_str_sh603259="药明康德,145.500,146.210,148.630,150.600,143.390,148.620,148.630,4390242,644915343.000,400,148.620,200,148.600,500,148.590,11500,148.530,100,148.520,300,148.630,300,148.670,200,148.690,700,148.770,500,148.790,2021-01-11,10:13:59,00,";
var hq_str_sh603259="药明康德,145.500,146.210,149.060,150.600,143.390,149.060,149.080,4466738,656309056.000,600,149.060,100,149.040,100,149.020,400,148.900,700,148.800,300,149.080,1100,149.100,100,149.120,100,149.170,500,149.220,2021-01-11,10:14:59,00,";
var hq_str_sh603259="药明康德,145.500,146.210,148.810,150.600,143.390,148.810,148.930,4523938,664823546.000,7900,148.810,200,148.710,1100,148.700,200,148.690,800,148.680,100,148.930,400,148.990,2940,149.000,200,149.040,1500,149.060,2021-01-11,10:15:59,00,";
var hq_str_sh603259="药明康德,145.500,146.210,148.960,150.600,143.390,148.960,148.990,4572596,672063280.000,300,148.960,642,148.930,1900,148.920,2200,148.890,1400,148.880,300,148.990,2440,149.000,800,149.060,300,149.100,200,149.130,2021-01-11,10:16:59,00,";
var hq_str_sh603259="药明康德,145.500,146.210,149.170,150.600,143.390,149.170,149.300,4647236,683181582.000,4900,149.170,1200,149.160,27100,149.130,1700,149.120,1100,149.100,100,149.300,500,149.440,900,149.460,100,149.470,500,149.480,2021-01-11,10:17:59,00,";
var hq_str_sh603259="药明康德,145.500,146.210,149.850,150.600,143.390,149.750,149.880,4684816,688801877.000,13620,149.750,300,149.740,26300,149.670,10800,149.660,100,149.620,800,149.880,3500,149.900,100,149.930,4100,149.960,400,149.980,2021-01-11,10:18:59,00,";
var hq_str_sh603259="药明康德,145.500,146.210,149.900,150.600,143.390,149.890,149.920,4780301,703105903.000,200,149.890,100,149.840,400,149.830,100,149.780,26315,149.770,100,149.920,200,149.930,4000,149.960,500,149.980,6300,149.990,2021-01-11,10:19:59,00,";
var hq_str_sh603259="药明康德,145.500,146.210,149.910,150.600,143.390,149.910,149.990,4916401,723515910.000,2100,149.910,700,149.900,100,149.760,200,149.750,300,149.740,600,149.990,2535,150.000,300,150.010,5200,150.020,400,150.030,2021-01-11,10:20:58,00,";
var hq_str_sh603259="药明康德,145.500,146.210,150.230,150.600,143.390,150.230,150.290,4983336,733564881.000,800,150.230,600,150.220,1200,150.200,19100,150.180,100,150.120,1100,150.290,6600,150.300,200,150.330,2200,150.380,1100,150.390,2021-01-11,10:21:59,00,";
var hq_str_sh603259="药明康德,145.500,146.210,150.450,150.600,143.390,150.400,150.450,5071636,746842145.000,2300,150.400,500,150.370,6500,150.360,14900,150.350,2200,150.330,3500,150.450,3300,150.460,500,150.470,800,150.480,1600,150.490,2021-01-11,10:22:59,00,";
var hq_str_sh603259="药明康德,145.500,146.210,150.700,150.770,143.390,150.700,150.750,5157236,759725757.000,400,150.700,300,150.690,2500,150.680,2800,150.620,37400,150.610,500,150.750,100,150.780,200,150.790,13100,150.800,400,150.820,2021-01-11,10:23:59,00,";
var hq_str_sh603259="药明康德,145.500,146.210,150.950,150.950,143.390,150.950,150.960,5248336,773465984.000,300,150.950,1700,150.900,100,150.880,6000,150.850,1400,150.840,1100,150.960,700,150.970,3000,150.980,4900,150.990,70508,151.000,2021-01-11,10:24:59,00,";
var hq_str_sh603259="药明康德,145.500,146.210,150.990,151.000,143.390,150.980,150.990,5346236,788247116.000,6700,150.980,14600,150.970,100,150.960,100,150.940,1900,150.920,5000,150.990,63008,151.000,2300,151.010,1500,151.020,400,151.040,2021-01-11,10:25:59,00,";
var hq_str_sh603259="药明康德,145.500,146.210,150.420,151.000,143.390,150.220,150.420,5426136,800298157.000,1100,150.220,200,150.210,900,150.200,200,150.190,200,150.180,100,150.420,1100,150.430,700,150.440,1600,150.450,1500,150.470,2021-01-11,10:26:59,00,";
var hq_str_sh603259="药明康德,145.500,146.210,150.430,151.000,143.390,150.400,150.430,5466036,806295283.000,300,150.400,100,150.390,22000,150.340,3800,150.330,300,150.300,5400,150.430,700,150.440,400,150.450,1900,150.470,800,150.500,2021-01-11,10:27:59,00,";
var hq_str_sh603259="药明康德,145.500,146.210,150.650,151.000,143.390,150.630,150.800,5505986,812307868.000,10000,150.630,700,150.620,1700,150.610,100,150.600,100,150.510,7800,150.800,300,150.860,800,150.890,1100,150.900,200,150.910,2021-01-11,10:28:59,00,";
var hq_str_sh603259="药明康德,145.500,146.210,150.800,151.000,143.390,150.800,150.980,5569486,821880187.000,2900,150.800,500,150.760,1000,150.740,100,150.730,100,150.670,3800,150.980,7500,150.990,74088,151.000,2500,151.010,300,151.020,2021-01-11,10:29:59,00,";
var hq_str_sh603259="药明康德,145.500,146.210,151.010,151.010,143.390,151.000,151.010,5676354,838016340.000,6832,151.000,19000,150.990,4500,150.980,300,150.970,1800,150.850,2300,151.010,500,151.020,500,151.040,8900,151.050,12100,151.080,2021-01-11,10:30:59,00,";
var hq_str_sh603259="药明康德,145.500,146.210,151.200,151.250,143.390,151.130,151.200,5786402,854647779.000,700,151.130,400,151.110,18400,151.070,300,151.060,700,151.050,6300,151.200,4300,151.230,16600,151.240,25700,151.250,100,151.270,2021-01-11,10:31:59,00,";
var hq_str_sh603259="药明康德,145.500,146.210,150.730,151.250,143.390,150.580,150.730,5892402,870665003.000,100,150.580,3500,150.510,200,150.500,600,150.480,100,150.470,200,150.730,4600,150.740,300,150.770,100,150.800,200,150.850,2021-01-11,10:32:59,00,";
var hq_str_sh603259="药明康德,145.500,146.210,150.400,151.250,143.390,150.150,150.430,5952962,879772358.000,1000,150.150,200,150.110,3000,150.100,3000,150.070,400,150.060,700,150.430,300,150.450,600,150.470,5100,150.480,1000,150.500,2021-01-11,10:33:59,00,";
var hq_str_sh603259="药明康德,145.500,146.210,150.390,151.250,143.390,150.230,150.390,5994962,886086268.000,1600,150.230,200,150.220,300,150.170,9800,150.160,1000,150.150,1800,150.390,5200,150.400,2100,150.410,100,150.440,4200,150.450,2021-01-11,10:34:59,00,";
var hq_str_sh603259="药明康德,145.500,146.210,150.400,151.250,143.390,150.400,150.440,6025662,890703374.000,3500,150.400,1600,150.380,6900,150.370,100,150.300,200,150.280,600,150.440,400,150.470,5000,150.480,200,150.490,1000,150.500,2021-01-11,10:35:59,00,";
var hq_str_sh603259="药明康德,145.500,146.210,150.000,151.250,143.390,149.990,150.000,6110177,903404923.000,100,149.990,600,149.970,200,149.880,500,149.810,1000,149.800,185,150.000,900,150.190,300,150.210,100,150.230,600,150.370,2021-01-11,10:36:59,00,";
var hq_str_sh603259="药明康德,145.500,146.210,149.510,151.250,143.390,149.510,149.810,6152677,909767536.000,3000,149.510,5000,149.500,1600,149.490,600,149.310,20100,149.300,200,149.810,1000,149.900,100,149.920,200,149.930,2500,149.940,2021-01-11,10:37:59,00,";
var hq_str_sh603259="药明康德,145.500,146.210,149.500,151.250,143.390,149.510,149.710,6211077,918507925.000,100,149.510,2300,149.500,1800,149.490,500,149.480,200,149.350,100,149.710,744,149.720,200,149.730,500,149.760,200,149.770,2021-01-11,10:38:59,00,";
var hq_str_sh603259="药明康德,145.500,146.210,149.940,151.250,143.390,149.870,149.940,6270621,927409362.000,100,149.870,100,149.860,8900,149.850,1100,149.810,100,149.780,200,149.940,100,149.990,9985,150.000,100,150.160,200,150.200,2021-01-11,10:39:59,00,";
var hq_str_sh603259="药明康德,145.500,146.210,149.710,151.250,143.390,149.710,149.780,6323721,935364836.000,1000,149.710,20000,149.700,600,149.620,200,149.610,12200,149.570,200,149.780,6600,149.800,3300,149.850,100,149.890,200,149.900,2021-01-11,10:40:59,00,";
var hq_str_sh603259="药明康德,145.500,146.210,150.250,151.250,143.390,150.250,150.300,6376326,943247320.000,600,150.250,1500,150.240,100,150.230,100,150.200,1200,150.010,200,150.300,400,150.380,3000,150.400,600,150.440,100,150.450,2021-01-11,10:41:59,00,";
var hq_str_sh603259="药明康德,145.500,146.210,150.500,151.250,143.390,150.500,150.520,6407926,948001752.000,1100,150.500,13900,150.480,11200,150.470,100,150.460,100,150.410,300,150.520,400,150.550,100,150.660,600,150.700,200,150.730,2021-01-11,10:42:59,00,";
var hq_str_sh603259="药明康德,145.500,146.210,150.600,151.250,143.390,150.590,150.600,6435826,952201324.000,100,150.590,400,150.550,700,150.520,7000,150.500,20300,150.490,3300,150.600,200,150.640,300,150.650,300,150.660,500,150.670,2021-01-11,10:43:59,00,";
var hq_str_sh603259="药明康德,145.500,146.210,150.800,151.250,143.390,150.800,150.860,6455586,955178380.000,5300,150.800,100,150.690,1800,150.680,200,150.670,600,150.660,6300,150.860,620,150.880,200,150.890,6500,150.900,1700,150.980,2021-01-11,10:44:59,00,";
var hq_str_sh603259="药明康德,145.500,146.210,150.470,151.250,143.390,150.300,150.460,6549886,969391881.000,200,150.300,500,150.120,100,150.070,200,150.010,1515,150.000,100,150.460,3100,150.470,600,150.510,400,150.520,100,150.540,2021-01-11,10:45:59,00,";
var hq_str_sh603259="药明康德,145.500,146.210,150.450,151.250,143.390,150.300,150.500,6577386,973530785.000,1200,150.300,500,150.120,100,150.070,200,150.010,1215,150.000,1000,150.500,200,150.510,2700,150.520,600,150.570,200,150.800,2021-01-11,10:46:59,00,";
var hq_str_sh603259="药明康德,145.500,146.210,150.450,151.250,143.390,150.450,150.500,6613186,978909909.000,600,150.450,5300,150.290,100,150.020,2615,150.000,100,149.850,18400,150.500,900,150.520,200,150.550,500,150.570,500,150.610,2021-01-11,10:47:59,00,";
var hq_str_sh603259="药明康德,145.500,146.210,150.560,151.250,143.390,150.560,150.600,6647742,984110408.000,2600,150.560,2800,150.550,1700,150.540,100,150.510,1844,150.500,600,150.600,500,150.610,200,150.640,1100,150.700,300,150.780,2021-01-11,10:48:59,00,";
var hq_str_sh603259="药明康德,145.500,146.210,150.790,151.250,143.390,150.790,150.800,6666506,986938557.000,4432,150.790,100,150.780,7704,150.770,16300,150.700,1400,150.650,5200,150.800,400,150.830,500,150.850,600,150.870,5320,150.880,2021-01-11,10:49:59,00,";
var hq_str_sh603259="药明康德,145.500,146.210,150.510,151.250,143.390,150.510,150.550,6719670,994951637.000,2200,150.510,1000,150.500,3200,150.490,2600,150.360,100,150.350,200,150.550,100,150.560,200,150.720,300,150.750,300,150.770,2021-01-11,10:50:59,00,";
var hq_str_sh603259="药明康德,145.500,146.210,150.880,151.250,143.390,150.880,150.890,6750817,999648851.000,7553,150.880,100,150.860,900,150.850,100,150.840,13800,150.830,400,150.890,6700,150.900,1900,150.980,1600,150.990,13400,151.000,2021-01-11,10:51:59,00,";
var hq_str_sh603259="药明康德,145.500,146.210,151.350,151.350,143.390,151.340,151.350,6829917,1011601055.000,8700,151.340,1100,151.300,100,151.270,300,151.250,600,151.240,1600,151.350,200,151.360,4400,151.380,100,151.390,1000,151.400,2021-01-11,10:52:59,00,";
var hq_str_sh603259="药明康德,145.500,146.210,151.380,151.400,143.390,151.380,151.390,6884417,1019850721.000,2400,151.380,18200,151.370,300,151.350,100,151.340,1000,151.300,2000,151.390,3800,151.400,100,151.440,900,151.450,700,151.460,2021-01-11,10:53:59,00,";
var hq_str_sh603259="药明康德,145.500,146.210,151.480,151.510,143.390,151.420,151.480,6951417,1029996890.000,200,151.420,6300,151.380,2000,151.360,100,151.350,100,151.340,100,151.480,300,151.490,5300,151.500,1264,151.510,400,151.520,2021-01-11,10:54:59,00,";
var hq_str_sh603259="药明康德,145.500,146.210,150.750,151.510,143.390,150.600,150.610,7000417,1037400160.000,100,150.600,100,150.560,1200,150.550,200,150.540,100,150.510,1000,150.610,600,150.750,2500,150.800,200,150.830,3900,150.840,2021-01-11,10:55:59,00,";
var hq_str_sh603259="药明康德,145.500,146.210,150.580,151.510,143.390,150.570,150.610,7036717,1042867621.000,1800,150.570,3800,150.550,200,150.540,3800,150.510,1400,150.500,900,150.610,2900,150.700,100,150.750,2000,150.800,500,150.840,2021-01-11,10:56:59,00,";
var hq_str_sh603259="药明康德,145.500,146.210,150.730,151.510,143.390,150.730,150.750,7064117,1046995627.000,900,150.730,5200,150.710,600,150.700,100,150.680,100,150.620,2000,150.750,12100,150.800,500,150.840,1100,150.860,200,150.880,2021-01-11,10:57:59,00,";
var hq_str_sh603259="药明康德,145.500,146.210,150.620,151.510,143.390,150.620,150.710,7082217,1049723659.000,1700,150.620,300,150.600,200,150.590,3100,150.550,200,150.540,2000,150.710,100,150.720,3400,150.750,100,150.790,12100,150.800,2021-01-11,10:58:59,00,";
var hq_str_sh603259="药明康德,145.500,146.210,150.590,151.510,143.390,150.550,150.590,7114317,1054559436.000,3000,150.550,200,150.540,2300,150.500,100,150.470,500,150.410,300,150.590,800,150.600,500,150.610,100,150.620,100,150.630,2021-01-11,10:59:59,00,";
var hq_str_sh603259="药明康德,145.500,146.210,149.600,151.510,143.390,149.600,149.630,7152817,1060334211.000,3100,149.600,4800,149.580,10000,149.570,1400,149.500,100,149.490,100,149.630,5900,149.700,700,149.710,1000,149.900,1100,149.930,2021-01-11,11:00:59,00,";
var hq_str_sh603259="药明康德,145.500,146.210,149.960,151.510,143.390,149.960,150.000,7191357,1066104653.000,300,149.960,300,149.920,100,149.850,100,149.840,16960,149.830,1300,150.000,400,150.010,100,150.180,100,150.350,1600,150.470,2021-01-11,11:01:59,00,";
var hq_str_sh603259="药明康德,145.500,146.210,149.300,151.510,143.390,149.300,149.310,7283757,1079931526.000,15200,149.300,1000,149.290,100,149.230,2900,149.170,300,149.160,900,149.310,200,149.350,500,149.380,1700,149.400,300,149.410,2021-01-11,11:02:59,00,";
var hq_str_sh603259="药明康德,145.500,146.210,150.000,151.510,143.390,150.000,150.380,7309557,1083791538.000,900,150.000,300,149.980,1900,149.890,2000,149.840,300,149.830,200,150.380,3300,150.400,1000,150.450,800,150.470,200,150.500,2021-01-11,11:03:59,00,";
var hq_str_sh603259="药明康德,145.500,146.210,149.940,151.510,143.390,149.940,150.000,7324957,1086101394.000,8100,149.940,15600,149.930,100,149.920,400,149.910,1400,149.890,400,150.000,2900,150.200,2300,150.350,800,150.470,300,150.500,2021-01-11,11:04:59,00,";
var hq_str_sh603259="药明康德,145.500,146.210,150.550,151.510,143.390,150.500,150.550,7337457,1087978769.000,200,150.500,100,150.300,1700,150.230,700,150.030,12000,150.020,200,150.550,100,150.590,200,150.600,100,150.620,100,150.630,2021-01-11,11:05:59,00,";
var hq_str_sh603259="药明康德,145.500,146.210,150.490,151.510,143.390,150.280,150.490,7385557,1095218488.000,300,150.280,100,150.270,100,150.260,6500,150.250,600,150.240,100,150.490,3600,150.500,900,150.510,300,150.520,200,150.550,2021-01-11,11:06:59,00,";
var hq_str_sh603259="药明康德,145.500,146.210,150.300,151.510,143.390,150.300,150.500,7396457,1096857108.000,6100,150.300,4400,150.290,100,150.280,100,150.270,800,150.260,6480,150.500,600,150.510,200,150.550,500,150.560,700,150.580,2021-01-11,11:07:59,00,";
var hq_str_sh603259="药明康德,145.500,146.210,150.410,151.510,143.390,150.410,150.420,7430957,1102046609.000,400,150.410,7800,150.370,300,150.360,200,150.350,100,150.340,1280,150.420,200,150.500,600,150.510,200,150.550,500,150.560,2021-01-11,11:08:59,00,";
var hq_str_sh603259="药明康德,145.500,146.210,150.430,151.510,143.390,150.420,150.500,7448057,1104618665.000,13100,150.420,500,150.400,400,150.390,300,150.370,300,150.360,800,150.500,3500,150.510,200,150.550,500,150.560,700,150.580,2021-01-11,11:09:59,00,";
var hq_str_sh603259="药明康德,145.500,146.210,149.930,151.510,143.390,149.830,149.930,7492257,1111264176.000,500,149.830,100,149.810,600,149.800,1200,149.700,500,149.630,3100,149.930,100,149.940,500,149.980,200,150.030,1300,150.070,2021-01-11,11:10:59,00,";
var hq_str_sh603259="药明康德,145.500,146.210,149.670,151.510,143.390,149.670,149.750,7513357,1114422869.000,7100,149.670,500,149.660,100,149.650,600,149.600,600,149.590,200,149.750,100,149.770,700,149.800,1300,149.830,100,149.940,2021-01-11,11:11:59,00,";
var hq_str_sh603259="药明康德,145.500,146.210,150.000,151.510,143.390,149.910,150.000,7532157,1117239876.000,16600,149.910,100,149.900,200,149.800,2300,149.790,100,149.770,4026,150.000,200,150.030,100,150.070,100,150.280,400,150.430,2021-01-11,11:12:59,00,";
var hq_str_sh603259="药明康德,145.500,146.210,150.360,151.510,143.390,150.360,150.370,7577483,1124050910.000,2000,150.360,1800,150.350,100,150.320,3700,150.310,3674,150.000,500,150.370,700,150.390,1400,150.400,400,150.430,3400,150.440,2021-01-11,11:13:59,00,";
var hq_str_sh603259="药明康德,145.500,146.210,150.320,151.510,143.390,150.320,150.360,7630383,1132000521.000,100,150.320,2700,150.310,200,150.300,674,150.050,6600,150.000,1227,150.360,400,150.430,3400,150.440,1600,150.500,200,150.550,2021-01-11,11:14:59,00,";
var hq_str_sh603259="药明康德,145.500,146.210,150.600,151.510,143.390,150.570,150.600,7658810,1136277560.000,7900,150.570,6500,150.560,300,150.500,9100,150.450,100,150.300,800,150.600,100,150.620,100,150.630,100,150.650,2100,150.680,2021-01-11,11:15:59,00,";
var hq_str_sh603259="药明康德,145.500,146.210,150.690,151.510,143.390,150.560,150.600,7699810,1142456163.000,6500,150.560,300,150.500,100,150.300,200,150.160,200,150.020,100,150.600,100,150.690,100,150.700,200,150.790,800,150.800,2021-01-11,11:16:59,00,";
var hq_str_sh603259="药明康德,145.500,146.210,150.700,151.510,143.390,150.360,150.700,7729010,1146854466.000,200,150.360,9100,150.350,8800,150.310,100,150.300,1100,150.020,2300,150.700,100,150.760,300,150.790,900,150.800,200,150.830,2021-01-11,11:17:59,00,";
var hq_str_sh603259="药明康德,145.500,146.210,150.330,151.510,143.390,150.330,150.680,7770710,1153131440.000,200,150.330,100,150.300,100,150.200,100,150.080,1800,150.030,200,150.680,500,150.690,1000,150.700,400,150.780,300,150.790,2021-01-11,11:18:59,00,";
var hq_str_sh603259="药明康德,145.500,146.210,150.370,151.510,143.390,150.370,150.500,7796210,1156968311.000,600,150.370,16200,150.360,4500,150.350,700,150.300,1800,150.060,1400,150.500,200,150.580,900,150.590,6700,150.600,400,150.670,2021-01-11,11:19:59,00,";
var hq_str_sh603259="药明康德,145.500,146.210,150.320,151.510,143.390,150.320,150.360,7848710,1164861335.000,1400,150.320,400,150.100,1700,150.050,200,150.020,300,150.010,600,150.360,200,150.450,1400,150.580,300,150.590,3600,150.600,2021-01-11,11:20:59,00,";
var hq_str_sh603259="药明康德,145.500,146.210,150.080,151.510,143.390,150.080,150.090,7882610,1169954668.000,6800,150.080,100,150.060,1700,150.050,500,150.030,200,150.020,2000,150.090,500,150.240,300,150.260,400,150.270,2800,150.300,2021-01-11,11:21:59,00,";
var hq_str_sh603259="药明康德,145.500,146.210,150.030,151.510,143.390,150.030,150.040,7921210,1175750189.000,400,150.030,200,150.020,300,150.010,7700,150.000,100,149.980,100,150.040,100,150.160,800,150.210,1000,150.250,4300,150.300,2021-01-11,11:22:59,00,";
var hq_str_sh603259="药明康德,145.500,146.210,149.960,151.510,143.390,149.900,149.960,7980910,1184709725.000,1100,149.900,600,149.820,1100,149.800,2300,149.790,600,149.740,200,149.960,5600,150.000,2200,150.030,300,150.040,400,150.060,2021-01-11,11:23:59,00,";
var hq_str_sh603259="药明康德,145.500,146.210,149.410,151.510,143.390,149.400,149.410,8043810,1194116096.000,1400,149.400,11500,149.300,1100,149.290,200,149.250,800,149.200,700,149.410,3200,149.500,100,149.520,500,149.530,2000,149.570,2021-01-11,11:24:59,00,";
var hq_str_sh603259="药明康德,145.500,146.210,149.300,151.510,143.390,149.310,149.340,8118850,1205322912.000,400,149.310,4060,149.300,7600,149.290,1100,149.280,200,149.250,100,149.340,700,149.530,100,149.540,1400,149.800,100,149.950,2021-01-11,11:25:59,00,";
var hq_str_sh603259="药明康德,145.500,146.210,149.010,151.510,143.390,149.010,149.160,8209050,1218779188.000,1660,149.010,16100,149.000,200,148.990,300,148.980,200,148.910,5700,149.160,200,149.200,500,149.230,100,149.500,100,149.530,2021-01-11,11:26:59,00,";
var hq_str_sh603259="药明康德,145.500,146.210,149.000,151.510,143.390,149.000,149.010,8305510,1233161935.000,8100,149.000,300,148.980,300,148.970,200,148.910,200,148.890,100,149.010,200,149.030,300,149.250,1100,149.450,100,149.460,2021-01-11,11:27:59,00,";
var hq_str_sh603259="药明康德,145.500,146.210,149.470,151.510,143.390,149.250,149.480,8348210,1239523260.000,5300,149.250,400,149.000,200,148.960,100,148.880,200,148.870,100,149.480,100,149.490,4300,149.500,200,149.510,100,149.530,2021-01-11,11:28:59,00,";
var hq_str_sh603259="药明康德,145.500,146.210,149.450,151.510,143.390,149.030,149.450,8368510,1242555204.000,400,149.030,500,149.020,3400,149.010,1500,149.000,200,148.960,600,149.450,1300,149.470,1300,149.500,200,149.510,100,149.530,2021-01-11,11:29:59,00,";
var hq_str_sh603259="药明康德,145.500,146.210,149.450,151.510,143.390,149.450,149.470,8370510,1242853632.000,600,149.450,3300,149.010,1500,149.000,200,148.960,200,148.900,1300,149.470,1300,149.500,200,149.510,100,149.530,900,149.540,2021-01-11,13:00:00,00,";
var hq_str_sh603259="药明康德,145.500,146.210,149.420,151.510,143.390,149.420,149.430,8427710,1251389939.000,100,149.420,100,149.210,1300,149.200,100,149.190,5700,149.180,3400,149.430,3000,149.450,600,149.470,200,149.490,1500,149.500,2021-01-11,13:01:00,00,";
var hq_str_sh603259="药明康德,145.500,146.210,149.240,151.510,143.390,149.230,149.320,8457190,1255790245.000,10820,149.230,14500,149.220,1500,149.210,300,149.200,100,149.190,1500,149.320,4100,149.430,300,149.450,600,149.470,200,149.490,2021-01-11,13:02:00,00,";
var hq_str_sh603259="药明康德,145.500,146.210,149.460,151.510,143.390,149.460,149.470,8514390,1264330133.000,300,149.460,1100,149.450,1900,149.430,10000,149.370,7300,149.350,600,149.470,200,149.490,1400,149.500,100,149.530,900,149.540,2021-01-11,13:03:00,00,";
var hq_str_sh603259="药明康德,145.500,146.210,149.540,151.510,143.390,149.540,149.800,8544190,1268786030.000,700,149.540,11100,149.510,1500,149.500,1800,149.490,2700,149.470,320,149.800,700,149.880,100,149.950,200,149.980,1800,149.990,2021-01-11,13:03:57,00,";
var hq_str_sh603259="药明康德,145.500,146.210,149.820,151.510,143.390,149.820,149.880,8554010,1270256727.000,5900,149.820,100,149.810,680,149.800,200,149.750,2200,149.730,800,149.880,500,149.950,300,149.960,200,149.980,800,149.990,2021-01-11,13:05:00,00,";
var hq_str_sh603259="药明康德,145.500,146.210,149.700,151.510,143.390,149.490,149.550,8612490,1279020175.000,900,149.490,200,149.450,7300,149.350,700,149.260,1500,149.250,900,149.550,800,149.620,100,149.730,200,149.830,300,149.840,2021-01-11,13:06:00,00,";
var hq_str_sh603259="药明康德,145.500,146.210,149.640,151.510,143.390,149.500,149.650,8625490,1280963987.000,8200,149.500,2400,149.490,100,149.470,100,149.390,100,149.380,2400,149.650,100,149.690,2700,149.700,1400,149.750,100,149.840,2021-01-11,13:07:00,00,";
var hq_str_sh603259="药明康德,145.500,146.210,149.890,151.510,143.390,149.890,149.940,8667770,1287289886.000,1700,149.890,300,149.880,2400,149.860,1400,149.850,2220,149.760,100,149.940,600,149.950,40,149.960,100,149.970,1800,149.990,2021-01-11,13:08:00,00,";
var hq_str_sh603259="药明康德,145.500,146.210,150.100,151.510,143.390,150.100,150.210,8695770,1291492156.000,600,150.100,100,150.050,1900,150.040,2800,150.030,300,150.000,249,150.210,500,150.300,400,150.330,20000,150.340,200,150.360,2021-01-11,13:09:00,00,";
var hq_str_sh603259="药明康德,145.500,146.210,150.300,151.510,143.390,150.140,150.300,8733151,1297108423.000,13100,150.140,1400,150.120,2500,150.110,700,150.100,100,150.030,100,150.300,1500,150.320,20400,150.340,200,150.360,200,150.380,2021-01-11,13:10:00,00,";
var hq_str_sh603259="药明康德,145.500,146.210,150.310,151.510,143.390,150.310,150.320,8777351,1303752437.000,6900,150.310,5300,150.300,200,150.180,1400,150.120,700,150.100,400,150.320,100,150.330,200,150.340,200,150.360,100,150.380,2021-01-11,13:10:57,00,";
var hq_str_sh603259="药明康德,145.500,146.210,150.380,151.510,143.390,150.380,150.390,8799271,1307048400.000,8400,150.380,100,150.350,400,150.340,1700,150.330,5236,150.320,200,150.390,7800,150.400,400,150.440,1600,150.450,1600,150.460,2021-01-11,13:12:00,00,";
var hq_str_sh603259="药明康德,145.500,146.210,150.580,151.510,143.390,150.580,150.590,8821471,1310387869.000,5600,150.580,100,150.550,700,150.510,16300,150.450,5400,150.440,100,150.590,13600,150.600,200,150.610,100,150.620,500,150.650,2021-01-11,13:13:00,00,";
var hq_str_sh603259="药明康德,145.500,146.210,150.640,151.510,143.390,150.640,150.650,8878871,1319031957.000,100,150.640,500,150.610,7900,150.600,5200,150.590,3700,150.580,100,150.650,200,150.660,100,150.680,100,150.710,600,150.780,2021-01-11,13:13:57,00,";
var hq_str_sh603259="药明康德,145.500,146.210,150.870,151.510,143.390,150.670,150.750,8922671,1325636946.000,300,150.670,100,150.660,6000,150.650,12400,150.630,3300,150.620,100,150.750,200,150.860,3400,150.870,200,150.880,800,150.890,2021-01-11,13:15:00,00,";
var hq_str_sh603259="药明康德,145.500,146.210,150.900,151.510,143.390,150.830,150.890,8995971,1336690632.000,2000,150.830,1700,150.820,300,150.810,200,150.800,600,150.780,100,150.890,3800,150.900,600,150.970,1100,150.980,6800,150.990,2021-01-11,13:16:00,00,";
var hq_str_sh603259="药明康德,145.500,146.210,150.800,151.510,143.390,150.800,150.890,9034571,1342512559.000,100,150.800,1300,150.790,3000,150.780,10000,150.770,500,150.750,1100,150.890,7400,150.900,600,150.970,1000,150.980,6900,150.990,2021-01-11,13:17:00,00,";
var hq_str_sh603259="药明康德,145.500,146.210,150.790,151.510,143.390,150.790,150.800,9062756,1346762859.000,19415,150.790,400,150.780,500,150.770,100,150.700,2300,150.650,1500,150.800,5300,150.880,856,150.890,6500,150.900,1100,150.970,2021-01-11,13:18:00,00,";
var hq_str_sh603259="药明康德,145.500,146.210,150.880,151.510,143.390,150.860,150.880,9105906,1353271894.000,1100,150.860,14700,150.820,2250,150.810,700,150.800,1100,150.790,600,150.880,3200,150.890,3256,150.900,700,150.920,200,150.960,2021-01-11,13:19:00,00,";
var hq_str_sh603259="药明康德,145.500,146.210,150.880,151.510,143.390,150.880,150.890,9125606,1356244211.000,5000,150.880,24900,150.870,1200,150.860,100,150.820,300,150.790,1300,150.890,3756,150.900,500,150.920,700,150.950,200,150.960,2021-01-11,13:20:00,00,";
var hq_str_sh603259="药明康德,145.500,146.210,150.650,151.510,143.390,150.650,150.780,9195506,1366786794.000,500,150.650,5600,150.630,800,150.600,100,150.560,900,150.510,600,150.780,1000,150.790,100,150.800,500,150.820,200,150.830,2021-01-11,13:21:00,00,";
var hq_str_sh603259="药明康德,145.500,146.210,150.790,151.510,143.390,150.720,150.790,9235206,1372768689.000,1300,150.720,500,150.670,300,150.650,900,150.600,100,150.560,100,150.790,1500,150.800,200,150.820,200,150.830,100,150.860,2021-01-11,13:21:57,00,";
var hq_str_sh603259="药明康德,145.500,146.210,150.710,151.510,143.390,150.710,150.770,9256206,1375933942.000,200,150.710,400,150.700,800,150.680,500,150.670,7200,150.660,100,150.770,500,150.780,100,150.790,1100,150.800,200,150.820,2021-01-11,13:23:00,00,";
var hq_str_sh603259="药明康德,145.500,146.210,150.640,151.510,143.390,150.700,150.740,9294206,1381662557.000,1200,150.700,1800,150.510,800,150.500,100,150.350,400,150.340,100,150.740,1000,150.760,500,150.800,100,150.820,1000,150.830,2021-01-11,13:24:00,00,";
var hq_str_sh603259="药明康德,145.500,146.210,150.710,151.510,143.390,150.720,150.760,9315666,1384896304.000,100,150.720,1500,150.710,9640,150.690,900,150.680,100,150.670,400,150.760,500,150.770,700,150.790,2200,150.800,1300,150.830,2021-01-11,13:25:00,00,";
var hq_str_sh603259="药明康德,145.500,146.210,150.810,151.510,143.390,150.780,150.830,9334166,1387685510.000,300,150.780,14300,150.770,100,150.750,4600,150.740,100,150.730,1300,150.830,200,150.850,400,150.860,1700,150.870,2500,150.880,2021-01-11,13:25:57,00,";
var hq_str_sh603259="药明康德,145.500,146.210,150.790,151.510,143.390,150.790,150.860,9357666,1391229101.000,28600,150.790,9700,150.780,100,150.740,100,150.730,1040,150.690,900,150.860,1800,150.870,2700,150.880,3300,150.890,2356,150.900,2021-01-11,13:27:00,00,";
var hq_str_sh603259="药明康德,145.500,146.210,150.960,151.510,143.390,150.950,150.960,9385722,1395461929.000,744,150.950,200,150.940,1100,150.900,2600,150.890,20500,150.880,500,150.960,1000,150.970,1700,150.980,3400,150.990,70200,151.000,2021-01-11,13:28:00,00,";
var hq_str_sh603259="药明康德,145.500,146.210,150.940,151.510,143.390,150.890,150.940,9407922,1398812435.000,13800,150.890,22944,150.880,600,150.870,600,150.810,900,150.800,300,150.940,200,150.970,2112,150.980,3500,150.990,71100,151.000,2021-01-11,13:29:00,00,";
var hq_str_sh603259="药明康德,145.500,146.210,151.000,151.510,143.390,150.990,151.000,9468274,1407924194.000,700,150.990,448,150.980,100,150.950,500,150.940,11700,150.930,39176,151.000,1100,151.010,100,151.030,100,151.050,400,151.100,2021-01-11,13:29:57,00,";
var hq_str_sh603259="药明康德,145.500,146.210,151.590,151.590,143.390,151.510,151.590,9579810,1424796205.000,3100,151.510,8300,151.500,15900,151.490,1000,151.480,2600,151.450,1272,151.590,4200,151.600,500,151.620,400,151.630,600,151.660,2021-01-11,13:31:00,00,";
var hq_str_sh603259="药明康德,145.500,146.210,151.020,151.600,143.390,151.020,151.400,9704150,1443630912.000,3200,151.020,3400,151.010,46600,151.000,100,150.980,100,150.950,700,151.400,1200,151.430,2015,151.450,900,151.460,400,151.470,2021-01-11,13:32:00,00,";
var hq_str_sh603259="药明康德,145.500,146.210,151.020,151.600,143.390,151.010,151.140,9750025,1450561686.000,2700,151.010,57100,151.000,100,150.990,100,150.980,100,150.940,1184,151.140,800,151.150,100,151.160,1600,151.200,300,151.280,2021-01-11,13:33:00,00,";
var hq_str_sh603259="药明康德,145.500,146.210,151.200,151.600,143.390,151.150,151.200,9770009,1453582081.000,3200,151.150,11600,151.140,1300,151.120,100,151.110,100,151.080,900,151.200,500,151.240,400,151.260,900,151.270,300,151.280,2021-01-11,13:34:00,00,";
var hq_str_sh603259="药明康德,145.500,146.210,151.000,151.600,143.390,151.000,151.150,9896909,1472755486.000,22900,151.000,100,150.990,100,150.980,100,150.940,2000,150.930,100,151.150,100,151.200,200,151.220,200,151.230,400,151.240,2021-01-11,13:35:00,00,";
var hq_str_sh603259="药明康德,145.500,146.210,151.270,151.600,143.390,151.200,151.260,9919409,1476157194.000,2100,151.200,100,151.150,100,151.100,8000,151.090,22900,151.000,600,151.260,1400,151.270,900,151.280,500,151.290,400,151.370,2021-01-11,13:35:57,00,";
var hq_str_sh603259="药明康德,145.500,146.210,151.310,151.600,143.390,151.310,151.320,9968009,1483510473.000,100,151.310,400,151.270,8500,151.260,500,151.250,200,151.220,6060,151.320,300,151.390,2800,151.400,2000,151.430,400,151.450,2021-01-11,13:37:00,00,";
var hq_str_sh603259="药明康德,145.500,146.210,151.000,151.600,143.390,151.000,151.200,10013109,1490332753.000,19400,151.000,100,150.940,2000,150.930,200,150.920,200,150.890,1200,151.200,800,151.210,700,151.220,2600,151.250,10200,151.300,2021-01-11,13:37:57,00,";
var hq_str_sh603259="药明康德,145.500,146.210,151.210,151.600,143.390,151.210,151.230,10058009,1497116180.000,100,151.210,5100,151.150,300,151.120,100,151.090,5200,151.070,200,151.230,1500,151.250,200,151.290,10400,151.300,22400,151.380,2021-01-11,13:38:54,00,";
var hq_str_sh603259="药明康德,145.500,146.210,151.150,151.600,143.390,151.080,151.090,10085109,1501213881.000,7900,151.080,2400,151.070,500,151.060,3300,151.010,5800,151.000,100,151.090,100,151.150,100,151.190,200,151.220,100,151.240,2021-01-11,13:40:00,00,";
var hq_str_sh603259="药明康德,145.500,146.210,150.990,151.600,143.390,151.140,151.190,10132009,1508298611.000,1300,151.140,100,150.990,1300,150.980,8900,150.950,4600,150.930,200,151.190,100,151.200,100,151.230,200,151.250,3600,151.280,2021-01-11,13:40:57,00,";
var hq_str_sh603259="药明康德,145.500,146.210,151.020,151.600,143.390,151.020,151.180,10167489,1513661951.000,5420,151.020,300,151.010,500,150.980,2000,150.930,200,150.890,1000,151.180,1100,151.200,400,151.210,100,151.220,300,151.230,2021-01-11,13:42:00,00,";
var hq_str_sh603259="药明康德,145.500,146.210,151.010,151.600,143.390,151.000,151.010,10207389,1519691591.000,2300,151.000,100,150.990,400,150.940,2000,150.930,200,150.890,500,151.010,200,151.090,1300,151.100,300,151.170,1800,151.180,2021-01-11,13:43:00,00,";
var hq_str_sh603259="药明康德,145.500,146.210,150.100,151.600,143.390,150.100,150.110,10242989,1525049447.000,300,150.100,13600,150.000,100,149.990,300,149.890,300,149.880,1100,150.110,200,150.140,300,150.170,100,150.280,400,150.290,2021-01-11,13:43:57,00,";
var hq_str_sh603259="药明康德,145.500,146.210,149.860,151.600,143.390,149.860,149.890,10295309,1532893789.000,2880,149.860,300,149.850,100,149.840,100,149.830,100,149.820,600,149.890,720,149.910,600,149.930,800,150.000,300,150.010,2021-01-11,13:45:00,00,";
var hq_str_sh603259="药明康德,145.500,146.210,149.980,151.600,143.390,150.090,150.100,10316129,1536015219.000,1000,150.090,100,150.000,100,149.980,100,149.960,100,149.940,400,150.100,200,150.110,200,150.170,100,150.280,400,150.290,2021-01-11,13:45:57,00,";
var hq_str_sh603259="药明康德,145.500,146.210,149.500,151.600,143.390,149.500,149.510,10374089,1544703427.000,1700,149.500,100,149.430,100,149.420,200,149.400,100,149.350,400,149.510,200,149.660,1100,149.700,100,149.740,600,149.750,2021-01-11,13:47:00,00,";
var hq_str_sh603259="药明康德,145.500,146.210,149.500,151.600,143.390,149.500,149.510,10404625,1549268645.000,100,149.500,7600,149.400,400,149.390,4000,149.360,200,149.350,400,149.510,100,149.520,100,149.530,84,149.540,100,149.620,2021-01-11,13:48:00,00,";
var hq_str_sh603259="药明康德,145.500,146.210,149.720,151.600,143.390,149.720,149.870,10437052,1554120568.000,2400,149.720,12800,149.710,1600,149.700,1100,149.510,7300,149.500,200,149.870,1000,149.880,1600,149.920,500,149.930,300,149.950,2021-01-11,13:49:00,00,";
var hq_str_sh603259="药明康德,145.500,146.210,150.000,151.600,143.390,150.000,150.090,10465552,1558393043.000,1300,150.000,8900,149.990,4400,149.980,500,149.960,2100,149.950,100,150.090,200,150.100,100,150.110,500,150.130,100,150.350,2021-01-11,13:50:00,00,";
var hq_str_sh603259="药明康德,145.500,146.210,150.690,151.600,143.390,150.020,150.100,10502652,1563965397.000,4300,150.020,3000,150.010,1500,150.000,100,149.970,100,149.960,200,150.100,200,150.550,1000,150.600,1100,150.680,100,150.690,2021-01-11,13:50:57,00,";
var hq_str_sh603259="药明康德,145.500,146.210,150.150,151.600,143.390,150.150,150.470,10538652,1569373488.000,5000,150.150,1600,150.140,5300,150.130,2300,150.110,100,150.050,1000,150.470,600,150.480,100,150.490,10100,150.500,100,150.510,2021-01-11,13:52:00,00,";
var hq_str_sh603259="药明康德,145.500,146.210,150.170,151.600,143.390,150.170,150.180,10559952,1572574314.000,1900,150.170,2000,150.160,4900,150.150,200,150.140,1400,150.130,4800,150.180,300,150.190,300,150.390,600,150.400,1000,150.410,2021-01-11,13:53:00,00,";
var hq_str_sh603259="药明康德,145.500,146.210,150.140,151.600,143.390,150.140,150.180,10610452,1580157106.000,4200,150.140,300,150.120,900,150.110,600,150.100,100,150.050,1500,150.180,100,150.210,500,150.380,300,150.390,300,150.400,2021-01-11,13:54:00,00,";
var hq_str_sh603259="药明康德,145.500,146.210,150.020,151.600,143.390,150.010,150.030,10632052,1583399833.000,400,150.010,1800,150.000,1800,149.950,100,149.930,100,149.880,300,150.030,2600,150.050,100,150.080,2400,150.100,600,150.110,2021-01-11,13:55:00,00,";
var hq_str_sh603259="药明康德,145.500,146.210,150.050,151.600,143.390,150.020,150.050,10669852,1589070785.000,3300,150.020,6200,150.010,200,149.970,200,149.960,1100,149.950,1000,150.050,500,150.070,600,150.080,2400,150.100,600,150.110,2021-01-11,13:56:00,00,";
var hq_str_sh603259="药明康德,145.500,146.210,149.880,151.600,143.390,149.890,149.920,10697952,1593286632.000,7700,149.890,200,149.830,300,149.800,100,149.780,100,149.750,700,149.920,2000,149.930,5400,149.950,2500,150.050,700,150.070,2021-01-11,13:56:57,00,";
var hq_str_sh603259="药明康德,145.500,146.210,149.890,151.600,143.390,149.800,149.850,10729752,1598053196.000,200,149.800,100,149.780,700,149.750,1000,149.740,29900,149.730,200,149.850,100,149.880,1100,149.890,6900,149.920,2900,149.930,2021-01-11,13:58:00,00,";
var hq_str_sh603259="药明康德,145.500,146.210,149.740,151.600,143.390,149.740,149.770,10782252,1605915159.000,4800,149.740,100,149.510,1100,149.500,200,149.420,1000,149.400,1300,149.770,100,149.780,500,149.800,1400,149.810,100,149.850,2021-01-11,13:59:00,00,";
var hq_str_sh603259="药明康德,145.500,146.210,149.530,151.600,143.390,149.510,149.530,10806452,1609538197.000,500,149.510,3300,149.500,200,149.420,2100,149.400,400,149.390,2900,149.530,300,149.670,600,149.680,2000,149.690,1700,149.700,2021-01-11,13:59:57,00,";
var hq_str_sh603259="药明康德,145.500,146.210,149.500,151.600,143.390,149.480,149.500,10850452,1616117207.000,200,149.480,100,149.470,600,149.400,400,149.390,200,149.360,1200,149.500,200,149.510,3900,149.520,300,149.530,300,149.540,2021-01-11,14:00:57,00,";
var hq_str_sh603259="药明康德,145.500,146.210,149.150,151.600,143.390,149.130,149.190,10904052,1624121613.000,200,149.130,300,149.100,100,149.080,100,149.060,500,149.050,700,149.190,600,149.200,500,149.220,100,149.230,200,149.240,2021-01-11,14:02:00,00,";
var hq_str_sh603259="药明康德,145.500,146.210,148.630,151.600,143.390,148.630,148.850,10981952,1635724550.000,1500,148.630,2600,148.600,100,148.590,1200,148.570,1600,148.550,100,148.850,200,148.860,5000,148.880,100,148.960,800,148.990,2021-01-11,14:02:57,00,";
var hq_str_sh603259="药明康德,145.500,146.210,148.700,151.600,143.390,148.700,148.730,11036952,1643904231.000,100,148.700,400,148.680,200,148.670,1600,148.660,1100,148.650,1000,148.730,3500,148.830,100,148.840,1900,148.850,100,148.860,2021-01-11,14:04:00,00,";
var hq_str_sh603259="药明康德,145.500,146.210,148.600,151.600,143.390,148.600,148.620,11069752,1648780321.000,4300,148.600,100,148.590,100,148.580,1200,148.570,2100,148.550,800,148.620,100,148.630,100,148.640,12983,148.650,3560,148.660,2021-01-11,14:04:57,00,";
var hq_str_sh603259="药明康德,145.500,146.210,148.880,151.600,143.390,148.850,148.880,11111312,1654959054.000,16700,148.850,1500,148.840,2200,148.830,300,148.810,200,148.790,2900,148.880,200,148.900,100,148.960,1700,149.000,1400,149.010,2021-01-11,14:05:57,00,";
var hq_str_sh603259="药明康德,145.500,146.210,149.000,151.600,143.390,149.000,149.080,11149728,1660679343.000,220,149.000,300,148.990,1800,148.980,200,148.970,100,148.960,200,149.080,300,149.130,100,149.160,100,149.200,400,149.220,2021-01-11,14:07:00,00,";
var hq_str_sh603259="药明康德,145.500,146.210,148.900,151.600,143.390,148.900,148.910,11202728,1668573407.000,700,148.900,3400,148.880,8664,148.850,300,148.840,2800,148.830,2500,148.910,500,148.920,200,148.930,100,148.990,200,149.000,2021-01-11,14:08:00,00,";
var hq_str_sh603259="药明康德,145.500,146.210,148.850,151.600,143.390,148.850,148.870,11245408,1674927182.000,10184,148.850,600,148.840,2800,148.830,100,148.810,1100,148.800,600,148.870,100,148.880,600,148.890,700,148.900,1800,148.910,2021-01-11,14:09:00,00,";
var hq_str_sh603259="药明康德,145.500,146.210,148.840,151.600,143.390,148.790,148.840,11281392,1680282908.000,400,148.790,100,148.780,300,148.750,300,148.700,100,148.690,1200,148.840,3000,148.870,200,148.880,600,148.890,300,148.900,2021-01-11,14:10:00,00,";
var hq_str_sh603259="药明康德,145.500,146.210,148.500,151.600,143.390,148.460,148.500,11312092,1684844836.000,100,148.460,800,148.450,200,148.440,200,148.410,3300,148.400,1200,148.500,100,148.540,600,148.570,300,148.580,100,148.590,2021-01-11,14:11:00,00,";
var hq_str_sh603259="药明康德,145.500,146.210,147.970,151.600,143.390,147.970,147.990,11439152,1703670247.000,100,147.970,200,147.940,300,147.910,500,147.880,100,147.870,400,147.990,4600,148.000,1300,148.010,3300,148.020,200,148.030,2021-01-11,14:11:57,00,";
var hq_str_sh603259="药明康德,145.500,146.210,147.500,151.600,143.390,147.370,147.500,11494952,1711915988.000,1300,147.370,1100,147.360,100,147.350,300,147.320,400,147.300,2100,147.500,1100,147.510,500,147.590,11700,147.600,600,147.610,2021-01-11,14:13:00,00,";
var hq_str_sh603259="药明康德,145.500,146.210,147.170,151.600,143.390,147.160,147.190,11588752,1725721410.000,5400,147.160,6500,147.150,4500,147.140,100,147.120,5900,147.110,200,147.190,5500,147.200,800,147.240,200,147.250,200,147.300,2021-01-11,14:13:57,00,";
var hq_str_sh603259="药明康德,145.500,146.210,147.320,151.600,143.390,147.300,147.320,11669852,1737663459.000,5300,147.300,1600,147.290,2000,147.240,300,147.220,5600,147.210,100,147.320,500,147.350,1000,147.370,100,147.400,400,147.410,2021-01-11,14:15:00,00,";
var hq_str_sh603259="药明康德,145.500,146.210,147.010,151.600,143.390,147.010,147.100,11765152,1751693827.000,2300,147.010,13100,147.000,300,146.990,1200,146.980,200,146.960,1200,147.100,100,147.140,3800,147.150,3000,147.160,500,147.170,2021-01-11,14:16:00,00,";
var hq_str_sh603259="药明康德,145.500,146.210,146.300,151.600,143.390,146.280,146.300,11865352,1766378839.000,200,146.280,11600,146.000,900,145.990,100,145.980,100,145.880,856,146.300,900,146.310,400,146.330,480,146.350,800,146.370,2021-01-11,14:17:00,00,";
var hq_str_sh603259="药明康德,145.500,146.210,146.150,151.600,143.390,146.160,146.250,12026804,1789952955.000,100,146.160,200,146.150,200,146.130,100,146.120,200,146.030,500,146.250,2240,146.290,856,146.300,300,146.310,1000,146.330,2021-01-11,14:17:57,00,";
var hq_str_sh603259="药明康德,145.500,146.210,146.390,151.600,143.390,146.390,146.560,12082080,1798038647.000,500,146.390,1200,146.360,1200,146.350,10300,146.340,900,146.330,400,146.560,200,146.700,1300,146.770,100,146.880,196,146.900,2021-01-11,14:19:00,00,";
var hq_str_sh603259="药明康德,145.500,146.210,146.990,151.600,143.390,146.770,146.990,12129347,1804966417.000,500,146.770,100,146.700,100,146.600,700,146.580,300,146.570,600,146.990,12400,147.000,2900,147.010,100,147.040,100,147.100,2021-01-11,14:19:57,00,";
var hq_str_sh603259="药明康德,145.500,146.210,147.170,151.600,143.390,147.180,147.300,12195547,1814702016.000,5000,147.180,300,147.170,100,147.160,100,147.140,1000,147.120,1100,147.300,200,147.310,200,147.370,200,147.440,600,147.500,2021-01-11,14:21:00,00,";
var hq_str_sh603259="药明康德,145.500,146.210,147.500,151.600,143.390,147.490,147.500,12250147,1822748828.000,6700,147.490,800,147.480,500,147.420,200,147.410,500,147.400,800,147.500,600,147.680,2200,147.700,2200,147.720,200,147.740,2021-01-11,14:22:00,00,";
var hq_str_sh603259="药明康德,145.500,146.210,147.800,151.600,143.390,147.800,147.880,12313664,1832124989.000,1700,147.800,200,147.740,200,147.730,100,147.700,100,147.690,2300,147.880,200,147.950,800,147.990,1400,148.000,400,148.020,2021-01-11,14:22:57,00,";
var hq_str_sh603259="药明康德,145.500,146.210,147.900,151.600,143.390,147.900,147.950,12364864,1839695520.000,100,147.900,500,147.890,300,147.880,400,147.870,200,147.860,200,147.950,300,147.960,1500,147.980,2400,147.990,13600,148.000,2021-01-11,14:24:00,00,";
var hq_str_sh603259="药明康德,145.500,146.210,147.990,151.600,143.390,147.990,148.000,12456564,1853266209.000,1100,147.990,1200,147.980,4600,147.970,700,147.910,600,147.900,15900,148.000,700,148.020,200,148.030,200,148.080,200,148.090,2021-01-11,14:24:57,00,";
var hq_str_sh603259="药明康德,145.500,146.210,147.200,151.600,143.390,147.180,147.200,12515264,1861932445.000,2000,147.180,200,147.170,100,147.140,100,147.120,300,147.110,1000,147.200,3100,147.250,1400,147.260,200,147.300,1400,147.340,2021-01-11,14:25:57,00,";
var hq_str_sh603259="药明康德,145.500,146.210,147.790,151.600,143.390,147.690,147.790,12554964,1867788354.000,100,147.690,100,147.610,12700,147.600,200,147.590,100,147.580,900,147.790,1600,147.800,800,147.850,200,147.880,200,147.900,2021-01-11,14:27:00,00,";
var hq_str_sh603259="药明康德,145.500,146.210,147.980,151.600,143.390,147.980,148.000,12582864,1871913723.000,3100,147.980,200,147.970,200,147.960,200,147.950,10300,147.860,30300,148.000,500,148.020,200,148.080,100,148.300,300,148.400,2021-01-11,14:28:00,00,";
var hq_str_sh603259="药明康德,145.500,146.210,147.990,151.600,143.390,147.980,147.990,12625764,1878260663.000,500,147.980,600,147.900,200,147.890,100,147.880,700,147.860,500,147.990,26300,148.000,500,148.020,200,148.050,200,148.080,2021-01-11,14:28:57,00,";
var hq_str_sh603259="药明康德,145.500,146.210,147.580,151.600,143.390,147.290,147.360,12703864,1889788846.000,2500,147.290,500,147.050,500,147.030,100,146.990,100,146.970,100,147.360,1100,147.580,1006,147.590,200,147.620,300,147.630,2021-01-11,14:29:57,00,";
var hq_str_sh603259="药明康德,145.500,146.210,147.760,151.600,143.390,147.710,147.760,12759384,1897978054.000,200,147.710,200,147.680,300,147.650,3900,147.640,7800,147.630,200,147.760,600,147.770,2500,147.780,200,147.850,800,147.950,2021-01-11,14:31:00,00,";
var hq_str_sh603259="药明康德,145.500,146.210,147.510,151.600,143.390,147.510,147.550,12836484,1909356114.000,1600,147.510,300,147.500,1000,147.290,100,147.190,400,147.000,100,147.550,1300,147.600,200,147.610,100,147.620,200,147.680,2021-01-11,14:31:57,00,";
var hq_str_sh603259="药明康德,145.500,146.210,147.760,151.600,143.390,147.760,147.950,12866184,1913739381.000,300,147.760,100,147.700,3500,147.610,400,147.600,1500,147.590,2100,147.950,800,147.980,800,147.990,19000,148.000,500,148.020,2021-01-11,14:33:00,00,";
var hq_str_sh603259="药明康德,145.500,146.210,148.000,151.600,143.390,147.990,148.000,12885784,1916638617.000,1000,147.990,1400,147.980,16300,147.920,500,147.900,900,147.890,17700,148.000,500,148.020,300,148.050,400,148.080,800,148.300,2021-01-11,14:33:57,00,";
var hq_str_sh603259="药明康德,145.500,146.210,148.400,151.600,143.390,148.370,148.390,12934484,1923855535.000,200,148.370,1300,148.360,100,148.320,3100,148.310,2700,148.300,200,148.390,200,148.400,3600,148.410,2277,148.430,100,148.470,2021-01-11,14:34:57,00,";
var hq_str_sh603259="药明康德,145.500,146.210,148.270,151.600,143.390,148.270,148.360,13011684,1935306021.000,100,148.270,300,148.030,1200,147.990,900,147.980,500,147.900,600,148.360,700,148.390,300,148.400,1300,148.410,2277,148.430,2021-01-11,14:36:00,00,";
var hq_str_sh603259="药明康德,145.500,146.210,148.250,151.600,143.390,148.240,148.270,13031584,1938254308.000,1100,148.240,400,148.220,200,148.100,500,148.040,300,148.030,400,148.270,100,148.280,1200,148.300,200,148.360,200,148.370,2021-01-11,14:36:57,00,";
var hq_str_sh603259="药明康德,145.500,146.210,148.350,151.600,143.390,148.350,148.390,13053484,1941502028.000,1100,148.350,3100,148.340,100,148.330,1800,148.320,300,148.300,500,148.390,700,148.400,1200,148.410,2477,148.430,100,148.470,2021-01-11,14:37:57,00,";
var hq_str_sh603259="药明康德,145.500,146.210,148.440,151.600,143.390,148.420,148.480,13080561,1945521486.000,4100,148.420,600,148.410,1600,148.400,8800,148.390,2500,148.380,500,148.480,4372,148.500,100,148.520,900,148.530,1200,148.550,2021-01-11,14:38:57,00,";
var hq_str_sh603259="药明康德,145.500,146.210,147.610,151.600,143.390,147.040,147.610,13190933,1961858507.000,300,147.040,500,147.030,100,147.020,500,147.010,27600,147.000,2400,147.610,1000,148.190,1000,148.290,500,148.300,100,148.370,2021-01-11,14:40:00,00,";
var hq_str_sh603259="药明康德,145.500,146.210,147.300,151.600,143.390,147.320,147.480,13256733,1971549825.000,8200,147.320,400,147.310,600,147.090,7900,147.080,7800,147.060,600,147.480,800,147.490,5700,147.500,1000,147.600,1900,147.620,2021-01-11,14:40:57,00,";
var hq_str_sh603259="药明康德,145.500,146.210,147.690,151.600,143.390,147.650,147.690,13299133,1977806653.000,900,147.650,100,147.500,300,147.470,200,147.460,100,147.450,600,147.690,2800,147.700,500,147.750,1300,147.770,200,147.790,2021-01-11,14:41:57,00,";
var hq_str_sh603259="药明康德,145.500,146.210,147.450,151.600,143.390,147.450,147.650,13336133,1983270234.000,100,147.450,400,147.400,100,147.380,100,147.330,100,147.270,700,147.650,100,147.660,300,147.690,600,147.710,3400,147.760,2021-01-11,14:42:57,00,";
var hq_str_sh603259="药明康德,145.500,146.210,147.900,151.600,143.390,147.900,148.000,13377236,1989337623.000,800,147.900,300,147.810,900,147.800,800,147.760,4300,147.740,3200,148.000,100,148.010,3000,148.300,100,148.350,100,148.370,2021-01-11,14:44:00,00,";
var hq_str_sh603259="药明康德,145.500,146.210,147.710,151.600,143.390,147.710,147.730,13411836,1994451127.000,100,147.710,4100,147.700,400,147.690,100,147.660,500,147.650,100,147.730,100,147.750,300,147.800,5013,147.810,1300,147.980,2021-01-11,14:44:57,00,";
var hq_str_sh603259="药明康德,145.500,146.210,148.000,151.600,143.390,148.010,148.160,13447249,1999686087.000,100,148.010,200,148.000,700,147.990,100,147.900,200,147.840,100,148.160,300,148.170,500,148.180,2100,148.200,100,148.290,2021-01-11,14:45:57,00,";
var hq_str_sh603259="药明康德,145.500,146.210,147.870,151.600,143.390,147.860,147.870,13495049,2006757544.000,1400,147.860,100,147.850,200,147.840,200,147.820,400,147.810,1700,147.870,300,147.880,400,147.890,1300,147.970,100,147.980,2021-01-11,14:47:00,00,";
var hq_str_sh603259="药明康德,145.500,146.210,147.850,151.600,143.390,147.860,147.880,13524849,2011161671.000,600,147.860,300,147.840,2000,147.830,100,147.820,300,147.810,1900,147.880,500,147.890,300,147.980,1200,147.990,5100,148.000,2021-01-11,14:47:57,00,";
var hq_str_sh603259="药明康德,145.500,146.210,147.760,151.600,143.390,147.750,147.760,13554749,2015581361.000,300,147.750,2100,147.730,500,147.720,1200,147.710,1100,147.700,200,147.760,700,147.770,500,147.800,1400,147.810,2500,147.820,2021-01-11,14:49:00,00,";
var hq_str_sh603259="药明康德,145.500,146.210,147.780,151.600,143.390,147.690,147.780,13606653,2023252911.000,600,147.690,600,147.640,100,147.630,200,147.410,396,147.400,2100,147.780,500,147.800,300,147.810,300,147.820,100,147.860,2021-01-11,14:50:00,00,";
var hq_str_sh603259="药明康德,145.500,146.210,147.770,151.600,143.390,147.780,147.900,13635953,2027580560.000,200,147.780,1200,147.770,600,147.690,500,147.650,900,147.520,300,147.900,4542,147.910,300,147.960,1600,148.000,700,148.010,2021-01-11,14:51:00,00,";
var hq_str_sh603259="药明康德,145.500,146.210,148.000,151.600,143.390,148.000,148.010,13666995,2032171718.000,100,148.000,1558,147.990,3800,147.920,100,147.910,100,147.820,1555,148.010,500,148.080,200,148.090,100,148.100,100,148.160,2021-01-11,14:51:57,00,";
var hq_str_sh603259="药明康德,145.500,146.210,148.060,151.600,143.390,148.060,148.090,13694095,2036183984.000,2100,148.060,200,148.050,100,148.020,300,148.010,100,148.000,300,148.090,700,148.100,100,148.110,900,148.140,492,148.200,2021-01-11,14:52:57,00,";
var hq_str_sh603259="药明康德,145.500,146.210,147.300,151.600,143.390,147.300,147.420,13744771,2043665202.000,2378,147.300,100,147.280,200,147.260,700,147.240,400,147.200,100,147.420,3100,147.510,200,147.550,100,147.560,100,147.770,2021-01-11,14:53:57,00,";
var hq_str_sh603259="药明康德,145.500,146.210,147.710,151.600,143.390,147.530,147.710,13779071,2048721790.000,400,147.530,4100,147.510,100,147.500,300,147.370,2500,147.350,300,147.710,100,147.790,957,147.800,200,147.830,100,147.880,2021-01-11,14:54:57,00,";
var hq_str_sh603259="药明康德,145.500,146.210,147.670,151.600,143.390,147.620,147.790,13811771,2053546076.000,500,147.620,700,147.580,500,147.530,600,147.520,500,147.510,200,147.790,757,147.800,200,147.830,200,147.880,800,147.900,2021-01-11,14:56:00,00,";
var hq_str_sh603259="药明康德,145.500,146.210,147.670,151.600,143.390,147.660,147.670,13832251,2056571285.000,1000,147.660,400,147.650,1820,147.640,100,147.620,400,147.610,4600,147.670,200,147.690,400,147.720,400,147.750,700,147.800,2021-01-11,14:56:57,00,";
var hq_str_sh603259="药明康德,145.500,146.210,147.670,151.600,143.390,147.670,147.670,13834151,2056851855.000,74500,147.670,0,0.000,0,0.000,0,0.000,0,0.000,74500,147.670,5148,0.000,0,0.000,0,0.000,0,0.000,2021-01-11,14:57:57,00,";
var hq_str_sh603259="药明康德,145.500,146.210,147.670,151.600,143.390,147.300,147.300,13834151,2056851855.000,119548,147.300,1872,0.000,0,0.000,0,0.000,0,0.000,119548,147.300,0,0.000,0,0.000,0,0.000,0,0.000,2021-01-11,14:58:57,00,";
