var hq_str_sh603259="药明康德,181.170,184.100,181.100,181.170,181.000,180.800,181.000,98800,17897541.000,300,180.800,400,180.720,200,180.680,600,180.610,300,180.500,800,181.000,7493,181.100,400,181.170,500,181.200,100,181.400,2021-01-26,09:30:00,00,";
var hq_str_sh603259="药明康德,181.170,184.100,178.180,181.170,178.010,178.190,178.200,372300,67124597.000,200,178.190,100,178.180,200,178.080,700,178.010,7300,178.000,600,178.200,100,178.400,200,178.490,1000,178.500,600,178.510,2021-01-26,09:30:57,00,";
var hq_str_sh603259="药明康德,181.170,184.100,177.160,181.170,176.500,177.100,177.160,596840,106935822.000,200,177.100,300,177.090,200,177.010,100,177.000,600,176.560,1648,177.160,200,177.170,500,177.190,8100,177.200,400,177.210,2021-01-26,09:32:00,00,";
var hq_str_sh603259="药明康德,181.170,184.100,178.000,181.170,176.500,177.760,178.050,829991,148316483.000,3300,177.760,1500,177.750,1200,177.710,700,177.700,300,177.690,400,178.050,1500,178.110,300,178.160,800,178.180,200,178.200,2021-01-26,09:33:00,00,";
var hq_str_sh603259="药明康德,181.170,184.100,178.730,181.170,176.500,178.730,178.760,1019831,182108986.000,700,178.730,600,178.700,100,178.630,100,178.600,200,178.560,1000,178.760,300,178.820,300,178.890,300,178.950,800,178.990,2021-01-26,09:34:00,00,";
var hq_str_sh603259="药明康德,181.170,184.100,177.410,181.170,176.500,177.400,177.410,1265391,225839205.000,100,177.400,600,177.310,2400,177.290,1600,177.220,100,177.210,100,177.410,100,177.510,100,177.520,1600,177.600,300,177.620,2021-01-26,09:35:00,00,";
var hq_str_sh603259="药明康德,181.170,184.100,178.730,181.170,176.500,178.730,178.750,1454391,259482730.000,3100,178.730,3800,178.370,1800,178.330,1200,178.080,600,178.070,100,178.750,200,178.760,300,178.770,300,178.810,300,178.850,2021-01-26,09:36:00,00,";
var hq_str_sh603259="药明康德,181.170,184.100,177.650,181.170,176.500,177.510,177.600,1629351,290628815.000,200,177.510,12840,177.500,800,177.490,100,177.450,100,177.420,300,177.600,8200,177.650,2800,177.710,4500,177.770,900,177.790,2021-01-26,09:37:00,00,";
var hq_str_sh603259="药明康德,181.170,184.100,177.190,181.170,176.500,177.150,177.200,1773051,316133453.000,400,177.150,100,177.100,500,177.080,100,177.070,300,177.060,2800,177.200,200,177.230,8000,177.300,400,177.310,300,177.360,2021-01-26,09:37:57,00,";
var hq_str_sh603259="药明康德,181.170,184.100,176.020,181.170,176.000,176.000,176.020,1988970,354252817.000,1581,176.000,500,175.990,600,175.930,2100,175.900,700,175.890,300,176.020,100,176.060,2808,176.080,3200,176.100,2100,176.130,2021-01-26,09:39:00,00,";
var hq_str_sh603259="药明康德,181.170,184.100,175.230,181.170,174.980,175.080,175.230,2194051,390252466.000,100,175.080,500,175.050,400,175.010,1400,175.000,700,174.990,800,175.230,100,175.260,1300,175.490,3300,175.500,300,175.520,2021-01-26,09:40:00,00,";
var hq_str_sh603259="药明康德,181.170,184.100,176.130,181.170,174.880,176.130,176.560,2390313,424701774.000,400,176.130,4500,176.100,4100,176.080,700,176.070,100,176.020,200,176.560,400,176.580,400,176.600,100,176.660,200,176.680,2021-01-26,09:41:00,00,";
var hq_str_sh603259="药明康德,181.170,184.100,175.600,181.170,174.880,175.600,175.660,2561151,454777731.000,2310,175.600,100,175.590,200,175.550,300,175.510,1600,175.500,1200,175.660,6200,175.700,3419,175.710,300,175.750,200,175.800,2021-01-26,09:42:00,00,";
var hq_str_sh603259="药明康德,181.170,184.100,174.840,181.170,174.600,174.800,174.850,2781521,493351303.000,800,174.800,100,174.700,200,174.690,100,174.680,300,174.580,900,174.850,200,174.870,3200,174.880,200,174.890,300,174.900,2021-01-26,09:42:57,00,";
var hq_str_sh603259="药明康德,181.170,184.100,175.000,181.170,174.300,174.990,175.000,3020227,535049515.000,900,174.990,1000,174.900,900,174.840,100,174.830,500,174.820,8900,175.000,100,175.020,2000,175.040,1300,175.050,2000,175.100,2021-01-26,09:43:57,00,";
var hq_str_sh603259="药明康德,181.170,184.100,175.500,181.170,174.300,175.310,175.500,3275735,579775928.000,1600,175.310,100,175.240,200,175.210,600,175.200,200,175.150,7200,175.500,1700,175.520,300,175.560,2000,175.590,400,175.600,2021-01-26,09:45:00,00,";
var hq_str_sh603259="药明康德,181.170,184.100,174.950,181.170,174.300,174.930,174.950,3478535,615327158.000,500,174.930,400,174.920,100,174.910,600,174.900,3400,174.880,2400,174.950,1800,174.970,4500,174.980,100,175.010,19200,175.020,2021-01-26,09:45:57,00,";
var hq_str_sh603259="药明康德,181.170,184.100,174.690,181.170,174.300,174.690,174.700,3651235,645508460.000,200,174.690,4100,174.680,1500,174.660,4000,174.650,100,174.620,9100,174.700,13700,174.710,11100,174.720,1950,174.800,7400,174.840,2021-01-26,09:47:00,00,";
var hq_str_sh603259="药明康德,181.170,184.100,173.970,181.170,173.600,173.900,173.980,3889089,686953514.000,1200,173.900,1000,173.600,100,173.590,1100,173.580,100,173.560,1100,173.980,1300,173.990,4700,174.000,1100,174.040,100,174.060,2021-01-26,09:47:57,00,";
var hq_str_sh603259="药明康德,181.170,184.100,172.850,181.170,172.710,172.700,172.850,4130689,728837603.000,300,172.700,200,172.680,100,172.650,200,172.630,100,172.600,2200,172.850,100,172.870,2400,172.880,300,172.900,100,172.910,2021-01-26,09:49:00,00,";
var hq_str_sh603259="药明康德,181.170,184.100,173.220,181.170,172.560,173.220,173.230,4470833,787617288.000,600,173.220,200,173.210,100,173.090,200,173.080,100,173.020,1800,173.230,3075,173.270,200,173.300,100,173.320,200,173.370,2021-01-26,09:50:00,00,";
var hq_str_sh603259="药明康德,181.170,184.100,173.300,181.170,172.560,173.300,173.600,4752408,836367119.000,900,173.300,100,173.270,2225,173.220,200,173.150,400,173.110,240,173.600,5000,173.850,400,173.870,700,173.880,900,173.900,2021-01-26,09:51:00,00,";
var hq_str_sh603259="药明康德,181.170,184.100,174.150,181.170,172.560,173.850,174.150,4936162,868256914.000,200,173.850,4451,173.650,100,173.630,800,173.620,100,173.610,100,174.150,800,174.160,7400,174.190,2100,174.250,7646,174.300,2021-01-26,09:52:00,00,";
var hq_str_sh603259="药明康德,181.170,184.100,174.270,181.170,172.560,174.270,174.300,5057902,889441468.000,560,174.270,300,174.250,1400,174.010,6700,174.000,1000,173.990,15646,174.300,200,174.330,100,174.390,100,174.590,100,174.620,2021-01-26,09:53:00,00,";
var hq_str_sh603259="药明康德,181.170,184.100,175.300,181.170,172.560,175.300,175.370,5181432,911031764.000,600,175.300,200,175.200,7800,175.170,600,175.100,100,175.040,2200,175.370,200,175.380,200,175.500,100,175.660,100,175.900,2021-01-26,09:54:00,00,";
var hq_str_sh603259="药明康德,181.170,184.100,175.650,181.170,172.560,175.650,175.680,5292096,930449089.000,2300,175.650,600,175.520,2736,175.510,10700,175.500,1900,175.490,100,175.680,100,175.790,4100,175.800,500,175.820,300,175.840,2021-01-26,09:54:57,00,";
var hq_str_sh603259="药明康德,181.170,184.100,175.810,181.170,172.560,175.800,176.000,5488813,965030747.000,200,175.800,1000,175.790,500,175.780,400,175.680,700,175.660,15600,176.000,300,176.010,300,176.050,300,176.090,100,176.100,2021-01-26,09:56:00,00,";
var hq_str_sh603259="药明康德,181.170,184.100,176.050,181.170,172.560,176.040,176.050,5655913,994447490.000,700,176.040,300,176.030,200,176.020,400,176.010,9000,176.000,3300,176.050,10000,176.150,500,176.160,1000,176.170,300,176.180,2021-01-26,09:57:00,00,";
var hq_str_sh603259="药明康德,181.170,184.100,176.020,181.170,172.560,176.000,176.020,5773433,1015134265.000,200,176.000,880,175.980,200,175.880,100,175.870,100,175.860,1600,176.020,1601,176.040,200,176.050,500,176.060,6100,176.080,2021-01-26,09:58:00,00,";
var hq_str_sh603259="药明康德,181.170,184.100,175.560,181.170,172.560,175.520,175.560,5858213,1030042685.000,500,175.520,200,175.510,4900,175.500,800,175.490,300,175.480,200,175.560,900,175.650,6433,175.660,1200,175.680,2100,175.720,2021-01-26,09:59:00,00,";
var hq_str_sh603259="药明康德,181.170,184.100,175.880,181.170,172.560,176.000,176.100,6014457,1057505584.000,940,176.000,400,175.880,4200,175.870,700,175.810,500,175.780,100,176.100,100,176.150,100,176.170,300,176.180,100,176.200,2021-01-26,10:00:00,00,";
var hq_str_sh603259="药明康德,181.170,184.100,176.000,181.170,172.560,175.910,176.000,6138397,1079347062.000,100,175.910,100,175.900,100,175.890,700,175.880,1400,175.870,600,176.000,200,176.100,900,176.160,2500,176.170,600,176.180,2021-01-26,10:00:58,00,";
var hq_str_sh603259="药明康德,181.170,184.100,174.340,181.170,172.560,174.320,174.340,6292589,1106366635.000,100,174.320,554,174.300,100,174.280,700,174.250,100,174.230,604,174.340,100,174.410,800,174.470,1000,174.500,1400,174.510,2021-01-26,10:02:00,00,";
var hq_str_sh603259="药明康德,181.170,184.100,173.700,181.170,172.560,173.700,173.840,6403457,1125653257.000,5046,173.700,100,173.680,100,173.670,200,173.630,300,173.600,400,173.840,11540,173.850,800,173.860,500,173.900,100,173.910,2021-01-26,10:03:00,00,";
var hq_str_sh603259="药明康德,181.170,184.100,173.890,181.170,172.560,173.880,173.890,6551103,1151329690.000,1000,173.880,13600,173.860,5800,173.850,200,173.820,100,173.810,100,173.890,3400,173.900,5700,173.960,100,173.970,100,173.980,2021-01-26,10:04:00,00,";
var hq_str_sh603259="药明康德,181.170,184.100,173.510,181.170,172.560,173.400,173.420,6654043,1169205646.000,11260,173.400,400,173.380,700,173.370,2100,173.330,800,173.310,100,173.420,2400,173.510,3300,173.560,100,173.570,1000,173.580,2021-01-26,10:04:58,00,";
var hq_str_sh603259="药明康德,181.170,184.100,173.300,181.170,172.560,173.300,173.390,6792503,1193220494.000,1200,173.300,2700,173.290,1100,173.280,600,173.270,500,173.250,200,173.390,3000,173.400,5700,173.440,2000,173.450,900,173.510,2021-01-26,10:06:00,00,";
var hq_str_sh603259="药明康德,181.170,184.100,173.210,181.170,172.560,173.190,173.200,6874235,1207377669.000,200,173.190,200,173.180,300,173.170,3568,173.160,1300,173.150,5700,173.200,500,173.210,17900,173.220,8200,173.280,1100,173.290,2021-01-26,10:07:00,00,";
var hq_str_sh603259="药明康德,181.170,184.100,173.280,181.170,172.560,173.210,173.230,6968761,1223750928.000,200,173.210,10204,173.200,3770,173.190,4100,173.180,9200,173.170,200,173.230,1200,173.280,1100,173.290,800,173.300,12420,173.400,2021-01-26,10:08:00,00,";
var hq_str_sh603259="药明康德,181.170,184.100,173.490,181.170,172.560,173.460,173.490,7048901,1237644919.000,300,173.460,6000,173.450,1000,173.440,1600,173.420,100,173.410,2400,173.490,2000,173.500,300,173.510,200,173.540,100,173.560,2021-01-26,10:08:58,00,";
var hq_str_sh603259="药明康德,181.170,184.100,173.020,181.170,172.560,173.010,173.020,7189519,1262020402.000,1100,173.010,75500,173.000,1500,172.990,200,172.980,3700,172.970,700,173.020,4100,173.150,3100,173.170,2500,173.180,3000,173.190,2021-01-26,10:10:00,00,";
var hq_str_sh603259="药明康德,181.170,184.100,172.810,181.170,172.560,172.700,172.790,7347619,1289362513.000,1800,172.700,100,172.690,700,172.680,600,172.670,11800,172.660,2200,172.790,300,172.800,21300,172.810,4100,172.820,4000,172.840,2021-01-26,10:11:00,00,";
var hq_str_sh603259="药明康德,181.170,184.100,172.500,181.170,172.500,172.500,172.520,7481868,1312532956.000,7651,172.500,300,172.490,700,172.480,100,172.470,400,172.460,4000,172.520,100,172.540,18300,172.550,4200,172.560,100,172.580,2021-01-26,10:11:58,00,";
var hq_str_sh603259="药明康德,181.170,184.100,172.990,181.170,172.300,172.970,172.990,7670601,1345120480.000,500,172.970,300,172.950,3700,172.940,300,172.860,200,172.850,5700,172.990,600,173.050,100,173.190,5700,173.200,100,173.230,2021-01-26,10:12:58,00,";
var hq_str_sh603259="药明康德,181.170,184.100,172.780,181.170,172.300,172.780,172.870,7749301,1358724784.000,1000,172.780,900,172.770,200,172.760,3000,172.750,100,172.740,100,172.870,200,172.900,1300,172.990,800,173.000,300,173.020,2021-01-26,10:13:58,00,";
var hq_str_sh603259="药明康德,181.170,184.100,173.050,181.170,172.300,172.990,173.000,7869701,1379554107.000,300,172.990,1200,172.800,300,172.780,200,172.770,800,172.760,300,173.000,2800,173.050,2100,173.060,100,173.070,300,173.080,2021-01-26,10:15:00,00,";
var hq_str_sh603259="药明康德,181.170,184.100,172.990,181.170,172.300,172.910,172.990,7925601,1389221475.000,200,172.910,1100,172.900,600,172.890,1300,172.860,1000,172.850,3100,172.990,700,173.000,900,173.030,692,173.040,100,173.060,2021-01-26,10:15:58,00,";
var hq_str_sh603259="药明康德,181.170,184.100,173.090,181.170,172.300,173.080,173.100,7999293,1401972536.000,700,173.080,400,173.070,2900,173.050,100,173.040,2408,173.000,2000,173.100,12600,173.110,300,173.120,100,173.180,6100,173.200,2021-01-26,10:17:00,00,";
var hq_str_sh603259="药明康德,181.170,184.100,172.840,181.170,172.300,172.850,172.980,8107301,1420655183.000,100,172.850,100,172.840,100,172.830,1100,172.810,5800,172.800,3600,172.980,1500,172.990,6132,173.000,100,173.010,100,173.040,2021-01-26,10:18:00,00,";
var hq_str_sh603259="药明康德,181.170,184.100,172.010,181.170,172.010,172.010,172.050,8222301,1440490934.000,1500,172.010,61000,172.000,100,171.990,100,171.980,400,171.950,7300,172.050,200,172.080,3200,172.090,500,172.100,900,172.120,2021-01-26,10:18:58,00,";
var hq_str_sh603259="药明康德,181.170,184.100,171.600,181.170,171.500,171.500,171.600,8416101,1473811919.000,3400,171.500,200,171.460,100,171.440,300,171.400,100,171.390,7700,171.600,100,171.670,200,171.690,13100,171.700,100,171.710,2021-01-26,10:20:00,00,";
var hq_str_sh603259="药明康德,181.170,184.100,171.280,181.170,171.200,171.280,171.300,8594401,1504367021.000,4300,171.280,2200,171.250,900,171.240,2000,171.220,7400,171.200,500,171.300,3700,171.390,100,171.400,200,171.410,200,171.450,2021-01-26,10:20:58,00,";
var hq_str_sh603259="药明康德,181.170,184.100,171.230,181.170,171.200,171.230,171.250,8741701,1529602261.000,9400,171.230,400,171.220,200,171.210,9200,171.200,100,171.190,900,171.250,400,171.260,100,171.270,1000,171.280,400,171.290,2021-01-26,10:22:00,00,";
var hq_str_sh603259="药明康德,181.170,184.100,171.200,181.170,171.200,171.200,171.240,8876682,1552719726.000,2919,171.200,300,171.190,600,171.180,1500,171.170,200,171.160,200,171.240,900,171.260,2300,171.270,1500,171.300,100,171.380,2021-01-26,10:23:00,00,";
var hq_str_sh603259="药明康德,181.170,184.100,170.940,181.170,170.900,170.940,170.950,8983801,1571041311.000,900,170.940,100,170.900,100,170.890,3000,170.880,200,170.860,600,170.950,100,170.970,1700,170.980,9800,171.000,1100,171.010,2021-01-26,10:23:58,00,";
var hq_str_sh603259="药明康德,181.170,184.100,170.510,181.170,170.210,170.360,170.510,9153101,1599916614.000,100,170.360,4100,170.210,3300,170.200,500,170.190,400,170.180,600,170.510,500,170.520,100,170.530,580,170.660,300,170.670,2021-01-26,10:25:00,00,";
var hq_str_sh603259="药明康德,181.170,184.100,170.900,181.170,170.210,170.900,170.940,9280972,1621726217.000,800,170.900,1300,170.860,300,170.850,2400,170.820,700,170.810,900,170.940,100,170.970,300,170.980,3600,171.000,900,171.010,2021-01-26,10:25:58,00,";
var hq_str_sh603259="药明康德,181.170,184.100,172.000,181.170,170.210,171.840,172.000,9359112,1635125806.000,2000,171.840,700,171.790,1000,171.780,500,171.750,100,171.720,2725,172.000,3400,172.050,500,172.110,100,172.120,100,172.170,2021-01-26,10:27:00,00,";
var hq_str_sh603259="药明康德,181.170,184.100,172.000,181.170,170.210,172.000,172.510,9505841,1660375577.000,1496,172.000,1000,171.980,600,171.900,700,171.880,200,171.810,200,172.510,9800,172.580,300,172.600,500,172.810,200,172.820,2021-01-26,10:28:00,00,";
var hq_str_sh603259="药明康德,181.170,184.100,172.650,181.170,170.210,172.650,172.730,9567099,1670947095.000,4700,172.650,100,172.640,600,172.630,1600,172.620,8042,172.600,200,172.730,100,172.750,100,172.760,600,172.770,1000,172.780,2021-01-26,10:28:58,00,";
var hq_str_sh603259="药明康德,181.170,184.100,173.000,181.170,170.210,173.000,173.040,9634131,1682535248.000,100,173.000,968,172.990,700,172.980,200,172.950,100,172.920,100,173.040,100,173.100,100,173.110,400,173.120,300,173.140,2021-01-26,10:30:00,00,";
var hq_str_sh603259="药明康德,181.170,184.100,172.840,181.170,170.210,172.680,172.740,9715091,1696524320.000,600,172.680,100,172.660,1500,172.650,900,172.630,1300,172.620,400,172.740,300,172.840,1000,172.850,300,172.860,300,172.880,2021-01-26,10:31:00,00,";
var hq_str_sh603259="药明康德,181.170,184.100,173.320,181.170,170.210,173.280,173.320,9766276,1705375048.000,700,173.280,5600,173.260,5600,173.240,500,173.230,600,173.220,200,173.320,100,173.330,300,173.360,100,173.390,300,173.400,2021-01-26,10:31:58,00,";
var hq_str_sh603259="药明康德,181.170,184.100,173.500,181.170,170.210,173.320,173.490,9889976,1726860231.000,500,173.320,5900,173.300,1400,173.290,6600,173.260,1200,173.240,100,173.490,100,173.500,900,173.610,1000,173.700,100,173.720,2021-01-26,10:33:00,00,";
var hq_str_sh603259="药明康德,181.170,184.100,173.330,181.170,170.210,173.330,173.410,9933776,1734461839.000,5400,173.330,1300,173.320,4000,173.300,1400,173.290,200,173.270,1100,173.410,100,173.420,700,173.440,400,173.500,300,173.520,2021-01-26,10:34:00,00,";
var hq_str_sh603259="药明康德,181.170,184.100,173.850,181.170,170.210,173.850,173.860,9977776,1742097231.000,800,173.850,1000,173.840,100,173.810,28800,173.800,100,173.780,400,173.860,300,173.870,400,173.880,400,173.900,300,173.920,2021-01-26,10:35:00,00,";
var hq_str_sh603259="药明康德,181.170,184.100,174.110,181.170,170.210,174.100,174.110,10021248,1749662620.000,500,174.100,1000,174.090,300,174.080,300,174.070,1400,174.060,300,174.110,300,174.210,300,174.250,8700,174.300,100,174.320,2021-01-26,10:36:00,00,";
var hq_str_sh603259="药明康德,181.170,184.100,173.920,181.170,170.210,173.910,173.920,10102648,1763837407.000,100,173.910,200,173.880,1300,173.860,100,173.800,200,173.780,200,173.920,200,173.930,500,173.990,5300,174.000,700,174.120,2021-01-26,10:37:00,00,";
var hq_str_sh603259="药明康德,181.170,184.100,174.060,181.170,170.210,174.000,174.060,10148228,1771763879.000,700,174.000,100,173.950,100,173.840,1400,173.810,100,173.800,100,174.060,100,174.080,1000,174.090,700,174.110,100,174.120,2021-01-26,10:38:00,00,";
var hq_str_sh603259="药明康德,181.170,184.100,174.410,181.170,170.210,174.410,174.500,10187979,1778687301.000,160,174.410,200,174.350,3429,174.330,1500,174.310,300,174.250,1400,174.500,100,174.510,200,174.530,400,174.540,1700,174.550,2021-01-26,10:38:58,00,";
var hq_str_sh603259="药明康德,181.170,184.100,174.410,181.170,170.210,174.380,174.410,10243779,1788422394.000,1700,174.380,1800,174.250,9200,174.220,200,174.200,100,174.180,200,174.410,300,174.430,9600,174.460,300,174.480,3400,174.500,2021-01-26,10:39:58,00,";
var hq_str_sh603259="药明康德,181.170,184.100,173.600,181.170,170.210,173.590,173.600,10318679,1801470708.000,100,173.590,200,173.560,700,173.550,100,173.540,300,173.500,5500,173.600,500,173.710,100,173.750,200,173.760,100,173.800,2021-01-26,10:41:00,00,";
var hq_str_sh603259="药明康德,181.170,184.100,174.090,181.170,170.210,173.710,173.810,10425406,1820017474.000,100,173.710,1700,173.660,500,173.600,1500,173.500,73,173.490,400,173.810,200,174.090,2000,174.120,2800,174.130,1900,174.140,2021-01-26,10:41:58,00,";
var hq_str_sh603259="药明康德,181.170,184.100,174.130,181.170,170.210,174.130,174.220,10512206,1835115002.000,1200,174.130,300,174.110,600,174.080,1200,174.070,400,174.060,200,174.220,300,174.230,300,174.240,400,174.270,400,174.280,2021-01-26,10:43:00,00,";
var hq_str_sh603259="药明康德,181.170,184.100,174.430,181.170,170.210,174.430,174.450,10555606,1842683242.000,1000,174.430,300,174.390,300,174.370,100,174.360,400,174.350,1100,174.450,400,174.490,700,174.530,400,174.550,500,174.580,2021-01-26,10:44:00,00,";
var hq_str_sh603259="药明康德,181.170,184.100,174.630,181.170,170.210,174.560,174.630,10621006,1854095657.000,2500,174.560,200,174.550,100,174.530,1000,174.510,8700,174.500,400,174.630,900,174.640,300,174.650,500,174.660,300,174.670,2021-01-26,10:45:00,00,";
var hq_str_sh603259="药明康德,181.170,184.100,175.550,181.170,170.210,175.560,175.600,10695906,1867195501.000,300,175.560,6200,175.550,2600,175.500,5200,175.350,1100,175.300,700,175.600,500,175.610,100,175.730,200,175.800,100,175.830,2021-01-26,10:45:58,00,";
var hq_str_sh603259="药明康德,181.170,184.100,175.500,181.170,170.210,175.530,175.540,10811006,1887414065.000,6000,175.530,100,175.510,53000,175.500,4000,175.300,600,175.280,1100,175.540,1000,175.600,500,175.690,1600,175.700,300,175.710,2021-01-26,10:47:00,00,";
var hq_str_sh603259="药明康德,181.170,184.100,175.180,181.170,170.210,175.180,175.300,10905906,1904057096.000,7500,175.180,1200,175.130,800,175.050,3800,175.010,2000,175.000,100,175.300,400,175.310,5000,175.350,400,175.390,300,175.480,2021-01-26,10:48:00,00,";
var hq_str_sh603259="药明康德,181.170,184.100,175.170,181.170,170.210,175.130,175.200,11012206,1922689414.000,500,175.130,1700,175.110,400,175.060,3000,175.050,1600,175.010,300,175.200,7700,175.300,100,175.350,300,175.360,6200,175.400,2021-01-26,10:49:00,00,";
var hq_str_sh603259="药明康德,181.170,184.100,175.400,181.170,170.210,175.400,175.410,11102426,1938495701.000,5500,175.400,3500,175.370,2400,175.360,900,175.350,400,175.330,100,175.410,300,175.420,600,175.430,300,175.440,300,175.450,2021-01-26,10:50:00,00,";
var hq_str_sh603259="药明康德,181.170,184.100,175.690,181.170,170.210,175.670,175.700,11190111,1953885432.000,100,175.670,4400,175.660,6000,175.640,600,175.630,200,175.620,1800,175.700,500,175.710,300,175.730,500,175.750,300,175.760,2021-01-26,10:50:58,00,";
var hq_str_sh603259="药明康德,181.170,184.100,175.000,181.170,170.210,175.000,175.140,11335491,1979416486.000,3400,175.000,100,174.990,100,174.970,100,174.900,200,174.880,1000,175.140,1700,175.150,600,175.160,200,175.240,400,175.320,2021-01-26,10:52:00,00,";
var hq_str_sh603259="药明康德,181.170,184.100,174.650,181.170,170.210,174.650,174.930,11386191,1988289414.000,2400,174.650,200,174.640,2900,174.500,1500,174.450,400,174.440,200,174.930,100,174.980,1100,175.000,100,175.010,100,175.020,2021-01-26,10:52:58,00,";
var hq_str_sh603259="药明康德,181.170,184.100,175.190,181.170,170.210,175.190,175.200,11439091,1997545183.000,1400,175.190,1400,175.180,3300,175.170,100,175.160,1100,175.000,400,175.200,400,175.210,300,175.220,200,175.300,200,175.450,2021-01-26,10:53:58,00,";
var hq_str_sh603259="药明康德,181.170,184.100,175.210,181.170,170.210,175.050,175.210,11486791,2005896777.000,4300,175.050,2200,175.020,400,174.980,200,174.970,1700,174.950,600,175.210,100,175.230,300,175.240,300,175.250,300,175.260,2021-01-26,10:55:00,00,";
var hq_str_sh603259="药明康德,181.170,184.100,174.870,181.170,170.210,174.500,174.890,11564091,2019409056.000,100,174.500,1600,174.450,600,174.380,100,174.360,400,174.320,2700,174.890,3500,174.900,400,174.940,300,174.960,700,174.970,2021-01-26,10:56:00,00,";
var hq_str_sh603259="药明康德,181.170,184.100,174.450,181.170,170.210,174.380,174.450,11627491,2030497689.000,600,174.380,100,174.360,200,174.320,2000,174.310,1700,174.300,1400,174.450,1100,174.600,8000,174.890,200,174.900,400,174.950,2021-01-26,10:56:58,00,";
var hq_str_sh603259="药明康德,181.170,184.100,174.350,181.170,170.210,174.340,174.350,11687591,2040981847.000,100,174.340,1800,174.330,1100,174.320,2000,174.310,2100,174.300,340,174.350,100,174.380,200,174.390,5800,174.400,300,174.450,2021-01-26,10:58:00,00,";
var hq_str_sh603259="药明康德,181.170,184.100,174.790,181.170,170.210,174.400,174.750,11740031,2050129404.000,400,174.400,2000,174.360,1060,174.350,100,174.330,1200,174.320,300,174.750,200,174.790,100,174.880,500,174.890,400,174.900,2021-01-26,10:59:00,00,";
var hq_str_sh603259="药明康德,181.170,184.100,174.010,181.170,170.210,174.010,174.120,11793931,2059525985.000,2760,174.010,10100,174.000,100,173.990,100,173.980,700,173.940,900,174.120,3500,174.140,400,174.150,7900,174.160,1000,174.170,2021-01-26,10:59:58,00,";
var hq_str_sh603259="药明康德,181.170,184.100,174.090,181.170,170.210,174.010,174.110,11887431,2075790657.000,400,174.010,8500,174.000,1000,173.990,300,173.980,4600,173.880,1100,174.110,600,174.140,3900,174.150,300,174.170,300,174.380,2021-01-26,11:01:00,00,";
var hq_str_sh603259="药明康德,181.170,184.100,173.980,181.170,170.210,173.980,173.990,11927731,2082803026.000,1000,173.980,100,173.930,4700,173.880,100,173.870,200,173.800,6000,173.990,2600,174.000,2700,174.010,300,174.020,300,174.030,2021-01-26,11:02:00,00,";
var hq_str_sh603259="药明康德,181.170,184.100,173.650,181.170,170.210,173.550,173.650,11977131,2091384297.000,500,173.550,1000,173.510,1200,173.500,100,173.480,200,173.380,2100,173.650,5100,173.700,600,173.860,500,173.870,400,173.880,2021-01-26,11:02:58,00,";
var hq_str_sh603259="药明康德,181.170,184.100,173.910,181.170,170.210,173.910,173.980,12056931,2105242716.000,300,173.910,100,173.900,300,173.880,200,173.870,100,173.860,600,173.980,300,173.990,3100,174.000,1000,174.010,400,174.020,2021-01-26,11:04:00,00,";
var hq_str_sh603259="药明康德,181.170,184.100,174.070,181.170,170.210,174.050,174.070,12091828,2111314635.000,200,174.050,100,174.020,7500,174.000,500,173.990,500,173.980,600,174.070,300,174.080,300,174.090,300,174.100,600,174.110,2021-01-26,11:05:00,00,";
var hq_str_sh603259="药明康德,181.170,184.100,173.990,181.170,170.210,173.990,174.250,12132011,2118309785.000,2300,173.990,1100,173.980,600,173.970,100,173.950,500,173.930,3100,174.250,100,174.380,100,174.400,400,174.590,100,174.770,2021-01-26,11:05:58,00,";
var hq_str_sh603259="药明康德,181.170,184.100,174.180,181.170,170.210,174.180,174.190,12163611,2123812353.000,1200,174.180,6900,174.080,300,174.070,400,174.060,900,174.050,400,174.190,2800,174.200,800,174.240,3600,174.250,600,174.260,2021-01-26,11:07:00,00,";
var hq_str_sh603259="药明康德,181.170,184.100,174.180,181.170,170.210,174.180,174.190,12205711,2131145440.000,100,174.180,600,174.110,200,174.100,400,174.080,300,174.070,1000,174.190,9000,174.200,100,174.250,1200,174.260,500,174.280,2021-01-26,11:08:00,00,";
var hq_str_sh603259="药明康德,181.170,184.100,174.070,181.170,170.210,174.070,174.100,12230211,2135411055.000,200,174.070,3900,174.060,200,174.040,600,174.030,200,174.020,300,174.100,200,174.160,5400,174.200,400,174.210,300,174.230,2021-01-26,11:08:58,00,";
var hq_str_sh603259="药明康德,181.170,184.100,174.090,181.170,170.210,174.030,174.090,12267111,2141835643.000,1600,174.030,400,174.020,100,174.010,7400,174.000,400,173.990,400,174.090,100,174.100,400,174.110,300,174.190,2000,174.200,2021-01-26,11:10:00,00,";
var hq_str_sh603259="药明康德,181.170,184.100,174.490,181.170,170.210,174.450,174.500,12298996,2147392758.000,200,174.450,2900,174.440,1300,174.430,4000,174.410,300,174.400,400,174.500,300,174.510,300,174.520,300,174.530,300,174.540,2021-01-26,11:11:00,00,";
var hq_str_sh603259="药明康德,181.170,184.100,174.600,181.170,170.210,174.600,174.620,12323396,2151652334.000,3500,174.600,200,174.590,200,174.580,100,174.570,600,174.550,1000,174.620,400,174.640,300,174.650,300,174.660,300,174.670,2021-01-26,11:11:58,00,";
var hq_str_sh603259="药明康德,181.170,184.100,174.800,181.170,170.210,174.780,174.800,12352296,2156701394.000,200,174.780,1000,174.770,3300,174.740,1200,174.730,5500,174.720,3500,174.800,300,174.810,300,174.820,300,174.830,300,174.840,2021-01-26,11:13:00,00,";
var hq_str_sh603259="药明康德,181.170,184.100,174.910,181.170,170.210,174.900,174.920,12398381,2164761361.000,200,174.900,2000,174.890,300,174.880,600,174.810,5000,174.800,100,174.920,1340,174.930,200,175.010,300,175.020,300,175.030,2021-01-26,11:14:00,00,";
var hq_str_sh603259="药明康德,181.170,184.100,175.290,181.170,170.210,175.160,175.290,12449571,2173728229.000,700,175.160,500,175.150,300,175.140,100,175.130,1100,175.090,200,175.290,300,175.320,300,175.330,300,175.350,300,175.360,2021-01-26,11:15:00,00,";
var hq_str_sh603259="药明康德,181.170,184.100,175.450,181.170,170.210,175.440,175.470,12496071,2181886121.000,2400,175.440,800,175.420,100,175.410,600,175.370,100,175.360,100,175.470,1100,175.590,1700,175.600,100,175.630,5225,175.640,2021-01-26,11:15:58,00,";
var hq_str_sh603259="药明康德,181.170,184.100,175.640,181.170,170.210,175.510,175.750,12568771,2194652127.000,200,175.510,500,175.500,2200,175.490,600,175.430,700,175.420,200,175.750,100,175.760,3025,175.780,900,175.790,24900,175.800,2021-01-26,11:17:00,00,";
var hq_str_sh603259="药明康德,181.170,184.100,175.700,181.170,170.210,175.620,175.700,12617471,2203207700.000,100,175.620,1000,175.600,300,175.590,800,175.500,200,175.440,3100,175.700,1100,175.770,125,175.790,25000,175.800,300,175.810,2021-01-26,11:17:58,00,";
var hq_str_sh603259="药明康德,181.170,184.100,175.590,181.170,170.210,175.640,175.790,12705771,2218723027.000,500,175.640,6100,175.590,3400,175.550,500,175.540,900,175.530,700,175.790,19825,175.800,300,175.810,300,175.820,400,175.830,2021-01-26,11:19:00,00,";
var hq_str_sh603259="药明康德,181.170,184.100,175.370,181.170,170.210,175.360,175.400,12807411,2236576221.000,100,175.360,800,175.290,400,175.270,200,175.260,300,175.200,7900,175.400,200,175.780,100,175.800,300,175.810,300,175.820,2021-01-26,11:19:58,00,";
var hq_str_sh603259="药明康德,181.170,184.100,175.010,181.170,170.210,175.020,175.160,12870211,2247576083.000,1400,175.020,200,175.010,11600,175.000,500,174.960,200,174.940,700,175.160,100,175.200,2900,175.300,1100,175.360,1600,175.370,2021-01-26,11:21:00,00,";
var hq_str_sh603259="药明康德,181.170,184.100,174.950,181.170,170.210,174.910,175.030,12937311,2259321515.000,600,174.910,3060,174.900,100,174.890,1100,174.880,600,174.810,1500,175.030,9500,175.050,100,175.080,900,175.100,100,175.130,2021-01-26,11:21:58,00,";
var hq_str_sh603259="药明康德,181.170,184.100,174.990,181.170,170.210,174.990,175.000,12973811,2265708411.000,3500,174.990,400,174.950,800,174.930,3800,174.920,400,174.910,11100,175.000,2400,175.010,100,175.030,300,175.050,800,175.070,2021-01-26,11:23:00,00,";
var hq_str_sh603259="药明康德,181.170,184.100,174.950,181.170,170.210,174.880,174.950,13055511,2280004697.000,200,174.880,700,174.870,1000,174.860,500,174.850,400,174.820,1100,174.950,300,175.010,300,175.150,300,175.160,300,175.170,2021-01-26,11:24:00,00,";
var hq_str_sh603259="药明康德,181.170,184.100,175.070,181.170,170.210,175.070,175.160,13104111,2288512042.000,3100,175.070,100,175.020,2400,175.010,20600,175.000,100,174.990,600,175.160,300,175.170,1200,175.180,300,175.190,900,175.200,2021-01-26,11:24:58,00,";
var hq_str_sh603259="药明康德,181.170,184.100,175.000,181.170,170.210,175.000,175.010,13178311,2301502543.000,100,175.000,100,174.950,5700,174.880,500,174.860,400,174.850,400,175.010,100,175.020,500,175.200,2000,175.280,3800,175.300,2021-01-26,11:26:00,00,";
var hq_str_sh603259="药明康德,181.170,184.100,174.790,181.170,170.210,174.770,174.790,13251011,2314214207.000,5000,174.770,2600,174.690,2200,174.670,200,174.640,300,174.630,500,174.790,41300,174.800,1500,174.870,1400,174.890,300,174.930,2021-01-26,11:27:00,00,";
var hq_str_sh603259="药明康德,181.170,184.100,174.690,181.170,170.210,174.680,174.690,13311411,2324770560.000,2100,174.680,2200,174.670,200,174.640,300,174.630,700,174.600,700,174.690,500,174.790,19400,174.800,300,174.810,300,174.820,2021-01-26,11:28:00,00,";
var hq_str_sh603259="药明康德,181.170,184.100,174.660,181.170,170.210,174.660,174.670,13332011,2328369139.000,700,174.660,300,174.650,4700,174.640,300,174.630,800,174.600,2300,174.670,4200,174.690,100,174.770,1300,174.780,1600,174.790,2021-01-26,11:29:00,00,";
var hq_str_sh603259="药明康德,181.170,184.100,174.670,181.170,170.210,174.640,174.670,13368611,2334760497.000,700,174.640,1500,174.630,500,174.550,100,174.510,20100,174.500,600,174.670,300,174.720,300,174.740,300,174.760,400,174.770,2021-01-26,11:29:58,00,";
var hq_str_sh603259="药明康德,181.170,184.100,174.000,181.170,170.210,173.990,174.000,13417726,2343320440.000,100,173.990,1200,173.980,900,173.970,600,173.960,2500,173.920,88885,174.000,400,174.010,17500,174.500,100,174.610,2500,174.640,2021-01-26,13:00:01,00,";
var hq_str_sh603259="药明康德,181.170,184.100,173.830,181.170,170.210,173.830,173.920,13570526,2369863318.000,900,173.830,4600,173.820,5200,173.810,4700,173.800,200,173.760,200,173.920,89885,174.000,43200,174.100,1700,174.490,18740,174.500,2021-01-26,13:01:01,00,";
var hq_str_sh603259="药明康德,181.170,184.100,173.800,181.170,170.210,173.800,173.840,13701396,2392612320.000,2500,173.800,6700,173.790,300,173.770,400,173.760,100,173.740,13000,173.840,2300,173.900,1800,173.960,62785,174.000,43200,174.100,2021-01-26,13:01:58,00,";
var hq_str_sh603259="药明康德,181.170,184.100,173.850,181.170,170.210,173.810,173.820,13793996,2408711477.000,1100,173.810,100,173.800,4100,173.760,100,173.680,6900,173.660,100,173.820,700,173.850,200,173.870,700,173.890,23200,173.950,2021-01-26,13:02:58,00,";
var hq_str_sh603259="药明康德,181.170,184.100,173.650,181.170,170.210,173.520,173.660,13864696,2420999425.000,100,173.520,100,173.510,400,173.500,100,173.400,300,173.360,2000,173.660,100,173.670,400,173.800,400,173.830,600,173.840,2021-01-26,13:03:58,00,";
var hq_str_sh603259="药明康德,181.170,184.100,173.560,181.170,170.210,173.540,173.590,13900396,2427197502.000,500,173.540,500,173.520,200,173.500,200,173.430,100,173.400,1300,173.590,200,173.600,4200,173.660,400,173.700,1400,173.710,2021-01-26,13:04:58,00,";
var hq_str_sh603259="药明康德,181.170,184.100,173.740,181.170,170.210,173.690,173.730,13957896,2437181844.000,2900,173.690,1000,173.670,100,173.630,300,173.600,800,173.590,100,173.730,1000,173.740,500,173.780,2100,173.800,300,173.820,2021-01-26,13:06:01,00,";
var hq_str_sh603259="药明康德,181.170,184.100,173.890,181.170,170.210,173.890,173.900,13993796,2443418580.000,100,173.890,4400,173.870,800,173.800,900,173.790,400,173.780,300,173.900,300,173.920,700,173.940,13800,173.950,300,173.960,2021-01-26,13:07:01,00,";
var hq_str_sh603259="药明康德,181.170,184.100,173.910,181.170,170.210,173.820,173.910,14049696,2453135404.000,100,173.820,2600,173.810,700,173.800,100,173.720,500,173.710,4100,173.910,1200,173.920,200,173.930,300,173.940,12400,173.950,2021-01-26,13:07:58,00,";
var hq_str_sh603259="药明康德,181.170,184.100,173.800,181.170,170.210,173.770,173.800,14089596,2460071928.000,1800,173.770,300,173.760,3000,173.720,2300,173.710,2900,173.700,1900,173.800,2400,173.880,500,173.910,100,173.930,300,173.940,2021-01-26,13:08:58,00,";
var hq_str_sh603259="药明康德,181.170,184.100,173.860,181.170,170.210,173.800,173.860,14141676,2469126435.000,1200,173.800,200,173.760,100,173.750,200,173.730,200,173.720,7500,173.860,100,173.870,2500,173.880,100,173.890,200,173.900,2021-01-26,13:09:58,00,";
var hq_str_sh603259="药明康德,181.170,184.100,174.490,181.170,170.210,174.490,174.500,14276991,2492674466.000,800,174.490,500,174.430,200,174.370,100,174.330,600,174.300,140,174.500,300,174.510,2000,174.580,400,174.600,100,174.610,2021-01-26,13:10:58,00,";
var hq_str_sh603259="药明康德,181.170,184.100,174.000,181.170,170.210,173.980,174.000,14379531,2510541501.000,500,173.980,700,173.910,500,173.900,5300,173.880,800,173.870,32584,174.000,100,174.090,1300,174.590,2500,174.660,2800,174.670,2021-01-26,13:12:01,00,";
var hq_str_sh603259="药明康德,181.170,184.100,174.000,181.170,170.210,173.780,173.990,14466615,2525694728.000,1000,173.780,100,173.770,200,173.760,100,173.750,200,173.730,100,173.990,42800,174.000,1800,174.130,1600,174.430,100,174.470,2021-01-26,13:13:01,00,";
var hq_str_sh603259="药明康德,181.170,184.100,173.810,181.170,170.210,173.810,173.940,14524115,2535694138.000,1100,173.810,600,173.800,900,173.790,1800,173.780,300,173.770,4000,173.940,34700,173.980,41300,174.000,300,174.020,1800,174.130,2021-01-26,13:13:58,00,";
var hq_str_sh603259="药明康德,181.170,184.100,173.670,181.170,170.210,173.670,173.690,14587315,2546673480.000,800,173.670,4300,173.660,200,173.650,11300,173.600,100,173.590,200,173.690,25200,173.700,300,173.720,400,173.730,1000,173.740,2021-01-26,13:14:58,00,";
var hq_str_sh603259="药明康德,181.170,184.100,173.700,181.170,170.210,173.690,173.700,14619415,2552247845.000,2300,173.690,300,173.660,600,173.650,400,173.620,700,173.610,19900,173.700,300,173.720,1000,173.740,300,173.760,200,173.770,2021-01-26,13:15:58,00,";
var hq_str_sh603259="药明康德,181.170,184.100,173.600,181.170,170.210,173.510,173.600,14697015,2565723195.000,500,173.510,4000,173.500,100,173.490,100,173.460,200,173.430,4200,173.600,997,173.610,300,173.680,10900,173.690,30400,173.700,2021-01-26,13:16:58,00,";
var hq_str_sh603259="药明康德,181.170,184.100,173.430,181.170,170.210,173.420,173.430,14732915,2571950331.000,800,173.420,100,173.410,16800,173.400,100,173.390,500,173.380,100,173.430,27500,173.440,4200,173.450,13500,173.460,300,173.480,2021-01-26,13:18:01,00,";
var hq_str_sh603259="药明康德,181.170,184.100,173.430,181.170,170.210,173.430,173.450,14812615,2585772054.000,2100,173.430,2200,173.420,500,173.410,2300,173.400,200,173.390,3800,173.450,13500,173.460,300,173.480,500,173.490,4150,173.500,2021-01-26,13:18:58,00,";
var hq_str_sh603259="药明康德,181.170,184.100,173.390,181.170,170.210,173.390,173.400,14880312,2597500178.000,600,173.390,5700,173.310,100,173.300,100,173.010,5003,173.000,300,173.400,900,173.420,23600,173.430,500,173.440,4000,173.450,2021-01-26,13:20:01,00,";
var hq_str_sh603259="药明康德,181.170,184.100,173.380,181.170,170.210,173.370,173.380,14928612,2605866229.000,2300,173.370,100,173.360,100,173.320,1100,173.310,2200,173.300,100,173.380,600,173.390,300,173.400,800,173.420,500,173.440,2021-01-26,13:20:58,00,";
var hq_str_sh603259="药明康德,181.170,184.100,173.340,181.170,170.210,173.350,173.390,14969012,2612865938.000,2000,173.350,3800,173.340,900,173.050,3200,173.030,2000,173.020,3100,173.390,200,173.400,600,173.440,3800,173.450,600,173.460,2021-01-26,13:21:58,00,";
var hq_str_sh603259="药明康德,181.170,184.100,173.810,181.170,170.210,173.730,173.810,15076912,2631601233.000,1300,173.730,100,173.720,100,173.710,200,173.360,1100,173.350,600,173.810,1500,173.900,1000,173.920,200,173.930,300,173.940,2021-01-26,13:23:01,00,";
var hq_str_sh603259="药明康德,181.170,184.100,173.920,181.170,170.210,173.830,173.870,15102112,2635983202.000,100,173.830,1200,173.820,1200,173.810,100,173.800,100,173.750,100,173.870,200,173.880,200,173.930,100,173.940,39500,173.950,2021-01-26,13:23:58,00,";
var hq_str_sh603259="药明康德,181.170,184.100,173.870,181.170,170.210,173.860,173.870,15152912,2644815804.000,400,173.860,100,173.850,2100,173.840,200,173.830,400,173.820,4400,173.870,100,173.910,400,173.920,300,173.930,37800,173.950,2021-01-26,13:24:58,00,";
var hq_str_sh603259="药明康德,181.170,184.100,173.850,181.170,170.210,173.840,173.850,15205112,2653890181.000,1700,173.840,300,173.820,1200,173.810,400,173.800,100,173.770,800,173.850,900,173.860,2000,173.870,200,173.890,200,173.920,2021-01-26,13:26:01,00,";
var hq_str_sh603259="药明康德,181.170,184.100,173.830,181.170,170.210,173.830,173.920,15233332,2658794903.000,500,173.830,1100,173.800,2180,173.790,100,173.740,200,173.730,6700,173.920,200,173.930,37600,173.950,300,173.960,32750,173.980,2021-01-26,13:26:58,00,";
var hq_str_sh603259="药明康德,181.170,184.100,173.790,181.170,170.210,173.790,173.840,15270932,2665329453.000,400,173.790,100,173.780,100,173.770,400,173.760,200,173.660,341,173.840,45700,173.850,100,173.860,200,173.880,100,173.900,2021-01-26,13:27:58,00,";
var hq_str_sh603259="药明康德,181.170,184.100,173.700,181.170,170.210,173.710,173.760,15295532,2669603478.000,100,173.710,1700,173.700,200,173.690,200,173.670,1400,173.570,13300,173.760,200,173.780,1200,173.800,1300,173.810,400,173.840,2021-01-26,13:28:58,00,";
var hq_str_sh603259="药明康德,181.170,184.100,173.580,181.170,170.210,173.580,173.680,15323332,2674432760.000,400,173.580,2300,173.570,300,173.550,700,173.500,100,173.430,1300,173.680,200,173.750,1500,173.760,200,173.780,1500,173.800,2021-01-26,13:29:58,00,";
var hq_str_sh603259="药明康德,181.170,184.100,173.510,181.170,170.210,173.490,173.550,15355732,2680053603.000,900,173.490,100,173.480,300,173.470,4200,173.460,200,173.440,3001,173.550,900,173.570,200,173.680,200,173.750,1100,173.760,2021-01-26,13:30:58,00,";
var hq_str_sh603259="药明康德,181.170,184.100,173.810,181.170,170.210,173.810,173.850,15386873,2685461983.000,2860,173.810,500,173.760,900,173.750,100,173.700,200,173.690,36341,173.850,400,173.860,300,173.880,1800,173.900,6600,173.920,2021-01-26,13:31:58,00,";
var hq_str_sh603259="药明康德,181.170,184.100,173.840,181.170,170.210,173.840,173.850,15451373,2696676395.000,1500,173.840,500,173.830,100,173.800,100,173.760,100,173.700,2941,173.850,36300,173.950,300,173.960,32750,173.980,1000,173.990,2021-01-26,13:32:58,00,";
var hq_str_sh603259="药明康德,181.170,184.100,173.950,181.170,170.210,173.890,173.950,15512314,2707275246.000,1700,173.890,300,173.880,2100,173.850,200,173.830,100,173.800,3600,173.950,400,173.960,700,173.970,32750,173.980,1000,173.990,2021-01-26,13:33:58,00,";
var hq_str_sh603259="药明康德,181.170,184.100,173.900,181.170,170.210,173.900,173.980,15551215,2714042336.000,3299,173.900,1400,173.890,2100,173.850,200,173.830,200,173.800,16950,173.980,1000,173.990,75200,174.000,300,174.020,300,174.040,2021-01-26,13:35:01,00,";
var hq_str_sh603259="药明康德,181.170,184.100,173.890,181.170,170.210,173.890,173.900,15593515,2721399973.000,1699,173.890,200,173.880,2000,173.850,200,173.830,200,173.800,700,173.900,12300,173.910,1000,173.980,1700,173.990,75400,174.000,2021-01-26,13:35:58,00,";
var hq_str_sh603259="药明康德,181.170,184.100,173.900,181.170,170.210,173.990,174.000,15662313,2733368028.000,200,173.990,5802,173.900,1400,173.890,400,173.800,100,173.780,49500,174.000,100,174.010,300,174.020,300,174.040,100,174.050,2021-01-26,13:37:01,00,";
var hq_str_sh603259="药明康德,181.170,184.100,173.890,181.170,170.210,173.780,173.890,15702615,2740378508.000,200,173.780,200,173.720,600,173.700,500,173.680,100,173.660,597,173.890,500,173.990,49300,174.000,300,174.020,300,174.040,2021-01-26,13:37:58,00,";
var hq_str_sh603259="药明康德,181.170,184.100,174.170,181.170,170.210,174.010,174.170,15785612,2754823125.000,100,174.010,403,174.000,1400,173.990,100,173.900,100,173.890,400,174.170,21900,174.190,700,174.200,300,174.420,300,174.440,2021-01-26,13:39:01,00,";
var hq_str_sh603259="药明康德,181.170,184.100,173.960,181.170,170.210,173.910,173.960,15848215,2765720190.000,600,173.910,100,173.870,200,173.840,800,173.800,200,173.790,300,173.960,1100,173.980,31496,174.000,10200,174.010,200,174.080,2021-01-26,13:39:58,00,";
var hq_str_sh603259="药明康德,181.170,184.100,173.920,181.170,170.210,173.920,173.940,15875415,2770452084.000,1200,173.920,1600,173.910,900,173.800,200,173.790,100,173.780,500,173.940,2900,173.950,300,173.960,100,173.970,2500,173.980,2021-01-26,13:40:58,00,";
var hq_str_sh603259="药明康德,181.170,184.100,173.750,181.170,170.210,173.720,173.790,15910015,2776468965.000,400,173.720,500,173.700,500,173.680,100,173.660,100,173.600,700,173.790,1100,173.800,100,173.810,5797,173.900,300,173.920,2021-01-26,13:41:58,00,";
var hq_str_sh603259="药明康德,181.170,184.100,173.700,181.170,170.210,173.690,173.700,15936315,2781039917.000,3300,173.690,1000,173.680,1300,173.660,100,173.600,200,173.590,5094,173.700,5000,173.750,100,173.790,6800,173.800,1300,173.870,2021-01-26,13:42:58,00,";
var hq_str_sh603259="药明康德,181.170,184.100,173.800,181.170,170.210,173.750,173.800,15974095,2787602733.000,100,173.750,500,173.660,400,173.600,200,173.590,100,173.580,3474,173.800,300,173.820,300,173.840,300,173.860,700,173.870,2021-01-26,13:44:01,00,";
var hq_str_sh603259="药明康德,181.170,184.100,173.700,181.170,170.210,173.760,173.820,16011268,2794060114.000,300,173.760,5227,173.750,300,173.690,200,173.670,200,173.650,400,173.820,300,173.840,400,173.850,300,173.860,700,173.870,2021-01-26,13:44:58,00,";
var hq_str_sh603259="药明康德,181.170,184.100,173.900,181.170,170.210,173.900,173.920,16047800,2800410545.000,203,173.900,1000,173.840,1700,173.830,100,173.800,400,173.750,300,173.920,300,173.940,50000,173.950,300,173.960,11900,173.980,2021-01-26,13:46:01,00,";
var hq_str_sh603259="药明康德,181.170,184.100,173.830,181.170,170.210,173.830,173.840,16072603,2804722192.000,3900,173.830,100,173.800,1500,173.790,600,173.780,2300,173.770,600,173.840,26393,173.850,300,173.860,400,173.880,1300,173.900,2021-01-26,13:46:55,00,";
var hq_str_sh603259="药明康德,181.170,184.100,173.700,181.170,170.210,173.660,173.700,16110803,2811360735.000,100,173.660,1600,173.650,800,173.600,100,173.590,300,173.580,2801,173.700,1000,173.750,400,173.760,100,173.770,100,173.780,2021-01-26,13:48:01,00,";
var hq_str_sh603259="药明康德,181.170,184.100,173.700,181.170,170.210,173.700,173.750,16148184,2817853583.000,1000,173.700,200,173.680,100,173.670,700,173.660,1600,173.650,100,173.750,100,173.760,200,173.790,5100,173.800,1700,173.810,2021-01-26,13:48:58,00,";
var hq_str_sh603259="药明康德,181.170,184.100,173.840,181.170,170.210,173.830,173.840,16189288,2824997011.000,2800,173.830,600,173.780,1500,173.770,396,173.760,100,173.740,1700,173.840,12995,173.850,300,173.860,500,173.880,1800,173.900,2021-01-26,13:50:01,00,";
var hq_str_sh603259="药明康德,181.170,184.100,173.950,181.170,170.210,173.940,173.950,16258107,2836961088.000,300,173.940,200,173.900,1500,173.860,2500,173.850,1200,173.830,35400,173.950,300,173.960,10500,173.980,28700,173.990,70200,174.000,2021-01-26,13:50:58,00,";
var hq_str_sh603259="药明康德,181.170,184.100,173.800,181.170,170.210,173.830,173.870,16295107,2843394297.000,200,173.830,200,173.780,500,173.760,100,173.710,5172,173.700,100,173.870,300,173.880,300,173.900,200,173.910,50000,173.920,2021-01-26,13:51:58,00,";
var hq_str_sh603259="药明康德,181.170,184.100,173.690,181.170,170.210,173.670,173.690,16334293,2850203994.000,100,173.670,2700,173.660,2000,173.650,500,173.630,100,173.610,1300,173.690,16710,173.700,300,173.810,100,173.840,5900,173.850,2021-01-26,13:52:58,00,";
var hq_str_sh603259="药明康德,181.170,184.100,173.660,181.170,170.210,173.640,173.660,16377993,2857793366.000,400,173.640,1200,173.600,500,173.580,500,173.570,100,173.560,100,173.660,100,173.690,16695,173.700,100,173.790,300,173.810,2021-01-26,13:53:58,00,";
var hq_str_sh603259="药明康德,181.170,184.100,173.590,181.170,170.210,173.580,173.590,16434593,2867623140.000,100,173.580,500,173.570,100,173.560,8700,173.550,600,173.540,400,173.590,3905,173.690,1395,173.700,300,173.780,100,173.790,2021-01-26,13:54:58,00,";
var hq_str_sh603259="药明康德,181.170,184.100,173.710,181.170,170.210,173.730,173.800,16461188,2872242196.000,100,173.730,100,173.720,2000,173.710,300,173.620,200,173.610,100,173.800,3105,173.810,300,173.820,300,173.840,5900,173.850,2021-01-26,13:55:58,00,";
var hq_str_sh603259="药明康德,181.170,184.100,173.860,181.170,170.210,173.860,173.880,16510678,2880841791.000,1900,173.860,1800,173.850,400,173.820,800,173.810,300,173.790,28400,173.880,100,173.890,400,173.900,500,173.910,50300,173.920,2021-01-26,13:56:58,00,";
var hq_str_sh603259="药明康德,181.170,184.100,173.670,181.170,170.210,173.620,173.650,16597278,2895897075.000,300,173.620,100,173.610,3600,173.600,500,173.590,100,173.580,300,173.650,100,173.710,200,173.760,100,173.790,8500,173.800,2021-01-26,13:57:58,00,";
var hq_str_sh603259="药明康德,181.170,184.100,173.680,181.170,170.210,173.680,173.720,16640678,2903432451.000,200,173.680,1600,173.660,100,173.610,7500,173.600,200,173.580,900,173.720,400,173.740,100,173.750,173900,173.760,300,173.780,2021-01-26,13:58:58,00,";
var hq_str_sh603259="药明康德,181.170,184.100,173.700,181.170,170.210,173.690,173.700,16665178,2907688079.000,64600,173.690,100,173.680,100,173.670,400,173.650,700,173.640,1500,173.700,700,173.750,173900,173.760,300,173.780,100,173.790,2021-01-26,13:59:58,00,";
var hq_str_sh603259="药明康德,181.170,184.100,173.570,181.170,170.210,173.560,173.570,16787978,2929016725.000,900,173.560,900,173.550,500,173.540,400,173.530,300,173.520,5900,173.570,16600,173.600,900,173.700,1500,173.710,800,173.720,2021-01-26,14:00:58,00,";
var hq_str_sh603259="药明康德,181.170,184.100,173.500,181.170,170.210,173.490,173.500,16834878,2937156459.000,1000,173.490,100,173.480,100,173.450,100,173.420,200,173.410,4920,173.500,400,173.620,300,173.640,300,173.660,300,173.680,2021-01-26,14:01:58,00,";
var hq_str_sh603259="药明康德,181.170,184.100,173.320,181.170,170.210,173.200,173.320,16876678,2944403897.000,16200,173.200,100,173.150,100,173.120,200,173.110,200,173.100,800,173.320,2300,173.330,600,173.350,200,173.360,1100,173.370,2021-01-26,14:02:58,00,";
var hq_str_sh603259="药明康德,181.170,184.100,172.890,181.170,170.210,172.860,172.890,16968901,2960362527.000,80,172.860,200,172.850,3500,172.830,1000,172.820,900,172.800,100,172.890,200,172.900,600,172.920,100,172.960,100,173.000,2021-01-26,14:04:01,00,";
var hq_str_sh603259="药明康德,181.170,184.100,172.700,181.170,170.210,172.710,172.780,17030801,2971057167.000,800,172.710,1800,172.700,500,172.660,900,172.650,600,172.640,300,172.780,500,172.930,200,172.940,400,172.960,300,172.980,2021-01-26,14:04:58,00,";
var hq_str_sh603259="药明康德,181.170,184.100,172.300,181.170,170.210,172.230,172.300,17139383,2989799672.000,100,172.230,100,172.220,700,172.200,500,172.190,900,172.180,8700,172.300,200,172.310,8400,172.400,200,172.410,300,172.440,2021-01-26,14:05:58,00,";
var hq_str_sh603259="药明康德,181.170,184.100,172.570,181.170,170.210,172.570,172.670,17224101,3004406993.000,100,172.570,200,172.500,300,172.460,1800,172.340,500,172.330,300,172.670,300,172.680,200,172.700,300,172.720,100,172.730,2021-01-26,14:06:58,00,";
var hq_str_sh603259="药明康德,181.170,184.100,172.210,181.170,170.210,172.200,172.210,17291801,3016073907.000,2800,172.200,3500,172.190,100,172.140,300,172.100,200,172.080,1500,172.210,500,172.260,100,172.280,100,172.290,4700,172.300,2021-01-26,14:07:58,00,";
var hq_str_sh603259="药明康德,181.170,184.100,172.400,181.170,170.210,172.390,172.400,17341401,3024620572.000,1800,172.390,500,172.380,3000,172.350,3400,172.340,1500,172.330,900,172.400,300,172.410,300,172.420,300,172.440,900,172.450,2021-01-26,14:08:58,00,";
var hq_str_sh603259="药明康德,181.170,184.100,172.720,181.170,170.210,172.670,172.720,17385619,3032247370.000,400,172.670,400,172.660,4300,172.640,600,172.630,100,172.620,800,172.720,300,172.740,300,172.760,200,172.770,300,172.780,2021-01-26,14:09:58,00,";
var hq_str_sh603259="药明康德,181.170,184.100,172.730,181.170,170.210,172.730,172.740,17464919,3045944442.000,1200,172.730,100,172.700,500,172.690,1300,172.680,300,172.670,9700,172.740,600,172.750,300,172.760,200,172.770,300,172.780,2021-01-26,14:10:58,00,";
var hq_str_sh603259="药明康德,181.170,184.100,172.740,181.170,170.210,172.740,172.750,17525698,3056440999.000,1121,172.740,4700,172.720,300,172.660,600,172.650,200,172.640,800,172.750,300,172.760,200,172.770,300,172.780,1200,172.800,2021-01-26,14:11:58,00,";
var hq_str_sh603259="药明康德,181.170,184.100,172.590,181.170,170.210,172.570,172.590,17574207,3064815694.000,100,172.570,2312,172.550,100,172.540,100,172.530,200,172.510,200,172.590,800,172.600,20500,172.680,500,172.690,1679,172.700,2021-01-26,14:12:58,00,";
var hq_str_sh603259="药明康德,181.170,184.100,172.450,181.170,170.210,172.440,172.450,17616319,3072083490.000,100,172.440,100,172.430,700,172.420,300,172.410,400,172.400,1688,172.450,1000,172.500,500,172.520,1900,172.550,100,172.570,2021-01-26,14:13:58,00,";
var hq_str_sh603259="药明康德,181.170,184.100,172.260,181.170,170.210,172.240,172.260,17670019,3081340509.000,1200,172.240,2000,172.230,5800,172.200,400,172.190,3300,172.180,300,172.260,100,172.270,397,172.280,200,172.300,31000,172.390,2021-01-26,14:15:01,00,";
var hq_str_sh603259="药明康德,181.170,184.100,172.080,181.170,170.210,172.100,172.160,17755719,3096093741.000,100,172.100,300,172.030,1500,172.010,32700,172.000,800,171.990,300,172.160,200,172.200,200,172.210,11400,172.220,600,172.230,2021-01-26,14:15:58,00,";
var hq_str_sh603259="药明康德,181.170,184.100,172.240,181.170,170.210,172.210,172.220,17830019,3108887676.000,200,172.210,200,172.190,100,172.180,300,172.160,25800,172.000,1888,172.220,700,172.240,797,172.280,2500,172.300,100,172.310,2021-01-26,14:16:58,00,";
var hq_str_sh603259="药明康德,181.170,184.100,172.600,181.170,170.210,172.560,172.600,17857404,3113609143.000,2700,172.560,1200,172.530,500,172.520,600,172.510,400,172.500,1100,172.600,300,172.620,1000,172.670,20500,172.680,1379,172.700,2021-01-26,14:17:58,00,";
var hq_str_sh603259="药明康德,181.170,184.100,172.840,181.170,170.210,172.800,172.860,17906483,3122084741.000,1600,172.800,2700,172.790,700,172.780,100,172.770,100,172.760,300,172.860,300,172.880,300,172.900,200,172.940,400,172.960,2021-01-26,14:18:58,00,";
var hq_str_sh603259="药明康德,181.170,184.100,172.940,181.170,170.210,172.930,172.940,17967543,3132641243.000,1400,172.930,7540,172.920,800,172.900,100,172.890,500,172.880,8580,172.940,300,173.000,200,173.060,300,173.080,300,173.100,2021-01-26,14:19:58,00,";
var hq_str_sh603259="药明康德,181.170,184.100,173.500,181.170,170.210,173.490,173.500,18004128,3138975008.000,3600,173.490,6600,173.480,1200,173.460,2800,173.440,2100,173.420,5700,173.500,800,173.520,300,173.540,500,173.550,300,173.560,2021-01-26,14:20:58,00,";
var hq_str_sh603259="药明康德,181.170,184.100,173.590,181.170,170.210,173.580,173.590,18080528,3152235954.000,300,173.580,100,173.560,200,173.380,200,173.350,200,173.300,600,173.590,1500,173.600,1700,173.690,19100,173.700,400,173.760,2021-01-26,14:21:58,00,";
var hq_str_sh603259="药明康德,181.170,184.100,173.700,181.170,170.210,173.690,173.700,18159328,3165905155.000,300,173.690,6500,173.610,1700,173.600,300,173.580,300,173.500,19100,173.700,100,173.780,1000,173.790,3600,173.800,100,173.810,2021-01-26,14:22:58,00,";
var hq_str_sh603259="药明康德,181.170,184.100,173.700,181.170,170.210,173.700,173.780,18196828,3172418734.000,300,173.700,200,173.690,200,173.670,1500,173.660,100,173.630,1800,173.780,400,173.790,12700,173.800,100,173.810,100,173.820,2021-01-26,14:23:58,00,";
var hq_str_sh603259="药明康德,181.170,184.100,173.620,181.170,170.210,173.600,173.620,18228028,3177836529.000,1700,173.600,100,173.580,1000,173.500,100,173.480,100,173.330,3600,173.620,4400,173.630,200,173.640,400,173.650,1200,173.660,2021-01-26,14:24:58,00,";
var hq_str_sh603259="药明康德,181.170,184.100,173.600,181.170,170.210,173.540,173.600,18274928,3185978945.000,100,173.540,200,173.530,300,173.520,1300,173.510,2600,173.500,3400,173.600,300,173.700,500,173.710,1300,173.740,600,173.780,2021-01-26,14:25:58,00,";
var hq_str_sh603259="药明康德,181.170,184.100,173.660,181.170,170.210,173.630,173.700,18343428,3197877256.000,100,173.630,800,173.600,200,173.550,200,173.530,100,173.520,3576,173.700,3400,173.750,700,173.770,100,173.780,600,173.800,2021-01-26,14:26:58,00,";
var hq_str_sh603259="药明康德,181.170,184.100,173.750,181.170,170.210,173.700,173.750,18374928,3203349168.000,200,173.700,500,173.680,700,173.660,600,173.620,600,173.600,1900,173.750,100,173.780,300,173.790,9300,173.800,300,173.820,2021-01-26,14:27:58,00,";
var hq_str_sh603259="药明康德,181.170,184.100,173.840,181.170,170.210,173.820,173.840,18428728,3212699849.000,200,173.820,9000,173.800,300,173.780,100,173.750,100,173.720,10700,173.840,3900,173.900,100,173.910,200,173.950,10500,173.980,2021-01-26,14:28:58,00,";
var hq_str_sh603259="药明康德,181.170,184.100,173.700,181.170,170.210,173.680,173.700,18476428,3220989634.000,400,173.680,700,173.660,300,173.650,100,173.630,600,173.620,1500,173.700,100,173.710,6200,173.780,200,173.790,6400,173.800,2021-01-26,14:29:58,00,";
var hq_str_sh603259="药明康德,181.170,184.100,173.200,181.170,170.210,173.280,173.500,18558728,3235276220.000,100,173.280,2600,173.200,400,173.070,300,173.060,200,173.040,3500,173.500,700,173.560,100,173.700,100,173.710,100,173.750,2021-01-26,14:30:58,00,";
var hq_str_sh603259="药明康德,181.170,184.100,173.330,181.170,170.210,173.200,173.330,18620928,3246055835.000,400,173.200,100,173.190,200,173.110,600,173.080,100,173.030,600,173.330,1400,173.340,700,173.400,300,173.500,100,173.680,2021-01-26,14:31:58,00,";
var hq_str_sh603259="药明康德,181.170,184.100,173.380,181.170,170.210,173.410,173.440,18690884,3258173669.000,100,173.410,200,173.320,3700,173.300,100,173.200,2000,173.110,400,173.440,200,173.470,2000,173.480,600,173.490,1200,173.500,2021-01-26,14:32:58,00,";
var hq_str_sh603259="药明康德,181.170,184.100,173.290,181.170,170.210,173.290,173.310,18764884,3270996897.000,100,173.290,1300,173.110,100,173.100,2900,173.000,100,172.980,300,173.310,300,173.320,1100,173.340,300,173.360,600,173.370,2021-01-26,14:33:58,00,";
var hq_str_sh603259="药明康德,181.170,184.100,173.300,181.170,170.210,173.220,173.370,18858907,3287263676.000,2000,173.220,100,173.210,300,173.020,100,172.800,400,172.760,300,173.370,500,173.380,500,173.400,3000,173.420,400,173.440,2021-01-26,14:35:01,00,";
var hq_str_sh603259="药明康德,181.170,184.100,173.000,181.170,170.210,172.610,173.000,18951087,3303198733.000,400,172.610,4500,172.520,100,172.510,1200,172.500,2000,172.490,1800,173.000,11500,173.010,200,173.030,1000,173.160,6300,173.170,2021-01-26,14:35:58,00,";
var hq_str_sh603259="药明康德,181.170,184.100,172.500,181.170,170.210,172.490,172.500,19040987,3318720246.000,2000,172.490,2700,172.480,100,172.470,2100,172.460,2200,172.400,7600,172.500,100,172.620,1700,172.710,100,172.750,100,172.770,2021-01-26,14:36:58,00,";
var hq_str_sh603259="药明康德,181.170,184.100,172.380,181.170,170.210,172.380,172.390,19131387,3334310680.000,900,172.380,100,172.370,600,172.360,6100,172.350,800,172.330,133800,172.390,9700,172.400,200,172.440,8800,172.460,2600,172.540,2021-01-26,14:38:01,00,";
var hq_str_sh603259="药明康德,181.170,184.100,172.050,181.170,170.210,172.030,172.050,19285622,3360857603.000,400,172.030,200,172.010,6065,172.000,900,171.990,700,171.980,2500,172.050,1300,172.090,16500,172.100,300,172.120,1300,172.140,2021-01-26,14:38:58,00,";
var hq_str_sh603259="药明康德,181.170,184.100,171.810,181.170,170.210,171.810,171.870,19409087,3382087822.000,1000,171.810,100,171.800,3100,171.690,300,171.610,3900,171.590,3100,171.870,800,171.900,100,171.920,100,171.940,5600,171.950,2021-01-26,14:39:58,00,";
var hq_str_sh603259="药明康德,181.170,184.100,171.850,181.170,170.210,171.850,172.160,19586867,3412657801.000,9000,171.850,2200,171.820,800,171.810,2500,171.800,100,171.710,400,172.160,600,172.180,1200,172.190,500,172.200,300,172.220,2021-01-26,14:41:01,00,";
var hq_str_sh603259="药明康德,181.170,184.100,171.990,181.170,170.210,171.990,172.000,19719647,3435511997.000,1500,171.990,200,171.940,200,171.930,100,171.920,300,171.910,183361,172.000,1000,172.150,7700,172.200,200,172.290,3600,172.300,2021-01-26,14:41:58,00,";
var hq_str_sh603259="药明康德,181.170,184.100,171.360,181.170,170.210,171.350,171.360,19845647,3457133870.000,100,171.350,3500,171.310,2100,171.300,300,171.290,500,171.260,140800,171.360,200,171.400,200,171.410,300,171.440,300,171.460,2021-01-26,14:42:58,00,";
var hq_str_sh603259="药明康德,181.170,184.100,171.360,181.170,170.210,171.220,171.360,20260547,3528216939.000,300,171.220,5500,171.200,4200,171.190,12300,171.180,700,171.170,16400,171.360,200,171.380,1100,171.400,34700,171.410,1200,171.420,2021-01-26,14:43:58,00,";
var hq_str_sh603259="药明康德,181.170,184.100,171.230,181.170,170.210,171.230,171.240,20382147,3549044622.000,600,171.230,600,171.200,3600,171.190,6900,171.180,700,171.170,10600,171.240,700,171.260,600,171.280,1100,171.290,9200,171.300,2021-01-26,14:44:58,00,";
var hq_str_sh603259="药明康德,181.170,184.100,171.200,181.170,170.210,171.110,171.200,20556838,3578944628.000,200,171.110,600,171.100,100,171.090,100,171.080,100,171.060,2180,171.200,300061,171.210,147200,171.220,100,171.230,600,171.240,2021-01-26,14:45:58,00,";
var hq_str_sh603259="药明康德,181.170,184.100,171.180,181.170,170.210,171.170,171.180,20782638,3617600930.000,1400,171.170,1500,171.160,300,171.150,500,171.140,2000,171.130,1300,171.180,98200,171.190,13709,171.200,211861,171.210,600,171.220,2021-01-26,14:47:01,00,";
var hq_str_sh603259="药明康德,181.170,184.100,171.080,181.170,170.210,171.050,171.080,20887938,3635621812.000,100,171.050,1500,171.040,3200,171.020,6500,171.010,69800,171.000,131921,171.080,300,171.100,300,171.110,9800,171.120,500,171.130,2021-01-26,14:47:58,00,";
var hq_str_sh603259="药明康德,181.170,184.100,171.020,181.170,170.210,171.010,171.030,21044113,3662333650.000,4700,171.010,60525,171.000,100,170.990,900,170.980,1800,170.950,198921,171.030,1000,171.040,8700,171.050,200,171.060,1000,171.070,2021-01-26,14:48:58,00,";
var hq_str_sh603259="药明康德,181.170,184.100,171.030,181.170,170.210,171.020,171.030,21324213,3710219137.000,5900,171.020,2900,171.010,200,171.000,100,170.980,200,170.950,87521,171.030,5000,171.040,7900,171.050,300,171.060,300,171.070,2021-01-26,14:49:58,00,";
var hq_str_sh603259="药明康德,181.170,184.100,171.050,181.170,170.210,171.040,171.050,21504178,3740997423.000,2835,171.040,800,171.030,1200,171.020,3500,171.010,1000,171.000,2800,171.050,300,171.060,400,171.070,104621,171.080,300,171.090,2021-01-26,14:50:58,00,";
var hq_str_sh603259="药明康德,181.170,184.100,171.130,181.170,170.200,171.130,171.170,21823994,3795671408.000,3800,171.130,800,171.100,100,171.080,1200,171.020,100,170.600,100,171.170,5500,171.180,46600,171.190,809,171.200,200,171.210,2021-01-26,14:51:58,00,";
var hq_str_sh603259="药明康德,181.170,184.100,170.710,181.170,170.200,170.710,170.820,21933594,3814399555.000,2000,170.710,700,170.700,300,170.690,700,170.680,100,170.670,200,170.820,100,170.830,1600,171.000,300,171.010,2940,171.040,2021-01-26,14:52:58,00,";
var hq_str_sh603259="药明康德,181.170,184.100,171.030,181.170,170.200,171.030,171.040,21996954,3825229551.000,5900,171.030,4060,171.020,300,171.010,2900,171.000,6300,170.990,2840,171.040,200,171.050,500,171.070,4000,171.080,5000,171.100,2021-01-26,14:53:58,00,";
var hq_str_sh603259="药明康德,181.170,184.100,171.610,181.170,170.200,172.010,172.370,22121403,3846547373.000,400,172.010,100,171.990,100,171.620,691,171.610,100,171.600,300,172.370,628,172.380,100,172.390,1200,172.500,700,172.600,2021-01-26,14:54:58,00,";
var hq_str_sh603259="药明康德,181.170,184.100,172.110,181.170,170.200,172.110,172.120,22174503,3855683764.000,100,172.110,200,172.010,500,172.000,2000,171.880,1300,171.830,8700,172.120,200,172.180,500,172.190,400,172.200,100,172.220,2021-01-26,14:55:58,00,";
var hq_str_sh603259="药明康德,181.170,184.100,172.490,181.170,170.200,172.470,172.490,22234215,3865968717.000,100,172.470,500,172.450,900,172.380,100,172.370,1200,172.330,100,172.490,48428,172.500,800,172.600,400,172.620,300,172.640,2021-01-26,14:56:58,00,";
var hq_str_sh603259="药明康德,181.170,184.100,172.490,181.170,170.200,172.490,172.490,22236493,3866361559.000,50910,172.490,5090,0.000,0,0.000,0,0.000,0,0.000,50910,172.490,0,0.000,0,0.000,0,0.000,0,0.000,2021-01-26,14:57:58,00,";
var hq_str_sh603259="药明康德,181.170,184.100,172.490,181.170,170.200,172.490,172.490,22236493,3866361559.000,90610,172.490,24390,0.000,0,0.000,0,0.000,0,0.000,90610,172.490,0,0.000,0,0.000,0,0.000,0,0.000,2021-01-26,14:58:58,00,";
