var hq_str_sh603259="药明康德,145.150,143.380,146.030,146.320,145.150,146.000,146.320,72600,10541954.000,3500,146.000,100,145.500,600,145.420,200,145.330,8000,145.300,7000,146.320,100,146.480,400,146.500,10000,146.700,1000,146.800,2021-01-20,09:30:00,00,";
var hq_str_sh603259="药明康德,145.150,143.380,147.000,147.700,145.150,146.520,147.000,337180,49322977.000,1900,146.520,300,146.510,300,146.500,4600,146.490,900,146.450,4700,147.000,21100,147.060,3300,147.140,300,147.160,200,147.220,2021-01-20,09:30:57,00,";
var hq_str_sh603259="药明康德,145.150,143.380,147.500,147.700,145.150,147.500,147.540,586432,85962956.000,600,147.500,200,147.470,200,147.330,400,147.300,100,147.220,400,147.540,600,147.550,300,147.570,100,147.580,600,147.600,2021-01-20,09:32:00,00,";
var hq_str_sh603259="药明康德,145.150,143.380,147.500,147.700,145.150,147.480,147.500,828132,121613960.000,5300,147.480,2100,147.470,4900,147.460,1200,147.450,200,147.440,300,147.500,300,147.520,949,147.560,100,147.580,100,147.630,2021-01-20,09:33:00,00,";
var hq_str_sh603259="药明康德,145.150,143.380,148.490,148.500,145.150,148.460,148.480,1036483,152427517.000,4800,148.460,6400,148.450,2200,148.390,1698,148.380,3100,148.300,400,148.480,15300,148.500,100,148.520,1100,148.530,800,148.550,2021-01-20,09:34:00,00,";
var hq_str_sh603259="药明康德,145.150,143.380,148.750,148.880,145.150,148.750,148.780,1183183,174242574.000,2700,148.750,1400,148.530,1100,148.520,1700,148.500,600,148.490,100,148.780,3000,148.790,3700,148.800,600,148.810,100,148.820,2021-01-20,09:35:00,00,";
var hq_str_sh603259="药明康德,145.150,143.380,148.000,148.880,145.150,147.980,148.000,1366683,201422146.000,1600,147.980,3200,147.960,1000,147.950,100,147.900,700,147.880,700,148.000,1300,148.100,100,148.120,100,148.160,300,148.180,2021-01-20,09:36:00,00,";
var hq_str_sh603259="药明康德,145.150,143.380,149.310,149.560,145.150,149.310,149.490,1608683,237460760.000,3400,149.310,400,149.300,400,149.290,600,149.260,200,149.250,100,149.490,600,149.500,2900,149.550,2880,149.560,600,149.580,2021-01-20,09:37:00,00,";
var hq_str_sh603259="药明康德,145.150,143.380,149.880,149.880,145.150,149.880,149.890,1787712,264254952.000,900,149.880,2600,149.830,16100,149.690,400,149.680,1200,149.660,7700,149.890,2177,149.900,1500,149.940,1800,149.950,200,149.960,2021-01-20,09:38:00,00,";
var hq_str_sh603259="药明康德,145.150,143.380,151.330,151.500,145.150,151.430,151.500,2221869,329624766.000,2400,151.430,100,151.070,2100,151.050,2700,151.040,12600,151.020,3400,151.500,300,151.510,100,151.540,100,151.550,600,151.580,2021-01-20,09:39:00,00,";
var hq_str_sh603259="药明康德,145.150,143.380,151.030,152.000,145.150,151.030,151.040,2464667,366421857.000,2800,151.030,3402,151.020,1400,151.010,900,151.000,100,150.990,3400,151.040,100,151.100,100,151.160,100,151.190,1100,151.200,2021-01-20,09:40:00,00,";
var hq_str_sh603259="药明康德,145.150,143.380,151.500,152.000,145.150,151.500,151.520,2627167,391027111.000,100,151.500,900,151.410,5900,151.400,100,151.370,1500,151.360,200,151.520,1200,151.550,3520,151.590,7900,151.600,1200,151.700,2021-01-20,09:41:00,00,";
var hq_str_sh603259="药明康德,145.150,143.380,151.800,152.000,145.150,151.780,151.790,2842227,423628097.000,2000,151.780,300,151.770,140,151.720,9100,151.710,5400,151.600,100,151.790,1100,151.800,700,151.840,6600,151.890,3900,151.900,2021-01-20,09:42:00,00,";
var hq_str_sh603259="药明康德,145.150,143.380,152.070,152.200,145.150,152.000,152.070,3046967,454739007.000,4700,152.000,10000,151.990,1700,151.980,100,151.970,600,151.950,60,152.070,1300,152.200,800,152.210,40,152.240,100,152.260,2021-01-20,09:42:58,00,";
var hq_str_sh603259="药明康德,145.150,143.380,152.370,153.000,145.150,152.340,152.990,3361187,502636136.000,80,152.340,120,152.330,500,152.300,100,152.130,600,152.100,2000,152.990,9484,153.000,700,153.010,100,153.030,4600,153.100,2021-01-20,09:44:00,00,";
var hq_str_sh603259="药明康德,145.150,143.380,152.200,153.000,145.150,152.200,152.350,3549067,531295896.000,800,152.200,700,152.170,100,152.020,220,152.010,2200,152.000,200,152.350,600,152.460,400,152.470,100,152.480,200,152.490,2021-01-20,09:45:00,00,";
var hq_str_sh603259="药明康德,145.150,143.380,151.740,153.000,145.150,151.740,151.750,3710987,555921748.000,1800,151.740,3000,151.730,600,151.720,4380,151.710,800,151.700,500,151.750,100,151.770,2000,151.780,700,151.800,200,151.880,2021-01-20,09:46:00,00,";
var hq_str_sh603259="药明康德,145.150,143.380,152.050,153.000,145.150,152.050,152.100,3874927,580795763.000,5600,152.050,2100,152.040,4420,152.030,10100,152.000,5000,151.820,11700,152.100,400,152.150,300,152.180,5300,152.190,1500,152.200,2021-01-20,09:47:00,00,";
var hq_str_sh603259="药明康德,145.150,143.380,153.510,153.510,145.150,153.500,153.510,4030814,604634766.000,1000,153.500,100,153.490,4500,153.460,6800,153.450,5000,153.440,1100,153.510,100,153.530,100,153.540,100,153.550,1900,153.580,2021-01-20,09:48:00,00,";
var hq_str_sh603259="药明康德,145.150,143.380,153.690,153.700,145.150,153.690,153.700,4372305,657005611.000,1100,153.690,1000,153.660,2100,153.620,897,153.610,4900,153.600,1100,153.700,200,153.720,100,153.760,700,153.770,1100,153.780,2021-01-20,09:49:00,00,";
var hq_str_sh603259="药明康德,145.150,143.380,153.770,153.880,145.150,153.770,153.800,4563621,686401114.000,10300,153.770,2000,153.580,1000,153.550,2000,153.500,1000,153.420,2000,153.800,1100,153.850,100,153.860,500,153.870,2640,153.880,2021-01-20,09:50:00,00,";
var hq_str_sh603259="药明康德,145.150,143.380,153.990,154.290,145.150,153.680,153.990,4806121,723745836.000,100,153.680,11700,153.590,3300,153.580,4300,153.570,600,153.470,500,153.990,400,154.000,300,154.040,2200,154.180,880,154.190,2021-01-20,09:50:58,00,";
var hq_str_sh603259="药明康德,145.150,143.380,154.380,154.500,145.150,154.250,154.380,4970024,749040366.000,500,154.250,2000,154.010,1500,154.000,500,153.990,100,153.900,500,154.380,200,154.420,100,154.460,3000,154.500,500,154.540,2021-01-20,09:52:00,00,";
var hq_str_sh603259="药明康德,145.150,143.380,154.500,154.520,145.150,154.450,154.500,5122324,772527116.000,100,154.450,100,154.410,300,154.390,500,154.140,900,154.120,100,154.500,400,154.520,400,154.540,2300,154.550,1000,154.560,2021-01-20,09:53:00,00,";
var hq_str_sh603259="药明康德,145.150,143.380,154.240,154.520,145.150,154.200,154.250,5204824,785258757.000,600,154.200,100,154.130,300,154.120,4500,154.080,200,154.050,300,154.250,500,154.260,900,154.300,200,154.330,100,154.340,2021-01-20,09:54:00,00,";
var hq_str_sh603259="药明康德,145.150,143.380,154.030,154.520,145.150,154.030,154.200,5325563,803860236.000,300,154.030,2100,154.000,400,153.990,1500,153.920,1800,153.890,2800,154.200,300,154.210,200,154.240,200,154.250,100,154.290,2021-01-20,09:55:00,00,";
var hq_str_sh603259="药明康德,145.150,143.380,153.880,154.520,145.150,153.880,153.980,5402763,815753642.000,1600,153.880,500,153.800,300,153.710,500,153.680,300,153.670,100,153.980,600,153.990,400,154.000,200,154.030,2000,154.040,2021-01-20,09:55:58,00,";
var hq_str_sh603259="药明康德,145.150,143.380,153.910,154.520,145.150,153.950,153.980,5513427,832770327.000,100,153.950,4400,153.910,400,153.900,1900,153.880,5300,153.870,800,153.980,3400,154.000,200,154.020,1000,154.040,100,154.050,2021-01-20,09:57:00,00,";
var hq_str_sh603259="药明康德,145.150,143.380,155.000,155.000,145.150,154.900,155.000,5711811,863424167.000,2700,154.900,4300,154.890,1100,154.880,100,154.870,7100,154.860,70220,155.000,100,155.010,200,155.020,200,155.030,200,155.050,2021-01-20,09:58:00,00,";
var hq_str_sh603259="药明康德,145.150,143.380,154.310,155.150,145.150,154.300,154.320,5966911,902912909.000,400,154.300,100,154.260,1400,154.190,1500,154.180,900,154.150,100,154.320,700,154.330,2800,154.500,100,154.560,600,154.610,2021-01-20,09:59:00,00,";
var hq_str_sh603259="药明康德,145.150,143.380,153.010,155.150,145.150,153.060,153.120,6070511,918843578.000,1400,153.060,3100,153.000,1800,152.970,700,152.880,100,152.800,200,153.120,800,153.130,100,153.400,1300,153.410,1500,153.420,2021-01-20,09:59:58,00,";
var hq_str_sh603259="药明康德,145.150,143.380,153.620,155.150,145.150,153.530,153.600,6213196,940749126.000,1700,153.530,1800,153.510,21200,153.500,100,153.490,2200,153.440,100,153.600,4300,153.680,2200,153.720,200,153.730,1000,153.950,2021-01-20,10:01:00,00,";
var hq_str_sh603259="药明康德,145.150,143.380,153.110,155.150,145.150,153.100,153.200,6334596,959408645.000,400,153.100,2000,153.060,1300,153.030,2700,153.010,4700,153.000,700,153.200,500,153.370,2000,153.390,500,153.400,400,153.410,2021-01-20,10:01:58,00,";
var hq_str_sh603259="药明康德,145.150,143.380,155.000,155.150,145.150,154.380,155.000,6626729,1004560925.000,200,154.380,200,154.360,400,154.320,4100,154.170,2300,154.160,14760,155.000,3500,155.010,100,155.020,700,155.050,500,155.070,2021-01-20,10:03:00,00,";
var hq_str_sh603259="药明康德,145.150,143.380,153.420,155.150,145.150,153.430,153.720,6720829,1019068851.000,800,153.430,100,153.200,100,153.190,2900,153.180,1600,153.150,100,153.720,200,153.730,4900,153.740,500,153.760,1000,153.770,2021-01-20,10:03:51,00,";
var hq_str_sh603259="药明康德,145.150,143.380,152.600,155.150,145.150,152.600,152.680,6802929,1031647919.000,400,152.600,100,152.590,1100,152.580,400,152.550,2000,152.510,1300,152.680,200,152.720,200,152.850,100,152.870,100,152.940,2021-01-20,10:05:00,00,";
var hq_str_sh603259="药明康德,145.150,143.380,152.700,155.150,145.150,152.700,152.710,6885029,1044203239.000,400,152.700,100,152.650,300,152.640,2600,152.620,1000,152.610,100,152.710,900,152.850,400,152.860,100,152.870,400,152.950,2021-01-20,10:06:00,00,";
var hq_str_sh603259="药明康德,145.150,143.380,152.250,155.150,145.150,152.220,152.370,6975329,1057977349.000,1000,152.220,500,152.200,100,152.180,200,152.120,2700,152.110,8800,152.370,200,152.500,900,152.610,1300,152.620,100,152.640,2021-01-20,10:07:00,00,";
var hq_str_sh603259="药明康德,145.150,143.380,153.060,155.150,145.150,153.060,153.090,7039329,1067753233.000,600,153.060,100,153.050,2300,153.030,200,153.010,600,153.000,600,153.090,200,153.100,100,153.110,100,153.120,1700,153.130,2021-01-20,10:08:00,00,";
var hq_str_sh603259="药明康德,145.150,143.380,152.640,155.150,145.150,152.640,152.670,7121929,1080386832.000,400,152.640,1800,152.600,100,152.590,700,152.540,100,152.510,100,152.670,100,152.990,400,153.000,100,153.020,300,153.030,2021-01-20,10:09:00,00,";
var hq_str_sh603259="药明康德,145.150,143.380,153.310,155.150,145.150,153.300,153.310,7172529,1088143973.000,300,153.300,100,153.290,1500,153.260,100,153.250,100,153.220,900,153.310,200,153.390,100,153.500,300,153.540,100,153.550,2021-01-20,10:10:00,00,";
var hq_str_sh603259="药明康德,145.150,143.380,153.600,155.150,145.150,153.580,153.590,7203157,1092841156.000,1900,153.580,100,153.570,6172,153.500,500,153.460,100,153.430,600,153.590,800,153.600,300,153.610,200,153.650,1100,153.660,2021-01-20,10:11:00,00,";
var hq_str_sh603259="药明康德,145.150,143.380,153.760,155.150,145.150,153.760,153.940,7247957,1099732823.000,5700,153.760,100,153.750,100,153.740,3300,153.730,100,153.720,100,153.940,200,153.950,2940,154.000,200,154.120,100,154.150,2021-01-20,10:11:58,00,";
var hq_str_sh603259="药明康德,145.150,143.380,153.020,155.150,145.150,153.010,153.020,7308029,1108952653.000,600,153.010,3000,153.000,100,152.960,100,152.920,100,152.900,400,153.020,200,153.030,1000,153.090,200,153.150,200,153.200,2021-01-20,10:13:00,00,";
var hq_str_sh603259="药明康德,145.150,143.380,152.620,155.150,145.150,152.620,152.630,7343809,1114418491.000,2800,152.620,1200,152.610,4400,152.600,200,152.590,100,152.580,100,152.630,100,152.680,100,152.790,2700,152.800,200,152.820,2021-01-20,10:14:00,00,";
var hq_str_sh603259="药明康德,145.150,143.380,153.200,155.150,145.150,153.200,153.280,7404009,1123622616.000,4600,153.200,100,153.020,200,152.780,100,152.730,3100,152.710,400,153.280,900,153.300,100,153.310,300,153.330,100,153.350,2021-01-20,10:15:00,00,";
var hq_str_sh603259="药明康德,145.150,143.380,152.900,155.150,145.150,152.810,152.900,7440409,1129189785.000,400,152.810,100,152.800,200,152.700,600,152.690,400,152.660,1400,152.900,200,152.970,600,152.980,1000,152.990,27840,153.000,2021-01-20,10:16:00,00,";
var hq_str_sh603259="药明康德,145.150,143.380,152.990,155.150,145.150,152.990,153.000,7489309,1136669530.000,100,152.990,200,152.930,100,152.920,200,152.900,200,152.890,2240,153.000,200,153.010,200,153.030,200,153.100,100,153.180,2021-01-20,10:17:00,00,";
var hq_str_sh603259="药明康德,145.150,143.380,153.480,155.150,145.150,153.480,153.500,7541909,1144727700.000,100,153.480,500,153.470,200,153.450,100,153.430,6000,153.340,2980,153.500,500,153.510,400,153.520,400,153.530,200,153.540,2021-01-20,10:18:00,00,";
var hq_str_sh603259="药明康德,145.150,143.380,153.330,155.150,145.150,153.320,153.330,7599161,1153511477.000,100,153.320,200,153.310,144,153.300,284,153.290,1000,153.230,100,153.330,1000,153.350,100,153.360,100,153.400,400,153.480,2021-01-20,10:19:00,00,";
var hq_str_sh603259="药明康德,145.150,143.380,153.390,155.150,145.150,153.390,153.400,7635761,1159126283.000,300,153.390,100,153.380,100,153.360,100,153.340,100,153.240,6433,153.400,200,153.410,500,153.420,400,153.430,700,153.440,2021-01-20,10:20:00,00,";
var hq_str_sh603259="药明康德,145.150,143.380,153.250,155.150,145.150,153.250,153.280,7677561,1165536709.000,200,153.250,400,153.240,100,153.220,100,153.200,100,153.180,800,153.280,3300,153.290,200,153.300,800,153.360,100,153.370,2021-01-20,10:20:58,00,";
var hq_str_sh603259="药明康德,145.150,143.380,153.490,155.150,145.150,153.480,153.490,7713001,1170971948.000,100,153.480,300,153.470,200,153.450,1100,153.440,2160,153.410,100,153.490,7000,153.500,2500,153.540,900,153.550,100,153.570,2021-01-20,10:22:00,00,";
var hq_str_sh603259="药明康德,145.150,143.380,154.150,155.150,145.150,154.200,154.260,7804682,1185074307.000,100,154.200,4500,154.100,100,154.040,600,154.030,4000,154.020,100,154.260,100,154.270,100,154.280,700,154.300,100,154.380,2021-01-20,10:23:00,00,";
var hq_str_sh603259="药明康德,145.150,143.380,153.940,155.150,145.150,153.700,153.950,7854282,1192714037.000,100,153.700,100,153.690,400,153.640,100,153.630,200,153.620,100,153.950,200,153.960,800,153.970,1200,153.990,2600,154.000,2021-01-20,10:24:00,00,";
var hq_str_sh603259="药明康德,145.150,143.380,154.010,155.150,145.150,153.730,154.010,7910382,1201363062.000,100,153.730,9900,153.610,3100,153.600,400,153.590,100,153.510,2200,154.010,2600,154.020,300,154.050,800,154.210,200,154.220,2021-01-20,10:24:58,00,";
var hq_str_sh603259="药明康德,145.150,143.380,154.290,155.150,145.150,154.290,154.300,7971882,1210843948.000,7500,154.290,200,154.040,100,154.020,200,154.000,2900,153.990,8400,154.300,100,154.320,700,154.330,300,154.360,2595,154.370,2021-01-20,10:26:00,00,";
var hq_str_sh603259="药明康德,145.150,143.380,154.090,155.150,145.150,154.090,154.130,8029082,1219665964.000,4100,154.090,200,154.080,1300,154.070,300,154.060,100,154.020,700,154.130,100,154.160,400,154.220,200,154.230,600,154.250,2021-01-20,10:27:00,00,";
var hq_str_sh603259="药明康德,145.150,143.380,154.660,155.150,145.150,154.660,154.680,8100957,1230760878.000,1200,154.660,1100,154.600,1200,154.590,1300,154.560,1600,154.550,300,154.680,300,154.690,1100,154.700,700,154.710,200,154.770,2021-01-20,10:28:00,00,";
var hq_str_sh603259="药明康德,145.150,143.380,154.380,155.150,145.150,154.380,154.420,8207957,1247307766.000,1600,154.380,500,154.100,1700,154.090,1100,154.070,200,154.060,800,154.420,300,154.440,1500,154.490,22200,154.500,1100,154.590,2021-01-20,10:28:58,00,";
var hq_str_sh603259="药明康德,145.150,143.380,154.950,155.150,145.150,154.940,154.950,8309351,1262986683.000,3539,154.940,18100,154.910,5100,154.900,100,154.890,600,154.880,1000,154.950,100,154.960,300,154.970,7300,154.980,3900,154.990,2021-01-20,10:30:00,00,";
var hq_str_sh603259="药明康德,145.150,143.380,155.310,155.430,145.150,155.360,155.380,8502231,1292911925.000,100,155.360,3100,155.310,100,155.260,4400,155.250,500,155.200,200,155.380,300,155.390,600,155.410,100,155.420,200,155.430,2021-01-20,10:31:00,00,";
var hq_str_sh603259="药明康德,145.150,143.380,155.330,155.430,145.150,155.330,155.340,8597211,1307653532.000,480,155.330,2300,155.300,100,155.290,100,155.240,4300,155.110,200,155.340,1200,155.350,100,155.360,1100,155.380,1800,155.400,2021-01-20,10:31:58,00,";
var hq_str_sh603259="药明康德,145.150,143.380,155.940,155.940,145.150,155.920,155.940,8725631,1327639671.000,300,155.920,1700,155.910,10400,155.860,1000,155.840,500,155.800,1300,155.940,500,155.960,500,155.980,6092,155.990,45692,156.000,2021-01-20,10:33:00,00,";
var hq_str_sh603259="药明康德,145.150,143.380,156.120,156.500,145.150,156.140,156.230,8933531,1360100919.000,600,156.140,4100,155.990,100,155.980,400,155.960,1700,155.900,400,156.230,100,156.290,400,156.300,100,156.310,16100,156.350,2021-01-20,10:34:00,00,";
var hq_str_sh603259="药明康德,145.150,143.380,155.510,156.500,145.150,155.510,155.530,9005011,1371227451.000,2500,155.510,300,155.500,300,155.340,100,155.330,100,155.160,300,155.530,200,155.560,100,155.580,100,155.600,217,155.620,2021-01-20,10:34:58,00,";
var hq_str_sh603259="药明康德,145.150,143.380,156.000,156.500,145.150,156.040,156.100,9102171,1386358497.000,700,156.040,5040,156.000,100,155.680,900,155.630,200,155.580,100,156.100,100,156.120,100,156.170,100,156.180,100,156.200,2021-01-20,10:36:00,00,";
var hq_str_sh603259="药明康德,145.150,143.380,155.500,156.500,145.150,155.490,155.600,9150471,1393879335.000,200,155.490,100,155.420,400,155.340,100,155.330,100,155.080,200,155.600,1000,155.610,1000,155.800,100,155.840,1700,155.870,2021-01-20,10:37:00,00,";
var hq_str_sh603259="药明康德,145.150,143.380,155.000,156.500,145.150,155.040,155.060,9175871,1397826984.000,100,155.040,2200,155.000,200,154.990,100,154.980,100,154.950,100,155.060,400,155.070,500,155.300,600,155.310,200,155.370,2021-01-20,10:38:00,00,";
var hq_str_sh603259="药明康德,145.150,143.380,155.230,156.500,145.150,155.230,155.240,9205883,1402482312.000,400,155.230,200,155.030,300,155.020,900,155.010,1300,155.000,1400,155.240,800,155.290,11300,155.300,100,155.380,100,155.450,2021-01-20,10:39:00,00,";
var hq_str_sh603259="药明康德,145.150,143.380,154.120,156.500,145.150,154.300,154.360,9236622,1407240758.000,100,154.300,400,154.130,400,154.120,400,154.110,100,154.100,100,154.360,1200,154.410,100,154.440,100,154.480,100,154.560,2021-01-20,10:40:00,00,";
var hq_str_sh603259="药明康德,145.150,143.380,154.940,156.500,145.150,154.830,154.950,9257722,1410501396.000,300,154.830,600,154.800,800,154.650,1500,154.630,3100,154.600,400,154.950,1700,155.000,100,155.020,100,155.040,200,155.060,2021-01-20,10:40:58,00,";
var hq_str_sh603259="药明康德,145.150,143.380,155.250,156.500,145.150,155.240,155.280,9287722,1415156574.000,300,155.240,7900,155.230,200,155.170,100,155.050,200,155.040,900,155.280,200,155.300,300,155.440,2800,155.500,500,155.550,2021-01-20,10:42:00,00,";
var hq_str_sh603259="药明康德,145.150,143.380,155.280,156.500,145.150,155.240,155.280,9342956,1423744817.000,100,155.240,300,155.230,200,155.220,200,155.170,100,155.070,300,155.280,300,155.320,400,155.490,1400,155.550,300,155.640,2021-01-20,10:43:00,00,";
var hq_str_sh603259="药明康德,145.150,143.380,155.490,156.500,145.150,155.360,155.500,9369156,1427819429.000,100,155.360,100,155.320,200,155.300,100,155.270,500,155.260,6100,155.500,200,155.510,1200,155.550,100,155.590,200,155.630,2021-01-20,10:44:00,00,";
var hq_str_sh603259="药明康德,145.150,143.380,155.560,156.500,145.150,155.560,155.620,9419656,1435667070.000,700,155.560,900,155.550,6500,155.500,10600,155.490,200,155.460,200,155.620,300,155.630,3600,155.640,1200,155.650,1800,155.660,2021-01-20,10:45:00,00,";
var hq_str_sh603259="药明康德,145.150,143.380,155.640,156.500,145.150,155.620,155.640,9469256,1443391305.000,700,155.620,100,155.600,800,155.550,100,155.510,6500,155.490,100,155.640,300,155.700,300,155.770,100,155.780,12100,155.790,2021-01-20,10:45:58,00,";
var hq_str_sh603259="药明康德,145.150,143.380,155.250,156.500,145.150,155.250,155.520,9504856,1448923112.000,200,155.250,400,155.220,100,155.210,200,155.190,200,155.170,600,155.520,900,155.530,100,155.580,1300,155.590,11420,155.600,2021-01-20,10:47:00,00,";
var hq_str_sh603259="药明康德,145.150,143.380,155.130,156.500,145.150,155.130,155.250,9574156,1459696155.000,400,155.130,200,155.090,200,155.070,200,155.050,1200,155.010,500,155.250,200,155.260,600,155.370,500,155.420,100,155.490,2021-01-20,10:48:00,00,";
var hq_str_sh603259="药明康德,145.150,143.380,154.980,156.500,145.150,154.980,154.990,9602556,1464099100.000,300,154.980,200,154.970,500,154.960,300,154.950,100,154.940,400,154.990,200,155.000,100,155.010,2500,155.030,400,155.060,2021-01-20,10:49:00,00,";
var hq_str_sh603259="药明康德,145.150,143.380,154.670,156.500,145.150,154.600,154.750,9628756,1468154910.000,100,154.600,100,154.570,300,154.530,400,154.510,900,154.500,400,154.750,1294,154.820,100,154.830,100,154.850,700,154.900,2021-01-20,10:50:00,00,";
var hq_str_sh603259="药明康德,145.150,143.380,154.400,156.500,145.150,154.360,154.400,9649456,1471353737.000,300,154.360,500,154.350,100,154.340,100,154.320,100,154.300,400,154.400,300,154.810,1894,154.820,100,154.850,700,154.900,2021-01-20,10:50:57,00,";
var hq_str_sh603259="药明康德,145.150,143.380,155.000,156.500,145.150,154.980,155.000,9667350,1474123905.000,800,154.980,200,154.970,200,154.940,2200,154.930,5500,154.920,80,155.000,200,155.010,100,155.020,300,155.030,400,155.060,2021-01-20,10:52:00,00,";
var hq_str_sh603259="药明康德,145.150,143.380,154.990,156.500,145.150,154.990,155.000,9694650,1478356886.000,1300,154.990,400,154.870,500,154.720,3000,154.520,100,154.510,100,155.000,600,155.120,100,155.130,1700,155.200,1000,155.250,2021-01-20,10:53:00,00,";
var hq_str_sh603259="药明康德,145.150,143.380,154.840,156.500,145.150,154.840,154.900,9715750,1481626072.000,100,154.840,200,154.790,200,154.770,500,154.740,3500,154.720,100,154.900,6600,155.000,400,155.030,500,155.050,500,155.080,2021-01-20,10:53:58,00,";
var hq_str_sh603259="药明康德,145.150,143.380,155.320,156.500,145.150,155.090,155.180,9751950,1487248271.000,500,155.090,100,155.030,100,155.010,1600,155.000,200,154.920,100,155.180,100,155.320,700,155.330,300,155.340,700,155.370,2021-01-20,10:55:00,00,";
var hq_str_sh603259="药明康德,145.150,143.380,155.090,156.500,145.150,155.050,155.090,9775650,1490922038.000,100,155.050,300,155.000,100,154.990,300,154.850,3300,154.800,1100,155.090,2500,155.120,100,155.280,1200,155.300,300,155.360,2021-01-20,10:56:00,00,";
var hq_str_sh603259="药明康德,145.150,143.380,154.920,156.500,145.150,154.910,154.920,9807550,1495864945.000,700,154.910,900,154.900,200,154.890,100,154.880,100,154.870,21400,154.920,200,154.950,10800,155.000,100,155.010,100,155.040,2021-01-20,10:57:00,00,";
var hq_str_sh603259="药明康德,145.150,143.380,154.700,156.500,145.150,154.600,154.700,9853450,1502964039.000,400,154.600,200,154.590,300,154.550,200,154.520,600,154.510,300,154.700,100,154.830,200,154.850,200,154.890,300,154.910,2021-01-20,10:57:58,00,";
var hq_str_sh603259="药明康德,145.150,143.380,154.990,156.500,145.150,154.960,154.970,9883350,1507596118.000,300,154.960,200,154.950,200,154.940,7300,154.930,7500,154.920,900,154.970,500,154.990,200,155.000,100,155.010,100,155.020,2021-01-20,10:59:00,00,";
var hq_str_sh603259="药明康德,145.150,143.380,154.980,156.500,145.150,154.970,154.980,9896450,1509626567.000,100,154.970,7900,154.960,800,154.940,7900,154.930,100,154.920,600,154.980,500,155.000,400,155.090,900,155.100,2200,155.110,2021-01-20,11:00:00,00,";
var hq_str_sh603259="药明康德,145.150,143.380,155.060,156.500,145.150,155.050,155.120,9916590,1512749029.000,1500,155.050,3300,155.040,6200,155.030,200,155.020,3400,155.000,1300,155.120,300,155.150,1000,155.170,1100,155.180,300,155.200,2021-01-20,11:00:58,00,";
var hq_str_sh603259="药明康德,145.150,143.380,155.280,156.500,145.150,155.280,155.360,9932186,1515170788.000,2800,155.280,600,155.200,100,155.170,6000,155.160,11300,155.150,100,155.360,300,155.370,100,155.380,300,155.400,300,155.440,2021-01-20,11:02:00,00,";
var hq_str_sh603259="药明康德,145.150,143.380,154.700,156.500,145.150,154.600,154.700,9985886,1523498384.000,100,154.600,200,154.590,200,154.560,400,154.510,10200,154.500,3453,154.700,200,154.910,2400,154.920,100,154.960,500,155.100,2021-01-20,11:02:58,00,";
var hq_str_sh603259="药明康德,145.150,143.380,154.270,156.500,145.150,154.260,154.270,10018186,1528487697.000,200,154.260,5400,154.130,200,154.120,200,154.110,2600,154.100,400,154.270,400,154.280,500,154.300,800,154.350,400,154.390,2021-01-20,11:04:00,00,";
var hq_str_sh603259="药明康德,145.150,143.380,154.540,156.500,145.150,154.470,154.490,10046786,1532899583.000,200,154.470,300,154.370,6600,154.350,200,154.300,400,154.130,200,154.490,100,154.530,400,154.540,300,154.590,200,154.600,2021-01-20,11:05:00,00,";
var hq_str_sh603259="药明康德,145.150,143.380,154.420,156.500,145.150,154.370,154.480,10063186,1535431352.000,7300,154.370,700,154.350,100,154.320,400,154.310,300,154.300,2700,154.480,100,154.490,300,154.590,300,154.600,300,154.660,2021-01-20,11:05:58,00,";
var hq_str_sh603259="药明康德,145.150,143.380,154.790,156.500,145.150,154.500,154.520,10092586,1539980989.000,1300,154.500,200,154.470,300,154.450,200,154.420,2600,154.390,100,154.520,200,154.790,600,154.800,2500,154.810,400,154.820,2021-01-20,11:07:00,00,";
var hq_str_sh603259="药明康德,145.150,143.380,154.930,156.500,145.150,154.960,154.980,10110986,1542828429.000,200,154.960,100,154.930,200,154.920,300,154.870,300,154.800,400,154.980,400,154.990,6700,155.000,600,155.010,100,155.080,2021-01-20,11:08:00,00,";
var hq_str_sh603259="药明康德,145.150,143.380,155.270,156.500,145.150,155.270,155.300,10134375,1546453915.000,600,155.270,100,155.200,2600,155.190,1300,155.100,7700,155.030,600,155.300,700,155.350,1700,155.400,200,155.410,100,155.440,2021-01-20,11:09:00,00,";
var hq_str_sh603259="药明康德,145.150,143.380,154.600,156.500,145.150,154.600,154.640,10176686,1553009398.000,100,154.600,600,154.560,3900,154.550,300,154.500,600,154.200,100,154.640,100,154.650,300,154.830,900,155.000,1400,155.010,2021-01-20,11:09:58,00,";
var hq_str_sh603259="药明康德,145.150,143.380,155.050,156.500,145.150,155.020,155.170,10187786,1554729231.000,300,155.020,300,155.010,400,155.000,200,154.990,1000,154.960,100,155.170,100,155.180,300,155.190,3000,155.200,1400,155.240,2021-01-20,11:10:58,00,";
var hq_str_sh603259="药明康德,145.150,143.380,155.200,156.500,145.150,155.140,155.200,10204086,1557256624.000,100,155.140,4100,155.070,6000,155.050,300,155.040,100,155.030,2800,155.200,1000,155.240,400,155.270,900,155.280,500,155.290,2021-01-20,11:12:00,00,";
var hq_str_sh603259="药明康德,145.150,143.380,155.230,156.500,145.150,155.230,155.250,10220926,1559869868.000,3260,155.230,100,155.210,300,155.200,200,155.190,200,155.180,100,155.250,800,155.260,400,155.270,900,155.280,500,155.290,2021-01-20,11:12:58,00,";
var hq_str_sh603259="药明康德,145.150,143.380,154.630,156.500,145.150,154.610,154.630,10256386,1565366573.000,200,154.610,100,154.600,3300,154.550,200,154.540,100,154.520,500,154.630,300,154.680,200,154.780,100,154.830,400,154.850,2021-01-20,11:14:00,00,";
var hq_str_sh603259="药明康德,145.150,143.380,154.100,156.500,145.150,154.130,154.280,10282562,1569409234.000,100,154.130,1524,154.100,3600,154.090,3100,154.080,300,154.070,500,154.280,1400,154.390,200,154.400,200,154.470,200,154.490,2021-01-20,11:14:58,00,";
var hq_str_sh603259="药明康德,145.150,143.380,154.200,156.500,145.150,154.210,154.280,10297862,1571771925.000,100,154.210,200,154.200,200,154.150,400,154.130,400,154.120,100,154.280,100,154.290,400,154.300,900,154.360,2500,154.370,2021-01-20,11:16:00,00,";
var hq_str_sh603259="药明康德,145.150,143.380,154.610,156.500,145.150,154.620,154.640,10317362,1574783352.000,100,154.620,1400,154.610,100,154.600,300,154.570,1000,154.500,1100,154.640,100,154.660,100,154.680,200,154.700,500,154.750,2021-01-20,11:17:00,00,";
var hq_str_sh603259="药明康德,145.150,143.380,154.100,156.500,145.150,154.080,154.100,10352862,1580263953.000,300,154.080,300,154.070,100,154.060,200,154.030,2200,154.010,1300,154.100,1100,154.310,400,154.350,200,154.390,10000,154.480,2021-01-20,11:18:00,00,";
var hq_str_sh603259="药明康德,145.150,143.380,153.660,156.500,145.150,153.660,153.900,10403162,1588004101.000,500,153.660,100,153.650,100,153.630,400,153.620,100,153.610,100,153.900,200,153.910,100,153.920,200,154.000,4100,154.010,2021-01-20,11:18:58,00,";
var hq_str_sh603259="药明康德,145.150,143.380,153.810,156.500,145.150,153.810,153.820,10420462,1590664198.000,300,153.810,400,153.780,900,153.660,100,153.650,100,153.630,500,153.820,600,153.880,100,153.980,2100,154.000,1000,154.010,2021-01-20,11:19:58,00,";
var hq_str_sh603259="药明康德,145.150,143.380,154.010,156.500,145.150,154.020,154.280,10442062,1593990085.000,200,154.020,5600,154.010,100,154.000,200,153.960,400,153.950,200,154.280,100,154.440,300,154.450,300,154.460,100,154.470,2021-01-20,11:21:00,00,";
var hq_str_sh603259="药明康德,145.150,143.380,154.030,156.500,145.150,154.030,154.370,10454692,1595937637.000,8500,154.030,200,154.020,100,154.000,500,153.980,200,153.960,800,154.370,700,154.380,100,154.390,3100,154.400,100,154.460,2021-01-20,11:22:00,00,";
var hq_str_sh603259="药明康德,145.150,143.380,153.500,156.500,145.150,153.500,153.650,10508892,1604277794.000,1300,153.500,400,153.400,100,153.380,100,153.360,100,153.330,200,153.650,1000,153.660,200,153.740,800,153.750,200,153.780,2021-01-20,11:23:00,00,";
var hq_str_sh603259="药明康德,145.150,143.380,153.750,156.500,145.150,153.760,153.980,10539692,1609007359.000,100,153.760,7500,153.750,200,153.740,500,153.710,200,153.670,100,153.980,900,154.000,100,154.050,400,154.350,100,154.380,2021-01-20,11:24:00,00,";
var hq_str_sh603259="药明康德,145.150,143.380,153.730,156.500,145.150,153.730,153.750,10580712,1615320079.000,100,153.730,400,153.430,100,153.420,100,153.410,680,153.400,400,153.750,400,153.960,100,153.990,1700,154.000,300,154.040,2021-01-20,11:25:00,00,";
var hq_str_sh603259="药明康德,145.150,143.380,153.730,156.500,145.150,153.470,153.720,10603512,1618826504.000,100,153.470,1100,153.440,4600,153.430,200,153.420,200,153.410,100,153.720,700,153.730,100,153.740,1000,153.780,600,153.790,2021-01-20,11:26:00,00,";
var hq_str_sh603259="药明康德,145.150,143.380,153.730,156.500,145.150,153.730,153.800,10615412,1620655517.000,800,153.730,700,153.530,6100,153.520,4200,153.510,500,153.500,300,153.800,2600,153.870,6700,153.900,4300,153.940,1200,153.950,2021-01-20,11:26:58,00,";
var hq_str_sh603259="药明康德,145.150,143.380,153.450,156.500,145.150,153.440,153.450,10652012,1626280372.000,1100,153.440,300,153.410,580,153.400,100,153.360,200,153.330,100,153.450,1300,153.480,3200,153.500,1000,153.520,300,153.680,2021-01-20,11:28:00,00,";
var hq_str_sh603259="药明康德,145.150,143.380,153.700,156.500,145.150,153.700,153.790,10677412,1630183209.000,1100,153.700,100,153.680,100,153.670,1500,153.660,400,153.640,100,153.790,3200,153.800,300,153.820,300,153.840,400,153.850,2021-01-20,11:28:58,00,";
var hq_str_sh603259="药明康德,145.150,143.380,154.060,156.500,145.150,154.000,154.060,10706412,1634646029.000,11100,154.000,4200,153.870,1700,153.860,5000,153.840,20100,153.800,100,154.060,100,154.130,1200,154.280,1900,154.300,300,154.350,2021-01-20,11:29:59,00,";
var hq_str_sh603259="药明康德,145.150,143.380,154.130,156.500,145.150,154.060,154.130,10711912,1635493202.000,5600,154.060,700,154.010,8200,154.000,100,153.890,100,153.880,100,154.130,700,154.270,1300,154.280,1900,154.300,400,154.350,2021-01-20,13:00:01,00,";
var hq_str_sh603259="药明康德,145.150,143.380,154.130,156.500,145.150,154.100,154.130,10755103,1642150520.000,200,154.100,400,154.080,800,154.070,2109,154.060,200,154.050,800,154.130,400,154.150,100,154.230,2700,154.270,1200,154.280,2021-01-20,13:01:01,00,";
var hq_str_sh603259="药明康德,145.150,143.380,153.500,156.500,145.150,153.510,153.630,10825012,1652902105.000,200,153.510,200,153.500,2500,153.450,300,153.420,700,153.410,100,153.630,1300,153.700,4800,153.780,1000,153.800,800,153.840,2021-01-20,13:02:02,00,";
var hq_str_sh603259="药明康德,145.150,143.380,153.710,156.500,145.150,153.710,153.780,10850182,1656768287.000,6100,153.710,100,153.700,100,153.600,100,153.520,400,153.500,300,153.780,1000,153.800,3100,153.870,100,153.950,400,153.990,2021-01-20,13:02:58,00,";
var hq_str_sh603259="药明康德,145.150,143.380,153.860,156.500,145.150,153.850,153.860,10868163,1659533913.000,7400,153.850,100,153.840,1100,153.830,200,153.820,200,153.810,1267,153.860,2700,153.870,100,153.950,400,153.990,1200,154.000,2021-01-20,13:03:58,00,";
var hq_str_sh603259="药明康德,145.150,143.380,153.700,156.500,145.150,153.680,153.700,10894363,1663563910.000,400,153.680,300,153.500,500,153.490,1600,153.470,100,153.450,2255,153.700,300,153.820,200,153.950,100,153.970,500,153.980,2021-01-20,13:04:58,00,";
var hq_str_sh603259="药明康德,145.150,143.380,153.670,156.500,145.150,153.540,153.660,10921404,1667720340.000,100,153.540,1900,153.530,500,153.510,300,153.500,600,153.490,100,153.660,260,153.670,100,153.780,1200,153.790,3540,153.800,2021-01-20,13:05:58,00,";
var hq_str_sh603259="药明康德,145.150,143.380,153.760,156.500,145.150,153.720,153.760,10934270,1669697840.000,100,153.720,500,153.710,800,153.700,7200,153.690,200,153.680,200,153.760,2640,153.770,252,153.800,2500,153.810,400,153.820,2021-01-20,13:06:58,00,";
var hq_str_sh603259="药明康德,145.150,143.380,153.990,156.500,145.150,153.980,153.990,10958154,1673371208.000,6100,153.980,300,153.930,800,153.820,2200,153.810,6716,153.800,1967,153.990,5800,154.000,1500,154.010,3400,154.060,100,154.100,2021-01-20,13:07:58,00,";
var hq_str_sh603259="药明康德,145.150,143.380,154.010,156.500,145.150,154.000,154.030,11011921,1681657603.000,2533,154.000,100,153.950,1000,153.900,200,153.880,300,153.820,100,154.030,500,154.110,300,154.130,1000,154.150,2200,154.160,2021-01-20,13:09:01,00,";
var hq_str_sh603259="药明康德,145.150,143.380,153.530,156.500,145.150,153.360,153.540,11045954,1686884630.000,100,153.360,500,153.290,100,153.240,500,153.230,300,153.220,700,153.540,500,153.720,200,153.820,300,153.890,1100,153.900,2021-01-20,13:09:58,00,";
var hq_str_sh603259="药明康德,145.150,143.380,153.700,156.500,145.150,153.700,153.710,11074354,1691242072.000,10500,153.700,300,153.660,100,153.550,100,153.530,5000,153.510,300,153.710,500,153.720,100,153.750,300,153.820,100,153.880,2021-01-20,13:10:58,00,";
var hq_str_sh603259="药明康德,145.150,143.380,153.510,156.500,145.150,153.420,153.500,11111054,1696881438.000,300,153.420,100,153.410,300,153.330,200,153.320,100,153.310,100,153.500,1300,153.510,300,153.520,100,153.710,500,153.830,2021-01-20,13:12:01,00,";
var hq_str_sh603259="药明康德,145.150,143.380,153.480,156.500,145.150,153.510,153.520,11130054,1699795597.000,500,153.510,1100,153.490,1900,153.480,2000,153.360,100,153.350,300,153.520,100,153.710,500,153.800,500,153.830,4400,153.880,2021-01-20,13:12:58,00,";
var hq_str_sh603259="药明康德,145.150,143.380,153.780,156.500,145.150,153.530,153.780,11143454,1701853109.000,100,153.530,100,153.520,200,153.510,4100,153.440,100,153.420,1000,153.780,100,153.800,500,153.830,400,153.870,4500,153.880,2021-01-20,13:14:01,00,";
var hq_str_sh603259="药明康德,145.150,143.380,153.550,156.500,145.150,153.540,153.780,11156808,1703904057.000,100,153.540,600,153.530,3246,153.520,700,153.510,700,153.500,700,153.780,400,153.800,500,153.830,400,153.870,4400,153.880,2021-01-20,13:14:58,00,";
var hq_str_sh603259="药明康德,145.150,143.380,153.870,156.500,145.150,153.850,153.870,11175908,1706841541.000,1300,153.850,7800,153.780,200,153.770,200,153.700,100,153.660,1800,153.870,4800,153.880,3400,153.890,600,153.900,800,153.930,2021-01-20,13:15:58,00,";
var hq_str_sh603259="药明康德,145.150,143.380,153.860,156.500,145.150,153.860,153.870,11221308,1713822706.000,200,153.860,3400,153.850,200,153.730,1100,153.680,100,153.660,200,153.870,1100,153.880,2600,153.890,1600,153.900,800,153.930,2021-01-20,13:16:58,00,";
var hq_str_sh603259="药明康德,145.150,143.380,153.940,156.500,145.150,153.940,153.990,11247408,1717839442.000,200,153.940,200,153.930,100,153.840,2400,153.830,600,153.820,200,153.990,80,154.000,500,154.030,100,154.050,100,154.080,2021-01-20,13:17:58,00,";
var hq_str_sh603259="药明康德,145.150,143.380,153.910,156.500,145.150,153.910,153.990,11273208,1721810207.000,500,153.910,100,153.890,2200,153.800,400,153.790,700,153.770,1200,153.990,2980,154.000,2500,154.030,1000,154.050,100,154.080,2021-01-20,13:18:58,00,";
var hq_str_sh603259="药明康德,145.150,143.380,153.990,156.500,145.150,153.900,153.990,11295108,1725179928.000,200,153.900,100,153.880,100,153.830,2900,153.820,300,153.810,3400,153.990,3280,154.000,2500,154.030,1000,154.050,100,154.080,2021-01-20,13:19:58,00,";
var hq_str_sh603259="药明康德,145.150,143.380,153.830,156.500,145.150,153.830,153.900,11308908,1727304288.000,500,153.830,1800,153.820,200,153.750,500,153.700,100,153.640,1600,153.900,100,153.980,900,153.990,4080,154.000,2500,154.030,2021-01-20,13:20:58,00,";
var hq_str_sh603259="药明康德,145.150,143.380,153.910,156.500,145.150,153.910,153.990,11315708,1728350794.000,1500,153.910,4200,153.900,700,153.870,100,153.860,200,153.820,3100,153.990,2580,154.000,2500,154.030,2000,154.050,100,154.080,2021-01-20,13:21:58,00,";
var hq_str_sh603259="药明康德,145.150,143.380,154.050,156.500,145.150,154.000,154.050,11336046,1731482607.000,100,154.000,2362,153.990,3700,153.980,400,153.950,100,153.910,1800,154.050,100,154.080,100,154.090,467,154.100,100,154.110,2021-01-20,13:22:58,00,";
var hq_str_sh603259="药明康德,145.150,143.380,154.380,156.500,145.150,154.380,154.400,11352513,1734020896.000,3300,154.380,200,154.280,3900,154.270,600,154.250,100,154.240,1500,154.400,5000,154.430,100,154.460,200,154.470,10200,154.480,2021-01-20,13:23:58,00,";
var hq_str_sh603259="药明康德,145.150,143.380,153.700,156.500,145.150,153.710,153.840,11388063,1739504207.000,100,153.710,250,153.700,800,153.550,100,153.510,1100,153.500,1800,153.840,100,153.850,800,153.980,200,154.090,200,154.130,2021-01-20,13:24:58,00,";
var hq_str_sh603259="药明康德,145.150,143.380,153.450,156.500,145.150,153.440,153.450,11409763,1742834042.000,3500,153.440,100,153.400,200,153.390,100,153.360,2100,153.350,9100,153.450,100,153.480,100,153.810,1200,153.820,2800,153.830,2021-01-20,13:25:58,00,";
var hq_str_sh603259="药明康德,145.150,143.380,153.510,156.500,145.150,153.410,153.560,11437463,1747084345.000,500,153.410,1300,153.400,3800,153.390,2000,153.350,4700,153.340,900,153.560,900,153.780,300,153.800,400,153.810,200,153.880,2021-01-20,13:27:01,00,";
var hq_str_sh603259="药明康德,145.150,143.380,153.500,156.500,145.150,153.500,153.780,11449463,1748926884.000,200,153.500,2400,153.470,3200,153.460,600,153.410,900,153.400,900,153.780,300,153.800,400,153.810,200,153.880,100,153.900,2021-01-20,13:28:01,00,";
var hq_str_sh603259="药明康德,145.150,143.380,153.760,156.500,145.150,153.780,153.800,11458863,1750370357.000,3800,153.780,400,153.760,100,153.640,300,153.580,100,153.570,600,153.800,100,153.810,300,153.880,100,153.900,100,153.980,2021-01-20,13:28:58,00,";
var hq_str_sh603259="药明康德,145.150,143.380,153.550,156.500,145.150,153.510,153.550,11529463,1761209826.000,1100,153.510,14600,153.500,200,153.460,100,153.410,300,153.320,1800,153.550,2400,153.560,200,153.570,100,153.800,100,153.850,2021-01-20,13:30:01,00,";
var hq_str_sh603259="药明康德,145.150,143.380,153.180,156.500,145.150,153.180,153.200,11596813,1771536371.000,200,153.180,3700,153.160,600,153.150,900,153.140,900,153.130,900,153.200,2000,153.210,200,153.230,100,153.270,700,153.310,2021-01-20,13:31:01,00,";
var hq_str_sh603259="药明康德,145.150,143.380,153.460,156.500,145.150,153.430,153.460,11617525,1774710438.000,300,153.430,900,153.420,100,153.380,100,153.370,4600,153.360,800,153.460,1400,153.470,100,153.480,700,153.500,100,153.550,2021-01-20,13:31:58,00,";
var hq_str_sh603259="药明康德,145.150,143.380,153.820,156.500,145.150,153.430,153.820,11665645,1782107402.000,80,153.430,100,153.360,1100,153.350,100,153.300,100,153.220,300,153.820,700,153.860,100,153.880,300,153.930,4100,153.990,2021-01-20,13:33:01,00,";
var hq_str_sh603259="药明康德,145.150,143.380,153.450,156.500,145.150,153.410,153.450,11717945,1790127569.000,300,153.410,100,153.390,700,153.310,200,153.230,300,153.220,900,153.450,500,153.480,4100,153.490,100,153.590,500,153.600,2021-01-20,13:33:58,00,";
var hq_str_sh603259="药明康德,145.150,143.380,153.590,156.500,145.150,153.590,153.600,11803836,1803292322.000,800,153.590,600,153.500,1300,153.490,200,153.460,100,153.430,500,153.600,100,153.700,100,153.770,100,153.790,100,153.800,2021-01-20,13:34:58,00,";
var hq_str_sh603259="药明康德,145.150,143.380,153.970,156.500,145.150,153.970,153.980,11832636,1807719784.000,200,153.970,100,153.930,500,153.910,800,153.900,100,153.730,200,153.980,4000,153.990,6860,154.000,200,154.030,350,154.100,2021-01-20,13:35:58,00,";
var hq_str_sh603259="药明康德,145.150,143.380,154.340,156.500,145.150,154.140,154.340,11875846,1814380224.000,100,154.140,1900,154.110,100,154.100,100,154.030,200,154.000,200,154.340,1800,154.370,200,154.390,100,154.400,1300,154.420,2021-01-20,13:36:58,00,";
var hq_str_sh603259="药明康德,145.150,143.380,154.680,156.500,145.150,154.610,154.680,11947846,1825499547.000,1400,154.610,200,154.530,7400,154.500,800,154.490,300,154.480,100,154.680,200,154.740,200,154.750,100,154.780,400,154.800,2021-01-20,13:38:01,00,";
var hq_str_sh603259="药明康德,145.150,143.380,154.720,156.500,145.150,154.650,154.700,12013946,1835724856.000,400,154.650,500,154.530,100,154.230,200,154.200,100,154.100,100,154.700,3900,154.720,500,154.770,500,154.790,200,154.800,2021-01-20,13:38:58,00,";
var hq_str_sh603259="药明康德,145.150,143.380,154.560,156.500,145.150,154.340,154.560,12056046,1842230522.000,200,154.340,100,154.330,300,154.310,300,154.300,100,154.290,100,154.560,2300,154.600,100,154.640,2000,154.650,100,154.680,2021-01-20,13:40:01,00,";
var hq_str_sh603259="药明康德,145.150,143.380,155.000,156.500,145.150,154.990,155.000,12118546,1851906817.000,100,154.990,200,154.980,100,154.970,100,154.960,1200,154.950,18072,155.000,100,155.060,100,155.080,100,155.090,300,155.100,2021-01-20,13:40:58,00,";
var hq_str_sh603259="药明康德,145.150,143.380,155.150,156.500,145.150,155.110,155.150,12185418,1862275706.000,25700,155.110,1700,155.100,700,155.000,200,154.960,500,154.930,1400,155.150,500,155.190,1200,155.200,100,155.230,100,155.260,2021-01-20,13:41:58,00,";
var hq_str_sh603259="药明康德,145.150,143.380,155.200,156.500,145.150,155.010,155.200,12241818,1871033088.000,300,155.010,600,155.000,500,154.930,700,154.850,400,154.800,100,155.200,100,155.250,6900,155.310,200,155.330,3300,155.340,2021-01-20,13:42:58,00,";
var hq_str_sh603259="药明康德,145.150,143.380,155.030,156.500,145.150,155.080,155.290,12280018,1876960762.000,200,155.080,6500,155.030,700,154.990,600,154.980,1200,154.970,300,155.290,5000,155.300,700,155.310,100,155.320,300,155.340,2021-01-20,13:43:58,00,";
var hq_str_sh603259="药明康德,145.150,143.380,154.540,156.500,145.150,154.540,155.040,12317018,1882696173.000,200,154.540,300,154.530,100,154.390,700,154.200,100,154.130,500,155.040,600,155.050,200,155.100,4600,155.260,3400,155.270,2021-01-20,13:44:58,00,";
var hq_str_sh603259="药明康德,145.150,143.380,154.760,156.500,145.150,154.760,154.810,12326118,1884105262.000,100,154.760,200,154.700,100,154.570,400,154.560,600,154.550,100,154.810,400,154.940,400,154.950,1800,154.960,300,155.000,2021-01-20,13:45:58,00,";
var hq_str_sh603259="药明康德,145.150,143.380,154.910,156.500,145.150,154.920,154.950,12344618,1886971718.000,100,154.920,300,154.910,100,154.880,200,154.850,200,154.840,300,154.950,4300,155.000,500,155.050,200,155.100,100,155.180,2021-01-20,13:47:01,00,";
var hq_str_sh603259="药明康德,145.150,143.380,155.120,156.500,145.150,155.120,155.210,12361118,1889530104.000,250,155.120,1750,155.070,100,155.030,200,155.020,800,155.010,200,155.210,2400,155.220,740,155.250,100,155.260,600,155.270,2021-01-20,13:48:01,00,";
var hq_str_sh603259="药明康德,145.150,143.380,154.940,156.500,145.150,154.890,154.940,12397068,1895104582.000,600,154.890,100,154.880,300,154.860,400,154.840,200,154.830,400,154.940,2800,154.970,1000,154.980,13100,155.000,1600,155.020,2021-01-20,13:48:58,00,";
var hq_str_sh603259="药明康德,145.150,143.380,154.580,156.500,145.150,154.580,154.590,12423668,1899218505.000,100,154.580,400,154.520,500,154.510,3000,154.500,1000,154.420,1100,154.590,200,154.650,2000,154.830,200,154.960,2800,154.970,2021-01-20,13:49:58,00,";
var hq_str_sh603259="药明康德,145.150,143.380,155.050,156.500,145.150,155.040,155.090,12465228,1905656300.000,1700,155.040,100,155.030,100,154.930,1600,154.880,600,154.860,300,155.090,700,155.100,100,155.140,800,155.150,1000,155.180,2021-01-20,13:50:58,00,";
var hq_str_sh603259="药明康德,145.150,143.380,155.300,156.500,145.150,155.290,155.300,12543928,1917872903.000,400,155.290,3400,155.260,300,155.230,100,155.110,400,155.100,199640,155.300,100,155.310,400,155.320,100,155.330,200,155.340,2021-01-20,13:52:01,00,";
var hq_str_sh603259="药明康德,145.150,143.380,155.500,156.500,145.150,155.310,155.490,12807568,1958822958.000,200,155.310,300,155.290,200,155.280,100,155.230,300,155.200,500,155.490,44600,155.500,1100,155.510,100,155.520,100,155.530,2021-01-20,13:52:58,00,";
var hq_str_sh603259="药明康德,145.150,143.380,155.240,156.500,145.150,154.510,155.240,12904368,1973855144.000,300,154.510,100,154.500,200,154.310,11400,154.300,100,154.210,100,155.240,500,155.320,1200,155.330,1900,155.430,100,155.470,2021-01-20,13:53:58,00,";
var hq_str_sh603259="药明康德,145.150,143.380,155.300,156.500,145.150,155.300,155.420,12931868,1978127596.000,5900,155.300,100,155.120,300,155.100,900,155.040,1300,155.030,100,155.420,3000,155.430,300,155.450,3600,155.490,2680,155.500,2021-01-20,13:55:01,00,";
var hq_str_sh603259="药明康德,145.150,143.380,155.500,156.500,145.150,155.460,155.500,12980848,1985743973.000,5100,155.460,720,155.450,100,155.430,900,155.320,100,155.310,300,155.500,2100,155.600,200,155.610,200,155.630,300,155.650,2021-01-20,13:55:58,00,";
var hq_str_sh603259="药明康德,145.150,143.380,155.500,156.500,145.150,155.310,155.500,13010268,1990316489.000,1100,155.310,500,155.300,200,155.200,100,155.150,200,155.110,800,155.500,200,155.560,100,155.580,500,155.590,6200,155.600,2021-01-20,13:57:01,00,";
var hq_str_sh603259="药明康德,145.150,143.380,155.260,156.500,145.150,155.240,155.260,13036868,1994448924.000,400,155.240,700,155.230,400,155.220,200,155.210,100,155.150,2000,155.260,500,155.300,200,155.310,100,155.320,1100,155.340,2021-01-20,13:57:58,00,";
var hq_str_sh603259="药明康德,145.150,143.380,155.630,156.500,145.150,155.630,155.650,13077068,2000699942.000,100,155.630,200,155.620,700,155.610,1500,155.600,300,155.590,2300,155.650,1500,155.660,200,155.670,2440,155.680,200,155.700,2021-01-20,13:58:58,00,";
var hq_str_sh603259="药明康德,145.150,143.380,155.810,156.500,145.150,155.780,155.810,13136768,2009997419.000,200,155.780,100,155.760,400,155.740,300,155.720,1100,155.710,15100,155.810,200,155.870,20400,155.880,1700,155.890,600,155.900,2021-01-20,13:59:58,00,";
var hq_str_sh603259="药明康德,145.150,143.380,156.300,156.500,145.150,156.300,156.380,13305668,2036352747.000,800,156.300,2900,156.290,600,156.280,900,156.270,900,156.260,200,156.380,2000,156.390,400,156.400,100,156.420,300,156.430,2021-01-20,14:00:58,00,";
var hq_str_sh603259="药明康德,145.150,143.380,156.210,156.500,145.150,156.190,156.220,13409168,2052521927.000,600,156.190,200,156.180,200,156.050,100,156.020,90100,156.000,100,156.220,200,156.230,800,156.240,2000,156.250,700,156.290,2021-01-20,14:01:58,00,";
var hq_str_sh603259="药明康德,145.150,143.380,156.480,156.500,145.150,156.460,156.480,13455488,2059763798.000,600,156.460,100,156.450,280,156.420,4600,156.380,100,156.350,7800,156.480,622,156.490,40900,156.500,200,156.510,272,156.550,2021-01-20,14:02:58,00,";
var hq_str_sh603259="药明康德,145.150,143.380,156.770,156.880,145.150,156.620,156.770,13629788,2087055147.000,700,156.620,100,156.550,200,156.490,300,156.480,100,156.470,2300,156.770,4000,156.780,400,156.850,300,156.870,3134,156.880,2021-01-20,14:03:58,00,";
var hq_str_sh603259="药明康德,145.150,143.380,156.770,156.890,145.150,156.780,156.830,13710488,2099708034.000,200,156.780,900,156.710,200,156.690,100,156.680,200,156.510,1200,156.830,2400,156.860,500,156.870,5600,156.880,6400,156.890,2021-01-20,14:04:58,00,";
var hq_str_sh603259="药明康德,145.150,143.380,156.280,156.890,145.150,156.280,156.350,13779263,2110470770.000,900,156.280,200,156.250,200,156.240,400,156.060,725,156.030,200,156.350,100,156.460,100,156.470,200,156.500,100,156.510,2021-01-20,14:05:58,00,";
var hq_str_sh603259="药明康德,145.150,143.380,156.540,156.890,145.150,156.510,156.570,13833788,2119002935.000,1100,156.510,1000,156.500,200,156.480,500,156.460,100,156.450,500,156.570,8744,156.600,500,156.610,1200,156.680,500,156.700,2021-01-20,14:06:58,00,";
var hq_str_sh603259="药明康德,145.150,143.380,156.560,156.890,145.150,156.500,156.560,13899688,2129317240.000,100,156.500,200,156.480,300,156.460,1000,156.450,200,156.400,1240,156.560,2700,156.600,400,156.610,100,156.640,100,156.650,2021-01-20,14:07:58,00,";
var hq_str_sh603259="药明康德,145.150,143.380,156.840,156.890,145.150,156.830,156.840,13966132,2139730335.000,1140,156.830,700,156.820,100,156.770,400,156.730,200,156.610,1800,156.840,900,156.850,2700,156.860,100,156.870,2600,156.880,2021-01-20,14:08:58,00,";
var hq_str_sh603259="药明康德,145.150,143.380,156.330,156.890,145.150,156.300,156.330,13984032,2142533184.000,400,156.300,300,156.100,100,156.080,100,156.020,1200,156.010,100,156.330,500,156.350,300,156.400,1600,156.450,3600,156.460,2021-01-20,14:09:58,00,";
var hq_str_sh603259="药明康德,145.150,143.380,156.110,156.890,145.150,156.100,156.260,13998632,2144815130.000,300,156.100,900,156.080,200,156.040,100,156.020,1300,156.010,1100,156.260,400,156.360,600,156.370,136,156.400,200,156.450,2021-01-20,14:10:58,00,";
var hq_str_sh603259="药明康德,145.150,143.380,156.180,156.890,145.150,156.050,156.180,14023652,2148721068.000,100,156.050,89430,156.000,100,155.880,600,155.870,100,155.820,800,156.180,400,156.190,100,156.260,300,156.290,600,156.300,2021-01-20,14:11:58,00,";
var hq_str_sh603259="药明康德,145.150,143.380,155.210,156.890,145.150,155.210,155.310,14189882,2174635066.000,2400,155.210,2100,155.160,100,155.110,400,155.100,100,155.020,2000,155.310,200,155.390,800,155.480,10200,155.500,600,155.510,2021-01-20,14:12:58,00,";
var hq_str_sh603259="药明康德,145.150,143.380,155.210,156.890,145.150,155.100,155.210,14275282,2187875999.000,500,155.100,2700,155.080,600,155.060,400,155.050,100,155.040,2500,155.210,100,155.300,5600,155.310,100,155.470,10300,155.500,2021-01-20,14:14:01,00,";
var hq_str_sh603259="药明康德,145.150,143.380,154.820,156.890,145.150,154.800,154.820,14323082,2195285088.000,600,154.800,100,154.780,100,154.690,100,154.680,100,154.670,500,154.820,100,154.860,1100,154.870,200,154.880,600,154.900,2021-01-20,14:14:58,00,";
var hq_str_sh603259="药明康德,145.150,143.380,155.200,156.890,145.150,155.050,155.190,14348382,2199205848.000,200,155.050,100,155.030,300,155.020,2100,155.010,600,155.000,300,155.190,100,155.200,800,155.210,100,155.230,400,155.300,2021-01-20,14:15:58,00,";
var hq_str_sh603259="药明康德,145.150,143.380,155.210,156.890,145.150,155.200,155.210,14389082,2205519648.000,200,155.200,200,155.190,300,155.150,100,155.140,100,155.100,200,155.210,100,155.230,100,155.240,300,155.290,500,155.300,2021-01-20,14:16:58,00,";
var hq_str_sh603259="药明康德,145.150,143.380,155.310,156.890,145.150,155.300,155.310,14417582,2209941526.000,800,155.300,100,155.290,600,155.280,700,155.270,200,155.260,1100,155.310,100,155.350,100,155.470,300,155.480,4900,155.500,2021-01-20,14:17:58,00,";
var hq_str_sh603259="药明康德,145.150,143.380,155.310,156.890,145.150,155.250,155.310,14449682,2214928037.000,100,155.250,1000,155.240,100,155.230,700,155.210,2900,155.200,100,155.310,100,155.370,3400,155.400,900,155.440,2220,155.450,2021-01-20,14:18:58,00,";
var hq_str_sh603259="药明康德,145.150,143.380,155.210,156.890,145.150,155.200,155.210,14481982,2219943116.000,3600,155.200,1200,155.190,100,155.160,600,155.120,200,155.100,100,155.210,100,155.260,200,155.300,2200,155.310,2600,155.320,2021-01-20,14:19:58,00,";
var hq_str_sh603259="药明康德,145.150,143.380,155.500,156.890,145.150,155.490,155.500,14515282,2225116460.000,700,155.490,17900,155.450,200,155.440,900,155.430,200,155.420,4300,155.500,200,155.560,200,155.570,500,155.580,200,155.600,2021-01-20,14:20:58,00,";
var hq_str_sh603259="药明康德,145.150,143.380,155.830,156.890,145.150,155.830,155.850,14549082,2230376976.000,500,155.830,2300,155.680,500,155.670,3100,155.660,300,155.650,7300,155.850,200,155.880,100,155.900,900,155.990,9300,156.000,2021-01-20,14:21:58,00,";
var hq_str_sh603259="药明康德,145.150,143.380,156.000,156.890,145.150,156.010,156.050,14590462,2236827184.000,200,156.010,8100,156.000,100,155.990,100,155.970,2020,155.870,100,156.050,200,156.080,200,156.100,100,156.110,100,156.140,2021-01-20,14:22:58,00,";
var hq_str_sh603259="药明康德,145.150,143.380,155.780,156.890,145.150,155.760,155.820,14617524,2241049086.000,138,155.760,100,155.700,200,155.670,1100,155.660,900,155.530,90,155.820,200,155.930,300,155.990,3400,156.000,200,156.010,2021-01-20,14:23:58,00,";
var hq_str_sh603259="药明康德,145.150,143.380,156.040,156.890,145.150,156.040,156.320,14653127,2246603115.000,3900,156.040,500,156.030,100,156.010,145,156.000,300,155.990,2200,156.320,200,156.330,600,156.360,336,156.400,200,156.440,2021-01-20,14:24:58,00,";
var hq_str_sh603259="药明康德,145.150,143.380,156.110,156.890,145.150,156.120,156.260,14672055,2249558585.000,3900,156.120,313,156.110,500,156.100,200,156.090,600,156.060,100,156.260,2900,156.300,100,156.310,900,156.320,200,156.330,2021-01-20,14:25:58,00,";
var hq_str_sh603259="药明康德,145.150,143.380,156.190,156.890,145.150,156.190,156.200,14712045,2255808074.000,284,156.190,100,156.180,100,156.150,400,156.120,100,156.110,700,156.200,1726,156.270,1396,156.300,100,156.310,1000,156.320,2021-01-20,14:26:58,00,";
var hq_str_sh603259="药明康德,145.150,143.380,155.800,156.890,145.150,155.800,156.000,14770598,2264939898.000,138,155.800,100,155.600,5063,155.450,300,155.430,100,155.400,320,156.000,89,156.040,100,156.070,2913,156.080,800,156.180,2021-01-20,14:27:58,00,";
var hq_str_sh603259="药明康德,145.150,143.380,156.120,156.890,145.150,156.110,156.120,14790942,2268114188.000,100,156.110,1200,156.100,500,156.090,4617,156.070,300,156.000,79,156.120,100,156.190,100,156.200,726,156.270,100,156.280,2021-01-20,14:28:58,00,";
var hq_str_sh603259="药明康德,145.150,143.380,156.320,156.890,145.150,156.300,156.320,14824070,2273288142.000,3986,156.300,3,156.190,100,156.130,279,156.120,2276,156.100,600,156.320,1200,156.330,200,156.350,600,156.360,436,156.400,2021-01-20,14:30:01,00,";
var hq_str_sh603259="药明康德,145.150,143.380,156.250,156.890,145.150,156.250,156.300,14856371,2278339813.000,200,156.250,2166,156.190,100,156.130,179,156.120,2176,156.100,900,156.300,40,156.310,500,156.320,400,156.370,4000,156.380,2021-01-20,14:30:58,00,";
var hq_str_sh603259="药明康德,145.150,143.380,155.770,156.890,145.150,155.600,155.760,14926989,2289353031.000,500,155.600,600,155.590,100,155.580,163,155.450,2300,155.430,200,155.760,2411,155.770,5400,155.900,700,156.000,2500,156.090,2021-01-20,14:31:58,00,";
var hq_str_sh603259="药明康德,145.150,143.380,155.950,156.890,145.150,155.940,156.090,14948395,2292689272.000,477,155.940,800,155.910,600,155.900,4300,155.890,600,155.880,1100,156.090,400,156.110,900,156.190,500,156.200,8800,156.260,2021-01-20,14:33:01,00,";
var hq_str_sh603259="药明康德,145.150,143.380,155.910,156.890,145.150,155.820,155.950,14998929,2300568876.000,149,155.820,122,155.800,446,155.780,1000,155.770,300,155.750,13992,155.950,500,156.000,100,156.010,200,156.020,500,156.030,2021-01-20,14:33:58,00,";
var hq_str_sh603259="药明康德,145.150,143.380,155.860,156.890,145.150,155.860,155.870,15035497,2306268520.000,100,155.860,100,155.830,200,155.820,500,155.800,400,155.730,26,155.870,100,155.920,200,155.930,2600,155.940,2049,155.950,2021-01-20,14:34:58,00,";
var hq_str_sh603259="药明康德,145.150,143.380,156.380,156.890,145.150,156.340,156.380,15082105,2313547263.000,700,156.340,500,156.320,100,156.310,136,156.280,1400,156.260,200,156.380,700,156.400,500,156.470,600,156.480,700,156.490,2021-01-20,14:35:58,00,";
var hq_str_sh603259="药明康德,145.150,143.380,156.200,156.890,145.150,156.190,156.200,15131406,2321252782.000,600,156.190,200,156.180,200,156.110,100,156.100,1500,156.080,1784,156.200,100,156.280,100,156.300,2700,156.330,2100,156.340,2021-01-20,14:36:58,00,";
var hq_str_sh603259="药明康德,145.150,143.380,155.970,156.890,145.150,155.890,155.960,15188469,2330155889.000,45,155.890,251,155.880,1300,155.870,844,155.830,100,155.810,100,155.960,600,155.970,9940,155.980,400,155.990,25472,156.000,2021-01-20,14:38:01,00,";
var hq_str_sh603259="药明康德,145.150,143.380,156.120,156.890,145.150,156.120,156.140,15346151,2354755746.000,1056,156.120,3200,156.030,4908,155.990,100,155.980,5983,155.960,1600,156.140,400,156.150,900,156.200,5400,156.210,100,156.260,2021-01-20,14:38:58,00,";
var hq_str_sh603259="药明康德,145.150,143.380,156.190,156.890,145.150,156.160,156.190,15425559,2367155707.000,600,156.160,200,156.150,1400,156.130,400,156.100,500,156.070,2300,156.190,500,156.200,338,156.240,3000,156.250,3100,156.260,2021-01-20,14:39:58,00,";
var hq_str_sh603259="药明康德,145.150,143.380,156.260,156.890,145.150,156.210,156.250,15486640,2376696360.000,1000,156.210,100,156.200,1600,156.130,1400,156.100,900,156.090,200,156.250,4128,156.260,414,156.270,100,156.280,3240,156.300,2021-01-20,14:40:58,00,";
var hq_str_sh603259="药明康德,145.150,143.380,156.580,156.890,145.150,156.570,156.580,15614500,2396700797.000,5500,156.570,500,156.560,2100,156.530,53449,156.500,1400,156.490,2000,156.580,100,156.590,800,156.600,400,156.660,200,156.680,2021-01-20,14:41:58,00,";
var hq_str_sh603259="药明康德,145.150,143.380,156.500,156.890,145.150,156.500,156.520,15759700,2419458637.000,300,156.500,800,156.400,291,156.390,300,156.380,300,156.360,387,156.520,100,156.540,600,156.570,100,156.580,2300,156.590,2021-01-20,14:43:01,00,";
var hq_str_sh603259="药明康德,145.150,143.380,156.250,156.890,145.150,156.230,156.250,15853436,2434124728.000,3000,156.230,962,156.210,100,156.200,100,156.150,1600,156.130,32,156.250,500,156.280,3100,156.290,7500,156.320,1200,156.330,2021-01-20,14:43:58,00,";
var hq_str_sh603259="药明康德,145.150,143.380,155.970,156.890,145.150,155.920,155.970,15948218,2448905457.000,5743,155.920,1000,155.910,200,155.880,54,155.660,100,155.610,300,155.970,2600,155.980,700,155.990,48700,156.000,1000,156.030,2021-01-20,14:44:58,00,";
var hq_str_sh603259="药明康德,145.150,143.380,156.280,156.890,145.150,156.290,156.490,16063567,2466910187.000,2283,156.290,5200,156.270,268,156.250,2300,156.200,100,156.090,200,156.490,1835,156.500,200,156.510,500,156.520,800,156.580,2021-01-20,14:45:58,00,";
var hq_str_sh603259="药明康德,145.150,143.380,156.270,156.890,145.150,156.270,156.280,16121291,2475933904.000,300,156.270,100,156.230,3600,156.210,100,156.200,500,156.150,300,156.280,100,156.290,1375,156.300,200,156.380,1000,156.390,2021-01-20,14:46:58,00,";
var hq_str_sh603259="药明康德,145.150,143.380,156.000,156.890,145.150,155.950,156.010,16167425,2483131899.000,200,155.950,700,155.920,209,155.910,6500,155.880,100,155.870,2190,156.010,4000,156.050,100,156.100,100,156.130,300,156.140,2021-01-20,14:47:58,00,";
var hq_str_sh603259="药明康德,145.150,143.380,155.820,156.890,145.150,155.810,155.820,16213473,2490309822.000,161,155.810,500,155.800,500,155.670,754,155.660,100,155.650,200,155.820,400,155.850,400,155.880,2800,155.890,1200,155.900,2021-01-20,14:49:01,00,";
var hq_str_sh603259="药明康德,145.150,143.380,155.750,156.890,145.150,155.740,155.750,16237501,2494051552.000,2000,155.740,100,155.730,800,155.630,1607,155.620,1980,155.600,100,155.750,100,155.770,100,155.800,2000,155.810,200,155.880,2021-01-20,14:49:58,00,";
var hq_str_sh603259="药明康德,145.150,143.380,155.600,156.890,145.150,155.600,155.800,16308845,2505161117.000,654,155.600,89,155.560,900,155.550,1400,155.500,1000,155.470,100,155.800,1600,155.890,1300,155.940,2800,155.990,8300,156.000,2021-01-20,14:50:58,00,";
var hq_str_sh603259="药明康德,145.150,143.380,155.500,156.890,145.150,155.470,155.500,16459639,2528620172.000,1600,155.470,800,155.440,200,155.430,2000,155.400,100,155.380,26453,155.500,1300,155.690,744,155.700,100,155.800,100,155.850,2021-01-20,14:51:58,00,";
var hq_str_sh603259="药明康德,145.150,143.380,155.000,156.890,145.150,155.000,155.020,16520457,2538065665.000,12982,155.000,900,154.960,100,154.950,2800,154.940,300,154.920,100,155.020,1200,155.030,500,155.080,100,155.100,600,155.120,2021-01-20,14:52:58,00,";
var hq_str_sh603259="药明康德,145.150,143.380,154.810,156.890,145.150,154.700,154.800,16690524,2564425812.000,715,154.700,100,154.680,500,154.660,300,154.630,200,154.620,100,154.800,100,154.810,300,154.820,300,154.850,800,154.860,2021-01-20,14:53:58,00,";
var hq_str_sh603259="药明康德,145.150,143.380,154.990,156.890,145.150,154.940,154.990,16755245,2574447042.000,100,154.940,300,154.930,1204,154.920,100,154.900,900,154.890,600,154.990,1200,155.000,269,155.010,800,155.050,500,155.070,2021-01-20,14:54:58,00,";
var hq_str_sh603259="药明康德,145.150,143.380,155.330,156.890,145.150,155.270,155.330,16809593,2582880228.000,300,155.270,200,155.220,125,155.180,600,155.120,200,155.100,600,155.330,1000,155.340,174,155.350,1000,155.360,300,155.390,2021-01-20,14:55:58,00,";
var hq_str_sh603259="药明康德,145.150,143.380,155.200,156.890,145.150,155.170,155.200,16908992,2598286508.000,1100,155.170,4357,155.000,600,154.980,300,154.960,300,154.950,1000,155.200,240,155.230,700,155.270,700,155.290,580,155.300,2021-01-20,14:56:58,00,";
var hq_str_sh603259="药明康德,145.150,143.380,155.000,156.890,145.150,154.170,154.170,16910492,2598519195.000,121057,154.170,0,0.000,0,0.000,0,0.000,0,0.000,121057,154.170,382813,0.000,0,0.000,0,0.000,0,0.000,2021-01-20,14:57:58,00,";
var hq_str_sh603259="药明康德,145.150,143.380,155.000,156.890,145.150,154.170,154.170,16910492,2598519195.000,182257,154.170,0,0.000,0,0.000,0,0.000,0,0.000,182257,154.170,364342,0.000,0,0.000,0,0.000,0,0.000,2021-01-20,14:58:58,00,";
