var hq_str_sh603259="药明康德,181.500,182.030,181.500,181.500,181.500,181.380,181.500,51800,9401700.000,100,181.380,4000,181.100,100,181.050,900,181.010,2100,181.000,12600,181.500,1300,181.550,100,181.610,1200,181.800,300,181.880,2021-02-10,09:29:51,00,";
var hq_str_sh603259="药明康德,181.500,182.030,181.000,183.000,180.600,181.110,181.210,204216,37055920.000,100,181.110,300,181.010,5000,181.000,100,180.710,100,180.520,200,181.210,600,181.220,400,181.230,700,181.290,3100,181.380,2021-02-10,09:30:59,00,";
var hq_str_sh603259="药明康德,181.500,182.030,181.020,183.000,180.600,181.000,181.020,292216,53003269.000,14100,181.000,100,180.990,200,180.980,200,180.940,100,180.920,300,181.020,100,181.100,100,181.150,200,181.160,200,181.200,2021-02-10,09:31:59,00,";
var hq_str_sh603259="药明康德,181.500,182.030,180.030,183.000,180.000,180.030,180.230,423416,76658393.000,100,180.030,4500,180.020,7300,180.000,500,179.950,500,179.900,300,180.230,400,180.310,400,180.500,4700,180.980,1700,180.990,2021-02-10,09:32:59,00,";
var hq_str_sh603259="药明康德,181.500,182.030,179.030,183.000,178.900,179.010,179.040,545316,98548503.000,1000,179.010,2000,179.000,9100,178.900,9800,178.890,14400,178.880,800,179.040,300,179.090,300,179.300,500,179.320,100,179.330,2021-02-10,09:33:59,00,";
var hq_str_sh603259="药明康德,181.500,182.030,179.330,183.000,178.890,179.330,179.500,679716,122623572.000,400,179.330,200,179.300,200,179.140,100,179.110,300,179.100,100,179.500,9000,179.990,1040,180.000,100,180.010,1200,180.020,2021-02-10,09:34:59,00,";
var hq_str_sh603259="药明康德,181.500,182.030,179.190,183.000,178.890,179.160,179.190,788916,142208755.000,500,179.160,100,179.150,100,179.100,100,179.090,5100,179.070,400,179.190,2000,179.240,100,179.290,900,179.300,100,179.340,2021-02-10,09:35:59,00,";
var hq_str_sh603259="药明康德,181.500,182.030,179.600,183.000,178.890,179.600,179.800,873116,157296774.000,3700,179.600,2200,179.280,100,179.240,4100,179.220,100,179.210,200,179.800,400,179.850,8900,179.860,700,179.870,100,179.980,2021-02-10,09:36:59,00,";
var hq_str_sh603259="药明康德,181.500,182.030,180.400,183.000,178.890,180.400,180.450,952538,171596017.000,200,180.400,200,180.370,100,180.350,200,180.300,100,180.100,200,180.450,300,180.960,700,180.970,300,180.980,1300,180.990,2021-02-10,09:37:59,00,";
var hq_str_sh603259="药明康德,181.500,182.030,180.100,183.000,178.890,180.060,180.080,1014138,182715671.000,100,180.060,100,180.040,100,180.030,200,180.010,12900,180.000,800,180.080,100,180.160,700,180.180,200,180.190,900,180.310,2021-02-10,09:38:59,00,";
var hq_str_sh603259="药明康德,181.500,182.030,179.700,183.000,178.890,179.720,179.900,1133734,204246372.000,100,179.720,5260,179.700,100,179.650,100,179.620,1600,179.600,200,179.900,300,180.170,12300,180.500,600,180.530,100,180.560,2021-02-10,09:39:59,00,";
var hq_str_sh603259="药明康德,181.500,182.030,179.810,183.000,178.890,179.680,179.810,1216894,219185278.000,1300,179.680,500,179.660,100,179.650,100,179.640,400,179.600,300,179.810,100,179.890,400,179.900,100,179.910,100,179.930,2021-02-10,09:41:02,00,";
var hq_str_sh603259="药明康德,181.500,182.030,179.500,183.000,178.890,179.500,179.520,1267294,228239118.000,600,179.500,300,179.460,500,179.400,100,179.350,100,179.330,200,179.520,100,179.530,100,179.540,100,179.560,1300,179.570,2021-02-10,09:41:59,00,";
var hq_str_sh603259="药明康德,181.500,182.030,179.100,183.000,178.890,179.080,179.120,1352994,243602368.000,200,179.080,300,179.070,600,179.060,200,179.050,700,179.030,3900,179.120,600,179.150,5440,179.290,300,179.370,100,179.380,2021-02-10,09:42:59,00,";
var hq_str_sh603259="药明康德,181.500,182.030,179.800,183.000,178.890,179.770,179.810,1496034,269243658.000,1300,179.770,300,179.760,1800,179.730,1400,179.700,900,179.680,200,179.810,400,179.820,300,179.830,100,179.840,400,179.850,2021-02-10,09:43:59,00,";
var hq_str_sh603259="药明康德,181.500,182.030,180.300,183.000,178.890,180.300,180.350,1548434,278681445.000,700,180.300,100,180.280,100,180.240,100,180.220,100,180.150,1000,180.350,300,180.400,100,180.410,400,180.420,100,180.430,2021-02-10,09:44:59,00,";
var hq_str_sh603259="药明康德,181.500,182.030,179.210,183.000,178.890,179.210,179.220,1609594,289671504.000,5000,179.210,100,179.150,100,179.140,200,179.100,1400,179.080,100,179.220,100,179.230,100,179.240,100,179.250,100,179.260,2021-02-10,09:45:59,00,";
var hq_str_sh603259="药明康德,181.500,182.030,179.210,183.000,178.890,179.210,179.220,1678315,301983527.000,3579,179.210,100,179.200,200,179.170,200,179.160,100,179.070,100,179.220,100,179.230,100,179.240,100,179.250,100,179.260,2021-02-10,09:46:59,00,";
var hq_str_sh603259="药明康德,181.500,182.030,179.640,183.000,178.890,179.640,179.650,1770915,318616182.000,100,179.640,600,179.620,400,179.610,600,179.600,100,179.580,2400,179.650,3500,179.660,100,179.670,2600,179.680,100,179.690,2021-02-10,09:47:59,00,";
var hq_str_sh603259="药明康德,181.500,182.030,180.180,183.000,178.890,180.130,180.170,1917655,345012813.000,100,180.130,100,180.120,100,180.080,1760,180.070,100,180.060,2300,180.170,100,180.260,100,180.270,100,180.280,200,180.300,2021-02-10,09:48:59,00,";
var hq_str_sh603259="药明康德,181.500,182.030,180.000,183.000,178.890,179.990,180.000,1960015,352639363.000,600,179.990,100,179.970,100,179.950,100,179.940,100,179.910,2100,180.000,100,180.010,1900,180.020,300,180.030,115,180.090,2021-02-10,09:49:59,00,";
var hq_str_sh603259="药明康德,181.500,182.030,179.330,183.000,178.890,179.330,179.350,2010865,361771797.000,300,179.330,500,179.320,300,179.310,200,179.300,100,179.260,100,179.350,100,179.520,100,179.540,100,179.550,200,179.560,2021-02-10,09:50:59,00,";
var hq_str_sh603259="药明康德,181.500,182.030,180.150,183.000,178.890,180.150,180.170,2114480,380408312.000,6400,180.150,7085,180.070,200,180.060,400,180.020,1200,180.000,300,180.170,1100,180.200,300,180.230,300,180.260,300,180.290,2021-02-10,09:51:59,00,";
var hq_str_sh603259="药明康德,181.500,182.030,180.110,183.000,178.890,180.110,180.120,2191493,394272928.000,3485,180.110,2100,180.050,1000,180.030,487,180.010,500,180.000,300,180.120,400,180.140,600,180.150,300,180.170,10000,180.180,2021-02-10,09:52:59,00,";
var hq_str_sh603259="药明康德,181.500,182.030,180.100,183.000,178.890,180.100,180.120,2268893,408210505.000,100,180.100,200,180.080,7285,180.040,1600,180.000,700,179.990,2100,180.120,100,180.130,100,180.170,3100,180.180,900,180.200,2021-02-10,09:53:59,00,";
var hq_str_sh603259="药明康德,181.500,182.030,180.510,183.000,178.890,180.510,180.520,2326820,418655990.000,300,180.510,1000,180.500,2100,180.480,700,180.470,200,180.410,400,180.520,100,180.530,400,180.540,100,180.550,300,180.560,2021-02-10,09:54:59,00,";
var hq_str_sh603259="药明康德,181.500,182.030,181.390,183.000,178.890,181.120,181.390,2395700,431110335.000,500,181.120,1200,181.100,500,181.090,100,181.080,1700,181.050,600,181.390,600,181.400,100,181.410,300,181.420,300,181.440,2021-02-10,09:55:59,00,";
var hq_str_sh603259="药明康德,181.500,182.030,181.840,183.000,178.890,181.840,181.860,2458000,442417827.000,6600,181.840,300,181.800,400,181.790,300,181.780,500,181.760,300,181.860,200,181.870,400,181.880,300,181.900,300,181.920,2021-02-10,09:56:59,00,";
var hq_str_sh603259="药明康德,181.500,182.030,182.220,183.000,178.890,182.220,182.230,2574200,463560721.000,15000,182.220,100,182.190,1000,182.170,15000,182.160,100,182.130,300,182.230,300,182.260,300,182.280,300,182.290,100,182.300,2021-02-10,09:57:59,00,";
var hq_str_sh603259="药明康德,181.500,182.030,182.560,183.000,178.890,182.720,182.750,2745200,494782567.000,200,182.720,600,182.550,2700,182.540,400,182.510,100,182.500,100,182.750,100,182.870,100,182.880,100,182.890,100,182.900,2021-02-10,09:58:59,00,";
var hq_str_sh603259="药明康德,181.500,182.030,183.030,183.370,178.890,182.980,183.030,2891050,521474210.000,500,182.980,100,182.960,100,182.950,50,182.940,400,182.890,9300,183.030,800,183.160,100,183.190,1400,183.200,100,183.210,2021-02-10,09:59:59,00,";
var hq_str_sh603259="药明康德,181.500,182.030,182.200,183.370,178.890,182.200,182.390,3000170,541411251.000,30,182.200,800,182.120,10000,182.110,10800,182.100,700,182.050,300,182.390,1300,182.400,400,182.410,100,182.420,100,182.430,2021-02-10,10:00:59,00,";
var hq_str_sh603259="药明康德,181.500,182.030,182.550,183.370,178.890,182.540,182.980,3084810,556856813.000,500,182.540,400,182.510,5400,182.500,2460,182.410,1000,182.360,700,182.980,300,182.990,18310,183.000,200,183.010,200,183.020,2021-02-10,10:01:59,00,";
var hq_str_sh603259="药明康德,181.500,182.030,183.160,183.370,178.890,183.160,183.170,3184180,575043414.000,400,183.160,100,183.110,6140,183.000,2390,182.970,100,182.920,3000,183.170,100,183.180,100,183.190,300,183.200,100,183.210,2021-02-10,10:02:59,00,";
var hq_str_sh603259="药明康德,181.500,182.030,182.680,183.370,178.890,182.670,182.710,3238020,584891442.000,90,182.670,100,182.660,200,182.640,200,182.630,400,182.620,100,182.710,100,182.720,100,182.730,100,182.740,100,182.760,2021-02-10,10:03:59,00,";
var hq_str_sh603259="药明康德,181.500,182.030,184.460,184.600,178.890,184.100,184.460,3465544,626690964.000,500,184.100,300,184.090,8100,184.080,1200,184.060,100,184.050,500,184.460,1100,184.490,1300,184.500,100,184.510,200,184.520,2021-02-10,10:04:59,00,";
var hq_str_sh603259="药明康德,181.500,182.030,184.170,184.600,178.890,184.170,184.200,3617744,654758367.000,200,184.170,100,184.160,200,184.100,1900,184.080,1000,184.060,1400,184.200,100,184.220,200,184.400,200,184.440,300,184.450,2021-02-10,10:05:59,00,";
var hq_str_sh603259="药明康德,181.500,182.030,185.180,185.180,178.890,185.080,185.180,3828678,693743328.000,100,185.080,4700,185.070,100,185.060,1800,185.050,9900,185.000,1600,185.180,900,185.190,9680,185.200,100,185.210,1200,185.220,2021-02-10,10:06:59,00,";
var hq_str_sh603259="药明康德,181.500,182.030,184.950,185.200,178.890,184.950,184.970,4011778,727604385.000,3800,184.950,100,184.900,200,184.590,8400,184.580,3000,184.570,100,184.970,600,184.990,33093,185.000,100,185.010,400,185.020,2021-02-10,10:07:59,00,";
var hq_str_sh603259="药明康德,181.500,182.030,184.930,185.200,178.890,184.650,184.930,4068478,738085803.000,400,184.650,200,184.640,2900,184.620,2700,184.610,2900,184.600,3556,184.930,100,184.940,1400,184.950,800,184.960,800,184.970,2021-02-10,10:08:59,00,";
var hq_str_sh603259="药明康德,181.500,182.030,184.580,185.200,178.890,184.580,184.600,4160228,755026547.000,6700,184.580,1143,184.530,2107,184.400,100,184.280,200,184.260,700,184.600,400,184.610,100,184.620,200,184.630,100,184.640,2021-02-10,10:09:59,00,";
var hq_str_sh603259="药明康德,181.500,182.030,184.640,185.200,178.890,184.590,184.640,4285128,778052198.000,100,184.590,2200,184.500,2800,184.450,200,184.400,700,184.360,100,184.640,200,184.650,2700,184.660,500,184.670,200,184.680,2021-02-10,10:10:59,00,";
var hq_str_sh603259="药明康德,181.500,182.030,184.600,185.200,178.890,184.540,184.600,4380053,795571828.000,77,184.540,600,184.530,1600,184.520,6798,184.510,1100,184.500,10800,184.600,200,184.680,1000,184.690,800,184.700,400,184.710,2021-02-10,10:11:59,00,";
var hq_str_sh603259="药明康德,181.500,182.030,185.700,186.000,178.890,185.700,185.930,4571689,831061089.000,4000,185.700,6200,185.680,1200,185.650,400,185.640,1800,185.600,400,185.930,100,185.980,20840,186.000,200,186.010,600,186.030,2021-02-10,10:12:59,00,";
var hq_str_sh603259="药明康德,181.500,182.030,187.650,187.850,178.890,187.650,187.850,4751172,864575634.000,1000,187.650,2100,187.620,100,187.580,10300,187.550,1300,187.500,2700,187.850,1300,187.870,600,187.880,100,187.890,500,187.900,2021-02-10,10:13:59,00,";
var hq_str_sh603259="药明康德,181.500,182.030,187.000,187.870,178.890,187.000,187.060,4899072,892298621.000,200,187.000,100,186.990,3000,186.920,4200,186.910,3000,186.880,1100,187.060,900,187.160,200,187.200,100,187.250,2000,187.260,2021-02-10,10:14:59,00,";
var hq_str_sh603259="药明康德,181.500,182.030,186.650,187.870,178.890,186.650,186.800,5030260,916799606.000,5692,186.650,2100,186.590,100,186.020,4477,186.010,700,186.000,400,186.800,300,186.820,1200,186.860,500,186.880,300,186.890,2021-02-10,10:15:59,00,";
var hq_str_sh603259="药明康德,181.500,182.030,186.070,187.870,178.890,186.070,186.250,5140052,937252894.000,100,186.070,2477,186.050,1500,186.010,1300,186.000,700,185.990,3800,186.250,1100,186.480,4000,186.490,5300,186.500,1200,186.520,2021-02-10,10:16:59,00,";
var hq_str_sh603259="药明康德,181.500,182.030,186.850,187.870,178.890,186.850,187.050,5264852,960551309.000,9200,186.850,400,186.840,200,186.800,200,186.770,100,186.600,400,187.050,1500,187.100,2200,187.160,700,187.200,100,187.210,2021-02-10,10:17:59,00,";
var hq_str_sh603259="药明康德,181.500,182.030,185.610,187.870,178.890,185.610,185.800,5346152,975702061.000,100,185.610,1700,185.600,4100,185.580,10200,185.560,1200,185.500,500,185.800,300,185.850,1300,185.860,200,185.910,25100,186.000,2021-02-10,10:18:59,00,";
var hq_str_sh603259="药明康德,181.500,182.030,186.090,187.870,178.890,186.120,186.130,5442852,993685537.000,500,186.120,300,186.070,1500,186.060,200,186.050,3100,186.000,100,186.130,400,186.180,300,186.490,660,186.500,200,186.520,2021-02-10,10:19:59,00,";
var hq_str_sh603259="药明康德,181.500,182.030,186.120,187.870,178.890,186.030,186.060,5478757,1000365992.000,195,186.030,1000,186.020,100,186.010,2300,186.000,100,185.990,200,186.060,200,186.120,100,186.180,700,186.200,100,186.400,2021-02-10,10:20:59,00,";
var hq_str_sh603259="药明康德,181.500,182.030,185.240,187.870,178.890,185.200,185.240,5525052,1008958940.000,5800,185.200,100,185.100,200,185.080,800,185.070,700,185.050,500,185.240,1000,185.250,100,185.370,2000,185.380,200,185.470,2021-02-10,10:21:59,00,";
var hq_str_sh603259="药明康德,181.500,182.030,185.000,187.870,178.890,185.000,185.010,5618552,1026263361.000,7500,185.000,2300,184.990,1000,184.980,100,184.960,600,184.910,100,185.010,100,185.060,800,185.100,600,185.130,2200,185.170,2021-02-10,10:22:59,00,";
var hq_str_sh603259="药明康德,181.500,182.030,184.510,187.870,178.890,184.510,184.520,5672152,1036168888.000,498,184.510,2100,184.500,100,184.480,700,184.460,100,184.390,800,184.520,100,184.560,100,184.590,5000,184.600,400,184.640,2021-02-10,10:23:59,00,";
var hq_str_sh603259="药明康德,181.500,182.030,184.300,187.870,178.890,184.210,184.260,5741250,1048916708.000,200,184.210,300,184.200,200,184.160,100,184.100,1000,184.080,2500,184.260,800,184.300,100,184.350,1200,184.360,100,184.370,2021-02-10,10:24:59,00,";
var hq_str_sh603259="药明康德,181.500,182.030,183.860,187.870,178.890,183.850,183.880,5782750,1056551804.000,1300,183.850,4000,183.840,5200,183.830,4000,183.820,100,183.810,7800,183.880,2300,183.890,1200,183.900,600,183.930,900,183.950,2021-02-10,10:25:59,00,";
var hq_str_sh603259="药明康德,181.500,182.030,183.970,187.870,178.890,183.890,183.970,5884350,1075243698.000,700,183.890,1600,183.880,300,183.870,700,183.860,1400,183.850,2300,183.970,600,184.000,449,184.010,1000,184.180,300,184.250,2021-02-10,10:26:59,00,";
var hq_str_sh603259="药明康德,181.500,182.030,183.550,187.870,178.890,183.600,183.690,5942050,1085848267.000,100,183.600,100,183.550,1600,183.520,1100,183.510,41776,183.500,100,183.690,900,183.700,200,183.720,100,183.730,100,183.740,2021-02-10,10:27:59,00,";
var hq_str_sh603259="药明康德,181.500,182.030,183.990,187.870,178.890,183.920,183.990,5978650,1092576613.000,200,183.920,300,183.910,800,183.880,100,183.870,100,183.860,1200,183.990,18900,184.000,549,184.010,200,184.170,500,184.250,2021-02-10,10:28:53,00,";
var hq_str_sh603259="药明康德,181.500,182.030,184.340,187.870,178.890,184.310,184.380,6032799,1102543237.000,600,184.310,800,184.300,300,184.290,2000,184.260,2000,184.250,2800,184.380,100,184.390,300,184.410,300,184.440,300,184.490,2021-02-10,10:29:59,00,";
var hq_str_sh603259="药明康德,181.500,182.030,183.660,187.870,178.890,183.500,183.660,6126950,1119856428.000,33476,183.500,100,183.490,200,183.480,100,183.430,200,183.400,1400,183.660,1400,183.670,500,183.680,200,183.760,200,183.800,2021-02-10,10:30:59,00,";
var hq_str_sh603259="药明康德,181.500,182.030,183.600,187.870,178.890,183.570,183.600,6189650,1131363139.000,600,183.570,100,183.550,900,183.540,1600,183.510,1900,183.500,400,183.600,200,183.610,100,183.620,100,183.640,200,183.660,2021-02-10,10:31:59,00,";
var hq_str_sh603259="药明康德,181.500,182.030,183.560,187.870,178.890,183.600,183.660,6229150,1138613253.000,500,183.600,100,183.560,1400,183.550,7600,183.540,1000,183.530,600,183.660,900,183.670,100,183.800,100,183.810,2100,183.880,2021-02-10,10:32:59,00,";
var hq_str_sh603259="药明康德,181.500,182.030,184.000,187.870,178.890,184.000,184.080,6291681,1150113033.000,12400,184.000,2200,183.970,200,183.950,3200,183.890,16400,183.880,300,184.080,400,184.150,700,184.240,200,184.300,100,184.340,2021-02-10,10:33:59,00,";
var hq_str_sh603259="药明康德,181.500,182.030,184.290,187.870,178.890,184.240,184.290,6328481,1156893582.000,100,184.240,900,184.160,100,184.120,500,184.100,300,184.090,100,184.290,14300,184.300,100,184.360,7200,184.600,300,184.620,2021-02-10,10:34:59,00,";
var hq_str_sh603259="药明康德,181.500,182.030,184.600,187.870,178.890,184.410,184.600,6376181,1165684799.000,2700,184.410,100,184.390,300,184.380,1600,184.370,1800,184.360,6500,184.600,400,184.650,400,184.680,100,184.690,300,184.710,2021-02-10,10:35:59,00,";
var hq_str_sh603259="药明康德,181.500,182.030,184.780,187.870,178.890,184.710,184.780,6440681,1177599571.000,300,184.710,100,184.700,100,184.680,700,184.610,3700,184.600,700,184.780,5800,184.790,10000,184.820,1100,184.850,500,184.860,2021-02-10,10:36:59,00,";
var hq_str_sh603259="药明康德,181.500,182.030,185.100,187.870,178.890,185.030,185.100,6481161,1185082385.000,500,185.030,400,185.010,3920,185.000,200,184.930,200,184.900,800,185.100,400,185.120,200,185.130,200,185.200,100,185.230,2021-02-10,10:37:59,00,";
var hq_str_sh603259="药明康德,181.500,182.030,185.230,187.870,178.890,185.230,185.240,6511161,1190637738.000,4600,185.230,200,185.030,2200,185.020,1600,185.000,200,184.900,2400,185.240,2900,185.250,100,185.280,200,185.310,600,185.370,2021-02-10,10:38:59,00,";
var hq_str_sh603259="药明康德,181.500,182.030,185.230,187.870,178.890,184.900,185.220,6553168,1198414783.000,100,184.900,1893,184.800,400,184.790,100,184.780,200,184.760,100,185.220,2102,185.230,1700,185.240,2800,185.250,2100,185.280,2021-02-10,10:39:59,00,";
var hq_str_sh603259="药明康德,181.500,182.030,184.840,187.870,178.890,184.840,184.860,6580268,1203424844.000,300,184.840,5500,184.820,100,184.810,1193,184.800,600,184.790,100,184.860,140,184.870,500,184.940,300,184.950,2100,184.970,2021-02-10,10:40:59,00,";
var hq_str_sh603259="药明康德,181.500,182.030,184.650,187.870,178.890,184.650,184.700,6604461,1207894872.000,200,184.650,1900,184.510,13400,184.500,500,184.420,300,184.410,1300,184.700,200,184.780,200,184.790,500,184.800,2000,184.820,2021-02-10,10:41:59,00,";
var hq_str_sh603259="药明康德,181.500,182.030,184.420,187.870,178.890,184.420,184.460,6631961,1212969003.000,100,184.420,300,184.410,500,184.360,300,184.350,200,184.320,200,184.460,300,184.480,1040,184.490,300,184.500,200,184.510,2021-02-10,10:42:59,00,";
var hq_str_sh603259="药明康德,181.500,182.030,183.590,187.870,178.890,183.780,183.800,6663461,1218764191.000,2100,183.780,100,183.580,100,183.560,1400,183.550,1100,183.530,100,183.800,200,183.890,500,183.910,300,183.970,800,183.980,2021-02-10,10:43:59,00,";
var hq_str_sh603259="药明康德,181.500,182.030,184.000,187.870,178.890,183.920,184.000,6687661,1223216860.000,100,183.920,700,183.910,200,183.900,300,183.890,100,183.860,300,184.000,300,184.370,3800,184.380,100,184.470,1600,184.480,2021-02-10,10:44:59,00,";
var hq_str_sh603259="药明康德,181.500,182.030,183.930,187.870,178.890,183.930,184.000,6710761,1227467259.000,100,183.930,2800,183.920,1000,183.910,600,183.900,300,183.880,8100,184.000,1000,184.270,1200,184.300,400,184.370,3200,184.380,2021-02-10,10:45:59,00,";
var hq_str_sh603259="药明康德,181.500,182.030,184.300,187.870,178.890,184.300,184.330,6764061,1237291476.000,200,184.300,100,184.020,1300,184.010,4400,184.000,500,183.930,100,184.330,200,184.340,3000,184.380,700,184.500,2400,184.510,2021-02-10,10:46:59,00,";
var hq_str_sh603259="药明康德,181.500,182.030,183.950,187.870,178.890,183.950,183.990,6787961,1241690771.000,7500,183.950,800,183.930,2000,183.920,800,183.910,1300,183.900,1600,183.990,16500,184.000,300,184.020,200,184.300,100,184.340,2021-02-10,10:47:59,00,";
var hq_str_sh603259="药明康德,181.500,182.030,184.290,187.870,178.890,184.100,184.270,6819761,1247544144.000,2000,184.100,700,184.060,100,184.030,100,184.010,6600,184.000,100,184.270,2500,184.290,600,184.340,200,184.370,100,184.380,2021-02-10,10:48:59,00,";
var hq_str_sh603259="药明康德,181.500,182.030,184.290,187.870,178.890,184.290,184.300,6860561,1255055387.000,500,184.290,7000,184.000,4900,183.990,400,183.960,7900,183.950,1900,184.300,400,184.340,100,184.370,100,184.380,300,184.400,2021-02-10,10:49:59,00,";
var hq_str_sh603259="药明康德,181.500,182.030,184.570,187.870,178.890,184.450,184.570,6881761,1258965166.000,1200,184.450,700,184.390,200,184.380,100,184.370,300,184.330,200,184.570,100,184.620,500,184.650,200,184.660,300,184.690,2021-02-10,10:50:59,00,";
var hq_str_sh603259="药明康德,181.500,182.030,184.790,187.870,178.890,184.650,184.690,6911261,1264409549.000,100,184.650,1500,184.640,100,184.610,200,184.500,200,184.480,100,184.690,100,184.790,200,184.800,700,184.820,500,184.850,2021-02-10,10:51:59,00,";
var hq_str_sh603259="药明康德,181.500,182.030,184.990,187.870,178.890,184.310,184.990,6949561,1271485596.000,1700,184.310,500,184.300,100,184.290,200,184.240,100,184.200,2200,184.990,19800,185.000,100,185.100,4700,185.150,300,185.200,2021-02-10,10:52:59,00,";
var hq_str_sh603259="药明康德,181.500,182.030,184.320,187.870,178.890,184.350,184.770,6990561,1279062413.000,100,184.350,5500,184.320,1000,184.310,700,184.300,100,184.290,500,184.770,700,184.780,500,184.790,300,184.800,500,184.900,2021-02-10,10:53:59,00,";
var hq_str_sh603259="药明康德,181.500,182.030,184.870,187.870,178.890,184.820,184.880,7005161,1281759359.000,200,184.820,1600,184.800,300,184.750,100,184.720,2300,184.600,200,184.880,400,184.890,700,184.900,300,184.910,300,184.950,2021-02-10,10:54:59,00,";
var hq_str_sh603259="药明康德,181.500,182.030,184.600,187.870,178.890,184.620,184.800,7018761,1284272025.000,100,184.620,1500,184.600,200,184.500,500,184.350,3200,184.340,100,184.800,700,184.820,2700,184.830,500,184.850,600,184.900,2021-02-10,10:55:59,00,";
var hq_str_sh603259="药明康德,181.500,182.030,184.660,187.870,178.890,184.620,184.660,7059061,1291706565.000,300,184.620,100,184.610,5200,184.600,500,184.560,5000,184.400,800,184.660,700,184.820,100,184.880,500,184.900,300,184.910,2021-02-10,10:56:59,00,";
var hq_str_sh603259="药明康德,181.500,182.030,184.880,187.870,178.890,184.880,184.900,7073461,1294367539.000,100,184.880,1400,184.820,500,184.810,200,184.800,400,184.780,600,184.900,800,184.950,100,184.980,600,184.990,4900,185.000,2021-02-10,10:57:59,00,";
var hq_str_sh603259="药明康德,181.500,182.030,185.020,187.870,178.890,185.000,185.020,7102661,1299769282.000,100,185.000,1500,184.900,900,184.850,700,184.840,800,184.830,80,185.020,200,185.120,100,185.140,900,185.150,300,185.170,2021-02-10,10:58:59,00,";
var hq_str_sh603259="药明康德,181.500,182.030,185.080,187.870,178.890,185.020,185.110,7135261,1305801853.000,700,185.020,800,185.010,500,185.000,900,184.920,800,184.850,300,185.110,200,185.140,300,185.170,100,185.180,1500,185.200,2021-02-10,10:59:59,00,";
var hq_str_sh603259="药明康德,181.500,182.030,185.030,187.870,178.890,185.030,185.160,7154061,1309281156.000,1100,185.030,300,185.020,1500,185.000,900,184.920,100,184.880,5880,185.160,500,185.180,1700,185.200,400,185.220,500,185.240,2021-02-10,11:00:59,00,";
var hq_str_sh603259="药明康德,181.500,182.030,184.600,187.870,178.890,184.600,184.650,7196861,1317194023.000,1800,184.600,300,184.560,100,184.500,200,184.370,500,184.360,200,184.650,100,184.760,100,184.770,600,184.790,1100,184.800,2021-02-10,11:01:59,00,";
var hq_str_sh603259="药明康德,181.500,182.030,184.580,187.870,178.890,184.560,184.580,7212861,1320148852.000,400,184.560,300,184.380,200,184.370,500,184.360,1800,184.350,4100,184.580,900,184.770,200,184.780,1000,184.790,800,184.800,2021-02-10,11:02:59,00,";
var hq_str_sh603259="药明康德,181.500,182.030,185.010,187.870,178.890,184.990,185.010,7231341,1323563924.000,1240,184.990,300,184.910,1900,184.870,1200,184.860,3100,184.830,100,185.010,800,185.050,100,185.060,300,185.090,200,185.100,2021-02-10,11:03:59,00,";
var hq_str_sh603259="药明康德,181.500,182.030,185.060,187.870,178.890,185.060,185.100,7255141,1327967677.000,300,185.060,6000,185.030,2200,184.860,2100,184.800,400,184.730,2700,185.100,100,185.160,200,185.180,200,185.190,800,185.200,2021-02-10,11:04:59,00,";
var hq_str_sh603259="药明康德,181.500,182.030,184.720,187.870,178.890,184.720,185.110,7286741,1333815057.000,4200,184.720,200,184.710,12200,184.700,900,184.660,1400,184.600,100,185.110,900,185.120,1100,185.150,1900,185.160,4400,185.180,2021-02-10,11:05:59,00,";
var hq_str_sh603259="药明康德,181.500,182.030,184.800,187.870,178.890,184.870,185.160,7322617,1340453816.000,2000,184.870,100,184.860,2000,184.820,824,184.800,2200,184.770,1000,185.160,100,185.290,800,185.310,400,185.330,900,185.370,2021-02-10,11:06:59,00,";
var hq_str_sh603259="药明康德,181.500,182.030,184.870,187.870,178.890,184.860,184.880,7348017,1345152267.000,100,184.860,2000,184.820,924,184.800,200,184.790,2200,184.770,300,184.880,16900,185.000,6900,185.020,200,185.030,300,185.090,2021-02-10,11:07:59,00,";
var hq_str_sh603259="药明康德,181.500,182.030,185.000,187.870,178.890,185.000,185.020,7376317,1350387077.000,900,185.000,200,184.960,200,184.900,700,184.890,500,184.880,6100,185.020,300,185.050,300,185.090,1400,185.100,300,185.110,2021-02-10,11:08:59,00,";
var hq_str_sh603259="药明康德,181.500,182.030,185.090,187.870,178.890,185.040,185.090,7399917,1354754018.000,1900,185.040,3200,185.030,3800,185.020,2300,185.000,200,184.990,100,185.090,300,185.100,300,185.110,100,185.130,300,185.150,2021-02-10,11:09:59,00,";
var hq_str_sh603259="药明康德,181.500,182.030,185.580,187.870,178.890,185.570,185.580,7417817,1358072197.000,10600,185.570,700,185.530,500,185.520,4300,185.500,1400,185.490,1100,185.580,100,185.630,100,185.680,100,185.700,16400,185.800,2021-02-10,11:10:59,00,";
var hq_str_sh603259="药明康德,181.500,182.030,185.780,187.870,178.890,185.730,185.770,7445517,1363215761.000,100,185.730,800,185.710,300,185.690,700,185.670,100,185.660,1700,185.770,1100,185.780,100,185.790,15800,185.800,700,185.890,2021-02-10,11:11:59,00,";
var hq_str_sh603259="药明康德,181.500,182.030,185.890,187.870,178.890,185.800,185.890,7474917,1368677911.000,800,185.800,100,185.780,300,185.770,400,185.750,400,185.710,300,185.890,100,185.900,100,185.950,300,185.970,200,185.980,2021-02-10,11:12:59,00,";
var hq_str_sh603259="药明康德,181.500,182.030,185.910,187.870,178.890,185.900,185.910,7493617,1372154760.000,900,185.900,200,185.880,300,185.860,100,185.850,700,185.800,2900,185.910,100,185.940,600,185.980,10800,185.990,17200,186.000,2021-02-10,11:13:59,00,";
var hq_str_sh603259="药明康德,181.500,182.030,185.810,187.870,178.890,185.700,185.820,7513577,1375864318.000,3140,185.700,500,185.690,500,185.670,4500,185.600,1200,185.580,800,185.820,500,185.840,100,185.870,200,185.880,400,185.890,2021-02-10,11:14:59,00,";
var hq_str_sh603259="药明康德,181.500,182.030,185.700,187.870,178.890,185.700,185.710,7530017,1378917579.000,100,185.700,100,185.680,200,185.670,100,185.610,4500,185.600,300,185.710,100,185.720,3700,185.730,100,185.740,400,185.790,2021-02-10,11:15:59,00,";
var hq_str_sh603259="药明康德,181.500,182.030,186.050,187.870,178.890,186.050,186.090,7574377,1387165599.000,300,186.050,500,186.020,200,186.010,600,186.000,200,185.940,100,186.090,400,186.110,100,186.130,300,186.140,100,186.160,2021-02-10,11:16:59,00,";
var hq_str_sh603259="药明康德,181.500,182.030,186.290,187.870,178.890,186.250,186.300,7596177,1391223860.000,1200,186.250,200,186.230,300,186.210,100,186.190,1000,186.180,200,186.300,300,186.320,300,186.360,200,186.380,300,186.390,2021-02-10,11:17:59,00,";
var hq_str_sh603259="药明康德,181.500,182.030,186.200,187.870,178.890,186.140,186.160,7639077,1399206442.000,100,186.140,900,186.130,100,186.070,100,186.060,200,186.050,200,186.160,200,186.180,5500,186.200,500,186.220,3200,186.230,2021-02-10,11:18:59,00,";
var hq_str_sh603259="药明康德,181.500,182.030,186.000,187.870,178.890,186.000,186.020,7655777,1402313912.000,100,186.000,300,185.980,100,185.910,100,185.900,100,185.870,2800,186.020,600,186.030,1578,186.050,300,186.060,400,186.100,2021-02-10,11:19:59,00,";
var hq_str_sh603259="药明康德,181.500,182.030,185.730,187.870,178.890,185.730,185.890,7680577,1406922598.000,100,185.730,200,185.630,1100,185.600,1200,185.580,900,185.570,500,185.890,200,185.900,300,185.950,100,185.980,100,185.990,2021-02-10,11:20:59,00,";
var hq_str_sh603259="药明康德,181.500,182.030,185.660,187.870,178.890,185.660,185.990,7717177,1413727248.000,700,185.660,100,185.610,1600,185.600,1200,185.580,100,185.500,100,185.990,18600,186.000,600,186.010,400,186.020,1200,186.030,2021-02-10,11:21:59,00,";
var hq_str_sh603259="药明康德,181.500,182.030,185.670,187.870,178.890,185.680,185.710,7740177,1418000295.000,400,185.680,200,185.620,400,185.610,1600,185.600,1200,185.580,100,185.710,200,185.720,300,185.730,100,185.900,100,185.940,2021-02-10,11:22:59,00,";
var hq_str_sh603259="药明康德,181.500,182.030,185.980,187.870,178.890,185.900,185.990,7751377,1420081358.000,2300,185.900,200,185.850,100,185.760,900,185.750,200,185.740,7400,185.990,20100,186.000,200,186.010,1000,186.030,300,186.040,2021-02-10,11:23:59,00,";
var hq_str_sh603259="药明康德,181.500,182.030,185.710,187.870,178.890,185.710,185.750,7777977,1425026423.000,100,185.710,100,185.700,100,185.670,100,185.660,500,185.650,100,185.750,1200,185.760,500,185.820,400,185.830,100,185.890,2021-02-10,11:24:59,00,";
var hq_str_sh603259="药明康德,181.500,182.030,185.020,187.870,178.890,185.020,185.200,7798977,1428921835.000,500,185.020,800,185.010,9300,185.000,200,184.990,200,184.900,1100,185.200,500,185.240,200,185.270,100,185.300,500,185.340,2021-02-10,11:25:59,00,";
var hq_str_sh603259="药明康德,181.500,182.030,185.430,187.870,178.890,185.390,185.430,7850433,1438463174.000,300,185.390,200,185.200,200,185.130,600,185.110,1300,185.100,300,185.430,11300,185.500,200,185.680,1100,185.690,32400,185.700,2021-02-10,11:26:59,00,";
var hq_str_sh603259="药明康德,181.500,182.030,185.700,187.870,178.890,185.570,185.690,7884533,1444788206.000,3100,185.570,1700,185.510,2300,185.500,100,185.490,200,185.440,100,185.690,31900,185.700,100,185.710,200,185.750,80,185.760,2021-02-10,11:27:59,00,";
var hq_str_sh603259="药明康德,181.500,182.030,185.690,187.870,178.890,185.580,185.690,7908833,1449300466.000,700,185.580,100,185.530,900,185.510,2000,185.500,100,185.470,100,185.690,24300,185.700,300,185.710,600,185.750,480,185.760,2021-02-10,11:28:59,00,";
var hq_str_sh603259="药明康德,181.500,182.030,185.700,187.870,178.890,185.690,185.700,7936133,1454369669.000,1100,185.690,100,185.680,500,185.630,3000,185.610,1400,185.600,9200,185.700,300,185.710,200,185.720,300,185.750,80,185.760,2021-02-10,11:29:59,00,";
var hq_str_sh603259="药明康德,181.500,182.030,185.700,187.870,178.890,185.690,185.700,7936133,1454369669.000,1100,185.690,100,185.680,500,185.630,3000,185.610,1400,185.600,9200,185.700,300,185.710,200,185.720,300,185.750,80,185.760,2021-02-10,13:00:01,00,";
var hq_str_sh603259="药明康德,181.500,182.030,185.620,187.870,178.890,185.610,185.630,8009133,1467926160.000,8200,185.610,100,185.500,1000,185.410,300,185.400,300,185.390,600,185.630,900,185.640,3600,185.650,800,185.710,1000,185.800,2021-02-10,13:00:59,00,";
var hq_str_sh603259="药明康德,181.500,182.030,185.250,187.870,178.890,185.120,185.250,8038933,1473452123.000,200,185.120,700,185.100,44,185.070,100,185.060,300,185.050,100,185.250,300,185.260,100,185.280,500,185.300,100,185.340,2021-02-10,13:02:01,00,";
var hq_str_sh603259="药明康德,181.500,182.030,185.650,187.870,178.890,185.650,185.670,8078053,1480705189.000,800,185.650,100,185.630,400,185.420,900,185.410,12400,185.400,300,185.670,300,185.710,300,185.760,700,185.830,300,185.880,2021-02-10,13:02:59,00,";
var hq_str_sh603259="药明康德,181.500,182.030,185.990,187.870,178.890,185.900,185.990,8100313,1484841280.000,1100,185.900,9440,185.880,100,185.860,700,185.830,200,185.720,800,185.990,25000,186.000,200,186.010,100,186.020,1000,186.030,2021-02-10,13:03:59,00,";
var hq_str_sh603259="药明康德,181.500,182.030,185.880,187.870,178.890,185.880,185.900,8154313,1494883852.000,9240,185.880,800,185.830,200,185.800,100,185.760,100,185.750,220,185.900,5100,185.920,100,185.980,1200,186.000,100,186.010,2021-02-10,13:04:59,00,";
var hq_str_sh603259="药明康德,181.500,182.030,185.490,187.870,178.890,185.400,185.500,8191533,1501793594.000,3020,185.400,500,185.390,700,185.370,700,185.310,100,185.300,14000,185.500,300,185.510,100,185.560,100,185.570,500,185.580,2021-02-10,13:05:59,00,";
var hq_str_sh603259="药明康德,181.500,182.030,184.990,187.870,178.890,184.990,185.000,8234937,1509828772.000,100,184.990,300,184.900,500,184.890,200,184.860,100,184.850,3056,185.000,400,185.060,400,185.070,400,185.080,4900,185.100,2021-02-10,13:06:59,00,";
var hq_str_sh603259="药明康德,181.500,182.030,185.000,187.870,178.890,184.980,184.990,8254593,1513463815.000,1000,184.980,100,184.900,1700,184.870,200,184.830,1200,184.820,800,184.990,100,185.020,400,185.080,500,185.090,100,185.100,2021-02-10,13:07:59,00,";
var hq_str_sh603259="药明康德,181.500,182.030,184.820,187.870,178.890,184.810,184.820,8271693,1516624803.000,200,184.810,2200,184.800,100,184.790,300,184.780,200,184.750,1600,184.820,200,184.840,300,184.890,200,184.900,100,184.980,2021-02-10,13:08:59,00,";
var hq_str_sh603259="药明康德,181.500,182.030,184.730,187.870,178.890,184.700,184.730,8298893,1521650122.000,1700,184.700,200,184.680,1900,184.660,1100,184.600,600,184.580,72,184.730,100,184.770,500,184.800,2100,184.810,100,184.850,2021-02-10,13:09:59,00,";
var hq_str_sh603259="药明康德,181.500,182.030,184.000,187.870,178.890,183.990,184.000,8351393,1531321093.000,1800,183.990,400,183.960,100,183.930,900,183.920,800,183.900,110620,184.000,900,184.020,960,184.330,100,184.450,1000,184.480,2021-02-10,13:10:59,00,";
var hq_str_sh603259="药明康德,181.500,182.030,184.020,187.870,178.890,184.010,184.020,8493873,1557539370.000,3400,184.010,18980,184.000,1100,183.990,100,183.970,400,183.960,1300,184.020,400,184.150,600,184.370,200,184.380,200,184.390,2021-02-10,13:11:59,00,";
var hq_str_sh603259="药明康德,181.500,182.030,184.340,187.870,178.890,184.280,184.340,8518593,1562091036.000,100,184.280,400,184.220,300,184.160,3200,184.150,100,184.060,100,184.340,1300,184.350,1400,184.360,1100,184.370,100,184.390,2021-02-10,13:12:59,00,";
var hq_str_sh603259="药明康德,181.500,182.030,184.350,187.870,178.890,184.280,184.350,8540893,1566203049.000,200,184.280,100,184.270,600,184.220,200,184.200,300,184.160,800,184.350,800,184.410,300,184.420,400,184.440,200,184.480,2021-02-10,13:14:01,00,";
var hq_str_sh603259="药明康德,181.500,182.030,184.280,187.870,178.890,184.270,184.280,8551125,1568089062.000,100,184.270,200,184.250,200,184.220,300,184.200,300,184.160,2000,184.280,400,184.290,100,184.350,300,184.390,900,184.400,2021-02-10,13:14:59,00,";
var hq_str_sh603259="药明康德,181.500,182.030,184.220,187.870,178.890,184.200,184.220,8566025,1570834446.000,800,184.200,1100,184.160,3300,184.150,100,184.100,400,184.080,300,184.220,1000,184.260,500,184.270,2300,184.280,200,184.290,2021-02-10,13:15:59,00,";
var hq_str_sh603259="药明康德,181.500,182.030,184.170,187.870,178.890,184.160,184.190,8581625,1573707681.000,300,184.160,300,184.150,300,184.100,400,184.080,800,184.030,400,184.190,100,184.200,1400,184.210,500,184.250,200,184.260,2021-02-10,13:16:59,00,";
var hq_str_sh603259="药明康德,181.500,182.030,184.230,187.870,178.890,184.230,184.240,8594025,1575991725.000,2200,184.230,100,184.220,200,184.200,1200,184.190,700,184.180,100,184.240,100,184.250,2100,184.280,200,184.290,800,184.400,2021-02-10,13:17:59,00,";
var hq_str_sh603259="药明康德,181.500,182.030,184.420,187.870,178.890,184.420,184.480,8609925,1578922332.000,1000,184.420,1400,184.410,500,184.400,500,184.390,100,184.380,300,184.480,800,184.490,8800,184.500,120,184.580,100,184.600,2021-02-10,13:18:59,00,";
var hq_str_sh603259="药明康德,181.500,182.030,184.470,187.870,178.890,184.460,184.470,8640025,1584475276.000,900,184.460,800,184.450,100,184.440,2100,184.430,400,184.420,300,184.470,200,184.480,400,184.570,800,184.590,120,184.600,2021-02-10,13:19:59,00,";
var hq_str_sh603259="药明康德,181.500,182.030,184.590,187.870,178.890,184.510,184.580,8656509,1587516741.000,1000,184.510,700,184.500,900,184.490,600,184.480,3116,184.470,100,184.580,100,184.590,1320,184.600,100,184.610,300,184.730,2021-02-10,13:20:56,00,";
var hq_str_sh603259="药明康德,181.500,182.030,184.760,187.870,178.890,184.760,184.870,8672129,1590401694.000,2600,184.760,1500,184.730,200,184.720,100,184.660,100,184.600,2300,184.870,2500,184.880,1100,184.890,300,184.920,100,184.950,2021-02-10,13:21:59,00,";
var hq_str_sh603259="药明康德,181.500,182.030,184.820,187.870,178.890,184.800,184.820,8683629,1592527036.000,900,184.800,200,184.770,2300,184.760,1400,184.730,200,184.720,200,184.820,500,184.830,800,184.840,300,184.850,1000,184.860,2021-02-10,13:22:59,00,";
var hq_str_sh603259="药明康德,181.500,182.030,184.850,187.870,178.890,184.830,184.840,8699329,1595429150.000,1600,184.830,1200,184.820,2000,184.810,1100,184.800,2100,184.760,200,184.840,500,184.850,100,184.860,400,184.880,1100,184.890,2021-02-10,13:23:59,00,";
var hq_str_sh603259="药明康德,181.500,182.030,185.000,187.870,178.890,184.900,185.000,8720629,1599367751.000,300,184.900,200,184.890,300,184.860,200,184.850,800,184.840,2500,185.000,600,185.090,400,185.100,200,185.200,200,185.230,2021-02-10,13:24:59,00,";
var hq_str_sh603259="药明康德,181.500,182.030,184.910,187.870,178.890,184.900,184.910,8743129,1603529040.000,700,184.900,400,184.860,200,184.850,500,184.840,200,184.830,300,184.910,800,184.930,300,184.950,400,184.960,400,184.990,2021-02-10,13:25:56,00,";
var hq_str_sh603259="药明康德,181.500,182.030,184.990,187.870,178.890,184.940,185.000,8759829,1606616715.000,100,184.940,6400,184.870,600,184.860,700,184.850,1000,184.840,900,185.000,100,185.010,200,185.040,300,185.080,500,185.090,2021-02-10,13:26:59,00,";
var hq_str_sh603259="药明康德,181.500,182.030,185.300,187.870,178.890,185.090,185.150,8782729,1610856749.000,600,185.090,100,185.080,100,185.060,600,185.000,300,184.950,100,185.150,100,185.290,4500,185.300,400,185.310,400,185.380,2021-02-10,13:28:00,00,";
var hq_str_sh603259="药明康德,181.500,182.030,185.000,187.870,178.890,184.950,185.090,8803329,1614671337.000,300,184.950,700,184.930,500,184.920,200,184.900,6400,184.870,100,185.090,600,185.190,1100,185.200,200,185.280,300,185.290,2021-02-10,13:28:59,00,";
var hq_str_sh603259="药明康德,181.500,182.030,184.870,187.870,178.890,184.850,184.870,8836129,1620736692.000,1000,184.850,100,184.840,200,184.830,1000,184.820,300,184.810,200,184.870,1100,184.960,500,184.970,500,184.980,600,184.990,2021-02-10,13:29:59,00,";
var hq_str_sh603259="药明康德,181.500,182.030,185.100,187.870,178.890,185.000,185.160,8902229,1632965113.000,5400,185.000,100,184.990,3400,184.980,1400,184.950,5000,184.920,300,185.160,500,185.170,1200,185.180,1000,185.200,300,185.280,2021-02-10,13:30:56,00,";
var hq_str_sh603259="药明康德,181.500,182.030,185.120,187.870,178.890,185.120,185.160,8939129,1639793342.000,100,185.120,200,185.060,500,185.050,13400,185.000,3400,184.980,100,185.160,100,185.170,1200,185.180,1200,185.200,200,185.280,2021-02-10,13:31:59,00,";
var hq_str_sh603259="药明康德,181.500,182.030,185.000,187.870,178.890,185.000,185.010,8965029,1644586030.000,600,185.000,3300,184.980,200,184.950,5000,184.920,100,184.900,1200,185.010,200,185.170,200,185.180,400,185.190,900,185.200,2021-02-10,13:32:59,00,";
var hq_str_sh603259="药明康德,181.500,182.030,184.950,187.870,178.890,184.950,184.960,8980929,1647526961.000,11800,184.950,900,184.940,200,184.930,3700,184.920,1600,184.900,600,184.960,700,184.980,400,184.990,2100,185.000,300,185.010,2021-02-10,13:34:00,00,";
var hq_str_sh603259="药明康德,181.500,182.030,184.960,187.870,178.890,184.960,184.990,8996729,1650449305.000,600,184.960,8000,184.950,1000,184.940,100,184.930,3700,184.920,700,184.990,2200,185.000,300,185.010,600,185.050,300,185.090,2021-02-10,13:34:59,00,";
var hq_str_sh603259="药明康德,181.500,182.030,185.120,187.870,178.890,185.150,185.160,9016429,1654094174.000,100,185.150,1300,185.120,200,185.050,300,185.040,1100,185.010,800,185.160,100,185.170,200,185.180,400,185.190,900,185.200,2021-02-10,13:36:00,00,";
var hq_str_sh603259="药明康德,181.500,182.030,185.550,187.870,178.890,185.500,185.550,9086329,1667054303.000,4900,185.500,600,185.470,1100,185.460,200,185.430,8200,185.400,500,185.550,200,185.600,300,185.650,300,185.690,100,185.700,2021-02-10,13:37:00,00,";
var hq_str_sh603259="药明康德,181.500,182.030,185.250,187.870,178.890,185.170,185.250,9126329,1674471528.000,200,185.170,200,185.150,100,185.010,14900,185.000,1500,184.990,300,185.250,300,185.270,400,185.280,100,185.320,500,185.400,2021-02-10,13:38:00,00,";
var hq_str_sh603259="药明康德,181.500,182.030,185.250,187.870,178.890,185.240,185.250,9140109,1677023047.000,1700,185.240,8420,185.200,200,185.160,2800,185.150,600,185.060,600,185.250,300,185.260,300,185.270,300,185.280,800,185.290,2021-02-10,13:39:00,00,";
var hq_str_sh603259="药明康德,181.500,182.030,185.300,187.870,178.890,185.300,185.310,9159609,1680635338.000,100,185.300,200,185.280,2300,185.270,4900,185.250,100,185.240,300,185.310,300,185.320,300,185.370,600,185.400,300,185.410,2021-02-10,13:39:59,00,";
var hq_str_sh603259="药明康德,181.500,182.030,185.500,187.870,178.890,185.560,185.650,9187109,1685736444.000,100,185.560,1000,185.510,3900,185.500,300,185.410,400,185.400,200,185.650,100,185.660,300,185.690,100,185.700,100,185.750,2021-02-10,13:40:59,00,";
var hq_str_sh603259="药明康德,181.500,182.030,185.890,187.870,178.890,185.880,185.890,9226509,1693057126.000,1600,185.880,100,185.780,700,185.770,100,185.700,200,185.690,9500,185.890,2800,185.900,300,185.950,1700,185.980,5100,185.990,2021-02-10,13:42:00,00,";
var hq_str_sh603259="药明康德,181.500,182.030,185.860,187.870,178.890,185.800,185.860,9270409,1701211069.000,4600,185.800,400,185.620,10100,185.610,400,185.420,400,185.410,600,185.860,500,185.880,100,185.900,500,185.950,1400,185.980,2021-02-10,13:43:00,00,";
var hq_str_sh603259="药明康德,181.500,182.030,185.800,187.870,178.890,185.800,185.820,9288009,1704480014.000,100,185.800,300,185.770,200,185.760,1400,185.630,800,185.620,1800,185.820,300,185.860,700,185.880,8900,185.950,100,185.970,2021-02-10,13:43:57,00,";
var hq_str_sh603259="药明康德,181.500,182.030,185.610,187.870,178.890,185.610,185.620,9323409,1711053810.000,3300,185.610,800,185.600,300,185.550,3000,185.500,900,185.420,100,185.620,200,185.640,8983,185.650,200,185.680,200,185.700,2021-02-10,13:45:00,00,";
var hq_str_sh603259="药明康德,181.500,182.030,185.410,187.870,178.890,185.410,185.670,9377209,1721038586.000,1300,185.410,200,185.370,200,185.310,4900,185.300,2000,185.290,1900,185.670,500,185.680,2900,185.700,500,185.760,400,185.770,2021-02-10,13:46:00,00,";
var hq_str_sh603259="药明康德,181.500,182.030,185.650,187.870,178.890,185.400,185.650,9392609,1723896076.000,4600,185.400,400,185.320,1300,185.310,5300,185.300,2300,185.290,400,185.650,100,185.660,800,185.670,500,185.680,300,185.690,2021-02-10,13:47:00,00,";
var hq_str_sh603259="药明康德,181.500,182.030,185.500,187.870,178.890,185.410,185.640,9414109,1727885556.000,300,185.410,4500,185.400,200,185.330,900,185.320,1400,185.310,100,185.640,600,185.660,400,185.670,500,185.680,400,185.690,2021-02-10,13:48:00,00,";
var hq_str_sh603259="药明康德,181.500,182.030,184.990,187.870,178.890,184.990,185.000,9483709,1740780559.000,1200,184.990,700,184.960,1300,184.950,800,184.940,800,184.930,13200,185.000,100,185.300,100,185.330,400,185.350,100,185.400,2021-02-10,13:49:00,00,";
var hq_str_sh603259="药明康德,181.500,182.030,185.000,187.870,178.890,185.000,185.030,9523709,1748180228.000,1100,185.000,1600,184.990,600,184.970,2500,184.960,1300,184.950,200,185.030,200,185.040,100,185.280,300,185.320,400,185.350,2021-02-10,13:50:00,00,";
var hq_str_sh603259="药明康德,181.500,182.030,185.470,187.870,178.890,185.330,185.480,9541709,1751515000.000,1600,185.330,100,185.320,1200,185.310,200,185.300,4700,185.280,200,185.480,500,185.490,10305,185.500,400,185.510,100,185.520,2021-02-10,13:51:00,00,";
var hq_str_sh603259="药明康德,181.500,182.030,185.070,187.870,178.890,185.070,185.260,9574509,1757592178.000,4800,185.070,3400,185.060,1800,185.040,100,185.030,1600,185.020,200,185.260,100,185.290,100,185.320,2200,185.350,100,185.390,2021-02-10,13:51:57,00,";
var hq_str_sh603259="药明康德,181.500,182.030,185.300,187.870,178.890,185.300,185.350,9591909,1760816234.000,2900,185.300,1800,185.290,400,185.270,200,185.200,2900,185.150,400,185.350,300,185.390,200,185.400,400,185.480,600,185.490,2021-02-10,13:53:00,00,";
var hq_str_sh603259="药明康德,181.500,182.030,185.490,187.870,178.890,185.410,185.470,9621909,1766379337.000,200,185.410,100,185.390,1500,185.380,1600,185.340,100,185.330,100,185.470,100,185.480,200,185.490,10821,185.500,400,185.510,2021-02-10,13:53:57,00,";
var hq_str_sh603259="药明康德,181.500,182.030,185.660,187.870,178.890,185.630,185.670,9659930,1773433047.000,100,185.630,800,185.610,900,185.600,200,185.560,3900,185.510,400,185.670,100,185.680,300,185.690,300,185.700,300,185.710,2021-02-10,13:55:00,00,";
var hq_str_sh603259="药明康德,181.500,182.030,185.700,187.870,178.890,185.640,185.660,9688430,1778724527.000,100,185.640,100,185.560,500,185.530,100,185.510,3300,185.500,100,185.660,2100,185.700,300,185.710,300,185.740,100,185.770,2021-02-10,13:56:00,00,";
var hq_str_sh603259="药明康德,181.500,182.030,185.820,187.870,178.890,185.800,185.820,9725610,1785629988.000,3620,185.800,1200,185.710,100,185.700,1000,185.680,5600,185.670,200,185.820,1800,185.850,100,185.860,200,185.870,1200,185.880,2021-02-10,13:56:57,00,";
var hq_str_sh603259="药明康德,181.500,182.030,185.550,187.870,178.890,185.530,185.670,9760330,1792077866.000,500,185.530,200,185.510,7400,185.500,1100,185.490,179,185.480,1200,185.670,1500,185.690,100,185.700,600,185.740,700,185.750,2021-02-10,13:58:00,00,";
var hq_str_sh603259="药明康德,181.500,182.030,185.400,187.870,178.890,185.400,185.460,9790409,1797657603.000,100,185.400,1200,185.380,100,185.330,4200,185.300,200,185.280,2100,185.460,300,185.500,900,185.510,200,185.520,100,185.590,2021-02-10,13:59:00,00,";
var hq_str_sh603259="药明康德,181.500,182.030,185.220,187.870,178.890,185.210,185.250,9818609,1802884457.000,100,185.210,500,185.200,100,185.180,100,185.150,200,185.090,1800,185.250,100,185.290,16300,185.300,500,185.320,200,185.330,2021-02-10,14:00:00,00,";
var hq_str_sh603259="药明康德,181.500,182.030,184.870,187.870,178.890,184.800,184.810,9867309,1811892904.000,200,184.800,200,184.760,600,184.730,200,184.710,200,184.700,300,184.810,3200,184.820,100,184.870,6900,184.900,500,184.920,2021-02-10,14:01:00,00,";
var hq_str_sh603259="药明康德,181.500,182.030,184.520,187.870,178.890,184.500,184.520,9918109,1821268149.000,2180,184.500,600,184.490,100,184.480,1516,184.470,900,184.460,200,184.520,200,184.530,2100,184.550,300,184.600,100,184.650,2021-02-10,14:01:57,00,";
var hq_str_sh603259="药明康德,181.500,182.030,184.520,187.870,178.890,184.510,184.520,9981605,1832984263.000,500,184.510,1400,184.500,400,184.490,100,184.470,300,184.450,2100,184.520,300,184.650,300,184.770,200,184.780,600,184.800,2021-02-10,14:03:00,00,";
var hq_str_sh603259="药明康德,181.500,182.030,184.410,187.870,178.890,184.350,184.390,10012805,1838739100.000,300,184.350,4600,184.300,500,184.280,100,184.270,200,184.260,5600,184.390,100,184.410,800,184.470,1900,184.480,100,184.490,2021-02-10,14:04:00,00,";
var hq_str_sh603259="药明康德,181.500,182.030,184.470,187.870,178.890,184.460,184.470,10056305,1846761335.000,2300,184.460,300,184.400,100,184.390,500,184.380,600,184.360,1500,184.470,1700,184.480,700,184.490,11500,184.500,1000,184.600,2021-02-10,14:05:00,00,";
var hq_str_sh603259="药明康德,181.500,182.030,184.460,187.870,178.890,184.450,184.460,10104405,1855635353.000,300,184.450,100,184.430,1300,184.400,200,184.390,500,184.380,4,184.460,200,184.500,300,184.770,200,184.780,600,184.800,2021-02-10,14:06:00,00,";
var hq_str_sh603259="药明康德,181.500,182.030,184.470,187.870,178.890,184.460,184.470,10137609,1861764332.000,1096,184.460,400,184.450,300,184.430,100,184.410,1200,184.400,20143,184.470,900,184.670,3400,184.700,1600,184.750,200,184.780,2021-02-10,14:07:00,00,";
var hq_str_sh603259="药明康德,181.500,182.030,184.310,187.870,178.890,184.300,184.310,10183105,1870154824.000,13300,184.300,200,184.280,300,184.260,3600,184.250,100,184.210,2300,184.310,600,184.320,1500,184.350,600,184.360,600,184.390,2021-02-10,14:08:00,00,";
var hq_str_sh603259="药明康德,181.500,182.030,184.260,187.870,178.890,184.250,184.260,10217105,1876420765.000,1300,184.250,1300,184.210,900,184.200,600,184.180,200,184.170,1400,184.260,1800,184.270,100,184.310,600,184.320,400,184.350,2021-02-10,14:08:57,00,";
var hq_str_sh603259="药明康德,181.500,182.030,184.360,187.870,178.890,184.470,184.600,10250952,1882659002.000,100,184.470,1000,184.380,300,184.360,453,184.350,300,184.330,200,184.600,3400,184.700,200,184.780,700,184.800,100,184.810,2021-02-10,14:10:00,00,";
var hq_str_sh603259="药明康德,181.500,182.030,185.000,187.870,178.890,184.950,185.000,10315952,1894672633.000,100,184.950,4900,184.940,800,184.800,1300,184.790,600,184.780,1900,185.000,1700,185.170,200,185.180,800,185.200,200,185.210,2021-02-10,14:11:00,00,";
var hq_str_sh603259="药明康德,181.500,182.030,185.050,187.870,178.890,185.060,185.100,10362090,1903207709.000,1100,185.060,2362,184.990,300,184.980,500,184.960,1200,184.950,100,185.100,100,185.160,200,185.180,300,185.200,200,185.210,2021-02-10,14:12:00,00,";
var hq_str_sh603259="药明康德,181.500,182.030,184.750,187.870,178.890,184.700,184.750,10435782,1916839803.000,200,184.700,100,184.690,300,184.620,100,184.610,5300,184.600,700,184.750,1700,184.790,100,184.860,200,184.900,1500,184.940,2021-02-10,14:13:00,00,";
var hq_str_sh603259="药明康德,181.500,182.030,184.450,187.870,178.890,184.450,184.500,10467482,1922688981.000,400,184.450,200,184.410,500,184.400,200,184.390,600,184.380,700,184.500,300,184.600,200,184.690,300,184.750,500,184.780,2021-02-10,14:13:57,00,";
var hq_str_sh603259="药明康德,181.500,182.030,184.300,187.870,178.890,184.280,184.300,10537782,1935648729.000,100,184.280,100,184.260,100,184.250,1300,184.210,8100,184.200,4900,184.300,1600,184.410,400,184.590,200,184.600,100,184.620,2021-02-10,14:15:00,00,";
var hq_str_sh603259="药明康德,181.500,182.030,184.320,187.870,178.890,184.300,184.320,10636882,1953919013.000,4800,184.300,300,184.280,100,184.270,4000,184.260,400,184.240,200,184.320,1000,184.470,1000,184.500,100,184.510,300,184.590,2021-02-10,14:16:00,00,";
var hq_str_sh603259="药明康德,181.500,182.030,184.330,187.870,178.890,184.300,184.330,10687682,1963282328.000,8700,184.300,1000,184.260,300,184.250,1200,184.240,300,184.230,200,184.330,100,184.430,200,184.480,200,184.490,1800,184.500,2021-02-10,14:17:00,00,";
var hq_str_sh603259="药明康德,181.500,182.030,184.600,187.870,178.890,184.600,184.690,10725582,1970273620.000,200,184.600,300,184.530,200,184.520,200,184.510,200,184.500,200,184.690,400,184.750,600,184.780,1600,184.840,100,184.860,2021-02-10,14:18:00,00,";
var hq_str_sh603259="药明康德,181.500,182.030,184.520,187.870,178.890,184.520,184.530,10749442,1974674984.000,2740,184.520,900,184.480,200,184.460,600,184.450,100,184.440,100,184.530,100,184.580,1300,184.590,200,184.600,200,184.690,2021-02-10,14:19:00,00,";
var hq_str_sh603259="药明康德,181.500,182.030,184.460,187.870,178.890,184.450,184.460,10778982,1980124887.000,500,184.450,100,184.440,300,184.370,2200,184.360,8400,184.350,200,184.460,100,184.500,800,184.590,300,184.680,300,184.690,2021-02-10,14:20:00,00,";
var hq_str_sh603259="药明康德,181.500,182.030,184.500,187.870,178.890,184.480,184.500,10820982,1987878206.000,200,184.480,600,184.470,1100,184.460,1300,184.450,100,184.430,3200,184.500,14300,184.550,600,184.580,16100,184.590,100,184.670,2021-02-10,14:21:00,00,";
var hq_str_sh603259="药明康德,181.500,182.030,184.670,187.870,178.890,184.600,184.670,10885682,1999817919.000,5000,184.600,300,184.570,500,184.480,100,184.470,5900,184.460,300,184.670,800,184.680,500,184.690,100,184.720,300,184.750,2021-02-10,14:22:00,00,";
var hq_str_sh603259="药明康德,181.500,182.030,184.660,187.870,178.890,184.660,184.690,10939682,2009792309.000,500,184.660,100,184.570,800,184.500,500,184.470,5400,184.460,300,184.690,500,184.700,1600,184.780,700,184.810,2000,184.830,2021-02-10,14:23:00,00,";
var hq_str_sh603259="药明康德,181.500,182.030,184.880,187.870,178.890,184.880,184.900,10992122,2019478325.000,4800,184.880,500,184.820,360,184.570,500,184.560,700,184.550,100,184.900,1500,184.940,500,184.950,1800,184.990,58700,185.000,2021-02-10,14:24:00,00,";
var hq_str_sh603259="药明康德,181.500,182.030,184.510,187.870,178.890,184.500,184.550,11033322,2027089952.000,100,184.500,400,184.470,900,184.450,100,184.430,400,184.410,400,184.550,500,184.800,100,184.840,400,184.890,1800,184.900,2021-02-10,14:24:57,00,";
var hq_str_sh603259="药明康德,181.500,182.030,184.870,187.870,178.890,184.870,184.880,11069322,2033734891.000,4900,184.870,300,184.480,400,184.470,2200,184.460,600,184.450,200,184.880,600,184.890,1800,184.900,500,184.950,5200,184.990,2021-02-10,14:26:00,00,";
var hq_str_sh603259="药明康德,181.500,182.030,184.500,187.870,178.890,184.470,184.500,11124122,2043851543.000,100,184.470,2000,184.460,800,184.450,200,184.420,300,184.410,200,184.500,500,184.800,900,184.850,1600,184.880,600,184.890,2021-02-10,14:27:00,00,";
var hq_str_sh603259="药明康德,181.500,182.030,185.000,187.870,178.890,184.470,184.840,11221322,2061814230.000,2100,184.470,500,184.460,300,184.440,1000,184.430,400,184.420,500,184.840,9700,185.000,100,185.020,500,185.080,100,185.090,2021-02-10,14:28:00,00,";
var hq_str_sh603259="药明康德,181.500,182.030,184.940,187.870,178.890,184.850,184.940,11277722,2072242758.000,3000,184.850,300,184.800,100,184.590,7700,184.580,300,184.570,3700,184.940,1600,184.950,2500,184.970,4000,185.000,200,185.080,2021-02-10,14:28:57,00,";
var hq_str_sh603259="药明康德,181.500,182.030,184.720,187.870,178.890,184.740,184.980,11312622,2078694291.000,300,184.740,100,184.730,200,184.700,200,184.610,800,184.600,300,184.980,300,184.990,6500,185.000,200,185.080,100,185.100,2021-02-10,14:29:57,00,";
var hq_str_sh603259="药明康德,181.500,182.030,185.300,187.870,178.890,185.300,185.490,11370122,2089338921.000,22800,185.300,100,185.200,200,185.050,100,185.030,400,185.020,500,185.490,1140,185.500,900,185.510,300,185.550,100,185.560,2021-02-10,14:31:00,00,";
var hq_str_sh603259="药明康德,181.500,182.030,185.600,187.870,178.890,185.590,185.700,11411462,2097010735.000,300,185.590,2900,185.580,400,185.550,500,185.510,1100,185.500,900,185.700,800,185.740,100,185.750,100,185.760,100,185.770,2021-02-10,14:32:00,00,";
var hq_str_sh603259="药明康德,181.500,182.030,185.450,187.870,178.890,185.450,185.500,11463062,2106589097.000,100,185.450,300,185.350,100,185.340,100,185.310,20900,185.300,800,185.500,300,185.510,100,185.560,1600,185.570,300,185.580,2021-02-10,14:33:00,00,";
var hq_str_sh603259="药明康德,181.500,182.030,185.300,187.870,178.890,185.300,185.470,11489262,2111446575.000,15500,185.300,2300,185.220,1500,185.200,600,185.110,200,185.050,200,185.470,100,185.490,200,185.500,3400,185.550,200,185.560,2021-02-10,14:33:57,00,";
var hq_str_sh603259="药明康德,181.500,182.030,185.380,187.870,178.890,185.330,185.490,11527455,2118529106.000,600,185.330,3900,185.310,12307,185.300,1600,185.200,500,185.150,2200,185.490,400,185.500,100,185.530,500,185.550,700,185.560,2021-02-10,14:35:00,00,";
var hq_str_sh603259="药明康德,181.500,182.030,185.680,187.870,178.890,185.560,185.680,11573555,2127083048.000,100,185.560,100,185.550,800,185.490,200,185.460,100,185.450,600,185.680,300,185.700,100,185.760,100,185.770,100,185.780,2021-02-10,14:35:57,00,";
var hq_str_sh603259="药明康德,181.500,182.030,185.810,187.870,178.890,185.810,185.870,11621875,2136056985.000,780,185.810,200,185.800,300,185.780,200,185.770,400,185.750,200,185.870,1600,185.880,300,185.900,8800,185.950,100,185.960,2021-02-10,14:37:00,00,";
var hq_str_sh603259="药明康德,181.500,182.030,185.870,187.870,178.890,185.820,185.850,11658335,2142833463.000,1300,185.820,800,185.810,1700,185.800,400,185.780,300,185.770,200,185.850,100,185.870,600,185.900,200,185.910,1200,185.930,2021-02-10,14:38:00,00,";
var hq_str_sh603259="药明康德,181.500,182.030,185.850,187.870,178.890,185.850,185.890,11719435,2154190154.000,600,185.850,200,185.840,12900,185.830,300,185.820,600,185.810,300,185.890,2900,185.950,1200,185.960,200,185.970,1200,185.980,2021-02-10,14:39:00,00,";
var hq_str_sh603259="药明康德,181.500,182.030,185.940,187.870,178.890,185.910,185.920,11795435,2168323339.000,1900,185.910,9200,185.900,700,185.890,200,185.860,2000,185.850,1200,185.920,100,185.930,100,185.940,1400,185.990,9513,186.000,2021-02-10,14:40:00,00,";
var hq_str_sh603259="药明康德,181.500,182.030,185.940,187.870,178.890,185.930,185.940,11834635,2175613429.000,700,185.930,1800,185.910,9300,185.900,500,185.890,100,185.880,3300,185.940,700,185.970,100,185.980,1100,185.990,1113,186.000,2021-02-10,14:41:00,00,";
var hq_str_sh603259="药明康德,181.500,182.030,185.950,187.870,178.890,185.940,185.950,11892335,2186345044.000,300,185.940,3500,185.930,100,185.920,900,185.910,7700,185.900,1000,185.950,700,185.980,1344,185.990,1800,186.000,300,186.010,2021-02-10,14:42:00,00,";
var hq_str_sh603259="药明康德,181.500,182.030,185.860,187.870,178.890,185.860,185.880,11947235,2196552048.000,700,185.860,600,185.850,1300,185.840,13000,185.830,100,185.820,200,185.880,700,185.890,1900,185.900,2500,185.950,300,185.960,2021-02-10,14:43:00,00,";
var hq_str_sh603259="药明康德,181.500,182.030,185.870,187.870,178.890,185.870,185.880,11986835,2203912439.000,200,185.870,400,185.810,8400,185.800,1000,185.780,600,185.770,2000,185.880,1000,185.900,200,185.910,400,185.920,700,185.950,2021-02-10,14:44:00,00,";
var hq_str_sh603259="药明康德,181.500,182.030,185.810,187.870,178.890,185.810,185.830,12041035,2213987594.000,12800,185.810,6300,185.800,700,185.780,600,185.770,100,185.760,4100,185.830,1100,185.840,600,185.850,300,185.860,200,185.870,2021-02-10,14:45:00,00,";
var hq_str_sh603259="药明康德,181.500,182.030,185.760,187.870,178.890,185.760,185.770,12093979,2223823487.000,500,185.760,100,185.740,4856,185.700,100,185.640,100,185.630,32900,185.770,500,185.780,1000,185.800,500,185.810,200,185.830,2021-02-10,14:45:57,00,";
var hq_str_sh603259="药明康德,181.500,182.030,185.700,187.870,178.890,185.700,185.720,12132767,2231025519.000,400,185.700,200,185.690,5500,185.680,500,185.670,3572,185.660,300,185.720,200,185.740,1700,185.760,200,185.770,500,185.780,2021-02-10,14:46:57,00,";
var hq_str_sh603259="药明康德,181.500,182.030,185.640,187.870,178.890,185.610,185.650,12174839,2238839137.000,100,185.610,4896,185.600,2800,185.500,100,185.450,1000,185.420,100,185.650,328,185.660,100,185.680,400,185.690,3000,185.700,2021-02-10,14:47:57,00,";
var hq_str_sh603259="药明康德,181.500,182.030,185.460,187.870,178.890,185.460,185.490,12214035,2246111692.000,3900,185.460,800,185.400,100,185.390,1000,185.380,500,185.350,300,185.490,1400,185.500,1300,185.510,500,185.620,900,185.630,2021-02-10,14:49:00,00,";
var hq_str_sh603259="药明康德,181.500,182.030,185.300,187.870,178.890,185.300,185.480,12285242,2259306818.000,1800,185.300,400,185.230,300,185.220,300,185.210,200,185.200,800,185.480,1093,185.490,2400,185.500,900,185.560,800,185.600,2021-02-10,14:50:00,00,";
var hq_str_sh603259="药明康德,181.500,182.030,185.010,187.870,178.890,185.010,185.070,12327142,2267063326.000,200,185.010,8100,185.000,600,184.990,400,184.940,100,184.930,300,185.070,200,185.160,400,185.170,100,185.180,100,185.190,2021-02-10,14:50:57,00,";
var hq_str_sh603259="药明康德,181.500,182.030,185.110,187.870,178.890,185.110,185.150,12373142,2275575966.000,600,185.110,6800,185.100,300,185.080,100,185.020,1500,185.010,600,185.150,1100,185.160,200,185.170,100,185.180,100,185.190,2021-02-10,14:52:00,00,";
var hq_str_sh603259="药明康德,181.500,182.030,184.500,187.870,178.890,184.500,184.600,12472742,2294003479.000,4100,184.500,600,184.490,800,184.480,100,184.470,300,184.460,100,184.600,500,184.610,1300,184.740,100,184.750,100,184.800,2021-02-10,14:53:00,00,";
var hq_str_sh603259="药明康德,181.500,182.030,184.760,187.870,178.890,184.760,184.850,12513642,2301555773.000,200,184.760,2400,184.740,12500,184.730,500,184.700,100,184.680,400,184.850,900,184.900,1800,184.990,3500,185.000,200,185.100,2021-02-10,14:54:00,00,";
var hq_str_sh603259="药明康德,181.500,182.030,184.900,187.870,178.890,184.900,184.930,12575435,2312980665.000,100,184.900,200,184.890,400,184.880,100,184.870,2200,184.850,300,184.930,920,184.980,700,185.000,600,185.010,100,185.050,2021-02-10,14:54:57,00,";
var hq_str_sh603259="药明康德,181.500,182.030,185.000,187.870,178.890,184.990,185.000,12630465,2323160661.000,3700,184.990,200,184.970,949,184.960,200,184.950,700,184.940,200,185.000,1400,185.080,400,185.100,900,185.200,200,185.210,2021-02-10,14:56:00,00,";
var hq_str_sh603259="药明康德,181.500,182.030,185.000,187.870,178.890,184.930,185.000,12690616,2334289562.000,280,184.930,500,184.920,1800,184.900,800,184.890,700,184.880,4471,185.000,1500,185.010,100,185.030,300,185.070,400,185.080,2021-02-10,14:56:57,00,";
var hq_str_sh603259="药明康德,181.500,182.030,185.000,187.870,178.890,185.190,185.190,12693816,2334881550.000,72271,185.190,329,0.000,0,0.000,0,0.000,0,0.000,72271,185.190,0,0.000,0,0.000,0,0.000,0,0.000,2021-02-10,14:58:00,00,";
var hq_str_sh603259="药明康德,181.500,182.030,185.000,187.870,178.890,185.000,185.000,12693816,2334881550.000,118700,185.000,0,0.000,0,0.000,0,0.000,0,0.000,118700,185.000,784,0.000,0,0.000,0,0.000,0,0.000,2021-02-10,14:59:00,00,";
