var hq_str_sh603259="药明康德,149.780,148.320,149.650,149.980,149.650,149.500,149.780,241600,36190092.000,200,149.500,200,149.370,26200,149.200,300,149.180,2000,149.120,2900,149.780,8640,149.980,200,149.990,8500,150.000,600,150.070,2021-02-25,09:30:00,00,";
var hq_str_sh603259="药明康德,149.780,148.320,150.280,150.730,149.600,150.180,150.380,583708,87565249.000,100,150.180,200,150.060,700,150.010,22440,150.000,6700,149.980,300,150.380,13500,150.400,900,150.460,10300,150.500,5000,150.550,2021-02-25,09:30:51,00,";
var hq_str_sh603259="药明康德,149.780,148.320,150.100,150.730,149.600,150.030,150.100,861455,129260823.000,200,150.030,200,150.020,1400,150.010,6100,150.000,100,149.990,200,150.100,100,150.150,300,150.180,200,150.200,600,150.300,2021-02-25,09:31:56,00,";
var hq_str_sh603259="药明康德,149.780,148.320,150.170,150.730,149.600,150.180,150.210,1066720,160087282.000,200,150.180,1700,150.170,4140,150.160,400,150.100,300,150.070,80,150.210,400,150.300,800,150.340,100,150.360,700,150.370,2021-02-25,09:32:57,00,";
var hq_str_sh603259="药明康德,149.780,148.320,149.380,150.730,149.330,149.370,149.570,1304092,195699861.000,1000,149.370,300,149.330,100,149.250,11000,149.230,200,149.220,300,149.570,100,149.590,2100,149.600,100,149.610,400,149.700,2021-02-25,09:34:00,00,";
var hq_str_sh603259="药明康德,149.780,148.320,149.300,150.730,149.230,149.250,149.300,1463692,219584779.000,200,149.250,300,149.240,8800,149.230,600,149.220,100,149.160,1000,149.300,100,149.310,100,149.430,400,149.490,700,149.500,2021-02-25,09:35:00,00,";
var hq_str_sh603259="药明康德,149.780,148.320,149.010,150.730,149.000,149.010,149.130,1566892,234994216.000,2800,149.010,21700,149.000,500,148.990,1100,148.900,500,148.880,1700,149.130,400,149.220,700,149.300,500,149.310,5000,149.330,2021-02-25,09:36:03,00,";
var hq_str_sh603259="药明康德,149.780,148.320,149.650,150.730,149.000,149.410,149.650,1736804,260380773.000,400,149.410,100,149.400,100,149.340,800,149.330,100,149.100,3100,149.650,300,149.770,300,149.780,1600,149.790,100,149.820,2021-02-25,09:36:57,00,";
var hq_str_sh603259="药明康德,149.780,148.320,149.400,150.730,149.000,149.400,149.480,1812804,271736269.000,1300,149.400,100,149.360,3200,149.320,500,149.310,5100,149.300,100,149.480,3200,149.500,100,149.580,2200,149.600,700,149.660,2021-02-25,09:38:00,00,";
var hq_str_sh603259="药明康德,149.780,148.320,149.290,150.730,149.000,149.200,149.250,1879804,281755383.000,1200,149.200,100,149.190,3600,149.170,200,149.140,400,149.120,1100,149.250,600,149.300,200,149.360,200,149.370,7900,149.400,2021-02-25,09:38:57,00,";
var hq_str_sh603259="药明康德,149.780,148.320,148.790,150.730,148.780,148.800,148.820,1991404,298390786.000,100,148.800,500,148.790,400,148.780,200,148.690,300,148.660,500,148.820,100,148.830,200,148.860,100,148.930,1400,148.940,2021-02-25,09:40:00,00,";
var hq_str_sh603259="药明康德,149.780,148.320,148.550,150.730,148.460,148.550,148.800,2080004,311558848.000,2300,148.550,1000,148.540,1100,148.520,1400,148.510,7700,148.500,1000,148.800,700,148.810,100,148.820,4600,148.900,1100,148.930,2021-02-25,09:40:57,00,";
var hq_str_sh603259="药明康德,149.780,148.320,148.330,150.730,148.200,148.280,148.470,2239172,335177493.000,2000,148.280,3032,148.210,600,148.200,200,148.190,500,148.150,420,148.470,300,148.500,700,148.520,100,148.560,2400,148.580,2021-02-25,09:42:00,00,";
var hq_str_sh603259="药明康德,149.780,148.320,148.770,150.730,148.200,148.770,148.800,2365792,353998202.000,900,148.770,5300,148.740,2700,148.660,1100,148.600,200,148.590,300,148.800,1300,148.890,100,148.900,1200,148.930,200,148.980,2021-02-25,09:43:00,00,";
var hq_str_sh603259="药明康德,149.780,148.320,149.260,150.730,148.200,149.260,149.420,2431117,363733439.000,1600,149.260,200,149.250,100,149.230,300,149.200,100,149.160,400,149.420,300,149.430,100,149.450,700,149.460,300,149.480,2021-02-25,09:44:00,00,";
var hq_str_sh603259="药明康德,149.780,148.320,149.040,150.730,148.200,148.920,149.040,2471517,369757238.000,200,148.920,600,148.910,800,148.900,100,148.890,900,148.870,3700,149.040,700,149.050,200,149.080,100,149.100,100,149.130,2021-02-25,09:45:00,00,";
var hq_str_sh603259="药明康德,149.780,148.320,148.900,150.730,148.200,148.880,148.900,2549037,381310735.000,200,148.880,900,148.870,200,148.820,500,148.810,1800,148.800,100,148.900,2700,148.950,200,148.990,400,149.020,1100,149.050,2021-02-25,09:46:00,00,";
var hq_str_sh603259="药明康德,149.780,148.320,149.050,150.730,148.200,148.980,149.140,2599237,388789941.000,100,148.980,200,148.970,900,148.960,1500,148.950,500,148.930,300,149.140,400,149.160,100,149.180,3000,149.200,500,149.210,2021-02-25,09:46:57,00,";
var hq_str_sh603259="药明康德,149.780,148.320,148.200,150.730,148.180,148.170,148.180,2675037,400055500.000,100,148.170,100,148.150,600,148.130,600,148.110,200,148.100,300,148.180,300,148.200,500,148.210,400,148.220,100,148.300,2021-02-25,09:47:57,00,";
var hq_str_sh603259="药明康德,149.780,148.320,147.930,150.730,147.700,147.820,147.970,2774837,414821136.000,2200,147.820,600,147.800,1400,147.780,100,147.710,200,147.700,400,147.970,400,148.020,400,148.080,200,148.140,400,148.150,2021-02-25,09:48:57,00,";
var hq_str_sh603259="药明康德,149.780,148.320,147.810,150.730,147.700,147.800,147.810,2844137,425078908.000,1000,147.800,700,147.780,100,147.710,300,147.700,300,147.670,700,147.810,400,147.820,500,147.860,13200,147.900,200,147.920,2021-02-25,09:50:00,00,";
var hq_str_sh603259="药明康德,149.780,148.320,147.500,150.730,147.380,147.400,147.480,2958337,441952894.000,1600,147.400,600,147.390,1100,147.380,200,147.370,100,147.320,3600,147.480,200,147.490,10800,147.500,300,147.510,900,147.650,2021-02-25,09:50:57,00,";
var hq_str_sh603259="药明康德,149.780,148.320,148.080,150.730,147.380,148.050,148.080,3076837,459466200.000,200,148.050,100,148.000,200,147.990,100,147.980,3000,147.970,2500,148.080,100,148.260,6300,148.270,400,148.290,2300,148.300,2021-02-25,09:51:57,00,";
var hq_str_sh603259="药明康德,149.780,148.320,147.540,150.730,147.370,147.540,147.670,3139337,468696227.000,300,147.540,300,147.530,400,147.520,1300,147.510,11100,147.500,100,147.670,6400,147.680,3000,147.690,200,147.700,100,147.730,2021-02-25,09:53:00,00,";
var hq_str_sh603259="药明康德,149.780,148.320,147.400,150.730,147.310,147.400,147.500,3222937,481024803.000,100,147.400,4900,147.320,700,147.310,500,147.300,400,147.280,4900,147.500,800,147.600,200,147.650,300,147.660,300,147.670,2021-02-25,09:54:00,00,";
var hq_str_sh603259="药明康德,149.780,148.320,147.180,150.730,147.100,147.100,147.180,3306637,493364861.000,400,147.100,100,147.070,100,147.050,1500,147.020,1300,147.010,200,147.180,5700,147.280,1000,147.290,3700,147.310,200,147.320,2021-02-25,09:55:00,00,";
var hq_str_sh603259="药明康德,149.780,148.320,147.050,150.730,147.000,147.050,147.290,3404995,507845992.000,4500,147.050,120,147.020,100,147.010,10362,147.000,200,146.960,3000,147.290,200,147.390,200,147.450,1400,147.500,100,147.560,2021-02-25,09:55:57,00,";
var hq_str_sh603259="药明康德,149.780,148.320,147.290,150.730,146.810,147.150,147.290,3616677,539003710.000,200,147.150,100,147.110,200,147.100,100,147.070,400,147.020,518,147.290,3100,147.400,200,147.450,400,147.480,1800,147.490,2021-02-25,09:56:57,00,";
var hq_str_sh603259="药明康德,149.780,148.320,147.280,150.730,146.810,147.280,147.300,3708355,552485463.000,100,147.280,100,147.240,100,147.230,200,147.200,200,147.180,200,147.300,400,147.380,800,147.400,300,147.410,1500,147.450,2021-02-25,09:57:57,00,";
var hq_str_sh603259="药明康德,149.780,148.320,147.340,150.730,146.810,147.340,147.370,3756955,559645585.000,1100,147.340,1100,147.330,300,147.320,100,147.310,500,147.300,100,147.370,4300,147.380,100,147.390,3300,147.400,4500,147.450,2021-02-25,09:58:56,00,";
var hq_str_sh603259="药明康德,149.780,148.320,147.370,150.730,146.810,147.380,147.410,3799355,565893135.000,300,147.380,1800,147.360,700,147.350,100,147.340,2100,147.330,500,147.410,3700,147.450,400,147.480,900,147.490,11500,147.500,2021-02-25,10:00:00,00,";
var hq_str_sh603259="药明康德,149.780,148.320,147.000,150.730,146.810,147.100,147.170,3864655,575503626.000,100,147.100,100,147.030,22,147.000,4000,146.990,1200,146.980,200,147.170,100,147.200,400,147.250,1400,147.280,1100,147.300,2021-02-25,10:00:57,00,";
var hq_str_sh603259="药明康德,149.780,148.320,147.800,150.730,146.810,147.800,148.000,3953555,588613605.000,1400,147.800,1200,147.790,1500,147.780,200,147.750,2400,147.710,4400,148.000,100,148.010,100,148.020,6000,148.070,1500,148.080,2021-02-25,10:01:57,00,";
var hq_str_sh603259="药明康德,149.780,148.320,148.070,150.730,146.810,148.010,148.080,4023355,598938327.000,2100,148.010,2200,148.000,100,147.970,200,147.940,900,147.920,1500,148.080,100,148.090,2300,148.100,300,148.120,100,148.180,2021-02-25,10:02:57,00,";
var hq_str_sh603259="药明康德,149.780,148.320,148.490,150.730,146.810,148.490,148.500,4076255,606783033.000,100,148.490,200,148.480,100,148.460,900,148.450,300,148.400,1900,148.500,100,148.520,200,148.540,100,148.580,2100,148.600,2021-02-25,10:03:57,00,";
var hq_str_sh603259="药明康德,149.780,148.320,148.600,150.730,146.810,148.600,148.650,4157455,618846978.000,400,148.600,100,148.590,3300,148.570,400,148.560,100,148.520,500,148.650,1800,148.660,1200,148.670,2300,148.700,100,148.750,2021-02-25,10:04:57,00,";
var hq_str_sh603259="药明康德,149.780,148.320,148.200,150.730,146.810,148.180,148.240,4243355,631595080.000,100,148.180,3500,148.160,200,148.150,800,148.120,2900,148.100,700,148.240,300,148.250,100,148.280,1000,148.300,100,148.310,2021-02-25,10:06:00,00,";
var hq_str_sh603259="药明康德,149.780,148.320,148.150,150.730,146.810,148.150,148.170,4285555,637848485.000,200,148.150,300,148.140,100,148.130,1300,148.120,100,148.110,400,148.170,900,148.180,900,148.190,500,148.220,600,148.300,2021-02-25,10:06:57,00,";
var hq_str_sh603259="药明康德,149.780,148.320,147.970,150.730,146.810,147.940,147.970,4338855,645742813.000,100,147.940,700,147.900,200,147.890,100,147.880,200,147.850,100,147.970,500,147.980,600,148.010,2300,148.060,300,148.070,2021-02-25,10:08:00,00,";
var hq_str_sh603259="药明康德,149.780,148.320,147.650,150.730,146.810,147.640,147.700,4389355,653201530.000,100,147.640,1500,147.620,1400,147.610,2600,147.600,600,147.590,100,147.700,400,147.910,800,147.920,500,147.940,500,147.970,2021-02-25,10:08:57,00,";
var hq_str_sh603259="药明康德,149.780,148.320,148.010,150.730,146.810,148.010,148.110,4427655,658863226.000,100,148.010,1100,148.000,100,147.970,1000,147.950,1000,147.940,1500,148.110,700,148.200,700,148.300,100,148.310,100,148.330,2021-02-25,10:09:57,00,";
var hq_str_sh603259="药明康德,149.780,148.320,148.000,150.730,146.810,147.990,148.000,4483055,667069685.000,700,147.990,300,147.980,200,147.970,200,147.940,7200,147.830,9200,148.000,500,148.010,500,148.050,100,148.060,300,148.080,2021-02-25,10:10:57,00,";
var hq_str_sh603259="药明康德,149.780,148.320,147.810,150.730,146.810,147.810,147.830,4561255,678629772.000,500,147.810,6800,147.800,100,147.760,200,147.740,500,147.730,7100,147.830,100,147.880,3800,147.890,1600,147.900,100,147.930,2021-02-25,10:12:00,00,";
var hq_str_sh603259="药明康德,149.780,148.320,147.790,150.730,146.810,147.790,147.830,4615255,686611805.000,100,147.790,1700,147.780,2000,147.770,400,147.760,1200,147.740,500,147.830,400,147.840,100,147.850,600,147.860,400,147.870,2021-02-25,10:12:57,00,";
var hq_str_sh603259="药明康德,149.780,148.320,148.800,150.730,146.810,148.340,148.410,4863455,723423315.000,300,148.340,100,148.330,600,148.320,100,148.280,800,148.010,400,148.410,2600,148.800,100,148.810,200,148.830,400,148.850,2021-02-25,10:13:57,00,";
var hq_str_sh603259="药明康德,149.780,148.320,148.670,150.730,146.810,148.670,148.690,4997255,743320429.000,300,148.670,100,148.660,400,148.600,1800,148.580,900,148.570,300,148.690,5100,148.900,500,148.970,200,148.980,2600,148.990,2021-02-25,10:14:57,00,";
var hq_str_sh603259="药明康德,149.780,148.320,148.620,150.730,146.810,148.660,148.670,5057855,752329434.000,100,148.660,9800,148.600,700,148.580,1100,148.530,700,148.520,1300,148.670,100,148.680,7000,148.690,2300,148.700,200,148.730,2021-02-25,10:15:57,00,";
var hq_str_sh603259="药明康德,149.780,148.320,148.600,150.730,146.810,148.630,148.650,5100355,758645492.000,100,148.630,800,148.590,1000,148.580,100,148.550,300,148.540,1000,148.650,600,148.670,1100,148.680,7000,148.690,2400,148.700,2021-02-25,10:16:57,00,";
var hq_str_sh603259="药明康德,149.780,148.320,148.420,150.730,146.810,148.400,148.420,5195955,772850084.000,100,148.400,100,148.390,100,148.360,400,148.340,100,148.330,6500,148.420,200,148.450,500,148.530,700,148.540,300,148.560,2021-02-25,10:17:57,00,";
var hq_str_sh603259="药明康德,149.780,148.320,148.220,150.730,146.810,148.220,148.240,5228855,777730207.000,400,148.220,200,148.200,200,148.180,100,148.140,300,148.100,200,148.240,100,148.250,400,148.260,1800,148.290,500,148.300,2021-02-25,10:19:00,00,";
var hq_str_sh603259="药明康德,149.780,148.320,148.200,150.730,146.810,148.140,148.170,5270155,783852613.000,700,148.140,300,148.130,300,148.100,200,148.070,100,148.060,200,148.170,500,148.230,200,148.240,2500,148.250,9000,148.270,2021-02-25,10:20:00,00,";
var hq_str_sh603259="药明康德,149.780,148.320,148.480,150.730,146.810,148.440,148.470,5328655,792527532.000,1500,148.440,300,148.430,100,148.420,2000,148.410,200,148.400,500,148.470,1800,148.480,600,148.490,400,148.550,300,148.560,2021-02-25,10:20:57,00,";
var hq_str_sh603259="药明康德,149.780,148.320,148.250,150.730,146.810,148.250,148.310,5385855,801012725.000,200,148.250,200,148.240,1000,148.230,900,148.220,1400,148.210,1300,148.310,700,148.320,600,148.330,300,148.350,300,148.390,2021-02-25,10:21:57,00,";
var hq_str_sh603259="药明康德,149.780,148.320,148.100,150.730,146.810,148.100,148.140,5447455,810141548.000,100,148.100,6000,148.070,200,148.060,7200,148.000,200,147.970,600,148.140,200,148.150,100,148.160,900,148.170,100,148.190,2021-02-25,10:22:57,00,";
var hq_str_sh603259="药明康德,149.780,148.320,148.010,150.730,146.810,148.000,148.010,5525255,821668405.000,5900,148.000,200,147.970,100,147.950,100,147.930,600,147.900,1500,148.010,200,148.040,2000,148.060,6500,148.070,100,148.090,2021-02-25,10:23:57,00,";
var hq_str_sh603259="药明康德,149.780,148.320,148.030,150.730,146.810,148.020,148.030,5563895,827388126.000,1060,148.020,900,148.010,11600,148.000,400,147.990,200,147.950,800,148.030,700,148.040,7100,148.070,1100,148.100,300,148.190,2021-02-25,10:25:00,00,";
var hq_str_sh603259="药明康德,149.780,148.320,147.790,150.730,146.810,147.740,147.790,5597755,832398813.000,200,147.740,100,147.730,800,147.700,1800,147.680,300,147.640,200,147.790,2200,147.800,200,147.840,300,147.870,300,147.880,2021-02-25,10:25:57,00,";
var hq_str_sh603259="药明康德,149.780,148.320,147.820,150.730,146.810,147.760,147.810,5637955,838339843.000,100,147.760,1100,147.750,300,147.740,300,147.730,200,147.720,400,147.810,300,147.820,500,147.830,100,147.850,300,147.870,2021-02-25,10:26:57,00,";
var hq_str_sh603259="药明康德,149.780,148.320,147.500,150.730,146.810,147.500,147.580,5707655,848632785.000,2100,147.500,500,147.490,200,147.480,400,147.470,100,147.440,100,147.580,2500,147.590,500,147.650,200,147.680,400,147.690,2021-02-25,10:27:57,00,";
var hq_str_sh603259="药明康德,149.780,148.320,147.130,150.730,146.810,147.110,147.130,5761655,856587112.000,100,147.110,1500,147.100,1100,147.080,200,147.070,500,147.060,1000,147.130,8100,147.160,1000,147.180,200,147.190,1900,147.200,2021-02-25,10:29:00,00,";
var hq_str_sh603259="药明康德,149.780,148.320,146.810,150.730,146.800,146.800,146.810,5860355,871094789.000,3400,146.800,400,146.770,300,146.740,100,146.720,100,146.710,500,146.810,4100,146.820,8900,146.850,100,146.860,100,146.880,2021-02-25,10:29:57,00,";
var hq_str_sh603259="药明康德,149.780,148.320,146.510,150.730,146.320,146.510,146.670,5962955,886145845.000,2400,146.510,1100,146.500,100,146.470,1200,146.320,600,146.310,100,146.670,1500,146.680,2600,146.690,7800,146.700,400,146.720,2021-02-25,10:30:54,00,";
var hq_str_sh603259="药明康德,149.780,148.320,147.020,150.730,146.320,147.010,147.020,6031455,896203379.000,1300,147.010,8600,147.000,100,146.940,100,146.920,300,146.900,2600,147.020,200,147.030,3500,147.050,800,147.080,100,147.200,2021-02-25,10:31:57,00,";
var hq_str_sh603259="药明康德,149.780,148.320,146.680,150.730,146.320,146.660,146.690,6119155,909087164.000,100,146.660,100,146.650,2500,146.600,500,146.530,100,146.510,100,146.690,700,146.700,200,146.750,1600,146.760,2200,146.790,2021-02-25,10:33:00,00,";
var hq_str_sh603259="药明康德,149.780,148.320,146.770,150.730,146.320,146.670,146.740,6193655,920009345.000,100,146.670,100,146.620,2100,146.610,10300,146.600,200,146.590,500,146.740,1100,146.770,200,146.800,1400,146.870,300,146.890,2021-02-25,10:33:57,00,";
var hq_str_sh603259="药明康德,149.780,148.320,146.610,150.730,146.320,146.600,146.610,6267055,930772265.000,800,146.600,600,146.570,100,146.550,100,146.540,100,146.520,2000,146.610,100,146.650,1700,146.670,1000,146.730,200,146.760,2021-02-25,10:34:57,00,";
var hq_str_sh603259="药明康德,149.780,148.320,146.980,150.730,146.320,146.890,146.980,6314805,937785387.000,100,146.890,700,146.880,1600,146.870,2800,146.860,100,146.850,600,146.980,500,146.990,300,147.000,600,147.230,1800,147.270,2021-02-25,10:36:00,00,";
var hq_str_sh603259="药明康德,149.780,148.320,147.190,150.730,146.320,147.170,147.200,6357305,944036575.000,10200,147.170,500,147.030,1700,147.020,1000,147.010,1200,147.000,4000,147.200,400,147.250,700,147.270,300,147.380,1500,147.390,2021-02-25,10:37:00,00,";
var hq_str_sh603259="药明康德,149.780,148.320,147.170,150.730,146.320,147.030,147.170,6422505,953628091.000,500,147.030,900,147.020,2100,147.010,1300,147.000,100,146.950,200,147.170,100,147.200,900,147.240,100,147.390,700,147.500,2021-02-25,10:37:57,00,";
var hq_str_sh603259="药明康德,149.780,148.320,147.330,150.730,146.320,147.330,147.360,6463405,959652435.000,1300,147.330,400,147.320,100,147.290,1700,147.270,100,147.260,600,147.360,1600,147.370,1480,147.380,700,147.390,200,147.450,2021-02-25,10:39:00,00,";
var hq_str_sh603259="药明康德,149.780,148.320,147.500,150.730,146.320,147.500,147.510,6503385,965547151.000,1100,147.500,1500,147.490,500,147.480,1100,147.450,100,147.440,600,147.510,500,147.520,100,147.530,400,147.540,100,147.580,2021-02-25,10:39:58,00,";
var hq_str_sh603259="药明康德,149.780,148.320,147.440,150.730,146.320,147.430,147.440,6556585,973393577.000,100,147.430,1000,147.400,200,147.370,100,147.320,1620,147.300,14500,147.440,300,147.480,500,147.500,100,147.510,100,147.520,2021-02-25,10:41:00,00,";
var hq_str_sh603259="药明康德,149.780,148.320,147.510,150.730,146.320,147.530,147.560,6624185,983364222.000,100,147.530,300,147.510,2600,147.500,2200,147.470,1400,147.460,1200,147.560,1300,147.570,1000,147.580,100,147.600,100,147.630,2021-02-25,10:41:58,00,";
var hq_str_sh603259="药明康德,149.780,148.320,147.050,150.730,146.320,147.050,147.110,6700705,994643225.000,1900,147.050,1300,147.040,1100,147.030,900,147.020,1800,147.010,1000,147.110,2300,147.120,1300,147.150,1600,147.160,400,147.170,2021-02-25,10:42:58,00,";
var hq_str_sh603259="药明康德,149.780,148.320,147.500,150.730,146.320,147.220,147.460,6766505,1004322331.000,2800,147.220,300,147.210,400,147.200,1400,147.190,1400,147.180,500,147.460,1600,147.500,200,147.510,200,147.520,15100,147.530,2021-02-25,10:43:58,00,";
var hq_str_sh603259="药明康德,149.780,148.320,147.270,150.730,146.320,147.250,147.270,6826599,1013176957.000,800,147.250,4406,147.220,300,147.210,700,147.200,900,147.180,800,147.270,5500,147.300,100,147.330,500,147.390,3700,147.400,2021-02-25,10:44:58,00,";
var hq_str_sh603259="药明康德,149.780,148.320,147.710,150.730,146.320,147.710,148.000,7046178,1045591449.000,5600,147.710,4800,147.700,2900,147.690,400,147.680,1200,147.670,22000,148.000,500,148.010,100,148.160,300,148.190,400,148.200,2021-02-25,10:45:58,00,";
var hq_str_sh603259="药明康德,149.780,148.320,148.000,150.730,146.320,147.910,147.990,7179178,1065271770.000,2400,147.910,600,147.900,400,147.890,3100,147.870,1600,147.860,100,147.990,12700,148.000,100,148.010,3900,148.020,100,148.140,2021-02-25,10:47:01,00,";
var hq_str_sh603259="药明康德,149.780,148.320,148.270,150.730,146.320,148.260,148.270,7266878,1078265943.000,100,148.260,900,148.250,3900,148.240,1000,148.230,700,148.200,1200,148.270,400,148.300,400,148.320,900,148.330,400,148.340,2021-02-25,10:47:58,00,";
var hq_str_sh603259="药明康德,149.780,148.320,148.230,150.730,146.320,148.250,148.270,7339878,1089088935.000,100,148.250,800,148.230,1400,148.220,4300,148.210,900,148.200,1600,148.270,100,148.290,2500,148.300,200,148.320,200,148.330,2021-02-25,10:49:01,00,";
var hq_str_sh603259="药明康德,149.780,148.320,148.510,150.730,146.320,148.500,148.510,7405178,1098776820.000,500,148.500,900,148.490,3000,148.430,2300,148.420,500,148.400,600,148.510,100,148.520,100,148.530,1200,148.550,200,148.570,2021-02-25,10:50:01,00,";
var hq_str_sh603259="药明康德,149.780,148.320,148.650,150.730,146.320,148.640,148.650,7493805,1111942481.000,1300,148.640,3000,148.630,2773,148.620,5100,148.610,100,148.600,200,148.650,1000,148.660,1100,148.670,200,148.680,100,148.690,2021-02-25,10:51:01,00,";
var hq_str_sh603259="药明康德,149.780,148.320,148.760,150.730,146.320,148.750,148.770,7573924,1123859155.000,1400,148.750,2800,148.740,400,148.730,100,148.720,900,148.700,2200,148.770,800,148.780,100,148.790,500,148.800,600,148.840,2021-02-25,10:51:58,00,";
var hq_str_sh603259="药明康德,149.780,148.320,149.150,150.730,146.320,149.110,149.150,7676364,1139118759.000,100,149.110,3200,149.100,200,149.090,100,149.080,400,149.050,300,149.150,1900,149.180,1800,149.200,200,149.210,100,149.240,2021-02-25,10:52:58,00,";
var hq_str_sh603259="药明康德,149.780,148.320,149.260,150.730,146.320,149.260,149.310,7766478,1152569675.000,2000,149.260,100,149.190,100,149.120,900,149.100,100,149.090,300,149.310,1100,149.320,1000,149.340,800,149.350,400,149.370,2021-02-25,10:53:58,00,";
var hq_str_sh603259="药明康德,149.780,148.320,148.790,150.730,146.320,148.790,148.800,7829078,1161903367.000,1100,148.790,7100,148.780,10300,148.770,5900,148.760,600,148.750,100,148.800,700,148.940,3900,148.950,3600,148.960,100,148.970,2021-02-25,10:54:58,00,";
var hq_str_sh603259="药明康德,149.780,148.320,149.110,150.730,146.320,149.100,149.110,7890678,1171084366.000,100,149.100,3600,149.000,300,148.990,100,148.980,1700,148.950,400,149.110,100,149.120,500,149.190,700,149.200,100,149.210,2021-02-25,10:56:01,00,";
var hq_str_sh603259="药明康德,149.780,148.320,149.280,150.730,146.320,149.280,149.300,7947678,1179588230.000,100,149.280,100,149.270,1800,149.250,500,149.170,1400,149.160,3300,149.300,100,149.310,1000,149.320,1100,149.340,900,149.350,2021-02-25,10:56:58,00,";
var hq_str_sh603259="药明康德,149.780,148.320,149.200,150.730,146.320,149.140,149.180,8008378,1188646797.000,400,149.140,8500,149.100,200,149.030,8500,149.000,300,148.990,100,149.180,200,149.190,900,149.200,200,149.210,100,149.220,2021-02-25,10:58:01,00,";
var hq_str_sh603259="药明康德,149.780,148.320,148.990,150.730,146.320,148.990,149.000,8072978,1198275479.000,500,148.990,400,148.950,100,148.930,1600,148.900,900,148.890,7200,149.000,300,149.010,400,149.060,8100,149.100,1200,149.190,2021-02-25,10:58:58,00,";
var hq_str_sh603259="药明康德,149.780,148.320,148.900,150.730,146.320,148.900,148.920,8113378,1204293354.000,700,148.900,300,148.860,100,148.830,2900,148.810,6100,148.800,1100,148.920,200,148.930,100,148.940,600,148.970,6500,148.980,2021-02-25,11:00:01,00,";
var hq_str_sh603259="药明康德,149.780,148.320,148.770,150.730,146.320,148.770,148.850,8169778,1212689499.000,3300,148.770,300,148.760,300,148.750,100,148.690,600,148.680,500,148.850,200,148.860,400,148.940,800,148.950,600,148.960,2021-02-25,11:00:58,00,";
var hq_str_sh603259="药明康德,149.780,148.320,148.900,150.730,146.320,148.900,148.930,8216378,1219623963.000,300,148.900,100,148.880,200,148.860,200,148.850,500,148.840,500,148.930,200,148.940,1500,148.950,3300,148.980,3200,148.990,2021-02-25,11:01:58,00,";
var hq_str_sh603259="药明康德,149.780,148.320,148.900,150.730,146.320,148.800,148.900,8256778,1225639820.000,7800,148.800,1300,148.760,600,148.750,300,148.710,400,148.680,1600,148.900,200,148.930,500,148.940,3300,148.950,500,148.960,2021-02-25,11:02:58,00,";
var hq_str_sh603259="药明康德,149.780,148.320,148.780,150.730,146.320,148.650,148.780,8322178,1235372942.000,1400,148.650,100,148.640,300,148.630,2500,148.610,700,148.600,600,148.780,500,148.800,1500,148.810,1000,148.820,100,148.860,2021-02-25,11:03:58,00,";
var hq_str_sh603259="药明康德,149.780,148.320,148.460,150.730,146.320,148.460,148.500,8368578,1242266794.000,600,148.460,700,148.450,1100,148.410,200,148.400,400,148.350,1200,148.500,600,148.510,2300,148.520,600,148.530,1600,148.540,2021-02-25,11:05:01,00,";
var hq_str_sh603259="药明康德,149.780,148.320,148.550,150.730,146.320,148.540,148.600,8400278,1246976163.000,200,148.540,1000,148.520,15000,148.500,300,148.460,700,148.450,1100,148.600,100,148.610,4200,148.630,100,148.650,100,148.670,2021-02-25,11:05:58,00,";
var hq_str_sh603259="药明康德,149.780,148.320,148.930,150.730,146.320,148.940,148.950,8459534,1255789216.000,200,148.940,900,148.870,500,148.790,3500,148.740,1344,148.690,3700,148.950,600,148.960,3300,148.980,3200,148.990,6900,149.000,2021-02-25,11:07:01,00,";
var hq_str_sh603259="药明康德,149.780,148.320,148.870,150.730,146.320,148.860,148.870,8490034,1260330074.000,200,148.860,400,148.800,4600,148.790,3500,148.740,1444,148.690,100,148.870,1400,148.900,200,148.910,100,148.940,2500,148.950,2021-02-25,11:07:58,00,";
var hq_str_sh603259="药明康德,149.780,148.320,148.890,150.730,146.320,148.880,148.900,8515934,1264186810.000,100,148.880,100,148.860,700,148.800,4200,148.790,3500,148.740,100,148.900,1900,148.920,2000,148.930,200,148.940,1100,148.950,2021-02-25,11:08:58,00,";
var hq_str_sh603259="药明康德,149.780,148.320,148.920,150.730,146.320,148.910,148.920,8559434,1270665715.000,400,148.910,1400,148.900,200,148.890,200,148.880,1600,148.870,100,148.920,100,148.930,1100,148.940,200,148.950,500,148.970,2021-02-25,11:09:58,00,";
var hq_str_sh603259="药明康德,149.780,148.320,148.940,150.730,146.320,148.940,148.970,8614334,1278842803.000,3000,148.940,10300,148.930,1200,148.920,1300,148.900,200,148.890,2200,148.970,200,148.980,5000,148.990,7800,149.000,1000,149.010,2021-02-25,11:10:58,00,";
var hq_str_sh603259="药明康德,149.780,148.320,148.580,150.730,146.320,148.560,148.580,8731478,1296279052.000,2100,148.560,300,148.550,100,148.540,1000,148.530,1000,148.500,100,148.580,200,148.660,300,148.910,900,148.930,4200,148.950,2021-02-25,11:11:58,00,";
var hq_str_sh603259="药明康德,149.780,148.320,148.900,150.730,146.320,148.680,148.900,8783778,1304062004.000,600,148.680,200,148.670,4400,148.660,100,148.620,100,148.610,1700,148.900,3400,148.920,700,148.930,2000,148.950,500,148.960,2021-02-25,11:13:01,00,";
var hq_str_sh603259="药明康德,149.780,148.320,148.800,150.730,146.320,148.720,148.800,8815878,1308839281.000,900,148.720,4000,148.700,100,148.680,3100,148.670,4400,148.660,2900,148.800,100,148.810,6800,148.900,300,148.910,1800,148.920,2021-02-25,11:13:58,00,";
var hq_str_sh603259="药明康德,149.780,148.320,149.020,150.730,146.320,149.010,149.020,8883610,1318928011.000,900,149.010,700,149.000,4668,148.980,100,148.970,100,148.950,6000,149.020,4700,149.100,200,149.120,100,149.180,1000,149.190,2021-02-25,11:14:58,00,";
var hq_str_sh603259="药明康德,149.780,148.320,148.990,150.730,146.320,148.990,149.010,8925110,1325112549.000,2100,148.990,4668,148.980,100,148.930,6600,148.900,200,148.860,2000,149.010,500,149.020,100,149.030,100,149.040,6800,149.050,2021-02-25,11:15:58,00,";
var hq_str_sh603259="药明康德,149.780,148.320,148.800,150.730,146.320,148.790,148.800,8982978,1333728868.000,700,148.790,1700,148.780,900,148.770,100,148.750,300,148.720,3700,148.800,200,148.810,100,148.920,1700,148.930,300,148.970,2021-02-25,11:16:58,00,";
var hq_str_sh603259="药明康德,149.780,148.320,148.710,150.730,146.320,148.710,148.760,9009578,1337686257.000,600,148.710,3800,148.700,400,148.670,3900,148.660,100,148.650,5400,148.760,3100,148.770,400,148.780,500,148.790,1100,148.800,2021-02-25,11:17:58,00,";
var hq_str_sh603259="药明康德,149.780,148.320,148.760,150.730,146.320,148.690,148.760,9063978,1345776304.000,100,148.690,1000,148.670,200,148.660,100,148.650,100,148.640,300,148.760,400,148.770,100,148.790,900,148.800,1000,148.850,2021-02-25,11:18:58,00,";
var hq_str_sh603259="药明康德,149.780,148.320,148.220,150.730,146.320,148.220,148.420,9130050,1355591403.000,400,148.220,400,148.210,700,148.200,100,148.180,1000,148.160,1900,148.420,2700,148.700,400,148.720,100,148.760,300,148.770,2021-02-25,11:20:01,00,";
var hq_str_sh603259="药明康德,149.780,148.320,148.400,150.730,146.320,148.310,148.400,9155350,1359347448.000,1000,148.310,4200,148.300,100,148.290,800,148.230,300,148.220,100,148.400,5300,148.690,100,148.700,100,148.710,100,148.720,2021-02-25,11:20:58,00,";
var hq_str_sh603259="药明康德,149.780,148.320,148.500,150.730,146.320,148.450,148.500,9182150,1363325561.000,500,148.450,100,148.440,400,148.430,100,148.360,500,148.320,4800,148.500,400,148.680,4600,148.690,100,148.700,100,148.720,2021-02-25,11:22:01,00,";
var hq_str_sh603259="药明康德,149.780,148.320,148.180,150.730,146.320,148.180,148.190,9220650,1369038188.000,200,148.180,600,148.090,1000,148.030,100,148.010,13328,148.000,600,148.190,1700,148.200,1500,148.210,500,148.440,3400,148.450,2021-02-25,11:22:58,00,";
var hq_str_sh603259="药明康德,149.780,148.320,148.420,150.730,146.320,148.150,148.460,9269850,1376328903.000,1200,148.150,800,148.140,2600,148.080,500,148.070,400,148.060,200,148.460,1300,148.500,1500,148.590,200,148.600,100,148.610,2021-02-25,11:23:58,00,";
var hq_str_sh603259="药明康德,149.780,148.320,148.330,150.730,146.320,148.330,148.360,9288450,1379086298.000,1600,148.330,100,148.250,300,148.160,300,148.150,700,148.130,100,148.360,4500,148.370,100,148.380,800,148.420,400,148.480,2021-02-25,11:24:58,00,";
var hq_str_sh603259="药明康德,149.780,148.320,148.290,150.730,146.320,148.310,148.320,9320950,1383907825.000,200,148.310,200,148.280,1400,148.250,600,148.240,200,148.180,800,148.320,40,148.330,900,148.490,700,148.500,100,148.580,2021-02-25,11:26:01,00,";
var hq_str_sh603259="药明康德,149.780,148.320,148.380,150.730,146.320,148.420,148.450,9347990,1387923945.000,100,148.420,1000,148.380,100,148.370,100,148.350,200,148.320,100,148.450,600,148.460,1600,148.480,200,148.490,5000,148.500,2021-02-25,11:27:01,00,";
var hq_str_sh603259="药明康德,149.780,148.320,148.460,150.730,146.320,148.440,148.460,9374990,1391932043.000,300,148.440,100,148.430,800,148.420,100,148.350,300,148.310,300,148.460,2200,148.470,5700,148.500,300,148.530,200,148.570,2021-02-25,11:27:58,00,";
var hq_str_sh603259="药明康德,149.780,148.320,148.470,150.730,146.320,148.030,148.410,9423890,1399177831.000,100,148.030,1200,148.020,600,148.010,2628,148.000,200,147.990,700,148.410,1800,148.470,6500,148.500,300,148.530,200,148.570,2021-02-25,11:28:58,00,";
var hq_str_sh603259="药明康德,149.780,148.320,148.200,150.730,146.320,148.200,148.400,9444990,1402306286.000,11500,148.200,300,148.190,100,148.150,200,148.100,100,148.060,800,148.400,300,148.440,100,148.480,100,148.490,6600,148.500,2021-02-25,11:29:58,00,";
var hq_str_sh603259="药明康德,149.780,148.320,148.200,150.730,146.320,148.200,148.370,9444990,1402306286.000,11500,148.200,300,148.190,100,148.150,200,148.100,100,148.060,400,148.370,800,148.400,300,148.440,100,148.480,100,148.490,2021-02-25,11:30:00,00,";
var hq_str_sh603259="药明康德,149.780,148.320,148.430,150.730,146.320,148.430,148.500,9584490,1423019146.000,700,148.430,100,148.300,100,148.220,1700,148.210,16000,148.200,2600,148.500,2000,148.600,600,148.740,500,148.750,1900,148.780,2021-02-25,13:00:58,00,";
var hq_str_sh603259="药明康德,149.780,148.320,148.400,150.730,146.320,148.330,148.350,9652290,1433086587.000,200,148.330,200,148.210,12500,148.200,200,148.190,300,148.180,100,148.350,11700,148.400,700,148.430,900,148.440,900,148.450,2021-02-25,13:01:58,00,";
var hq_str_sh603259="药明康德,149.780,148.320,148.660,150.730,146.320,148.660,148.700,9742813,1446526201.000,2900,148.660,200,148.650,6977,148.620,200,148.590,100,148.510,2000,148.700,100,148.720,4900,148.730,600,148.740,400,148.770,2021-02-25,13:02:58,00,";
var hq_str_sh603259="药明康德,149.780,148.320,148.560,150.730,146.320,148.560,148.590,9804213,1455645373.000,200,148.560,900,148.520,400,148.490,100,148.430,500,148.350,1300,148.590,5000,148.600,200,148.680,400,148.690,6900,148.700,2021-02-25,13:03:58,00,";
var hq_str_sh603259="药明康德,149.780,148.320,148.440,150.730,146.320,148.500,148.580,9964613,1479463750.000,100,148.500,2100,148.440,100,148.430,1100,148.390,300,148.340,100,148.580,4300,148.590,43500,148.600,200,148.680,500,148.740,2021-02-25,13:04:55,00,";
var hq_str_sh603259="药明康德,149.780,148.320,147.960,150.730,146.320,147.900,147.960,10013513,1486708037.000,200,147.900,700,147.890,800,147.880,100,147.860,2000,147.850,800,147.960,700,147.980,200,148.100,400,148.110,300,148.120,2021-02-25,13:05:55,00,";
var hq_str_sh603259="药明康德,149.780,148.320,148.200,150.730,146.320,148.200,148.260,10063313,1494095946.000,200,148.200,100,148.180,1100,148.150,100,148.120,100,148.100,300,148.260,200,148.320,100,148.360,200,148.370,300,148.380,2021-02-25,13:06:58,00,";
var hq_str_sh603259="药明康德,149.780,148.320,148.490,150.730,146.320,148.480,148.490,10106913,1500567019.000,200,148.480,100,148.390,9300,148.320,100,148.310,600,148.300,100,148.490,1200,148.500,400,148.510,100,148.540,400,148.570,2021-02-25,13:07:58,00,";
var hq_str_sh603259="药明康德,149.780,148.320,148.480,150.730,146.320,148.480,148.490,10182693,1511823565.000,200,148.480,100,148.450,100,148.390,100,148.360,4000,148.320,300,148.490,300,148.500,200,148.510,15600,148.600,200,148.630,2021-02-25,13:08:58,00,";
var hq_str_sh603259="药明康德,149.780,148.320,148.040,150.730,146.320,148.040,148.200,10229893,1518817808.000,100,148.040,100,148.020,2500,148.000,100,147.990,500,147.960,100,148.200,400,148.230,300,148.260,1900,148.270,1500,148.310,2021-02-25,13:09:58,00,";
var hq_str_sh603259="药明康德,149.780,148.320,148.500,150.730,146.320,148.330,148.520,10274093,1525378274.000,1000,148.330,500,148.320,100,148.310,1500,148.290,1000,148.260,600,148.520,100,148.550,100,148.560,100,148.570,5200,148.590,2021-02-25,13:10:58,00,";
var hq_str_sh603259="药明康德,149.780,148.320,148.300,150.730,146.320,148.290,148.300,10339613,1535085840.000,100,148.290,1000,148.220,1100,148.200,200,148.170,2200,148.150,400,148.300,1700,148.370,3100,148.380,200,148.420,100,148.450,2021-02-25,13:11:58,00,";
var hq_str_sh603259="药明康德,149.780,148.320,148.320,150.730,146.320,148.330,148.350,10378613,1540867319.000,600,148.330,500,148.320,100,148.300,500,148.260,100,148.200,400,148.350,1600,148.370,300,148.380,200,148.460,300,148.480,2021-02-25,13:12:58,00,";
var hq_str_sh603259="药明康德,149.780,148.320,148.460,150.730,146.320,148.480,148.490,10415813,1546390444.000,600,148.480,1200,148.460,100,148.390,1300,148.380,100,148.370,100,148.490,1000,148.500,600,148.520,200,148.530,1000,148.570,2021-02-25,13:13:58,00,";
var hq_str_sh603259="药明康德,149.780,148.320,148.260,150.730,146.320,148.010,148.270,10482413,1556262026.000,500,148.010,2300,148.000,300,147.960,100,147.950,1300,147.900,700,148.270,400,148.300,600,148.310,300,148.320,400,148.330,2021-02-25,13:14:58,00,";
var hq_str_sh603259="药明康德,149.780,148.320,148.400,150.730,146.320,148.300,148.400,10522413,1562193721.000,400,148.300,100,148.260,500,148.240,200,148.200,400,148.070,1200,148.400,1500,148.410,1000,148.420,200,148.450,400,148.490,2021-02-25,13:15:58,00,";
var hq_str_sh603259="药明康德,149.780,148.320,148.030,150.730,146.320,148.020,148.050,10562113,1568076017.000,800,148.020,700,148.010,3000,148.000,200,147.990,300,147.960,700,148.050,200,148.080,100,148.130,500,148.140,400,148.160,2021-02-25,13:16:58,00,";
var hq_str_sh603259="药明康德,149.780,148.320,148.010,150.730,146.320,148.000,148.010,10607513,1574797084.000,1100,148.000,100,147.970,100,147.960,300,147.950,1400,147.900,200,148.010,100,148.140,100,148.150,200,148.190,300,148.240,2021-02-25,13:17:58,00,";
var hq_str_sh603259="药明康德,149.780,148.320,148.080,150.730,146.320,148.050,148.140,10646113,1580515329.000,400,148.050,100,148.030,3000,148.000,100,147.990,200,147.970,1300,148.140,200,148.190,200,148.290,100,148.300,100,148.310,2021-02-25,13:18:58,00,";
var hq_str_sh603259="药明康德,149.780,148.320,147.780,150.730,146.320,147.680,147.800,10708813,1589789335.000,400,147.680,400,147.670,1000,147.600,200,147.580,200,147.550,700,147.800,1600,147.870,500,147.880,300,147.900,1100,147.930,2021-02-25,13:19:58,00,";
var hq_str_sh603259="药明康德,149.780,148.320,148.270,150.730,146.320,148.180,148.270,10767413,1598462771.000,900,148.180,100,148.170,700,148.160,700,148.150,100,148.140,300,148.270,1200,148.290,100,148.330,100,148.340,1400,148.400,2021-02-25,13:20:55,00,";
var hq_str_sh603259="药明康德,149.780,148.320,148.310,150.730,146.320,148.310,148.400,10814813,1605495625.000,1700,148.310,400,148.270,200,148.200,2200,148.190,300,148.180,4800,148.400,200,148.420,400,148.510,400,148.540,700,148.570,2021-02-25,13:21:58,00,";
var hq_str_sh603259="药明康德,149.780,148.320,148.570,150.730,146.320,148.560,148.570,10855713,1611563273.000,100,148.560,100,148.460,2200,148.310,600,148.280,500,148.270,100,148.570,100,148.580,900,148.590,9500,148.600,100,148.650,2021-02-25,13:22:58,00,";
var hq_str_sh603259="药明康德,149.780,148.320,148.600,150.730,146.320,148.620,148.630,10885413,1615975496.000,100,148.620,2100,148.590,1600,148.570,3100,148.560,900,148.530,100,148.630,400,148.650,300,148.660,500,148.680,1200,148.690,2021-02-25,13:23:58,00,";
var hq_str_sh603259="药明康德,149.780,148.320,148.280,150.730,146.320,148.280,148.290,10952113,1625886870.000,1800,148.280,300,148.270,400,148.190,200,148.180,300,148.160,1800,148.290,300,148.370,200,148.500,200,148.540,100,148.550,2021-02-25,13:24:58,00,";
var hq_str_sh603259="药明康德,149.780,148.320,148.560,150.730,146.320,148.570,148.600,10988113,1631230932.000,100,148.570,800,148.560,2400,148.510,100,148.480,100,148.470,10300,148.600,100,148.630,400,148.650,3200,148.680,300,148.730,2021-02-25,13:25:55,00,";
var hq_str_sh603259="药明康德,149.780,148.320,148.470,150.730,146.320,148.460,148.470,11024813,1636682531.000,300,148.460,400,148.400,1600,148.380,900,148.370,500,148.360,200,148.470,200,148.480,400,148.490,7100,148.500,800,148.510,2021-02-25,13:26:58,00,";
var hq_str_sh603259="药明康德,149.780,148.320,148.240,150.730,146.320,148.240,148.270,11076713,1644383804.000,1800,148.240,2300,148.230,300,148.200,300,148.190,300,148.160,100,148.270,100,148.350,600,148.360,400,148.370,400,148.380,2021-02-25,13:27:58,00,";
var hq_str_sh603259="药明康德,149.780,148.320,148.550,150.730,146.320,148.550,148.560,11118113,1650529892.000,900,148.550,800,148.530,3100,148.520,500,148.510,1400,148.430,2700,148.560,1700,148.590,500,148.600,300,148.630,200,148.650,2021-02-25,13:28:58,00,";
var hq_str_sh603259="药明康德,149.780,148.320,148.310,150.730,146.320,148.330,148.530,11168813,1658058983.000,3700,148.330,1200,148.300,600,148.280,200,148.270,500,148.250,600,148.530,500,148.550,500,148.580,1600,148.590,300,148.600,2021-02-25,13:29:58,00,";
var hq_str_sh603259="药明康德,149.780,148.320,148.320,150.730,146.320,148.310,148.340,11202613,1663079314.000,300,148.310,4400,148.300,500,148.280,200,148.270,500,148.250,7400,148.340,2000,148.450,100,148.490,1500,148.500,100,148.570,2021-02-25,13:30:58,00,";
var hq_str_sh603259="药明康德,149.780,148.320,148.640,150.730,146.320,148.610,148.650,11254701,1670812714.000,400,148.610,100,148.600,600,148.580,200,148.570,1500,148.500,800,148.650,4300,148.660,1300,148.680,1000,148.750,700,148.780,2021-02-25,13:31:58,00,";
var hq_str_sh603259="药明康德,149.780,148.320,148.420,150.730,146.320,148.360,148.390,11322601,1680900988.000,300,148.360,3300,148.330,100,148.320,4800,148.300,100,148.280,600,148.390,500,148.470,100,148.500,600,148.560,200,148.590,2021-02-25,13:32:58,00,";
var hq_str_sh603259="药明康德,149.780,148.320,148.250,150.730,146.320,148.250,148.270,11359101,1686313629.000,2400,148.250,100,148.230,200,148.210,900,148.200,900,148.190,400,148.270,5600,148.300,100,148.330,300,148.340,100,148.350,2021-02-25,13:33:58,00,";
var hq_str_sh603259="药明康德,149.780,148.320,148.600,150.730,146.320,148.550,148.600,11440401,1698387767.000,300,148.550,3000,148.520,100,148.500,1400,148.480,700,148.470,6000,148.600,100,148.630,300,148.640,200,148.650,100,148.670,2021-02-25,13:34:58,00,";
var hq_str_sh603259="药明康德,149.780,148.320,148.960,150.730,146.320,148.960,148.980,11469201,1702669698.000,9100,148.960,4800,148.810,100,148.800,300,148.780,3500,148.750,1300,148.980,1000,148.990,10800,149.000,100,149.050,500,149.080,2021-02-25,13:35:58,00,";
var hq_str_sh603259="药明康德,149.780,148.320,148.700,150.730,146.320,148.690,148.700,11578601,1718939079.000,200,148.690,13600,148.640,100,148.600,1000,148.550,3500,148.540,100,148.700,3000,148.730,100,148.780,2600,148.790,200,148.800,2021-02-25,13:36:58,00,";
var hq_str_sh603259="药明康德,149.780,148.320,148.940,150.730,146.320,148.930,148.950,11633901,1727169692.000,200,148.930,100,148.910,600,148.900,200,148.890,600,148.880,4500,148.950,5500,148.960,300,148.970,1100,148.980,1300,148.990,2021-02-25,13:37:58,00,";
var hq_str_sh603259="药明康德,149.780,148.320,148.950,150.730,146.320,148.950,148.980,11689101,1735392441.000,2400,148.950,100,148.940,100,148.910,500,148.880,200,148.850,10400,148.980,5180,148.990,55900,149.000,100,149.050,100,149.060,2021-02-25,13:38:58,00,";
var hq_str_sh603259="药明康德,149.780,148.320,148.900,150.730,146.320,148.900,148.980,11737901,1742660430.000,1400,148.900,600,148.890,900,148.880,100,148.870,100,148.810,200,148.980,51880,149.000,100,149.010,100,149.050,300,149.060,2021-02-25,13:39:58,00,";
var hq_str_sh603259="药明康德,149.780,148.320,148.990,150.730,146.320,148.990,149.000,11764401,1746607545.000,3700,148.990,8000,148.980,1200,148.970,1100,148.960,1100,148.950,53180,149.000,100,149.010,200,149.040,100,149.050,300,149.060,2021-02-25,13:40:58,00,";
var hq_str_sh603259="药明康德,149.780,148.320,148.980,150.730,146.320,148.990,149.000,11814801,1754116699.000,2400,148.990,900,148.960,100,148.950,3100,148.930,200,148.920,38680,149.000,100,149.010,200,149.040,100,149.050,200,149.060,2021-02-25,13:41:58,00,";
var hq_str_sh603259="药明康德,149.780,148.320,148.880,150.730,146.320,148.820,148.870,11855601,1760190314.000,800,148.820,300,148.700,100,148.680,400,148.670,900,148.660,300,148.870,400,148.880,900,148.890,100,148.930,200,148.960,2021-02-25,13:42:58,00,";
var hq_str_sh603259="药明康德,149.780,148.320,148.780,150.730,146.320,148.780,148.790,11868941,1762174829.000,2460,148.780,500,148.760,2600,148.750,1000,148.730,100,148.720,100,148.790,1600,148.800,900,148.810,4200,148.870,100,148.880,2021-02-25,13:43:58,00,";
var hq_str_sh603259="药明康德,149.780,148.320,148.970,150.730,146.320,148.960,148.970,11889441,1765226202.000,11000,148.960,1600,148.950,900,148.940,1700,148.930,400,148.920,500,148.970,2100,148.980,9400,148.990,42180,149.000,200,149.010,2021-02-25,13:45:01,00,";
var hq_str_sh603259="药明康德,149.780,148.320,148.840,150.730,146.320,148.800,148.840,11980841,1778835014.000,3700,148.800,600,148.780,600,148.770,2300,148.750,100,148.730,3500,148.840,3200,148.850,1100,148.860,800,148.870,200,148.880,2021-02-25,13:45:59,00,";
var hq_str_sh603259="药明康德,149.780,148.320,148.720,150.730,146.320,148.700,148.720,12021741,1784919693.000,2300,148.700,400,148.680,100,148.670,1000,148.660,600,148.650,200,148.720,4600,148.730,2100,148.750,400,148.760,3200,148.770,2021-02-25,13:46:58,00,";
var hq_str_sh603259="药明康德,149.780,148.320,148.720,150.730,146.320,148.710,148.720,12041441,1787849290.000,500,148.710,6100,148.700,600,148.680,1000,148.660,700,148.650,1900,148.720,800,148.730,800,148.740,400,148.760,3200,148.770,2021-02-25,13:47:59,00,";
var hq_str_sh603259="药明康德,149.780,148.320,148.700,150.730,146.320,148.680,148.690,12087041,1794631189.000,600,148.680,1000,148.660,1100,148.650,12300,148.640,100,148.630,600,148.690,10000,148.700,100,148.720,300,148.730,200,148.740,2021-02-25,13:48:58,00,";
var hq_str_sh603259="药明康德,149.780,148.320,148.510,150.730,146.320,148.510,148.590,12137541,1802135586.000,400,148.510,11900,148.500,1100,148.480,100,148.450,100,148.410,100,148.590,8100,148.600,600,148.640,1300,148.650,100,148.660,2021-02-25,13:49:59,00,";
var hq_str_sh603259="药明康德,149.780,148.320,148.320,150.730,146.320,148.320,148.420,12184841,1809159276.000,400,148.320,200,148.310,800,148.300,200,148.280,200,148.250,1000,148.420,100,148.430,400,148.450,100,148.470,4200,148.570,2021-02-25,13:50:59,00,";
var hq_str_sh603259="药明康德,149.780,148.320,148.260,150.730,146.320,148.250,148.260,12216541,1813861479.000,1000,148.250,300,148.230,100,148.220,100,148.210,100,148.200,100,148.260,100,148.290,3980,148.330,600,148.370,200,148.380,2021-02-25,13:51:59,00,";
var hq_str_sh603259="药明康德,149.780,148.320,148.270,150.730,146.320,148.270,148.280,12252041,1819124735.000,100,148.270,400,148.250,100,148.220,800,148.200,800,148.180,1200,148.280,1600,148.310,100,148.320,3980,148.330,600,148.370,2021-02-25,13:52:59,00,";
var hq_str_sh603259="药明康德,149.780,148.320,148.000,150.730,146.320,148.000,148.020,12302441,1826586226.000,400,148.000,2800,147.990,400,147.980,500,147.970,500,147.920,1900,148.020,500,148.030,100,148.060,700,148.070,200,148.180,2021-02-25,13:53:59,00,";
var hq_str_sh603259="药明康德,149.780,148.320,147.800,150.730,146.320,147.810,147.930,12340841,1832267194.000,100,147.810,4000,147.800,300,147.790,300,147.780,300,147.770,100,147.930,200,147.960,100,147.980,100,147.990,2000,148.000,2021-02-25,13:54:59,00,";
var hq_str_sh603259="药明康德,149.780,148.320,147.870,150.730,146.320,147.870,147.900,12363241,1835580134.000,600,147.870,2600,147.860,600,147.850,600,147.830,1300,147.820,300,147.900,100,147.980,300,147.990,1500,148.000,200,148.180,2021-02-25,13:55:59,00,";
var hq_str_sh603259="药明康德,149.780,148.320,147.940,150.730,146.320,147.940,147.950,12403841,1841586928.000,200,147.940,700,147.900,1400,147.880,3300,147.870,2600,147.860,100,147.950,500,147.990,300,148.000,100,148.080,200,148.160,2021-02-25,13:56:59,00,";
var hq_str_sh603259="药明康德,149.780,148.320,147.660,150.730,146.320,147.650,147.660,12456641,1849391047.000,700,147.650,600,147.610,1800,147.600,500,147.580,100,147.560,100,147.660,200,147.730,2900,147.750,1000,147.820,400,147.830,2021-02-25,13:57:59,00,";
var hq_str_sh603259="药明康德,149.780,148.320,147.600,150.730,146.320,147.500,147.630,12490141,1854335826.000,9300,147.500,200,147.470,400,147.460,100,147.430,700,147.410,400,147.630,200,147.650,200,147.680,200,147.700,700,147.750,2021-02-25,13:58:59,00,";
var hq_str_sh603259="药明康德,149.780,148.320,147.400,150.730,146.320,147.400,147.430,12532941,1860650980.000,1100,147.400,300,147.380,100,147.370,1600,147.350,100,147.320,100,147.430,100,147.460,828,147.470,600,147.480,100,147.490,2021-02-25,13:59:59,00,";
var hq_str_sh603259="药明康德,149.780,148.320,147.310,150.730,146.320,147.310,147.350,12579441,1867507429.000,200,147.310,3300,147.300,100,147.290,100,147.270,200,147.260,100,147.350,400,147.390,13200,147.400,1600,147.500,500,147.510,2021-02-25,14:00:59,00,";
var hq_str_sh603259="药明康德,149.780,148.320,146.950,150.730,146.320,146.880,146.960,12664341,1879991673.000,300,146.880,100,146.860,6100,146.850,500,146.830,100,146.810,100,146.960,1700,146.970,100,146.990,13100,147.000,100,147.020,2021-02-25,14:01:58,00,";
var hq_str_sh603259="药明康德,149.780,148.320,146.860,150.730,146.320,146.890,147.000,12722449,1888530089.000,200,146.890,200,146.880,400,146.870,800,146.860,2400,146.850,19800,147.000,100,147.140,500,147.230,400,147.270,500,147.310,2021-02-25,14:02:59,00,";
var hq_str_sh603259="药明康德,149.780,148.320,146.860,150.730,146.320,146.850,146.860,12793649,1898992898.000,600,146.850,500,146.840,6900,146.830,200,146.820,1500,146.810,100,146.860,500,146.870,100,146.880,9400,146.900,400,146.930,2021-02-25,14:03:59,00,";
var hq_str_sh603259="药明康德,149.780,148.320,146.490,150.730,146.320,146.470,146.490,12931249,1919171438.000,800,146.470,300,146.350,500,146.340,1300,146.330,2200,146.320,500,146.490,1100,146.500,300,146.510,600,146.520,300,146.590,2021-02-25,14:04:59,00,";
var hq_str_sh603259="药明康德,149.780,148.320,146.280,150.730,146.280,146.290,146.300,12997349,1928844224.000,100,146.290,2200,146.280,100,146.270,200,146.250,300,146.230,1300,146.300,400,146.350,400,146.400,2300,146.470,400,146.580,2021-02-25,14:05:59,00,";
var hq_str_sh603259="药明康德,149.780,148.320,146.370,150.730,146.080,146.400,146.460,13051749,1936801408.000,100,146.400,1800,146.370,2100,146.350,200,146.330,200,146.320,200,146.460,500,146.470,300,146.480,500,146.500,300,146.550,2021-02-25,14:06:59,00,";
var hq_str_sh603259="药明康德,149.780,148.320,146.300,150.730,146.080,146.270,146.300,13120349,1946848366.000,100,146.270,500,146.240,600,146.230,900,146.220,800,146.200,1500,146.300,100,146.310,300,146.360,200,146.370,800,146.390,2021-02-25,14:07:59,00,";
var hq_str_sh603259="药明康德,149.780,148.320,146.010,150.730,146.010,146.010,146.030,13215149,1960695221.000,2700,146.010,81600,146.000,100,145.980,400,145.960,200,145.950,2600,146.030,300,146.040,200,146.050,300,146.080,1600,146.130,2021-02-25,14:08:59,00,";
var hq_str_sh603259="药明康德,149.780,148.320,146.080,150.730,146.000,146.080,146.200,13257269,1966846336.000,700,146.080,300,146.060,400,146.050,200,146.040,100,146.030,100,146.200,100,146.210,500,146.270,100,146.300,6100,146.400,2021-02-25,14:10:01,00,";
var hq_str_sh603259="药明康德,149.780,148.320,146.010,150.730,146.000,146.000,146.010,13414058,1989746862.000,27691,146.000,400,145.980,400,145.960,300,145.950,100,145.930,1400,146.010,1400,146.050,3000,146.060,1100,146.070,100,146.180,2021-02-25,14:10:59,00,";
var hq_str_sh603259="药明康德,149.780,148.320,146.040,150.730,145.980,146.060,146.080,13507889,2003447767.000,100,146.060,200,146.040,300,146.030,400,146.020,9200,146.010,100,146.080,100,146.200,100,146.210,500,146.280,5900,146.400,2021-02-25,14:11:59,00,";
var hq_str_sh603259="药明康德,149.780,148.320,145.670,150.730,145.660,145.660,145.670,13629389,2021177618.000,1700,145.660,2800,145.600,200,145.590,700,145.580,200,145.570,3800,145.670,7600,145.800,200,145.860,400,145.880,200,145.900,2021-02-25,14:12:59,00,";
var hq_str_sh603259="药明康德,149.780,148.320,146.070,150.730,145.660,146.050,146.070,13785989,2044036778.000,10100,146.050,100,146.040,200,146.030,1300,146.020,300,146.000,3000,146.070,100,146.490,8400,146.500,200,146.590,2200,146.600,2021-02-25,14:13:59,00,";
var hq_str_sh603259="药明康德,149.780,148.320,145.980,150.730,145.660,145.970,145.980,13859389,2054754571.000,300,145.970,400,145.960,1800,145.950,900,145.920,700,145.910,100,145.980,13900,146.000,4200,146.080,200,146.090,2400,146.100,2021-02-25,14:14:59,00,";
var hq_str_sh603259="药明康德,149.780,148.320,146.250,150.730,145.660,146.100,146.240,13918389,2063369940.000,600,146.100,1400,146.050,900,146.040,600,146.030,3300,146.020,100,146.240,100,146.260,1200,146.430,100,146.460,100,146.480,2021-02-25,14:15:59,00,";
var hq_str_sh603259="药明康德,149.780,148.320,146.260,150.730,145.660,146.200,146.260,13982389,2072723196.000,2200,146.200,200,146.120,100,146.070,600,146.030,300,146.020,200,146.260,100,146.420,2300,146.430,100,146.450,100,146.460,2021-02-25,14:16:59,00,";
var hq_str_sh603259="药明康德,149.780,148.320,146.470,150.730,145.660,146.390,146.470,14142269,2096128803.000,200,146.390,700,146.250,9100,146.240,600,146.210,25400,146.200,700,146.470,300,146.500,700,146.570,1200,146.580,4900,146.590,2021-02-25,14:17:59,00,";
var hq_str_sh603259="药明康德,149.780,148.320,146.500,150.730,145.660,146.580,146.600,14187669,2102780432.000,100,146.580,100,146.510,100,146.500,1200,146.480,1400,146.470,1700,146.600,100,146.690,14980,146.700,200,146.770,1200,146.800,2021-02-25,14:18:53,00,";
var hq_str_sh603259="药明康德,149.780,148.320,146.500,150.730,145.660,146.470,146.500,14254669,2112600407.000,1100,146.470,700,146.450,400,146.440,300,146.400,100,146.390,15000,146.500,200,146.530,200,146.600,800,146.650,100,146.660,2021-02-25,14:19:53,00,";
var hq_str_sh603259="药明康德,149.780,148.320,146.560,150.730,145.660,146.560,146.570,14316609,2121677548.000,100,146.560,1900,146.550,200,146.540,2000,146.530,100,146.510,1300,146.570,2100,146.600,300,146.610,200,146.630,200,146.650,2021-02-25,14:20:59,00,";
var hq_str_sh603259="药明康德,149.780,148.320,146.590,150.730,145.660,146.590,146.600,14391809,2132698811.000,400,146.590,200,146.580,300,146.570,1700,146.560,100,146.530,100,146.600,6580,146.700,200,146.770,600,146.790,1300,146.800,2021-02-25,14:21:59,00,";
var hq_str_sh603259="药明康德,149.780,148.320,146.420,150.730,145.660,146.420,146.540,14443609,2140290841.000,900,146.420,300,146.400,100,146.310,400,146.300,2200,146.250,100,146.540,300,146.550,400,146.560,400,146.590,800,146.600,2021-02-25,14:22:59,00,";
var hq_str_sh603259="药明康德,149.780,148.320,146.570,150.730,145.660,146.560,146.760,14493009,2147530695.000,100,146.560,3800,146.550,600,146.540,300,146.490,200,146.480,1200,146.760,300,146.790,2200,146.800,100,146.830,200,146.850,2021-02-25,14:23:59,00,";
var hq_str_sh603259="药明康德,149.780,148.320,146.630,150.730,145.660,146.590,146.630,14579409,2160200931.000,500,146.590,400,146.580,200,146.570,300,146.560,200,146.550,3600,146.630,1100,146.800,100,146.830,200,146.850,1500,146.880,2021-02-25,14:24:59,00,";
var hq_str_sh603259="药明康德,149.780,148.320,146.640,150.730,145.660,146.640,146.700,14654609,2171230425.000,100,146.640,13200,146.630,100,146.620,2300,146.600,100,146.590,300,146.700,100,146.720,1200,146.740,100,146.770,200,146.780,2021-02-25,14:25:59,00,";
var hq_str_sh603259="药明康德,149.780,148.320,146.570,150.730,145.660,146.540,146.580,14697909,2177578609.000,700,146.540,1200,146.530,1300,146.520,1300,146.510,1500,146.500,1700,146.580,2100,146.600,1800,146.630,200,146.640,800,146.670,2021-02-25,14:26:59,00,";
var hq_str_sh603259="药明康德,149.780,148.320,146.450,150.730,145.660,146.340,146.450,14759709,2186627839.000,1500,146.340,2400,146.330,700,146.320,10600,146.310,10800,146.300,400,146.450,1000,146.490,100,146.540,100,146.570,1100,146.600,2021-02-25,14:27:59,00,";
var hq_str_sh603259="药明康德,149.780,148.320,146.600,150.730,145.660,146.610,146.640,14816909,2195007984.000,600,146.610,400,146.600,200,146.510,400,146.500,1800,146.490,200,146.640,600,146.670,200,146.690,400,146.700,400,146.750,2021-02-25,14:28:59,00,";
var hq_str_sh603259="药明康德,149.780,148.320,146.600,150.730,145.660,146.580,146.600,14871509,2203011728.000,100,146.580,7200,146.560,200,146.550,200,146.520,12300,146.510,1800,146.600,1300,146.610,300,146.640,300,146.660,600,146.670,2021-02-25,14:29:59,00,";
var hq_str_sh603259="药明康德,149.780,148.320,146.700,150.730,145.660,146.600,146.700,14927189,2211174758.000,100,146.600,1300,146.580,1520,146.570,5200,146.560,300,146.550,300,146.700,1000,146.750,100,146.780,1300,146.800,100,146.830,2021-02-25,14:30:59,00,";
var hq_str_sh603259="药明康德,149.780,148.320,146.750,150.730,145.660,146.710,146.750,14997089,2221431095.000,1300,146.710,300,146.700,200,146.640,400,146.610,6000,146.600,4500,146.750,100,146.870,300,146.880,700,146.890,14100,146.900,2021-02-25,14:31:59,00,";
var hq_str_sh603259="药明康德,149.780,148.320,146.720,150.730,145.660,146.720,146.760,15059589,2230601405.000,800,146.720,9000,146.700,500,146.630,100,146.620,6100,146.600,700,146.760,100,146.790,1300,146.800,100,146.860,500,146.880,2021-02-25,14:32:59,00,";
var hq_str_sh603259="药明康德,149.780,148.320,146.500,150.730,145.660,146.500,146.600,15166089,2246213202.000,6100,146.500,1500,146.490,700,146.480,100,146.470,3200,146.450,4900,146.600,100,146.650,1000,146.680,2300,146.700,300,146.720,2021-02-25,14:33:59,00,";
var hq_str_sh603259="药明康德,149.780,148.320,146.700,150.730,145.660,146.650,146.690,15232089,2255886273.000,100,146.650,1800,146.600,1300,146.590,600,146.580,100,146.570,900,146.690,2400,146.700,300,146.720,100,146.750,200,146.760,2021-02-25,14:34:59,00,";
var hq_str_sh603259="药明康德,149.780,148.320,146.540,150.730,145.660,146.500,146.540,15301089,2266001613.000,5000,146.500,100,146.490,500,146.480,200,146.470,100,146.460,500,146.540,900,146.600,900,146.610,200,146.660,400,146.700,2021-02-25,14:35:59,00,";
var hq_str_sh603259="药明康德,149.780,148.320,146.540,150.730,145.660,146.540,146.630,15360489,2274707592.000,400,146.540,2200,146.530,1200,146.520,2300,146.510,9000,146.500,700,146.630,100,146.650,500,146.660,100,146.690,400,146.700,2021-02-25,14:36:59,00,";
var hq_str_sh603259="药明康德,149.780,148.320,146.500,150.730,145.660,146.500,146.550,15412389,2282312387.000,1400,146.500,1400,146.490,1000,146.480,200,146.470,100,146.460,300,146.550,100,146.560,100,146.590,1100,146.600,100,146.650,2021-02-25,14:37:59,00,";
var hq_str_sh603259="药明康德,149.780,148.320,146.400,150.730,145.660,146.380,146.400,15455589,2288638467.000,1400,146.380,200,146.370,100,146.360,700,146.340,400,146.330,300,146.400,100,146.420,600,146.500,500,146.510,300,146.540,2021-02-25,14:38:59,00,";
var hq_str_sh603259="药明康德,149.780,148.320,146.450,150.730,145.660,146.450,146.500,15508189,2296337676.000,1000,146.450,100,146.360,100,146.320,2400,146.310,11400,146.300,1296,146.500,100,146.510,200,146.540,940,146.600,500,146.690,2021-02-25,14:39:59,00,";
var hq_str_sh603259="药明康德,149.780,148.320,146.310,150.730,145.660,146.280,146.310,15573042,2305827547.000,900,146.280,200,146.260,2000,146.250,200,146.230,200,146.220,400,146.310,600,146.320,400,146.330,400,146.370,200,146.400,2021-02-25,14:40:59,00,";
var hq_str_sh603259="药明康德,149.780,148.320,146.340,150.730,145.660,146.260,146.360,15630962,2314300521.000,500,146.260,600,146.250,100,146.240,600,146.230,200,146.220,700,146.360,500,146.450,100,146.460,300,146.470,996,146.500,2021-02-25,14:41:59,00,";
var hq_str_sh603259="药明康德,149.780,148.320,146.510,150.730,145.660,146.510,146.800,15726562,2328312794.000,300,146.510,800,146.500,100,146.440,800,146.420,200,146.410,2400,146.800,500,146.840,600,146.930,5116,146.990,9100,147.000,2021-02-25,14:42:59,00,";
var hq_str_sh603259="药明康德,149.780,148.320,146.500,150.730,145.660,146.500,146.600,15831562,2343714874.000,200,146.500,200,146.470,900,146.460,1300,146.450,200,146.440,2400,146.600,400,146.900,100,146.950,300,146.970,700,146.980,2021-02-25,14:43:56,00,";
var hq_str_sh603259="药明康德,149.780,148.320,146.640,150.730,145.660,146.620,146.640,15896662,2353262888.000,100,146.620,12200,146.610,800,146.600,500,146.570,100,146.550,900,146.640,600,146.660,9700,146.700,700,146.720,100,146.750,2021-02-25,14:44:59,00,";
var hq_str_sh603259="药明康德,149.780,148.320,146.960,150.730,145.660,146.600,146.950,15993958,2367538885.000,2304,146.600,1000,146.580,800,146.530,1500,146.520,1600,146.510,1700,146.950,400,146.960,600,146.990,100,147.010,200,147.050,2021-02-25,14:45:59,00,";
var hq_str_sh603259="药明康德,149.780,148.320,146.950,150.730,145.660,146.880,146.950,16045158,2375062241.000,200,146.880,1200,146.870,1200,146.860,1200,146.850,600,146.810,300,146.950,2100,146.970,1900,147.000,200,147.050,500,147.060,2021-02-25,14:46:59,00,";
var hq_str_sh603259="药明康德,149.780,148.320,146.990,150.730,145.660,146.950,146.960,16088358,2381409644.000,100,146.950,900,146.910,300,146.900,200,146.880,100,146.870,1600,146.960,700,146.990,2280,147.000,600,147.050,600,147.060,2021-02-25,14:47:56,00,";
var hq_str_sh603259="药明康德,149.780,148.320,146.430,150.730,145.660,146.430,146.440,16133562,2388042533.000,400,146.430,700,146.410,1700,146.400,100,146.380,1300,146.350,1000,146.440,9,146.450,100,146.470,100,146.500,100,146.530,2021-02-25,14:48:59,00,";
var hq_str_sh603259="药明康德,149.780,148.320,146.500,150.730,145.660,146.350,146.500,16185288,2395618037.000,800,146.350,100,146.340,100,146.330,17,146.310,1800,146.300,132,146.500,100,146.550,27,146.680,500,146.780,400,146.800,2021-02-25,14:49:59,00,";
var hq_str_sh603259="药明康德,149.780,148.320,146.360,150.730,145.660,146.360,146.400,16235320,2402946030.000,3168,146.360,15900,146.350,300,146.340,1100,146.330,3617,146.300,500,146.400,800,146.440,200,146.460,200,146.500,400,146.660,2021-02-25,14:50:59,00,";
var hq_str_sh603259="药明康德,149.780,148.320,146.500,150.730,145.660,146.370,146.500,16285220,2410250919.000,100,146.370,1100,146.360,2900,146.350,200,146.340,1700,146.330,900,146.500,200,146.580,400,146.650,400,146.660,300,146.680,2021-02-25,14:51:59,00,";
var hq_str_sh603259="药明康德,149.780,148.320,146.200,150.730,145.660,146.200,146.220,16369720,2422613377.000,9517,146.200,400,146.190,200,146.180,1100,146.170,100,146.160,700,146.220,500,146.320,100,146.370,300,146.380,1800,146.400,2021-02-25,14:52:59,00,";
var hq_str_sh603259="药明康德,149.780,148.320,146.290,150.730,145.660,146.290,146.340,16444766,2433589730.000,2500,146.290,600,146.280,1693,146.250,1800,146.240,300,146.230,100,146.340,100,146.360,900,146.370,300,146.380,1900,146.400,2021-02-25,14:53:59,00,";
var hq_str_sh603259="药明康德,149.780,148.320,146.260,150.730,145.660,146.260,146.280,16507026,2442697316.000,40,146.260,800,146.250,493,146.230,700,146.220,2301,146.210,1400,146.280,800,146.290,1200,146.300,400,146.320,3200,146.330,2021-02-25,14:54:59,00,";
var hq_str_sh603259="药明康德,149.780,148.320,146.880,150.730,145.660,146.850,146.890,16558430,2450232735.000,200,146.850,400,146.840,500,146.800,2100,146.790,100,146.780,300,146.890,1200,146.900,200,146.920,4700,146.950,100,146.960,2021-02-25,14:55:59,00,";
var hq_str_sh603259="药明康德,149.780,148.320,146.800,150.730,145.660,146.460,146.800,16619230,2459155155.000,100,146.460,300,146.430,1100,146.420,100,146.410,700,146.400,2400,146.800,300,146.850,400,146.870,800,146.880,400,146.890,2021-02-25,14:56:59,00,";
var hq_str_sh603259="药明康德,149.780,148.320,146.800,150.730,145.660,147.000,147.000,16619330,2459169835.000,57400,147.000,0,0.000,0,0.000,0,0.000,0,0.000,57400,147.000,1120,0.000,0,0.000,0,0.000,0,0.000,2021-02-25,14:57:59,00,";
var hq_str_sh603259="药明康德,149.780,148.320,146.800,150.730,145.660,147.000,147.000,16619330,2459169835.000,74720,147.000,28180,0.000,0,0.000,0,0.000,0,0.000,74720,147.000,0,0.000,0,0.000,0,0.000,0,0.000,2021-02-25,14:58:59,00,";
